#!ascii label  , from subject FREESURFER vox2ras=TkReg 
897
83822  -4.769  -2.492  31.397 0.0000000000
83823  -5.580  -2.442  30.707 0.0000000000
83824  -5.988  -1.876  30.438 0.0000000000
83827  -5.654  -2.781  30.143 0.0000000000
83828  -6.025  -2.030  30.193 0.0000000000
83837  -5.871  -2.072  29.842 0.0000000000
84735  -8.566  -2.006  38.254 0.0000000000
84736  -9.595  -1.842  38.323 0.0000000000
84737  -10.510  -1.449  38.518 0.0000000000
84738  -11.157  -1.048  39.012 0.0000000000
84748  -6.662  -1.396  37.827 0.0000000000
84749  -7.777  -1.400  37.361 0.0000000000
84750  -8.969  -1.538  37.503 0.0000000000
84751  -9.917  -1.192  37.596 0.0000000000
84752  -10.476  -0.898  37.844 0.0000000000
84760  -7.922  -0.991  36.782 0.0000000000
84761  -8.490  -1.078  36.819 0.0000000000
84762  -9.313  -1.060  36.925 0.0000000000
84805  -3.878  -1.449  32.215 0.0000000000
84806  -4.556  -1.492  31.626 0.0000000000
84807  -5.380  -1.580  31.146 0.0000000000
84808  -5.898  -1.541  30.633 0.0000000000
84811  -6.090  -1.466  30.242 0.0000000000
84819  -5.575  -1.389  29.666 0.0000000000
84820  -6.047  -1.393  29.942 0.0000000000
85696  -10.840  -0.779  38.244 0.0000000000
85697  -11.232  -0.159  38.361 0.0000000000
85705  -5.134  -0.553  37.777 0.0000000000
85706  -5.911  -0.618  37.547 0.0000000000
85707  -6.723  -0.654  37.041 0.0000000000
85708  -7.489  -0.791  36.776 0.0000000000
85709  -10.311  -0.728  37.397 0.0000000000
85710  -10.710  -0.227  37.475 0.0000000000
85711  -11.081  0.209  37.756 0.0000000000
85720  -7.181  -0.216  36.569 0.0000000000
85721  -7.975  -0.447  36.431 0.0000000000
85722  -8.956  -0.482  36.415 0.0000000000
85723  -9.988  -0.420  36.808 0.0000000000
85724  -10.445  0.060  36.886 0.0000000000
85758  -3.566  -0.432  33.415 0.0000000000
85767  -3.752  -0.439  32.539 0.0000000000
85768  -4.270  -0.457  31.832 0.0000000000
85769  -5.207  -0.494  31.266 0.0000000000
85770  -5.793  -0.943  30.850 0.0000000000
85773  -5.791  -0.218  30.579 0.0000000000
85774  -6.048  -0.913  30.363 0.0000000000
85781  -5.106  -0.379  29.469 0.0000000000
85782  -5.892  -0.334  29.895 0.0000000000
85783  -6.124  -1.033  30.073 0.0000000000
86592  -11.260  0.688  37.979 0.0000000000
86600  -4.154  0.817  37.046 0.0000000000
86601  -4.634  0.306  37.211 0.0000000000
86602  -5.405  0.337  37.112 0.0000000000
86603  -6.080  -0.116  37.112 0.0000000000
86604  -10.674  0.336  36.945 0.0000000000
86605  -11.008  0.606  37.263 0.0000000000
86613  -3.984  0.354  36.736 0.0000000000
86614  -4.309  0.106  37.084 0.0000000000
86615  -5.735  0.961  36.739 0.0000000000
86616  -6.409  0.420  36.643 0.0000000000
86617  -7.424  0.498  36.144 0.0000000000
86618  -8.452  0.250  35.973 0.0000000000
86619  -9.425  0.285  36.077 0.0000000000
86620  -10.335  0.644  36.403 0.0000000000
86621  -10.771  0.692  36.793 0.0000000000
86629  -3.785  0.519  35.935 0.0000000000
86630  -8.066  1.000  35.736 0.0000000000
86631  -8.902  0.972  35.600 0.0000000000
86632  -9.742  1.081  35.769 0.0000000000
86633  -10.196  1.240  35.956 0.0000000000
86642  -3.598  0.560  34.930 0.0000000000
86653  -3.500  0.580  33.901 0.0000000000
86662  -3.600  0.589  32.926 0.0000000000
86672  -3.952  0.579  32.099 0.0000000000
86673  -4.716  0.578  31.535 0.0000000000
86674  -5.513  0.641  30.966 0.0000000000
86677  -5.799  0.709  30.278 0.0000000000
86687  -4.633  0.545  29.303 0.0000000000
86688  -5.276  0.644  29.608 0.0000000000
86689  -5.659  0.863  29.882 0.0000000000
87523  -4.148  1.297  36.945 0.0000000000
87524  -4.449  1.100  37.043 0.0000000000
87525  -4.826  0.838  37.116 0.0000000000
87526  -11.244  1.441  37.419 0.0000000000
87533  -3.910  1.450  36.525 0.0000000000
87534  -4.327  1.731  36.746 0.0000000000
87535  -5.078  1.470  36.774 0.0000000000
87536  -6.171  1.556  36.282 0.0000000000
87537  -6.785  1.013  36.185 0.0000000000
87538  -10.539  1.541  36.134 0.0000000000
87539  -10.940  1.271  36.667 0.0000000000
87546  -3.682  1.553  35.513 0.0000000000
87547  -6.583  2.031  35.871 0.0000000000
87548  -7.220  1.615  35.751 0.0000000000
87549  -8.351  1.765  35.407 0.0000000000
87550  -9.315  1.815  35.380 0.0000000000
87551  -10.101  1.780  35.649 0.0000000000
87561  -3.528  1.594  34.479 0.0000000000
87571  -3.548  1.645  33.428 0.0000000000
87577  -3.757  1.643  32.468 0.0000000000
87587  -4.312  1.600  31.773 0.0000000000
87588  -5.098  1.597  31.242 0.0000000000
87589  -5.624  1.617  30.578 0.0000000000
87600  -5.817  1.658  30.025 0.0000000000
87614  -4.352  1.146  29.151 0.0000000000
87615  -4.823  1.484  29.338 0.0000000000
87616  -5.406  1.612  29.686 0.0000000000
87631  -4.402  1.604  29.121 0.0000000000
88431  -11.292  2.368  37.730 0.0000000000
88437  -4.084  2.545  36.425 0.0000000000
88438  -4.635  2.537  36.448 0.0000000000
88439  -5.501  2.563  36.206 0.0000000000
88440  -6.220  2.350  35.957 0.0000000000
88441  -10.888  1.888  36.319 0.0000000000
88442  -11.232  2.313  36.682 0.0000000000
88451  -3.772  2.537  35.943 0.0000000000
88452  -6.111  2.954  35.820 0.0000000000
88453  -6.781  2.644  35.556 0.0000000000
88454  -7.764  2.606  35.266 0.0000000000
88455  -8.839  2.732  35.028 0.0000000000
88456  -9.869  2.733  35.187 0.0000000000
88457  -10.737  2.471  35.856 0.0000000000
88458  -11.138  2.822  36.201 0.0000000000
88468  -3.607  2.583  35.077 0.0000000000
88469  -9.460  3.225  34.923 0.0000000000
88470  -9.783  3.250  34.984 0.0000000000
88477  -3.600  2.657  34.059 0.0000000000
88485  -3.737  2.837  32.957 0.0000000000
88502  -3.948  2.652  31.971 0.0000000000
88503  -4.692  2.571  31.440 0.0000000000
88504  -5.359  2.537  30.866 0.0000000000
88519  -5.697  2.544  30.267 0.0000000000
88528  -5.143  2.461  29.444 0.0000000000
88529  -5.592  2.533  29.800 0.0000000000
88540  -4.199  2.391  28.858 0.0000000000
88541  -4.555  2.302  29.110 0.0000000000
89334  -11.428  3.272  37.135 0.0000000000
89346  -3.863  3.450  36.164 0.0000000000
89347  -4.279  3.428  36.315 0.0000000000
89348  -4.898  3.475  36.230 0.0000000000
89349  -11.281  3.173  36.446 0.0000000000
89363  -3.639  3.517  35.597 0.0000000000
89364  -5.641  3.589  35.871 0.0000000000
89365  -6.450  3.619  35.466 0.0000000000
89366  -7.294  3.477  35.149 0.0000000000
89367  -8.126  3.511  34.957 0.0000000000
89368  -10.007  3.309  35.030 0.0000000000
89369  -10.479  3.542  35.260 0.0000000000
89370  -11.114  3.374  35.891 0.0000000000
89382  -3.604  3.601  34.718 0.0000000000
89383  -8.962  3.712  34.736 0.0000000000
89384  -9.827  3.775  34.839 0.0000000000
89385  -10.304  4.085  34.943 0.0000000000
89394  -3.710  3.711  33.748 0.0000000000
89408  -3.807  3.919  32.969 0.0000000000
89426  -3.894  3.707  32.270 0.0000000000
89427  -4.397  3.590  31.614 0.0000000000
89428  -5.065  3.447  31.084 0.0000000000
89437  -5.481  3.416  30.517 0.0000000000
89445  -5.392  3.418  29.571 0.0000000000
89446  -5.730  3.479  30.003 0.0000000000
89456  -4.563  3.258  28.904 0.0000000000
89457  -4.991  3.347  29.189 0.0000000000
90241  -11.463  4.332  37.400 0.0000000000
90255  -3.690  4.314  35.997 0.0000000000
90256  -3.978  4.199  36.296 0.0000000000
90257  -4.463  4.239  36.239 0.0000000000
90258  -11.397  4.126  36.377 0.0000000000
90271  -3.563  4.501  35.315 0.0000000000
90272  -5.130  4.396  36.055 0.0000000000
90273  -5.963  4.540  35.604 0.0000000000
90274  -7.052  4.561  35.025 0.0000000000
90275  -7.671  4.025  34.946 0.0000000000
90276  -10.678  4.448  35.061 0.0000000000
90277  -11.076  4.254  35.538 0.0000000000
90285  -3.576  4.599  34.375 0.0000000000
90286  -7.603  5.110  34.784 0.0000000000
90287  -8.202  4.582  34.737 0.0000000000
90288  -9.322  4.612  34.627 0.0000000000
90289  -10.154  4.628  34.763 0.0000000000
90297  -3.646  4.667  33.421 0.0000000000
90304  -3.717  4.663  32.556 0.0000000000
90314  -4.013  4.594  31.774 0.0000000000
90315  -4.821  4.556  31.053 0.0000000000
90316  -5.279  3.987  30.749 0.0000000000
90324  -5.165  5.099  30.630 0.0000000000
90325  -5.486  4.519  30.337 0.0000000000
90332  -5.319  4.278  29.316 0.0000000000
90333  -5.557  4.364  29.710 0.0000000000
90342  -4.640  4.178  28.804 0.0000000000
90343  -4.995  4.268  28.938 0.0000000000
91198  -3.848  4.696  36.142 0.0000000000
91199  -4.115  4.887  36.263 0.0000000000
91200  -4.639  4.952  36.164 0.0000000000
91201  -11.679  5.269  36.716 0.0000000000
91206  -3.736  5.370  35.876 0.0000000000
91207  -4.395  5.661  36.048 0.0000000000
91208  -5.265  5.481  35.835 0.0000000000
91209  -6.318  5.570  35.350 0.0000000000
91210  -7.182  5.671  34.876 0.0000000000
91211  -11.055  4.837  35.222 0.0000000000
91212  -11.425  5.303  35.639 0.0000000000
91218  -3.515  5.518  34.960 0.0000000000
91219  -7.982  5.662  34.638 0.0000000000
91220  -8.880  5.554  34.524 0.0000000000
91221  -9.842  5.515  34.586 0.0000000000
91222  -10.826  5.418  34.850 0.0000000000
91223  -11.340  5.914  35.106 0.0000000000
91229  -3.568  5.553  33.968 0.0000000000
91234  -3.562  5.556  32.997 0.0000000000
91240  -3.655  5.539  32.105 0.0000000000
91241  -4.241  5.552  31.448 0.0000000000
91248  -4.852  5.662  30.860 0.0000000000
91249  -5.376  5.669  30.376 0.0000000000
91256  -5.478  4.888  29.462 0.0000000000
91257  -5.669  5.566  29.710 0.0000000000
91267  -4.989  5.181  28.778 0.0000000000
91268  -5.402  5.314  29.156 0.0000000000
91269  -5.578  5.745  29.344 0.0000000000
92081  -12.031  6.275  37.071 0.0000000000
92085  -11.993  6.185  36.160 0.0000000000
92086  -12.335  6.994  36.506 0.0000000000
92089  -3.693  6.484  35.337 0.0000000000
92090  -4.082  6.559  35.844 0.0000000000
92091  -4.828  6.588  35.776 0.0000000000
92092  -5.750  6.568  35.506 0.0000000000
92093  -6.685  6.576  35.092 0.0000000000
92094  -11.717  6.526  35.373 0.0000000000
92095  -12.232  6.948  35.837 0.0000000000
92098  -3.568  6.475  34.495 0.0000000000
92099  -7.562  6.571  34.701 0.0000000000
92100  -8.475  6.533  34.504 0.0000000000
92101  -9.419  6.486  34.456 0.0000000000
92102  -10.350  6.454  34.568 0.0000000000
92103  -11.162  6.499  34.794 0.0000000000
92105  -3.548  6.468  33.515 0.0000000000
92107  -3.587  6.454  32.577 0.0000000000
92109  -3.837  6.461  31.781 0.0000000000
92110  -4.447  6.520  31.205 0.0000000000
92113  -5.076  6.580  30.645 0.0000000000
92114  -5.619  6.595  30.159 0.0000000000
92116  -5.697  6.699  29.689 0.0000000000
92125  -5.009  5.935  28.691 0.0000000000
92126  -5.324  6.205  28.824 0.0000000000
92127  -5.591  6.329  29.265 0.0000000000
92988  -12.504  7.838  36.757 0.0000000000
92992  -3.856  7.475  35.538 0.0000000000
92993  -4.442  7.588  35.740 0.0000000000
92994  -5.288  7.593  35.612 0.0000000000
92995  -6.235  7.554  35.330 0.0000000000
92996  -7.119  7.514  34.888 0.0000000000
92997  -12.087  7.511  35.380 0.0000000000
92998  -12.498  7.707  35.982 0.0000000000
93002  -3.633  7.380  34.932 0.0000000000
93003  -8.019  7.493  34.545 0.0000000000
93004  -8.972  7.469  34.400 0.0000000000
93005  -9.924  7.437  34.365 0.0000000000
93006  -10.810  7.423  34.561 0.0000000000
93007  -11.553  7.390  34.884 0.0000000000
93010  -3.596  7.369  34.048 0.0000000000
93013  -3.590  7.370  33.065 0.0000000000
93016  -3.693  7.321  32.203 0.0000000000
93017  -4.091  7.360  31.600 0.0000000000
93020  -4.669  7.493  31.008 0.0000000000
93021  -5.306  7.530  30.430 0.0000000000
93024  -5.707  7.533  29.934 0.0000000000
93032  -5.266  7.159  28.767 0.0000000000
93033  -5.474  7.287  29.006 0.0000000000
93034  -5.599  7.442  29.440 0.0000000000
93881  -12.533  8.631  36.246 0.0000000000
93885  -3.716  8.096  35.213 0.0000000000
93886  -4.006  8.560  35.586 0.0000000000
93887  -4.867  8.603  35.711 0.0000000000
93888  -5.811  8.562  35.480 0.0000000000
93889  -6.711  8.458  35.094 0.0000000000
93890  -11.890  8.095  34.987 0.0000000000
93891  -12.265  8.501  35.446 0.0000000000
93895  -3.650  8.243  34.592 0.0000000000
93896  -3.724  8.680  35.078 0.0000000000
93897  -7.561  8.427  34.710 0.0000000000
93898  -8.496  8.459  34.465 0.0000000000
93899  -9.474  8.437  34.335 0.0000000000
93900  -10.412  8.412  34.383 0.0000000000
93901  -11.321  8.395  34.632 0.0000000000
93902  -11.893  8.742  34.910 0.0000000000
93905  -3.636  8.219  33.633 0.0000000000
93907  -3.746  8.358  32.544 0.0000000000
93908  -3.829  9.006  32.096 0.0000000000
93911  -3.841  7.885  31.926 0.0000000000
93912  -4.163  8.464  31.555 0.0000000000
93915  -4.902  8.487  30.731 0.0000000000
93916  -5.478  8.480  30.171 0.0000000000
93920  -5.623  8.425  29.636 0.0000000000
93931  -5.274  8.073  28.783 0.0000000000
93932  -5.451  8.189  28.883 0.0000000000
93933  -5.552  8.326  29.196 0.0000000000
94796  -12.532  9.595  36.560 0.0000000000
94800  -4.525  9.546  35.471 0.0000000000
94801  -5.387  9.554  35.483 0.0000000000
94802  -6.401  9.516  35.209 0.0000000000
94803  -7.145  9.148  34.878 0.0000000000
94804  -12.401  9.491  35.738 0.0000000000
94808  -3.706  8.861  34.749 0.0000000000
94809  -3.891  9.490  34.915 0.0000000000
94810  -7.147  9.843  34.840 0.0000000000
94811  -7.931  9.491  34.586 0.0000000000
94812  -9.004  9.448  34.327 0.0000000000
94813  -9.977  9.409  34.205 0.0000000000
94814  -10.880  9.387  34.351 0.0000000000
94815  -11.604  9.362  34.665 0.0000000000
94816  -12.124  9.389  35.071 0.0000000000
94820  -3.752  8.935  34.204 0.0000000000
94821  -3.937  9.742  33.812 0.0000000000
94825  -3.755  8.973  33.371 0.0000000000
94826  -3.876  9.562  32.703 0.0000000000
94830  -4.007  9.599  31.772 0.0000000000
94834  -4.522  9.484  31.027 0.0000000000
94835  -5.173  9.451  30.412 0.0000000000
94841  -5.580  9.405  29.857 0.0000000000
94851  -2.926  9.521  28.334 0.0000000000
94852  -5.520  8.950  28.864 0.0000000000
94853  -5.618  9.200  29.020 0.0000000000
94854  -5.633  9.305  29.366 0.0000000000
95622  -12.491  10.592  35.955 0.0000000000
95626  -4.379  10.282  35.122 0.0000000000
95627  -5.016  10.546  35.325 0.0000000000
95628  -5.820  10.419  35.276 0.0000000000
95629  -12.256  10.257  35.187 0.0000000000
95633  -4.233  10.808  34.420 0.0000000000
95634  -4.564  10.827  35.052 0.0000000000
95635  -6.682  10.537  34.935 0.0000000000
95636  -7.565  10.508  34.570 0.0000000000
95637  -8.546  10.591  34.240 0.0000000000
95638  -9.541  10.288  34.083 0.0000000000
95639  -10.467  10.511  34.045 0.0000000000
95640  -11.364  10.245  34.388 0.0000000000
95641  -11.904  10.016  34.748 0.0000000000
95645  -3.947  10.677  33.217 0.0000000000
95646  -8.795  11.215  33.907 0.0000000000
95647  -9.329  10.985  33.879 0.0000000000
95648  -9.867  10.792  33.897 0.0000000000
95651  -3.927  10.559  32.185 0.0000000000
95655  -4.292  10.467  31.349 0.0000000000
95662  -4.826  10.411  30.663 0.0000000000
95663  -5.352  10.394  30.086 0.0000000000
95672  -5.534  10.291  29.526 0.0000000000
95682  -3.461  10.460  28.340 0.0000000000
95683  -5.631  10.226  28.943 0.0000000000
95684  -5.618  10.056  29.150 0.0000000000
96422  -12.495  11.555  35.721 0.0000000000
96431  -5.321  11.093  35.200 0.0000000000
96432  -5.511  10.873  35.255 0.0000000000
96433  -12.387  11.227  35.131 0.0000000000
96437  -4.462  12.009  34.270 0.0000000000
96438  -4.896  11.511  34.985 0.0000000000
96439  -5.917  11.368  35.018 0.0000000000
96440  -7.175  11.512  34.475 0.0000000000
96441  -7.877  11.064  34.314 0.0000000000
96442  -10.641  11.203  33.871 0.0000000000
96443  -11.215  11.356  34.051 0.0000000000
96444  -11.948  10.837  34.589 0.0000000000
96448  -4.143  11.729  33.535 0.0000000000
96449  -7.558  12.047  34.063 0.0000000000
96450  -8.178  11.633  33.944 0.0000000000
96451  -9.121  11.686  33.689 0.0000000000
96452  -10.081  11.420  33.747 0.0000000000
96453  -10.694  11.552  33.790 0.0000000000
96458  -4.008  11.567  32.564 0.0000000000
96464  -4.124  11.418  31.660 0.0000000000
96472  -4.497  11.302  30.918 0.0000000000
96473  -5.005  11.330  30.329 0.0000000000
96478  -5.333  11.379  29.720 0.0000000000
96483  -2.717  11.320  27.984 0.0000000000
96484  -3.195  11.290  28.112 0.0000000000
96485  -5.576  11.641  28.808 0.0000000000
96486  -5.498  11.212  29.112 0.0000000000
96495  -2.854  11.873  27.888 0.0000000000
96496  -3.432  12.000  28.034 0.0000000000
97277  -12.445  12.191  35.166 0.0000000000
97286  -4.576  12.726  34.163 0.0000000000
97287  -4.862  12.493  34.515 0.0000000000
97288  -5.496  12.372  34.688 0.0000000000
97289  -6.362  12.353  34.528 0.0000000000
97290  -11.484  12.332  33.983 0.0000000000
97291  -12.027  11.967  34.456 0.0000000000
97296  -4.332  12.654  33.697 0.0000000000
97297  -7.111  12.494  34.171 0.0000000000
97298  -7.784  12.585  33.825 0.0000000000
97299  -8.665  12.533  33.615 0.0000000000
97300  -9.669  12.440  33.513 0.0000000000
97301  -10.720  12.253  33.666 0.0000000000
97309  -4.164  12.558  32.865 0.0000000000
97316  -4.045  12.413  31.931 0.0000000000
97322  -4.297  12.184  31.144 0.0000000000
97323  -4.672  11.994  30.605 0.0000000000
97326  -4.515  12.685  30.655 0.0000000000
97327  -5.011  12.450  30.078 0.0000000000
97331  -5.081  12.252  28.595 0.0000000000
97332  -5.415  12.591  29.306 0.0000000000
97339  -2.345  12.464  27.608 0.0000000000
97340  -3.068  12.667  27.783 0.0000000000
97341  -5.560  12.738  28.682 0.0000000000
98063  -12.507  12.933  35.391 0.0000000000
98077  -4.771  13.066  34.257 0.0000000000
98078  -5.149  13.158  34.439 0.0000000000
98079  -5.891  13.271  34.439 0.0000000000
98080  -6.592  13.040  34.250 0.0000000000
98081  -11.847  12.714  34.138 0.0000000000
98082  -12.243  13.191  34.527 0.0000000000
98094  -4.504  13.313  33.941 0.0000000000
98095  -6.443  13.633  34.178 0.0000000000
98096  -7.141  13.405  33.913 0.0000000000
98097  -8.110  13.461  33.640 0.0000000000
98098  -9.119  13.434  33.413 0.0000000000
98099  -10.205  13.381  33.410 0.0000000000
98100  -11.392  13.372  33.749 0.0000000000
98101  -12.010  14.111  33.960 0.0000000000
98107  -4.294  13.490  33.199 0.0000000000
98110  -4.047  13.459  32.242 0.0000000000
98113  -4.108  13.287  31.216 0.0000000000
98117  -4.629  13.521  30.408 0.0000000000
98118  -5.140  13.622  29.692 0.0000000000
98122  -5.319  13.267  28.782 0.0000000000
98123  -5.505  13.899  29.123 0.0000000000
98129  -1.791  13.065  27.228 0.0000000000
98130  -2.474  13.358  27.433 0.0000000000
98131  -3.251  13.557  27.685 0.0000000000
98132  -5.504  13.784  28.606 0.0000000000
98817  -4.805  13.584  34.194 0.0000000000
98818  -5.246  14.044  34.269 0.0000000000
98819  -5.996  14.133  34.254 0.0000000000
98820  -12.347  14.443  34.504 0.0000000000
98833  -4.557  14.252  33.751 0.0000000000
98834  -4.977  14.920  34.042 0.0000000000
98835  -6.602  14.257  33.989 0.0000000000
98836  -7.436  14.379  33.717 0.0000000000
98837  -8.492  14.417  33.479 0.0000000000
98838  -9.553  14.407  33.350 0.0000000000
98839  -10.588  14.433  33.438 0.0000000000
98840  -11.431  14.645  33.675 0.0000000000
98841  -11.998  14.982  33.945 0.0000000000
98850  -4.074  14.997  32.202 0.0000000000
98851  -4.143  14.676  32.582 0.0000000000
98854  -4.000  14.975  31.898 0.0000000000
98855  -3.955  14.309  31.662 0.0000000000
98858  -3.921  14.981  31.345 0.0000000000
98859  -4.103  14.513  30.785 0.0000000000
98864  -4.770  14.573  30.060 0.0000000000
98865  -5.293  14.733  29.423 0.0000000000
98869  -5.420  14.183  28.726 0.0000000000
98870  -5.534  15.043  28.822 0.0000000000
98876  -1.806  13.977  26.960 0.0000000000
98877  -2.585  14.249  27.289 0.0000000000
98878  -3.367  14.505  27.563 0.0000000000
98879  -5.501  14.973  28.420 0.0000000000
98880  -5.408  15.755  28.345 0.0000000000
98885  -1.528  14.682  26.583 0.0000000000
99519  -5.676  14.811  34.128 0.0000000000
99520  -6.181  14.643  34.106 0.0000000000
99521  -12.324  15.441  34.285 0.0000000000
99532  -4.543  15.558  33.370 0.0000000000
99533  -5.375  15.721  33.888 0.0000000000
99534  -6.517  15.308  33.884 0.0000000000
99535  -7.815  15.409  33.589 0.0000000000
99536  -8.927  15.401  33.373 0.0000000000
99537  -9.955  15.377  33.308 0.0000000000
99538  -10.861  15.420  33.442 0.0000000000
99539  -11.569  15.534  33.642 0.0000000000
99540  -12.031  15.678  33.817 0.0000000000
99554  -4.037  15.337  32.146 0.0000000000
99555  -4.143  15.671  32.604 0.0000000000
99568  -3.864  15.573  31.577 0.0000000000
99575  -3.830  15.559  30.893 0.0000000000
99576  -4.332  15.495  30.301 0.0000000000
99580  -4.898  15.560  29.691 0.0000000000
99581  -5.389  15.731  29.146 0.0000000000
99587  -5.434  16.068  28.578 0.0000000000
99592  -2.025  14.751  26.924 0.0000000000
99593  -2.617  15.188  27.099 0.0000000000
99594  -3.461  15.394  27.414 0.0000000000
99595  -5.411  16.201  27.930 0.0000000000
99596  -5.537  16.532  28.074 0.0000000000
99601  -1.765  15.460  26.548 0.0000000000
99602  -2.313  15.956  26.785 0.0000000000
100275  -4.908  16.927  33.482 0.0000000000
100276  -6.034  16.657  33.760 0.0000000000
100277  -7.192  16.470  33.569 0.0000000000
100278  -8.348  16.435  33.398 0.0000000000
100279  -9.416  16.350  33.230 0.0000000000
100280  -10.375  16.249  33.222 0.0000000000
100281  -11.199  16.255  33.389 0.0000000000
100282  -11.767  16.180  33.618 0.0000000000
100283  -12.205  16.257  33.876 0.0000000000
100291  -3.898  16.105  32.057 0.0000000000
100292  -4.098  16.637  32.769 0.0000000000
100305  -3.680  16.528  31.216 0.0000000000
100306  -3.786  16.902  31.984 0.0000000000
100319  -3.961  16.383  30.408 0.0000000000
100320  -4.409  16.357  29.848 0.0000000000
100326  -4.957  16.475  29.307 0.0000000000
100327  -5.344  16.504  28.854 0.0000000000
100332  -5.457  16.908  28.393 0.0000000000
100339  -2.893  15.892  27.059 0.0000000000
100340  -5.183  16.853  27.628 0.0000000000
100341  -5.259  17.082  27.636 0.0000000000
100342  -5.480  17.312  27.893 0.0000000000
100351  -1.811  16.484  26.338 0.0000000000
100352  -2.650  16.695  26.753 0.0000000000
100353  -4.979  17.327  27.398 0.0000000000
100354  -5.022  17.647  27.376 0.0000000000
101029  -4.883  18.236  33.367 0.0000000000
101030  -5.715  17.810  33.548 0.0000000000
101031  -6.759  17.574  33.498 0.0000000000
101032  -7.812  17.417  33.313 0.0000000000
101033  -8.915  17.493  33.002 0.0000000000
101034  -9.984  17.093  32.960 0.0000000000
101035  -10.841  16.969  33.097 0.0000000000
101036  -11.678  17.147  33.462 0.0000000000
101037  -12.318  16.901  34.043 0.0000000000
101045  -4.231  17.758  32.982 0.0000000000
101046  -9.224  18.156  32.726 0.0000000000
101047  -9.802  17.906  32.736 0.0000000000
101048  -10.588  17.653  32.878 0.0000000000
101049  -11.107  17.457  33.072 0.0000000000
101057  -3.789  17.770  31.446 0.0000000000
101058  -3.919  17.488  32.317 0.0000000000
101072  -3.768  17.511  30.289 0.0000000000
101073  -4.051  16.890  29.968 0.0000000000
101086  -3.961  17.999  29.637 0.0000000000
101087  -4.400  17.378  29.481 0.0000000000
101088  -5.109  17.346  28.821 0.0000000000
101092  -5.375  17.732  28.210 0.0000000000
101095  -5.188  17.802  27.560 0.0000000000
101096  -5.363  17.944  27.859 0.0000000000
101100  -2.000  17.554  26.248 0.0000000000
101101  -2.815  17.719  26.595 0.0000000000
101102  -4.878  18.009  27.225 0.0000000000
101103  -5.118  18.036  27.134 0.0000000000
101754  -4.914  19.188  33.225 0.0000000000
101755  -5.549  18.845  33.383 0.0000000000
101756  -6.418  18.557  33.386 0.0000000000
101757  -7.481  18.485  33.146 0.0000000000
101758  -8.198  18.001  33.059 0.0000000000
101759  -11.872  18.382  33.305 0.0000000000
101760  -12.308  17.806  33.911 0.0000000000
101767  -4.447  18.800  32.852 0.0000000000
101768  -7.916  19.057  32.841 0.0000000000
101769  -8.601  18.601  32.751 0.0000000000
101770  -9.614  18.656  32.569 0.0000000000
101771  -10.510  18.463  32.676 0.0000000000
101772  -11.229  18.046  32.992 0.0000000000
101779  -3.846  18.974  31.469 0.0000000000
101780  -4.030  18.366  32.237 0.0000000000
101790  -3.688  18.676  30.626 0.0000000000
101804  -3.713  18.615  29.809 0.0000000000
101805  -4.310  18.574  29.123 0.0000000000
101806  -4.731  17.942  28.963 0.0000000000
101817  -4.641  19.068  28.631 0.0000000000
101818  -4.978  18.492  28.472 0.0000000000
101821  -5.250  18.221  27.647 0.0000000000
101822  -5.388  18.555  28.082 0.0000000000
101826  -2.309  18.612  26.250 0.0000000000
101827  -4.830  18.501  27.038 0.0000000000
101828  -4.963  18.526  27.155 0.0000000000
101829  -5.133  18.456  27.416 0.0000000000
101830  -5.242  18.519  27.626 0.0000000000
102488  -4.934  19.652  33.190 0.0000000000
102489  -5.334  19.693  33.228 0.0000000000
102490  -6.233  19.520  33.182 0.0000000000
102491  -6.851  19.037  33.167 0.0000000000
102492  -11.922  19.019  33.229 0.0000000000
102493  -12.274  19.105  33.742 0.0000000000
102496  -4.636  19.813  32.901 0.0000000000
102497  -4.981  19.906  33.189 0.0000000000
102498  -6.664  19.978  32.916 0.0000000000
102499  -7.284  19.566  32.861 0.0000000000
102500  -8.289  19.570  32.574 0.0000000000
102501  -9.245  19.471  32.394 0.0000000000
102502  -10.290  19.401  32.438 0.0000000000
102503  -11.404  19.168  32.824 0.0000000000
102504  -11.925  19.416  33.195 0.0000000000
102509  -3.913  19.947  31.529 0.0000000000
102510  -4.154  19.408  32.214 0.0000000000
102519  -3.681  19.699  30.805 0.0000000000
102529  -3.518  19.526  30.046 0.0000000000
102530  -3.853  19.518  29.381 0.0000000000
102543  -4.355  19.650  28.768 0.0000000000
102544  -4.874  19.573  28.340 0.0000000000
102552  -5.237  19.291  28.021 0.0000000000
102555  -1.915  19.664  25.935 0.0000000000
102556  -2.770  19.534  26.291 0.0000000000
102557  -4.968  19.042  27.107 0.0000000000
102558  -5.146  19.139  27.286 0.0000000000
102559  -5.226  18.949  27.612 0.0000000000
103209  -5.390  20.015  33.170 0.0000000000
103210  -5.655  19.996  33.139 0.0000000000
103211  -12.412  20.350  34.133 0.0000000000
103215  -4.745  20.479  32.687 0.0000000000
103216  -5.252  20.324  33.025 0.0000000000
103217  -6.163  20.366  32.910 0.0000000000
103218  -6.997  20.455  32.708 0.0000000000
103219  -7.883  20.452  32.453 0.0000000000
103220  -8.811  20.298  32.252 0.0000000000
103221  -9.857  20.389  32.111 0.0000000000
103222  -10.962  20.322  32.374 0.0000000000
103223  -12.009  20.368  33.009 0.0000000000
103227  -3.965  20.532  31.528 0.0000000000
103228  -4.317  20.519  32.107 0.0000000000
103229  -8.454  20.923  32.229 0.0000000000
103230  -9.137  21.051  32.003 0.0000000000
103231  -9.885  21.242  31.811 0.0000000000
103237  -3.755  20.545  31.034 0.0000000000
103245  -3.550  20.557  30.225 0.0000000000
103246  -3.605  20.207  29.614 0.0000000000
103258  -3.591  20.907  29.557 0.0000000000
103259  -3.884  20.567  28.979 0.0000000000
103260  -4.586  20.616  28.339 0.0000000000
103272  -5.044  20.284  27.913 0.0000000000
103274  -2.014  20.325  25.897 0.0000000000
103275  -2.499  20.497  26.031 0.0000000000
103276  -3.299  20.370  26.338 0.0000000000
103277  -5.097  20.028  27.250 0.0000000000
103278  -5.142  19.791  27.543 0.0000000000
103282  -2.112  20.660  25.850 0.0000000000
103881  -4.921  21.194  32.536 0.0000000000
103882  -5.796  21.128  32.669 0.0000000000
103883  -6.604  21.098  32.598 0.0000000000
103884  -7.371  21.228  32.429 0.0000000000
103885  -7.987  21.166  32.302 0.0000000000
103886  -10.543  21.081  31.974 0.0000000000
103887  -11.380  21.606  32.242 0.0000000000
103888  -12.090  21.676  32.880 0.0000000000
103892  -3.969  21.120  31.439 0.0000000000
103893  -4.408  21.607  31.889 0.0000000000
103894  -7.789  21.569  32.255 0.0000000000
103895  -8.386  21.623  32.026 0.0000000000
103896  -9.357  21.856  31.648 0.0000000000
103897  -10.444  21.954  31.650 0.0000000000
103898  -11.148  22.367  31.763 0.0000000000
103902  -3.711  21.430  30.712 0.0000000000
103907  -3.506  21.627  29.901 0.0000000000
103915  -3.585  21.604  29.106 0.0000000000
103916  -4.164  21.549  28.463 0.0000000000
103917  -4.559  21.316  28.145 0.0000000000
103931  -4.488  21.814  28.043 0.0000000000
103932  -4.727  21.265  27.803 0.0000000000
103943  -2.619  20.976  25.962 0.0000000000
103944  -2.985  21.070  26.067 0.0000000000
103945  -4.811  21.048  27.193 0.0000000000
103946  -4.814  20.984  27.359 0.0000000000
103951  -2.359  21.325  25.719 0.0000000000
103952  -3.233  21.853  25.928 0.0000000000
103953  -4.736  22.424  26.393 0.0000000000
104491  -4.842  22.081  32.261 0.0000000000
104492  -5.537  21.965  32.462 0.0000000000
104493  -6.401  21.797  32.487 0.0000000000
104494  -6.939  21.597  32.445 0.0000000000
104501  -3.983  22.051  31.261 0.0000000000
104502  -4.463  22.652  31.714 0.0000000000
104503  -5.231  22.801  32.214 0.0000000000
104504  -6.190  22.670  32.325 0.0000000000
104505  -7.367  22.211  32.136 0.0000000000
104506  -8.553  22.555  31.583 0.0000000000
104507  -9.717  22.878  31.290 0.0000000000
104508  -10.819  22.887  31.460 0.0000000000
104514  -3.698  22.696  30.477 0.0000000000
104515  -3.998  22.753  31.194 0.0000000000
104518  -3.463  22.595  29.410 0.0000000000
104522  -3.698  22.466  28.630 0.0000000000
104523  -4.178  22.425  28.070 0.0000000000
104531  -4.541  22.179  27.545 0.0000000000
104532  -4.717  21.587  27.472 0.0000000000
104544  -4.649  22.051  27.266 0.0000000000
104545  -4.705  21.818  27.324 0.0000000000
104555  -2.748  22.500  25.493 0.0000000000
104556  -4.659  23.133  26.100 0.0000000000
104557  -4.515  22.754  26.180 0.0000000000
105068  -4.880  23.617  31.805 0.0000000000
105069  -5.798  23.571  32.030 0.0000000000
105070  -6.817  23.399  31.861 0.0000000000
105071  -7.814  23.311  31.535 0.0000000000
105072  -8.733  23.562  31.161 0.0000000000
105073  -9.581  23.704  30.963 0.0000000000
105074  -10.477  23.828  31.047 0.0000000000
105081  -3.765  23.868  30.440 0.0000000000
105082  -4.140  23.558  31.166 0.0000000000
105083  -9.141  24.143  30.833 0.0000000000
105084  -9.821  24.246  30.749 0.0000000000
105085  -10.266  24.346  30.787 0.0000000000
105089  -3.545  23.668  29.694 0.0000000000
105093  -3.451  23.538  28.750 0.0000000000
105094  -3.756  23.109  28.183 0.0000000000
105097  -3.631  23.796  28.064 0.0000000000
105098  -4.106  23.346  27.655 0.0000000000
105103  -4.488  23.165  27.232 0.0000000000
105110  -2.275  23.117  25.056 0.0000000000
105111  -4.761  23.823  25.877 0.0000000000
105112  -4.577  23.043  27.010 0.0000000000
105118  -2.389  23.921  24.802 0.0000000000
105119  -2.938  24.308  24.903 0.0000000000
105608  -4.636  24.516  31.391 0.0000000000
105609  -5.429  24.384  31.678 0.0000000000
105610  -6.357  24.288  31.640 0.0000000000
105611  -7.398  24.257  31.347 0.0000000000
105612  -8.064  23.916  31.243 0.0000000000
105613  -10.577  24.532  30.846 0.0000000000
105619  -3.704  24.704  29.982 0.0000000000
105620  -4.036  24.683  30.783 0.0000000000
105621  -7.647  24.762  31.065 0.0000000000
105622  -8.307  24.536  30.941 0.0000000000
105623  -9.283  24.783  30.611 0.0000000000
105624  -10.133  24.853  30.621 0.0000000000
105625  -10.719  25.022  30.760 0.0000000000
105628  -3.467  24.609  29.144 0.0000000000
105631  -3.500  24.562  28.342 0.0000000000
105634  -3.755  24.440  27.700 0.0000000000
105635  -4.196  24.213  27.319 0.0000000000
105639  -4.406  23.891  27.132 0.0000000000
105643  -4.696  24.282  25.694 0.0000000000
105644  -4.571  24.473  25.788 0.0000000000
105650  -2.513  24.761  24.560 0.0000000000
105651  -3.146  24.909  24.778 0.0000000000
105652  -4.711  24.675  25.698 0.0000000000
106134  -5.145  25.115  31.458 0.0000000000
106135  -5.925  25.068  31.435 0.0000000000
106136  -6.826  24.940  31.254 0.0000000000
106137  -7.349  24.844  31.128 0.0000000000
106147  -3.855  25.749  30.351 0.0000000000
106148  -4.522  25.604  31.060 0.0000000000
106149  -5.457  25.813  31.196 0.0000000000
106150  -6.437  25.741  31.082 0.0000000000
106151  -7.536  25.413  30.861 0.0000000000
106152  -8.658  25.498  30.502 0.0000000000
106153  -9.644  25.568  30.365 0.0000000000
106154  -10.508  25.622  30.501 0.0000000000
106159  -3.578  25.626  29.505 0.0000000000
106162  -3.440  25.554  28.650 0.0000000000
106165  -3.506  25.411  27.897 0.0000000000
106166  -3.828  25.276  27.385 0.0000000000
106169  -4.055  24.958  27.129 0.0000000000
106172  -4.661  25.415  25.766 0.0000000000
106177  -2.786  25.528  24.419 0.0000000000
106178  -3.492  25.588  24.741 0.0000000000
106179  -4.714  25.223  25.669 0.0000000000
106691  -3.870  26.476  30.276 0.0000000000
106692  -4.218  26.502  30.557 0.0000000000
106693  -4.970  26.561  30.790 0.0000000000
106694  -5.925  26.581  30.842 0.0000000000
106695  -6.985  26.530  30.667 0.0000000000
106696  -8.111  26.490  30.382 0.0000000000
106697  -9.102  26.325  30.175 0.0000000000
106698  -10.115  26.486  30.140 0.0000000000
106711  -3.693  26.529  29.846 0.0000000000
106712  -8.697  26.962  30.102 0.0000000000
106713  -9.383  27.094  29.950 0.0000000000
106714  -10.079  27.299  29.908 0.0000000000
106723  -3.456  26.578  29.040 0.0000000000
106727  -3.413  26.528  28.073 0.0000000000
106728  -3.588  26.108  27.525 0.0000000000
106731  -3.556  26.862  27.408 0.0000000000
106732  -3.749  26.439  27.034 0.0000000000
106735  -4.498  26.568  25.582 0.0000000000
106736  -5.118  28.014  25.082 0.0000000000
106739  -2.348  26.086  24.043 0.0000000000
106740  -3.200  26.399  24.285 0.0000000000
106741  -4.836  26.638  25.339 0.0000000000
106742  -5.167  27.981  24.699 0.0000000000
106747  -2.533  26.837  23.804 0.0000000000
106748  -3.200  27.168  23.921 0.0000000000
107281  -3.904  27.063  30.205 0.0000000000
107282  -4.472  27.448  30.409 0.0000000000
107283  -5.384  27.358  30.577 0.0000000000
107284  -6.371  27.378  30.521 0.0000000000
107285  -7.522  27.535  30.223 0.0000000000
107286  -8.243  27.184  30.154 0.0000000000
107287  -10.694  27.283  30.147 0.0000000000
107301  -3.691  27.614  29.575 0.0000000000
107302  -3.953  27.669  30.178 0.0000000000
107303  -7.886  28.115  29.812 0.0000000000
107304  -8.593  27.726  29.816 0.0000000000
107305  -9.647  27.843  29.684 0.0000000000
107306  -10.442  27.892  29.818 0.0000000000
107307  -10.910  27.857  30.026 0.0000000000
107320  -3.459  27.573  28.536 0.0000000000
107329  -3.459  27.610  27.637 0.0000000000
107332  -3.619  27.621  26.892 0.0000000000
107333  -4.097  27.861  26.260 0.0000000000
107336  -4.783  28.242  25.449 0.0000000000
107337  -5.176  28.275  25.018 0.0000000000
107339  -3.835  27.181  24.210 0.0000000000
107340  -5.298  28.075  24.215 0.0000000000
107341  -5.197  28.307  24.492 0.0000000000
107345  -2.816  27.669  23.555 0.0000000000
107346  -3.585  27.813  23.779 0.0000000000
107347  -5.181  28.576  23.963 0.0000000000
107348  -5.140  28.326  24.130 0.0000000000
107837  -4.490  27.961  30.337 0.0000000000
107838  -4.887  28.022  30.402 0.0000000000
107839  -5.770  28.094  30.407 0.0000000000
107840  -6.633  28.113  30.284 0.0000000000
107850  -3.784  28.482  29.523 0.0000000000
107851  -4.214  28.357  30.099 0.0000000000
107852  -5.191  28.723  30.144 0.0000000000
107853  -6.177  28.789  30.072 0.0000000000
107854  -7.249  28.623  29.844 0.0000000000
107855  -8.199  28.632  29.487 0.0000000000
107856  -9.157  28.581  29.421 0.0000000000
107857  -10.125  28.592  29.473 0.0000000000
107858  -11.049  28.557  29.811 0.0000000000
107869  -3.592  28.524  28.919 0.0000000000
107881  -3.413  28.553  27.985 0.0000000000
107891  -3.454  28.545  27.034 0.0000000000
107892  -3.855  28.509  26.307 0.0000000000
107895  -4.393  28.621  25.715 0.0000000000
107896  -4.850  28.736  25.142 0.0000000000
107897  -5.003  29.009  25.158 0.0000000000
107900  -5.047  28.772  24.745 0.0000000000
107901  -5.102  29.046  24.813 0.0000000000
107907  -3.260  28.449  23.373 0.0000000000
107908  -5.056  29.279  23.670 0.0000000000
107909  -5.138  28.966  24.067 0.0000000000
108434  -3.825  29.358  29.381 0.0000000000
108435  -4.637  29.387  29.736 0.0000000000
108436  -5.591  29.499  29.791 0.0000000000
108437  -6.596  29.507  29.647 0.0000000000
108438  -7.675  29.596  29.255 0.0000000000
108439  -8.703  29.318  29.169 0.0000000000
108440  -9.631  29.484  29.155 0.0000000000
108441  -10.629  29.366  29.395 0.0000000000
108442  -11.210  29.379  29.670 0.0000000000
108450  -3.555  29.494  28.430 0.0000000000
108451  -7.942  30.124  28.873 0.0000000000
108452  -8.500  29.934  28.924 0.0000000000
108453  -9.053  29.768  29.010 0.0000000000
108462  -3.443  29.553  27.389 0.0000000000
108475  -3.672  29.511  26.227 0.0000000000
108476  -4.019  29.012  25.856 0.0000000000
108484  -3.887  30.011  25.649 0.0000000000
108485  -4.426  29.538  25.258 0.0000000000
108486  -4.948  29.061  24.862 0.0000000000
108487  -5.215  29.038  25.051 0.0000000000
108490  -4.684  29.991  24.629 0.0000000000
108491  -4.915  29.475  24.445 0.0000000000
108492  -4.970  29.127  24.623 0.0000000000
108495  -3.006  29.105  22.978 0.0000000000
108496  -4.914  29.910  23.300 0.0000000000
108497  -4.930  29.868  23.459 0.0000000000
108498  -5.033  29.644  23.876 0.0000000000
108511  -4.928  30.153  23.103 0.0000000000
109106  -3.860  29.943  29.276 0.0000000000
109107  -4.168  30.132  29.420 0.0000000000
109108  -5.016  30.155  29.482 0.0000000000
109109  -5.988  30.275  29.415 0.0000000000
109110  -6.847  30.124  29.281 0.0000000000
109111  -9.738  29.945  29.005 0.0000000000
109112  -10.210  30.012  29.050 0.0000000000
109120  -3.731  30.260  28.943 0.0000000000
109121  -4.047  30.823  29.195 0.0000000000
109122  -6.573  30.642  29.087 0.0000000000
109123  -7.380  30.518  28.901 0.0000000000
109124  -8.268  30.552  28.665 0.0000000000
109125  -9.370  30.330  28.781 0.0000000000
109126  -10.431  30.780  28.749 0.0000000000
109134  -3.491  30.639  27.915 0.0000000000
109144  -3.461  30.555  26.767 0.0000000000
109156  -3.599  30.528  25.893 0.0000000000
109157  -3.986  30.525  25.300 0.0000000000
109163  -4.445  30.539  24.721 0.0000000000
109164  -4.830  30.500  24.195 0.0000000000
109169  -4.966  30.366  23.238 0.0000000000
109170  -4.972  30.391  23.572 0.0000000000
109776  -4.580  30.696  29.279 0.0000000000
109777  -5.279  30.864  29.230 0.0000000000
109778  -6.018  30.946  29.099 0.0000000000
109787  -3.815  31.195  28.619 0.0000000000
109788  -4.588  31.376  28.910 0.0000000000
109789  -5.603  31.480  28.818 0.0000000000
109790  -6.652  31.304  28.734 0.0000000000
109791  -7.721  31.272  28.476 0.0000000000
109792  -8.734  31.255  28.399 0.0000000000
109793  -9.720  31.378  28.429 0.0000000000
109803  -3.618  31.668  27.950 0.0000000000
109811  -3.533  31.589  27.117 0.0000000000
109822  -3.436  31.501  26.079 0.0000000000
109823  -3.626  31.138  25.465 0.0000000000
110426  -4.102  32.077  28.357 0.0000000000
110427  -5.065  32.128  28.402 0.0000000000
110428  -6.114  32.121  28.393 0.0000000000
110429  -7.172  32.077  28.327 0.0000000000
110430  -8.183  32.019  28.162 0.0000000000
110431  -9.148  32.067  28.184 0.0000000000
110442  -3.765  32.617  27.473 0.0000000000
110443  -4.574  32.802  27.902 0.0000000000
110444  -5.592  32.822  27.979 0.0000000000
110445  -6.647  32.827  28.022 0.0000000000
110446  -7.673  32.749  27.895 0.0000000000
110447  -8.666  32.729  27.868 0.0000000000
