#!ascii label  , from subject FREESURFER vox2ras=TkReg 
341
8663  -2.829  -80.292  17.929 0.0000000000
8680  -3.062  -80.332  17.240 0.0000000000
8695  -3.463  -80.451  16.223 0.0000000000
8696  -4.039  -80.218  15.857 0.0000000000
8711  -2.839  -80.914  15.449 0.0000000000
8712  -3.540  -80.327  15.344 0.0000000000
8713  -4.163  -79.861  15.365 0.0000000000
8729  -2.809  -80.371  14.443 0.0000000000
8730  -3.506  -79.762  14.946 0.0000000000
8731  -4.027  -79.405  15.032 0.0000000000
8746  -1.764  -79.775  13.144 0.0000000000
8747  -2.239  -80.266  13.526 0.0000000000
9425  -3.029  -78.654  20.479 0.0000000000
9441  -2.729  -79.729  19.500 0.0000000000
9442  -3.061  -78.934  19.633 0.0000000000
9461  -2.705  -79.934  18.893 0.0000000000
9462  -3.436  -79.560  18.279 0.0000000000
9463  -4.382  -79.128  17.825 0.0000000000
9478  -3.837  -79.955  16.897 0.0000000000
9479  -4.351  -79.339  17.157 0.0000000000
9494  -4.013  -80.143  16.297 0.0000000000
9495  -4.352  -79.676  16.189 0.0000000000
9508  -4.329  -79.161  15.527 0.0000000000
9522  -2.841  -79.345  14.616 0.0000000000
9523  -3.478  -79.158  14.985 0.0000000000
9524  -4.005  -78.936  15.083 0.0000000000
9539  -1.773  -79.146  13.452 0.0000000000
9540  -2.234  -79.459  13.885 0.0000000000
9555  -1.732  -79.073  12.646 0.0000000000
10086  -7.360  -78.067  24.503 0.0000000000
10087  -7.890  -77.810  24.492 0.0000000000
10099  -7.928  -78.060  24.164 0.0000000000
10118  -3.007  -78.452  21.787 0.0000000000
10132  -2.903  -78.698  21.130 0.0000000000
10133  -3.296  -78.147  20.942 0.0000000000
10134  -3.970  -77.965  20.483 0.0000000000
10151  -3.656  -78.455  20.084 0.0000000000
10152  -4.556  -78.009  19.575 0.0000000000
10153  -5.309  -77.470  19.269 0.0000000000
10171  -3.918  -78.786  19.222 0.0000000000
10172  -4.589  -78.665  18.401 0.0000000000
10173  -5.157  -77.823  18.594 0.0000000000
10188  -4.769  -78.708  17.415 0.0000000000
10189  -5.089  -78.131  17.774 0.0000000000
10206  -4.632  -78.631  16.368 0.0000000000
10207  -4.929  -78.183  17.087 0.0000000000
10222  -2.665  -78.312  14.955 0.0000000000
10223  -3.134  -78.325  15.303 0.0000000000
10224  -4.031  -78.423  15.466 0.0000000000
10238  -1.809  -78.144  14.022 0.0000000000
10239  -2.219  -78.532  14.390 0.0000000000
10240  -2.927  -78.751  14.957 0.0000000000
10241  -3.526  -78.716  15.150 0.0000000000
10258  -1.789  -78.461  13.536 0.0000000000
10259  -1.837  -78.926  13.897 0.0000000000
10275  -1.906  -78.299  12.736 0.0000000000
10829  -5.202  -78.266  24.132 0.0000000000
10830  -5.834  -78.015  24.511 0.0000000000
10831  -6.829  -77.676  24.559 0.0000000000
10832  -7.732  -77.566  24.592 0.0000000000
10833  -8.544  -77.530  24.376 0.0000000000
10834  -9.665  -77.279  24.374 0.0000000000
10835  -10.611  -77.225  24.550 0.0000000000
10836  -11.208  -77.057  24.685 0.0000000000
10844  -4.578  -78.215  23.532 0.0000000000
10845  -5.399  -77.552  23.692 0.0000000000
10846  -6.184  -77.417  24.158 0.0000000000
10861  -3.465  -78.450  22.340 0.0000000000
10862  -3.969  -77.997  22.584 0.0000000000
10863  -4.658  -77.405  22.704 0.0000000000
10879  -3.563  -78.001  21.770 0.0000000000
10880  -4.202  -77.569  21.757 0.0000000000
10881  -4.838  -76.942  21.587 0.0000000000
10897  -3.884  -77.810  21.124 0.0000000000
10898  -4.493  -77.455  20.691 0.0000000000
10899  -5.208  -76.907  20.521 0.0000000000
10914  -5.044  -77.344  19.915 0.0000000000
10915  -5.599  -76.944  19.629 0.0000000000
10916  -5.904  -76.581  19.239 0.0000000000
10930  -5.541  -76.919  18.705 0.0000000000
10931  -5.815  -76.519  18.961 0.0000000000
10941  -4.634  -77.268  17.457 0.0000000000
10942  -5.035  -77.479  17.985 0.0000000000
10957  -2.861  -77.261  16.294 0.0000000000
10958  -3.786  -77.454  16.466 0.0000000000
10959  -4.567  -77.708  16.763 0.0000000000
10960  -4.892  -77.754  17.391 0.0000000000
10976  -2.569  -77.660  15.137 0.0000000000
10977  -3.407  -77.877  15.816 0.0000000000
10978  -4.286  -77.861  15.972 0.0000000000
10995  -1.835  -77.907  13.746 0.0000000000
10996  -2.012  -77.740  14.236 0.0000000000
11015  -1.959  -77.795  13.187 0.0000000000
11016  -2.205  -77.464  12.904 0.0000000000
11032  -2.161  -77.865  12.534 0.0000000000
11033  -2.420  -77.448  12.451 0.0000000000
11047  -2.343  -77.862  12.121 0.0000000000
11048  -2.658  -77.750  11.728 0.0000000000
11582  -7.490  -77.109  24.522 0.0000000000
11583  -8.249  -76.980  24.780 0.0000000000
11584  -9.079  -76.945  24.704 0.0000000000
11585  -9.897  -76.654  24.657 0.0000000000
11586  -10.769  -76.670  24.730 0.0000000000
11587  -11.402  -76.595  24.397 0.0000000000
11596  -6.021  -76.857  23.583 0.0000000000
11597  -6.833  -76.816  24.013 0.0000000000
11598  -7.776  -76.327  24.106 0.0000000000
11599  -8.710  -76.427  24.368 0.0000000000
11600  -9.298  -76.493  24.513 0.0000000000
11614  -5.511  -76.663  22.566 0.0000000000
11615  -6.508  -76.268  22.945 0.0000000000
11616  -7.170  -76.214  23.452 0.0000000000
11627  -5.616  -76.473  21.222 0.0000000000
11628  -6.206  -76.045  21.804 0.0000000000
11639  -5.859  -76.583  20.227 0.0000000000
11640  -6.375  -76.096  20.676 0.0000000000
11641  -6.757  -76.038  20.075 0.0000000000
11649  -5.951  -76.632  19.678 0.0000000000
11650  -6.297  -76.333  19.723 0.0000000000
11651  -6.853  -75.920  19.491 0.0000000000
11662  -2.692  -75.908  18.063 0.0000000000
11663  -2.797  -75.980  18.211 0.0000000000
11664  -3.493  -76.087  18.410 0.0000000000
11665  -4.712  -76.223  18.585 0.0000000000
11666  -6.004  -76.090  18.931 0.0000000000
11667  -6.680  -75.536  18.979 0.0000000000
11678  -2.678  -76.065  17.783 0.0000000000
11679  -2.988  -76.546  17.851 0.0000000000
11680  -4.053  -76.635  17.686 0.0000000000
11681  -4.844  -76.898  18.047 0.0000000000
11694  -2.691  -76.438  16.981 0.0000000000
11695  -3.287  -77.045  17.143 0.0000000000
11696  -4.114  -77.164  17.043 0.0000000000
11714  -2.462  -76.500  15.761 0.0000000000
11736  -2.097  -77.439  13.628 0.0000000000
11737  -2.340  -76.804  14.355 0.0000000000
11757  -2.159  -77.405  13.192 0.0000000000
11758  -2.448  -76.947  13.140 0.0000000000
11779  -2.766  -76.974  12.337 0.0000000000
12352  -9.892  -76.270  24.463 0.0000000000
12353  -10.268  -76.213  24.452 0.0000000000
12354  -10.945  -76.118  24.471 0.0000000000
12362  -7.910  -75.881  23.798 0.0000000000
12363  -8.354  -75.831  23.876 0.0000000000
12364  -9.483  -75.903  24.137 0.0000000000
12365  -10.502  -75.589  23.952 0.0000000000
12366  -11.531  -75.765  23.923 0.0000000000
12376  -7.050  -75.905  22.949 0.0000000000
12377  -7.699  -75.700  23.219 0.0000000000
12378  -8.704  -75.237  23.113 0.0000000000
12379  -9.834  -74.932  22.980 0.0000000000
12380  -10.891  -74.991  23.170 0.0000000000
12391  -7.022  -75.709  22.109 0.0000000000
12392  -7.992  -75.133  22.014 0.0000000000
12393  -9.155  -74.588  22.047 0.0000000000
12394  -9.703  -74.539  22.339 0.0000000000
12408  -6.707  -75.830  21.275 0.0000000000
12409  -7.312  -75.530  20.585 0.0000000000
12410  -8.535  -74.823  20.924 0.0000000000
12423  -3.450  -74.875  19.037 0.0000000000
12424  -4.110  -74.697  19.155 0.0000000000
12425  -4.614  -74.520  19.308 0.0000000000
12426  -7.434  -75.248  19.230 0.0000000000
12427  -8.207  -75.033  19.912 0.0000000000
12436  -2.754  -75.618  17.969 0.0000000000
12437  -2.962  -75.420  18.737 0.0000000000
12438  -3.908  -75.397  18.859 0.0000000000
12439  -5.024  -75.155  19.150 0.0000000000
12440  -6.081  -75.158  19.125 0.0000000000
12441  -6.742  -74.952  18.800 0.0000000000
12450  -2.628  -75.727  17.226 0.0000000000
12460  -2.529  -75.903  16.502 0.0000000000
12477  -2.543  -75.661  15.870 0.0000000000
12499  -2.632  -75.789  14.961 0.0000000000
12517  -2.899  -75.862  13.672 0.0000000000
12538  -2.902  -76.408  12.733 0.0000000000
13188  -9.943  -74.503  22.428 0.0000000000
13189  -10.412  -74.481  22.457 0.0000000000
13203  -9.524  -74.364  21.704 0.0000000000
13204  -9.891  -74.193  21.908 0.0000000000
13223  -9.497  -74.256  21.121 0.0000000000
13244  -3.688  -74.188  18.979 0.0000000000
13245  -4.261  -74.043  19.352 0.0000000000
13246  -5.130  -74.182  19.428 0.0000000000
13247  -5.634  -73.833  19.408 0.0000000000
13248  -8.009  -74.364  19.404 0.0000000000
13249  -8.965  -74.257  20.003 0.0000000000
13250  -9.750  -73.704  20.319 0.0000000000
13269  -2.894  -74.932  18.134 0.0000000000
13270  -3.221  -74.585  18.621 0.0000000000
13271  -5.607  -74.712  19.249 0.0000000000
13272  -6.138  -74.296  19.188 0.0000000000
13273  -7.149  -74.348  18.958 0.0000000000
13289  -2.800  -75.088  17.439 0.0000000000
13301  -2.707  -75.194  16.530 0.0000000000
13302  -3.067  -74.446  16.143 0.0000000000
13316  -2.806  -75.086  15.540 0.0000000000
13333  -2.943  -75.054  14.591 0.0000000000
14111  -3.820  -73.281  19.139 0.0000000000
14112  -4.526  -73.396  19.442 0.0000000000
14113  -5.280  -73.419  19.478 0.0000000000
14114  -5.984  -73.464  19.314 0.0000000000
14115  -8.556  -73.690  19.361 0.0000000000
14116  -9.400  -73.170  19.525 0.0000000000
14137  -3.163  -74.343  18.119 0.0000000000
14138  -3.519  -73.642  18.386 0.0000000000
14139  -6.698  -73.653  19.115 0.0000000000
14140  -7.644  -73.478  19.064 0.0000000000
14141  -8.552  -73.036  19.119 0.0000000000
14162  -3.004  -74.561  17.676 0.0000000000
14163  -3.299  -73.917  17.596 0.0000000000
14184  -2.987  -74.462  17.019 0.0000000000
14185  -3.557  -73.706  16.752 0.0000000000
14965  -3.785  -72.793  19.083 0.0000000000
14966  -4.057  -72.744  19.308 0.0000000000
14967  -4.843  -72.793  19.389 0.0000000000
14968  -5.606  -72.911  19.348 0.0000000000
14969  -9.532  -72.624  19.313 0.0000000000
14970  -9.972  -72.473  19.384 0.0000000000
14988  -3.591  -72.344  18.691 0.0000000000
14989  -4.396  -72.131  19.153 0.0000000000
14990  -5.394  -72.253  19.143 0.0000000000
14991  -6.554  -72.707  19.028 0.0000000000
14992  -7.911  -72.544  18.771 0.0000000000
14993  -9.151  -72.327  19.026 0.0000000000
14994  -9.931  -71.859  18.985 0.0000000000
15017  -3.481  -72.699  17.485 0.0000000000
15844  -3.449  -71.439  18.402 0.0000000000
15845  -3.981  -71.474  18.720 0.0000000000
15846  -4.963  -71.538  18.754 0.0000000000
15847  -6.101  -71.621  18.660 0.0000000000
15848  -7.195  -71.816  18.577 0.0000000000
15849  -8.334  -71.749  18.441 0.0000000000
15850  -9.438  -71.400  18.495 0.0000000000
15851  -10.358  -71.387  18.620 0.0000000000
15864  -2.780  -70.759  17.212 0.0000000000
15865  -2.950  -71.231  17.671 0.0000000000
15866  -6.757  -71.209  18.265 0.0000000000
15867  -7.592  -71.205  18.035 0.0000000000
15868  -8.660  -71.074  17.984 0.0000000000
15869  -9.425  -70.825  17.944 0.0000000000
15888  -2.796  -70.811  16.787 0.0000000000
15889  -3.285  -71.597  16.546 0.0000000000
16701  -3.534  -70.823  18.256 0.0000000000
16702  -4.515  -70.876  18.314 0.0000000000
16703  -5.606  -70.948  18.269 0.0000000000
16704  -6.279  -71.017  18.257 0.0000000000
16705  -10.131  -70.888  18.073 0.0000000000
16706  -10.869  -70.934  18.128 0.0000000000
16719  -2.757  -70.273  17.064 0.0000000000
16720  -3.245  -70.309  17.602 0.0000000000
16721  -4.111  -70.345  17.712 0.0000000000
16722  -5.182  -70.483  17.620 0.0000000000
16723  -6.630  -70.570  17.487 0.0000000000
16724  -8.067  -70.686  17.433 0.0000000000
16725  -9.019  -70.520  17.527 0.0000000000
16726  -9.868  -70.391  17.361 0.0000000000
16727  -10.707  -70.456  17.591 0.0000000000
16735  -2.721  -70.168  16.185 0.0000000000
16736  -7.071  -69.972  16.837 0.0000000000
16737  -7.735  -70.121  16.924 0.0000000000
16738  -8.734  -70.160  17.003 0.0000000000
16739  -9.346  -70.224  17.113 0.0000000000
17609  -2.835  -69.828  16.948 0.0000000000
17610  -3.073  -69.780  17.067 0.0000000000
17611  -3.759  -69.834  17.097 0.0000000000
17612  -4.696  -69.869  17.070 0.0000000000
17613  -5.657  -69.954  17.036 0.0000000000
17614  -10.047  -70.092  16.986 0.0000000000
17615  -10.425  -70.047  17.069 0.0000000000
17616  -11.053  -69.959  17.209 0.0000000000
17622  -2.840  -69.559  16.473 0.0000000000
17623  -3.431  -69.449  16.549 0.0000000000
17624  -4.212  -69.401  16.359 0.0000000000
17625  -5.320  -69.441  16.324 0.0000000000
17626  -6.441  -69.588  16.495 0.0000000000
17627  -7.476  -69.595  16.454 0.0000000000
17628  -8.458  -69.665  16.457 0.0000000000
17629  -9.741  -69.694  16.597 0.0000000000
17630  -10.773  -69.544  16.679 0.0000000000
17631  -11.466  -69.513  16.809 0.0000000000
17639  -4.778  -69.013  15.998 0.0000000000
17640  -5.224  -69.021  15.965 0.0000000000
17641  -7.138  -69.103  16.071 0.0000000000
17642  -8.014  -69.144  15.950 0.0000000000
17643  -9.017  -69.143  15.964 0.0000000000
17644  -9.647  -69.107  15.959 0.0000000000
18559  -2.667  -68.891  15.857 0.0000000000
18560  -3.152  -68.840  16.205 0.0000000000
18561  -3.659  -69.064  16.222 0.0000000000
18562  -5.594  -68.985  15.973 0.0000000000
18563  -5.920  -69.186  16.139 0.0000000000
18564  -10.068  -68.947  15.956 0.0000000000
18565  -10.507  -69.091  16.184 0.0000000000
18566  -11.035  -68.872  16.256 0.0000000000
18567  -11.535  -68.803  16.244 0.0000000000
18572  -2.964  -68.282  15.515 0.0000000000
18573  -3.972  -68.646  15.650 0.0000000000
18574  -5.170  -68.595  15.616 0.0000000000
18575  -6.295  -68.715  15.785 0.0000000000
18576  -7.469  -68.526  15.654 0.0000000000
18577  -8.528  -68.542  15.566 0.0000000000
18578  -9.581  -68.479  15.669 0.0000000000
18579  -10.480  -68.254  15.899 0.0000000000
18580  -11.239  -68.091  15.888 0.0000000000
19516  -3.547  -67.805  14.817 0.0000000000
19517  -4.604  -67.824  14.968 0.0000000000
19518  -5.729  -67.862  15.145 0.0000000000
19519  -6.869  -67.890  15.227 0.0000000000
19520  -8.000  -67.923  15.207 0.0000000000
19521  -9.063  -67.966  15.155 0.0000000000
19522  -9.959  -67.517  15.313 0.0000000000
19523  -10.809  -67.375  15.577 0.0000000000
19531  -4.245  -67.233  14.043 0.0000000000
19532  -5.209  -67.268  14.373 0.0000000000
19533  -6.301  -67.314  14.537 0.0000000000
19534  -7.464  -67.387  14.636 0.0000000000
19535  -8.631  -67.468  14.734 0.0000000000
19536  -9.366  -67.475  14.938 0.0000000000
20517  -10.052  -67.129  15.033 0.0000000000
20518  -10.407  -66.974  15.112 0.0000000000
20524  -4.473  -66.914  13.756 0.0000000000
20525  -4.808  -66.801  13.772 0.0000000000
20526  -5.717  -66.750  13.841 0.0000000000
20527  -6.876  -66.849  13.942 0.0000000000
20528  -8.138  -66.897  14.148 0.0000000000
20529  -9.596  -66.918  14.617 0.0000000000
20536  -4.463  -66.798  13.421 0.0000000000
20537  -5.121  -66.332  13.126 0.0000000000
20538  -6.229  -66.242  13.213 0.0000000000
20539  -7.454  -66.424  13.390 0.0000000000
20540  -8.742  -66.367  13.589 0.0000000000
20541  -9.937  -66.172  13.923 0.0000000000
20560  -6.858  -65.954  12.772 0.0000000000
20561  -7.914  -66.081  12.878 0.0000000000
20562  -8.649  -66.083  13.009 0.0000000000
21475  -5.646  -65.923  12.608 0.0000000000
21476  -6.200  -65.891  12.709 0.0000000000
21477  -9.355  -66.006  13.134 0.0000000000
21495  -7.297  -65.615  12.213 0.0000000000
21496  -8.554  -65.831  12.380 0.0000000000
