#!ascii label  , from subject FREESURFER vox2ras=TkReg 
154
105619  -3.704  24.704  29.982 0.0000000000
105620  -4.036  24.683  30.783 0.0000000000
105628  -3.467  24.609  29.144 0.0000000000
106147  -3.855  25.749  30.351 0.0000000000
106148  -4.522  25.604  31.060 0.0000000000
106149  -5.457  25.813  31.196 0.0000000000
106159  -3.578  25.626  29.505 0.0000000000
106162  -3.440  25.554  28.650 0.0000000000
106165  -3.506  25.411  27.897 0.0000000000
106166  -3.828  25.276  27.385 0.0000000000
106169  -4.055  24.958  27.129 0.0000000000
106172  -4.661  25.415  25.766 0.0000000000
106178  -3.492  25.588  24.741 0.0000000000
106179  -4.714  25.223  25.669 0.0000000000
106691  -3.870  26.476  30.276 0.0000000000
106692  -4.218  26.502  30.557 0.0000000000
106693  -4.970  26.561  30.790 0.0000000000
106694  -5.925  26.581  30.842 0.0000000000
106695  -6.985  26.530  30.667 0.0000000000
106696  -8.111  26.490  30.382 0.0000000000
106697  -9.102  26.325  30.175 0.0000000000
106711  -3.693  26.529  29.846 0.0000000000
106712  -8.697  26.962  30.102 0.0000000000
106713  -9.383  27.094  29.950 0.0000000000
106723  -3.456  26.578  29.040 0.0000000000
106727  -3.413  26.528  28.073 0.0000000000
106728  -3.588  26.108  27.525 0.0000000000
106731  -3.556  26.862  27.408 0.0000000000
106732  -3.749  26.439  27.034 0.0000000000
106735  -4.498  26.568  25.582 0.0000000000
106736  -5.118  28.014  25.082 0.0000000000
106740  -3.200  26.399  24.285 0.0000000000
106741  -4.836  26.638  25.339 0.0000000000
106742  -5.167  27.981  24.699 0.0000000000
106748  -3.200  27.168  23.921 0.0000000000
107281  -3.904  27.063  30.205 0.0000000000
107282  -4.472  27.448  30.409 0.0000000000
107283  -5.384  27.358  30.577 0.0000000000
107284  -6.371  27.378  30.521 0.0000000000
107285  -7.522  27.535  30.223 0.0000000000
107286  -8.243  27.184  30.154 0.0000000000
107301  -3.691  27.614  29.575 0.0000000000
107302  -3.953  27.669  30.178 0.0000000000
107303  -7.886  28.115  29.812 0.0000000000
107304  -8.593  27.726  29.816 0.0000000000
107305  -9.647  27.843  29.684 0.0000000000
107320  -3.459  27.573  28.536 0.0000000000
107329  -3.459  27.610  27.637 0.0000000000
107332  -3.619  27.621  26.892 0.0000000000
107333  -4.097  27.861  26.260 0.0000000000
107336  -4.783  28.242  25.449 0.0000000000
107337  -5.176  28.275  25.018 0.0000000000
107339  -3.835  27.181  24.210 0.0000000000
107340  -5.298  28.075  24.215 0.0000000000
107341  -5.197  28.307  24.492 0.0000000000
107345  -2.816  27.669  23.555 0.0000000000
107346  -3.585  27.813  23.779 0.0000000000
107347  -5.181  28.576  23.963 0.0000000000
107348  -5.140  28.326  24.130 0.0000000000
107837  -4.490  27.961  30.337 0.0000000000
107838  -4.887  28.022  30.402 0.0000000000
107839  -5.770  28.094  30.407 0.0000000000
107840  -6.633  28.113  30.284 0.0000000000
107850  -3.784  28.482  29.523 0.0000000000
107851  -4.214  28.357  30.099 0.0000000000
107852  -5.191  28.723  30.144 0.0000000000
107853  -6.177  28.789  30.072 0.0000000000
107854  -7.249  28.623  29.844 0.0000000000
107855  -8.199  28.632  29.487 0.0000000000
107856  -9.157  28.581  29.421 0.0000000000
107869  -3.592  28.524  28.919 0.0000000000
107881  -3.413  28.553  27.985 0.0000000000
107891  -3.454  28.545  27.034 0.0000000000
107892  -3.855  28.509  26.307 0.0000000000
107895  -4.393  28.621  25.715 0.0000000000
107896  -4.850  28.736  25.142 0.0000000000
107897  -5.003  29.009  25.158 0.0000000000
107900  -5.047  28.772  24.745 0.0000000000
107901  -5.102  29.046  24.813 0.0000000000
107907  -3.260  28.449  23.373 0.0000000000
107908  -5.056  29.279  23.670 0.0000000000
107909  -5.138  28.966  24.067 0.0000000000
108434  -3.825  29.358  29.381 0.0000000000
108435  -4.637  29.387  29.736 0.0000000000
108436  -5.591  29.499  29.791 0.0000000000
108437  -6.596  29.507  29.647 0.0000000000
108438  -7.675  29.596  29.255 0.0000000000
108439  -8.703  29.318  29.169 0.0000000000
108440  -9.631  29.484  29.155 0.0000000000
108450  -3.555  29.494  28.430 0.0000000000
108451  -7.942  30.124  28.873 0.0000000000
108452  -8.500  29.934  28.924 0.0000000000
108453  -9.053  29.768  29.010 0.0000000000
108462  -3.443  29.553  27.389 0.0000000000
108475  -3.672  29.511  26.227 0.0000000000
108476  -4.019  29.012  25.856 0.0000000000
108484  -3.887  30.011  25.649 0.0000000000
108485  -4.426  29.538  25.258 0.0000000000
108486  -4.948  29.061  24.862 0.0000000000
108487  -5.215  29.038  25.051 0.0000000000
108490  -4.684  29.991  24.629 0.0000000000
108491  -4.915  29.475  24.445 0.0000000000
108492  -4.970  29.127  24.623 0.0000000000
108495  -3.006  29.105  22.978 0.0000000000
108496  -4.914  29.910  23.300 0.0000000000
108497  -4.930  29.868  23.459 0.0000000000
108498  -5.033  29.644  23.876 0.0000000000
108511  -4.928  30.153  23.103 0.0000000000
109106  -3.860  29.943  29.276 0.0000000000
109107  -4.168  30.132  29.420 0.0000000000
109108  -5.016  30.155  29.482 0.0000000000
109109  -5.988  30.275  29.415 0.0000000000
109110  -6.847  30.124  29.281 0.0000000000
109111  -9.738  29.945  29.005 0.0000000000
109120  -3.731  30.260  28.943 0.0000000000
109121  -4.047  30.823  29.195 0.0000000000
109122  -6.573  30.642  29.087 0.0000000000
109123  -7.380  30.518  28.901 0.0000000000
109124  -8.268  30.552  28.665 0.0000000000
109125  -9.370  30.330  28.781 0.0000000000
109134  -3.491  30.639  27.915 0.0000000000
109144  -3.461  30.555  26.767 0.0000000000
109156  -3.599  30.528  25.893 0.0000000000
109157  -3.986  30.525  25.300 0.0000000000
109163  -4.445  30.539  24.721 0.0000000000
109164  -4.830  30.500  24.195 0.0000000000
109169  -4.966  30.366  23.238 0.0000000000
109170  -4.972  30.391  23.572 0.0000000000
109776  -4.580  30.696  29.279 0.0000000000
109777  -5.279  30.864  29.230 0.0000000000
109778  -6.018  30.946  29.099 0.0000000000
109787  -3.815  31.195  28.619 0.0000000000
109788  -4.588  31.376  28.910 0.0000000000
109789  -5.603  31.480  28.818 0.0000000000
109790  -6.652  31.304  28.734 0.0000000000
109791  -7.721  31.272  28.476 0.0000000000
109792  -8.734  31.255  28.399 0.0000000000
109793  -9.720  31.378  28.429 0.0000000000
109803  -3.618  31.668  27.950 0.0000000000
109811  -3.533  31.589  27.117 0.0000000000
109822  -3.436  31.501  26.079 0.0000000000
109823  -3.626  31.138  25.465 0.0000000000
110426  -4.102  32.077  28.357 0.0000000000
110427  -5.065  32.128  28.402 0.0000000000
110428  -6.114  32.121  28.393 0.0000000000
110429  -7.172  32.077  28.327 0.0000000000
110430  -8.183  32.019  28.162 0.0000000000
110431  -9.148  32.067  28.184 0.0000000000
110442  -3.765  32.617  27.473 0.0000000000
110443  -4.574  32.802  27.902 0.0000000000
110444  -5.592  32.822  27.979 0.0000000000
110445  -6.647  32.827  28.022 0.0000000000
110446  -7.673  32.749  27.895 0.0000000000
110447  -8.666  32.729  27.868 0.0000000000
