#!ascii label  , from subject FREESURFER vox2ras=TkReg 
280
94743  -33.698  10.449  44.303 0.0000000000
94744  -34.174  10.206  44.639 0.0000000000
94749  -33.656  10.219  43.927 0.0000000000
95542  -33.525  11.206  44.860 0.0000000000
95543  -34.037  10.982  45.270 0.0000000000
95551  -32.407  11.093  44.013 0.0000000000
95552  -33.245  10.885  44.391 0.0000000000
95553  -33.828  10.700  44.743 0.0000000000
95555  -32.415  10.831  43.496 0.0000000000
95556  -33.027  10.400  43.309 0.0000000000
96324  -34.605  11.564  46.316 0.0000000000
96325  -35.197  11.839  46.992 0.0000000000
96332  -32.573  11.990  44.987 0.0000000000
96333  -33.213  11.663  45.021 0.0000000000
96334  -33.972  11.804  45.660 0.0000000000
96341  -31.436  11.924  44.301 0.0000000000
96342  -32.230  11.631  44.445 0.0000000000
96343  -32.902  11.405  44.609 0.0000000000
96345  -30.414  11.889  43.425 0.0000000000
96346  -31.098  11.706  43.680 0.0000000000
96347  -31.893  11.221  43.573 0.0000000000
97152  -35.378  13.027  47.430 0.0000000000
97162  -33.165  12.972  46.147 0.0000000000
97163  -34.025  12.832  46.430 0.0000000000
97164  -34.801  12.475  46.819 0.0000000000
97175  -29.273  13.054  44.845 0.0000000000
97176  -30.145  12.983  45.014 0.0000000000
97177  -31.004  12.872  45.167 0.0000000000
97178  -31.829  12.681  45.354 0.0000000000
97179  -32.699  12.456  45.435 0.0000000000
97180  -33.569  12.364  45.778 0.0000000000
97181  -34.219  12.242  46.169 0.0000000000
97189  -29.020  12.833  44.099 0.0000000000
97190  -29.854  12.686  44.339 0.0000000000
97191  -30.660  12.565  44.545 0.0000000000
97192  -31.491  12.325  44.701 0.0000000000
97193  -32.172  12.232  44.980 0.0000000000
97195  -27.902  12.700  43.019 0.0000000000
97196  -28.779  12.543  43.359 0.0000000000
97197  -29.585  12.424  43.664 0.0000000000
97198  -30.376  12.210  43.896 0.0000000000
97199  -31.001  12.133  44.247 0.0000000000
97203  -28.568  12.225  42.538 0.0000000000
97204  -29.403  12.127  42.987 0.0000000000
97205  -29.997  12.051  43.348 0.0000000000
97941  -35.524  14.130  48.409 0.0000000000
97948  -30.194  13.818  47.090 0.0000000000
97949  -31.159  13.796  47.195 0.0000000000
97950  -32.143  13.839  47.277 0.0000000000
97951  -33.141  13.858  47.399 0.0000000000
97952  -34.144  13.817  47.576 0.0000000000
97953  -35.108  13.757  47.716 0.0000000000
97961  -28.013  13.766  45.988 0.0000000000
97962  -28.934  13.632  46.189 0.0000000000
97963  -29.862  13.578  46.320 0.0000000000
97964  -30.788  13.505  46.447 0.0000000000
97965  -31.728  13.461  46.561 0.0000000000
97966  -32.686  13.457  46.670 0.0000000000
97967  -33.633  13.383  46.868 0.0000000000
97968  -34.553  13.253  47.113 0.0000000000
97979  -27.806  13.676  45.113 0.0000000000
97980  -28.652  13.399  45.404 0.0000000000
97981  -29.554  13.311  45.580 0.0000000000
97982  -30.457  13.270  45.705 0.0000000000
97983  -31.344  13.138  45.863 0.0000000000
97984  -32.247  13.031  45.997 0.0000000000
97992  -26.746  13.852  43.868 0.0000000000
97993  -27.562  13.492  44.278 0.0000000000
97994  -28.412  13.234  44.598 0.0000000000
97998  -27.291  13.246  43.451 0.0000000000
97999  -28.158  12.992  43.813 0.0000000000
98680  -29.370  14.913  49.132 0.0000000000
98681  -30.384  14.891  49.214 0.0000000000
98682  -31.414  14.923  49.292 0.0000000000
98683  -32.459  15.019  49.376 0.0000000000
98684  -33.501  15.119  49.478 0.0000000000
98685  -34.456  15.106  49.600 0.0000000000
98686  -35.202  14.856  49.764 0.0000000000
98692  -28.093  14.897  48.088 0.0000000000
98693  -28.995  14.626  48.328 0.0000000000
98694  -29.974  14.529  48.464 0.0000000000
98695  -30.983  14.547  48.543 0.0000000000
98696  -32.009  14.607  48.626 0.0000000000
98697  -33.062  14.691  48.731 0.0000000000
98698  -34.100  14.726  48.854 0.0000000000
98699  -35.017  14.643  48.988 0.0000000000
98705  -27.815  14.686  47.255 0.0000000000
98706  -28.674  14.403  47.516 0.0000000000
98707  -29.600  14.227  47.699 0.0000000000
98708  -30.572  14.178  47.814 0.0000000000
98709  -31.568  14.236  47.882 0.0000000000
98710  -32.589  14.288  47.976 0.0000000000
98711  -33.634  14.311  48.111 0.0000000000
98712  -34.657  14.315  48.227 0.0000000000
98717  -26.710  14.840  46.073 0.0000000000
98718  -27.504  14.420  46.451 0.0000000000
98719  -28.355  14.127  46.738 0.0000000000
98720  -29.261  13.952  46.934 0.0000000000
98728  -26.477  14.665  45.179 0.0000000000
98729  -27.232  14.202  45.611 0.0000000000
98740  -26.272  14.521  44.267 0.0000000000
98741  -27.009  14.052  44.734 0.0000000000
99379  -31.460  15.997  51.408 0.0000000000
99380  -32.294  15.813  51.470 0.0000000000
99381  -33.069  15.515  51.588 0.0000000000
99389  -29.273  16.025  50.372 0.0000000000
99390  -30.203  15.790  50.562 0.0000000000
99391  -31.182  15.675  50.684 0.0000000000
99392  -32.153  15.651  50.755 0.0000000000
99393  -33.084  15.622  50.849 0.0000000000
99394  -33.971  15.525  51.041 0.0000000000
99401  -28.057  16.008  49.289 0.0000000000
99402  -28.865  15.616  49.619 0.0000000000
99403  -29.798  15.379  49.828 0.0000000000
99404  -30.800  15.281  49.954 0.0000000000
99405  -31.829  15.316  50.031 0.0000000000
99406  -32.849  15.451  50.096 0.0000000000
99407  -33.817  15.435  50.224 0.0000000000
99408  -34.628  15.223  50.369 0.0000000000
99415  -27.703  15.673  48.495 0.0000000000
99416  -28.449  15.207  48.880 0.0000000000
99422  -26.684  15.903  47.287 0.0000000000
99423  -27.387  15.398  47.687 0.0000000000
99428  -25.680  16.268  45.968 0.0000000000
99429  -26.329  15.636  46.464 0.0000000000
99430  -27.075  15.141  46.871 0.0000000000
99436  -25.513  16.139  44.987 0.0000000000
99437  -26.037  15.419  45.578 0.0000000000
99446  -25.479  16.041  43.991 0.0000000000
99447  -25.857  15.278  44.637 0.0000000000
100139  -30.955  16.852  52.680 0.0000000000
100140  -31.568  16.300  52.798 0.0000000000
100147  -30.044  16.968  51.747 0.0000000000
100148  -30.875  16.646  51.931 0.0000000000
100149  -31.611  16.314  52.075 0.0000000000
100150  -32.260  15.883  52.170 0.0000000000
100156  -28.943  16.894  50.762 0.0000000000
100157  -29.708  16.492  51.056 0.0000000000
100158  -30.566  16.202  51.289 0.0000000000
100165  -27.109  17.362  49.294 0.0000000000
100166  -27.816  16.916  49.612 0.0000000000
100167  -28.478  16.430  50.038 0.0000000000
100173  -26.716  16.999  48.525 0.0000000000
100174  -27.375  16.493  48.891 0.0000000000
100180  -25.739  17.363  47.296 0.0000000000
100181  -26.342  16.710  47.719 0.0000000000
100182  -27.064  16.207  48.067 0.0000000000
100187  -25.513  17.210  46.348 0.0000000000
100188  -25.988  16.468  46.871 0.0000000000
100193  -25.385  17.096  45.351 0.0000000000
100200  -25.350  17.019  44.295 0.0000000000
100884  -29.320  18.295  54.239 0.0000000000
100885  -29.985  17.687  54.042 0.0000000000
100892  -29.540  18.449  53.356 0.0000000000
100893  -30.267  17.585  53.089 0.0000000000
100900  -28.857  18.618  51.756 0.0000000000
100901  -29.428  18.044  52.248 0.0000000000
100902  -30.325  17.223  52.368 0.0000000000
100909  -28.003  18.374  50.713 0.0000000000
100910  -28.774  17.925  51.209 0.0000000000
100911  -29.407  17.289  51.378 0.0000000000
100918  -26.949  18.334  49.626 0.0000000000
100919  -27.586  17.838  49.959 0.0000000000
100920  -28.254  17.382  50.371 0.0000000000
100924  -25.985  18.511  48.616 0.0000000000
100925  -26.484  17.871  48.959 0.0000000000
100931  -25.675  18.326  47.716 0.0000000000
100932  -26.064  17.569  48.181 0.0000000000
100938  -25.431  18.180  46.771 0.0000000000
100944  -25.390  18.078  45.764 0.0000000000
100951  -25.460  17.981  44.732 0.0000000000
100957  -25.747  18.002  43.540 0.0000000000
101587  -28.827  18.714  54.382 0.0000000000
101594  -28.513  19.502  54.164 0.0000000000
101595  -29.065  19.055  53.808 0.0000000000
101603  -28.923  19.859  53.433 0.0000000000
101604  -29.103  19.200  53.151 0.0000000000
101611  -28.123  19.877  51.764 0.0000000000
101612  -28.646  19.560  52.276 0.0000000000
101613  -29.195  18.844  52.778 0.0000000000
101620  -27.198  19.880  50.574 0.0000000000
101621  -27.667  19.631  51.131 0.0000000000
101622  -28.415  18.833  51.390 0.0000000000
101629  -26.409  19.767  49.500 0.0000000000
101630  -26.825  19.607  49.950 0.0000000000
101631  -27.395  18.739  50.265 0.0000000000
101637  -26.129  19.476  49.126 0.0000000000
101638  -26.428  18.733  49.287 0.0000000000
101644  -25.719  19.311  48.178 0.0000000000
101648  -25.491  19.164  47.223 0.0000000000
101653  -25.448  19.064  46.235 0.0000000000
101658  -25.584  18.989  45.198 0.0000000000
101659  -25.968  19.330  44.594 0.0000000000
101665  -25.751  18.710  44.347 0.0000000000
101666  -26.490  19.120  43.874 0.0000000000
102321  -27.888  20.230  54.002 0.0000000000
102322  -28.432  20.258  53.713 0.0000000000
102330  -26.552  20.379  53.411 0.0000000000
102331  -28.179  20.710  53.630 0.0000000000
102332  -28.420  20.529  53.131 0.0000000000
102338  -25.458  20.356  52.149 0.0000000000
102339  -28.013  20.371  51.906 0.0000000000
102340  -28.184  20.674  52.584 0.0000000000
102347  -24.957  20.721  51.484 0.0000000000
102348  -27.073  20.416  50.707 0.0000000000
102349  -27.386  20.828  51.503 0.0000000000
102355  -26.296  20.239  49.419 0.0000000000
102356  -26.570  20.879  50.075 0.0000000000
102362  -25.843  20.281  48.645 0.0000000000
102367  -25.620  20.148  47.672 0.0000000000
102372  -25.638  19.994  46.724 0.0000000000
102378  -25.805  19.935  45.784 0.0000000000
102379  -26.173  20.241  45.256 0.0000000000
102385  -25.958  19.712  45.082 0.0000000000
102386  -26.485  19.948  44.665 0.0000000000
102387  -26.925  20.149  44.344 0.0000000000
102398  -26.809  19.750  44.241 0.0000000000
102399  -27.269  19.832  43.967 0.0000000000
103035  -27.359  20.683  53.662 0.0000000000
103036  -27.857  20.792  53.706 0.0000000000
103041  -25.982  21.012  52.851 0.0000000000
103042  -26.961  21.086  53.021 0.0000000000
103043  -27.866  21.015  53.216 0.0000000000
103044  -28.204  20.938  52.943 0.0000000000
103049  -25.036  21.748  51.460 0.0000000000
103050  -25.429  21.480  52.038 0.0000000000
103051  -26.441  21.653  52.180 0.0000000000
103052  -27.562  21.169  52.402 0.0000000000
103053  -28.005  21.042  52.799 0.0000000000
103059  -24.680  21.168  51.072 0.0000000000
103060  -24.976  21.358  51.594 0.0000000000
103061  -26.600  21.467  51.117 0.0000000000
103062  -27.078  21.458  51.819 0.0000000000
103067  -25.861  21.267  49.303 0.0000000000
103068  -26.136  21.710  50.221 0.0000000000
103074  -25.569  21.130  48.142 0.0000000000
103079  -25.670  20.931  47.108 0.0000000000
103083  -25.821  20.662  46.330 0.0000000000
103087  -26.079  20.790  45.668 0.0000000000
103088  -26.428  20.721  45.042 0.0000000000
103100  -26.778  20.635  44.577 0.0000000000
103101  -27.169  20.541  44.153 0.0000000000
103704  -25.151  22.017  51.267 0.0000000000
103705  -25.466  21.981  51.594 0.0000000000
103706  -25.814  21.920  51.894 0.0000000000
103710  -23.946  21.706  50.081 0.0000000000
103711  -24.692  21.911  50.712 0.0000000000
103712  -25.436  22.078  51.013 0.0000000000
103713  -25.979  22.061  51.501 0.0000000000
103716  -23.736  21.875  49.309 0.0000000000
103717  -24.399  22.267  49.835 0.0000000000
103718  -25.372  22.287  49.857 0.0000000000
103719  -25.928  22.027  50.778 0.0000000000
103723  -25.408  22.003  48.556 0.0000000000
103728  -25.495  21.823  47.452 0.0000000000
103734  -25.668  21.477  46.307 0.0000000000
103744  -26.116  21.435  45.132 0.0000000000
103745  -26.560  21.048  44.770 0.0000000000
103760  -26.163  21.650  44.588 0.0000000000
103761  -26.757  21.243  44.206 0.0000000000
103762  -27.366  20.827  43.865 0.0000000000
104324  -23.908  22.180  49.188 0.0000000000
104325  -24.169  22.305  49.248 0.0000000000
104326  -24.693  22.436  49.309 0.0000000000
104330  -23.906  22.192  48.893 0.0000000000
104331  -24.391  22.425  48.749 0.0000000000
104332  -24.982  22.502  48.730 0.0000000000
104336  -23.895  22.248  48.211 0.0000000000
104337  -24.532  22.556  47.998 0.0000000000
104338  -25.157  22.477  47.774 0.0000000000
104347  -24.669  22.504  47.083 0.0000000000
104348  -25.270  22.264  46.757 0.0000000000
104361  -24.823  22.391  46.111 0.0000000000
104362  -25.429  22.066  45.702 0.0000000000
104376  -24.997  22.403  45.134 0.0000000000
104377  -25.705  22.023  44.721 0.0000000000
104378  -26.148  21.746  44.281 0.0000000000
104389  -25.068  22.234  44.172 0.0000000000
104390  -25.788  21.931  43.931 0.0000000000
104391  -26.332  21.625  43.812 0.0000000000
