#!ascii label  , from subject FREESURFER vox2ras=TkReg 
204
25448  -24.590  -60.945  -12.994 0.0000000000
25449  -25.506  -61.169  -12.634 0.0000000000
26447  -20.881  -60.297  -11.818 0.0000000000
26448  -21.379  -59.931  -11.618 0.0000000000
26463  -20.868  -59.953  -12.024 0.0000000000
26470  -20.768  -60.321  -12.325 0.0000000000
26471  -24.505  -60.295  -13.200 0.0000000000
26472  -25.212  -59.986  -12.937 0.0000000000
26473  -26.277  -60.338  -12.584 0.0000000000
26482  -20.893  -60.639  -12.756 0.0000000000
26483  -21.582  -60.524  -13.185 0.0000000000
26484  -22.502  -60.476  -13.401 0.0000000000
26485  -23.719  -60.426  -13.357 0.0000000000
26486  -24.438  -59.802  -13.315 0.0000000000
27507  -21.559  -58.946  -11.673 0.0000000000
27508  -22.162  -59.188  -11.405 0.0000000000
27509  -23.121  -59.417  -11.168 0.0000000000
27522  -21.163  -59.151  -11.991 0.0000000000
27528  -21.063  -59.494  -12.461 0.0000000000
27529  -25.473  -58.987  -12.996 0.0000000000
27530  -26.124  -59.273  -12.638 0.0000000000
27537  -21.313  -59.488  -13.033 0.0000000000
27538  -22.022  -59.449  -13.429 0.0000000000
27539  -23.006  -59.393  -13.616 0.0000000000
27540  -23.980  -59.238  -13.628 0.0000000000
27541  -24.799  -59.100  -13.368 0.0000000000
28435  -27.117  -58.630  -7.596 0.0000000000
28451  -27.263  -58.760  -8.403 0.0000000000
28459  -25.731  -58.664  -10.250 0.0000000000
28460  -26.552  -58.718  -9.775 0.0000000000
28461  -27.109  -58.694  -9.159 0.0000000000
28467  -21.351  -58.218  -11.817 0.0000000000
28468  -21.954  -58.234  -11.506 0.0000000000
28469  -22.824  -58.376  -11.345 0.0000000000
28470  -23.820  -58.524  -11.049 0.0000000000
28471  -24.769  -58.616  -10.578 0.0000000000
28483  -21.150  -58.348  -12.303 0.0000000000
28489  -21.247  -58.442  -12.804 0.0000000000
28490  -25.920  -58.301  -12.698 0.0000000000
28491  -26.817  -58.471  -12.615 0.0000000000
28499  -21.698  -58.455  -13.238 0.0000000000
28500  -22.494  -58.433  -13.536 0.0000000000
28501  -23.445  -58.367  -13.685 0.0000000000
28502  -24.357  -58.279  -13.568 0.0000000000
28503  -25.177  -58.230  -13.204 0.0000000000
29350  -27.123  -57.614  -7.182 0.0000000000
29370  -27.313  -57.601  -8.049 0.0000000000
29383  -26.258  -57.688  -10.137 0.0000000000
29384  -26.914  -57.738  -9.567 0.0000000000
29385  -27.342  -57.702  -8.882 0.0000000000
29397  -21.747  -57.333  -11.726 0.0000000000
29398  -22.483  -57.388  -11.479 0.0000000000
29399  -23.449  -57.493  -11.303 0.0000000000
29400  -24.452  -57.578  -10.990 0.0000000000
29401  -25.376  -57.601  -10.538 0.0000000000
29415  -21.318  -57.366  -12.105 0.0000000000
29424  -21.228  -57.445  -12.594 0.0000000000
29425  -25.574  -57.346  -12.859 0.0000000000
29426  -26.501  -57.456  -12.571 0.0000000000
29427  -27.437  -57.587  -12.591 0.0000000000
29435  -21.405  -57.493  -13.091 0.0000000000
29436  -22.070  -57.501  -13.373 0.0000000000
29437  -22.950  -57.455  -13.591 0.0000000000
29438  -23.894  -57.378  -13.648 0.0000000000
29439  -24.762  -57.320  -13.370 0.0000000000
30244  -27.970  -56.019  -6.892 0.0000000000
30260  -27.737  -56.336  -7.617 0.0000000000
30261  -28.107  -55.806  -7.272 0.0000000000
30279  -27.528  -56.614  -8.584 0.0000000000
30290  -25.978  -56.501  -10.418 0.0000000000
30291  -26.631  -56.884  -9.872 0.0000000000
30292  -27.155  -56.733  -9.350 0.0000000000
30302  -21.545  -56.409  -11.921 0.0000000000
30303  -22.117  -56.406  -11.602 0.0000000000
30304  -23.020  -56.471  -11.461 0.0000000000
30305  -24.048  -56.554  -11.306 0.0000000000
30306  -25.013  -56.570  -10.912 0.0000000000
30319  -21.365  -56.488  -12.350 0.0000000000
30328  -21.334  -56.591  -12.825 0.0000000000
30329  -26.111  -56.427  -12.615 0.0000000000
30330  -27.091  -56.565  -12.455 0.0000000000
30341  -21.701  -56.613  -13.245 0.0000000000
30342  -22.461  -56.548  -13.474 0.0000000000
30343  -23.408  -56.452  -13.609 0.0000000000
30344  -24.361  -56.345  -13.594 0.0000000000
30345  -25.242  -56.329  -13.193 0.0000000000
31126  -28.077  -55.679  -7.949 0.0000000000
31127  -28.226  -55.406  -7.626 0.0000000000
31146  -27.945  -55.616  -8.414 0.0000000000
31147  -28.238  -55.274  -8.120 0.0000000000
31160  -26.106  -55.409  -10.433 0.0000000000
31161  -26.781  -55.783  -9.931 0.0000000000
31162  -27.525  -55.676  -9.205 0.0000000000
31171  -21.762  -55.420  -11.733 0.0000000000
31172  -22.584  -55.443  -11.608 0.0000000000
31173  -23.587  -55.512  -11.479 0.0000000000
31174  -24.587  -55.570  -11.232 0.0000000000
31175  -25.426  -55.549  -10.786 0.0000000000
31189  -21.291  -55.491  -12.062 0.0000000000
31202  -21.384  -55.662  -12.562 0.0000000000
31203  -25.749  -55.350  -12.855 0.0000000000
31204  -26.725  -55.508  -12.507 0.0000000000
31205  -27.685  -55.688  -12.477 0.0000000000
31217  -21.539  -55.892  -12.976 0.0000000000
31218  -22.006  -55.708  -13.292 0.0000000000
31219  -22.862  -55.571  -13.517 0.0000000000
31220  -23.842  -55.411  -13.691 0.0000000000
31221  -24.944  -55.173  -13.729 0.0000000000
32057  -28.429  -54.727  -7.342 0.0000000000
32076  -28.193  -55.012  -8.414 0.0000000000
32077  -28.430  -54.539  -8.116 0.0000000000
32090  -26.432  -54.616  -10.175 0.0000000000
32091  -27.158  -54.633  -9.597 0.0000000000
32092  -27.943  -54.561  -8.875 0.0000000000
32093  -28.284  -53.964  -8.562 0.0000000000
32103  -22.196  -54.381  -11.730 0.0000000000
32104  -23.141  -54.451  -11.578 0.0000000000
32105  -24.149  -54.538  -11.383 0.0000000000
32106  -25.061  -54.625  -11.099 0.0000000000
32107  -25.729  -54.617  -10.598 0.0000000000
32122  -21.492  -54.424  -11.897 0.0000000000
32136  -21.337  -54.608  -12.355 0.0000000000
32137  -25.418  -54.250  -13.049 0.0000000000
32138  -26.357  -54.399  -12.601 0.0000000000
32139  -27.378  -54.602  -12.512 0.0000000000
32153  -21.555  -54.888  -12.965 0.0000000000
32154  -22.292  -54.730  -13.340 0.0000000000
32155  -23.205  -54.555  -13.545 0.0000000000
32156  -24.137  -54.362  -13.660 0.0000000000
32157  -24.840  -54.089  -13.598 0.0000000000
33082  -28.643  -53.361  -8.326 0.0000000000
33097  -25.968  -53.683  -10.385 0.0000000000
33098  -26.698  -53.614  -9.897 0.0000000000
33099  -27.460  -53.549  -9.406 0.0000000000
33100  -28.150  -53.390  -8.946 0.0000000000
33113  -21.894  -53.188  -11.837 0.0000000000
33114  -22.730  -53.347  -11.609 0.0000000000
33115  -23.727  -53.467  -11.407 0.0000000000
33116  -24.707  -53.615  -11.189 0.0000000000
33117  -25.376  -53.857  -10.797 0.0000000000
33133  -21.485  -53.488  -12.162 0.0000000000
33146  -21.564  -53.734  -12.653 0.0000000000
33147  -25.921  -53.182  -12.633 0.0000000000
33148  -27.037  -53.477  -12.466 0.0000000000
33149  -28.050  -53.686  -12.528 0.0000000000
33162  -21.881  -53.970  -13.130 0.0000000000
33163  -22.568  -53.709  -13.367 0.0000000000
33164  -23.484  -53.528  -13.535 0.0000000000
33165  -24.355  -53.374  -13.550 0.0000000000
33166  -25.115  -53.279  -13.305 0.0000000000
34153  -29.020  -52.496  -8.309 0.0000000000
34166  -26.205  -52.654  -10.136 0.0000000000
34167  -26.976  -52.580  -9.685 0.0000000000
34168  -27.797  -52.495  -9.356 0.0000000000
34169  -28.577  -52.328  -8.877 0.0000000000
34180  -21.797  -52.115  -11.685 0.0000000000
34181  -22.369  -52.282  -11.521 0.0000000000
34182  -23.295  -52.392  -11.351 0.0000000000
34183  -24.313  -52.528  -11.108 0.0000000000
34184  -25.339  -52.782  -10.697 0.0000000000
34198  -21.494  -52.389  -11.950 0.0000000000
34206  -21.572  -52.615  -12.389 0.0000000000
34207  -26.038  -52.143  -12.723 0.0000000000
34208  -26.773  -52.386  -12.523 0.0000000000
34209  -27.754  -52.590  -12.471 0.0000000000
34220  -21.939  -52.842  -13.056 0.0000000000
34221  -22.855  -52.629  -13.413 0.0000000000
34222  -23.799  -52.504  -13.512 0.0000000000
34223  -24.668  -52.410  -13.476 0.0000000000
34224  -25.412  -52.317  -13.112 0.0000000000
35212  -29.180  -51.583  -8.476 0.0000000000
35221  -26.476  -51.648  -9.834 0.0000000000
35222  -27.314  -51.549  -9.556 0.0000000000
35223  -28.160  -51.514  -9.313 0.0000000000
35224  -28.748  -51.348  -8.991 0.0000000000
35230  -22.057  -51.357  -11.483 0.0000000000
35231  -22.863  -51.390  -11.280 0.0000000000
35232  -23.848  -51.461  -11.019 0.0000000000
35233  -24.839  -51.590  -10.636 0.0000000000
35234  -25.725  -51.696  -10.241 0.0000000000
35246  -21.637  -51.424  -11.797 0.0000000000
35254  -21.495  -51.579  -12.138 0.0000000000
35255  -25.778  -51.457  -13.025 0.0000000000
35256  -26.507  -51.451  -12.729 0.0000000000
35257  -27.424  -51.508  -12.546 0.0000000000
35269  -21.804  -51.693  -12.587 0.0000000000
35270  -22.392  -51.664  -13.107 0.0000000000
35271  -23.275  -51.569  -13.396 0.0000000000
35272  -24.206  -51.507  -13.536 0.0000000000
35273  -25.082  -51.472  -13.453 0.0000000000
36282  -26.073  -50.963  -9.966 0.0000000000
36283  -26.759  -50.488  -9.779 0.0000000000
36284  -27.804  -50.594  -9.431 0.0000000000
36285  -28.490  -50.736  -9.149 0.0000000000
36292  -21.847  -50.509  -11.688 0.0000000000
36307  -21.537  -50.659  -11.966 0.0000000000
36314  -21.713  -50.768  -12.296 0.0000000000
36315  -26.173  -50.845  -12.938 0.0000000000
36328  -22.112  -50.730  -12.693 0.0000000000
36329  -22.808  -50.585  -13.166 0.0000000000
36330  -23.740  -50.542  -13.519 0.0000000000
36331  -24.705  -50.541  -13.592 0.0000000000
36332  -25.604  -50.576  -13.271 0.0000000000
36333  -26.176  -50.387  -13.003 0.0000000000
