#!ascii label  , from subject FREESURFER vox2ras=TkReg 
225
16303  -20.522  -71.087  -12.910 0.0000000000
16304  -20.927  -71.421  -12.652 0.0000000000
16315  -20.418  -71.465  -13.345 0.0000000000
17164  -19.683  -70.007  -12.849 0.0000000000
17165  -20.303  -70.488  -12.626 0.0000000000
17166  -20.844  -70.862  -12.396 0.0000000000
17174  -19.645  -70.022  -13.379 0.0000000000
17175  -20.087  -70.781  -13.567 0.0000000000
17182  -19.731  -69.807  -13.820 0.0000000000
17183  -20.071  -70.412  -14.196 0.0000000000
17184  -21.108  -70.526  -14.739 0.0000000000
18059  -19.740  -69.390  -12.465 0.0000000000
18060  -20.027  -69.566  -11.817 0.0000000000
18067  -19.561  -69.631  -12.887 0.0000000000
18068  -19.765  -69.831  -12.538 0.0000000000
18076  -19.545  -69.396  -13.248 0.0000000000
18083  -19.626  -69.407  -13.635 0.0000000000
18084  -19.914  -69.398  -14.016 0.0000000000
18085  -20.706  -69.447  -14.322 0.0000000000
18086  -21.828  -69.508  -14.721 0.0000000000
18087  -23.021  -69.493  -15.081 0.0000000000
18966  -19.875  -68.797  -12.138 0.0000000000
18967  -20.205  -68.744  -11.225 0.0000000000
18976  -19.604  -68.960  -12.841 0.0000000000
18985  -19.661  -68.848  -13.418 0.0000000000
18986  -19.872  -68.484  -13.653 0.0000000000
18996  -19.809  -68.914  -13.772 0.0000000000
18997  -20.311  -68.382  -14.033 0.0000000000
18998  -21.374  -68.418  -14.365 0.0000000000
18999  -22.489  -68.430  -14.637 0.0000000000
19000  -23.627  -68.413  -14.755 0.0000000000
19001  -24.795  -68.571  -15.127 0.0000000000
19849  -23.437  -66.868  -6.535 0.0000000000
19861  -23.274  -67.192  -7.183 0.0000000000
19868  -21.641  -67.804  -8.759 0.0000000000
19869  -22.607  -67.444  -8.330 0.0000000000
19870  -23.011  -67.307  -7.758 0.0000000000
19884  -20.989  -68.120  -9.866 0.0000000000
19885  -21.559  -67.759  -9.568 0.0000000000
19886  -22.242  -67.443  -9.312 0.0000000000
19900  -20.692  -68.018  -10.812 0.0000000000
19901  -21.608  -67.442  -10.489 0.0000000000
19902  -22.035  -67.446  -9.932 0.0000000000
19912  -19.878  -68.280  -12.608 0.0000000000
19913  -20.347  -67.751  -11.954 0.0000000000
19914  -21.088  -67.367  -11.321 0.0000000000
19924  -19.768  -68.307  -13.140 0.0000000000
19925  -20.092  -67.531  -12.905 0.0000000000
19934  -19.822  -68.398  -13.443 0.0000000000
19935  -20.076  -67.871  -13.510 0.0000000000
19936  -25.003  -66.948  -13.964 0.0000000000
19946  -20.531  -67.342  -13.819 0.0000000000
19947  -21.077  -67.391  -14.121 0.0000000000
19948  -22.009  -67.398  -14.389 0.0000000000
19949  -23.104  -67.433  -14.390 0.0000000000
19950  -24.393  -67.315  -14.297 0.0000000000
20842  -23.845  -66.365  -6.187 0.0000000000
20843  -24.336  -66.168  -6.697 0.0000000000
20850  -23.971  -66.794  -7.001 0.0000000000
20851  -24.420  -66.202  -7.408 0.0000000000
20857  -23.075  -67.171  -8.504 0.0000000000
20858  -23.640  -66.895  -8.175 0.0000000000
20859  -24.400  -66.007  -8.133 0.0000000000
20866  -22.997  -67.088  -9.008 0.0000000000
20867  -23.531  -66.394  -9.286 0.0000000000
20877  -22.002  -66.948  -10.680 0.0000000000
20878  -22.594  -66.730  -10.219 0.0000000000
20879  -23.348  -65.798  -9.904 0.0000000000
20889  -20.996  -66.800  -11.920 0.0000000000
20890  -21.782  -66.576  -11.239 0.0000000000
20891  -22.437  -65.832  -10.997 0.0000000000
20903  -20.580  -66.410  -12.653 0.0000000000
20912  -20.487  -66.647  -13.444 0.0000000000
20913  -23.240  -65.996  -13.869 0.0000000000
20914  -23.928  -66.117  -13.740 0.0000000000
20915  -24.704  -66.489  -13.699 0.0000000000
20924  -20.876  -66.469  -13.983 0.0000000000
20925  -21.574  -66.456  -14.193 0.0000000000
20926  -22.568  -66.412  -14.155 0.0000000000
20927  -23.551  -66.668  -14.031 0.0000000000
20928  -24.128  -66.685  -13.872 0.0000000000
21737  -23.739  -65.507  -5.743 0.0000000000
21738  -24.377  -65.153  -6.132 0.0000000000
21745  -24.268  -65.753  -6.260 0.0000000000
21746  -24.795  -65.395  -6.801 0.0000000000
21747  -25.183  -64.950  -7.398 0.0000000000
21755  -24.836  -65.484  -7.705 0.0000000000
21756  -25.257  -64.932  -8.009 0.0000000000
21763  -24.114  -66.025  -8.747 0.0000000000
21764  -24.612  -65.133  -8.529 0.0000000000
21765  -25.110  -64.713  -8.372 0.0000000000
21772  -23.913  -65.345  -9.295 0.0000000000
21773  -24.321  -64.746  -9.080 0.0000000000
21778  -22.970  -65.435  -10.531 0.0000000000
21779  -23.424  -64.896  -9.959 0.0000000000
21781  -21.242  -65.769  -12.113 0.0000000000
21782  -21.949  -65.294  -11.524 0.0000000000
21783  -22.583  -64.921  -11.080 0.0000000000
21791  -20.738  -65.034  -12.673 0.0000000000
21792  -25.024  -65.272  -13.045 0.0000000000
21804  -20.579  -65.407  -13.262 0.0000000000
21805  -22.716  -65.406  -13.945 0.0000000000
21806  -23.551  -65.346  -13.687 0.0000000000
21807  -24.446  -65.478  -13.352 0.0000000000
21817  -20.787  -65.558  -13.801 0.0000000000
21818  -21.247  -65.624  -14.138 0.0000000000
21819  -21.913  -65.585  -14.161 0.0000000000
22582  -24.118  -64.526  -5.793 0.0000000000
22583  -24.767  -64.477  -6.344 0.0000000000
22592  -25.253  -64.425  -6.953 0.0000000000
22593  -25.439  -64.314  -7.632 0.0000000000
22601  -25.414  -64.311  -8.249 0.0000000000
22607  -24.669  -64.576  -8.903 0.0000000000
22608  -25.065  -64.414  -8.728 0.0000000000
22614  -23.946  -64.388  -9.501 0.0000000000
22615  -24.555  -64.280  -9.240 0.0000000000
22616  -24.863  -64.336  -9.042 0.0000000000
22623  -22.518  -63.664  -10.895 0.0000000000
22624  -22.922  -64.262  -10.619 0.0000000000
22625  -23.483  -64.160  -9.949 0.0000000000
22627  -21.408  -64.406  -12.132 0.0000000000
22628  -22.206  -64.183  -11.269 0.0000000000
22629  -22.559  -64.459  -10.990 0.0000000000
22640  -20.941  -64.040  -12.730 0.0000000000
22641  -24.799  -64.561  -12.889 0.0000000000
22655  -20.729  -64.345  -13.148 0.0000000000
22656  -21.496  -64.311  -13.844 0.0000000000
22657  -22.006  -64.616  -13.945 0.0000000000
22658  -23.080  -64.531  -13.772 0.0000000000
22659  -23.958  -64.563  -13.444 0.0000000000
22668  -20.859  -64.663  -13.598 0.0000000000
22669  -21.203  -64.763  -13.979 0.0000000000
22670  -21.542  -65.126  -14.085 0.0000000000
23469  -24.710  -63.661  -6.012 0.0000000000
23480  -25.242  -63.628  -6.562 0.0000000000
23481  -25.581  -63.553  -7.253 0.0000000000
23489  -25.747  -63.601  -8.007 0.0000000000
23495  -25.430  -63.681  -8.665 0.0000000000
23500  -23.806  -63.800  -9.738 0.0000000000
23501  -24.426  -63.554  -9.553 0.0000000000
23502  -25.052  -63.941  -9.192 0.0000000000
23509  -22.147  -63.021  -11.134 0.0000000000
23510  -22.789  -63.208  -10.541 0.0000000000
23511  -23.435  -63.478  -10.066 0.0000000000
23512  -23.892  -63.442  -9.783 0.0000000000
23517  -21.177  -63.120  -12.394 0.0000000000
23518  -21.652  -63.440  -11.732 0.0000000000
23529  -20.800  -63.324  -12.965 0.0000000000
23530  -25.029  -63.311  -12.677 0.0000000000
23541  -21.051  -63.708  -13.436 0.0000000000
23542  -21.709  -63.670  -13.675 0.0000000000
23543  -22.650  -63.630  -13.712 0.0000000000
23544  -23.576  -63.677  -13.544 0.0000000000
23545  -24.287  -63.802  -13.152 0.0000000000
23555  -21.044  -64.322  -13.737 0.0000000000
23556  -21.257  -64.176  -13.755 0.0000000000
24414  -24.829  -62.580  -5.926 0.0000000000
24415  -25.355  -61.995  -6.286 0.0000000000
24424  -25.161  -63.091  -6.267 0.0000000000
24425  -25.710  -62.450  -6.791 0.0000000000
24426  -26.099  -61.789  -7.321 0.0000000000
24435  -25.911  -62.800  -7.686 0.0000000000
24436  -26.086  -62.075  -7.641 0.0000000000
24443  -25.773  -62.632  -8.480 0.0000000000
24444  -26.064  -62.329  -8.046 0.0000000000
24450  -24.792  -62.497  -9.692 0.0000000000
24451  -25.306  -63.070  -9.251 0.0000000000
24455  -21.145  -61.561  -11.635 0.0000000000
24456  -21.883  -61.917  -11.206 0.0000000000
24457  -22.621  -62.250  -10.661 0.0000000000
24458  -23.376  -62.571  -10.262 0.0000000000
24459  -23.998  -62.923  -9.882 0.0000000000
24466  -20.803  -62.054  -12.109 0.0000000000
24467  -21.436  -62.506  -11.704 0.0000000000
24476  -20.760  -62.326  -12.684 0.0000000000
24477  -24.824  -62.063  -12.878 0.0000000000
24487  -20.874  -62.508  -13.104 0.0000000000
24488  -21.458  -62.604  -13.373 0.0000000000
24489  -22.304  -62.621  -13.560 0.0000000000
24490  -23.259  -62.694  -13.509 0.0000000000
24491  -24.147  -62.884  -13.206 0.0000000000
25397  -25.678  -61.389  -6.538 0.0000000000
25398  -26.172  -61.309  -7.138 0.0000000000
25407  -26.458  -61.350  -7.726 0.0000000000
25415  -25.878  -61.959  -8.685 0.0000000000
25416  -26.198  -61.721  -8.348 0.0000000000
25422  -24.981  -61.451  -9.871 0.0000000000
25423  -25.587  -61.873  -9.177 0.0000000000
25424  -26.003  -61.666  -8.803 0.0000000000
25427  -20.951  -60.746  -11.679 0.0000000000
25428  -21.633  -60.933  -11.320 0.0000000000
25429  -22.505  -61.234  -10.920 0.0000000000
25430  -23.387  -61.564  -10.503 0.0000000000
25431  -24.171  -61.983  -10.121 0.0000000000
25439  -20.656  -61.221  -12.009 0.0000000000
25447  -20.648  -61.522  -12.466 0.0000000000
25458  -20.693  -61.610  -12.825 0.0000000000
25459  -21.151  -61.568  -13.126 0.0000000000
25460  -21.939  -61.559  -13.366 0.0000000000
25461  -22.937  -61.589  -13.460 0.0000000000
25462  -23.932  -61.767  -13.330 0.0000000000
26401  -26.233  -60.470  -6.845 0.0000000000
26412  -26.816  -60.417  -7.624 0.0000000000
26413  -27.137  -60.031  -7.994 0.0000000000
26426  -26.759  -60.601  -8.399 0.0000000000
26427  -27.030  -60.249  -8.113 0.0000000000
26437  -25.068  -60.854  -10.033 0.0000000000
26438  -25.661  -60.636  -9.724 0.0000000000
26439  -26.251  -61.094  -8.996 0.0000000000
26449  -22.334  -60.211  -11.214 0.0000000000
26450  -23.321  -60.489  -10.829 0.0000000000
26451  -24.436  -60.794  -10.356 0.0000000000
26452  -25.105  -60.515  -10.111 0.0000000000
26462  -20.656  -60.559  -12.012 0.0000000000
26469  -20.646  -60.905  -12.373 0.0000000000
26481  -20.660  -61.170  -12.610 0.0000000000
27468  -26.773  -59.556  -7.205 0.0000000000
27469  -27.148  -59.547  -7.853 0.0000000000
27486  -26.904  -60.100  -8.693 0.0000000000
27487  -27.069  -59.812  -8.442 0.0000000000
27496  -26.036  -59.558  -9.909 0.0000000000
27497  -26.715  -59.871  -9.178 0.0000000000
27498  -27.130  -59.301  -8.822 0.0000000000
27510  -24.118  -59.604  -10.705 0.0000000000
27511  -25.148  -59.776  -10.261 0.0000000000
