#!ascii label  , from subject FREESURFER vox2ras=TkReg 
214
36262  -29.478  -50.608  -7.473 0.0000000000
36271  -28.995  -50.534  -8.720 0.0000000000
36272  -29.364  -50.754  -8.206 0.0000000000
37145  -29.781  -48.680  -6.820 0.0000000000
37151  -29.649  -49.368  -7.190 0.0000000000
37152  -29.821  -48.574  -7.226 0.0000000000
37161  -28.954  -49.958  -8.661 0.0000000000
37162  -29.286  -49.645  -8.237 0.0000000000
37173  -28.590  -49.684  -9.058 0.0000000000
37174  -29.151  -48.901  -8.752 0.0000000000
37974  -29.960  -48.081  -6.917 0.0000000000
37981  -29.708  -48.676  -7.724 0.0000000000
37982  -29.972  -48.065  -7.474 0.0000000000
37992  -29.594  -48.287  -8.361 0.0000000000
37993  -29.900  -48.145  -7.879 0.0000000000
38002  -28.023  -48.639  -9.530 0.0000000000
38003  -28.865  -48.501  -9.168 0.0000000000
38004  -29.270  -48.352  -8.842 0.0000000000
38840  -30.030  -47.460  -6.423 0.0000000000
38851  -30.273  -47.418  -7.147 0.0000000000
38860  -29.875  -47.390  -8.559 0.0000000000
38861  -30.192  -47.529  -7.944 0.0000000000
38870  -28.566  -47.658  -9.508 0.0000000000
38871  -29.359  -47.690  -9.026 0.0000000000
39750  -30.394  -46.632  -6.639 0.0000000000
39763  -30.510  -46.577  -7.498 0.0000000000
39771  -29.829  -46.905  -9.006 0.0000000000
39772  -30.298  -46.535  -8.450 0.0000000000
39781  -28.219  -46.763  -9.922 0.0000000000
39782  -29.207  -46.630  -9.508 0.0000000000
40652  -30.683  -45.643  -6.900 0.0000000000
40667  -30.623  -45.571  -7.894 0.0000000000
40678  -30.002  -46.122  -9.203 0.0000000000
40679  -30.409  -45.465  -8.834 0.0000000000
40687  -28.716  -45.657  -10.112 0.0000000000
40688  -29.603  -45.562  -9.658 0.0000000000
40689  -30.102  -45.432  -9.340 0.0000000000
40704  -28.171  -45.440  -10.383 0.0000000000
41524  -30.964  -43.850  -6.932 0.0000000000
41541  -30.833  -44.648  -7.323 0.0000000000
41542  -31.044  -43.787  -7.638 0.0000000000
41553  -30.753  -44.484  -8.357 0.0000000000
41554  -30.978  -43.607  -8.265 0.0000000000
41559  -28.824  -45.107  -10.274 0.0000000000
41560  -29.262  -44.961  -10.148 0.0000000000
41561  -30.216  -44.521  -9.548 0.0000000000
41577  -28.458  -44.673  -10.459 0.0000000000
41578  -29.449  -44.064  -10.273 0.0000000000
41579  -30.077  -43.590  -10.055 0.0000000000
42416  -31.218  -43.039  -7.113 0.0000000000
42432  -31.280  -43.018  -7.898 0.0000000000
42443  -30.765  -43.667  -8.900 0.0000000000
42444  -31.052  -43.054  -8.568 0.0000000000
42446  -30.550  -43.136  -9.528 0.0000000000
42447  -30.842  -43.112  -9.005 0.0000000000
42463  -27.865  -43.521  -10.683 0.0000000000
42464  -28.810  -43.376  -10.533 0.0000000000
42465  -29.614  -43.136  -10.320 0.0000000000
42466  -30.159  -42.952  -10.081 0.0000000000
43404  -31.437  -42.157  -7.479 0.0000000000
43414  -31.369  -42.301  -8.332 0.0000000000
43416  -30.790  -42.145  -9.519 0.0000000000
43417  -31.016  -42.565  -9.002 0.0000000000
43431  -27.531  -42.785  -10.763 0.0000000000
43432  -28.248  -42.419  -10.667 0.0000000000
43433  -29.182  -42.422  -10.509 0.0000000000
43434  -29.902  -42.378  -10.193 0.0000000000
43435  -30.387  -42.464  -9.898 0.0000000000
43446  -27.102  -42.350  -11.066 0.0000000000
43447  -27.694  -42.276  -10.829 0.0000000000
44392  -31.590  -41.321  -8.021 0.0000000000
44394  -30.999  -41.439  -9.648 0.0000000000
44395  -31.312  -41.573  -8.978 0.0000000000
44410  -28.312  -41.857  -10.723 0.0000000000
44411  -28.783  -41.610  -10.674 0.0000000000
44412  -29.683  -41.612  -10.373 0.0000000000
44413  -30.448  -41.684  -10.025 0.0000000000
44425  -26.945  -41.411  -11.234 0.0000000000
44426  -27.944  -41.569  -10.857 0.0000000000
44427  -28.528  -41.162  -10.790 0.0000000000
45475  -31.470  -40.228  -7.701 0.0000000000
45481  -31.568  -40.455  -8.635 0.0000000000
45483  -30.900  -41.043  -10.012 0.0000000000
45484  -31.291  -40.670  -9.564 0.0000000000
45498  -28.930  -40.945  -10.784 0.0000000000
45499  -29.489  -40.955  -10.611 0.0000000000
45500  -30.382  -40.703  -10.398 0.0000000000
45501  -31.005  -40.598  -10.100 0.0000000000
45513  -26.672  -40.559  -11.458 0.0000000000
45514  -27.586  -40.597  -11.252 0.0000000000
45515  -28.537  -40.623  -11.043 0.0000000000
45516  -29.379  -40.479  -10.921 0.0000000000
45517  -29.869  -40.520  -10.723 0.0000000000
46524  -31.681  -39.261  -8.275 0.0000000000
46528  -31.605  -39.614  -9.260 0.0000000000
46542  -30.639  -40.082  -10.554 0.0000000000
46543  -31.121  -39.917  -10.185 0.0000000000
46557  -26.346  -39.862  -11.688 0.0000000000
46558  -27.265  -39.740  -11.758 0.0000000000
46559  -28.240  -39.909  -11.567 0.0000000000
46560  -29.235  -39.892  -11.373 0.0000000000
46561  -30.214  -39.979  -10.956 0.0000000000
46562  -30.745  -39.759  -10.617 0.0000000000
46572  -26.140  -39.310  -12.080 0.0000000000
46573  -26.734  -39.485  -11.972 0.0000000000
47502  -31.352  -38.338  -7.730 0.0000000000
47508  -31.730  -38.214  -8.371 0.0000000000
47509  -32.040  -37.979  -8.779 0.0000000000
47515  -31.927  -38.661  -8.974 0.0000000000
47516  -32.165  -38.069  -9.302 0.0000000000
47523  -31.700  -38.677  -9.901 0.0000000000
47524  -32.211  -38.044  -9.789 0.0000000000
47537  -27.450  -39.390  -12.078 0.0000000000
47538  -27.910  -39.394  -12.075 0.0000000000
47539  -28.896  -39.301  -11.935 0.0000000000
47540  -30.074  -39.034  -11.639 0.0000000000
47541  -30.984  -39.143  -10.797 0.0000000000
47553  -25.905  -38.614  -12.521 0.0000000000
47554  -27.152  -39.042  -12.393 0.0000000000
47555  -28.391  -38.846  -12.499 0.0000000000
47556  -29.431  -38.675  -12.261 0.0000000000
47557  -30.024  -38.569  -12.092 0.0000000000
48528  -30.820  -37.489  -7.519 0.0000000000
48529  -31.454  -37.542  -7.976 0.0000000000
48541  -31.828  -37.480  -8.440 0.0000000000
48542  -32.201  -37.414  -8.894 0.0000000000
48554  -32.388  -37.516  -9.527 0.0000000000
48559  -31.600  -38.483  -10.680 0.0000000000
48560  -32.208  -37.801  -10.397 0.0000000000
48568  -30.403  -38.505  -11.978 0.0000000000
48569  -31.242  -38.223  -11.569 0.0000000000
48570  -32.164  -37.382  -11.250 0.0000000000
48582  -26.639  -38.110  -13.047 0.0000000000
48583  -27.858  -38.268  -13.149 0.0000000000
48584  -28.953  -38.213  -12.843 0.0000000000
48585  -30.153  -38.155  -12.517 0.0000000000
48586  -31.053  -37.623  -12.413 0.0000000000
48596  -27.291  -37.579  -13.494 0.0000000000
48597  -27.968  -37.723  -13.492 0.0000000000
49556  -30.269  -36.677  -7.460 0.0000000000
49557  -31.134  -36.644  -7.826 0.0000000000
49558  -31.607  -37.074  -8.139 0.0000000000
49572  -31.443  -36.096  -8.106 0.0000000000
49573  -31.867  -36.652  -8.446 0.0000000000
49574  -32.332  -36.753  -9.120 0.0000000000
49584  -32.585  -36.939  -9.759 0.0000000000
49587  -32.631  -36.708  -10.517 0.0000000000
49593  -31.740  -37.361  -11.954 0.0000000000
49594  -32.459  -36.563  -11.682 0.0000000000
49605  -28.475  -37.808  -13.343 0.0000000000
49606  -29.296  -37.620  -13.267 0.0000000000
49607  -30.396  -37.351  -13.125 0.0000000000
49608  -31.518  -36.880  -12.752 0.0000000000
49609  -32.301  -36.044  -12.623 0.0000000000
49621  -28.181  -37.223  -13.856 0.0000000000
49622  -29.480  -36.905  -13.773 0.0000000000
49623  -30.598  -36.598  -13.622 0.0000000000
49624  -31.563  -36.161  -13.445 0.0000000000
49625  -32.206  -35.642  -13.290 0.0000000000
50650  -30.511  -36.175  -7.644 0.0000000000
50668  -30.729  -35.607  -7.983 0.0000000000
50669  -31.753  -35.657  -8.607 0.0000000000
50670  -32.171  -36.204  -8.844 0.0000000000
50679  -32.066  -35.387  -8.974 0.0000000000
50680  -32.461  -35.830  -9.414 0.0000000000
50682  -32.939  -35.561  -10.677 0.0000000000
50683  -33.153  -34.930  -11.240 0.0000000000
50685  -32.916  -35.561  -11.799 0.0000000000
50686  -33.225  -34.799  -11.922 0.0000000000
50693  -32.801  -35.221  -12.694 0.0000000000
50694  -33.188  -34.575  -12.515 0.0000000000
50706  -28.596  -36.422  -14.467 0.0000000000
50707  -29.742  -36.211  -14.331 0.0000000000
50708  -30.777  -35.914  -14.171 0.0000000000
50709  -31.684  -35.539  -13.978 0.0000000000
50710  -32.432  -35.019  -13.625 0.0000000000
50720  -28.913  -35.686  -14.938 0.0000000000
50721  -29.973  -35.500  -14.816 0.0000000000
50722  -30.968  -35.223  -14.660 0.0000000000
50723  -31.826  -34.863  -14.352 0.0000000000
50724  -32.305  -34.584  -14.043 0.0000000000
51808  -31.030  -35.004  -8.566 0.0000000000
51821  -31.794  -34.765  -9.077 0.0000000000
51822  -32.600  -34.684  -9.869 0.0000000000
51824  -33.045  -34.451  -10.640 0.0000000000
51825  -33.295  -34.222  -11.331 0.0000000000
51827  -33.404  -34.075  -12.053 0.0000000000
51832  -32.958  -34.650  -13.088 0.0000000000
51833  -33.263  -33.990  -12.866 0.0000000000
51843  -32.724  -34.229  -13.655 0.0000000000
51844  -33.094  -33.613  -13.426 0.0000000000
51855  -29.161  -34.953  -15.325 0.0000000000
51856  -30.155  -34.738  -15.190 0.0000000000
51857  -31.165  -34.403  -15.044 0.0000000000
51858  -32.120  -34.106  -14.489 0.0000000000
51865  -29.320  -34.187  -15.524 0.0000000000
51866  -30.223  -33.951  -15.381 0.0000000000
52848  -32.078  -33.880  -9.689 0.0000000000
52849  -32.657  -33.744  -10.233 0.0000000000
52855  -33.094  -33.576  -10.844 0.0000000000
52856  -33.315  -33.444  -11.518 0.0000000000
52859  -33.393  -33.288  -12.289 0.0000000000
52862  -33.342  -33.276  -12.985 0.0000000000
52869  -32.726  -33.488  -14.060 0.0000000000
52870  -33.202  -32.971  -13.575 0.0000000000
52883  -31.561  -33.722  -15.097 0.0000000000
53876  -32.292  -33.325  -10.047 0.0000000000
53890  -32.562  -32.624  -10.595 0.0000000000
53891  -33.134  -33.017  -11.103 0.0000000000
53895  -32.999  -31.954  -11.143 0.0000000000
53896  -33.307  -32.444  -11.620 0.0000000000
53901  -33.437  -32.430  -12.826 0.0000000000
54926  -33.186  -31.382  -11.566 0.0000000000
54933  -33.470  -31.428  -12.347 0.0000000000
