#!ascii label  , from subject FREESURFER vox2ras=TkReg 
388
25850  -39.955  -60.433  28.773 0.0000000000
25851  -40.647  -60.399  28.830 0.0000000000
25852  -41.037  -60.284  28.759 0.0000000000
25857  -39.806  -60.334  27.962 0.0000000000
25858  -40.446  -60.417  28.185 0.0000000000
25859  -40.994  -60.286  28.278 0.0000000000
25863  -39.752  -60.235  27.106 0.0000000000
25864  -40.418  -60.376  27.364 0.0000000000
25865  -41.018  -60.228  27.552 0.0000000000
26794  -42.205  -59.227  33.029 0.0000000000
26795  -42.763  -59.340  33.479 0.0000000000
26813  -41.922  -59.731  32.263 0.0000000000
26814  -42.635  -59.398  32.605 0.0000000000
26815  -43.000  -59.464  33.188 0.0000000000
26832  -41.070  -59.838  31.067 0.0000000000
26833  -41.750  -60.060  31.416 0.0000000000
26834  -42.289  -59.797  31.660 0.0000000000
26848  -39.983  -59.739  30.034 0.0000000000
26849  -40.748  -60.047  30.227 0.0000000000
26850  -41.714  -60.056  30.464 0.0000000000
26851  -42.145  -60.103  31.065 0.0000000000
26860  -39.640  -59.915  29.301 0.0000000000
26861  -40.320  -60.220  29.451 0.0000000000
26862  -41.176  -60.116  29.346 0.0000000000
26867  -39.402  -59.879  28.443 0.0000000000
26868  -41.236  -59.811  28.450 0.0000000000
26872  -39.280  -59.828  27.559 0.0000000000
26873  -41.329  -59.665  27.705 0.0000000000
26880  -38.907  -59.292  26.716 0.0000000000
26881  -39.234  -59.732  26.719 0.0000000000
26882  -41.582  -59.626  27.014 0.0000000000
26883  -42.072  -59.637  26.519 0.0000000000
26890  -38.912  -59.231  26.215 0.0000000000
27024  -48.373  -59.124  18.881 0.0000000000
27850  -40.933  -58.668  32.103 0.0000000000
27851  -41.459  -58.845  32.665 0.0000000000
27852  -42.955  -59.248  32.464 0.0000000000
27853  -43.306  -59.237  32.970 0.0000000000
27866  -40.661  -58.972  31.494 0.0000000000
27867  -41.258  -59.533  31.878 0.0000000000
27868  -42.774  -59.168  31.872 0.0000000000
27869  -43.140  -58.983  32.363 0.0000000000
27886  -40.377  -59.327  30.727 0.0000000000
27887  -42.112  -59.588  30.201 0.0000000000
27888  -42.392  -59.313  30.807 0.0000000000
27903  -39.641  -59.184  29.659 0.0000000000
27904  -41.727  -59.249  29.648 0.0000000000
27905  -42.141  -59.006  30.062 0.0000000000
27915  -39.358  -59.061  28.924 0.0000000000
27916  -41.464  -59.076  28.709 0.0000000000
27920  -38.946  -58.350  27.210 0.0000000000
27921  -38.993  -58.914  27.781 0.0000000000
27922  -41.498  -58.868  27.825 0.0000000000
27928  -38.822  -58.685  26.746 0.0000000000
27929  -38.972  -59.348  27.122 0.0000000000
27930  -41.689  -58.870  27.118 0.0000000000
27931  -42.076  -58.901  26.599 0.0000000000
27937  -38.713  -58.500  25.772 0.0000000000
27938  -42.674  -58.892  25.895 0.0000000000
27939  -43.246  -59.116  25.320 0.0000000000
27948  -43.011  -58.441  24.750 0.0000000000
27949  -43.498  -58.985  24.564 0.0000000000
27961  -43.308  -58.442  23.963 0.0000000000
27962  -43.956  -58.769  23.591 0.0000000000
27981  -44.558  -58.384  22.766 0.0000000000
28021  -46.831  -58.505  20.428 0.0000000000
28035  -46.039  -58.283  19.067 0.0000000000
28036  -46.586  -58.547  19.462 0.0000000000
28037  -47.366  -58.915  19.798 0.0000000000
28052  -45.802  -58.155  18.451 0.0000000000
28053  -46.515  -58.496  18.484 0.0000000000
28054  -47.591  -58.939  18.700 0.0000000000
28055  -48.723  -58.909  18.326 0.0000000000
28068  -45.627  -58.023  17.917 0.0000000000
28069  -46.149  -58.190  17.579 0.0000000000
28070  -47.128  -58.528  17.667 0.0000000000
28071  -48.197  -58.672  17.612 0.0000000000
28072  -49.367  -58.376  17.593 0.0000000000
28084  -46.241  -58.033  16.962 0.0000000000
28085  -46.748  -58.185  16.916 0.0000000000
28086  -47.693  -58.257  16.903 0.0000000000
28087  -48.634  -58.154  17.000 0.0000000000
28123  -53.465  -58.207  13.714 0.0000000000
28779  -43.824  -58.494  33.210 0.0000000000
28794  -43.461  -58.574  32.595 0.0000000000
28807  -42.829  -58.522  31.276 0.0000000000
28808  -43.207  -58.222  31.925 0.0000000000
28824  -42.666  -58.156  30.714 0.0000000000
28840  -41.978  -58.206  29.552 0.0000000000
28841  -42.338  -58.175  30.137 0.0000000000
28856  -41.672  -58.145  28.926 0.0000000000
28867  -41.535  -57.895  28.040 0.0000000000
28874  -41.812  -57.821  26.944 0.0000000000
28875  -41.934  -58.398  26.700 0.0000000000
28881  -41.945  -57.255  25.857 0.0000000000
28882  -42.220  -58.101  26.205 0.0000000000
28888  -41.927  -57.010  25.185 0.0000000000
28889  -42.371  -57.621  25.019 0.0000000000
28895  -42.864  -57.695  23.666 0.0000000000
28896  -43.450  -58.132  23.400 0.0000000000
28911  -42.988  -57.093  22.798 0.0000000000
28912  -43.779  -57.580  22.517 0.0000000000
28913  -44.911  -57.936  22.139 0.0000000000
28930  -43.968  -57.048  21.761 0.0000000000
28931  -44.504  -57.304  21.591 0.0000000000
28932  -45.759  -57.813  21.580 0.0000000000
28933  -46.286  -57.983  20.834 0.0000000000
28946  -44.846  -57.215  20.852 0.0000000000
28947  -45.565  -57.622  20.462 0.0000000000
28948  -46.104  -58.100  20.048 0.0000000000
28961  -44.778  -57.255  19.938 0.0000000000
28962  -45.475  -57.846  19.346 0.0000000000
28963  -46.036  -58.176  19.506 0.0000000000
28974  -43.854  -57.044  18.412 0.0000000000
28975  -44.428  -57.339  18.786 0.0000000000
28976  -45.205  -57.840  18.279 0.0000000000
28982  -43.993  -57.258  17.832 0.0000000000
28983  -44.673  -57.578  17.711 0.0000000000
28984  -45.430  -57.806  17.412 0.0000000000
28985  -45.920  -57.892  17.001 0.0000000000
28986  -50.073  -58.005  17.393 0.0000000000
28987  -50.823  -57.767  17.391 0.0000000000
28997  -44.269  -57.344  17.153 0.0000000000
28998  -44.870  -57.469  16.797 0.0000000000
28999  -45.572  -57.617  16.674 0.0000000000
29000  -46.271  -57.763  16.502 0.0000000000
29001  -47.178  -57.829  16.288 0.0000000000
29002  -48.244  -57.771  16.321 0.0000000000
29003  -49.618  -57.720  16.685 0.0000000000
29004  -51.032  -57.471  16.567 0.0000000000
29005  -52.290  -57.437  16.559 0.0000000000
29018  -45.189  -57.406  16.315 0.0000000000
29019  -45.683  -57.396  16.041 0.0000000000
29020  -46.565  -57.424  15.778 0.0000000000
29021  -47.558  -57.429  15.571 0.0000000000
29022  -48.717  -57.352  15.566 0.0000000000
29023  -50.038  -57.252  15.625 0.0000000000
29024  -51.301  -57.235  15.694 0.0000000000
29025  -52.528  -57.372  15.680 0.0000000000
29026  -53.552  -57.638  15.684 0.0000000000
29039  -47.904  -57.213  15.077 0.0000000000
29040  -48.368  -57.126  14.821 0.0000000000
29041  -50.480  -57.134  15.027 0.0000000000
29042  -51.394  -57.296  14.587 0.0000000000
29043  -52.882  -57.493  14.890 0.0000000000
29044  -53.754  -57.801  15.125 0.0000000000
29054  -50.645  -57.325  12.872 0.0000000000
29055  -51.244  -57.390  13.430 0.0000000000
29056  -52.351  -57.526  13.947 0.0000000000
29057  -53.378  -57.920  14.280 0.0000000000
29058  -53.896  -58.185  14.825 0.0000000000
29071  -52.049  -57.717  13.041 0.0000000000
29072  -52.946  -57.945  13.465 0.0000000000
29747  -43.694  -57.472  32.598 0.0000000000
29759  -42.958  -57.402  31.149 0.0000000000
29760  -43.301  -56.997  31.794 0.0000000000
29772  -42.530  -57.134  30.361 0.0000000000
29789  -41.922  -57.545  29.081 0.0000000000
29790  -42.226  -57.006  29.377 0.0000000000
29806  -41.947  -56.932  28.437 0.0000000000
29807  -42.162  -56.414  28.765 0.0000000000
29821  -41.803  -56.775  27.361 0.0000000000
29835  -41.681  -56.602  26.359 0.0000000000
29840  -41.679  -56.474  25.405 0.0000000000
29845  -41.927  -56.610  24.518 0.0000000000
29846  -42.321  -57.046  24.055 0.0000000000
29851  -42.138  -56.536  23.834 0.0000000000
29852  -42.457  -56.692  23.291 0.0000000000
29864  -42.777  -56.463  22.411 0.0000000000
29865  -43.269  -56.890  22.323 0.0000000000
29881  -42.817  -56.077  21.914 0.0000000000
29882  -43.486  -56.516  21.619 0.0000000000
29883  -44.023  -56.919  21.458 0.0000000000
29896  -43.783  -56.245  20.665 0.0000000000
29897  -44.182  -56.760  21.087 0.0000000000
29911  -43.770  -56.326  19.860 0.0000000000
29912  -44.245  -56.742  20.360 0.0000000000
29921  -43.134  -56.361  18.402 0.0000000000
29922  -43.626  -56.642  18.933 0.0000000000
29923  -44.148  -56.859  19.612 0.0000000000
29930  -42.953  -56.279  17.633 0.0000000000
29931  -43.474  -56.809  18.022 0.0000000000
29938  -42.868  -56.033  16.620 0.0000000000
29939  -43.598  -56.929  16.867 0.0000000000
29940  -44.314  -57.244  16.625 0.0000000000
29948  -42.814  -55.741  15.990 0.0000000000
29949  -43.391  -56.121  15.668 0.0000000000
29950  -44.624  -56.996  15.821 0.0000000000
29951  -45.840  -56.999  15.256 0.0000000000
29952  -46.838  -57.110  15.069 0.0000000000
29953  -47.431  -57.171  15.035 0.0000000000
29954  -49.230  -57.061  14.908 0.0000000000
29955  -49.889  -57.013  14.963 0.0000000000
29964  -43.570  -55.769  15.012 0.0000000000
29965  -44.088  -56.050  14.914 0.0000000000
29966  -45.103  -56.307  14.559 0.0000000000
29967  -46.230  -56.602  14.421 0.0000000000
29968  -47.416  -56.974  14.406 0.0000000000
29969  -48.531  -57.000  14.158 0.0000000000
29970  -49.826  -57.081  14.206 0.0000000000
29971  -50.565  -57.252  13.692 0.0000000000
29980  -45.676  -55.936  13.822 0.0000000000
29981  -46.506  -56.324  13.459 0.0000000000
29982  -47.625  -56.741  13.351 0.0000000000
29983  -48.724  -56.890  13.207 0.0000000000
29984  -49.853  -57.174  12.923 0.0000000000
29985  -50.566  -57.288  13.238 0.0000000000
29994  -46.893  -56.254  12.549 0.0000000000
29995  -47.825  -56.552  12.404 0.0000000000
30005  -47.093  -56.215  11.669 0.0000000000
30644  -43.594  -56.601  32.113 0.0000000000
30645  -44.035  -56.255  32.426 0.0000000000
30658  -43.116  -56.566  31.337 0.0000000000
30659  -43.540  -55.822  31.512 0.0000000000
30660  -44.561  -55.454  31.848 0.0000000000
30671  -42.829  -56.156  30.819 0.0000000000
30672  -43.213  -55.428  30.813 0.0000000000
30685  -42.513  -55.991  29.849 0.0000000000
30704  -42.144  -56.027  28.378 0.0000000000
30705  -42.328  -55.774  28.903 0.0000000000
30721  -41.931  -55.752  27.677 0.0000000000
30722  -42.199  -55.349  28.187 0.0000000000
30740  -41.639  -55.745  26.782 0.0000000000
30755  -41.505  -55.640  25.808 0.0000000000
30760  -41.612  -55.663  24.738 0.0000000000
30766  -41.980  -55.760  23.520 0.0000000000
30767  -42.365  -56.145  22.878 0.0000000000
30776  -41.955  -55.072  22.780 0.0000000000
30777  -42.367  -55.630  22.351 0.0000000000
30791  -42.766  -55.633  21.399 0.0000000000
30792  -43.303  -55.854  20.873 0.0000000000
30806  -42.837  -55.383  20.518 0.0000000000
30807  -43.311  -55.846  20.160 0.0000000000
30819  -42.757  -55.443  19.640 0.0000000000
30820  -43.163  -56.072  19.366 0.0000000000
30826  -42.674  -55.719  18.559 0.0000000000
30827  -43.107  -56.230  18.830 0.0000000000
30834  -42.426  -55.476  17.355 0.0000000000
30841  -42.468  -55.295  16.348 0.0000000000
30847  -42.771  -55.320  15.450 0.0000000000
30848  -43.245  -55.559  15.052 0.0000000000
30855  -43.009  -55.163  14.762 0.0000000000
30856  -43.592  -55.308  14.474 0.0000000000
30857  -44.391  -55.570  14.177 0.0000000000
30858  -45.004  -55.648  13.866 0.0000000000
30866  -43.974  -55.047  13.826 0.0000000000
30867  -44.541  -55.124  13.442 0.0000000000
30868  -45.218  -55.450  13.298 0.0000000000
30869  -45.796  -55.717  13.168 0.0000000000
30876  -44.840  -55.070  12.874 0.0000000000
30877  -45.395  -55.283  12.616 0.0000000000
30878  -46.139  -55.725  12.622 0.0000000000
30885  -45.775  -55.306  12.051 0.0000000000
30886  -46.375  -55.708  11.839 0.0000000000
31600  -44.300  -54.996  31.195 0.0000000000
31601  -45.060  -54.950  31.182 0.0000000000
31614  -42.948  -55.176  30.211 0.0000000000
31615  -43.759  -54.811  30.568 0.0000000000
31616  -44.795  -54.649  30.508 0.0000000000
31625  -42.698  -54.965  29.272 0.0000000000
31626  -43.529  -54.493  29.502 0.0000000000
31627  -44.524  -54.299  29.693 0.0000000000
31628  -45.584  -54.638  29.683 0.0000000000
31643  -42.458  -54.869  28.480 0.0000000000
31644  -43.210  -54.172  28.383 0.0000000000
31645  -44.283  -53.923  28.767 0.0000000000
31646  -45.240  -54.215  28.862 0.0000000000
31663  -41.788  -55.123  27.098 0.0000000000
31664  -42.313  -54.466  27.466 0.0000000000
31665  -42.991  -53.902  27.698 0.0000000000
31666  -44.940  -53.934  28.271 0.0000000000
31667  -45.651  -54.253  28.011 0.0000000000
31679  -41.718  -54.660  26.359 0.0000000000
31680  -42.161  -54.146  26.642 0.0000000000
31700  -41.594  -54.729  25.167 0.0000000000
31717  -41.702  -54.736  24.088 0.0000000000
31724  -41.745  -54.730  23.255 0.0000000000
31730  -41.720  -54.386  22.544 0.0000000000
31731  -42.038  -54.889  22.203 0.0000000000
31744  -41.913  -54.331  21.599 0.0000000000
31745  -42.291  -55.061  21.706 0.0000000000
31761  -42.090  -54.101  20.583 0.0000000000
31762  -42.425  -54.841  20.985 0.0000000000
31772  -42.082  -54.049  19.602 0.0000000000
31773  -42.477  -54.725  20.072 0.0000000000
31780  -41.948  -54.066  18.635 0.0000000000
31781  -42.323  -54.803  19.100 0.0000000000
31788  -41.835  -54.033  17.757 0.0000000000
31789  -42.149  -54.782  18.061 0.0000000000
31795  -41.788  -53.905  17.247 0.0000000000
31796  -41.965  -54.493  16.943 0.0000000000
31803  -42.307  -54.553  15.849 0.0000000000
31809  -42.688  -54.469  14.766 0.0000000000
31810  -43.156  -54.839  14.425 0.0000000000
31817  -42.817  -53.977  14.206 0.0000000000
31818  -43.422  -54.367  13.788 0.0000000000
31819  -44.061  -54.722  13.429 0.0000000000
31826  -43.625  -53.831  13.027 0.0000000000
31827  -44.290  -54.385  12.672 0.0000000000
31828  -44.894  -54.899  12.491 0.0000000000
31836  -45.124  -54.772  11.891 0.0000000000
32617  -44.115  -53.705  28.117 0.0000000000
32618  -44.560  -53.798  28.173 0.0000000000
32634  -42.945  -53.656  27.253 0.0000000000
32635  -43.702  -53.575  27.539 0.0000000000
32636  -44.899  -53.702  27.560 0.0000000000
32637  -46.026  -54.103  27.168 0.0000000000
32654  -42.110  -53.908  26.181 0.0000000000
32655  -42.623  -53.594  26.545 0.0000000000
32656  -43.457  -53.279  26.750 0.0000000000
32657  -44.425  -53.249  26.767 0.0000000000
32658  -45.665  -53.360  26.395 0.0000000000
32675  -41.952  -53.928  25.483 0.0000000000
32676  -42.420  -53.415  25.778 0.0000000000
32677  -46.057  -53.001  25.745 0.0000000000
32697  -41.826  -53.876  24.493 0.0000000000
32698  -42.332  -53.086  24.862 0.0000000000
32717  -41.643  -53.707  23.310 0.0000000000
32718  -42.030  -53.156  23.989 0.0000000000
32728  -41.572  -53.535  22.106 0.0000000000
32740  -41.720  -53.453  21.099 0.0000000000
32752  -41.784  -53.370  20.106 0.0000000000
32762  -41.765  -53.334  19.114 0.0000000000
32768  -41.729  -53.365  18.154 0.0000000000
32773  -41.750  -53.511  17.475 0.0000000000
32779  -41.843  -53.556  16.833 0.0000000000
32780  -42.025  -53.949  16.241 0.0000000000
32786  -42.049  -53.431  16.177 0.0000000000
32787  -42.235  -53.691  15.495 0.0000000000
32795  -42.521  -53.539  14.597 0.0000000000
32804  -42.855  -53.450  13.838 0.0000000000
32805  -43.257  -53.596  13.348 0.0000000000
33676  -42.741  -53.189  26.009 0.0000000000
33677  -43.167  -52.985  26.126 0.0000000000
33678  -43.992  -52.875  26.157 0.0000000000
33679  -44.827  -52.917  26.097 0.0000000000
33702  -42.824  -52.820  25.552 0.0000000000
33703  -43.609  -52.585  25.502 0.0000000000
33704  -44.528  -52.542  25.526 0.0000000000
33705  -45.507  -52.691  25.554 0.0000000000
33723  -43.119  -52.252  24.732 0.0000000000
33724  -44.160  -52.171  24.841 0.0000000000
33725  -45.110  -52.181  24.904 0.0000000000
33747  -41.926  -52.761  23.365 0.0000000000
33748  -42.474  -52.387  23.871 0.0000000000
33770  -41.716  -52.607  22.478 0.0000000000
33771  -42.180  -52.133  22.999 0.0000000000
33790  -41.599  -52.732  21.551 0.0000000000
33804  -41.658  -52.675  20.611 0.0000000000
33821  -41.705  -52.613  19.615 0.0000000000
33839  -41.781  -52.540  18.548 0.0000000000
33853  -41.855  -52.737  17.390 0.0000000000
33854  -42.212  -52.381  16.664 0.0000000000
33866  -42.011  -52.926  16.475 0.0000000000
33867  -42.334  -52.541  15.996 0.0000000000
33878  -42.151  -53.065  15.851 0.0000000000
33879  -42.317  -52.810  15.165 0.0000000000
33889  -42.579  -52.803  14.302 0.0000000000
34725  -43.100  -51.784  23.902 0.0000000000
34726  -43.867  -51.756  24.114 0.0000000000
34727  -44.803  -51.780  24.216 0.0000000000
34738  -42.769  -51.624  23.155 0.0000000000
34739  -43.625  -51.399  23.344 0.0000000000
34740  -44.541  -51.369  23.491 0.0000000000
34760  -41.763  -52.173  21.806 0.0000000000
34761  -42.352  -51.503  21.967 0.0000000000
34762  -43.347  -51.063  22.521 0.0000000000
34763  -44.297  -50.991  22.726 0.0000000000
34782  -41.794  -52.000  21.129 0.0000000000
34783  -42.321  -51.321  20.614 0.0000000000
34798  -41.836  -51.924  20.126 0.0000000000
34799  -42.350  -51.330  19.576 0.0000000000
34815  -41.895  -51.896  19.174 0.0000000000
34816  -42.386  -51.410  18.698 0.0000000000
34837  -42.038  -51.868  18.462 0.0000000000
34838  -42.379  -51.573  17.970 0.0000000000
34860  -42.044  -52.085  17.910 0.0000000000
34861  -42.377  -51.823  17.171 0.0000000000
34862  -42.823  -51.401  17.111 0.0000000000
34884  -42.565  -51.977  16.301 0.0000000000
34885  -42.903  -51.493  16.622 0.0000000000
34906  -42.606  -52.095  15.490 0.0000000000
35803  -43.275  -50.765  21.715 0.0000000000
35813  -42.965  -50.662  20.923 0.0000000000
35828  -42.943  -50.760  19.876 0.0000000000
35842  -42.888  -50.833  18.897 0.0000000000
35858  -42.821  -51.052  18.042 0.0000000000
35873  -42.732  -51.353  17.492 0.0000000000
