#!ascii label  , from subject FREESURFER vox2ras=TkReg 
170
85159  -33.636  -1.168  -10.149 0.0000000000
85160  -34.060  -1.128  -10.767 0.0000000000
85178  -34.444  -0.925  -11.173 0.0000000000
85179  -35.113  -1.035  -11.545 0.0000000000
86062  -33.406  -0.298  -9.115 0.0000000000
86087  -33.417  -0.233  -9.901 0.0000000000
86088  -33.450  -0.471  -9.855 0.0000000000
86108  -33.482  -0.181  -10.130 0.0000000000
86109  -33.815  -0.337  -10.593 0.0000000000
86110  -34.167  -0.665  -10.991 0.0000000000
86129  -34.048  0.144  -11.019 0.0000000000
86130  -34.462  -0.252  -11.324 0.0000000000
86131  -35.190  -0.230  -11.779 0.0000000000
86996  -33.445  0.277  -8.271 0.0000000000
87010  -33.352  0.807  -8.328 0.0000000000
87011  -33.425  0.576  -8.850 0.0000000000
87035  -33.414  0.008  -9.981 0.0000000000
87036  -33.485  0.473  -9.806 0.0000000000
87058  -33.558  0.115  -10.255 0.0000000000
87059  -33.787  0.585  -10.708 0.0000000000
87072  -34.257  0.601  -11.381 0.0000000000
87073  -34.849  0.496  -11.907 0.0000000000
87919  -33.088  1.371  -7.200 0.0000000000
87929  -33.108  1.530  -8.253 0.0000000000
87930  -33.342  1.155  -8.665 0.0000000000
87950  -33.052  2.111  -8.815 0.0000000000
87951  -33.324  1.686  -9.296 0.0000000000
87968  -33.605  1.575  -10.406 0.0000000000
87977  -34.072  1.540  -11.391 0.0000000000
87978  -34.469  1.137  -11.869 0.0000000000
87985  -34.423  1.734  -12.093 0.0000000000
88794  -33.098  2.264  -4.728 0.0000000000
88799  -32.964  2.306  -5.785 0.0000000000
88807  -32.850  2.282  -6.817 0.0000000000
88823  -32.803  2.166  -7.663 0.0000000000
88833  -32.755  2.514  -8.421 0.0000000000
88851  -32.961  2.693  -9.327 0.0000000000
88852  -33.235  2.348  -9.562 0.0000000000
88871  -33.044  3.181  -9.876 0.0000000000
88872  -33.301  2.627  -10.113 0.0000000000
88892  -33.727  2.546  -11.122 0.0000000000
88903  -34.116  2.593  -12.266 0.0000000000
89698  -33.478  2.671  -3.427 0.0000000000
89699  -33.586  3.315  -3.101 0.0000000000
89703  -33.287  3.308  -4.113 0.0000000000
89704  -33.433  3.821  -3.645 0.0000000000
89708  -32.968  3.337  -5.336 0.0000000000
89719  -32.688  3.316  -6.433 0.0000000000
89736  -32.585  3.219  -7.625 0.0000000000
89754  -32.627  3.512  -8.751 0.0000000000
89770  -32.880  3.714  -9.619 0.0000000000
89785  -33.202  3.730  -10.377 0.0000000000
89786  -33.489  3.305  -10.883 0.0000000000
89805  -33.408  3.977  -11.116 0.0000000000
89806  -33.642  3.620  -11.745 0.0000000000
89818  -33.741  3.740  -12.807 0.0000000000
90570  -33.526  3.833  -2.723 0.0000000000
90574  -33.352  4.746  -3.218 0.0000000000
90575  -33.546  4.121  -2.982 0.0000000000
90579  -33.370  4.524  -3.975 0.0000000000
90580  -33.469  4.111  -3.392 0.0000000000
90585  -33.119  4.429  -4.964 0.0000000000
90597  -32.784  4.400  -6.006 0.0000000000
90615  -32.636  4.381  -7.095 0.0000000000
90637  -32.614  4.437  -8.181 0.0000000000
90651  -32.695  4.557  -9.197 0.0000000000
90662  -32.986  4.638  -10.098 0.0000000000
90680  -33.231  4.660  -10.941 0.0000000000
90681  -33.469  4.570  -11.636 0.0000000000
90700  -33.645  4.678  -12.375 0.0000000000
90708  -33.934  4.755  -13.265 0.0000000000
91494  -32.871  5.507  -2.816 0.0000000000
91501  -33.062  5.575  -3.687 0.0000000000
91512  -33.026  5.506  -4.622 0.0000000000
91523  -32.972  5.464  -5.623 0.0000000000
91535  -32.765  5.439  -6.643 0.0000000000
91555  -32.650  5.447  -7.680 0.0000000000
91576  -32.637  5.492  -8.714 0.0000000000
91588  -32.798  5.556  -9.723 0.0000000000
91600  -33.063  5.598  -10.715 0.0000000000
91617  -33.390  5.457  -11.631 0.0000000000
91618  -33.558  5.031  -11.968 0.0000000000
91638  -33.541  6.199  -12.344 0.0000000000
91639  -33.611  5.405  -12.243 0.0000000000
91648  -33.525  8.072  -13.764 0.0000000000
91649  -33.662  7.699  -13.600 0.0000000000
91650  -33.786  6.834  -13.181 0.0000000000
91651  -33.853  5.652  -12.866 0.0000000000
91659  -33.378  8.122  -13.863 0.0000000000
91660  -33.651  7.962  -13.945 0.0000000000
91661  -33.942  7.398  -13.993 0.0000000000
92368  -32.787  6.502  -4.213 0.0000000000
92385  -32.768  6.464  -5.201 0.0000000000
92407  -32.770  6.455  -6.204 0.0000000000
92431  -32.538  6.434  -7.199 0.0000000000
92455  -32.474  6.445  -8.224 0.0000000000
92475  -32.582  6.485  -9.260 0.0000000000
92495  -32.795  6.552  -10.319 0.0000000000
92514  -33.122  6.707  -11.528 0.0000000000
92539  -33.407  7.128  -12.509 0.0000000000
92552  -33.230  8.338  -13.734 0.0000000000
92553  -33.353  8.139  -13.472 0.0000000000
92554  -33.484  7.665  -13.071 0.0000000000
92567  -33.324  8.308  -13.992 0.0000000000
92568  -33.596  8.155  -14.182 0.0000000000
93295  -32.632  7.427  -4.754 0.0000000000
93316  -32.710  7.419  -5.758 0.0000000000
93340  -32.484  7.395  -6.736 0.0000000000
93365  -32.305  7.393  -7.733 0.0000000000
93384  -32.362  7.407  -8.752 0.0000000000
93398  -32.476  7.442  -9.793 0.0000000000
93414  -32.698  7.505  -10.829 0.0000000000
93426  -32.862  7.617  -11.588 0.0000000000
93442  -32.942  8.088  -12.386 0.0000000000
93443  -33.081  7.563  -12.136 0.0000000000
93453  -32.914  8.591  -13.459 0.0000000000
93454  -33.011  8.308  -12.901 0.0000000000
93455  -33.251  7.769  -12.624 0.0000000000
93467  -32.897  8.678  -13.853 0.0000000000
93468  -33.052  8.658  -14.147 0.0000000000
93480  -33.319  8.622  -14.514 0.0000000000
94261  -32.556  8.326  -6.304 0.0000000000
94278  -32.290  8.296  -7.264 0.0000000000
94288  -32.057  8.896  -8.763 0.0000000000
94289  -32.242  8.369  -8.260 0.0000000000
94299  -31.906  9.068  -9.476 0.0000000000
94300  -32.213  8.275  -9.227 0.0000000000
94314  -31.898  9.314  -10.285 0.0000000000
94315  -32.270  8.428  -10.308 0.0000000000
94329  -32.179  9.118  -11.101 0.0000000000
94330  -32.575  8.260  -11.339 0.0000000000
94347  -32.458  8.777  -12.128 0.0000000000
94348  -32.805  8.061  -11.949 0.0000000000
94359  -32.570  9.100  -13.585 0.0000000000
94360  -32.476  9.186  -12.981 0.0000000000
94372  -32.356  9.515  -13.943 0.0000000000
94373  -32.547  9.307  -14.023 0.0000000000
94374  -32.869  9.005  -14.391 0.0000000000
94385  -32.346  9.521  -14.184 0.0000000000
94386  -32.540  9.410  -14.438 0.0000000000
94387  -33.071  9.207  -14.899 0.0000000000
95117  -32.163  9.125  -6.825 0.0000000000
95129  -31.717  9.831  -7.411 0.0000000000
95130  -32.166  9.105  -7.776 0.0000000000
95138  -31.720  9.636  -8.553 0.0000000000
95139  -32.121  9.040  -8.335 0.0000000000
95146  -31.496  9.873  -9.709 0.0000000000
95154  -31.611  10.012  -10.774 0.0000000000
95165  -31.893  9.732  -11.699 0.0000000000
95177  -32.032  9.713  -12.417 0.0000000000
95188  -32.073  9.878  -13.579 0.0000000000
95189  -31.923  9.968  -12.949 0.0000000000
95199  -32.262  9.730  -14.001 0.0000000000
95200  -32.172  10.109  -14.238 0.0000000000
95209  -32.285  9.721  -14.326 0.0000000000
95210  -32.276  9.924  -14.868 0.0000000000
95949  -31.401  10.571  -8.018 0.0000000000
95957  -31.038  10.669  -9.020 0.0000000000
95963  -30.585  11.100  -9.758 0.0000000000
95964  -31.036  10.581  -10.133 0.0000000000
95973  -30.643  11.197  -10.583 0.0000000000
95974  -31.130  10.742  -10.889 0.0000000000
95984  -30.798  11.219  -11.384 0.0000000000
95985  -31.381  10.504  -11.531 0.0000000000
95994  -31.067  10.954  -12.245 0.0000000000
95995  -31.618  10.252  -12.114 0.0000000000
96007  -31.288  10.734  -13.179 0.0000000000
96008  -31.601  10.324  -12.594 0.0000000000
96013  -31.362  10.761  -14.115 0.0000000000
96022  -31.566  10.870  -15.031 0.0000000000
