#!ascii label  , from subject FREESURFER vox2ras=TkReg 
289
5908  -33.820  -83.740  26.117 0.0000000000
5909  -34.210  -83.746  26.078 0.0000000000
5924  -34.110  -84.158  25.617 0.0000000000
6542  -34.106  -82.763  27.192 0.0000000000
6543  -34.236  -82.917  27.066 0.0000000000
6556  -33.855  -83.101  26.760 0.0000000000
6557  -34.297  -83.310  26.529 0.0000000000
6572  -33.327  -83.424  25.729 0.0000000000
6573  -34.683  -83.504  25.699 0.0000000000
6574  -35.208  -83.192  25.252 0.0000000000
6586  -34.604  -84.039  24.842 0.0000000000
6587  -35.127  -83.502  24.841 0.0000000000
6600  -35.324  -83.868  23.716 0.0000000000
6601  -36.106  -83.250  23.543 0.0000000000
6616  -36.278  -83.385  22.950 0.0000000000
7148  -34.005  -82.514  27.173 0.0000000000
7149  -34.480  -82.412  27.257 0.0000000000
7150  -35.021  -82.372  27.252 0.0000000000
7161  -33.693  -82.598  26.578 0.0000000000
7162  -34.631  -82.762  26.924 0.0000000000
7163  -35.171  -82.566  26.608 0.0000000000
7176  -33.473  -82.454  25.977 0.0000000000
7177  -34.785  -83.015  26.365 0.0000000000
7178  -35.228  -82.889  25.758 0.0000000000
7189  -33.345  -82.495  25.145 0.0000000000
7190  -35.753  -82.860  24.696 0.0000000000
7191  -36.306  -82.264  24.537 0.0000000000
7200  -35.999  -83.144  23.893 0.0000000000
7201  -36.684  -82.554  23.686 0.0000000000
7202  -37.410  -82.020  23.513 0.0000000000
7214  -37.126  -83.021  22.426 0.0000000000
7215  -37.898  -82.192  22.738 0.0000000000
7216  -38.537  -81.740  22.362 0.0000000000
7233  -37.831  -82.640  21.609 0.0000000000
7234  -38.894  -81.989  21.591 0.0000000000
7235  -39.468  -81.785  20.880 0.0000000000
7253  -38.383  -82.506  20.693 0.0000000000
7254  -39.282  -82.187  20.346 0.0000000000
7275  -38.630  -82.335  19.698 0.0000000000
7276  -39.457  -82.293  19.332 0.0000000000
7277  -40.108  -82.247  19.115 0.0000000000
7294  -38.997  -82.267  18.794 0.0000000000
7295  -39.738  -82.344  18.342 0.0000000000
7296  -40.543  -82.113  18.592 0.0000000000
7297  -40.862  -81.930  18.535 0.0000000000
7314  -39.948  -82.362  17.421 0.0000000000
7315  -40.545  -82.332  17.739 0.0000000000
7316  -40.966  -82.098  18.199 0.0000000000
7335  -40.162  -82.308  16.970 0.0000000000
7336  -40.382  -82.345  17.135 0.0000000000
7827  -33.845  -82.108  27.000 0.0000000000
7828  -34.402  -81.830  27.358 0.0000000000
7829  -35.137  -81.717  27.619 0.0000000000
7830  -35.549  -81.193  27.699 0.0000000000
7838  -33.650  -81.985  26.430 0.0000000000
7839  -34.030  -81.552  26.745 0.0000000000
7840  -35.574  -82.029  27.050 0.0000000000
7841  -35.793  -81.334  27.489 0.0000000000
7852  -33.573  -81.766  25.686 0.0000000000
7853  -33.769  -81.491  26.138 0.0000000000
7854  -35.750  -82.175  25.796 0.0000000000
7855  -36.072  -81.377  26.511 0.0000000000
7868  -33.519  -81.627  24.952 0.0000000000
7869  -36.092  -82.174  24.948 0.0000000000
7870  -36.582  -81.396  24.861 0.0000000000
7871  -37.231  -80.788  24.393 0.0000000000
7885  -33.452  -81.918  24.405 0.0000000000
7886  -37.117  -81.841  23.915 0.0000000000
7887  -37.598  -81.234  23.600 0.0000000000
7888  -38.330  -80.865  22.988 0.0000000000
7901  -38.297  -81.475  22.800 0.0000000000
7902  -38.883  -81.127  22.296 0.0000000000
7903  -39.406  -80.887  21.781 0.0000000000
7915  -39.251  -81.337  21.739 0.0000000000
7916  -39.689  -81.239  21.188 0.0000000000
7917  -40.250  -81.131  20.606 0.0000000000
7936  -39.979  -81.655  20.374 0.0000000000
7937  -40.437  -81.318  20.204 0.0000000000
7957  -38.386  -81.909  19.031 0.0000000000
7958  -39.922  -82.081  19.743 0.0000000000
7959  -40.613  -81.599  19.448 0.0000000000
7960  -41.059  -81.218  19.119 0.0000000000
7976  -38.718  -81.889  18.276 0.0000000000
7977  -39.125  -82.238  18.236 0.0000000000
7978  -40.764  -81.799  18.764 0.0000000000
7979  -41.082  -81.586  18.591 0.0000000000
7994  -38.836  -81.802  17.905 0.0000000000
7995  -39.191  -82.040  17.697 0.0000000000
7996  -40.711  -82.291  17.182 0.0000000000
7997  -41.266  -81.823  17.468 0.0000000000
8015  -39.733  -82.088  16.922 0.0000000000
8016  -40.547  -82.138  16.502 0.0000000000
8017  -41.525  -81.504  16.227 0.0000000000
8018  -42.135  -81.262  15.681 0.0000000000
8033  -41.026  -81.710  15.497 0.0000000000
8034  -41.797  -81.580  15.257 0.0000000000
8035  -42.285  -81.281  15.023 0.0000000000
8049  -41.428  -81.552  14.614 0.0000000000
8050  -42.121  -81.517  14.629 0.0000000000
8051  -42.301  -81.281  14.694 0.0000000000
8550  -34.873  -81.360  27.637 0.0000000000
8551  -35.413  -80.799  27.664 0.0000000000
8552  -35.890  -80.657  27.575 0.0000000000
8555  -34.645  -80.859  27.158 0.0000000000
8556  -35.123  -80.384  27.507 0.0000000000
8557  -36.311  -80.567  27.166 0.0000000000
8558  -36.724  -80.222  26.756 0.0000000000
8564  -33.754  -81.307  25.748 0.0000000000
8565  -34.071  -80.844  25.929 0.0000000000
8566  -36.521  -80.666  26.184 0.0000000000
8567  -36.987  -80.105  26.124 0.0000000000
8577  -33.681  -81.135  25.241 0.0000000000
8578  -33.897  -80.466  24.865 0.0000000000
8579  -36.793  -80.575  25.539 0.0000000000
8580  -37.184  -80.288  25.076 0.0000000000
8593  -33.659  -80.977  24.207 0.0000000000
8594  -33.904  -80.226  24.172 0.0000000000
8595  -37.543  -80.262  24.193 0.0000000000
8596  -38.044  -80.201  23.514 0.0000000000
8609  -38.683  -80.177  22.816 0.0000000000
8610  -39.282  -80.297  22.121 0.0000000000
8626  -39.795  -80.352  21.440 0.0000000000
8627  -40.255  -80.584  20.867 0.0000000000
8642  -40.733  -80.807  20.215 0.0000000000
8660  -41.123  -80.829  19.501 0.0000000000
8661  -41.358  -80.899  18.879 0.0000000000
8678  -41.545  -81.168  18.249 0.0000000000
8690  -38.782  -81.271  17.893 0.0000000000
8691  -39.240  -81.364  17.132 0.0000000000
8692  -41.843  -80.912  17.681 0.0000000000
8693  -42.021  -80.610  17.121 0.0000000000
8707  -39.680  -81.413  16.311 0.0000000000
8708  -40.296  -81.575  15.705 0.0000000000
8709  -41.782  -81.145  16.970 0.0000000000
8710  -42.221  -80.809  16.407 0.0000000000
8728  -42.471  -80.667  15.489 0.0000000000
8744  -41.937  -81.558  13.843 0.0000000000
8745  -42.446  -80.839  14.385 0.0000000000
8757  -42.278  -81.003  13.155 0.0000000000
9344  -37.003  -79.119  28.667 0.0000000000
9350  -35.603  -79.831  27.441 0.0000000000
9351  -36.434  -79.630  27.702 0.0000000000
9352  -37.369  -79.323  28.427 0.0000000000
9357  -34.584  -79.940  26.211 0.0000000000
9358  -35.042  -79.893  26.989 0.0000000000
9359  -36.418  -80.166  27.545 0.0000000000
9360  -37.202  -79.665  27.269 0.0000000000
9361  -37.891  -79.152  28.139 0.0000000000
9365  -34.287  -79.852  25.207 0.0000000000
9366  -37.570  -79.413  25.833 0.0000000000
9367  -37.927  -78.932  25.730 0.0000000000
9374  -34.149  -79.872  24.450 0.0000000000
9375  -37.597  -79.671  24.814 0.0000000000
9376  -37.931  -79.023  24.994 0.0000000000
9387  -33.896  -80.249  23.617 0.0000000000
9388  -34.197  -79.646  23.732 0.0000000000
9389  -37.870  -79.610  24.179 0.0000000000
9390  -38.386  -79.137  23.689 0.0000000000
9403  -38.961  -79.372  22.352 0.0000000000
9404  -39.490  -79.786  21.732 0.0000000000
9421  -39.338  -79.295  21.575 0.0000000000
9422  -39.928  -79.556  21.079 0.0000000000
9423  -40.192  -80.082  21.010 0.0000000000
9439  -40.260  -79.345  20.558 0.0000000000
9440  -40.608  -79.858  20.465 0.0000000000
9459  -41.138  -80.181  19.845 0.0000000000
9460  -41.389  -80.222  19.199 0.0000000000
9477  -41.666  -80.378  18.450 0.0000000000
9491  -39.216  -80.696  16.733 0.0000000000
9492  -42.022  -80.044  17.650 0.0000000000
9493  -42.190  -80.164  16.895 0.0000000000
9506  -42.026  -79.577  16.997 0.0000000000
9507  -42.424  -79.784  16.236 0.0000000000
9521  -42.628  -79.650  15.117 0.0000000000
9538  -42.631  -79.668  14.154 0.0000000000
9554  -42.602  -80.065  13.321 0.0000000000
10067  -36.063  -78.816  27.625 0.0000000000
10068  -36.589  -78.734  28.422 0.0000000000
10072  -34.868  -79.208  26.337 0.0000000000
10073  -35.385  -78.845  26.794 0.0000000000
10074  -37.884  -79.067  26.537 0.0000000000
10075  -38.251  -78.777  27.285 0.0000000000
10079  -34.663  -78.919  25.465 0.0000000000
10080  -34.924  -78.513  26.037 0.0000000000
10081  -37.916  -78.943  26.056 0.0000000000
10082  -38.245  -78.608  26.016 0.0000000000
10092  -34.462  -79.042  24.368 0.0000000000
10093  -38.302  -78.371  24.865 0.0000000000
10105  -34.427  -78.922  23.529 0.0000000000
10116  -38.529  -78.182  22.873 0.0000000000
10130  -38.872  -78.553  21.625 0.0000000000
10131  -39.436  -78.992  21.099 0.0000000000
10148  -39.179  -78.506  20.807 0.0000000000
10149  -39.901  -78.771  20.424 0.0000000000
10150  -40.456  -79.204  20.127 0.0000000000
10168  -40.349  -78.746  19.711 0.0000000000
10169  -41.036  -79.296  19.321 0.0000000000
10170  -41.478  -79.850  18.879 0.0000000000
10186  -41.300  -78.929  18.298 0.0000000000
10187  -41.544  -79.609  18.382 0.0000000000
10204  -41.234  -78.446  17.545 0.0000000000
10205  -41.634  -79.221  17.579 0.0000000000
10219  -41.251  -78.077  16.978 0.0000000000
10220  -41.769  -78.671  16.594 0.0000000000
10221  -42.318  -79.008  15.771 0.0000000000
10236  -41.877  -78.276  15.581 0.0000000000
10237  -42.376  -78.751  15.184 0.0000000000
10256  -42.121  -78.214  14.906 0.0000000000
10257  -42.461  -78.705  14.431 0.0000000000
10274  -42.674  -78.915  13.466 0.0000000000
10815  -36.297  -77.725  28.000 0.0000000000
10816  -36.709  -78.035  28.727 0.0000000000
10821  -35.764  -77.746  26.998 0.0000000000
10826  -34.868  -78.063  25.465 0.0000000000
10827  -35.187  -77.668  26.009 0.0000000000
10840  -34.728  -77.877  24.652 0.0000000000
10841  -34.963  -77.437  25.196 0.0000000000
10858  -34.525  -78.096  23.684 0.0000000000
10912  -38.684  -77.695  20.809 0.0000000000
10913  -39.269  -78.127  20.249 0.0000000000
10927  -38.947  -77.530  19.946 0.0000000000
10928  -39.718  -77.911  19.315 0.0000000000
10929  -40.462  -78.557  19.221 0.0000000000
10939  -39.978  -77.282  18.059 0.0000000000
10940  -40.650  -78.277  18.451 0.0000000000
10955  -40.097  -77.004  17.409 0.0000000000
10956  -40.651  -77.573  17.273 0.0000000000
10974  -41.195  -77.714  16.416 0.0000000000
10975  -41.538  -78.087  16.064 0.0000000000
10993  -40.999  -77.127  15.858 0.0000000000
10994  -41.398  -77.619  15.686 0.0000000000
11012  -41.162  -77.023  15.314 0.0000000000
11013  -41.639  -77.476  14.881 0.0000000000
11014  -42.120  -77.876  14.422 0.0000000000
11030  -41.917  -77.198  14.170 0.0000000000
11031  -42.413  -77.779  13.717 0.0000000000
11045  -42.923  -77.985  12.856 0.0000000000
11568  -36.258  -76.678  27.978 0.0000000000
11569  -36.572  -77.031  28.695 0.0000000000
11574  -35.973  -76.761  27.267 0.0000000000
11580  -35.578  -76.569  26.265 0.0000000000
11592  -34.934  -77.017  24.672 0.0000000000
11593  -35.233  -76.674  25.225 0.0000000000
11610  -34.775  -76.667  23.809 0.0000000000
11611  -35.061  -76.532  24.548 0.0000000000
11661  -38.911  -76.992  19.385 0.0000000000
11677  -39.172  -76.533  18.544 0.0000000000
11692  -39.595  -76.320  17.381 0.0000000000
11693  -40.180  -76.801  16.938 0.0000000000
11712  -39.970  -76.114  16.272 0.0000000000
11713  -40.615  -76.938  16.379 0.0000000000
11734  -40.135  -75.833  15.646 0.0000000000
11735  -40.564  -76.381  15.459 0.0000000000
11755  -41.156  -76.558  14.668 0.0000000000
11756  -41.568  -76.912  14.420 0.0000000000
11776  -41.094  -76.062  14.199 0.0000000000
11777  -41.521  -76.458  13.954 0.0000000000
11778  -42.126  -76.775  13.564 0.0000000000
11793  -42.562  -76.990  13.067 0.0000000000
11794  -42.996  -76.986  12.308 0.0000000000
12338  -36.018  -76.036  27.597 0.0000000000
12339  -36.154  -75.898  28.344 0.0000000000
12345  -35.868  -75.836  26.845 0.0000000000
12350  -35.685  -75.646  26.130 0.0000000000
12359  -35.530  -75.784  25.476 0.0000000000
12373  -35.078  -75.418  23.821 0.0000000000
12374  -35.297  -75.823  24.572 0.0000000000
12498  -40.233  -75.617  15.237 0.0000000000
12515  -40.112  -75.061  14.975 0.0000000000
12516  -40.613  -75.582  14.518 0.0000000000
12535  -41.213  -75.605  13.772 0.0000000000
12536  -41.897  -75.918  13.191 0.0000000000
12537  -42.277  -76.425  13.135 0.0000000000
12551  -42.208  -75.729  12.897 0.0000000000
12552  -42.562  -76.024  12.732 0.0000000000
12553  -43.433  -75.965  12.096 0.0000000000
13128  -35.907  -74.613  28.370 0.0000000000
13141  -35.907  -75.091  27.546 0.0000000000
13142  -35.984  -75.198  28.314 0.0000000000
13148  -35.767  -75.023  26.465 0.0000000000
13158  -35.645  -75.116  25.774 0.0000000000
13170  -35.551  -74.944  25.103 0.0000000000
13182  -35.360  -74.750  24.296 0.0000000000
13368  -40.853  -74.669  13.809 0.0000000000
13369  -41.557  -74.881  13.214 0.0000000000
13381  -42.178  -75.264  12.785 0.0000000000
14009  -35.827  -73.953  27.624 0.0000000000
14021  -35.849  -74.295  26.798 0.0000000000
14032  -35.745  -74.256  25.837 0.0000000000
