#!ascii label  , from subject FREESURFER vox2ras=TkReg 
197
30311  -35.500  -56.462  -10.969 0.0000000000
30321  -36.049  -56.485  -11.532 0.0000000000
31179  -34.772  -55.411  -10.312 0.0000000000
31180  -35.360  -55.553  -10.715 0.0000000000
31192  -35.893  -55.618  -11.220 0.0000000000
31193  -36.432  -55.652  -11.787 0.0000000000
31208  -36.893  -55.749  -12.436 0.0000000000
32111  -35.307  -54.547  -10.472 0.0000000000
32112  -35.940  -54.267  -10.799 0.0000000000
32125  -35.769  -54.930  -10.904 0.0000000000
32126  -36.305  -54.665  -11.387 0.0000000000
32143  -36.813  -54.866  -12.101 0.0000000000
32144  -37.196  -55.018  -12.771 0.0000000000
32162  -37.552  -54.798  -13.501 0.0000000000
33120  -34.947  -53.595  -10.160 0.0000000000
33121  -35.710  -53.541  -10.519 0.0000000000
33122  -36.370  -53.608  -11.032 0.0000000000
33136  -36.904  -53.762  -11.931 0.0000000000
33137  -37.294  -53.288  -12.443 0.0000000000
33154  -37.070  -54.392  -12.392 0.0000000000
33155  -37.330  -53.963  -12.815 0.0000000000
33170  -37.714  -53.794  -13.680 0.0000000000
33171  -37.886  -53.355  -14.062 0.0000000000
33184  -37.870  -53.885  -14.344 0.0000000000
33185  -38.009  -53.441  -14.670 0.0000000000
33196  -37.933  -54.171  -14.912 0.0000000000
34188  -35.377  -52.586  -10.295 0.0000000000
34189  -36.168  -52.656  -10.696 0.0000000000
34200  -36.742  -52.699  -11.341 0.0000000000
34201  -37.246  -52.680  -12.063 0.0000000000
34213  -37.690  -52.790  -12.999 0.0000000000
34214  -38.107  -52.162  -13.314 0.0000000000
34227  -37.823  -53.119  -13.676 0.0000000000
34228  -38.117  -52.618  -13.969 0.0000000000
34238  -38.239  -52.743  -15.070 0.0000000000
35238  -34.999  -51.548  -10.223 0.0000000000
35239  -35.992  -51.559  -10.513 0.0000000000
35240  -36.740  -51.236  -10.808 0.0000000000
35249  -36.593  -51.948  -10.921 0.0000000000
35250  -37.236  -51.616  -11.473 0.0000000000
35251  -37.832  -51.291  -12.062 0.0000000000
35261  -37.611  -51.986  -12.271 0.0000000000
35262  -38.134  -51.635  -12.767 0.0000000000
35277  -38.393  -51.601  -13.595 0.0000000000
35286  -38.495  -51.681  -14.533 0.0000000000
35287  -38.757  -51.261  -15.073 0.0000000000
35292  -38.591  -51.981  -15.460 0.0000000000
35293  -38.951  -51.272  -15.786 0.0000000000
36300  -35.554  -50.515  -10.391 0.0000000000
36301  -36.470  -50.475  -10.569 0.0000000000
36302  -37.244  -50.559  -10.945 0.0000000000
36310  -37.801  -50.567  -11.607 0.0000000000
36311  -38.314  -50.657  -12.294 0.0000000000
36321  -38.578  -50.822  -13.100 0.0000000000
36337  -38.849  -50.695  -13.990 0.0000000000
36338  -39.175  -50.051  -14.280 0.0000000000
36346  -38.808  -51.018  -14.634 0.0000000000
36347  -39.116  -50.444  -15.006 0.0000000000
36352  -39.300  -50.394  -16.190 0.0000000000
37187  -36.095  -49.510  -10.418 0.0000000000
37188  -37.116  -49.494  -10.687 0.0000000000
37189  -37.976  -49.151  -10.928 0.0000000000
37198  -37.747  -49.860  -11.144 0.0000000000
37199  -38.590  -49.550  -11.648 0.0000000000
37200  -39.245  -48.940  -11.804 0.0000000000
37211  -38.845  -50.058  -12.711 0.0000000000
37212  -39.278  -49.290  -12.466 0.0000000000
37228  -38.867  -50.292  -13.335 0.0000000000
37229  -39.259  -49.636  -13.561 0.0000000000
37237  -39.404  -49.406  -14.622 0.0000000000
37242  -39.457  -49.381  -15.653 0.0000000000
38017  -36.604  -48.507  -10.477 0.0000000000
38018  -37.614  -48.410  -10.566 0.0000000000
38019  -38.684  -48.350  -10.917 0.0000000000
38020  -39.251  -47.771  -11.100 0.0000000000
38030  -38.981  -48.780  -11.451 0.0000000000
38031  -39.353  -48.243  -11.546 0.0000000000
38042  -39.575  -48.545  -12.248 0.0000000000
38043  -39.867  -48.071  -12.665 0.0000000000
38060  -39.672  -48.685  -13.062 0.0000000000
38061  -40.063  -47.916  -13.375 0.0000000000
38072  -39.749  -48.496  -14.113 0.0000000000
38073  -40.080  -47.657  -14.139 0.0000000000
38080  -39.572  -48.376  -15.200 0.0000000000
38087  -39.624  -48.270  -16.290 0.0000000000
38884  -36.060  -47.576  -10.483 0.0000000000
38885  -37.068  -47.489  -10.398 0.0000000000
38886  -38.106  -47.396  -10.372 0.0000000000
38887  -39.084  -47.118  -10.683 0.0000000000
38896  -39.735  -47.255  -11.509 0.0000000000
38897  -40.057  -46.793  -11.983 0.0000000000
38907  -39.744  -47.883  -12.097 0.0000000000
38908  -40.114  -47.229  -12.592 0.0000000000
38922  -40.266  -47.093  -13.700 0.0000000000
38933  -39.854  -47.617  -14.828 0.0000000000
38934  -40.165  -47.002  -14.598 0.0000000000
38941  -39.790  -47.138  -15.783 0.0000000000
38942  -39.995  -47.012  -15.162 0.0000000000
38948  -39.656  -47.107  -17.028 0.0000000000
39797  -36.482  -46.537  -10.481 0.0000000000
39798  -37.494  -46.459  -10.284 0.0000000000
39799  -38.439  -46.296  -10.293 0.0000000000
39800  -39.195  -46.084  -10.498 0.0000000000
39810  -39.726  -46.385  -10.937 0.0000000000
39811  -40.028  -46.350  -11.586 0.0000000000
39820  -40.260  -46.275  -12.318 0.0000000000
39833  -40.412  -46.341  -13.241 0.0000000000
39845  -40.305  -46.274  -14.233 0.0000000000
39856  -39.833  -46.460  -15.897 0.0000000000
39857  -39.987  -46.209  -15.391 0.0000000000
39862  -39.710  -46.033  -16.505 0.0000000000
39863  -39.892  -45.540  -16.060 0.0000000000
40690  -38.170  -44.688  -9.700 0.0000000000
40691  -38.594  -44.617  -9.774 0.0000000000
40705  -35.924  -45.464  -10.894 0.0000000000
40706  -36.954  -45.498  -10.354 0.0000000000
40707  -37.864  -45.465  -9.951 0.0000000000
40708  -38.835  -45.185  -10.041 0.0000000000
40709  -39.810  -45.334  -10.740 0.0000000000
40710  -40.188  -44.857  -11.217 0.0000000000
40719  -40.024  -45.893  -11.192 0.0000000000
40720  -40.269  -45.394  -11.735 0.0000000000
40727  -40.452  -45.466  -12.888 0.0000000000
40741  -40.443  -45.615  -13.764 0.0000000000
40749  -40.315  -45.361  -14.658 0.0000000000
40759  -40.119  -45.076  -15.674 0.0000000000
40769  -39.545  -45.185  -17.355 0.0000000000
40770  -39.811  -44.866  -16.643 0.0000000000
41562  -37.930  -44.158  -9.623 0.0000000000
41563  -38.457  -44.087  -9.661 0.0000000000
41564  -39.034  -43.917  -9.785 0.0000000000
41581  -36.490  -44.613  -10.537 0.0000000000
41582  -37.343  -44.396  -9.897 0.0000000000
41583  -38.896  -44.443  -9.842 0.0000000000
41584  -39.490  -44.301  -10.201 0.0000000000
41585  -40.096  -44.296  -10.917 0.0000000000
41592  -40.401  -44.322  -11.656 0.0000000000
41597  -40.600  -44.526  -12.570 0.0000000000
41609  -40.595  -44.621  -13.812 0.0000000000
41620  -40.472  -44.391  -15.080 0.0000000000
41627  -40.316  -44.135  -16.175 0.0000000000
42448  -36.990  -42.838  -9.838 0.0000000000
42449  -37.812  -43.376  -9.635 0.0000000000
42450  -38.738  -43.287  -9.670 0.0000000000
42451  -39.418  -43.340  -10.002 0.0000000000
42468  -36.576  -43.599  -10.252 0.0000000000
42469  -37.153  -43.571  -9.826 0.0000000000
42470  -40.018  -43.392  -10.610 0.0000000000
42471  -40.582  -43.472  -11.297 0.0000000000
42482  -41.089  -43.449  -12.225 0.0000000000
42483  -41.715  -42.939  -12.555 0.0000000000
42489  -41.007  -43.911  -13.244 0.0000000000
42490  -41.550  -43.264  -13.171 0.0000000000
42502  -40.897  -43.955  -13.873 0.0000000000
42503  -41.220  -43.481  -13.960 0.0000000000
42515  -40.847  -43.823  -14.531 0.0000000000
42516  -41.323  -43.182  -14.893 0.0000000000
42521  -40.811  -43.433  -15.647 0.0000000000
42522  -41.349  -42.878  -15.717 0.0000000000
43418  -36.921  -41.861  -10.006 0.0000000000
43419  -37.583  -42.171  -9.710 0.0000000000
43420  -38.420  -42.388  -9.615 0.0000000000
43421  -39.228  -42.518  -9.750 0.0000000000
43437  -39.922  -42.532  -10.208 0.0000000000
43438  -40.859  -42.432  -10.910 0.0000000000
43439  -41.511  -41.793  -11.173 0.0000000000
43450  -41.106  -42.908  -11.574 0.0000000000
43451  -41.999  -42.295  -11.904 0.0000000000
43452  -42.896  -41.848  -12.195 0.0000000000
43457  -42.282  -42.747  -13.031 0.0000000000
43470  -41.978  -42.903  -14.174 0.0000000000
43471  -43.037  -42.510  -13.913 0.0000000000
43483  -41.927  -42.741  -15.359 0.0000000000
43484  -42.817  -42.759  -15.045 0.0000000000
44396  -36.996  -41.423  -10.155 0.0000000000
44397  -37.310  -41.172  -9.962 0.0000000000
44398  -38.150  -41.379  -9.624 0.0000000000
44399  -39.050  -41.563  -9.656 0.0000000000
44400  -39.721  -41.303  -9.793 0.0000000000
44416  -39.685  -41.910  -9.836 0.0000000000
44417  -40.333  -41.552  -10.173 0.0000000000
44418  -41.197  -41.326  -10.666 0.0000000000
44430  -42.022  -41.096  -11.204 0.0000000000
45485  -37.927  -40.350  -9.778 0.0000000000
45486  -38.722  -40.666  -9.669 0.0000000000
45487  -39.411  -40.769  -9.730 0.0000000000
45488  -40.007  -40.696  -9.883 0.0000000000
45503  -37.374  -40.354  -10.195 0.0000000000
45504  -40.676  -40.532  -10.271 0.0000000000
45505  -41.424  -40.341  -10.751 0.0000000000
46529  -38.078  -39.709  -9.909 0.0000000000
46530  -38.559  -39.879  -9.782 0.0000000000
46531  -39.250  -40.094  -9.747 0.0000000000
46532  -39.676  -40.314  -9.805 0.0000000000
46546  -38.315  -39.230  -10.047 0.0000000000
46547  -39.068  -39.337  -10.008 0.0000000000
46548  -39.961  -39.732  -10.057 0.0000000000
