#!ascii label  , from subject FREESURFER vox2ras=TkReg 
187
79923  -31.212  -6.085  20.425 0.0000000000
79924  -32.079  -6.136  20.540 0.0000000000
80884  -31.583  -4.778  21.208 0.0000000000
80885  -31.979  -4.815  21.262 0.0000000000
80886  -32.698  -4.816  21.198 0.0000000000
80891  -29.794  -5.333  20.205 0.0000000000
80892  -30.316  -5.553  20.403 0.0000000000
80893  -31.383  -5.186  20.995 0.0000000000
80894  -32.441  -5.442  20.960 0.0000000000
81843  -30.903  -3.871  21.239 0.0000000000
81844  -31.441  -4.280  21.277 0.0000000000
81845  -32.379  -4.158  21.333 0.0000000000
81850  -29.646  -4.691  20.266 0.0000000000
81851  -30.594  -4.432  20.962 0.0000000000
81852  -31.114  -4.654  21.127 0.0000000000
81860  -28.691  -3.989  18.714 0.0000000000
81861  -29.006  -4.584  19.206 0.0000000000
82826  -31.138  -3.166  21.402 0.0000000000
82827  -32.057  -3.316  21.426 0.0000000000
82833  -29.815  -3.453  20.740 0.0000000000
82834  -30.526  -3.538  21.155 0.0000000000
82841  -28.713  -3.422  19.122 0.0000000000
82842  -29.156  -3.572  19.919 0.0000000000
82849  -28.648  -3.401  18.342 0.0000000000
82857  -28.729  -3.471  17.496 0.0000000000
82866  -28.947  -3.431  16.523 0.0000000000
82867  -29.247  -3.058  15.839 0.0000000000
82874  -29.081  -3.749  15.810 0.0000000000
82875  -29.438  -3.448  15.206 0.0000000000
82883  -29.859  -3.515  14.448 0.0000000000
82884  -30.245  -3.512  13.716 0.0000000000
83870  -30.999  -2.048  21.439 0.0000000000
83871  -31.855  -2.320  21.440 0.0000000000
83877  -29.212  -1.910  20.304 0.0000000000
83878  -29.717  -2.304  20.762 0.0000000000
83879  -30.355  -2.694  21.192 0.0000000000
83887  -28.865  -2.435  19.653 0.0000000000
83888  -29.301  -2.747  20.309 0.0000000000
83896  -28.626  -2.458  18.708 0.0000000000
83904  -28.666  -2.532  17.863 0.0000000000
83913  -28.916  -2.494  17.109 0.0000000000
83914  -29.219  -2.326  16.282 0.0000000000
83922  -29.641  -2.358  15.403 0.0000000000
83923  -30.071  -2.117  14.743 0.0000000000
83930  -29.863  -2.792  14.786 0.0000000000
83931  -30.234  -2.517  14.093 0.0000000000
83940  -30.535  -2.671  13.238 0.0000000000
83948  -30.660  -2.827  12.442 0.0000000000
84851  -30.906  -1.170  21.386 0.0000000000
84858  -29.144  -1.162  20.383 0.0000000000
84859  -29.572  -1.390  20.708 0.0000000000
84860  -30.235  -1.569  21.135 0.0000000000
84868  -28.843  -1.373  19.913 0.0000000000
84877  -28.644  -1.482  19.145 0.0000000000
84886  -28.709  -1.430  18.075 0.0000000000
84887  -28.881  -0.851  17.606 0.0000000000
84895  -28.801  -1.929  17.495 0.0000000000
84896  -29.047  -1.264  16.970 0.0000000000
84905  -29.514  -1.367  15.862 0.0000000000
84906  -29.981  -1.384  15.016 0.0000000000
84913  -30.278  -1.493  14.258 0.0000000000
84922  -30.612  -1.502  13.419 0.0000000000
84923  -30.912  -0.835  13.100 0.0000000000
84933  -30.728  -2.008  12.718 0.0000000000
84934  -30.996  -1.122  12.499 0.0000000000
84944  -30.824  -1.925  11.967 0.0000000000
84945  -31.186  -1.025  11.466 0.0000000000
85816  -29.735  -0.236  21.099 0.0000000000
85817  -30.384  -0.480  21.282 0.0000000000
85818  -31.304  -0.408  21.446 0.0000000000
85825  -28.880  -0.583  20.235 0.0000000000
85826  -29.309  -0.543  20.737 0.0000000000
85827  -29.842  -0.842  20.984 0.0000000000
85835  -28.676  -0.604  19.615 0.0000000000
85842  -28.603  -0.537  18.818 0.0000000000
85849  -28.793  -0.382  18.030 0.0000000000
85850  -28.994  -0.349  17.374 0.0000000000
85858  -29.203  -0.276  16.845 0.0000000000
85868  -29.490  -0.436  16.236 0.0000000000
85869  -29.879  -0.497  15.368 0.0000000000
85879  -30.346  -0.493  14.400 0.0000000000
85880  -30.663  -0.065  13.995 0.0000000000
85889  -30.423  -0.959  13.882 0.0000000000
85890  -30.720  -0.423  13.590 0.0000000000
85900  -31.053  -0.267  12.815 0.0000000000
85912  -31.303  -0.236  11.915 0.0000000000
86761  -29.322  0.282  20.999 0.0000000000
86762  -29.940  0.427  21.342 0.0000000000
86763  -30.803  0.454  21.539 0.0000000000
86771  -28.646  0.063  20.072 0.0000000000
86772  -28.927  0.164  20.556 0.0000000000
86778  -28.494  0.299  19.446 0.0000000000
86785  -28.493  0.395  18.552 0.0000000000
86792  -28.712  0.418  17.649 0.0000000000
86793  -29.036  0.196  17.083 0.0000000000
86799  -28.861  0.693  17.022 0.0000000000
86800  -29.296  0.416  16.530 0.0000000000
86806  -29.717  0.310  15.737 0.0000000000
86807  -30.131  0.307  14.929 0.0000000000
86815  -30.608  0.455  14.132 0.0000000000
86816  -30.763  0.133  13.777 0.0000000000
86827  -30.800  0.922  13.734 0.0000000000
86828  -30.940  0.491  13.329 0.0000000000
86838  -31.234  0.516  12.376 0.0000000000
86850  -31.598  0.619  11.467 0.0000000000
87698  -28.851  1.692  20.856 0.0000000000
87699  -29.294  1.232  21.145 0.0000000000
87700  -30.282  1.349  21.529 0.0000000000
87710  -28.613  1.092  20.345 0.0000000000
87711  -29.022  0.692  20.778 0.0000000000
87720  -27.634  1.988  19.009 0.0000000000
87721  -28.095  1.383  19.200 0.0000000000
87731  -27.687  1.768  18.462 0.0000000000
87732  -28.199  1.113  18.138 0.0000000000
87738  -27.841  1.592  17.643 0.0000000000
87739  -28.458  1.133  17.343 0.0000000000
87746  -28.127  1.508  17.019 0.0000000000
87747  -28.736  1.219  16.545 0.0000000000
87748  -29.367  0.907  15.956 0.0000000000
87755  -29.080  1.387  15.643 0.0000000000
87756  -29.798  1.008  15.246 0.0000000000
87757  -30.285  0.916  14.630 0.0000000000
87763  -29.497  1.486  14.966 0.0000000000
87764  -30.015  1.346  14.570 0.0000000000
87765  -30.495  1.240  14.047 0.0000000000
87773  -30.849  1.353  13.262 0.0000000000
87774  -31.143  1.090  12.726 0.0000000000
87780  -31.076  1.593  12.552 0.0000000000
87781  -31.328  1.357  11.957 0.0000000000
87787  -31.766  1.464  11.061 0.0000000000
88596  -29.083  2.068  21.105 0.0000000000
88597  -29.784  2.307  21.364 0.0000000000
88605  -27.994  2.676  20.161 0.0000000000
88606  -28.565  2.369  20.658 0.0000000000
88607  -29.154  2.703  21.105 0.0000000000
88616  -27.670  2.423  19.528 0.0000000000
88617  -28.109  1.970  20.030 0.0000000000
88627  -26.874  2.726  18.311 0.0000000000
88628  -27.237  2.446  18.802 0.0000000000
88638  -26.747  2.666  17.679 0.0000000000
88639  -27.245  2.145  17.973 0.0000000000
88647  -26.652  2.740  16.950 0.0000000000
88648  -27.469  1.971  16.988 0.0000000000
88649  -28.150  1.622  16.659 0.0000000000
88657  -27.385  2.378  16.182 0.0000000000
88658  -28.262  1.746  16.153 0.0000000000
88664  -27.790  2.300  15.721 0.0000000000
88665  -28.830  1.891  15.070 0.0000000000
88666  -29.755  1.711  14.355 0.0000000000
88667  -30.158  1.552  14.149 0.0000000000
88673  -29.457  2.130  14.049 0.0000000000
88674  -29.738  2.074  13.843 0.0000000000
88675  -30.305  1.795  13.583 0.0000000000
88684  -29.849  2.299  13.254 0.0000000000
88685  -30.235  2.347  12.726 0.0000000000
88686  -30.806  2.065  12.615 0.0000000000
88687  -31.167  1.955  12.098 0.0000000000
88696  -30.618  2.530  11.964 0.0000000000
88697  -30.977  2.366  11.791 0.0000000000
88698  -31.403  2.168  11.396 0.0000000000
89512  -29.647  3.296  21.190 0.0000000000
89524  -27.657  3.310  19.978 0.0000000000
89525  -28.205  3.335  20.418 0.0000000000
89526  -28.883  3.408  20.851 0.0000000000
89534  -26.615  3.778  19.114 0.0000000000
89535  -27.159  3.217  19.398 0.0000000000
89543  -26.436  3.340  18.341 0.0000000000
89544  -26.841  3.094  18.797 0.0000000000
89577  -27.950  3.320  14.450 0.0000000000
89587  -28.125  3.688  13.761 0.0000000000
89598  -28.785  3.709  12.711 0.0000000000
89599  -30.124  2.583  12.460 0.0000000000
89610  -28.898  4.133  12.052 0.0000000000
89611  -30.448  3.097  11.461 0.0000000000
89612  -30.877  2.867  11.327 0.0000000000
89613  -31.142  2.592  11.350 0.0000000000
89624  -30.434  3.724  10.653 0.0000000000
89625  -30.811  3.541  10.452 0.0000000000
89626  -31.290  2.844  10.797 0.0000000000
90401  -27.878  3.853  20.206 0.0000000000
90402  -28.439  4.369  20.397 0.0000000000
90403  -29.560  4.253  20.836 0.0000000000
90414  -27.357  4.384  19.822 0.0000000000
90415  -28.016  4.983  20.065 0.0000000000
90503  -28.893  4.668  11.538 0.0000000000
90504  -30.275  3.909  10.592 0.0000000000
91329  -29.254  5.051  20.416 0.0000000000
