#!ascii label  , from subject FREESURFER vox2ras=TkReg 
165
17960  -38.815  -69.035  -6.115 0.0000000000
17961  -39.449  -69.174  -5.985 0.0000000000
17962  -40.557  -69.195  -5.860 0.0000000000
17963  -41.811  -68.981  -5.858 0.0000000000
17975  -38.984  -69.161  -6.734 0.0000000000
17976  -39.994  -69.478  -6.815 0.0000000000
17977  -41.342  -69.646  -6.898 0.0000000000
17978  -42.597  -69.302  -6.735 0.0000000000
17996  -39.325  -69.191  -7.778 0.0000000000
17997  -40.481  -69.630  -7.840 0.0000000000
17998  -41.485  -69.830  -7.964 0.0000000000
17999  -42.374  -69.724  -7.691 0.0000000000
18842  -40.088  -67.460  -2.494 0.0000000000
18871  -38.074  -68.071  -4.875 0.0000000000
18872  -39.093  -68.033  -4.772 0.0000000000
18873  -40.033  -67.784  -4.747 0.0000000000
18874  -40.561  -67.505  -4.769 0.0000000000
18884  -37.975  -68.337  -5.685 0.0000000000
18885  -38.753  -68.638  -5.542 0.0000000000
18886  -39.791  -68.596  -5.253 0.0000000000
18887  -40.950  -68.077  -5.155 0.0000000000
18888  -42.270  -67.999  -5.445 0.0000000000
18899  -37.648  -68.174  -6.231 0.0000000000
18900  -38.275  -68.684  -6.359 0.0000000000
18919  -37.776  -68.180  -6.921 0.0000000000
18920  -38.388  -68.554  -7.433 0.0000000000
19786  -39.168  -66.992  -1.932 0.0000000000
19792  -39.701  -66.943  -2.442 0.0000000000
19793  -40.308  -66.931  -2.867 0.0000000000
19800  -37.683  -66.898  -3.959 0.0000000000
19801  -38.031  -66.967  -3.903 0.0000000000
19802  -41.014  -66.885  -3.358 0.0000000000
19814  -36.607  -66.813  -4.780 0.0000000000
19815  -37.346  -67.139  -4.384 0.0000000000
19816  -38.573  -67.322  -4.267 0.0000000000
19817  -39.488  -67.249  -4.416 0.0000000000
19818  -40.315  -67.009  -4.540 0.0000000000
19819  -40.950  -66.809  -4.548 0.0000000000
19833  -36.646  -67.074  -5.320 0.0000000000
19834  -37.269  -67.785  -5.562 0.0000000000
19835  -40.886  -67.257  -4.760 0.0000000000
19836  -41.607  -67.156  -4.903 0.0000000000
19850  -36.793  -67.154  -6.080 0.0000000000
19851  -37.259  -67.490  -6.689 0.0000000000
19862  -37.802  -67.513  -7.754 0.0000000000
20771  -37.487  -66.134  0.570 0.0000000000
20774  -37.846  -66.221  -0.294 0.0000000000
20775  -38.367  -66.226  -1.105 0.0000000000
20778  -38.890  -66.232  -1.807 0.0000000000
20779  -39.342  -66.256  -2.330 0.0000000000
20785  -39.884  -66.256  -2.772 0.0000000000
20786  -40.349  -66.359  -3.289 0.0000000000
20796  -36.923  -66.024  -3.579 0.0000000000
20797  -37.772  -66.471  -3.662 0.0000000000
20798  -38.923  -66.505  -3.806 0.0000000000
20799  -39.602  -66.262  -3.829 0.0000000000
20800  -40.783  -66.329  -3.808 0.0000000000
20801  -41.483  -66.554  -3.884 0.0000000000
20812  -35.867  -65.793  -4.656 0.0000000000
20813  -36.426  -66.251  -4.368 0.0000000000
20814  -37.079  -66.530  -3.964 0.0000000000
20815  -39.183  -66.870  -4.175 0.0000000000
20816  -39.729  -66.547  -4.173 0.0000000000
20817  -40.525  -66.421  -4.195 0.0000000000
20818  -41.356  -66.598  -4.329 0.0000000000
20832  -35.943  -66.025  -4.983 0.0000000000
20833  -36.256  -66.468  -5.174 0.0000000000
20844  -35.974  -65.930  -5.507 0.0000000000
20845  -36.374  -66.307  -6.096 0.0000000000
20846  -36.835  -66.730  -6.668 0.0000000000
20852  -36.677  -66.090  -6.957 0.0000000000
20853  -37.162  -66.511  -7.484 0.0000000000
21671  -36.688  -64.727  1.389 0.0000000000
21682  -36.914  -64.616  0.741 0.0000000000
21683  -37.133  -65.182  0.736 0.0000000000
21688  -37.598  -65.354  -0.184 0.0000000000
21689  -38.048  -65.426  -0.900 0.0000000000
21693  -38.632  -65.377  -1.772 0.0000000000
21694  -39.069  -65.816  -2.167 0.0000000000
21697  -36.899  -64.597  -2.331 0.0000000000
21698  -37.527  -64.877  -2.433 0.0000000000
21699  -38.370  -65.250  -2.499 0.0000000000
21700  -39.277  -65.698  -2.682 0.0000000000
21701  -39.895  -66.013  -3.174 0.0000000000
21707  -35.776  -64.867  -3.416 0.0000000000
21708  -36.509  -65.147  -3.054 0.0000000000
21709  -37.646  -65.606  -3.005 0.0000000000
21710  -38.658  -65.762  -3.252 0.0000000000
21711  -39.554  -66.015  -3.479 0.0000000000
21712  -40.174  -66.186  -3.608 0.0000000000
21721  -35.708  -65.364  -4.064 0.0000000000
21722  -36.356  -65.739  -3.758 0.0000000000
21723  -39.971  -66.137  -3.913 0.0000000000
21724  -40.390  -66.228  -3.877 0.0000000000
21739  -35.509  -65.404  -5.158 0.0000000000
21748  -35.856  -65.344  -6.068 0.0000000000
21749  -36.351  -65.356  -6.842 0.0000000000
22505  -35.828  -64.210  2.476 0.0000000000
22506  -36.267  -64.455  2.063 0.0000000000
22520  -35.930  -63.971  1.786 0.0000000000
22521  -36.315  -64.026  1.288 0.0000000000
22535  -36.798  -64.081  0.559 0.0000000000
22536  -37.079  -64.520  0.412 0.0000000000
22541  -36.991  -63.700  0.030 0.0000000000
22542  -37.396  -64.294  -0.295 0.0000000000
22543  -37.791  -64.922  -0.663 0.0000000000
22547  -37.062  -63.969  -1.514 0.0000000000
22548  -37.519  -64.142  -1.303 0.0000000000
22549  -37.921  -64.764  -1.177 0.0000000000
22552  -36.062  -64.091  -2.181 0.0000000000
22553  -36.633  -64.123  -1.913 0.0000000000
22554  -37.346  -64.345  -1.897 0.0000000000
22555  -38.065  -64.602  -1.896 0.0000000000
22560  -35.212  -63.996  -3.197 0.0000000000
22561  -35.728  -64.331  -2.838 0.0000000000
22562  -36.370  -64.452  -2.479 0.0000000000
22568  -34.847  -63.880  -3.781 0.0000000000
22569  -35.287  -64.525  -3.658 0.0000000000
22584  -34.709  -63.589  -4.412 0.0000000000
22585  -34.989  -64.324  -4.710 0.0000000000
22594  -35.389  -64.398  -5.857 0.0000000000
23387  -35.521  -63.691  1.995 0.0000000000
23399  -35.890  -63.365  1.246 0.0000000000
23400  -36.359  -63.582  0.803 0.0000000000
23415  -36.168  -63.224  0.695 0.0000000000
23416  -36.513  -63.341  0.265 0.0000000000
23424  -36.835  -63.394  -0.479 0.0000000000
23425  -37.239  -63.639  -0.959 0.0000000000
23435  -35.867  -63.268  -1.516 0.0000000000
23436  -36.432  -63.479  -1.323 0.0000000000
23437  -37.123  -63.785  -1.255 0.0000000000
23446  -35.119  -63.230  -2.285 0.0000000000
23447  -35.563  -63.487  -2.027 0.0000000000
23448  -36.167  -63.812  -1.837 0.0000000000
23454  -34.946  -63.375  -2.861 0.0000000000
23455  -35.331  -63.817  -2.737 0.0000000000
23458  -34.554  -63.127  -3.827 0.0000000000
23470  -34.547  -62.957  -4.734 0.0000000000
23471  -34.736  -63.557  -4.896 0.0000000000
24319  -35.449  -62.835  1.193 0.0000000000
24346  -35.781  -62.749  0.468 0.0000000000
24347  -36.297  -62.973  -0.213 0.0000000000
24368  -35.882  -62.580  -0.468 0.0000000000
24369  -36.247  -63.005  -0.829 0.0000000000
24382  -35.189  -62.525  -1.516 0.0000000000
24383  -35.623  -62.808  -1.299 0.0000000000
24384  -36.103  -63.104  -1.128 0.0000000000
24395  -34.983  -62.757  -2.002 0.0000000000
24396  -35.372  -63.019  -1.761 0.0000000000
24404  -34.420  -62.469  -3.043 0.0000000000
24407  -34.334  -62.267  -4.039 0.0000000000
25317  -35.444  -62.218  -0.098 0.0000000000
25334  -35.025  -61.782  -0.361 0.0000000000
25335  -35.426  -62.247  -0.778 0.0000000000
25349  -34.980  -62.030  -1.289 0.0000000000
25350  -35.367  -62.330  -1.123 0.0000000000
25361  -34.006  -61.153  -2.301 0.0000000000
25362  -34.273  -61.575  -2.237 0.0000000000
25370  -33.923  -61.115  -2.592 0.0000000000
25371  -34.051  -61.468  -3.308 0.0000000000
26333  -34.498  -61.263  -0.705 0.0000000000
26349  -34.265  -61.245  -1.536 0.0000000000
26357  -33.901  -60.775  -2.049 0.0000000000
26358  -34.127  -61.194  -1.943 0.0000000000
26364  -33.702  -60.537  -3.032 0.0000000000
