#!ascii label  , from subject FREESURFER vox2ras=TkReg 
212
109446  -9.562  30.794  -5.056 0.0000000000
110097  -9.050  31.546  -5.413 0.0000000000
110098  -9.943  31.537  -5.460 0.0000000000
110099  -10.901  31.526  -5.762 0.0000000000
110737  -8.650  32.278  -5.746 0.0000000000
110738  -9.399  32.274  -5.663 0.0000000000
110739  -10.168  32.374  -5.805 0.0000000000
110746  -10.806  32.424  -6.192 0.0000000000
111374  -8.957  32.886  -5.800 0.0000000000
111375  -9.602  32.909  -5.874 0.0000000000
111386  -9.235  33.520  -6.086 0.0000000000
111387  -10.222  33.329  -6.252 0.0000000000
111388  -11.027  32.972  -6.560 0.0000000000
111403  -10.876  33.563  -6.804 0.0000000000
112028  -9.550  34.225  -6.469 0.0000000000
112029  -10.347  34.248  -6.790 0.0000000000
112048  -11.046  33.975  -7.454 0.0000000000
112716  -9.027  34.974  -6.652 0.0000000000
112717  -9.773  34.906  -6.787 0.0000000000
112736  -9.390  35.641  -7.065 0.0000000000
112737  -10.411  35.129  -7.462 0.0000000000
112738  -11.153  34.311  -8.208 0.0000000000
112752  -10.894  35.067  -8.584 0.0000000000
113391  -8.861  36.591  -7.325 0.0000000000
113392  -9.758  36.361  -7.557 0.0000000000
113393  -10.436  35.972  -8.033 0.0000000000
113405  -10.625  36.096  -8.924 0.0000000000
113410  -10.557  36.229  -10.162 0.0000000000
113411  -10.510  36.798  -10.358 0.0000000000
113418  -10.366  36.478  -10.990 0.0000000000
113419  -10.462  36.828  -10.592 0.0000000000
113424  -10.073  36.343  -12.109 0.0000000000
113429  -10.008  36.463  -13.098 0.0000000000
113434  -10.448  36.389  -13.611 0.0000000000
114021  -8.300  37.545  -7.559 0.0000000000
114022  -9.303  37.716  -7.677 0.0000000000
114023  -10.190  36.962  -8.112 0.0000000000
114033  -10.034  37.929  -8.176 0.0000000000
114034  -10.521  37.438  -9.031 0.0000000000
114039  -10.572  37.417  -10.247 0.0000000000
114040  -10.530  37.036  -10.448 0.0000000000
114046  -10.389  37.446  -11.315 0.0000000000
114047  -10.459  37.055  -10.691 0.0000000000
114052  -10.222  37.497  -12.518 0.0000000000
114057  -10.349  37.473  -13.294 0.0000000000
114058  -11.872  37.413  -13.084 0.0000000000
114059  -12.276  37.491  -12.405 0.0000000000
114062  -10.770  37.406  -13.602 0.0000000000
114063  -11.285  37.382  -13.507 0.0000000000
114657  -8.506  38.562  -7.701 0.0000000000
114658  -9.071  38.836  -7.734 0.0000000000
114665  -9.642  38.737  -7.988 0.0000000000
114666  -10.255  38.671  -8.561 0.0000000000
114667  -12.571  38.470  -9.022 0.0000000000
114672  -10.535  38.614  -9.524 0.0000000000
114673  -12.593  38.529  -10.123 0.0000000000
114677  -10.560  38.647  -10.702 0.0000000000
114678  -12.672  38.540  -11.146 0.0000000000
114682  -10.355  38.658  -11.932 0.0000000000
114683  -12.533  38.460  -12.095 0.0000000000
114687  -10.141  38.606  -12.973 0.0000000000
114688  -11.648  38.291  -13.381 0.0000000000
114689  -12.174  38.324  -12.877 0.0000000000
114693  -10.536  38.490  -13.523 0.0000000000
114694  -11.071  38.381  -13.736 0.0000000000
115269  -8.598  39.511  -7.764 0.0000000000
115270  -9.258  39.597  -7.849 0.0000000000
115277  -9.905  39.601  -8.213 0.0000000000
115278  -10.481  39.648  -8.866 0.0000000000
115279  -12.711  39.391  -8.431 0.0000000000
115280  -13.035  40.246  -8.335 0.0000000000
115285  -10.662  39.838  -9.988 0.0000000000
115286  -12.715  39.383  -9.597 0.0000000000
115291  -10.600  39.911  -11.319 0.0000000000
115292  -10.587  40.550  -11.586 0.0000000000
115293  -12.865  39.524  -10.656 0.0000000000
115294  -13.035  40.022  -10.782 0.0000000000
115298  -10.236  39.831  -12.510 0.0000000000
115299  -10.443  40.412  -11.984 0.0000000000
115300  -12.828  39.506  -11.653 0.0000000000
115301  -13.073  39.991  -11.056 0.0000000000
115305  -10.339  39.602  -13.332 0.0000000000
115306  -11.989  38.957  -13.229 0.0000000000
115307  -12.391  39.337  -12.704 0.0000000000
115311  -10.857  39.435  -13.642 0.0000000000
115312  -11.523  39.264  -13.517 0.0000000000
115313  -11.989  39.546  -13.280 0.0000000000
115890  -8.776  40.418  -7.788 0.0000000000
115891  -9.501  40.434  -7.952 0.0000000000
115892  -13.320  40.770  -7.763 0.0000000000
115898  -10.135  40.498  -8.357 0.0000000000
115899  -10.636  40.686  -9.066 0.0000000000
115900  -12.972  40.179  -9.157 0.0000000000
115901  -13.423  40.885  -8.732 0.0000000000
115905  -10.841  40.988  -10.065 0.0000000000
115906  -10.935  41.477  -10.584 0.0000000000
115907  -12.925  40.121  -10.082 0.0000000000
115908  -13.324  40.844  -9.705 0.0000000000
115913  -10.797  40.419  -10.614 0.0000000000
115914  -10.816  40.991  -11.169 0.0000000000
115915  -12.994  40.049  -10.585 0.0000000000
115916  -13.096  40.544  -10.643 0.0000000000
115920  -10.381  40.864  -12.467 0.0000000000
115921  -10.540  40.905  -11.882 0.0000000000
115922  -12.632  40.298  -12.262 0.0000000000
115923  -12.938  40.448  -11.435 0.0000000000
115928  -10.303  40.661  -13.096 0.0000000000
115929  -11.659  40.693  -13.318 0.0000000000
115930  -12.061  40.284  -13.124 0.0000000000
115934  -10.684  40.472  -13.471 0.0000000000
115935  -11.353  40.310  -13.506 0.0000000000
115936  -11.741  39.854  -13.414 0.0000000000
116530  -8.240  41.231  -7.914 0.0000000000
116531  -9.123  41.373  -7.746 0.0000000000
116532  -9.729  41.773  -7.863 0.0000000000
116534  -14.429  42.039  -7.433 0.0000000000
116540  -7.952  41.977  -8.114 0.0000000000
116541  -9.769  41.116  -8.004 0.0000000000
116542  -10.280  41.532  -8.364 0.0000000000
116543  -13.835  41.556  -8.114 0.0000000000
116544  -14.517  42.246  -8.402 0.0000000000
116549  -10.751  41.692  -9.216 0.0000000000
116550  -10.949  41.910  -10.088 0.0000000000
116551  -13.955  41.697  -9.225 0.0000000000
116552  -14.521  42.477  -9.153 0.0000000000
116557  -10.930  42.077  -11.091 0.0000000000
116558  -13.519  41.535  -10.311 0.0000000000
116562  -10.327  41.598  -12.896 0.0000000000
116563  -10.576  41.686  -12.095 0.0000000000
116564  -12.717  41.138  -11.833 0.0000000000
116565  -13.064  41.283  -11.118 0.0000000000
116570  -10.550  41.421  -13.342 0.0000000000
116571  -11.792  41.034  -13.101 0.0000000000
116572  -12.281  41.086  -12.584 0.0000000000
116575  -10.980  41.250  -13.607 0.0000000000
116576  -11.425  41.106  -13.385 0.0000000000
117202  -8.532  42.310  -7.778 0.0000000000
117203  -9.327  42.400  -7.687 0.0000000000
117204  -10.046  42.490  -7.897 0.0000000000
117213  -7.934  42.672  -8.022 0.0000000000
117214  -10.590  42.544  -8.599 0.0000000000
117221  -10.896  42.580  -9.470 0.0000000000
117222  -10.997  42.708  -10.331 0.0000000000
117223  -14.021  42.556  -9.943 0.0000000000
117229  -10.950  42.986  -11.167 0.0000000000
117230  -12.544  42.793  -11.623 0.0000000000
117231  -13.130  42.347  -11.048 0.0000000000
117236  -10.464  42.464  -12.723 0.0000000000
117237  -10.701  42.733  -11.962 0.0000000000
117238  -12.370  42.091  -12.105 0.0000000000
117239  -12.803  41.705  -11.486 0.0000000000
117244  -10.469  42.241  -13.233 0.0000000000
117245  -11.529  41.409  -13.192 0.0000000000
117246  -11.710  41.649  -12.843 0.0000000000
117250  -10.809  42.101  -13.569 0.0000000000
117251  -11.318  41.859  -13.385 0.0000000000
117252  -11.230  42.714  -13.455 0.0000000000
117256  -11.134  42.415  -13.390 0.0000000000
117257  -11.106  42.907  -13.433 0.0000000000
117818  -8.904  43.138  -7.572 0.0000000000
117819  -9.586  43.356  -7.644 0.0000000000
117820  -10.419  43.449  -7.978 0.0000000000
117827  -8.206  43.401  -7.725 0.0000000000
117828  -10.974  43.604  -9.090 0.0000000000
117829  -11.069  43.982  -9.831 0.0000000000
117837  -11.007  43.114  -9.808 0.0000000000
117838  -11.022  43.612  -10.462 0.0000000000
117845  -10.824  43.637  -11.652 0.0000000000
117846  -12.737  43.409  -11.237 0.0000000000
117847  -13.606  43.392  -10.503 0.0000000000
117851  -10.556  42.819  -13.095 0.0000000000
117852  -10.883  43.292  -12.520 0.0000000000
117853  -11.900  43.298  -12.074 0.0000000000
117857  -10.667  42.668  -13.442 0.0000000000
117858  -10.802  43.015  -13.218 0.0000000000
117859  -11.357  42.523  -12.933 0.0000000000
117863  -10.883  42.521  -13.601 0.0000000000
117864  -11.147  42.816  -13.264 0.0000000000
117868  -10.896  42.811  -13.599 0.0000000000
117869  -11.049  43.077  -13.284 0.0000000000
118354  -8.826  44.267  -7.443 0.0000000000
118355  -9.934  44.409  -7.551 0.0000000000
118356  -10.723  44.469  -8.124 0.0000000000
118363  -8.131  44.110  -7.570 0.0000000000
118364  -11.014  44.551  -8.855 0.0000000000
118365  -11.057  44.374  -9.530 0.0000000000
118373  -10.728  44.988  -10.740 0.0000000000
118374  -10.939  44.368  -10.309 0.0000000000
118380  -10.612  45.202  -11.596 0.0000000000
118381  -10.815  44.407  -11.208 0.0000000000
118382  -12.216  44.472  -11.520 0.0000000000
118383  -13.080  44.150  -10.744 0.0000000000
118387  -10.612  45.437  -11.924 0.0000000000
118388  -10.852  44.653  -11.980 0.0000000000
118389  -11.372  44.231  -12.042 0.0000000000
118924  -9.362  45.510  -7.328 0.0000000000
118925  -10.299  45.488  -7.674 0.0000000000
118934  -10.827  45.424  -8.655 0.0000000000
118935  -11.008  44.948  -9.341 0.0000000000
118944  -10.761  45.548  -9.935 0.0000000000
118945  -10.895  44.832  -9.958 0.0000000000
118951  -10.429  45.726  -11.137 0.0000000000
118958  -10.246  45.858  -12.023 0.0000000000
118959  -10.656  45.687  -12.127 0.0000000000
118960  -11.393  45.425  -12.125 0.0000000000
118964  -10.296  46.208  -12.447 0.0000000000
119533  -10.621  46.454  -9.282 0.0000000000
119541  -10.358  46.474  -10.505 0.0000000000
119548  -10.018  46.494  -11.563 0.0000000000
119556  -9.823  46.677  -12.386 0.0000000000
130358  -11.271  42.195  -13.247 0.0000000000
130359  -10.906  43.074  -13.452 0.0000000000
