#!ascii label  , from subject FREESURFER vox2ras=TkReg 
233
122804  -14.851  53.242  1.808 0.0000000000
122805  -15.288  52.798  2.005 0.0000000000
122806  -16.085  52.701  2.361 0.0000000000
122807  -16.956  52.730  2.386 0.0000000000
122808  -17.660  52.971  2.271 0.0000000000
122823  -14.758  52.826  1.274 0.0000000000
123320  -15.002  53.553  2.160 0.0000000000
123321  -15.605  53.525  2.490 0.0000000000
123322  -16.445  53.502  2.675 0.0000000000
123323  -17.326  53.636  2.568 0.0000000000
123324  -18.136  53.679  2.094 0.0000000000
123334  -14.082  54.226  1.505 0.0000000000
123335  -14.415  53.861  1.698 0.0000000000
123345  -13.931  54.164  1.086 0.0000000000
123346  -14.205  53.436  0.704 0.0000000000
123824  -15.641  54.976  3.184 0.0000000000
123825  -16.376  55.030  3.192 0.0000000000
123826  -17.133  55.180  3.022 0.0000000000
123827  -17.470  55.397  2.683 0.0000000000
123838  -14.271  54.857  2.395 0.0000000000
123839  -14.935  54.435  2.642 0.0000000000
123840  -15.948  54.252  2.971 0.0000000000
123841  -16.861  54.345  2.973 0.0000000000
123842  -17.733  54.777  2.423 0.0000000000
123843  -18.526  54.619  1.493 0.0000000000
123851  -13.903  54.677  1.713 0.0000000000
123852  -14.345  54.424  2.149 0.0000000000
123862  -13.385  54.846  0.687 0.0000000000
124336  -14.358  55.894  3.130 0.0000000000
124337  -15.076  55.589  3.289 0.0000000000
124338  -15.978  55.722  3.424 0.0000000000
124339  -16.740  55.799  3.255 0.0000000000
124340  -17.318  55.870  2.878 0.0000000000
124353  -13.828  55.613  2.488 0.0000000000
124354  -14.470  55.253  2.834 0.0000000000
124355  -17.754  55.798  2.360 0.0000000000
124356  -18.250  55.647  1.596 0.0000000000
124361  -12.868  56.050  0.867 0.0000000000
124362  -13.233  55.649  1.484 0.0000000000
124369  -13.031  55.526  0.661 0.0000000000
124792  -13.949  56.645  3.043 0.0000000000
124793  -14.773  56.595  3.430 0.0000000000
124794  -15.629  56.539  3.509 0.0000000000
124795  -16.444  56.545  3.393 0.0000000000
124796  -17.124  56.539  3.111 0.0000000000
124805  -12.562  57.208  1.625 0.0000000000
124806  -13.136  56.660  2.289 0.0000000000
124807  -17.599  56.552  2.562 0.0000000000
124808  -17.990  56.571  1.799 0.0000000000
124816  -12.493  56.790  0.641 0.0000000000
124817  -12.807  56.434  1.417 0.0000000000
124818  -18.341  56.543  0.782 0.0000000000
125241  -13.485  57.728  2.979 0.0000000000
125242  -14.458  57.570  3.398 0.0000000000
125243  -15.364  57.475  3.555 0.0000000000
125244  -16.211  57.395  3.450 0.0000000000
125245  -16.950  57.320  3.203 0.0000000000
125255  -12.333  57.950  1.848 0.0000000000
125256  -12.765  57.727  2.365 0.0000000000
125257  -17.425  57.174  2.804 0.0000000000
125258  -17.823  57.367  2.190 0.0000000000
125267  -11.787  58.443  0.695 0.0000000000
125268  -12.067  57.874  1.001 0.0000000000
125269  -18.085  57.476  1.231 0.0000000000
125275  -11.825  58.238  0.100 0.0000000000
125276  -12.131  57.524  -0.087 0.0000000000
125277  -18.554  57.567  0.179 0.0000000000
125278  -18.960  58.001  -0.390 0.0000000000
125645  -20.705  59.231  5.055 0.0000000000
125659  -20.429  58.927  4.209 0.0000000000
125670  -12.755  59.292  3.021 0.0000000000
125671  -13.226  58.835  3.139 0.0000000000
125672  -14.170  58.597  3.449 0.0000000000
125673  -15.128  58.462  3.555 0.0000000000
125674  -16.034  58.336  3.450 0.0000000000
125675  -16.808  58.168  3.206 0.0000000000
125676  -20.350  58.801  3.170 0.0000000000
125684  -11.843  59.223  2.004 0.0000000000
125685  -12.360  58.762  2.404 0.0000000000
125686  -12.921  58.236  2.774 0.0000000000
125687  -17.422  58.060  2.656 0.0000000000
125688  -17.983  58.304  1.808 0.0000000000
125689  -20.343  58.677  2.163 0.0000000000
125697  -11.763  58.840  1.344 0.0000000000
125698  -12.097  58.330  1.676 0.0000000000
125699  -18.322  58.414  0.918 0.0000000000
125700  -20.382  58.528  1.182 0.0000000000
125707  -11.602  58.915  0.301 0.0000000000
125708  -18.816  58.495  0.294 0.0000000000
125709  -19.475  58.347  -0.060 0.0000000000
125710  -20.230  58.313  0.132 0.0000000000
126017  -20.846  59.812  5.011 0.0000000000
126018  -21.189  59.886  5.449 0.0000000000
126031  -20.737  59.883  4.443 0.0000000000
126032  -20.943  60.250  4.944 0.0000000000
126041  -13.123  59.773  3.383 0.0000000000
126042  -13.958  59.611  3.536 0.0000000000
126043  -14.905  59.474  3.545 0.0000000000
126044  -15.843  59.341  3.412 0.0000000000
126045  -16.764  59.153  3.071 0.0000000000
126046  -17.177  58.690  2.838 0.0000000000
126047  -20.601  59.726  3.550 0.0000000000
126055  -11.944  59.624  2.361 0.0000000000
126056  -12.395  59.873  2.971 0.0000000000
126057  -17.020  59.810  2.667 0.0000000000
126058  -17.591  59.331  2.236 0.0000000000
126059  -18.145  59.070  1.433 0.0000000000
126060  -20.549  59.767  2.528 0.0000000000
126064  -11.426  59.778  1.785 0.0000000000
126065  -18.073  59.699  1.380 0.0000000000
126066  -18.543  59.395  0.875 0.0000000000
126067  -19.138  59.699  0.734 0.0000000000
126068  -20.332  59.415  1.602 0.0000000000
126073  -11.327  59.680  0.718 0.0000000000
126074  -19.130  59.077  0.457 0.0000000000
126075  -19.711  59.271  0.522 0.0000000000
126076  -20.209  59.226  0.843 0.0000000000
126083  -11.462  59.653  -0.340 0.0000000000
126350  -21.646  60.652  5.829 0.0000000000
126361  -21.237  60.766  5.201 0.0000000000
126372  -20.793  60.424  3.840 0.0000000000
126373  -21.016  60.825  4.432 0.0000000000
126382  -12.912  60.607  3.396 0.0000000000
126383  -13.744  60.567  3.521 0.0000000000
126384  -14.697  60.497  3.505 0.0000000000
126385  -15.608  60.325  3.346 0.0000000000
126386  -16.465  60.215  2.969 0.0000000000
126387  -20.766  60.517  3.166 0.0000000000
126388  -21.010  61.076  3.637 0.0000000000
126394  -11.214  61.043  2.216 0.0000000000
126395  -11.688  60.520  2.577 0.0000000000
126396  -12.303  60.717  3.128 0.0000000000
126397  -17.208  60.459  2.341 0.0000000000
126398  -17.988  60.440  1.577 0.0000000000
126399  -18.488  60.686  1.463 0.0000000000
126400  -20.744  60.793  2.535 0.0000000000
126401  -21.014  61.154  3.051 0.0000000000
126406  -10.925  61.074  1.633 0.0000000000
126407  -11.153  60.530  1.935 0.0000000000
126408  -18.285  60.002  1.166 0.0000000000
126409  -18.718  60.282  1.159 0.0000000000
126410  -19.640  60.077  1.164 0.0000000000
126411  -20.345  60.310  1.770 0.0000000000
126416  -10.747  61.125  0.843 0.0000000000
126417  -11.045  60.443  1.169 0.0000000000
126418  -19.957  59.655  0.881 0.0000000000
126419  -20.109  59.764  1.223 0.0000000000
126685  -21.547  61.323  5.484 0.0000000000
126696  -21.420  61.582  4.814 0.0000000000
126697  -21.681  61.944  5.359 0.0000000000
126707  -21.331  61.622  4.065 0.0000000000
126715  -12.669  61.338  3.303 0.0000000000
126716  -13.435  61.446  3.423 0.0000000000
126717  -14.379  61.481  3.426 0.0000000000
126718  -15.529  61.474  3.196 0.0000000000
126719  -16.088  60.884  3.108 0.0000000000
126720  -21.183  61.751  3.400 0.0000000000
126727  -11.030  61.666  2.098 0.0000000000
126728  -11.517  61.492  2.615 0.0000000000
126729  -12.038  61.328  3.047 0.0000000000
126730  -16.055  62.028  2.799 0.0000000000
126731  -16.563  61.413  2.631 0.0000000000
126732  -17.554  61.362  2.104 0.0000000000
126733  -18.546  61.218  1.833 0.0000000000
126734  -19.500  61.338  2.053 0.0000000000
126735  -20.352  61.271  2.269 0.0000000000
126736  -20.954  61.611  2.760 0.0000000000
126741  -10.604  61.716  1.431 0.0000000000
126742  -18.716  60.738  1.468 0.0000000000
126743  -19.161  60.752  1.527 0.0000000000
126744  -19.828  60.741  1.754 0.0000000000
127059  -21.513  62.042  4.376 0.0000000000
127060  -21.716  62.495  4.765 0.0000000000
127069  -21.478  62.452  3.951 0.0000000000
127070  -21.777  63.188  4.347 0.0000000000
127079  -12.407  61.852  3.192 0.0000000000
127080  -12.983  62.085  3.293 0.0000000000
127081  -13.903  62.564  3.285 0.0000000000
127082  -14.879  62.269  3.211 0.0000000000
127083  -18.612  62.677  2.882 0.0000000000
127084  -19.452  62.647  3.050 0.0000000000
127085  -20.360  62.638  3.123 0.0000000000
127086  -21.126  62.548  3.151 0.0000000000
127095  -10.746  62.388  1.979 0.0000000000
127096  -11.362  62.322  2.526 0.0000000000
127097  -11.924  62.094  2.984 0.0000000000
127098  -14.804  63.056  3.039 0.0000000000
127099  -15.616  62.657  2.827 0.0000000000
127100  -16.418  62.507  2.565 0.0000000000
127101  -17.140  62.272  2.317 0.0000000000
127102  -18.007  62.217  2.432 0.0000000000
127103  -19.022  62.020  2.464 0.0000000000
127104  -19.919  61.967  2.634 0.0000000000
127105  -20.630  62.027  2.710 0.0000000000
127473  -21.431  63.499  3.825 0.0000000000
127483  -12.458  62.409  3.142 0.0000000000
127484  -12.983  62.873  3.191 0.0000000000
127485  -13.516  63.259  3.110 0.0000000000
127486  -17.195  63.560  2.807 0.0000000000
127487  -17.733  63.253  2.921 0.0000000000
127488  -18.796  63.363  3.386 0.0000000000
127489  -19.831  63.378  3.603 0.0000000000
127490  -20.756  63.485  3.466 0.0000000000
127500  -11.064  63.147  2.312 0.0000000000
127501  -11.999  63.124  2.908 0.0000000000
127502  -13.007  63.686  2.958 0.0000000000
127503  -14.082  63.826  2.806 0.0000000000
127504  -15.257  63.711  2.575 0.0000000000
127505  -16.120  63.401  2.413 0.0000000000
127506  -16.933  63.221  2.605 0.0000000000
127507  -17.448  62.731  2.577 0.0000000000
127886  -16.318  64.933  2.703 0.0000000000
127887  -16.900  64.201  2.954 0.0000000000
127888  -18.003  64.183  3.585 0.0000000000
127889  -19.112  64.242  3.897 0.0000000000
127898  -11.338  63.997  2.408 0.0000000000
127899  -12.225  64.261  2.627 0.0000000000
127900  -13.181  64.539  2.539 0.0000000000
127901  -13.931  64.785  2.277 0.0000000000
127902  -14.772  64.693  2.240 0.0000000000
127903  -15.917  64.523  2.298 0.0000000000
127904  -16.476  63.831  2.544 0.0000000000
128248  -16.569  65.405  3.096 0.0000000000
128249  -17.340  65.160  3.644 0.0000000000
128264  -12.410  65.201  2.303 0.0000000000
128265  -13.334  65.395  2.123 0.0000000000
128266  -14.186  65.530  1.956 0.0000000000
128267  -15.091  65.823  1.967 0.0000000000
128268  -15.961  65.636  2.529 0.0000000000
128278  -12.651  66.093  1.904 0.0000000000
128279  -13.540  66.212  1.765 0.0000000000
128280  -14.298  66.352  1.766 0.0000000000
128281  -14.701  66.508  1.805 0.0000000000
