#!ascii label  , from subject FREESURFER vox2ras=TkReg 
214
22565  -21.283  -64.923  -4.705 0.0000000000
22566  -22.137  -65.185  -4.840 0.0000000000
22579  -21.109  -64.211  -5.286 0.0000000000
22580  -22.050  -64.325  -5.188 0.0000000000
22581  -23.047  -64.716  -5.340 0.0000000000
23465  -20.953  -63.618  -5.780 0.0000000000
23466  -21.855  -63.393  -5.538 0.0000000000
23467  -22.893  -63.493  -5.413 0.0000000000
23468  -23.908  -63.589  -5.603 0.0000000000
23478  -20.838  -63.120  -6.119 0.0000000000
23479  -21.371  -63.042  -5.820 0.0000000000
24411  -21.870  -62.599  -5.649 0.0000000000
24412  -22.726  -62.397  -5.504 0.0000000000
24413  -23.761  -62.551  -5.527 0.0000000000
24422  -20.711  -62.417  -6.252 0.0000000000
24423  -21.352  -62.421  -5.872 0.0000000000
25384  -22.121  -61.731  -5.615 0.0000000000
25385  -22.953  -61.445  -5.506 0.0000000000
25386  -23.652  -61.588  -5.523 0.0000000000
25387  -24.466  -61.676  -5.700 0.0000000000
25388  -25.129  -61.550  -6.035 0.0000000000
25395  -20.625  -61.466  -6.258 0.0000000000
25396  -21.351  -61.582  -5.898 0.0000000000
26384  -21.961  -60.951  -5.651 0.0000000000
26385  -22.741  -60.740  -5.571 0.0000000000
26386  -23.546  -60.800  -5.584 0.0000000000
26387  -24.412  -60.695  -5.790 0.0000000000
26388  -24.862  -61.111  -5.895 0.0000000000
26396  -20.568  -60.423  -6.387 0.0000000000
26397  -21.489  -60.503  -5.992 0.0000000000
26398  -22.292  -60.319  -5.774 0.0000000000
26399  -24.896  -60.055  -6.089 0.0000000000
26400  -25.358  -60.531  -6.252 0.0000000000
27423  -22.887  -59.987  -5.808 0.0000000000
27424  -23.506  -60.114  -5.769 0.0000000000
27425  -23.973  -60.291  -5.759 0.0000000000
27444  -20.493  -59.422  -6.670 0.0000000000
27445  -21.430  -59.453  -6.426 0.0000000000
27446  -22.444  -59.505  -6.122 0.0000000000
27447  -23.458  -59.330  -5.998 0.0000000000
27448  -24.404  -59.561  -5.979 0.0000000000
27449  -25.386  -59.414  -6.268 0.0000000000
27450  -26.160  -59.539  -6.611 0.0000000000
28393  -24.379  -57.717  -5.984 0.0000000000
28394  -24.756  -57.776  -5.873 0.0000000000
28413  -20.344  -58.611  -6.996 0.0000000000
28414  -21.286  -58.381  -6.852 0.0000000000
28415  -22.265  -58.460  -6.502 0.0000000000
28416  -23.229  -58.451  -6.243 0.0000000000
28417  -24.216  -58.367  -6.027 0.0000000000
28418  -25.314  -58.229  -6.029 0.0000000000
28419  -26.139  -58.557  -6.452 0.0000000000
28432  -20.110  -57.944  -7.338 0.0000000000
28433  -20.793  -57.873  -7.189 0.0000000000
28434  -26.711  -58.651  -6.936 0.0000000000
29306  -24.597  -57.232  -5.894 0.0000000000
29307  -25.206  -57.301  -5.841 0.0000000000
29327  -21.374  -57.261  -7.108 0.0000000000
29328  -22.116  -57.390  -6.763 0.0000000000
29329  -22.990  -57.495  -6.445 0.0000000000
29330  -23.909  -57.505  -6.165 0.0000000000
29331  -25.778  -57.273  -6.022 0.0000000000
29332  -26.348  -57.521  -6.370 0.0000000000
29333  -26.853  -57.437  -6.739 0.0000000000
29347  -19.811  -57.213  -7.774 0.0000000000
29348  -20.686  -56.990  -7.418 0.0000000000
29349  -26.667  -57.961  -6.721 0.0000000000
30217  -20.216  -55.779  -5.038 0.0000000000
30218  -24.274  -56.612  -6.060 0.0000000000
30219  -25.034  -56.499  -5.769 0.0000000000
30220  -25.720  -56.185  -5.779 0.0000000000
30237  -21.321  -56.608  -7.301 0.0000000000
30238  -21.957  -56.231  -7.172 0.0000000000
30239  -22.794  -56.494  -6.667 0.0000000000
30240  -23.564  -56.648  -6.344 0.0000000000
30241  -25.632  -56.767  -5.822 0.0000000000
30242  -26.300  -56.542  -6.048 0.0000000000
30243  -27.191  -56.615  -6.648 0.0000000000
30256  -19.582  -56.646  -8.073 0.0000000000
30257  -20.169  -56.066  -7.967 0.0000000000
30258  -21.199  -55.907  -7.550 0.0000000000
30259  -21.740  -55.540  -7.434 0.0000000000
30277  -19.315  -55.983  -8.306 0.0000000000
30278  -19.826  -55.699  -8.223 0.0000000000
31073  -18.418  -55.461  -3.586 0.0000000000
31074  -19.318  -55.469  -3.827 0.0000000000
31075  -19.983  -55.197  -4.039 0.0000000000
31080  -19.793  -55.662  -4.340 0.0000000000
31081  -20.314  -55.322  -4.633 0.0000000000
31086  -20.317  -55.185  -5.522 0.0000000000
31087  -24.506  -55.773  -5.908 0.0000000000
31088  -25.293  -55.559  -5.676 0.0000000000
31089  -26.258  -55.512  -5.737 0.0000000000
31102  -19.524  -54.926  -6.354 0.0000000000
31103  -20.259  -54.406  -6.179 0.0000000000
31104  -22.720  -55.451  -6.917 0.0000000000
31105  -23.387  -55.775  -6.491 0.0000000000
31106  -23.944  -56.011  -6.206 0.0000000000
31107  -26.925  -55.839  -6.159 0.0000000000
31123  -20.780  -54.946  -7.851 0.0000000000
31124  -21.558  -54.953  -7.580 0.0000000000
31125  -22.126  -55.116  -7.327 0.0000000000
31144  -18.982  -54.880  -8.595 0.0000000000
31145  -19.900  -55.029  -8.300 0.0000000000
32011  -15.710  -54.444  -3.499 0.0000000000
32012  -16.759  -54.510  -3.531 0.0000000000
32013  -17.782  -54.553  -3.498 0.0000000000
32014  -18.763  -54.585  -3.500 0.0000000000
32015  -19.673  -54.577  -3.662 0.0000000000
32016  -20.422  -54.602  -4.084 0.0000000000
32021  -21.011  -54.444  -4.852 0.0000000000
32022  -21.457  -53.926  -5.057 0.0000000000
32025  -20.796  -54.180  -5.823 0.0000000000
32026  -21.245  -53.949  -5.407 0.0000000000
32027  -24.577  -54.701  -5.736 0.0000000000
32028  -25.643  -54.640  -5.475 0.0000000000
32036  -18.766  -53.738  -7.243 0.0000000000
32037  -19.885  -53.845  -6.659 0.0000000000
32038  -20.445  -53.963  -6.361 0.0000000000
32039  -22.562  -54.360  -6.974 0.0000000000
32040  -23.287  -54.829  -6.559 0.0000000000
32041  -23.913  -55.246  -6.163 0.0000000000
32054  -20.390  -53.931  -7.995 0.0000000000
32055  -21.330  -54.145  -7.648 0.0000000000
32056  -21.953  -54.378  -7.446 0.0000000000
32074  -18.682  -54.008  -8.549 0.0000000000
32075  -19.479  -53.995  -8.412 0.0000000000
33019  -16.036  -53.508  -3.635 0.0000000000
33020  -17.079  -53.554  -3.579 0.0000000000
33021  -18.116  -53.644  -3.497 0.0000000000
33022  -19.109  -53.684  -3.501 0.0000000000
33023  -20.139  -53.705  -3.665 0.0000000000
33024  -20.858  -53.366  -3.820 0.0000000000
33029  -14.826  -52.613  -4.173 0.0000000000
33030  -20.849  -53.974  -4.138 0.0000000000
33031  -21.459  -53.492  -4.490 0.0000000000
33032  -22.175  -53.115  -4.857 0.0000000000
33035  -21.202  -53.818  -5.894 0.0000000000
33036  -21.707  -53.643  -5.585 0.0000000000
33037  -22.551  -53.167  -5.666 0.0000000000
33038  -23.228  -53.109  -6.011 0.0000000000
33039  -24.023  -53.547  -5.848 0.0000000000
33040  -25.014  -53.710  -5.396 0.0000000000
33046  -19.098  -53.242  -7.641 0.0000000000
33047  -19.623  -53.340  -7.302 0.0000000000
33048  -20.754  -53.624  -6.600 0.0000000000
33049  -21.791  -53.524  -6.526 0.0000000000
33050  -22.554  -53.577  -6.513 0.0000000000
33051  -23.247  -53.903  -6.415 0.0000000000
33052  -23.807  -54.418  -6.165 0.0000000000
33060  -18.652  -53.404  -8.003 0.0000000000
33061  -19.340  -53.268  -7.832 0.0000000000
33062  -20.114  -53.421  -7.578 0.0000000000
33063  -21.074  -53.616  -7.320 0.0000000000
33064  -21.927  -53.772  -7.192 0.0000000000
33079  -18.629  -53.683  -8.321 0.0000000000
33080  -19.076  -53.504  -8.241 0.0000000000
33081  -19.666  -53.472  -8.056 0.0000000000
34111  -15.464  -52.790  -3.963 0.0000000000
34112  -16.319  -52.428  -3.917 0.0000000000
34113  -17.475  -52.699  -3.637 0.0000000000
34114  -18.444  -52.764  -3.559 0.0000000000
34115  -19.391  -52.775  -3.572 0.0000000000
34116  -20.279  -52.723  -3.627 0.0000000000
34117  -21.124  -52.665  -3.726 0.0000000000
34122  -15.276  -52.013  -4.342 0.0000000000
34123  -15.867  -51.746  -4.333 0.0000000000
34124  -21.877  -52.514  -4.161 0.0000000000
34125  -22.752  -52.431  -4.664 0.0000000000
34126  -23.412  -52.127  -4.973 0.0000000000
34129  -23.174  -52.642  -5.403 0.0000000000
34130  -23.811  -52.473  -5.556 0.0000000000
34131  -24.551  -52.777  -5.430 0.0000000000
35167  -17.084  -51.928  -3.926 0.0000000000
35168  -17.851  -51.955  -3.732 0.0000000000
35169  -18.678  -51.870  -3.699 0.0000000000
35170  -19.585  -51.913  -3.641 0.0000000000
35171  -20.437  -51.870  -3.580 0.0000000000
35172  -21.276  -51.714  -3.627 0.0000000000
35177  -14.693  -51.231  -4.685 0.0000000000
35178  -15.509  -51.174  -4.607 0.0000000000
35179  -16.428  -51.348  -4.373 0.0000000000
35180  -17.411  -51.329  -4.205 0.0000000000
35181  -18.088  -51.415  -3.997 0.0000000000
35182  -22.197  -51.549  -3.868 0.0000000000
35183  -23.089  -51.440  -4.392 0.0000000000
35184  -24.037  -51.529  -4.958 0.0000000000
35191  -24.307  -52.165  -5.379 0.0000000000
36222  -18.439  -51.284  -3.996 0.0000000000
36223  -18.923  -51.178  -3.873 0.0000000000
36224  -19.758  -51.093  -3.690 0.0000000000
36225  -20.554  -51.083  -3.571 0.0000000000
36233  -15.022  -50.475  -5.009 0.0000000000
36234  -15.938  -50.252  -4.892 0.0000000000
36235  -16.930  -50.564  -4.602 0.0000000000
36236  -18.040  -50.675  -4.298 0.0000000000
36237  -19.067  -50.350  -4.129 0.0000000000
36238  -20.061  -50.284  -3.846 0.0000000000
36239  -21.239  -50.523  -3.636 0.0000000000
36240  -22.438  -50.458  -3.882 0.0000000000
36241  -23.427  -50.464  -4.331 0.0000000000
36250  -15.242  -49.792  -5.321 0.0000000000
36251  -15.728  -49.620  -5.311 0.0000000000
37119  -16.593  -49.980  -4.922 0.0000000000
37120  -17.237  -49.828  -4.844 0.0000000000
37121  -18.239  -49.480  -4.650 0.0000000000
37122  -19.374  -49.436  -4.407 0.0000000000
37123  -20.447  -49.402  -4.094 0.0000000000
37124  -21.615  -49.409  -3.902 0.0000000000
37137  -16.374  -49.357  -5.411 0.0000000000
37138  -17.396  -49.070  -5.350 0.0000000000
37139  -18.082  -48.763  -5.312 0.0000000000
37946  -18.776  -48.716  -4.984 0.0000000000
37963  -17.680  -48.494  -5.862 0.0000000000
