#!ascii label  , from subject FREESURFER vox2ras=TkReg 
223
372  -17.906  -96.095  13.260 0.0000000000
373  -18.419  -96.034  13.120 0.0000000000
380  -17.395  -96.609  12.737 0.0000000000
381  -18.420  -96.303  12.536 0.0000000000
382  -19.007  -96.224  11.901 0.0000000000
386  -17.912  -96.699  11.931 0.0000000000
387  -18.580  -96.470  11.568 0.0000000000
388  -19.126  -96.264  11.375 0.0000000000
393  -17.897  -96.808  10.869 0.0000000000
394  -18.887  -96.345  10.841 0.0000000000
395  -19.333  -96.187  11.093 0.0000000000
400  -17.702  -96.423  9.615 0.0000000000
401  -18.443  -96.346  10.189 0.0000000000
408  -17.153  -96.409  8.917 0.0000000000
417  -16.426  -96.120  8.272 0.0000000000
549  -17.532  -95.449  13.530 0.0000000000
550  -18.438  -95.522  13.374 0.0000000000
551  -19.049  -95.580  13.099 0.0000000000
558  -18.735  -95.953  12.992 0.0000000000
559  -19.082  -95.931  12.464 0.0000000000
563  -19.542  -95.834  11.532 0.0000000000
564  -20.040  -95.444  11.321 0.0000000000
568  -19.039  -96.115  10.217 0.0000000000
569  -19.480  -96.004  10.702 0.0000000000
570  -20.110  -95.470  10.648 0.0000000000
574  -17.937  -95.975  9.323 0.0000000000
575  -18.478  -95.786  9.556 0.0000000000
576  -19.539  -95.650  10.039 0.0000000000
577  -20.039  -95.342  10.089 0.0000000000
583  -17.021  -96.126  8.524 0.0000000000
584  -17.611  -95.657  8.851 0.0000000000
585  -18.156  -95.495  9.198 0.0000000000
592  -16.654  -95.646  8.071 0.0000000000
593  -17.172  -95.396  8.333 0.0000000000
792  -17.208  -94.775  13.494 0.0000000000
793  -18.149  -94.616  13.612 0.0000000000
794  -19.175  -94.685  13.583 0.0000000000
795  -19.722  -94.098  13.627 0.0000000000
807  -17.245  -94.162  13.193 0.0000000000
808  -19.461  -95.338  12.553 0.0000000000
809  -19.900  -94.422  12.589 0.0000000000
820  -19.830  -95.211  11.826 0.0000000000
821  -20.355  -94.922  11.313 0.0000000000
827  -20.590  -94.776  10.504 0.0000000000
828  -20.897  -94.394  10.455 0.0000000000
833  -19.262  -95.152  9.579 0.0000000000
834  -19.881  -95.161  9.816 0.0000000000
835  -20.434  -94.924  9.958 0.0000000000
836  -21.040  -94.395  10.067 0.0000000000
841  -17.784  -94.868  8.727 0.0000000000
842  -18.435  -94.970  9.153 0.0000000000
846  -17.190  -94.704  8.237 0.0000000000
1075  -19.178  -93.033  14.508 0.0000000000
1076  -19.440  -93.042  14.587 0.0000000000
1077  -19.993  -93.159  14.678 0.0000000000
1083  -17.848  -93.934  13.511 0.0000000000
1084  -18.762  -93.396  14.071 0.0000000000
1085  -19.539  -93.617  14.149 0.0000000000
1086  -20.288  -93.447  13.772 0.0000000000
1091  -16.924  -93.899  12.715 0.0000000000
1092  -17.554  -93.347  13.031 0.0000000000
1093  -18.049  -93.350  13.600 0.0000000000
1094  -20.445  -93.617  12.504 0.0000000000
1101  -16.488  -93.550  11.932 0.0000000000
1102  -17.107  -93.359  12.454 0.0000000000
1103  -20.594  -94.041  11.515 0.0000000000
1104  -20.941  -93.559  11.301 0.0000000000
1111  -16.382  -92.890  11.200 0.0000000000
1112  -20.746  -94.435  10.816 0.0000000000
1113  -21.264  -93.812  10.627 0.0000000000
1114  -22.134  -93.285  10.093 0.0000000000
1117  -19.176  -94.660  9.401 0.0000000000
1118  -19.902  -94.529  9.496 0.0000000000
1119  -20.826  -94.095  9.550 0.0000000000
1120  -21.645  -93.654  9.663 0.0000000000
1124  -17.917  -93.979  8.728 0.0000000000
1125  -19.098  -93.906  9.178 0.0000000000
1126  -20.363  -93.444  9.115 0.0000000000
1127  -21.407  -93.357  9.046 0.0000000000
1380  -19.364  -92.697  14.553 0.0000000000
1381  -19.954  -92.591  14.873 0.0000000000
1382  -20.683  -92.644  14.733 0.0000000000
1383  -21.387  -92.443  14.492 0.0000000000
1384  -21.852  -92.121  14.305 0.0000000000
1389  -18.925  -92.466  14.056 0.0000000000
1390  -20.930  -92.664  13.988 0.0000000000
1391  -21.661  -92.306  13.504 0.0000000000
1392  -22.630  -91.991  13.515 0.0000000000
1400  -17.731  -92.781  12.844 0.0000000000
1401  -18.154  -92.702  13.361 0.0000000000
1402  -20.853  -92.826  12.772 0.0000000000
1403  -21.619  -92.446  12.312 0.0000000000
1404  -22.452  -92.231  12.466 0.0000000000
1405  -23.494  -92.302  12.502 0.0000000000
1414  -16.814  -92.852  11.598 0.0000000000
1415  -17.358  -92.648  12.169 0.0000000000
1416  -17.821  -92.488  12.747 0.0000000000
1417  -20.707  -93.341  11.841 0.0000000000
1418  -21.241  -92.956  11.477 0.0000000000
1419  -22.124  -92.513  11.433 0.0000000000
1430  -16.050  -92.307  10.679 0.0000000000
1431  -16.894  -92.277  11.208 0.0000000000
1432  -17.312  -92.089  11.600 0.0000000000
1433  -21.826  -92.988  10.722 0.0000000000
1434  -22.633  -92.814  10.591 0.0000000000
1448  -18.572  -93.124  8.682 0.0000000000
1449  -19.549  -92.778  8.746 0.0000000000
1450  -20.464  -92.639  8.685 0.0000000000
1451  -21.145  -92.766  8.672 0.0000000000
1783  -19.365  -92.167  14.380 0.0000000000
1784  -19.792  -92.088  14.762 0.0000000000
1785  -20.575  -91.853  15.047 0.0000000000
1786  -21.470  -92.074  14.934 0.0000000000
1787  -22.097  -91.743  14.340 0.0000000000
1793  -19.160  -91.977  13.951 0.0000000000
1794  -19.684  -91.652  14.054 0.0000000000
1795  -20.119  -91.729  14.589 0.0000000000
1796  -23.042  -91.554  13.765 0.0000000000
1806  -18.730  -92.029  13.398 0.0000000000
1807  -19.203  -91.638  13.469 0.0000000000
1819  -17.569  -91.875  11.846 0.0000000000
1820  -18.070  -91.870  12.525 0.0000000000
1831  -16.585  -91.438  10.768 0.0000000000
1832  -17.288  -91.582  11.277 0.0000000000
1844  -20.189  -92.035  8.417 0.0000000000
2285  -20.905  -91.330  14.794 0.0000000000
2286  -21.359  -91.495  14.854 0.0000000000
2287  -21.762  -91.626  14.736 0.0000000000
2295  -19.949  -91.197  13.679 0.0000000000
2296  -20.462  -91.154  14.142 0.0000000000
2297  -21.249  -90.870  14.432 0.0000000000
2298  -22.217  -90.991  14.338 0.0000000000
2311  -18.851  -91.467  12.835 0.0000000000
2312  -19.568  -90.982  12.963 0.0000000000
2313  -20.127  -90.910  13.414 0.0000000000
2328  -17.785  -91.303  11.699 0.0000000000
2329  -18.606  -90.670  11.945 0.0000000000
2330  -19.344  -90.389  12.278 0.0000000000
2342  -16.211  -90.558  10.596 0.0000000000
2343  -17.388  -90.552  11.014 0.0000000000
2344  -18.204  -89.935  11.196 0.0000000000
2801  -20.985  -90.399  13.788 0.0000000000
2802  -21.687  -90.077  13.705 0.0000000000
2803  -22.645  -89.882  13.618 0.0000000000
2816  -19.737  -90.317  12.436 0.0000000000
2817  -20.458  -90.150  12.882 0.0000000000
2818  -21.198  -89.954  13.272 0.0000000000
2831  -15.301  -89.388  11.296 0.0000000000
2832  -18.740  -89.860  11.473 0.0000000000
2833  -19.592  -89.681  11.738 0.0000000000
2834  -20.349  -89.449  12.141 0.0000000000
2844  -15.723  -89.810  10.835 0.0000000000
2845  -16.666  -89.581  10.749 0.0000000000
2846  -17.652  -89.379  10.816 0.0000000000
2847  -18.641  -89.242  11.018 0.0000000000
2848  -19.335  -88.901  11.049 0.0000000000
3345  -22.107  -89.352  13.449 0.0000000000
3346  -22.687  -88.571  13.402 0.0000000000
3362  -20.727  -89.295  12.378 0.0000000000
3363  -21.522  -88.956  12.805 0.0000000000
3364  -22.230  -87.916  13.001 0.0000000000
3379  -19.860  -88.780  11.259 0.0000000000
3380  -20.503  -88.587  11.805 0.0000000000
3381  -21.268  -87.936  12.205 0.0000000000
3394  -16.052  -88.736  11.017 0.0000000000
3395  -17.084  -88.586  10.763 0.0000000000
3396  -18.046  -88.469  10.679 0.0000000000
3397  -18.906  -88.383  10.709 0.0000000000
3398  -19.622  -88.283  10.883 0.0000000000
3399  -20.054  -88.293  11.191 0.0000000000
3988  -22.663  -87.441  13.262 0.0000000000
4005  -21.872  -87.399  12.604 0.0000000000
4006  -22.348  -87.299  12.965 0.0000000000
4018  -20.994  -87.460  11.707 0.0000000000
4019  -21.445  -87.335  12.138 0.0000000000
4034  -16.201  -88.196  11.162 0.0000000000
4035  -16.634  -87.801  11.097 0.0000000000
4036  -17.611  -87.662  10.727 0.0000000000
4037  -18.524  -87.621  10.577 0.0000000000
4038  -19.301  -87.719  10.626 0.0000000000
4039  -20.178  -87.557  10.940 0.0000000000
4665  -22.996  -86.990  13.403 0.0000000000
4679  -22.064  -86.828  12.518 0.0000000000
4680  -22.669  -86.534  12.874 0.0000000000
4681  -23.399  -86.167  13.310 0.0000000000
4696  -20.842  -86.772  11.293 0.0000000000
4697  -21.688  -86.592  12.000 0.0000000000
4698  -22.325  -85.794  12.153 0.0000000000
4718  -17.390  -86.809  11.102 0.0000000000
4719  -18.178  -86.811  10.668 0.0000000000
4720  -19.235  -86.783  10.572 0.0000000000
4721  -20.258  -86.348  10.805 0.0000000000
5411  -22.908  -85.292  12.357 0.0000000000
5412  -23.635  -85.521  13.069 0.0000000000
5428  -21.022  -85.915  11.296 0.0000000000
5429  -21.817  -85.262  11.675 0.0000000000
5430  -22.472  -85.239  11.983 0.0000000000
5447  -17.960  -86.277  11.001 0.0000000000
5448  -18.603  -85.913  10.904 0.0000000000
5449  -19.595  -85.685  10.801 0.0000000000
5450  -20.438  -85.402  10.996 0.0000000000
5451  -21.055  -85.154  11.283 0.0000000000
6125  -23.019  -84.801  12.204 0.0000000000
6126  -23.405  -84.556  12.360 0.0000000000
6127  -24.281  -84.560  12.881 0.0000000000
6143  -21.936  -84.343  11.569 0.0000000000
6144  -22.723  -84.551  11.942 0.0000000000
6145  -23.182  -84.162  12.118 0.0000000000
6159  -19.127  -85.090  11.140 0.0000000000
6160  -19.969  -84.723  10.994 0.0000000000
6161  -20.714  -84.690  11.200 0.0000000000
6162  -21.315  -84.559  11.380 0.0000000000
6757  -23.420  -83.965  12.191 0.0000000000
6758  -23.909  -83.571  12.314 0.0000000000
6770  -21.395  -83.738  11.433 0.0000000000
6771  -22.374  -83.674  11.700 0.0000000000
6772  -23.155  -83.626  12.022 0.0000000000
6773  -23.489  -83.193  12.092 0.0000000000
6782  -20.597  -84.133  11.286 0.0000000000
6783  -20.998  -84.255  11.280 0.0000000000
7394  -22.092  -82.940  11.723 0.0000000000
7395  -22.872  -82.992  11.845 0.0000000000
7396  -23.276  -83.076  12.000 0.0000000000
