#!ascii label  , from subject FREESURFER vox2ras=TkReg 
194
108228  -2.588  30.165  -11.561 0.0000000000
108846  -2.549  30.284  -10.562 0.0000000000
109497  -2.810  30.613  -9.173 0.0000000000
109498  -3.010  30.533  -8.426 0.0000000000
109513  -2.671  30.822  -9.819 0.0000000000
109520  -2.492  31.194  -10.664 0.0000000000
110112  -4.263  31.756  -6.645 0.0000000000
110114  -7.586  31.659  -6.108 0.0000000000
110127  -3.530  31.419  -7.625 0.0000000000
110128  -3.907  31.644  -7.105 0.0000000000
110146  -2.956  31.469  -9.160 0.0000000000
110147  -3.273  31.601  -8.413 0.0000000000
110167  -2.572  31.839  -10.060 0.0000000000
110176  -2.399  32.052  -11.130 0.0000000000
110184  -3.116  30.749  -12.398 0.0000000000
110736  -8.203  32.215  -5.896 0.0000000000
110741  -4.705  32.649  -6.533 0.0000000000
110743  -7.341  32.342  -6.770 0.0000000000
110744  -7.791  32.380  -6.282 0.0000000000
110745  -8.301  32.602  -5.966 0.0000000000
110750  -3.558  32.385  -8.113 0.0000000000
110751  -4.069  32.365  -7.321 0.0000000000
110752  -7.004  32.580  -7.284 0.0000000000
110753  -7.442  32.846  -6.819 0.0000000000
110769  -2.745  32.751  -9.382 0.0000000000
110770  -3.173  32.320  -8.743 0.0000000000
110771  -5.713  32.775  -8.740 0.0000000000
110772  -6.340  32.677  -7.994 0.0000000000
110786  -2.375  32.907  -10.352 0.0000000000
110787  -4.781  32.945  -9.855 0.0000000000
110788  -5.082  32.450  -9.381 0.0000000000
110795  -2.250  33.101  -11.194 0.0000000000
110796  -3.946  32.087  -11.277 0.0000000000
110797  -4.484  32.314  -10.292 0.0000000000
110798  -4.734  32.258  -9.830 0.0000000000
110802  -2.288  32.865  -11.989 0.0000000000
110803  -3.483  32.772  -12.259 0.0000000000
110804  -3.382  33.153  -12.757 0.0000000000
110805  -1.794  33.138  -13.615 0.0000000000
110806  -3.328  32.718  -13.023 0.0000000000
110807  -1.820  32.973  -14.312 0.0000000000
110808  -2.220  32.721  -13.481 0.0000000000
110809  -3.225  32.121  -13.447 0.0000000000
110810  -1.921  32.904  -14.720 0.0000000000
110811  -2.470  32.446  -13.868 0.0000000000
110812  -3.077  31.857  -13.797 0.0000000000
111373  -8.565  32.773  -5.904 0.0000000000
111384  -7.742  33.286  -6.601 0.0000000000
111385  -8.385  33.256  -6.197 0.0000000000
111399  -3.874  33.241  -7.867 0.0000000000
111400  -4.481  33.601  -7.226 0.0000000000
111401  -6.726  33.427  -7.677 0.0000000000
111402  -7.303  33.619  -7.143 0.0000000000
111418  -2.802  33.621  -9.208 0.0000000000
111419  -3.252  33.464  -8.605 0.0000000000
111420  -5.787  33.666  -8.856 0.0000000000
111421  -6.242  33.735  -8.337 0.0000000000
111437  -2.443  33.755  -9.747 0.0000000000
111438  -4.796  33.603  -9.889 0.0000000000
111439  -5.276  33.613  -9.373 0.0000000000
111446  -1.996  34.506  -11.224 0.0000000000
111447  -2.153  34.100  -10.832 0.0000000000
111448  -3.913  33.308  -11.076 0.0000000000
111449  -4.377  33.418  -10.473 0.0000000000
111450  -1.838  34.416  -11.654 0.0000000000
111451  -1.994  33.683  -11.802 0.0000000000
111452  -3.644  33.422  -11.677 0.0000000000
111453  -1.623  34.222  -12.600 0.0000000000
111454  -1.923  33.496  -12.679 0.0000000000
111455  -3.439  33.617  -12.496 0.0000000000
111456  -1.477  33.873  -13.566 0.0000000000
111457  -1.833  33.349  -13.210 0.0000000000
111458  -3.308  33.528  -13.200 0.0000000000
111459  -1.369  33.634  -14.510 0.0000000000
111460  -3.179  33.178  -13.876 0.0000000000
111461  -1.565  33.371  -15.155 0.0000000000
111462  -2.068  33.127  -15.135 0.0000000000
111463  -2.772  32.910  -14.573 0.0000000000
111464  -1.775  33.563  -15.518 0.0000000000
111465  -1.948  33.672  -15.580 0.0000000000
112026  -7.872  34.248  -6.702 0.0000000000
112027  -8.709  34.212  -6.433 0.0000000000
112044  -3.862  34.449  -7.904 0.0000000000
112045  -4.454  34.522  -7.312 0.0000000000
112046  -6.865  34.497  -7.729 0.0000000000
112047  -7.428  34.408  -7.187 0.0000000000
112062  -2.740  34.540  -9.047 0.0000000000
112063  -3.285  34.466  -8.513 0.0000000000
112064  -5.856  34.543  -8.937 0.0000000000
112065  -6.352  34.566  -8.357 0.0000000000
112079  -2.213  34.726  -9.930 0.0000000000
112080  -4.842  34.415  -9.955 0.0000000000
112081  -5.343  34.487  -9.461 0.0000000000
112086  -1.876  35.040  -11.244 0.0000000000
112087  -2.091  34.877  -10.566 0.0000000000
112088  -3.897  34.331  -11.041 0.0000000000
112089  -4.387  34.350  -10.485 0.0000000000
112091  -1.442  35.034  -12.362 0.0000000000
112092  -3.497  34.431  -12.048 0.0000000000
112095  -1.120  34.826  -13.498 0.0000000000
112096  -2.911  35.096  -13.661 0.0000000000
112097  -3.253  34.390  -12.994 0.0000000000
112102  -0.966  34.506  -14.549 0.0000000000
112103  -2.639  34.803  -14.556 0.0000000000
112104  -3.124  34.157  -13.885 0.0000000000
112108  -1.087  34.121  -15.351 0.0000000000
112109  -2.342  34.379  -15.183 0.0000000000
112110  -2.789  33.857  -14.586 0.0000000000
112111  -1.651  33.932  -15.628 0.0000000000
112112  -2.120  33.777  -15.394 0.0000000000
112113  -2.513  33.731  -15.007 0.0000000000
112114  -1.766  33.738  -15.750 0.0000000000
112115  -1.927  33.884  -15.640 0.0000000000
112714  -7.906  34.813  -6.834 0.0000000000
112715  -8.256  34.889  -6.740 0.0000000000
112731  -3.817  35.431  -7.850 0.0000000000
112732  -4.397  35.470  -7.302 0.0000000000
112733  -7.016  35.417  -7.782 0.0000000000
112734  -7.652  35.225  -7.210 0.0000000000
112735  -8.511  35.661  -7.009 0.0000000000
112748  -2.717  35.429  -8.866 0.0000000000
112749  -3.265  35.417  -8.400 0.0000000000
112750  -5.942  35.426  -9.049 0.0000000000
112751  -6.445  35.483  -8.410 0.0000000000
112762  -2.405  35.516  -9.404 0.0000000000
112763  -4.898  35.209  -10.054 0.0000000000
112764  -5.390  35.359  -9.590 0.0000000000
112768  -1.765  35.798  -11.125 0.0000000000
112769  -2.040  35.694  -10.380 0.0000000000
112770  -3.915  35.175  -10.972 0.0000000000
112771  -4.415  35.224  -10.529 0.0000000000
112774  -1.477  35.964  -11.971 0.0000000000
112775  -3.667  35.305  -11.551 0.0000000000
112778  -0.995  35.755  -13.231 0.0000000000
112779  -2.809  35.926  -13.472 0.0000000000
112780  -3.256  35.486  -12.618 0.0000000000
112784  -0.847  35.479  -14.387 0.0000000000
112785  -2.402  35.714  -14.265 0.0000000000
112788  -1.173  35.119  -15.347 0.0000000000
112789  -2.001  35.376  -15.220 0.0000000000
112790  -1.329  34.476  -15.717 0.0000000000
112791  -1.775  34.568  -15.620 0.0000000000
113387  -3.810  36.391  -7.819 0.0000000000
113389  -7.093  36.425  -7.826 0.0000000000
113390  -7.950  36.507  -7.336 0.0000000000
113401  -2.737  36.279  -8.813 0.0000000000
113402  -3.253  36.358  -8.338 0.0000000000
113403  -5.977  36.324  -9.160 0.0000000000
113404  -6.509  36.628  -8.492 0.0000000000
113407  -2.284  36.498  -9.649 0.0000000000
113408  -4.888  35.821  -10.137 0.0000000000
113409  -5.280  36.625  -9.924 0.0000000000
113413  -1.644  36.521  -11.019 0.0000000000
113414  -1.972  36.672  -10.300 0.0000000000
113415  -3.975  35.799  -11.039 0.0000000000
113416  -4.484  36.656  -10.682 0.0000000000
113417  -4.998  37.165  -10.294 0.0000000000
113421  -1.281  36.848  -11.856 0.0000000000
113422  -3.679  36.554  -11.731 0.0000000000
113423  -4.061  37.174  -11.225 0.0000000000
113426  -0.993  36.677  -12.856 0.0000000000
113427  -2.431  36.610  -13.810 0.0000000000
113428  -3.084  36.632  -12.926 0.0000000000
113432  -1.026  36.461  -14.088 0.0000000000
113433  -1.716  36.334  -14.569 0.0000000000
113436  -1.179  35.885  -14.842 0.0000000000
113437  -1.466  35.730  -15.113 0.0000000000
114017  -3.832  37.319  -7.798 0.0000000000
114028  -2.582  37.395  -9.180 0.0000000000
114029  -3.293  37.350  -8.360 0.0000000000
114036  -1.637  37.801  -10.464 0.0000000000
114037  -2.039  37.477  -9.949 0.0000000000
114038  -5.754  37.400  -9.472 0.0000000000
114042  -1.353  37.530  -11.181 0.0000000000
114043  -1.718  37.195  -10.551 0.0000000000
114044  -4.827  37.733  -10.501 0.0000000000
114049  -0.987  37.550  -12.307 0.0000000000
114050  -3.865  37.713  -11.617 0.0000000000
114051  -4.354  37.749  -11.031 0.0000000000
114055  -2.754  37.545  -13.369 0.0000000000
114056  -3.395  37.593  -12.444 0.0000000000
114660  -2.952  38.389  -8.906 0.0000000000
114661  -3.447  38.490  -8.347 0.0000000000
114668  -1.829  38.412  -10.142 0.0000000000
114669  -2.340  38.395  -9.552 0.0000000000
114674  -1.446  38.423  -10.743 0.0000000000
130308  -2.485  31.030  -11.296 0.0000000000
130311  -2.435  31.392  -11.131 0.0000000000
130313  -2.469  31.525  -11.465 0.0000000000
130315  -2.496  31.919  -12.314 0.0000000000
130316  -3.718  31.332  -11.732 0.0000000000
130317  -2.181  32.944  -12.853 0.0000000000
130318  -2.030  32.859  -13.016 0.0000000000
130319  -3.472  31.737  -12.308 0.0000000000
