#!ascii label  , from subject FREESURFER vox2ras=TkReg 
251
33078  -54.521  -53.833  -8.101 0.0000000000
33096  -54.875  -53.711  -8.340 0.0000000000
33112  -54.995  -53.522  -8.834 0.0000000000
33131  -54.153  -53.537  -9.524 0.0000000000
33132  -54.671  -53.674  -9.225 0.0000000000
34150  -54.110  -52.821  -8.142 0.0000000000
34151  -54.781  -52.615  -8.155 0.0000000000
34152  -55.158  -51.916  -8.215 0.0000000000
34164  -55.013  -52.727  -8.463 0.0000000000
34165  -55.270  -51.872  -8.480 0.0000000000
34178  -55.168  -52.514  -8.858 0.0000000000
34179  -55.312  -51.841  -8.854 0.0000000000
34194  -52.786  -52.438  -10.310 0.0000000000
34195  -53.794  -52.558  -9.788 0.0000000000
34196  -54.754  -52.715  -9.333 0.0000000000
34197  -55.145  -52.110  -9.162 0.0000000000
35202  -55.774  -50.655  -7.824 0.0000000000
35203  -56.018  -50.543  -7.831 0.0000000000
35208  -53.553  -51.828  -8.074 0.0000000000
35209  -54.427  -51.722  -7.952 0.0000000000
35210  -55.179  -51.312  -7.932 0.0000000000
35211  -55.705  -51.048  -8.087 0.0000000000
35220  -55.554  -51.174  -8.576 0.0000000000
35228  -54.810  -50.976  -9.435 0.0000000000
35229  -55.200  -51.324  -9.193 0.0000000000
35241  -51.534  -51.469  -10.934 0.0000000000
35242  -52.395  -51.471  -10.530 0.0000000000
35243  -53.374  -51.560  -10.128 0.0000000000
35244  -54.440  -51.571  -9.613 0.0000000000
35245  -54.971  -51.969  -9.390 0.0000000000
36259  -55.356  -50.238  -7.720 0.0000000000
36260  -56.117  -50.017  -7.636 0.0000000000
36261  -56.288  -49.533  -7.774 0.0000000000
36266  -52.995  -50.783  -8.239 0.0000000000
36267  -53.967  -50.802  -7.961 0.0000000000
36268  -54.726  -50.798  -7.818 0.0000000000
36269  -56.240  -50.356  -7.926 0.0000000000
36270  -56.402  -49.724  -7.884 0.0000000000
36280  -56.067  -50.519  -8.303 0.0000000000
36281  -56.405  -49.917  -8.202 0.0000000000
36289  -55.043  -50.305  -9.367 0.0000000000
36290  -55.707  -50.336  -8.785 0.0000000000
36291  -56.189  -50.068  -8.456 0.0000000000
36303  -51.863  -50.511  -10.684 0.0000000000
36304  -52.859  -50.634  -10.291 0.0000000000
36305  -53.807  -50.668  -9.885 0.0000000000
36306  -54.497  -50.658  -9.586 0.0000000000
36312  -50.747  -50.467  -11.886 0.0000000000
36313  -51.243  -50.720  -11.238 0.0000000000
37148  -55.138  -49.512  -7.674 0.0000000000
37149  -55.618  -49.352  -7.637 0.0000000000
37150  -56.105  -49.141  -7.723 0.0000000000
37158  -53.461  -49.792  -8.116 0.0000000000
37159  -54.493  -49.718  -7.834 0.0000000000
37160  -56.332  -49.058  -7.872 0.0000000000
37170  -56.437  -49.151  -8.135 0.0000000000
37175  -54.957  -49.563  -9.450 0.0000000000
37176  -55.470  -49.481  -9.201 0.0000000000
37177  -56.120  -49.326  -8.623 0.0000000000
37190  -51.744  -49.745  -10.638 0.0000000000
37191  -52.369  -49.777  -10.360 0.0000000000
37192  -53.280  -49.826  -9.948 0.0000000000
37193  -54.295  -49.726  -9.598 0.0000000000
37201  -50.662  -49.661  -11.748 0.0000000000
37202  -51.113  -49.744  -11.089 0.0000000000
37218  -50.232  -49.094  -13.154 0.0000000000
37219  -50.486  -49.645  -12.503 0.0000000000
37977  -53.997  -48.234  -7.697 0.0000000000
37978  -54.886  -48.626  -7.580 0.0000000000
37979  -55.738  -48.373  -7.564 0.0000000000
37980  -56.188  -48.241  -7.757 0.0000000000
37989  -53.788  -48.914  -7.979 0.0000000000
37990  -54.315  -48.864  -7.789 0.0000000000
37991  -56.418  -48.242  -8.019 0.0000000000
38000  -56.268  -48.384  -8.401 0.0000000000
38005  -53.936  -48.388  -9.591 0.0000000000
38006  -54.837  -48.725  -9.525 0.0000000000
38007  -55.711  -48.544  -9.109 0.0000000000
38008  -56.082  -48.485  -8.734 0.0000000000
38021  -49.767  -47.946  -11.257 0.0000000000
38022  -50.039  -48.201  -10.945 0.0000000000
38023  -51.647  -48.971  -10.386 0.0000000000
38024  -52.746  -49.038  -9.953 0.0000000000
38025  -53.623  -49.071  -9.699 0.0000000000
38026  -54.201  -48.976  -9.598 0.0000000000
38032  -49.811  -48.153  -11.844 0.0000000000
38033  -50.333  -48.782  -11.510 0.0000000000
38034  -50.859  -49.047  -10.796 0.0000000000
38049  -49.877  -48.320  -12.544 0.0000000000
38050  -50.249  -48.950  -12.509 0.0000000000
38845  -54.325  -47.442  -7.539 0.0000000000
38846  -55.238  -47.448  -7.492 0.0000000000
38847  -55.956  -47.327  -7.546 0.0000000000
38859  -56.337  -47.122  -7.854 0.0000000000
38867  -56.321  -47.331  -8.270 0.0000000000
38872  -52.519  -47.381  -9.537 0.0000000000
38873  -53.237  -47.566  -9.522 0.0000000000
38874  -54.330  -47.547  -9.522 0.0000000000
38875  -55.261  -47.572  -9.361 0.0000000000
38876  -55.931  -47.602  -8.782 0.0000000000
38888  -49.548  -47.189  -11.106 0.0000000000
38889  -50.273  -47.512  -10.530 0.0000000000
38890  -51.345  -47.827  -10.035 0.0000000000
38891  -52.362  -48.103  -9.711 0.0000000000
38892  -53.192  -48.445  -9.633 0.0000000000
38898  -49.399  -47.422  -11.974 0.0000000000
38899  -50.276  -48.294  -10.819 0.0000000000
38900  -50.720  -48.454  -10.588 0.0000000000
38912  -49.361  -47.374  -12.918 0.0000000000
39755  -54.697  -46.468  -7.494 0.0000000000
39756  -55.544  -46.422  -7.521 0.0000000000
39757  -56.107  -46.303  -7.687 0.0000000000
39770  -56.294  -46.091  -7.886 0.0000000000
39778  -56.359  -46.271  -8.120 0.0000000000
39783  -51.868  -46.209  -9.492 0.0000000000
39784  -52.457  -46.565  -9.489 0.0000000000
39785  -53.713  -46.535  -9.484 0.0000000000
39786  -54.739  -46.529  -9.456 0.0000000000
39787  -55.516  -46.501  -9.117 0.0000000000
39788  -56.054  -46.293  -8.564 0.0000000000
39801  -49.684  -46.593  -10.693 0.0000000000
39802  -50.245  -46.360  -10.232 0.0000000000
39803  -51.240  -46.534  -9.638 0.0000000000
39804  -51.967  -47.296  -9.579 0.0000000000
39812  -48.882  -45.849  -11.589 0.0000000000
39813  -49.083  -46.253  -11.377 0.0000000000
39821  -48.816  -45.888  -11.888 0.0000000000
39822  -49.009  -46.334  -12.502 0.0000000000
40658  -54.147  -45.505  -7.427 0.0000000000
40659  -55.089  -45.497  -7.516 0.0000000000
40660  -55.844  -45.464  -7.592 0.0000000000
40661  -56.249  -45.405  -7.808 0.0000000000
40675  -56.423  -45.394  -8.032 0.0000000000
40685  -56.262  -45.432  -8.346 0.0000000000
40692  -51.060  -44.986  -9.629 0.0000000000
40693  -51.909  -45.536  -9.542 0.0000000000
40694  -53.125  -45.521  -9.490 0.0000000000
40695  -54.215  -45.528  -9.494 0.0000000000
40696  -55.137  -45.530  -9.445 0.0000000000
40697  -55.754  -45.494  -8.969 0.0000000000
40698  -56.064  -45.453  -8.622 0.0000000000
40711  -48.891  -44.969  -10.842 0.0000000000
40712  -49.559  -45.536  -10.486 0.0000000000
40713  -50.548  -45.587  -9.870 0.0000000000
40714  -51.160  -45.660  -9.584 0.0000000000
40721  -48.761  -45.370  -11.522 0.0000000000
40722  -48.981  -45.578  -10.995 0.0000000000
40728  -48.755  -45.373  -12.371 0.0000000000
41532  -54.641  -44.543  -7.466 0.0000000000
41533  -55.517  -44.560  -7.582 0.0000000000
41534  -56.106  -44.562  -7.757 0.0000000000
41549  -56.401  -44.566  -7.958 0.0000000000
41558  -56.353  -44.597  -8.239 0.0000000000
41565  -50.978  -44.328  -9.606 0.0000000000
41566  -51.650  -44.384  -9.559 0.0000000000
41567  -52.654  -44.486  -9.514 0.0000000000
41568  -53.716  -44.525  -9.495 0.0000000000
41569  -54.689  -44.569  -9.523 0.0000000000
41570  -55.468  -44.614  -9.252 0.0000000000
41571  -56.040  -44.632  -8.706 0.0000000000
41586  -48.828  -44.344  -10.785 0.0000000000
41587  -49.239  -44.392  -10.443 0.0000000000
41588  -50.195  -44.406  -9.827 0.0000000000
41593  -48.596  -44.400  -11.210 0.0000000000
41598  -48.495  -44.503  -12.037 0.0000000000
42423  -54.241  -43.563  -7.443 0.0000000000
42424  -55.197  -43.603  -7.573 0.0000000000
42425  -55.966  -43.646  -7.692 0.0000000000
42426  -56.358  -43.687  -7.912 0.0000000000
42438  -56.437  -43.749  -8.134 0.0000000000
42445  -56.258  -43.842  -8.463 0.0000000000
42452  -51.058  -43.502  -9.580 0.0000000000
42453  -52.209  -43.458  -9.492 0.0000000000
42454  -53.273  -43.510  -9.517 0.0000000000
42455  -54.260  -43.584  -9.498 0.0000000000
42456  -55.119  -43.693  -9.409 0.0000000000
42457  -55.751  -43.823  -9.044 0.0000000000
42458  -56.040  -43.879  -8.730 0.0000000000
42472  -48.722  -43.586  -10.697 0.0000000000
42473  -49.437  -43.474  -10.060 0.0000000000
42474  -50.146  -43.263  -9.691 0.0000000000
42484  -48.454  -43.518  -11.579 0.0000000000
43396  -54.922  -42.606  -7.602 0.0000000000
43397  -55.813  -42.671  -7.642 0.0000000000
43398  -56.347  -42.745  -7.820 0.0000000000
43409  -56.615  -42.857  -8.039 0.0000000000
43415  -56.379  -42.989  -8.385 0.0000000000
43423  -51.748  -42.392  -9.459 0.0000000000
43424  -52.860  -42.470  -9.541 0.0000000000
43425  -53.888  -42.573  -9.592 0.0000000000
43426  -54.805  -42.715  -9.524 0.0000000000
43427  -55.537  -42.922  -9.173 0.0000000000
43428  -56.036  -43.268  -8.758 0.0000000000
44375  -54.692  -41.570  -7.520 0.0000000000
44376  -55.692  -41.638  -7.586 0.0000000000
44377  -56.316  -41.737  -7.727 0.0000000000
44386  -56.609  -41.882  -7.937 0.0000000000
44393  -56.495  -42.061  -8.274 0.0000000000
44403  -52.472  -41.397  -9.511 0.0000000000
44404  -53.539  -41.530  -9.567 0.0000000000
44405  -54.512  -41.699  -9.601 0.0000000000
44406  -55.355  -41.920  -9.363 0.0000000000
44407  -56.061  -42.231  -8.811 0.0000000000
45467  -55.599  -40.543  -7.356 0.0000000000
45468  -56.382  -40.680  -7.415 0.0000000000
45476  -56.680  -40.800  -7.721 0.0000000000
45482  -56.747  -41.075  -8.147 0.0000000000
45491  -53.192  -40.474  -9.561 0.0000000000
45492  -54.220  -40.676  -9.609 0.0000000000
45493  -55.149  -40.918  -9.569 0.0000000000
45494  -55.904  -41.182  -9.102 0.0000000000
45495  -56.382  -41.402  -8.586 0.0000000000
46488  -55.658  -38.561  -6.490 0.0000000000
46489  -56.326  -38.709  -6.457 0.0000000000
46490  -56.997  -38.741  -6.448 0.0000000000
46508  -55.310  -39.283  -7.039 0.0000000000
46509  -56.533  -39.550  -6.901 0.0000000000
46510  -57.283  -39.004  -6.771 0.0000000000
46518  -56.866  -39.729  -7.313 0.0000000000
46519  -57.367  -39.130  -7.204 0.0000000000
46525  -56.236  -39.559  -8.692 0.0000000000
46526  -56.926  -39.721  -7.787 0.0000000000
46527  -57.277  -39.173  -7.426 0.0000000000
46536  -53.914  -39.657  -9.628 0.0000000000
46537  -54.914  -39.952  -9.696 0.0000000000
46538  -55.728  -40.244  -9.239 0.0000000000
46539  -56.404  -40.523  -8.620 0.0000000000
47476  -55.912  -38.051  -6.044 0.0000000000
47477  -56.811  -38.146  -6.006 0.0000000000
47495  -57.321  -38.327  -6.389 0.0000000000
47503  -57.577  -38.529  -6.816 0.0000000000
47512  -55.547  -38.717  -8.697 0.0000000000
47513  -56.700  -38.790  -8.019 0.0000000000
47514  -57.356  -38.738  -7.319 0.0000000000
47521  -54.667  -39.058  -9.436 0.0000000000
47522  -55.444  -39.486  -9.227 0.0000000000
48489  -55.296  -36.614  -5.306 0.0000000000
48490  -55.801  -36.445  -5.351 0.0000000000
48498  -55.132  -37.376  -5.727 0.0000000000
48499  -56.253  -37.090  -5.676 0.0000000000
48500  -57.099  -37.707  -6.025 0.0000000000
48514  -56.874  -37.079  -6.079 0.0000000000
48515  -57.322  -37.854  -6.483 0.0000000000
48534  -56.757  -37.229  -6.816 0.0000000000
48535  -57.521  -38.085  -7.040 0.0000000000
48548  -56.185  -37.971  -7.813 0.0000000000
48549  -57.118  -38.190  -7.361 0.0000000000
48550  -57.431  -38.343  -7.230 0.0000000000
49529  -56.044  -36.127  -5.320 0.0000000000
49535  -56.461  -36.326  -5.655 0.0000000000
49544  -56.737  -36.309  -6.024 0.0000000000
