#!ascii label  , from subject FREESURFER vox2ras=TkReg 
261
126346  -5.527  60.526  5.529 0.0000000000
126347  -6.359  60.586  5.807 0.0000000000
126639  -4.859  61.848  12.599 0.0000000000
126640  -5.286  61.333  12.073 0.0000000000
126641  -5.692  61.344  11.675 0.0000000000
126642  -6.074  61.693  11.432 0.0000000000
126670  -8.065  61.821  7.599 0.0000000000
126679  -3.691  61.875  5.846 0.0000000000
126680  -4.410  61.651  5.863 0.0000000000
126681  -5.508  61.369  5.906 0.0000000000
126682  -6.714  61.447  6.288 0.0000000000
126683  -7.659  61.462  6.952 0.0000000000
126692  -2.819  62.272  5.384 0.0000000000
126693  -3.224  61.931  5.493 0.0000000000
126694  -3.992  61.435  5.414 0.0000000000
126695  -4.762  60.896  5.476 0.0000000000
126703  -2.745  62.417  5.153 0.0000000000
126704  -2.970  62.129  4.959 0.0000000000
126705  -3.843  61.842  4.679 0.0000000000
126712  -4.425  62.182  4.106 0.0000000000
126975  -3.945  62.928  14.011 0.0000000000
126981  -3.892  62.886  13.723 0.0000000000
126982  -4.193  62.515  13.067 0.0000000000
126984  -4.436  62.197  12.281 0.0000000000
126985  -4.857  62.033  11.723 0.0000000000
126986  -5.591  62.255  11.561 0.0000000000
126987  -6.418  62.395  11.339 0.0000000000
126994  -7.269  62.361  10.937 0.0000000000
126995  -7.994  62.250  10.384 0.0000000000
127009  -8.359  62.191  9.643 0.0000000000
127016  -8.047  62.758  8.690 0.0000000000
127017  -8.338  62.384  8.898 0.0000000000
127030  -8.085  62.484  8.186 0.0000000000
127031  -8.458  61.937  8.555 0.0000000000
127046  -4.022  62.440  6.067 0.0000000000
127047  -5.027  62.382  6.109 0.0000000000
127048  -6.113  62.379  6.342 0.0000000000
127049  -7.036  62.367  6.770 0.0000000000
127050  -7.573  62.418  7.397 0.0000000000
127057  -2.846  62.498  5.805 0.0000000000
127058  -3.263  62.375  6.054 0.0000000000
127066  -2.707  62.743  5.421 0.0000000000
127067  -2.757  62.758  4.853 0.0000000000
127068  -3.271  62.507  4.561 0.0000000000
127076  -3.047  62.996  4.306 0.0000000000
127077  -3.829  62.911  3.868 0.0000000000
127092  -4.560  62.980  3.106 0.0000000000
127348  -3.938  63.750  14.642 0.0000000000
127356  -3.802  63.389  14.163 0.0000000000
127357  -4.018  63.013  14.197 0.0000000000
127359  -3.678  63.235  13.407 0.0000000000
127360  -3.899  63.087  12.589 0.0000000000
127361  -4.529  63.380  12.292 0.0000000000
127362  -5.204  63.569  12.120 0.0000000000
127364  -4.382  62.680  12.017 0.0000000000
127365  -4.994  62.850  11.833 0.0000000000
127366  -5.925  63.277  11.716 0.0000000000
127367  -6.927  63.332  11.285 0.0000000000
127376  -7.616  63.312  10.562 0.0000000000
127377  -8.050  62.859  9.960 0.0000000000
127390  -7.826  63.566  9.740 0.0000000000
127391  -8.069  62.868  9.324 0.0000000000
127404  -7.785  63.368  8.788 0.0000000000
127405  -8.049  62.838  8.920 0.0000000000
127423  -6.803  63.815  7.519 0.0000000000
127424  -7.322  63.393  7.742 0.0000000000
127443  -3.034  63.805  6.378 0.0000000000
127444  -3.490  63.341  6.262 0.0000000000
127445  -4.632  63.330  6.333 0.0000000000
127446  -5.661  63.249  6.481 0.0000000000
127447  -6.611  63.343  6.995 0.0000000000
127448  -7.189  62.916  7.180 0.0000000000
127462  -2.745  63.360  6.006 0.0000000000
127463  -2.980  62.819  6.132 0.0000000000
127471  -2.660  63.484  5.247 0.0000000000
127472  -2.767  63.533  4.566 0.0000000000
127481  -3.048  63.606  3.945 0.0000000000
127482  -3.464  63.812  3.440 0.0000000000
127497  -4.050  63.745  2.749 0.0000000000
127512  -4.658  63.735  1.751 0.0000000000
127737  -3.796  64.839  15.169 0.0000000000
127738  -3.980  64.683  15.328 0.0000000000
127747  -3.813  64.338  14.725 0.0000000000
127748  -4.153  64.066  14.983 0.0000000000
127753  -3.632  64.100  13.860 0.0000000000
127754  -3.838  64.352  13.415 0.0000000000
127756  -3.704  63.771  13.167 0.0000000000
127757  -4.117  64.128  12.800 0.0000000000
127758  -4.926  64.162  12.525 0.0000000000
127759  -5.750  64.257  12.216 0.0000000000
127765  -6.594  64.290  11.744 0.0000000000
127766  -7.301  64.305  11.150 0.0000000000
127776  -7.589  64.403  10.354 0.0000000000
127789  -7.571  64.494  9.400 0.0000000000
127805  -6.681  64.945  8.152 0.0000000000
127806  -7.146  64.459  8.343 0.0000000000
127819  -4.702  65.138  7.250 0.0000000000
127820  -5.296  64.856  7.260 0.0000000000
127821  -6.317  64.437  7.561 0.0000000000
127822  -6.895  64.029  7.803 0.0000000000
127838  -2.867  64.379  6.337 0.0000000000
127839  -3.376  64.353  6.583 0.0000000000
127840  -4.316  64.472  6.750 0.0000000000
127841  -5.403  64.077  6.792 0.0000000000
127842  -6.023  63.805  6.918 0.0000000000
127858  -2.657  64.355  5.691 0.0000000000
127872  -2.628  64.437  4.859 0.0000000000
127873  -2.764  64.163  4.235 0.0000000000
127883  -2.650  64.835  4.245 0.0000000000
127884  -2.992  64.587  3.628 0.0000000000
127885  -3.499  64.334  3.075 0.0000000000
127895  -3.324  64.952  3.029 0.0000000000
127896  -3.671  64.673  2.541 0.0000000000
127907  -4.108  64.451  1.910 0.0000000000
127914  -4.583  64.423  1.112 0.0000000000
128112  -3.699  65.069  14.987 0.0000000000
128113  -3.890  65.309  15.462 0.0000000000
128125  -3.802  64.969  14.410 0.0000000000
128126  -4.002  65.173  14.081 0.0000000000
128131  -3.842  64.728  13.844 0.0000000000
128132  -4.277  65.021  13.575 0.0000000000
128133  -4.994  65.422  13.266 0.0000000000
128134  -5.656  65.690  12.968 0.0000000000
128136  -4.688  64.766  12.926 0.0000000000
128137  -5.391  64.937  12.720 0.0000000000
128138  -6.321  65.271  12.373 0.0000000000
128144  -7.074  65.189  11.662 0.0000000000
128145  -7.451  65.235  11.000 0.0000000000
128153  -7.413  65.406  10.158 0.0000000000
128164  -6.710  66.030  8.902 0.0000000000
128165  -7.113  65.536  9.074 0.0000000000
128177  -5.576  66.132  8.193 0.0000000000
128178  -6.278  65.649  8.306 0.0000000000
128179  -6.866  65.186  8.438 0.0000000000
128189  -3.472  66.002  7.203 0.0000000000
128190  -4.077  65.556  7.219 0.0000000000
128191  -5.164  65.686  7.713 0.0000000000
128192  -5.777  65.164  7.710 0.0000000000
128204  -2.693  65.319  6.151 0.0000000000
128205  -3.130  65.342  6.886 0.0000000000
128206  -3.674  64.907  6.897 0.0000000000
128220  -2.534  65.395  5.372 0.0000000000
128233  -2.445  65.521  4.607 0.0000000000
128246  -2.504  65.611  3.872 0.0000000000
128247  -2.916  65.614  3.225 0.0000000000
128260  -3.371  65.585  2.540 0.0000000000
128261  -3.786  65.128  2.046 0.0000000000
128273  -3.672  65.828  1.819 0.0000000000
128274  -4.114  65.194  1.452 0.0000000000
128286  -3.914  65.890  1.189 0.0000000000
128287  -4.403  65.433  0.623 0.0000000000
128461  -3.805  65.596  15.114 0.0000000000
128462  -4.014  66.216  15.611 0.0000000000
128471  -3.810  65.406  14.779 0.0000000000
128472  -4.293  65.985  14.539 0.0000000000
128473  -4.946  66.885  14.294 0.0000000000
128480  -4.717  65.682  13.781 0.0000000000
128481  -5.306  66.367  13.648 0.0000000000
128482  -6.255  66.338  12.856 0.0000000000
128485  -7.017  66.229  11.977 0.0000000000
128486  -7.248  66.698  11.573 0.0000000000
128492  -7.255  65.747  11.432 0.0000000000
128493  -7.372  66.264  11.031 0.0000000000
128505  -6.682  66.805  9.583 0.0000000000
128506  -7.058  66.402  10.015 0.0000000000
128519  -6.395  66.551  8.996 0.0000000000
128520  -6.815  66.273  9.325 0.0000000000
128529  -4.281  66.806  8.038 0.0000000000
128530  -5.013  66.600  8.208 0.0000000000
128531  -5.774  66.555  8.564 0.0000000000
128538  -2.548  66.958  6.613 0.0000000000
128539  -2.969  66.532  7.209 0.0000000000
128540  -3.737  66.535  7.598 0.0000000000
128541  -4.462  66.255  7.731 0.0000000000
128549  -2.430  66.532  5.832 0.0000000000
128550  -2.773  66.121  6.555 0.0000000000
128561  -2.273  66.351  5.002 0.0000000000
128572  -2.193  66.660  4.247 0.0000000000
128586  -2.403  66.729  3.357 0.0000000000
128587  -2.865  66.303  2.792 0.0000000000
128600  -2.560  67.073  2.626 0.0000000000
128601  -3.088  66.615  2.128 0.0000000000
128607  -3.529  66.549  1.463 0.0000000000
128614  -3.818  66.477  0.660 0.0000000000
128615  -4.328  66.077  0.033 0.0000000000
128619  -3.776  66.659  -0.206 0.0000000000
128770  -4.492  67.830  15.652 0.0000000000
128777  -4.231  67.025  15.396 0.0000000000
128778  -4.845  67.633  14.890 0.0000000000
128785  -5.476  67.519  14.051 0.0000000000
128786  -6.163  67.311  13.334 0.0000000000
128792  -6.743  67.159  12.545 0.0000000000
128793  -7.155  67.123  11.909 0.0000000000
128797  -6.946  67.785  10.978 0.0000000000
128798  -7.255  67.125  11.305 0.0000000000
128807  -6.687  67.456  10.130 0.0000000000
128808  -7.190  67.043  10.678 0.0000000000
128818  -5.655  67.708  9.294 0.0000000000
128819  -6.271  67.283  9.451 0.0000000000
128826  -3.543  67.918  8.345 0.0000000000
128827  -4.431  67.466  8.520 0.0000000000
128828  -5.320  67.245  8.748 0.0000000000
128829  -5.916  67.085  8.992 0.0000000000
128837  -2.534  67.820  7.191 0.0000000000
128838  -3.125  67.276  7.869 0.0000000000
128839  -3.799  67.185  8.095 0.0000000000
128849  -2.216  67.933  6.070 0.0000000000
128861  -2.100  67.815  4.885 0.0000000000
128872  -1.840  68.110  3.693 0.0000000000
128888  -1.995  67.819  2.841 0.0000000000
128902  -2.418  67.925  1.865 0.0000000000
128903  -3.059  67.077  1.653 0.0000000000
128912  -2.645  68.014  0.867 0.0000000000
128913  -3.233  67.297  1.177 0.0000000000
128924  -2.635  68.003  0.078 0.0000000000
128925  -3.324  67.383  0.365 0.0000000000
128932  -2.369  67.817  -0.582 0.0000000000
128933  -3.099  67.304  -0.437 0.0000000000
128936  -1.436  68.076  -1.746 0.0000000000
128937  -2.051  67.640  -1.270 0.0000000000
128938  -2.718  67.234  -0.961 0.0000000000
128940  -1.149  67.710  -2.563 0.0000000000
128941  -1.651  67.325  -1.962 0.0000000000
128943  -1.017  67.637  -3.650 0.0000000000
129055  -5.408  68.610  14.302 0.0000000000
129056  -5.972  68.357  13.536 0.0000000000
129065  -6.526  68.179  12.738 0.0000000000
129066  -6.947  67.746  12.152 0.0000000000
129074  -6.693  68.437  11.706 0.0000000000
129075  -7.063  67.668  11.621 0.0000000000
129084  -5.611  68.963  10.184 0.0000000000
129085  -6.159  68.683  10.527 0.0000000000
129092  -4.513  69.163  9.513 0.0000000000
129093  -5.278  68.696  9.698 0.0000000000
129094  -6.097  68.021  9.758 0.0000000000
129102  -4.157  68.678  8.995 0.0000000000
129103  -4.959  67.932  9.090 0.0000000000
129111  -2.824  68.136  8.018 0.0000000000
129201  -2.026  68.468  -0.271 0.0000000000
129208  -1.529  68.735  -0.992 0.0000000000
129209  -1.911  68.181  -0.735 0.0000000000
129215  -1.148  68.788  -2.060 0.0000000000
129218  -1.277  68.619  -3.071 0.0000000000
129219  -1.768  68.925  -3.638 0.0000000000
129220  -2.619  69.094  -3.923 0.0000000000
129225  -1.417  68.267  -3.958 0.0000000000
129226  -2.128  68.387  -4.413 0.0000000000
129292  -6.078  68.811  13.008 0.0000000000
129303  -5.498  69.886  12.104 0.0000000000
129304  -6.187  69.112  12.416 0.0000000000
129314  -5.318  69.780  11.210 0.0000000000
129315  -6.058  69.306  11.465 0.0000000000
129321  -5.259  69.430  10.399 0.0000000000
129322  -5.755  69.343  10.885 0.0000000000
129327  -4.679  69.457  9.845 0.0000000000
129426  -1.465  69.681  -1.649 0.0000000000
129433  -1.477  69.435  -2.597 0.0000000000
129434  -2.142  70.080  -2.465 0.0000000000
129440  -1.570  69.198  -3.126 0.0000000000
129441  -2.006  69.572  -3.230 0.0000000000
129442  -2.997  69.720  -3.265 0.0000000000
