#!ascii label  , from subject FREESURFER vox2ras=TkReg 
195
118359  -2.722  44.660  -8.818 0.0000000000
118360  -3.216  44.545  -8.419 0.0000000000
118368  -1.798  44.708  -9.970 0.0000000000
118369  -2.276  44.410  -9.423 0.0000000000
118377  -1.259  44.543  -10.643 0.0000000000
118919  -3.698  45.535  -7.821 0.0000000000
118929  -2.649  45.635  -8.750 0.0000000000
118930  -3.199  45.365  -8.332 0.0000000000
118939  -1.735  45.704  -9.824 0.0000000000
118940  -2.228  45.422  -9.334 0.0000000000
118948  -1.304  45.568  -10.354 0.0000000000
118954  -0.670  45.725  -11.926 0.0000000000
118955  -0.874  45.375  -11.161 0.0000000000
118961  -0.569  45.634  -12.736 0.0000000000
119509  -3.778  46.779  -7.307 0.0000000000
119510  -4.399  46.437  -6.936 0.0000000000
119511  -5.201  46.494  -6.233 0.0000000000
119517  -2.724  46.845  -8.225 0.0000000000
119518  -3.295  46.461  -7.834 0.0000000000
119519  -3.902  46.099  -7.476 0.0000000000
119528  -1.712  46.951  -9.326 0.0000000000
119529  -2.284  46.561  -8.844 0.0000000000
119530  -2.833  46.175  -8.402 0.0000000000
119536  -1.368  46.576  -9.923 0.0000000000
119537  -1.888  46.248  -9.467 0.0000000000
119544  -0.517  47.043  -11.542 0.0000000000
119545  -0.838  46.566  -10.776 0.0000000000
119551  -0.404  46.686  -12.348 0.0000000000
119552  -0.676  46.267  -11.513 0.0000000000
119559  -0.289  46.599  -13.437 0.0000000000
120069  -4.952  47.947  -5.936 0.0000000000
120070  -5.661  47.267  -5.587 0.0000000000
120074  -3.872  47.574  -6.871 0.0000000000
120075  -4.627  47.372  -6.385 0.0000000000
120076  -5.116  47.280  -6.053 0.0000000000
120082  -2.850  47.595  -7.746 0.0000000000
120083  -3.414  47.283  -7.392 0.0000000000
120092  -1.874  47.790  -8.915 0.0000000000
120093  -2.412  47.456  -8.378 0.0000000000
120100  -1.290  47.645  -9.625 0.0000000000
120107  -0.507  47.872  -11.077 0.0000000000
120108  -0.911  47.427  -10.271 0.0000000000
120114  -0.152  47.888  -12.193 0.0000000000
120121  0.374  48.470  -14.009 0.0000000000
120122  0.135  47.685  -13.231 0.0000000000
120644  -4.705  48.750  -5.794 0.0000000000
120645  -5.344  48.521  -5.456 0.0000000000
120648  -3.018  49.220  -6.779 0.0000000000
120649  -3.462  48.707  -6.710 0.0000000000
120650  -4.235  48.463  -6.259 0.0000000000
120656  -2.780  48.739  -7.273 0.0000000000
120657  -3.291  47.991  -7.214 0.0000000000
120664  -1.675  48.774  -8.659 0.0000000000
120665  -2.221  48.461  -8.115 0.0000000000
120670  -1.272  48.644  -9.287 0.0000000000
120676  -0.514  48.796  -11.047 0.0000000000
120677  -0.759  48.607  -10.233 0.0000000000
120684  -0.339  48.983  -11.927 0.0000000000
120690  0.413  49.094  -14.021 0.0000000000
120691  0.136  49.082  -13.317 0.0000000000
121190  -4.588  49.891  -5.357 0.0000000000
121191  -5.100  49.612  -5.184 0.0000000000
121197  -3.554  49.971  -5.920 0.0000000000
121198  -4.148  49.654  -5.713 0.0000000000
121199  -4.833  49.140  -5.560 0.0000000000
121202  -2.598  49.669  -6.871 0.0000000000
121203  -3.240  49.761  -6.280 0.0000000000
121204  -3.786  49.162  -6.268 0.0000000000
121211  -1.578  49.936  -8.068 0.0000000000
121212  -2.117  49.576  -7.604 0.0000000000
121221  -0.765  50.210  -9.413 0.0000000000
121222  -1.215  49.699  -8.773 0.0000000000
121223  -1.763  49.287  -8.236 0.0000000000
121231  -0.624  50.134  -10.140 0.0000000000
121232  -0.862  49.436  -9.644 0.0000000000
121239  -0.501  49.826  -11.125 0.0000000000
121240  -0.667  49.472  -10.244 0.0000000000
121246  -0.151  50.428  -12.827 0.0000000000
121247  -0.631  51.034  -13.200 0.0000000000
121253  -0.117  50.057  -13.932 0.0000000000
121718  -4.512  50.392  -5.160 0.0000000000
121719  -5.274  50.537  -4.573 0.0000000000
121725  -2.722  50.816  -6.033 0.0000000000
121726  -3.305  50.520  -5.803 0.0000000000
121727  -3.926  50.619  -5.448 0.0000000000
121730  -1.900  50.935  -6.896 0.0000000000
121731  -2.472  50.565  -6.447 0.0000000000
121732  -2.918  50.404  -6.123 0.0000000000
121739  -1.606  50.627  -7.565 0.0000000000
121740  -2.163  50.285  -7.082 0.0000000000
121746  -0.856  50.955  -8.931 0.0000000000
121747  -1.239  50.541  -8.257 0.0000000000
121752  -0.603  50.993  -9.835 0.0000000000
121758  -0.455  51.023  -10.783 0.0000000000
121765  -0.321  51.225  -11.872 0.0000000000
121766  -0.499  51.516  -12.737 0.0000000000
121767  -1.956  50.824  -12.232 0.0000000000
121772  -1.070  51.355  -13.036 0.0000000000
121773  -1.488  50.905  -12.832 0.0000000000
122285  -5.045  52.136  -4.109 0.0000000000
122290  -3.778  52.129  -4.877 0.0000000000
122291  -4.453  51.479  -4.729 0.0000000000
122292  -5.284  51.323  -4.268 0.0000000000
122297  -1.996  52.043  -5.847 0.0000000000
122298  -2.567  51.526  -5.746 0.0000000000
122299  -3.500  51.508  -5.282 0.0000000000
122300  -4.117  51.008  -5.181 0.0000000000
122305  -1.898  51.588  -6.326 0.0000000000
122306  -2.416  51.122  -6.134 0.0000000000
122314  -1.402  51.661  -7.180 0.0000000000
122320  -0.740  51.966  -8.869 0.0000000000
122321  -1.064  51.609  -8.132 0.0000000000
122327  -0.601  51.853  -9.525 0.0000000000
122334  -0.498  51.917  -10.386 0.0000000000
122335  -2.273  51.814  -11.060 0.0000000000
122340  -0.437  52.032  -11.287 0.0000000000
122341  -0.577  52.187  -12.053 0.0000000000
122342  -2.002  51.530  -11.829 0.0000000000
122346  -1.053  52.036  -12.474 0.0000000000
122347  -1.563  51.561  -12.423 0.0000000000
122857  -4.852  52.927  -3.758 0.0000000000
122862  -2.479  52.919  -5.114 0.0000000000
122863  -2.989  52.621  -4.912 0.0000000000
122864  -4.096  52.835  -4.392 0.0000000000
122869  -1.544  52.435  -5.993 0.0000000000
122870  -2.131  52.681  -5.457 0.0000000000
122871  -2.777  52.068  -5.323 0.0000000000
122877  -1.229  52.599  -6.727 0.0000000000
122885  -0.970  52.736  -7.698 0.0000000000
122892  -0.590  52.610  -9.287 0.0000000000
122893  -0.719  52.876  -8.649 0.0000000000
122901  -0.502  52.746  -10.001 0.0000000000
122902  -2.522  53.100  -9.789 0.0000000000
122907  -0.486  52.823  -10.836 0.0000000000
122908  -1.462  53.368  -11.367 0.0000000000
122909  -2.026  53.202  -11.003 0.0000000000
122913  -0.663  52.848  -11.487 0.0000000000
122914  -1.200  52.919  -11.714 0.0000000000
122915  -1.786  52.268  -11.656 0.0000000000
122918  -1.464  52.147  -12.097 0.0000000000
122919  -1.735  51.901  -12.053 0.0000000000
123363  -4.745  54.166  -3.340 0.0000000000
123369  -3.606  54.057  -4.065 0.0000000000
123370  -4.402  53.896  -3.666 0.0000000000
123375  -2.356  53.478  -4.990 0.0000000000
123376  -3.157  53.628  -4.416 0.0000000000
123377  -3.831  53.628  -4.179 0.0000000000
123381  -1.202  53.520  -6.151 0.0000000000
123382  -1.684  53.715  -5.450 0.0000000000
123388  -0.978  53.776  -7.343 0.0000000000
123395  -0.605  54.116  -9.043 0.0000000000
123396  -0.830  53.863  -8.400 0.0000000000
123403  -0.542  53.587  -9.510 0.0000000000
123404  -0.624  53.657  -8.876 0.0000000000
123411  -0.487  53.568  -10.456 0.0000000000
123412  -2.117  54.122  -10.052 0.0000000000
123416  -0.650  53.613  -11.173 0.0000000000
123417  -1.229  53.835  -11.250 0.0000000000
123418  -1.622  54.211  -10.707 0.0000000000
123422  -0.860  53.258  -11.497 0.0000000000
123423  -0.970  53.486  -11.468 0.0000000000
123873  -4.712  54.551  -3.166 0.0000000000
123878  -2.887  54.902  -4.037 0.0000000000
123879  -3.533  54.684  -3.752 0.0000000000
123880  -4.147  54.730  -3.422 0.0000000000
123883  -1.822  55.026  -5.145 0.0000000000
123884  -2.399  54.577  -4.533 0.0000000000
123885  -3.087  54.357  -4.139 0.0000000000
123889  -1.524  54.717  -5.908 0.0000000000
123890  -1.839  54.284  -5.139 0.0000000000
123897  -1.305  54.728  -7.017 0.0000000000
123906  -0.813  54.566  -8.942 0.0000000000
123907  -1.271  54.883  -8.243 0.0000000000
123908  -2.239  54.826  -8.233 0.0000000000
123914  -0.662  54.468  -9.579 0.0000000000
123915  -1.113  54.851  -9.432 0.0000000000
123916  -1.861  54.805  -9.254 0.0000000000
123921  -0.568  54.224  -10.266 0.0000000000
123922  -0.883  54.742  -10.235 0.0000000000
123923  -1.468  54.703  -10.136 0.0000000000
123926  -0.509  54.038  -10.754 0.0000000000
123927  -0.728  54.360  -10.875 0.0000000000
123928  -1.188  54.617  -10.791 0.0000000000
124391  -2.421  56.090  -3.872 0.0000000000
124392  -3.007  55.535  -3.638 0.0000000000
124393  -3.771  55.347  -3.382 0.0000000000
124397  -2.073  55.762  -4.634 0.0000000000
124398  -2.521  55.368  -4.134 0.0000000000
124402  -1.753  55.800  -5.616 0.0000000000
124410  -1.603  55.791  -6.770 0.0000000000
124419  -1.467  55.296  -7.469 0.0000000000
124420  -1.816  55.486  -7.652 0.0000000000
124857  -2.200  56.786  -4.176 0.0000000000
124861  -1.921  56.717  -5.048 0.0000000000
124870  -1.897  56.641  -5.966 0.0000000000
