#!ascii label  , from subject FREESURFER vox2ras=TkReg 
264
79694  -40.897  -5.831  47.521 0.0000000000
80659  -39.764  -4.945  47.890 0.0000000000
80660  -40.143  -4.845  48.131 0.0000000000
80661  -40.429  -4.659  48.181 0.0000000000
80674  -39.813  -5.123  47.275 0.0000000000
80675  -40.386  -5.442  47.552 0.0000000000
80676  -40.872  -5.209  47.862 0.0000000000
80692  -39.765  -5.256  46.455 0.0000000000
80693  -40.366  -5.733  46.721 0.0000000000
81625  -38.867  -4.049  48.049 0.0000000000
81626  -39.467  -4.190  48.206 0.0000000000
81627  -40.094  -4.162  48.355 0.0000000000
81628  -40.665  -4.302  48.156 0.0000000000
81642  -38.751  -4.255  47.538 0.0000000000
81643  -39.295  -4.586  47.720 0.0000000000
81644  -41.266  -4.471  47.719 0.0000000000
81660  -37.108  -3.844  46.282 0.0000000000
81661  -37.698  -4.003  46.561 0.0000000000
81662  -38.471  -4.301  46.892 0.0000000000
81663  -39.228  -4.694  47.030 0.0000000000
81680  -37.477  -4.262  45.779 0.0000000000
81681  -38.281  -4.495  45.977 0.0000000000
81682  -39.076  -4.824  46.210 0.0000000000
82577  -37.864  -2.916  48.801 0.0000000000
82578  -38.555  -3.341  48.570 0.0000000000
82579  -39.533  -3.394  48.560 0.0000000000
82580  -40.350  -3.399  48.280 0.0000000000
82581  -40.922  -3.773  47.914 0.0000000000
82591  -36.042  -2.293  47.541 0.0000000000
82592  -36.638  -2.569  47.633 0.0000000000
82593  -37.575  -3.075  48.131 0.0000000000
82594  -38.338  -3.743  47.894 0.0000000000
82595  -40.795  -3.172  47.738 0.0000000000
82596  -41.417  -3.547  47.274 0.0000000000
82610  -33.529  -2.961  46.596 0.0000000000
82611  -34.596  -2.753  46.756 0.0000000000
82612  -35.715  -2.666  47.123 0.0000000000
82613  -36.987  -3.291  46.948 0.0000000000
82614  -37.920  -3.716  47.339 0.0000000000
82615  -38.369  -4.013  47.439 0.0000000000
82616  -41.795  -3.331  46.737 0.0000000000
82627  -34.148  -3.420  46.146 0.0000000000
82628  -35.162  -3.389  46.300 0.0000000000
82629  -36.149  -3.508  46.369 0.0000000000
82630  -36.722  -3.664  46.342 0.0000000000
82654  -38.394  -3.250  39.847 0.0000000000
82655  -38.693  -3.155  40.181 0.0000000000
82666  -35.811  -3.503  39.203 0.0000000000
82667  -36.503  -3.447  39.165 0.0000000000
82668  -37.240  -3.426  39.143 0.0000000000
82669  -38.040  -3.354  39.347 0.0000000000
82670  -39.080  -3.110  39.484 0.0000000000
82671  -40.115  -2.941  39.218 0.0000000000
82672  -40.593  -2.744  38.999 0.0000000000
82682  -32.619  -3.319  38.123 0.0000000000
82683  -33.374  -3.515  38.283 0.0000000000
82684  -34.246  -3.697  38.439 0.0000000000
82685  -35.199  -3.680  38.657 0.0000000000
82686  -36.138  -3.657  38.493 0.0000000000
82687  -36.972  -3.571  38.429 0.0000000000
82688  -37.805  -3.372  38.421 0.0000000000
82689  -38.676  -3.210  38.499 0.0000000000
82690  -39.620  -2.998  38.453 0.0000000000
82691  -40.290  -2.823  38.648 0.0000000000
82701  -32.166  -3.318  37.435 0.0000000000
82702  -33.049  -3.561  37.405 0.0000000000
82703  -33.938  -3.764  37.493 0.0000000000
82704  -34.854  -3.877  37.606 0.0000000000
82705  -35.788  -3.866  37.643 0.0000000000
82706  -36.700  -3.728  37.599 0.0000000000
82707  -37.570  -3.456  37.558 0.0000000000
82708  -38.493  -3.156  37.517 0.0000000000
82709  -39.156  -3.031  37.813 0.0000000000
82717  -32.632  -3.594  36.510 0.0000000000
82718  -33.613  -3.775  36.530 0.0000000000
83591  -37.547  -2.493  48.596 0.0000000000
83592  -38.101  -2.509  48.868 0.0000000000
83593  -38.956  -2.494  48.677 0.0000000000
83594  -39.784  -2.724  48.461 0.0000000000
83602  -34.196  -1.490  47.294 0.0000000000
83603  -34.654  -1.685  47.381 0.0000000000
83604  -35.465  -2.017  47.597 0.0000000000
83605  -36.318  -2.076  47.726 0.0000000000
83606  -37.072  -2.331  48.091 0.0000000000
83607  -39.520  -2.168  48.189 0.0000000000
83608  -40.351  -2.387  47.809 0.0000000000
83609  -40.978  -2.785  47.290 0.0000000000
83615  -32.868  -2.393  46.583 0.0000000000
83616  -33.982  -2.019  47.040 0.0000000000
83617  -34.962  -2.247  47.316 0.0000000000
83618  -35.384  -2.267  47.366 0.0000000000
83619  -40.766  -2.284  46.988 0.0000000000
83620  -41.533  -2.608  46.550 0.0000000000
83628  -41.940  -2.135  45.860 0.0000000000
83647  -35.664  -2.004  43.330 0.0000000000
83648  -36.102  -2.080  43.376 0.0000000000
83649  -37.035  -2.149  43.411 0.0000000000
83650  -38.009  -2.157  43.396 0.0000000000
83651  -38.943  -2.228  43.384 0.0000000000
83652  -39.732  -2.137  43.314 0.0000000000
83657  -34.777  -2.198  42.538 0.0000000000
83658  -35.333  -2.190  42.822 0.0000000000
83659  -36.291  -2.368  42.581 0.0000000000
83660  -37.260  -2.420  42.517 0.0000000000
83661  -38.240  -2.456  42.519 0.0000000000
83662  -39.204  -2.463  42.575 0.0000000000
83663  -40.222  -2.227  42.672 0.0000000000
83664  -40.977  -2.072  42.373 0.0000000000
83668  -32.931  -2.149  41.258 0.0000000000
83669  -33.387  -2.253  41.416 0.0000000000
83670  -34.459  -2.369  41.930 0.0000000000
83671  -35.520  -2.663  41.742 0.0000000000
83672  -36.508  -2.750  41.621 0.0000000000
83673  -37.506  -2.775  41.548 0.0000000000
83674  -38.532  -2.790  41.630 0.0000000000
83675  -39.523  -2.654  41.759 0.0000000000
83676  -40.433  -2.419  41.728 0.0000000000
83677  -41.321  -2.108  41.696 0.0000000000
83682  -32.189  -2.298  40.450 0.0000000000
83683  -32.707  -2.333  40.788 0.0000000000
83684  -33.759  -2.719  40.813 0.0000000000
83685  -34.784  -3.027  40.837 0.0000000000
83686  -35.792  -3.176  40.754 0.0000000000
83687  -36.756  -3.152  40.657 0.0000000000
83688  -37.876  -3.240  40.409 0.0000000000
83689  -38.949  -3.076  40.898 0.0000000000
83690  -39.819  -2.788  40.945 0.0000000000
83691  -40.705  -2.455  40.823 0.0000000000
83692  -41.669  -2.040  40.795 0.0000000000
83703  -30.480  -2.374  38.768 0.0000000000
83704  -31.030  -2.427  39.139 0.0000000000
83705  -32.023  -2.524  39.866 0.0000000000
83706  -33.165  -2.941  39.947 0.0000000000
83707  -34.163  -3.194  39.948 0.0000000000
83708  -35.181  -3.403  39.772 0.0000000000
83709  -36.134  -3.369  39.875 0.0000000000
83710  -36.943  -3.334  39.808 0.0000000000
83711  -37.465  -3.358  39.669 0.0000000000
83712  -39.293  -3.001  40.313 0.0000000000
83713  -40.019  -2.881  40.081 0.0000000000
83714  -41.032  -2.477  39.648 0.0000000000
83715  -42.148  -1.715  39.923 0.0000000000
83727  -30.217  -2.385  38.200 0.0000000000
83728  -30.889  -2.705  38.276 0.0000000000
83729  -31.799  -2.995  38.501 0.0000000000
83730  -32.762  -3.170  39.000 0.0000000000
83731  -33.704  -3.313  39.136 0.0000000000
83732  -34.489  -3.467  39.195 0.0000000000
83733  -40.264  -2.729  38.118 0.0000000000
83734  -40.926  -2.528  38.494 0.0000000000
83743  -31.357  -2.990  37.505 0.0000000000
83744  -39.197  -2.832  37.190 0.0000000000
83745  -39.854  -2.706  37.478 0.0000000000
84599  -37.284  -2.166  48.313 0.0000000000
84600  -37.613  -2.054  48.454 0.0000000000
84601  -38.237  -1.978  48.539 0.0000000000
84607  -33.800  -1.285  47.190 0.0000000000
84608  -34.295  -1.073  47.322 0.0000000000
84609  -35.005  -1.348  47.298 0.0000000000
84610  -35.834  -1.563  47.378 0.0000000000
84611  -36.883  -1.776  47.775 0.0000000000
84612  -37.767  -1.639  47.865 0.0000000000
84613  -38.754  -1.781  47.896 0.0000000000
84614  -39.597  -1.810  47.588 0.0000000000
84619  -32.268  -1.935  46.171 0.0000000000
84620  -33.180  -1.451  46.658 0.0000000000
84621  -34.647  -0.832  47.081 0.0000000000
84622  -35.196  -0.914  46.929 0.0000000000
84623  -36.083  -1.104  46.980 0.0000000000
84624  -37.065  -1.269  47.030 0.0000000000
84625  -38.064  -1.323  47.015 0.0000000000
84626  -39.053  -1.487  46.905 0.0000000000
84627  -40.073  -1.768  46.802 0.0000000000
84628  -40.809  -1.967  46.386 0.0000000000
84632  -31.457  -1.837  45.515 0.0000000000
84633  -32.474  -1.232  45.771 0.0000000000
84634  -33.080  -1.038  46.287 0.0000000000
84635  -34.553  -0.806  45.580 0.0000000000
84636  -35.168  -0.897  46.048 0.0000000000
84637  -36.257  -1.193  46.070 0.0000000000
84638  -37.297  -1.343  46.067 0.0000000000
84639  -38.316  -1.461  46.025 0.0000000000
84640  -39.318  -1.520  45.924 0.0000000000
84641  -40.251  -1.678  45.770 0.0000000000
84642  -41.217  -1.836  45.662 0.0000000000
84643  -41.928  -1.809  45.283 0.0000000000
84649  -31.669  -1.167  44.819 0.0000000000
84650  -32.282  -1.005  45.208 0.0000000000
84651  -34.632  -1.033  45.100 0.0000000000
84652  -35.398  -1.313  45.044 0.0000000000
84653  -36.480  -1.436  45.044 0.0000000000
84654  -37.549  -1.516  45.102 0.0000000000
84655  -38.553  -1.629  45.080 0.0000000000
84656  -39.511  -1.685  44.979 0.0000000000
84657  -40.445  -1.663  44.828 0.0000000000
84658  -41.388  -1.630  44.667 0.0000000000
84659  -42.413  -1.610  44.569 0.0000000000
84669  -30.906  -1.125  44.004 0.0000000000
84670  -31.445  -0.974  44.229 0.0000000000
84671  -32.584  -1.104  43.267 0.0000000000
84672  -33.156  -1.199  43.487 0.0000000000
84673  -34.344  -1.290  43.992 0.0000000000
84674  -35.545  -1.736  43.749 0.0000000000
84675  -36.759  -1.774  44.166 0.0000000000
84676  -37.789  -1.817  44.230 0.0000000000
84677  -38.758  -1.886  44.199 0.0000000000
84678  -39.669  -1.879  44.082 0.0000000000
84679  -40.598  -1.819  43.773 0.0000000000
84680  -41.666  -1.502  43.708 0.0000000000
84681  -42.796  -1.341  43.331 0.0000000000
84691  -31.714  -1.206  42.265 0.0000000000
84692  -32.376  -1.297  42.614 0.0000000000
84693  -33.487  -1.612  42.786 0.0000000000
84694  -34.566  -1.967  42.837 0.0000000000
84695  -35.141  -1.986  43.159 0.0000000000
84696  -41.051  -1.830  43.045 0.0000000000
84697  -41.808  -1.639  42.627 0.0000000000
84698  -42.715  -1.311  42.402 0.0000000000
84703  -30.857  -1.309  41.206 0.0000000000
84704  -31.532  -1.429  41.589 0.0000000000
84705  -32.725  -1.884  41.579 0.0000000000
84706  -33.808  -2.037  42.140 0.0000000000
84707  -34.269  -2.136  42.302 0.0000000000
84708  -42.192  -1.671  41.704 0.0000000000
84709  -42.909  -1.151  41.642 0.0000000000
84714  -30.134  -1.557  40.150 0.0000000000
84715  -30.722  -1.568  40.556 0.0000000000
84716  -31.898  -2.026  40.667 0.0000000000
84717  -32.433  -2.061  41.010 0.0000000000
84718  -42.501  -1.497  40.900 0.0000000000
84723  -29.278  -1.512  39.088 0.0000000000
84724  -29.903  -1.900  39.388 0.0000000000
84725  -31.188  -2.105  39.977 0.0000000000
84726  -31.684  -2.211  40.179 0.0000000000
85613  -33.527  -1.065  47.004 0.0000000000
85614  -33.787  -0.888  47.112 0.0000000000
85618  -33.468  -0.919  46.672 0.0000000000
85619  -34.017  -0.601  46.761 0.0000000000
85620  -34.610  -0.675  46.674 0.0000000000
85624  -32.594  -0.935  45.417 0.0000000000
85625  -33.197  -0.771  45.863 0.0000000000
85626  -34.250  -0.541  45.946 0.0000000000
85627  -34.820  -0.718  46.438 0.0000000000
85630  -31.733  -0.908  44.394 0.0000000000
85631  -32.368  -0.888  44.779 0.0000000000
85632  -33.365  -0.764  44.987 0.0000000000
85633  -34.128  -0.778  45.103 0.0000000000
85638  -30.332  -0.902  43.216 0.0000000000
85639  -31.442  -0.878  43.714 0.0000000000
85640  -32.559  -0.916  43.807 0.0000000000
85641  -33.632  -0.954  44.345 0.0000000000
85642  -34.202  -0.979  44.642 0.0000000000
85643  -43.125  -1.199  42.698 0.0000000000
85644  -43.529  -1.157  42.753 0.0000000000
85653  -30.544  -0.817  42.547 0.0000000000
85654  -31.622  -1.004  42.731 0.0000000000
85655  -32.279  -1.053  43.113 0.0000000000
85656  -43.325  -1.027  42.213 0.0000000000
85667  -29.673  -0.708  41.494 0.0000000000
85668  -30.729  -1.089  41.649 0.0000000000
85669  -31.378  -1.174  42.077 0.0000000000
85681  -29.847  -1.246  40.441 0.0000000000
85682  -30.535  -1.237  40.963 0.0000000000
85692  -29.521  -1.412  39.736 0.0000000000
