#!ascii label  , from subject FREESURFER vox2ras=TkReg 
181
41969  -10.141  -43.111  36.061 0.0000000000
41987  -10.978  -43.413  35.309 0.0000000000
42867  -10.007  -42.663  36.316 0.0000000000
42880  -10.744  -42.740  35.860 0.0000000000
42881  -11.668  -42.561  35.237 0.0000000000
42882  -12.197  -42.064  35.072 0.0000000000
42893  -11.888  -42.943  34.843 0.0000000000
42894  -12.421  -42.480  34.758 0.0000000000
42895  -13.205  -42.533  34.352 0.0000000000
42908  -13.941  -42.650  33.930 0.0000000000
42909  -14.681  -42.729  33.473 0.0000000000
42910  -15.343  -42.728  32.997 0.0000000000
42919  -15.915  -42.725  32.486 0.0000000000
42920  -16.659  -42.527  32.140 0.0000000000
42931  -16.748  -42.005  31.848 0.0000000000
42932  -17.065  -42.150  31.873 0.0000000000
43882  -10.590  -41.863  36.224 0.0000000000
43883  -11.442  -41.874  35.702 0.0000000000
43884  -12.079  -41.684  35.303 0.0000000000
43890  -12.553  -41.624  34.933 0.0000000000
43891  -13.078  -41.704  34.547 0.0000000000
43900  -13.734  -41.764  34.107 0.0000000000
43901  -14.368  -41.834  33.477 0.0000000000
43902  -14.961  -42.123  33.092 0.0000000000
43911  -14.754  -41.622  32.855 0.0000000000
43912  -15.445  -41.862  32.461 0.0000000000
43913  -16.027  -42.218  32.195 0.0000000000
43914  -17.736  -41.639  31.945 0.0000000000
43928  -15.597  -41.509  32.081 0.0000000000
43929  -16.132  -41.707  31.900 0.0000000000
43930  -17.108  -41.581  31.700 0.0000000000
43931  -17.709  -41.139  31.831 0.0000000000
44968  -10.605  -41.051  35.859 0.0000000000
44969  -11.445  -41.198  35.664 0.0000000000
44970  -11.885  -41.344  35.478 0.0000000000
44988  -11.488  -40.548  35.283 0.0000000000
44989  -12.438  -40.771  35.010 0.0000000000
44990  -12.846  -41.194  34.632 0.0000000000
45000  -12.791  -40.411  34.334 0.0000000000
45001  -13.280  -40.808  34.016 0.0000000000
45002  -13.864  -41.341  33.591 0.0000000000
45012  -13.534  -40.464  33.242 0.0000000000
45013  -14.146  -40.940  32.819 0.0000000000
45014  -14.881  -41.348  32.498 0.0000000000
45027  -14.456  -40.485  32.111 0.0000000000
45028  -15.220  -40.949  31.963 0.0000000000
45029  -16.355  -40.809  31.504 0.0000000000
45030  -17.262  -40.584  31.524 0.0000000000
45031  -17.981  -40.458  31.845 0.0000000000
46052  -11.515  -39.906  34.736 0.0000000000
46053  -12.123  -40.114  34.893 0.0000000000
46070  -11.490  -39.146  34.120 0.0000000000
46071  -12.640  -39.718  33.931 0.0000000000
46072  -13.265  -40.201  33.489 0.0000000000
46084  -13.024  -39.279  32.863 0.0000000000
46085  -13.550  -39.899  32.688 0.0000000000
46086  -14.107  -40.278  32.251 0.0000000000
46099  -13.704  -39.343  31.909 0.0000000000
46100  -14.450  -39.702  31.565 0.0000000000
46101  -15.702  -40.003  31.205 0.0000000000
46102  -16.702  -39.902  31.215 0.0000000000
46103  -17.490  -39.589  31.498 0.0000000000
46117  -14.737  -39.065  30.966 0.0000000000
46118  -15.318  -39.159  30.855 0.0000000000
46119  -16.274  -39.205  30.862 0.0000000000
46120  -16.978  -39.196  31.041 0.0000000000
47074  -11.408  -38.238  33.282 0.0000000000
47075  -12.141  -38.757  33.603 0.0000000000
47085  -11.958  -37.822  32.684 0.0000000000
47086  -12.599  -38.443  32.524 0.0000000000
47087  -13.303  -39.100  32.256 0.0000000000
47097  -13.021  -38.039  31.576 0.0000000000
47098  -13.727  -38.529  31.314 0.0000000000
47099  -14.415  -38.934  31.064 0.0000000000
47100  -17.771  -38.699  31.819 0.0000000000
47108  -14.275  -37.914  30.558 0.0000000000
47109  -14.838  -38.379  30.536 0.0000000000
47110  -15.980  -38.388  30.479 0.0000000000
47111  -16.849  -38.504  30.771 0.0000000000
47112  -17.335  -38.753  31.227 0.0000000000
48077  -10.708  -37.716  32.912 0.0000000000
48091  -11.402  -37.332  32.381 0.0000000000
48092  -12.134  -37.588  32.185 0.0000000000
48102  -11.969  -37.040  31.761 0.0000000000
48103  -12.633  -37.369  31.447 0.0000000000
48104  -13.265  -37.707  31.098 0.0000000000
48113  -13.183  -37.122  30.705 0.0000000000
48114  -13.847  -37.408  30.506 0.0000000000
48115  -14.805  -37.246  30.052 0.0000000000
48116  -15.772  -37.299  30.109 0.0000000000
48117  -16.691  -37.570  30.489 0.0000000000
48118  -17.395  -37.831  31.207 0.0000000000
48123  -15.236  -36.727  29.838 0.0000000000
48124  -15.404  -36.933  29.915 0.0000000000
49092  -10.963  -36.607  32.139 0.0000000000
49103  -10.945  -36.012  31.815 0.0000000000
49104  -11.493  -36.405  31.642 0.0000000000
49105  -12.161  -36.458  31.136 0.0000000000
49106  -17.481  -36.866  31.700 0.0000000000
49112  -12.783  -36.499  30.585 0.0000000000
49113  -13.551  -36.476  30.073 0.0000000000
49114  -14.267  -36.717  29.958 0.0000000000
49115  -16.034  -36.746  30.051 0.0000000000
49116  -16.452  -36.547  30.328 0.0000000000
49117  -17.160  -36.817  30.842 0.0000000000
49125  -14.225  -36.091  29.614 0.0000000000
49126  -14.946  -36.297  29.687 0.0000000000
49127  -15.775  -36.371  29.925 0.0000000000
49128  -16.295  -35.943  30.199 0.0000000000
50231  -11.245  -35.458  31.279 0.0000000000
50232  -11.779  -35.825  31.023 0.0000000000
50233  -16.904  -35.219  31.758 0.0000000000
50234  -17.117  -36.078  31.296 0.0000000000
50240  -11.691  -35.213  30.708 0.0000000000
50241  -12.336  -35.539  30.376 0.0000000000
50242  -13.010  -35.875  29.956 0.0000000000
50243  -16.653  -35.481  30.701 0.0000000000
50244  -16.868  -36.219  30.776 0.0000000000
50251  -12.959  -35.181  29.736 0.0000000000
50252  -13.716  -35.422  29.530 0.0000000000
50253  -14.725  -35.330  29.447 0.0000000000
50254  -15.518  -35.428  29.688 0.0000000000
50255  -16.134  -35.397  30.019 0.0000000000
51347  -16.646  -34.348  32.380 0.0000000000
51359  -10.857  -34.795  31.274 0.0000000000
51360  -16.554  -34.325  31.347 0.0000000000
51365  -10.839  -34.155  31.048 0.0000000000
51366  -11.314  -34.546  30.748 0.0000000000
51367  -11.930  -34.591  30.281 0.0000000000
51368  -15.822  -33.912  30.155 0.0000000000
51369  -16.157  -34.376  30.338 0.0000000000
51376  -12.589  -34.519  29.833 0.0000000000
51377  -13.399  -34.432  29.523 0.0000000000
51378  -14.345  -34.376  29.414 0.0000000000
51379  -15.435  -34.328  29.713 0.0000000000
51380  -15.887  -34.854  29.840 0.0000000000
52387  -16.373  -33.446  32.061 0.0000000000
52402  -15.757  -33.069  30.683 0.0000000000
52403  -16.057  -33.292  30.994 0.0000000000
52408  -10.626  -33.448  31.144 0.0000000000
52409  -11.236  -33.529  30.607 0.0000000000
52410  -11.650  -33.954  30.317 0.0000000000
52411  -15.608  -33.318  30.275 0.0000000000
52412  -15.930  -33.711  30.436 0.0000000000
52417  -11.713  -33.375  30.161 0.0000000000
52418  -12.161  -33.699  29.922 0.0000000000
52419  -12.985  -33.607  29.649 0.0000000000
52420  -13.865  -33.515  29.490 0.0000000000
52421  -14.803  -33.314  29.655 0.0000000000
53375  -16.320  -32.643  32.691 0.0000000000
53392  -16.128  -32.597  31.878 0.0000000000
53409  -10.456  -32.579  31.317 0.0000000000
53410  -15.604  -32.606  30.748 0.0000000000
53411  -15.857  -32.430  31.338 0.0000000000
53416  -11.000  -32.603  30.793 0.0000000000
53417  -11.670  -32.602  30.204 0.0000000000
53418  -12.170  -32.079  29.942 0.0000000000
53419  -14.609  -32.311  29.848 0.0000000000
53420  -15.104  -32.525  30.079 0.0000000000
53425  -11.950  -33.093  29.886 0.0000000000
53426  -12.518  -32.717  29.769 0.0000000000
53427  -13.390  -32.810  29.611 0.0000000000
53428  -14.196  -32.665  29.627 0.0000000000
53429  -14.696  -32.689  29.774 0.0000000000
54419  -15.993  -31.216  31.885 0.0000000000
54420  -16.197  -31.847  32.349 0.0000000000
54441  -15.600  -31.714  31.226 0.0000000000
54442  -15.965  -31.954  31.745 0.0000000000
54447  -11.320  -32.029  30.588 0.0000000000
54448  -11.818  -31.503  30.390 0.0000000000
54449  -12.881  -31.657  29.942 0.0000000000
54450  -13.903  -31.517  30.008 0.0000000000
54451  -14.680  -31.755  30.185 0.0000000000
54452  -15.255  -31.933  30.574 0.0000000000
54458  -13.103  -32.312  29.704 0.0000000000
54459  -13.628  -32.135  29.701 0.0000000000
54460  -14.236  -32.030  29.779 0.0000000000
55479  -15.419  -30.716  31.466 0.0000000000
55493  -13.522  -30.831  30.389 0.0000000000
55494  -14.343  -30.980  30.504 0.0000000000
55495  -15.057  -31.208  30.791 0.0000000000
