#!ascii label  , from subject FREESURFER vox2ras=TkReg 
237
65540  -33.791  -18.949  38.441 0.0000000000
65541  -34.850  -18.411  38.894 0.0000000000
65542  -35.736  -17.982  39.347 0.0000000000
65550  -33.933  -18.768  37.822 0.0000000000
65551  -34.569  -18.427  38.258 0.0000000000
65552  -35.261  -18.037  38.624 0.0000000000
65565  -33.933  -18.627  37.386 0.0000000000
65566  -34.508  -18.328  37.812 0.0000000000
65567  -34.969  -18.051  38.170 0.0000000000
66724  -35.810  -17.702  38.988 0.0000000000
66725  -36.520  -17.672  39.639 0.0000000000
66726  -37.349  -17.587  39.904 0.0000000000
66733  -35.600  -17.739  38.330 0.0000000000
66734  -36.189  -17.450  39.027 0.0000000000
66735  -36.660  -17.431  39.472 0.0000000000
66748  -34.573  -18.133  37.441 0.0000000000
66749  -34.998  -17.930  37.883 0.0000000000
67807  -36.668  -16.898  38.938 0.0000000000
67808  -37.131  -17.188  39.509 0.0000000000
67809  -38.543  -17.778  40.155 0.0000000000
67818  -35.786  -17.598  38.103 0.0000000000
67819  -36.232  -17.253  38.437 0.0000000000
67820  -36.661  -17.132  39.187 0.0000000000
67832  -34.612  -17.864  36.968 0.0000000000
67833  -35.445  -17.577  37.666 0.0000000000
67834  -36.043  -17.235  37.727 0.0000000000
68755  -38.469  -16.495  40.082 0.0000000000
68756  -38.912  -16.837  40.114 0.0000000000
68757  -39.830  -17.361  40.138 0.0000000000
68770  -37.124  -16.591  39.277 0.0000000000
68771  -38.018  -16.800  40.065 0.0000000000
68772  -39.032  -17.442  40.151 0.0000000000
68789  -36.750  -16.588  38.469 0.0000000000
68804  -34.497  -17.423  36.617 0.0000000000
68805  -35.192  -17.235  36.945 0.0000000000
68806  -35.903  -17.000  37.287 0.0000000000
68807  -36.410  -16.779  37.765 0.0000000000
68823  -34.009  -17.145  36.210 0.0000000000
69764  -38.753  -16.401  40.064 0.0000000000
69765  -39.339  -16.352  40.060 0.0000000000
69766  -40.412  -16.532  40.016 0.0000000000
69781  -37.600  -16.274  39.551 0.0000000000
69782  -38.302  -15.935  39.786 0.0000000000
69783  -39.193  -15.635  39.741 0.0000000000
69797  -37.340  -15.890  38.923 0.0000000000
69798  -38.064  -15.353  38.953 0.0000000000
69808  -34.843  -16.744  36.537 0.0000000000
69809  -35.610  -16.455  36.858 0.0000000000
69810  -36.280  -16.168  37.294 0.0000000000
69811  -36.932  -15.868  37.908 0.0000000000
69822  -33.663  -16.525  35.770 0.0000000000
69823  -34.453  -16.161  36.145 0.0000000000
70789  -39.878  -15.776  39.980 0.0000000000
70790  -40.715  -15.478  39.939 0.0000000000
70791  -41.791  -15.378  39.973 0.0000000000
70804  -38.783  -15.172  39.261 0.0000000000
70805  -39.660  -14.959  39.627 0.0000000000
70806  -40.359  -14.521  39.687 0.0000000000
70820  -37.683  -15.169  38.292 0.0000000000
70821  -38.464  -14.704  38.599 0.0000000000
70831  -35.225  -15.858  36.508 0.0000000000
70832  -36.046  -15.420  36.803 0.0000000000
70833  -36.782  -15.185  37.309 0.0000000000
70834  -37.366  -14.947  37.726 0.0000000000
70841  -34.083  -15.418  35.658 0.0000000000
70842  -34.891  -15.157  36.193 0.0000000000
70843  -35.548  -15.067  36.476 0.0000000000
70851  -33.472  -15.086  35.293 0.0000000000
71786  -41.169  -14.522  39.913 0.0000000000
71799  -39.142  -14.519  38.987 0.0000000000
71800  -39.787  -14.012  39.121 0.0000000000
71801  -40.605  -13.775  39.463 0.0000000000
71812  -38.143  -14.210  37.894 0.0000000000
71813  -39.121  -13.846  38.418 0.0000000000
71814  -39.705  -13.506  38.631 0.0000000000
71823  -36.042  -14.611  36.567 0.0000000000
71824  -36.694  -14.288  36.903 0.0000000000
71825  -37.415  -14.197  37.391 0.0000000000
71831  -34.007  -14.585  35.386 0.0000000000
71832  -34.698  -14.245  35.751 0.0000000000
71833  -35.593  -14.194  36.266 0.0000000000
71834  -36.299  -13.943  36.527 0.0000000000
71842  -33.575  -14.246  34.877 0.0000000000
71843  -34.239  -13.909  35.289 0.0000000000
72781  -41.421  -13.605  39.776 0.0000000000
72789  -40.183  -13.283  38.855 0.0000000000
72790  -40.946  -12.873  39.203 0.0000000000
72791  -41.687  -12.856  39.569 0.0000000000
72799  -38.101  -13.483  37.412 0.0000000000
72800  -38.916  -13.105  37.673 0.0000000000
72801  -39.784  -12.954  38.232 0.0000000000
72802  -40.417  -12.614  38.631 0.0000000000
72812  -36.810  -13.448  36.666 0.0000000000
72813  -37.595  -13.150  36.979 0.0000000000
72814  -38.434  -12.822  37.208 0.0000000000
72820  -34.777  -13.258  35.423 0.0000000000
72821  -35.502  -13.237  35.833 0.0000000000
72822  -36.373  -13.123  36.295 0.0000000000
72823  -37.160  -12.820  36.534 0.0000000000
72833  -33.587  -13.267  34.190 0.0000000000
72834  -34.203  -13.220  34.952 0.0000000000
73782  -41.047  -12.012  38.691 0.0000000000
73783  -41.705  -12.192  39.123 0.0000000000
73790  -39.027  -12.210  37.258 0.0000000000
73791  -39.674  -12.149  37.715 0.0000000000
73792  -40.344  -12.004  38.235 0.0000000000
73801  -37.862  -12.289  36.478 0.0000000000
73802  -38.465  -12.268  36.842 0.0000000000
73810  -34.815  -12.599  35.097 0.0000000000
73811  -35.432  -12.516  35.369 0.0000000000
73812  -36.324  -12.239  35.686 0.0000000000
73813  -37.170  -12.250  36.165 0.0000000000
73822  -33.836  -12.057  33.787 0.0000000000
73823  -34.508  -12.215  34.551 0.0000000000
73824  -35.329  -12.002  34.920 0.0000000000
73825  -35.916  -11.905  35.176 0.0000000000
74810  -41.120  -11.277  38.235 0.0000000000
74811  -41.955  -11.419  38.583 0.0000000000
74817  -38.989  -11.666  36.976 0.0000000000
74818  -39.609  -11.375  37.333 0.0000000000
74819  -40.345  -11.314  37.803 0.0000000000
74828  -37.866  -11.714  36.186 0.0000000000
74829  -38.579  -11.416  36.556 0.0000000000
74830  -39.214  -11.138  36.953 0.0000000000
74843  -36.506  -11.261  35.220 0.0000000000
74844  -37.352  -11.438  35.730 0.0000000000
74845  -38.120  -11.114  36.093 0.0000000000
74854  -34.179  -11.411  33.701 0.0000000000
74855  -34.595  -11.200  34.058 0.0000000000
74856  -35.311  -11.314  34.534 0.0000000000
74857  -35.868  -11.406  34.858 0.0000000000
74863  -33.949  -11.268  33.212 0.0000000000
74864  -34.314  -11.100  33.656 0.0000000000
75811  -41.049  -10.505  37.898 0.0000000000
75812  -41.892  -10.613  38.203 0.0000000000
75813  -42.532  -10.576  38.665 0.0000000000
75819  -39.702  -10.502  37.195 0.0000000000
75820  -40.283  -10.727  37.538 0.0000000000
75827  -38.609  -10.369  36.358 0.0000000000
75828  -39.104  -10.643  36.783 0.0000000000
75840  -36.741  -10.667  35.040 0.0000000000
75841  -37.211  -10.754  35.329 0.0000000000
75842  -37.915  -10.496  35.658 0.0000000000
75850  -34.937  -10.590  33.898 0.0000000000
75851  -35.343  -10.649  34.121 0.0000000000
75852  -36.224  -10.463  34.446 0.0000000000
75853  -37.113  -10.228  34.945 0.0000000000
75854  -37.509  -10.318  35.305 0.0000000000
75860  -34.259  -10.640  33.048 0.0000000000
75861  -34.606  -10.614  33.483 0.0000000000
75862  -35.301  -10.190  33.568 0.0000000000
75863  -35.724  -10.295  33.898 0.0000000000
75873  -34.034  -10.734  32.531 0.0000000000
75874  -34.652  -10.144  32.794 0.0000000000
75875  -34.963  -10.107  33.231 0.0000000000
75886  -34.365  -10.251  31.940 0.0000000000
76886  -41.155  -9.987  37.906 0.0000000000
76887  -41.734  -9.737  38.176 0.0000000000
76888  -42.431  -9.919  38.459 0.0000000000
76894  -39.850  -9.960  37.226 0.0000000000
76895  -40.525  -9.819  37.606 0.0000000000
76896  -41.187  -9.714  37.971 0.0000000000
76903  -38.797  -9.716  36.379 0.0000000000
76904  -39.324  -9.644  36.738 0.0000000000
76905  -39.927  -9.635  37.217 0.0000000000
76919  -38.451  -9.480  35.748 0.0000000000
76920  -38.869  -9.368  36.274 0.0000000000
76929  -36.536  -9.658  33.880 0.0000000000
76930  -37.243  -9.387  34.237 0.0000000000
76931  -37.724  -9.759  35.148 0.0000000000
76940  -35.508  -9.881  33.334 0.0000000000
76941  -35.931  -9.767  33.499 0.0000000000
76942  -36.793  -9.017  33.284 0.0000000000
76952  -34.954  -9.823  32.685 0.0000000000
76953  -35.288  -9.713  32.897 0.0000000000
76954  -36.136  -8.948  32.538 0.0000000000
76955  -36.783  -8.633  32.688 0.0000000000
76962  -34.895  -9.771  32.302 0.0000000000
76963  -35.431  -9.263  31.846 0.0000000000
76964  -35.924  -8.805  31.909 0.0000000000
76972  -34.805  -9.824  31.538 0.0000000000
76973  -35.199  -9.616  30.891 0.0000000000
77900  -40.733  -8.794  37.588 0.0000000000
77901  -41.278  -9.031  38.026 0.0000000000
77908  -39.609  -8.460  36.402 0.0000000000
77909  -40.115  -8.928  37.088 0.0000000000
77920  -38.577  -8.757  35.275 0.0000000000
77921  -38.998  -8.668  35.784 0.0000000000
77930  -37.770  -8.683  34.019 0.0000000000
77931  -38.147  -8.751  34.634 0.0000000000
77932  -38.789  -8.191  34.765 0.0000000000
77940  -37.599  -8.528  33.443 0.0000000000
77941  -38.188  -8.226  33.645 0.0000000000
77942  -38.685  -7.902  33.836 0.0000000000
77946  -36.850  -8.396  32.248 0.0000000000
77947  -37.407  -8.269  32.618 0.0000000000
77948  -38.335  -7.824  32.726 0.0000000000
77949  -38.625  -7.792  33.220 0.0000000000
77952  -35.866  -8.790  31.501 0.0000000000
77953  -36.450  -8.448  31.650 0.0000000000
77954  -37.518  -7.806  31.681 0.0000000000
77955  -37.957  -7.767  32.216 0.0000000000
77960  -35.632  -9.051  31.144 0.0000000000
77961  -36.072  -8.625  30.930 0.0000000000
77962  -36.911  -8.014  30.648 0.0000000000
77965  -35.703  -9.102  30.605 0.0000000000
77966  -36.142  -8.729  30.064 0.0000000000
77967  -36.936  -8.231  29.571 0.0000000000
78881  -40.624  -8.201  37.267 0.0000000000
78892  -39.764  -7.876  36.229 0.0000000000
78893  -40.231  -7.788  36.660 0.0000000000
78900  -39.543  -7.789  35.700 0.0000000000
78901  -39.905  -7.459  36.044 0.0000000000
78904  -39.257  -7.747  34.969 0.0000000000
78906  -39.249  -7.463  33.996 0.0000000000
78908  -38.907  -7.355  32.268 0.0000000000
78909  -39.241  -7.184  32.791 0.0000000000
78910  -39.838  -6.715  32.382 0.0000000000
78915  -38.209  -7.367  31.316 0.0000000000
78916  -38.595  -7.373  31.774 0.0000000000
78917  -39.371  -6.989  31.890 0.0000000000
78918  -39.921  -6.688  32.018 0.0000000000
78922  -37.930  -7.374  30.770 0.0000000000
78923  -38.743  -7.108  30.943 0.0000000000
78924  -39.514  -6.772  31.163 0.0000000000
78925  -39.989  -6.584  31.481 0.0000000000
78928  -37.666  -7.504  29.831 0.0000000000
78929  -38.612  -6.886  30.059 0.0000000000
78930  -39.296  -6.674  30.544 0.0000000000
79839  -40.270  -7.045  36.157 0.0000000000
79844  -39.585  -7.374  35.107 0.0000000000
79845  -39.984  -6.902  35.340 0.0000000000
79848  -39.663  -7.063  34.476 0.0000000000
79851  -39.843  -6.655  33.341 0.0000000000
79855  -39.819  -6.705  32.649 0.0000000000
79867  -39.905  -6.401  30.556 0.0000000000
79868  -40.495  -6.282  30.902 0.0000000000
