#!ascii label  , from subject FREESURFER vox2ras=TkReg 
262
19677  -18.529  -67.622  6.854 0.0000000000
19678  -19.388  -67.343  6.222 0.0000000000
19679  -19.964  -66.561  6.220 0.0000000000
19695  -19.691  -67.706  5.199 0.0000000000
19696  -20.198  -66.885  5.592 0.0000000000
19710  -20.225  -66.954  4.608 0.0000000000
19724  -20.010  -66.931  3.701 0.0000000000
19743  -19.621  -66.872  3.160 0.0000000000
20651  -17.999  -66.835  7.187 0.0000000000
20668  -17.000  -66.248  6.507 0.0000000000
20669  -18.717  -66.684  6.843 0.0000000000
20670  -19.390  -66.329  6.566 0.0000000000
20671  -19.961  -65.981  6.373 0.0000000000
20690  -16.479  -66.284  4.939 0.0000000000
20691  -17.080  -66.072  4.742 0.0000000000
20692  -20.491  -66.011  5.854 0.0000000000
20693  -20.922  -65.585  5.224 0.0000000000
20711  -15.773  -66.288  4.007 0.0000000000
20712  -16.703  -66.127  4.005 0.0000000000
20713  -17.357  -65.821  4.306 0.0000000000
20714  -20.736  -66.262  4.972 0.0000000000
20715  -21.188  -65.544  4.403 0.0000000000
20729  -20.738  -66.178  3.833 0.0000000000
20730  -21.129  -65.604  3.796 0.0000000000
20745  -19.553  -66.614  2.753 0.0000000000
20746  -20.116  -66.377  2.963 0.0000000000
20765  -19.198  -66.411  2.312 0.0000000000
20766  -19.747  -66.293  2.526 0.0000000000
21577  -17.515  -66.349  6.869 0.0000000000
21578  -18.047  -66.247  6.847 0.0000000000
21590  -16.866  -66.195  5.841 0.0000000000
21591  -17.476  -65.941  6.257 0.0000000000
21592  -18.479  -65.687  6.425 0.0000000000
21593  -19.420  -65.564  6.309 0.0000000000
21594  -20.093  -65.371  6.084 0.0000000000
21605  -17.129  -66.085  5.404 0.0000000000
21606  -17.648  -65.665  5.282 0.0000000000
21607  -18.422  -65.283  5.372 0.0000000000
21608  -20.649  -65.130  5.597 0.0000000000
21609  -21.266  -64.815  4.963 0.0000000000
21623  -16.011  -65.460  3.740 0.0000000000
21624  -17.075  -65.329  3.602 0.0000000000
21625  -18.010  -65.329  4.291 0.0000000000
21626  -18.549  -65.065  4.758 0.0000000000
21627  -21.521  -64.871  4.197 0.0000000000
21639  -17.402  -64.858  3.427 0.0000000000
21640  -17.717  -65.059  3.597 0.0000000000
21641  -21.041  -65.499  3.380 0.0000000000
21642  -21.393  -65.110  3.561 0.0000000000
21652  -20.703  -65.656  2.900 0.0000000000
21653  -21.308  -65.100  2.822 0.0000000000
21668  -19.015  -65.752  1.688 0.0000000000
21669  -20.031  -65.702  2.167 0.0000000000
21670  -20.946  -65.176  2.284 0.0000000000
22434  -14.782  -64.218  5.688 0.0000000000
22435  -18.931  -65.168  5.958 0.0000000000
22436  -19.535  -64.944  5.803 0.0000000000
22437  -20.155  -64.733  5.662 0.0000000000
22449  -15.041  -64.330  4.834 0.0000000000
22450  -18.946  -64.844  5.235 0.0000000000
22451  -19.664  -64.146  4.959 0.0000000000
22452  -20.733  -64.167  5.257 0.0000000000
22453  -21.427  -63.962  4.900 0.0000000000
22466  -15.345  -64.622  3.843 0.0000000000
22467  -16.214  -64.585  3.534 0.0000000000
22468  -18.130  -64.962  3.737 0.0000000000
22469  -18.648  -64.614  4.122 0.0000000000
22470  -19.173  -63.786  3.732 0.0000000000
22471  -21.786  -64.162  4.335 0.0000000000
22472  -22.081  -63.981  3.573 0.0000000000
22473  -22.078  -63.894  3.063 0.0000000000
22485  -16.981  -64.463  3.336 0.0000000000
22486  -17.825  -64.489  3.270 0.0000000000
22487  -18.515  -63.915  3.210 0.0000000000
22488  -18.882  -63.515  3.143 0.0000000000
22489  -21.760  -64.527  3.569 0.0000000000
22490  -21.855  -64.178  2.943 0.0000000000
22491  -21.819  -63.903  2.528 0.0000000000
22502  -21.656  -64.546  2.873 0.0000000000
22503  -22.453  -64.370  2.474 0.0000000000
22504  -22.234  -63.880  2.238 0.0000000000
22514  -18.707  -65.111  1.229 0.0000000000
22515  -19.558  -65.008  1.387 0.0000000000
22516  -20.617  -64.686  1.562 0.0000000000
22517  -21.525  -64.405  2.173 0.0000000000
22518  -21.966  -63.655  2.187 0.0000000000
22519  -22.358  -63.550  1.959 0.0000000000
22531  -18.986  -64.436  0.824 0.0000000000
22532  -19.861  -64.287  0.989 0.0000000000
22533  -22.327  -63.412  1.856 0.0000000000
22534  -22.207  -63.618  1.934 0.0000000000
23303  -15.238  -63.359  7.203 0.0000000000
23304  -16.219  -63.275  7.120 0.0000000000
23305  -17.053  -62.970  7.036 0.0000000000
23306  -17.405  -62.556  6.800 0.0000000000
23318  -14.720  -63.930  6.574 0.0000000000
23319  -15.657  -63.766  5.889 0.0000000000
23320  -16.617  -63.147  6.142 0.0000000000
23321  -17.199  -62.693  6.182 0.0000000000
23333  -15.661  -63.784  4.351 0.0000000000
23334  -16.597  -63.116  4.777 0.0000000000
23335  -16.960  -62.810  5.555 0.0000000000
23336  -20.457  -63.136  4.887 0.0000000000
23337  -21.303  -63.213  4.965 0.0000000000
23338  -21.903  -63.365  4.641 0.0000000000
23349  -15.744  -64.046  3.645 0.0000000000
23350  -16.384  -63.621  3.524 0.0000000000
23351  -19.756  -63.199  4.105 0.0000000000
23352  -22.312  -63.428  4.127 0.0000000000
23353  -22.317  -63.317  3.312 0.0000000000
23354  -22.175  -63.708  2.932 0.0000000000
23365  -17.170  -63.850  3.180 0.0000000000
23366  -17.749  -63.561  2.935 0.0000000000
23367  -18.443  -63.169  2.851 0.0000000000
23368  -19.213  -63.093  3.159 0.0000000000
23369  -22.389  -63.021  2.967 0.0000000000
23370  -22.172  -63.485  2.645 0.0000000000
23383  -22.372  -63.175  2.526 0.0000000000
23384  -22.275  -63.497  2.200 0.0000000000
23394  -21.212  -64.134  1.445 0.0000000000
23395  -21.595  -63.522  1.387 0.0000000000
23396  -22.206  -63.330  1.908 0.0000000000
23397  -22.899  -63.773  1.653 0.0000000000
23410  -19.418  -63.626  0.481 0.0000000000
23411  -20.617  -63.629  0.794 0.0000000000
23412  -21.270  -63.037  0.720 0.0000000000
23413  -22.792  -63.598  1.471 0.0000000000
23414  -22.978  -63.966  1.261 0.0000000000
24204  -15.816  -62.028  8.084 0.0000000000
24205  -16.121  -62.018  8.165 0.0000000000
24206  -16.769  -62.025  8.273 0.0000000000
24220  -14.664  -62.372  7.437 0.0000000000
24221  -15.655  -62.389  7.800 0.0000000000
24222  -16.597  -62.547  7.711 0.0000000000
24223  -17.573  -62.114  7.521 0.0000000000
24224  -18.102  -61.609  7.104 0.0000000000
24237  -17.665  -62.204  6.295 0.0000000000
24238  -17.991  -61.834  6.695 0.0000000000
24247  -17.093  -62.578  4.238 0.0000000000
24248  -17.500  -62.253  4.978 0.0000000000
24249  -17.905  -61.601  4.466 0.0000000000
24250  -20.531  -62.523  4.713 0.0000000000
24251  -21.059  -62.176  4.837 0.0000000000
24252  -22.053  -62.346  4.719 0.0000000000
24253  -22.486  -61.816  4.344 0.0000000000
24262  -16.908  -62.811  3.624 0.0000000000
24263  -17.487  -62.274  3.692 0.0000000000
24264  -17.906  -61.709  3.823 0.0000000000
24265  -20.211  -62.626  4.285 0.0000000000
24266  -20.451  -62.147  4.370 0.0000000000
24267  -22.282  -62.936  4.436 0.0000000000
24268  -22.650  -62.410  3.950 0.0000000000
24285  -17.075  -63.248  3.104 0.0000000000
24286  -17.604  -62.765  2.966 0.0000000000
24287  -18.520  -62.210  2.978 0.0000000000
24288  -19.785  -62.440  3.372 0.0000000000
24289  -20.210  -62.277  3.886 0.0000000000
24290  -22.523  -62.443  2.994 0.0000000000
24304  -23.719  -62.901  1.011 0.0000000000
24314  -21.582  -62.933  0.936 0.0000000000
24315  -21.796  -62.839  1.051 0.0000000000
24316  -23.427  -62.442  0.115 0.0000000000
24340  -19.802  -62.793  0.120 0.0000000000
24341  -20.729  -62.579  0.183 0.0000000000
24342  -21.469  -62.405  0.507 0.0000000000
24343  -21.866  -62.021  0.444 0.0000000000
24344  -23.275  -62.334  -0.045 0.0000000000
25152  -16.332  -60.884  8.937 0.0000000000
25153  -16.647  -60.970  9.114 0.0000000000
25154  -17.284  -60.971  9.224 0.0000000000
25167  -15.657  -61.621  8.214 0.0000000000
25168  -16.214  -61.229  8.663 0.0000000000
25169  -17.190  -61.548  8.660 0.0000000000
25170  -17.861  -61.104  8.749 0.0000000000
25184  -14.987  -61.374  7.849 0.0000000000
25185  -17.751  -61.497  8.188 0.0000000000
25186  -18.293  -61.084  7.697 0.0000000000
25199  -17.978  -61.705  6.047 0.0000000000
25200  -18.338  -61.176  6.395 0.0000000000
25211  -17.810  -61.888  5.629 0.0000000000
25212  -18.143  -61.339  5.105 0.0000000000
25213  -21.177  -61.209  4.936 0.0000000000
25214  -21.784  -61.322  4.929 0.0000000000
25215  -22.392  -61.298  4.593 0.0000000000
25229  -18.225  -61.185  4.013 0.0000000000
25230  -20.566  -61.389  4.415 0.0000000000
25231  -22.850  -61.215  3.991 0.0000000000
25232  -23.072  -60.778  3.674 0.0000000000
25249  -18.583  -61.379  3.383 0.0000000000
25250  -19.410  -61.601  3.155 0.0000000000
25251  -20.170  -61.822  3.653 0.0000000000
25252  -22.764  -61.279  3.071 0.0000000000
25253  -22.929  -60.923  3.481 0.0000000000
25265  -22.894  -61.397  2.383 0.0000000000
25281  -23.651  -62.505  0.317 0.0000000000
25282  -23.565  -62.497  -0.051 0.0000000000
25311  -21.095  -61.951  -0.017 0.0000000000
25312  -21.640  -61.493  0.147 0.0000000000
25313  -22.372  -61.122  0.451 0.0000000000
25314  -23.301  -62.307  0.299 0.0000000000
26111  -15.714  -60.198  8.764 0.0000000000
26112  -16.132  -60.403  8.946 0.0000000000
26113  -16.887  -60.304  9.471 0.0000000000
26114  -17.722  -60.414  9.369 0.0000000000
26131  -14.864  -60.201  8.018 0.0000000000
26132  -15.340  -60.499  8.399 0.0000000000
26133  -15.878  -60.723  8.706 0.0000000000
26134  -18.422  -60.434  8.725 0.0000000000
26154  -14.931  -60.772  7.941 0.0000000000
26188  -18.634  -60.321  5.327 0.0000000000
26189  -20.881  -60.771  4.878 0.0000000000
26190  -21.562  -60.351  5.161 0.0000000000
26191  -22.397  -60.542  4.998 0.0000000000
26211  -18.760  -60.470  4.055 0.0000000000
26212  -19.683  -60.370  3.778 0.0000000000
26213  -20.404  -60.476  4.342 0.0000000000
26214  -20.902  -60.346  4.927 0.0000000000
26215  -22.860  -60.534  4.534 0.0000000000
26216  -23.312  -60.494  4.004 0.0000000000
26236  -18.654  -60.995  3.667 0.0000000000
26237  -19.156  -60.936  3.441 0.0000000000
26238  -19.993  -61.061  3.570 0.0000000000
26239  -23.096  -60.720  2.682 0.0000000000
26240  -23.251  -60.509  3.231 0.0000000000
26260  -23.106  -60.840  2.209 0.0000000000
26261  -23.461  -60.299  2.401 0.0000000000
26283  -22.999  -60.837  1.396 0.0000000000
26284  -23.319  -60.273  1.580 0.0000000000
26308  -22.099  -60.796  0.093 0.0000000000
26309  -22.820  -60.273  0.546 0.0000000000
26310  -23.475  -59.704  1.108 0.0000000000
27251  -21.722  -59.202  5.319 0.0000000000
27252  -22.714  -59.540  5.214 0.0000000000
27253  -23.370  -59.235  5.024 0.0000000000
27276  -19.517  -59.564  3.858 0.0000000000
27277  -20.306  -59.609  4.039 0.0000000000
27278  -20.919  -59.751  4.871 0.0000000000
27279  -22.908  -60.104  4.943 0.0000000000
27280  -23.473  -59.702  4.614 0.0000000000
27281  -24.041  -59.469  4.169 0.0000000000
27298  -23.780  -59.928  3.775 0.0000000000
27299  -24.250  -59.273  3.589 0.0000000000
27316  -23.894  -59.817  2.943 0.0000000000
27317  -24.280  -59.119  2.788 0.0000000000
27335  -23.945  -59.431  1.971 0.0000000000
27336  -24.273  -58.958  2.348 0.0000000000
28240  -22.524  -58.449  5.316 0.0000000000
28241  -23.504  -58.603  5.128 0.0000000000
28242  -24.102  -58.242  4.983 0.0000000000
28261  -23.702  -59.089  4.890 0.0000000000
28262  -24.232  -58.784  4.480 0.0000000000
28279  -24.457  -58.265  3.284 0.0000000000
28292  -24.391  -58.642  2.612 0.0000000000
28312  -24.103  -58.787  1.607 0.0000000000
28313  -24.367  -58.508  2.077 0.0000000000
29145  -23.907  -57.709  5.190 0.0000000000
29162  -24.367  -57.788  4.636 0.0000000000
29163  -24.578  -57.652  3.994 0.0000000000
29180  -24.504  -58.118  4.125 0.0000000000
129865  -24.469  -58.135  2.143 0.0000000000
129866  -24.459  -58.365  2.591 0.0000000000
129868  -24.497  -58.076  2.412 0.0000000000
