#!ascii label  , from subject FREESURFER vox2ras=TkReg 
388
6627  -19.070  -82.857  21.990 0.0000000000
7209  -19.665  -82.278  22.737 0.0000000000
7210  -20.092  -81.764  22.322 0.0000000000
7225  -19.489  -82.059  21.404 0.0000000000
7226  -19.932  -81.921  22.004 0.0000000000
7881  -20.359  -81.373  23.872 0.0000000000
7895  -19.933  -81.887  23.553 0.0000000000
7896  -20.287  -81.421  22.857 0.0000000000
7909  -19.792  -81.630  21.134 0.0000000000
7910  -20.178  -81.308  21.603 0.0000000000
7927  -19.509  -81.384  20.436 0.0000000000
7928  -20.176  -80.734  20.742 0.0000000000
8589  -20.579  -80.768  23.289 0.0000000000
8590  -20.951  -80.580  23.948 0.0000000000
8591  -21.703  -80.042  23.799 0.0000000000
8605  -20.517  -80.375  22.446 0.0000000000
8621  -20.418  -80.159  21.341 0.0000000000
8636  -19.935  -80.637  20.062 0.0000000000
8637  -20.323  -80.085  20.345 0.0000000000
9370  -22.336  -79.976  24.097 0.0000000000
9371  -23.028  -79.434  24.210 0.0000000000
9372  -23.760  -79.105  24.572 0.0000000000
9382  -20.715  -80.159  23.191 0.0000000000
9383  -21.242  -79.651  23.261 0.0000000000
9384  -22.156  -79.192  23.620 0.0000000000
9385  -22.795  -78.863  23.876 0.0000000000
9398  -20.754  -79.676  22.714 0.0000000000
9399  -21.089  -79.136  22.537 0.0000000000
9415  -20.746  -79.330  21.889 0.0000000000
9416  -21.024  -78.828  22.104 0.0000000000
9436  -20.726  -79.353  20.785 0.0000000000
9451  -20.454  -79.460  19.614 0.0000000000
10088  -23.347  -78.458  24.156 0.0000000000
10089  -24.125  -78.418  24.831 0.0000000000
10100  -21.591  -78.800  22.951 0.0000000000
10101  -22.039  -78.352  23.290 0.0000000000
10102  -22.610  -78.331  23.667 0.0000000000
10112  -21.332  -78.448  22.359 0.0000000000
10124  -20.969  -78.990  21.319 0.0000000000
10125  -21.203  -78.422  21.607 0.0000000000
10143  -21.142  -78.740  20.871 0.0000000000
10144  -21.397  -78.010  20.677 0.0000000000
10163  -21.071  -78.627  19.886 0.0000000000
10164  -21.434  -77.631  19.762 0.0000000000
10823  -24.055  -77.069  25.228 0.0000000000
10824  -24.352  -77.418  26.085 0.0000000000
10837  -23.705  -77.491  24.578 0.0000000000
10838  -24.244  -77.733  25.266 0.0000000000
10854  -21.720  -77.868  22.863 0.0000000000
10855  -22.304  -77.555  23.379 0.0000000000
10856  -22.988  -77.555  23.911 0.0000000000
10873  -21.497  -77.502  22.204 0.0000000000
10891  -21.506  -77.316  21.363 0.0000000000
10908  -21.573  -77.085  20.504 0.0000000000
10922  -21.677  -76.855  19.724 0.0000000000
11576  -24.046  -76.399  25.543 0.0000000000
11577  -24.422  -76.640  26.570 0.0000000000
11588  -22.881  -76.149  24.329 0.0000000000
11589  -23.538  -76.583  24.804 0.0000000000
11605  -21.870  -76.522  23.040 0.0000000000
11606  -22.596  -76.736  23.754 0.0000000000
11607  -23.163  -76.873  24.249 0.0000000000
11621  -21.593  -76.391  22.022 0.0000000000
11632  -21.683  -76.406  21.110 0.0000000000
11644  -21.850  -76.329  20.312 0.0000000000
11645  -22.065  -76.107  19.948 0.0000000000
11654  -21.924  -76.410  19.716 0.0000000000
11655  -22.159  -76.067  19.438 0.0000000000
12341  -24.647  -76.017  26.976 0.0000000000
12342  -25.093  -75.411  26.865 0.0000000000
12347  -23.933  -75.671  25.350 0.0000000000
12348  -24.377  -75.864  25.970 0.0000000000
12355  -21.774  -74.704  24.313 0.0000000000
12356  -22.433  -75.221  24.389 0.0000000000
12357  -23.379  -75.708  24.898 0.0000000000
12370  -21.625  -75.126  23.788 0.0000000000
12371  -22.307  -75.898  23.818 0.0000000000
12386  -21.391  -75.191  22.792 0.0000000000
12399  -21.827  -75.399  21.572 0.0000000000
12400  -22.364  -74.852  21.115 0.0000000000
12416  -21.897  -75.921  20.839 0.0000000000
12417  -22.304  -75.487  20.261 0.0000000000
13138  -25.601  -74.873  27.141 0.0000000000
13139  -25.987  -74.538  27.714 0.0000000000
13144  -24.768  -75.325  26.163 0.0000000000
13145  -25.184  -74.710  26.342 0.0000000000
13153  -23.720  -75.290  25.032 0.0000000000
13154  -24.214  -75.047  25.315 0.0000000000
13155  -24.776  -74.630  25.731 0.0000000000
13164  -20.788  -73.592  24.259 0.0000000000
13165  -21.163  -74.150  24.348 0.0000000000
13166  -22.147  -74.334  24.540 0.0000000000
13167  -23.305  -74.689  24.764 0.0000000000
13168  -23.961  -74.439  24.964 0.0000000000
13178  -20.628  -73.724  24.028 0.0000000000
13179  -20.924  -74.342  23.625 0.0000000000
13192  -20.634  -73.691  23.594 0.0000000000
13193  -20.844  -74.055  22.972 0.0000000000
13194  -21.399  -73.861  22.512 0.0000000000
13210  -21.486  -74.560  22.384 0.0000000000
13211  -22.106  -74.200  21.812 0.0000000000
13232  -22.905  -74.039  20.540 0.0000000000
14005  -25.777  -73.844  27.225 0.0000000000
14006  -26.096  -73.818  28.002 0.0000000000
14018  -25.485  -74.057  26.564 0.0000000000
14028  -24.436  -74.164  25.233 0.0000000000
14029  -25.053  -73.815  25.829 0.0000000000
14041  -20.636  -73.182  24.158 0.0000000000
14042  -21.005  -73.285  24.389 0.0000000000
14043  -21.812  -73.466  24.463 0.0000000000
14044  -22.858  -73.641  24.591 0.0000000000
14045  -23.810  -73.821  24.817 0.0000000000
14056  -20.501  -73.164  23.837 0.0000000000
14066  -20.612  -73.171  23.370 0.0000000000
14067  -20.958  -73.188  22.791 0.0000000000
14068  -21.705  -73.189  22.280 0.0000000000
14079  -22.548  -73.117  21.532 0.0000000000
14080  -23.074  -72.545  21.065 0.0000000000
14099  -23.033  -73.181  20.888 0.0000000000
14821  -23.312  -72.156  30.451 0.0000000000
14822  -24.176  -72.080  30.219 0.0000000000
14823  -25.062  -72.330  30.211 0.0000000000
14836  -24.534  -71.950  29.556 0.0000000000
14837  -25.314  -72.378  29.354 0.0000000000
14853  -25.517  -72.455  28.418 0.0000000000
14854  -25.915  -73.083  29.077 0.0000000000
14870  -25.645  -72.831  27.557 0.0000000000
14871  -25.925  -73.171  28.384 0.0000000000
14886  -25.385  -73.079  26.512 0.0000000000
14900  -24.477  -73.243  25.181 0.0000000000
14901  -24.943  -72.885  25.744 0.0000000000
14911  -20.495  -72.628  24.022 0.0000000000
14912  -20.780  -72.545  24.237 0.0000000000
14913  -21.504  -72.605  24.340 0.0000000000
14914  -22.535  -72.700  24.435 0.0000000000
14915  -23.681  -72.773  24.669 0.0000000000
14923  -20.488  -72.445  23.693 0.0000000000
14929  -20.601  -72.388  23.129 0.0000000000
14930  -21.206  -72.338  22.559 0.0000000000
14931  -21.911  -72.333  21.962 0.0000000000
14939  -22.523  -72.149  21.534 0.0000000000
14940  -23.027  -71.840  21.211 0.0000000000
15691  -21.593  -71.675  30.025 0.0000000000
15692  -22.571  -71.755  29.893 0.0000000000
15693  -23.331  -71.732  29.698 0.0000000000
15694  -23.881  -71.745  29.490 0.0000000000
15709  -22.126  -71.177  29.574 0.0000000000
15710  -22.713  -71.225  29.284 0.0000000000
15711  -23.373  -71.313  29.013 0.0000000000
15712  -24.021  -71.573  28.989 0.0000000000
15713  -24.593  -71.809  28.949 0.0000000000
15730  -23.658  -71.154  28.589 0.0000000000
15731  -24.182  -71.309  28.379 0.0000000000
15732  -24.916  -71.787  28.440 0.0000000000
15749  -24.551  -71.242  27.834 0.0000000000
15750  -25.150  -71.738  27.601 0.0000000000
15767  -25.235  -72.060  26.749 0.0000000000
15781  -24.502  -72.086  25.279 0.0000000000
15782  -25.039  -72.309  26.060 0.0000000000
15788  -20.438  -71.660  24.046 0.0000000000
15789  -21.097  -71.720  24.321 0.0000000000
15790  -22.186  -71.740  24.310 0.0000000000
15791  -23.248  -71.880  24.543 0.0000000000
15792  -23.909  -72.020  24.758 0.0000000000
15799  -20.423  -71.546  23.527 0.0000000000
15804  -20.697  -71.488  22.826 0.0000000000
15805  -21.586  -71.395  22.141 0.0000000000
15806  -22.071  -71.790  21.751 0.0000000000
15811  -21.941  -70.905  21.805 0.0000000000
15812  -22.434  -71.284  21.521 0.0000000000
15813  -23.257  -71.276  20.959 0.0000000000
16556  -20.807  -70.719  30.014 0.0000000000
16557  -21.549  -70.600  29.603 0.0000000000
16574  -22.176  -70.512  29.187 0.0000000000
16575  -22.831  -70.549  28.628 0.0000000000
16576  -23.327  -70.910  28.557 0.0000000000
16590  -22.946  -70.199  28.158 0.0000000000
16591  -23.483  -70.562  27.970 0.0000000000
16592  -24.066  -70.977  27.842 0.0000000000
16601  -23.614  -70.235  27.300 0.0000000000
16602  -24.148  -70.681  27.221 0.0000000000
16603  -24.687  -71.169  27.360 0.0000000000
16617  -24.321  -70.666  26.504 0.0000000000
16618  -24.773  -71.153  26.728 0.0000000000
16634  -23.609  -70.448  25.161 0.0000000000
16635  -24.141  -70.779  25.635 0.0000000000
16636  -24.856  -71.610  26.056 0.0000000000
16644  -20.301  -70.734  24.129 0.0000000000
16645  -20.666  -70.800  24.301 0.0000000000
16646  -21.683  -70.826  24.350 0.0000000000
16647  -23.123  -70.718  24.654 0.0000000000
16648  -23.882  -71.437  24.882 0.0000000000
16656  -20.158  -70.656  23.883 0.0000000000
16661  -20.348  -70.574  23.273 0.0000000000
16662  -20.957  -70.543  22.551 0.0000000000
16667  -21.681  -70.498  22.055 0.0000000000
16668  -22.216  -70.476  21.667 0.0000000000
16669  -22.908  -70.518  21.232 0.0000000000
17446  -20.320  -69.698  30.358 0.0000000000
17447  -21.064  -69.675  29.858 0.0000000000
17463  -21.682  -69.665  29.321 0.0000000000
17464  -22.210  -69.705  28.785 0.0000000000
17481  -22.626  -69.677  28.219 0.0000000000
17482  -22.991  -69.884  27.851 0.0000000000
17494  -22.817  -69.348  27.740 0.0000000000
17495  -23.223  -69.524  27.172 0.0000000000
17496  -23.698  -70.072  26.854 0.0000000000
17506  -23.543  -69.605  26.161 0.0000000000
17507  -23.953  -70.313  26.382 0.0000000000
17524  -23.431  -69.936  25.289 0.0000000000
17525  -23.802  -70.132  25.861 0.0000000000
17539  -19.691  -68.969  24.080 0.0000000000
17540  -20.254  -69.747  24.233 0.0000000000
17541  -21.209  -69.924  24.454 0.0000000000
17542  -22.200  -70.056  24.535 0.0000000000
17543  -22.818  -69.818  24.768 0.0000000000
17552  -19.608  -68.843  23.862 0.0000000000
17553  -20.006  -69.472  23.762 0.0000000000
17561  -20.495  -69.635  22.900 0.0000000000
17562  -21.521  -69.623  22.234 0.0000000000
17563  -22.065  -69.175  21.976 0.0000000000
17569  -21.964  -70.056  21.896 0.0000000000
17570  -22.463  -69.647  21.613 0.0000000000
17571  -23.317  -69.810  20.975 0.0000000000
18366  -19.934  -68.661  30.809 0.0000000000
18367  -20.717  -68.651  30.285 0.0000000000
18368  -21.381  -68.644  29.657 0.0000000000
18387  -21.895  -68.768  29.020 0.0000000000
18388  -22.260  -68.930  28.430 0.0000000000
18406  -22.542  -68.979  27.968 0.0000000000
18416  -22.664  -68.681  27.391 0.0000000000
18417  -22.870  -68.763  26.873 0.0000000000
18427  -22.540  -68.179  26.630 0.0000000000
18428  -23.001  -68.743  26.269 0.0000000000
18445  -20.222  -68.107  24.945 0.0000000000
18446  -20.608  -68.142  25.109 0.0000000000
18447  -21.884  -68.193  25.549 0.0000000000
18448  -22.973  -69.015  25.381 0.0000000000
18465  -19.748  -68.577  24.154 0.0000000000
18466  -20.106  -68.509  24.592 0.0000000000
18467  -20.909  -68.918  24.762 0.0000000000
18468  -22.151  -69.219  24.777 0.0000000000
18469  -22.914  -69.416  24.972 0.0000000000
18483  -19.574  -68.654  24.045 0.0000000000
18484  -19.772  -68.717  23.955 0.0000000000
18497  -20.270  -68.800  23.373 0.0000000000
18498  -20.969  -68.726  22.668 0.0000000000
18499  -21.820  -68.704  22.260 0.0000000000
18506  -22.516  -68.734  21.878 0.0000000000
18507  -23.380  -68.843  21.244 0.0000000000
19312  -19.479  -67.631  31.145 0.0000000000
19313  -20.310  -67.593  30.656 0.0000000000
19314  -21.076  -67.601  30.070 0.0000000000
19333  -21.662  -67.508  29.163 0.0000000000
19334  -22.044  -68.154  28.556 0.0000000000
19349  -21.902  -67.357  28.018 0.0000000000
19350  -22.337  -68.281  27.976 0.0000000000
19362  -21.632  -67.139  27.036 0.0000000000
19363  -22.237  -67.802  27.269 0.0000000000
19374  -20.760  -67.050  25.758 0.0000000000
19375  -21.209  -67.143  26.283 0.0000000000
19376  -21.859  -67.610  26.439 0.0000000000
19391  -20.369  -67.620  25.093 0.0000000000
19392  -20.975  -67.611  25.634 0.0000000000
19393  -21.459  -67.593  25.957 0.0000000000
19410  -19.692  -68.541  23.996 0.0000000000
19411  -20.105  -68.065  24.349 0.0000000000
19426  -19.536  -68.589  23.806 0.0000000000
19427  -19.975  -68.197  24.034 0.0000000000
19428  -20.387  -67.738  23.737 0.0000000000
19445  -20.183  -68.319  23.708 0.0000000000
19446  -20.753  -67.892  23.217 0.0000000000
19447  -21.648  -67.837  22.668 0.0000000000
19448  -22.436  -67.476  22.438 0.0000000000
19461  -22.320  -68.142  22.273 0.0000000000
20320  -19.746  -66.591  30.910 0.0000000000
20321  -20.626  -66.470  30.332 0.0000000000
20322  -21.208  -66.793  29.737 0.0000000000
20341  -21.009  -66.085  29.673 0.0000000000
20342  -21.350  -66.398  29.167 0.0000000000
20359  -21.508  -66.587  28.478 0.0000000000
20373  -20.751  -65.892  27.089 0.0000000000
20374  -21.240  -66.458  27.455 0.0000000000
20385  -20.779  -66.402  26.426 0.0000000000
20386  -21.195  -66.769  26.791 0.0000000000
20400  -20.558  -66.566  25.499 0.0000000000
20415  -20.456  -66.727  24.593 0.0000000000
20416  -20.785  -66.103  24.200 0.0000000000
20429  -20.310  -67.507  24.076 0.0000000000
20430  -20.992  -66.662  23.600 0.0000000000
20431  -21.766  -66.090  23.217 0.0000000000
20446  -21.360  -67.277  23.106 0.0000000000
20447  -22.047  -66.691  22.849 0.0000000000
21232  -19.147  -65.833  31.119 0.0000000000
21259  -18.834  -64.949  30.982 0.0000000000
21260  -19.805  -65.425  30.606 0.0000000000
21261  -20.588  -65.391  29.926 0.0000000000
21283  -20.995  -65.491  28.984 0.0000000000
21284  -21.271  -66.092  28.731 0.0000000000
21298  -20.982  -65.218  28.051 0.0000000000
21299  -21.185  -65.922  28.224 0.0000000000
21312  -20.738  -65.236  27.305 0.0000000000
21313  -20.942  -65.759  27.627 0.0000000000
21325  -20.603  -65.440  26.548 0.0000000000
21341  -20.558  -65.784  25.892 0.0000000000
21357  -20.603  -65.767  25.237 0.0000000000
21358  -20.802  -65.629  24.638 0.0000000000
21371  -21.193  -65.473  24.048 0.0000000000
21372  -21.729  -65.467  23.440 0.0000000000
22144  -18.267  -64.086  30.684 0.0000000000
22145  -19.278  -64.224  30.422 0.0000000000
22146  -20.089  -64.635  30.136 0.0000000000
22160  -19.899  -63.871  29.872 0.0000000000
22161  -20.440  -64.461  29.381 0.0000000000
22174  -20.705  -64.530  28.515 0.0000000000
22187  -20.744  -64.486  27.691 0.0000000000
22198  -20.655  -64.532  26.831 0.0000000000
22211  -20.755  -64.707  25.728 0.0000000000
22212  -21.131  -64.044  25.275 0.0000000000
22224  -20.817  -65.165  25.077 0.0000000000
22225  -21.215  -64.544  24.708 0.0000000000
22235  -21.734  -64.468  23.742 0.0000000000
22996  -18.511  -63.346  30.146 0.0000000000
22997  -19.278  -63.448  29.974 0.0000000000
23005  -17.781  -62.763  29.171 0.0000000000
23006  -18.881  -62.883  29.503 0.0000000000
23007  -19.638  -63.191  29.469 0.0000000000
23008  -20.165  -63.583  29.274 0.0000000000
23016  -17.493  -62.549  28.367 0.0000000000
23017  -20.448  -63.793  28.804 0.0000000000
23024  -20.599  -63.742  28.114 0.0000000000
23033  -20.638  -63.681  27.301 0.0000000000
23042  -20.771  -63.640  26.422 0.0000000000
23043  -21.019  -63.519  25.635 0.0000000000
23062  -16.120  -63.331  24.536 0.0000000000
23063  -21.303  -63.423  24.941 0.0000000000
23079  -16.286  -63.379  23.605 0.0000000000
23080  -21.618  -63.425  24.084 0.0000000000
23907  -18.626  -62.516  28.811 0.0000000000
23908  -19.361  -62.659  28.887 0.0000000000
23909  -20.027  -62.973  28.963 0.0000000000
23910  -20.259  -63.367  28.903 0.0000000000
23916  -17.438  -62.389  27.829 0.0000000000
23917  -18.099  -62.302  28.193 0.0000000000
23918  -19.026  -62.167  28.122 0.0000000000
23919  -19.866  -62.480  28.214 0.0000000000
23920  -20.307  -63.181  28.489 0.0000000000
23925  -16.977  -62.414  27.132 0.0000000000
23926  -17.910  -61.870  27.203 0.0000000000
23927  -18.487  -61.986  27.717 0.0000000000
23928  -20.083  -62.437  27.707 0.0000000000
23929  -20.402  -62.920  27.762 0.0000000000
23935  -16.581  -62.673  26.337 0.0000000000
23936  -17.268  -62.130  26.077 0.0000000000
23937  -20.529  -62.876  26.935 0.0000000000
23944  -16.506  -62.778  25.363 0.0000000000
23945  -17.179  -62.261  24.936 0.0000000000
23946  -20.699  -62.658  26.012 0.0000000000
23947  -21.065  -62.782  25.283 0.0000000000
23967  -16.657  -62.782  24.305 0.0000000000
23968  -17.261  -62.373  24.035 0.0000000000
23969  -20.723  -62.203  25.214 0.0000000000
23970  -21.217  -62.425  24.486 0.0000000000
23985  -16.824  -62.844  23.359 0.0000000000
23986  -17.428  -62.464  23.240 0.0000000000
23987  -17.970  -62.185  23.091 0.0000000000
24848  -19.295  -62.019  27.685 0.0000000000
24849  -19.481  -62.173  27.870 0.0000000000
24854  -18.476  -61.642  26.755 0.0000000000
24855  -18.938  -61.744  27.265 0.0000000000
24856  -19.733  -62.092  27.436 0.0000000000
24857  -20.197  -62.470  27.320 0.0000000000
24864  -18.165  -61.655  26.188 0.0000000000
24865  -18.898  -61.513  26.300 0.0000000000
24866  -19.607  -61.728  26.517 0.0000000000
24867  -20.203  -62.201  26.687 0.0000000000
24874  -17.859  -61.797  25.282 0.0000000000
24875  -18.657  -61.512  25.396 0.0000000000
24876  -19.502  -61.512  25.513 0.0000000000
24877  -20.231  -61.858  25.767 0.0000000000
24897  -17.684  -61.993  24.523 0.0000000000
24898  -18.313  -61.697  24.507 0.0000000000
24899  -19.175  -61.449  24.480 0.0000000000
24900  -20.310  -61.619  24.498 0.0000000000
24901  -21.067  -61.833  23.712 0.0000000000
24924  -17.867  -62.035  23.816 0.0000000000
24925  -18.591  -61.688  23.462 0.0000000000
24926  -19.595  -61.429  23.423 0.0000000000
