#!ascii label  , from subject FREESURFER vox2ras=TkReg 
147
48859  -29.643  -36.843  51.522 0.0000000000
48875  -28.090  -36.379  50.556 0.0000000000
48876  -28.960  -36.595  50.546 0.0000000000
48877  -29.880  -36.624  50.483 0.0000000000
48878  -30.821  -36.467  50.519 0.0000000000
48891  -28.402  -36.331  49.777 0.0000000000
48892  -29.144  -36.327  49.416 0.0000000000
48893  -30.172  -36.329  49.481 0.0000000000
48894  -31.050  -36.068  49.613 0.0000000000
48895  -31.927  -35.754  49.682 0.0000000000
48896  -32.496  -35.791  50.108 0.0000000000
48906  -29.653  -36.075  48.358 0.0000000000
48907  -30.533  -35.964  48.613 0.0000000000
48908  -31.283  -35.748  48.806 0.0000000000
48909  -31.835  -35.529  48.799 0.0000000000
48919  -29.688  -35.944  47.693 0.0000000000
48920  -30.170  -35.879  47.620 0.0000000000
48921  -31.028  -35.687  47.817 0.0000000000
48922  -31.518  -35.581  48.315 0.0000000000
48934  -30.363  -35.747  47.112 0.0000000000
48935  -30.581  -35.720  47.327 0.0000000000
49942  -27.196  -35.972  50.499 0.0000000000
49957  -26.582  -35.461  49.396 0.0000000000
49958  -27.613  -35.958  49.386 0.0000000000
49959  -28.326  -36.125  49.012 0.0000000000
49960  -32.167  -35.530  49.248 0.0000000000
49961  -32.734  -35.538  49.643 0.0000000000
49962  -33.596  -35.164  49.561 0.0000000000
49963  -34.340  -34.841  49.516 0.0000000000
49972  -26.935  -35.595  48.221 0.0000000000
49973  -27.841  -35.907  48.189 0.0000000000
49974  -28.740  -36.031  48.280 0.0000000000
49975  -32.289  -35.366  48.863 0.0000000000
49976  -32.877  -35.129  48.722 0.0000000000
49977  -33.747  -34.837  48.637 0.0000000000
49978  -34.527  -34.641  48.681 0.0000000000
49989  -27.282  -35.699  46.978 0.0000000000
49990  -28.332  -35.885  47.240 0.0000000000
49991  -29.275  -35.912  47.442 0.0000000000
49992  -29.745  -35.884  47.370 0.0000000000
49993  -31.409  -35.513  47.279 0.0000000000
49994  -32.037  -35.363  47.870 0.0000000000
49995  -33.147  -34.922  47.703 0.0000000000
49996  -34.254  -34.674  47.621 0.0000000000
49997  -34.798  -34.619  48.140 0.0000000000
50007  -27.226  -35.532  45.704 0.0000000000
50008  -28.046  -35.775  46.129 0.0000000000
50009  -28.977  -35.860  46.405 0.0000000000
50010  -29.943  -35.869  46.737 0.0000000000
50011  -30.888  -35.660  46.787 0.0000000000
50012  -31.802  -35.419  46.684 0.0000000000
50013  -32.651  -35.098  46.735 0.0000000000
50014  -33.570  -34.786  46.662 0.0000000000
50026  -27.245  -35.250  44.660 0.0000000000
50027  -27.907  -35.612  45.065 0.0000000000
50028  -28.737  -35.748  45.322 0.0000000000
50029  -29.649  -35.799  45.532 0.0000000000
50030  -30.596  -35.746  45.697 0.0000000000
50031  -31.559  -35.570  45.726 0.0000000000
50032  -32.402  -35.304  45.795 0.0000000000
50033  -33.148  -34.976  45.781 0.0000000000
50043  -27.410  -34.974  44.096 0.0000000000
50044  -27.889  -35.203  44.285 0.0000000000
50045  -28.550  -35.457  44.452 0.0000000000
50046  -29.413  -35.464  44.407 0.0000000000
50047  -30.309  -35.573  44.702 0.0000000000
50048  -31.262  -35.528  44.780 0.0000000000
50049  -32.387  -35.275  44.705 0.0000000000
50050  -32.858  -35.130  45.224 0.0000000000
50058  -29.657  -35.242  43.951 0.0000000000
50059  -30.059  -35.257  43.956 0.0000000000
50060  -30.930  -35.234  43.996 0.0000000000
50061  -31.751  -35.177  44.049 0.0000000000
51060  -35.041  -34.571  49.516 0.0000000000
51061  -35.770  -34.360  49.474 0.0000000000
51062  -36.516  -34.149  49.413 0.0000000000
51073  -26.144  -35.027  48.229 0.0000000000
51074  -35.198  -34.482  48.664 0.0000000000
51075  -35.941  -34.260  48.559 0.0000000000
51076  -36.749  -33.989  48.544 0.0000000000
51087  -25.531  -34.722  47.190 0.0000000000
51088  -26.332  -35.281  47.136 0.0000000000
51089  -34.764  -34.624  47.066 0.0000000000
51090  -35.290  -34.526  47.612 0.0000000000
51091  -36.304  -34.190  47.653 0.0000000000
51102  -25.816  -34.879  45.939 0.0000000000
51103  -26.589  -35.363  46.191 0.0000000000
51104  -34.420  -34.630  46.527 0.0000000000
51105  -35.158  -34.529  46.544 0.0000000000
51106  -35.950  -34.307  46.696 0.0000000000
51107  -36.824  -33.951  46.808 0.0000000000
51117  -26.523  -35.135  45.136 0.0000000000
51118  -33.997  -34.674  45.670 0.0000000000
51119  -34.903  -34.525  45.659 0.0000000000
51120  -35.668  -34.276  45.792 0.0000000000
51121  -36.411  -33.959  45.873 0.0000000000
51135  -27.769  -34.780  43.646 0.0000000000
51136  -28.510  -35.063  43.830 0.0000000000
51137  -28.970  -35.246  44.045 0.0000000000
51138  -32.976  -34.844  44.142 0.0000000000
51139  -33.494  -34.814  44.687 0.0000000000
51140  -34.583  -34.486  44.764 0.0000000000
51141  -35.555  -34.135  44.785 0.0000000000
51142  -36.047  -34.039  45.294 0.0000000000
51154  -28.484  -34.651  42.994 0.0000000000
51155  -29.463  -35.095  43.426 0.0000000000
51156  -30.618  -35.023  43.215 0.0000000000
51157  -31.594  -34.917  43.285 0.0000000000
51158  -32.566  -34.788  43.568 0.0000000000
51159  -33.479  -34.511  43.648 0.0000000000
51160  -34.426  -34.161  43.749 0.0000000000
51161  -35.018  -34.113  44.228 0.0000000000
51176  -29.296  -34.467  42.284 0.0000000000
51177  -30.316  -34.617  42.368 0.0000000000
51178  -31.347  -34.601  42.425 0.0000000000
51179  -32.327  -34.472  42.585 0.0000000000
51180  -33.406  -34.111  42.704 0.0000000000
51181  -33.938  -34.093  43.195 0.0000000000
51200  -31.104  -34.073  41.623 0.0000000000
51201  -32.082  -34.086  41.759 0.0000000000
51202  -32.949  -34.157  41.873 0.0000000000
52217  -35.909  -33.702  44.371 0.0000000000
52218  -36.473  -33.603  44.850 0.0000000000
52225  -34.813  -33.645  43.333 0.0000000000
52226  -35.455  -33.526  43.734 0.0000000000
52227  -36.065  -33.424  44.226 0.0000000000
52238  -33.890  -33.639  42.353 0.0000000000
52239  -34.418  -33.535  42.753 0.0000000000
52240  -34.948  -33.352  43.146 0.0000000000
52254  -31.900  -33.365  41.164 0.0000000000
52255  -32.856  -33.539  41.261 0.0000000000
52256  -33.593  -33.465  41.799 0.0000000000
52257  -34.126  -33.385  42.197 0.0000000000
52269  -33.217  -33.382  41.108 0.0000000000
52270  -33.318  -33.497  41.371 0.0000000000
53256  -35.816  -32.591  43.322 0.0000000000
53257  -36.382  -32.791  44.022 0.0000000000
53267  -34.713  -33.057  42.464 0.0000000000
53268  -35.132  -32.753  42.772 0.0000000000
53280  -32.732  -32.566  41.188 0.0000000000
53281  -33.562  -32.617  41.486 0.0000000000
53282  -34.455  -32.761  42.036 0.0000000000
53283  -34.971  -32.185  42.300 0.0000000000
53289  -33.160  -33.019  41.072 0.0000000000
53290  -33.443  -33.192  41.305 0.0000000000
54333  -33.370  -31.681  41.723 0.0000000000
54334  -34.103  -31.818  41.749 0.0000000000
