#!ascii label  , from subject FREESURFER vox2ras=TkReg 
183
79961  -38.372  -6.114  17.284 0.0000000000
80896  -34.533  -5.286  20.507 0.0000000000
80897  -35.562  -5.326  20.165 0.0000000000
80898  -36.106  -4.758  20.156 0.0000000000
80908  -36.603  -5.557  19.538 0.0000000000
80909  -37.701  -5.204  19.128 0.0000000000
80910  -38.244  -4.937  18.962 0.0000000000
80922  -37.356  -5.942  18.573 0.0000000000
80923  -38.499  -5.457  18.123 0.0000000000
80924  -39.131  -4.977  17.875 0.0000000000
80933  -38.756  -5.879  16.930 0.0000000000
80934  -39.405  -5.256  17.206 0.0000000000
80935  -39.996  -5.047  16.950 0.0000000000
80944  -39.276  -5.880  16.358 0.0000000000
80945  -40.190  -5.480  16.334 0.0000000000
80946  -41.172  -5.485  15.825 0.0000000000
81853  -34.078  -4.388  20.886 0.0000000000
81854  -34.926  -4.442  20.591 0.0000000000
81855  -35.603  -4.311  20.390 0.0000000000
81856  -36.068  -4.083  20.246 0.0000000000
81862  -36.556  -4.341  19.998 0.0000000000
81863  -37.236  -4.468  19.666 0.0000000000
81864  -37.999  -4.411  19.399 0.0000000000
81872  -38.583  -4.447  18.919 0.0000000000
81873  -39.140  -4.455  18.361 0.0000000000
81874  -39.645  -4.188  18.085 0.0000000000
81882  -39.481  -4.695  17.816 0.0000000000
81883  -40.048  -4.511  17.520 0.0000000000
81884  -40.654  -4.341  17.169 0.0000000000
81892  -40.386  -4.842  16.863 0.0000000000
81893  -41.069  -4.697  16.473 0.0000000000
81894  -41.730  -4.419  16.064 0.0000000000
81901  -41.520  -4.914  15.707 0.0000000000
81902  -42.157  -4.594  15.421 0.0000000000
81910  -42.763  -4.534  14.891 0.0000000000
81911  -43.257  -4.506  14.549 0.0000000000
82829  -33.741  -3.451  21.103 0.0000000000
82835  -34.562  -3.551  20.782 0.0000000000
82836  -35.197  -3.710  20.545 0.0000000000
82837  -35.736  -3.487  20.338 0.0000000000
82838  -36.316  -3.508  20.119 0.0000000000
82843  -36.863  -3.574  19.840 0.0000000000
82844  -37.549  -3.546  19.577 0.0000000000
82845  -38.301  -3.568  19.288 0.0000000000
82850  -38.914  -3.600  18.875 0.0000000000
82851  -39.441  -3.567  18.463 0.0000000000
82852  -39.970  -3.603  18.061 0.0000000000
82858  -40.533  -3.693  17.655 0.0000000000
82859  -41.099  -3.776  17.203 0.0000000000
82868  -41.631  -3.803  16.663 0.0000000000
82869  -42.217  -3.803  16.122 0.0000000000
82876  -42.786  -3.775  15.432 0.0000000000
82877  -43.274  -3.452  15.044 0.0000000000
82885  -43.108  -4.027  14.835 0.0000000000
82886  -43.657  -3.743  14.541 0.0000000000
82887  -44.297  -3.708  14.068 0.0000000000
82896  -44.896  -3.669  13.707 0.0000000000
82897  -45.580  -3.666  13.351 0.0000000000
82898  -46.129  -3.891  13.049 0.0000000000
82906  -46.040  -3.436  13.052 0.0000000000
82907  -46.607  -3.635  12.838 0.0000000000
83880  -34.216  -2.552  20.816 0.0000000000
83881  -35.153  -2.773  20.435 0.0000000000
83882  -36.056  -2.590  20.013 0.0000000000
83883  -36.550  -3.045  19.918 0.0000000000
83889  -36.366  -1.998  19.550 0.0000000000
83890  -36.961  -2.573  19.565 0.0000000000
83891  -37.908  -2.719  19.315 0.0000000000
83892  -38.581  -2.730  18.993 0.0000000000
83897  -39.119  -2.823  18.692 0.0000000000
83898  -39.658  -2.733  18.347 0.0000000000
83899  -40.293  -2.880  17.956 0.0000000000
83905  -40.865  -2.909  17.604 0.0000000000
83906  -41.439  -2.947  17.194 0.0000000000
83915  -41.981  -2.966  16.707 0.0000000000
83916  -42.568  -2.874  16.139 0.0000000000
83924  -43.160  -2.779  15.500 0.0000000000
83925  -43.680  -2.840  14.974 0.0000000000
83932  -44.203  -2.922  14.536 0.0000000000
83933  -44.711  -2.945  14.091 0.0000000000
83941  -45.204  -2.967  13.684 0.0000000000
83942  -45.692  -2.895  13.287 0.0000000000
83949  -46.233  -2.917  12.967 0.0000000000
83950  -46.893  -2.915  12.797 0.0000000000
83951  -47.679  -2.827  12.561 0.0000000000
84864  -35.468  -2.071  20.113 0.0000000000
84870  -35.798  -1.476  19.610 0.0000000000
84871  -36.750  -1.364  19.080 0.0000000000
84872  -37.742  -1.866  19.075 0.0000000000
84873  -38.282  -2.200  19.009 0.0000000000
84878  -37.050  -0.767  18.547 0.0000000000
84879  -37.628  -1.110  18.510 0.0000000000
84880  -38.832  -1.659  18.367 0.0000000000
84881  -40.065  -2.078  17.995 0.0000000000
84882  -40.533  -2.402  17.726 0.0000000000
84888  -39.223  -1.003  17.550 0.0000000000
84889  -39.848  -1.381  17.594 0.0000000000
84890  -40.937  -1.867  17.293 0.0000000000
84891  -41.591  -2.408  16.978 0.0000000000
84897  -41.377  -1.424  16.645 0.0000000000
84898  -41.986  -1.962  16.613 0.0000000000
84899  -42.701  -1.975  15.884 0.0000000000
84907  -43.442  -1.790  15.056 0.0000000000
84908  -43.944  -2.321  14.720 0.0000000000
84914  -43.600  -1.327  14.449 0.0000000000
84915  -44.315  -1.864  14.206 0.0000000000
84916  -44.846  -2.467  13.860 0.0000000000
84924  -44.610  -1.526  13.543 0.0000000000
84925  -45.126  -2.122  13.486 0.0000000000
84926  -45.827  -2.207  13.107 0.0000000000
84935  -46.394  -2.285  12.923 0.0000000000
84936  -47.014  -2.066  12.747 0.0000000000
84937  -47.899  -1.925  12.429 0.0000000000
84938  -48.874  -1.835  12.222 0.0000000000
85845  -37.443  -0.277  17.968 0.0000000000
85846  -38.113  -0.798  18.050 0.0000000000
85851  -37.836  0.162  17.469 0.0000000000
85852  -38.566  -0.299  17.189 0.0000000000
85853  -39.714  -0.757  16.980 0.0000000000
85854  -40.323  -1.159  17.106 0.0000000000
85859  -38.940  0.286  16.355 0.0000000000
85860  -39.642  -0.050  15.938 0.0000000000
85861  -40.797  -0.800  16.394 0.0000000000
85862  -41.822  -1.171  16.198 0.0000000000
85863  -42.284  -1.527  16.113 0.0000000000
85870  -40.026  0.153  15.126 0.0000000000
85871  -40.698  -0.084  15.081 0.0000000000
85872  -41.769  -0.584  15.430 0.0000000000
85873  -42.532  -1.204  15.572 0.0000000000
85881  -41.105  0.029  14.380 0.0000000000
85882  -41.709  -0.156  14.573 0.0000000000
85883  -42.920  -0.658  14.406 0.0000000000
85884  -43.722  -1.124  14.119 0.0000000000
85891  -43.202  -0.436  13.557 0.0000000000
85892  -43.973  -0.834  13.367 0.0000000000
85893  -44.975  -1.401  13.102 0.0000000000
85894  -45.470  -1.753  13.105 0.0000000000
85901  -44.244  -0.411  12.631 0.0000000000
85902  -44.853  -0.744  12.646 0.0000000000
85903  -45.970  -1.336  12.758 0.0000000000
85904  -47.142  -1.169  12.469 0.0000000000
85905  -48.132  -0.886  12.140 0.0000000000
85906  -48.874  -1.207  11.949 0.0000000000
85913  -48.320  -0.203  11.832 0.0000000000
86795  -37.977  0.666  17.146 0.0000000000
86801  -38.502  0.824  16.514 0.0000000000
86802  -39.074  0.703  15.731 0.0000000000
86808  -39.721  0.557  14.762 0.0000000000
86809  -40.221  0.223  14.743 0.0000000000
86817  -39.996  0.829  13.567 0.0000000000
86818  -40.621  0.309  14.011 0.0000000000
86819  -41.607  0.155  13.909 0.0000000000
86820  -42.229  -0.064  14.093 0.0000000000
86829  -40.100  1.073  12.650 0.0000000000
86830  -40.592  0.639  12.763 0.0000000000
86831  -41.490  0.333  12.979 0.0000000000
86832  -42.592  -0.052  13.329 0.0000000000
86833  -43.338  -0.315  13.161 0.0000000000
86842  -42.425  0.368  12.125 0.0000000000
86843  -43.595  -0.021  12.443 0.0000000000
86844  -44.599  -0.077  12.183 0.0000000000
86845  -45.524  -0.236  12.253 0.0000000000
86846  -46.565  -0.379  12.307 0.0000000000
86847  -47.309  -0.520  12.263 0.0000000000
86854  -43.303  0.423  11.288 0.0000000000
86855  -44.272  0.316  11.474 0.0000000000
86856  -45.144  0.344  11.621 0.0000000000
86857  -46.093  0.414  11.709 0.0000000000
86858  -47.416  0.222  11.929 0.0000000000
86869  -44.927  0.661  10.908 0.0000000000
86870  -45.555  0.715  11.184 0.0000000000
87750  -38.913  1.536  15.988 0.0000000000
87758  -39.346  1.437  15.136 0.0000000000
87766  -39.694  1.443  14.136 0.0000000000
87775  -39.908  1.478  13.217 0.0000000000
87782  -39.975  1.508  12.533 0.0000000000
87790  -45.976  0.858  11.177 0.0000000000
87791  -46.606  1.009  11.273 0.0000000000
87792  -47.700  1.097  11.215 0.0000000000
87803  -45.702  1.250  10.625 0.0000000000
88659  -39.718  2.301  14.669 0.0000000000
88668  -39.976  2.339  13.534 0.0000000000
88676  -39.922  1.910  12.862 0.0000000000
