#!ascii label  , from subject FREESURFER vox2ras=TkReg 
321
9992  -9.462  -78.368  37.034 0.0000000000
10007  -9.803  -78.440  36.784 0.0000000000
10008  -10.353  -78.711  36.359 0.0000000000
10009  -10.957  -78.833  35.669 0.0000000000
10013  -11.672  -78.834  35.153 0.0000000000
10014  -12.375  -78.834  34.678 0.0000000000
10015  -13.125  -78.775  34.206 0.0000000000
10023  -13.612  -78.351  33.864 0.0000000000
10024  -14.181  -78.396  33.604 0.0000000000
10688  -8.642  -77.020  38.441 0.0000000000
10689  -8.992  -77.008  38.701 0.0000000000
10698  -8.710  -77.303  38.046 0.0000000000
10708  -8.835  -77.323  37.600 0.0000000000
10709  -9.287  -77.890  37.496 0.0000000000
10720  -8.936  -77.221  37.325 0.0000000000
10721  -9.370  -77.838  36.944 0.0000000000
10722  -9.797  -77.934  36.452 0.0000000000
10740  -9.886  -78.284  36.527 0.0000000000
10741  -10.319  -78.062  36.003 0.0000000000
10742  -11.165  -78.039  35.368 0.0000000000
10759  -11.961  -78.055  34.916 0.0000000000
10760  -12.578  -77.995  34.501 0.0000000000
10761  -13.209  -77.794  34.136 0.0000000000
10767  -13.786  -77.655  33.681 0.0000000000
10768  -14.474  -77.551  33.215 0.0000000000
10777  -14.953  -77.168  32.771 0.0000000000
11438  -8.082  -75.814  39.246 0.0000000000
11439  -8.351  -75.873  39.207 0.0000000000
11443  -7.647  -75.890  38.862 0.0000000000
11444  -8.090  -76.348  39.017 0.0000000000
11445  -8.884  -76.272  39.042 0.0000000000
11453  -7.850  -76.209  38.467 0.0000000000
11454  -8.338  -76.727  38.430 0.0000000000
11466  -7.955  -76.259  37.994 0.0000000000
11467  -8.288  -76.708  38.004 0.0000000000
11478  -8.070  -76.201  37.841 0.0000000000
11479  -8.494  -76.596  37.620 0.0000000000
11480  -9.119  -76.852  37.017 0.0000000000
11481  -9.813  -77.196  36.384 0.0000000000
11488  -10.751  -77.094  35.817 0.0000000000
11489  -11.766  -76.952  35.178 0.0000000000
11490  -12.202  -76.283  34.949 0.0000000000
11508  -12.236  -77.487  34.755 0.0000000000
11509  -12.664  -76.856  34.581 0.0000000000
11510  -13.427  -76.951  34.058 0.0000000000
11519  -13.913  -76.687  33.544 0.0000000000
11520  -14.503  -76.544  32.981 0.0000000000
11528  -15.101  -76.494  32.463 0.0000000000
12177  -7.540  -75.293  39.052 0.0000000000
12178  -7.782  -75.484  39.207 0.0000000000
12179  -8.156  -75.401  39.336 0.0000000000
12183  -7.517  -75.482  38.888 0.0000000000
12184  -7.662  -75.731  39.042 0.0000000000
12185  -8.699  -75.454  39.284 0.0000000000
12186  -9.412  -75.535  39.063 0.0000000000
12191  -7.535  -75.500  38.625 0.0000000000
12200  -7.612  -75.623  38.133 0.0000000000
12201  -7.936  -75.445  37.810 0.0000000000
12202  -8.385  -75.391  37.580 0.0000000000
12213  -7.866  -75.941  37.874 0.0000000000
12214  -8.202  -75.935  37.681 0.0000000000
12215  -8.864  -75.858  37.292 0.0000000000
12216  -9.595  -76.081  36.715 0.0000000000
12227  -10.343  -76.115  36.222 0.0000000000
12228  -11.152  -75.953  35.731 0.0000000000
12229  -11.848  -75.715  35.247 0.0000000000
12244  -12.465  -75.635  34.806 0.0000000000
12245  -13.286  -75.677  34.173 0.0000000000
12256  -7.654  -75.187  33.104 0.0000000000
12257  -8.011  -75.274  33.141 0.0000000000
12258  -14.043  -75.642  33.386 0.0000000000
12259  -14.657  -75.621  32.780 0.0000000000
12270  -7.705  -75.183  32.397 0.0000000000
12272  -15.247  -75.609  32.204 0.0000000000
12281  -7.906  -75.165  31.317 0.0000000000
12294  -7.929  -75.168  30.144 0.0000000000
12982  -7.488  -74.712  39.130 0.0000000000
12983  -7.793  -74.719  39.356 0.0000000000
12984  -8.384  -74.706  39.421 0.0000000000
12988  -7.354  -74.804  38.830 0.0000000000
12989  -9.114  -74.693  39.328 0.0000000000
12995  -7.383  -74.741  38.389 0.0000000000
13003  -7.639  -74.746  37.909 0.0000000000
13004  -8.232  -74.765  37.651 0.0000000000
13005  -8.840  -74.900  37.392 0.0000000000
13013  -9.492  -75.102  37.009 0.0000000000
13014  -10.060  -75.309  36.567 0.0000000000
13024  -10.672  -75.047  36.167 0.0000000000
13025  -11.380  -74.839  35.662 0.0000000000
13026  -12.028  -74.703  35.175 0.0000000000
13038  -12.628  -74.612  34.670 0.0000000000
13039  -13.081  -74.409  34.237 0.0000000000
13050  -7.445  -74.827  33.413 0.0000000000
13051  -7.898  -75.000  33.428 0.0000000000
13052  -13.640  -74.609  33.781 0.0000000000
13053  -14.240  -74.674  33.181 0.0000000000
13064  -7.151  -74.825  33.023 0.0000000000
13067  -14.869  -74.700  32.649 0.0000000000
13079  -7.436  -74.463  32.105 0.0000000000
13096  -7.912  -74.410  30.653 0.0000000000
13097  -8.107  -73.923  30.187 0.0000000000
13111  -7.514  -74.609  29.373 0.0000000000
13112  -7.974  -74.163  29.844 0.0000000000
13845  -7.014  -73.432  39.109 0.0000000000
13846  -7.364  -73.892  39.237 0.0000000000
13847  -7.949  -73.938  39.453 0.0000000000
13848  -8.661  -73.945  39.435 0.0000000000
13852  -6.822  -73.300  38.802 0.0000000000
13853  -7.109  -74.004  39.002 0.0000000000
13854  -9.346  -73.836  39.330 0.0000000000
13855  -9.993  -73.582  39.133 0.0000000000
13859  -6.820  -73.119  38.247 0.0000000000
13860  -7.165  -73.900  38.616 0.0000000000
13865  -6.921  -72.978  37.856 0.0000000000
13866  -7.336  -73.679  38.021 0.0000000000
13867  -8.037  -74.015  37.669 0.0000000000
13868  -8.710  -74.094  37.486 0.0000000000
13875  -9.331  -74.269  37.245 0.0000000000
13876  -10.066  -74.240  36.739 0.0000000000
13884  -10.899  -73.942  36.124 0.0000000000
13885  -11.583  -73.804  35.569 0.0000000000
13886  -12.167  -73.715  35.065 0.0000000000
13897  -12.695  -73.608  34.588 0.0000000000
13898  -13.241  -73.585  34.095 0.0000000000
13907  -7.232  -74.208  33.484 0.0000000000
13908  -7.712  -74.378  33.642 0.0000000000
13909  -13.869  -73.670  33.588 0.0000000000
13910  -14.515  -73.772  33.102 0.0000000000
13923  -6.818  -73.979  32.980 0.0000000000
13924  -8.304  -74.383  33.412 0.0000000000
13941  -7.247  -73.479  32.290 0.0000000000
13957  -7.710  -73.612  31.418 0.0000000000
13958  -8.137  -73.437  30.516 0.0000000000
13972  -7.702  -73.898  29.408 0.0000000000
13973  -8.123  -73.440  29.743 0.0000000000
13986  -7.157  -73.764  28.893 0.0000000000
13987  -7.774  -73.329  29.190 0.0000000000
14673  -7.118  -73.318  39.207 0.0000000000
14674  -7.457  -73.257  39.382 0.0000000000
14675  -8.284  -73.169  39.511 0.0000000000
14676  -8.886  -73.422  39.432 0.0000000000
14688  -6.896  -72.740  39.085 0.0000000000
14689  -7.619  -72.572  39.369 0.0000000000
14690  -8.346  -72.428  39.404 0.0000000000
14691  -9.210  -72.833  39.337 0.0000000000
14692  -10.142  -72.716  38.980 0.0000000000
14693  -10.832  -72.618  38.579 0.0000000000
14698  -6.594  -72.529  38.377 0.0000000000
14705  -6.631  -72.420  37.455 0.0000000000
14706  -7.282  -72.825  37.416 0.0000000000
14707  -8.054  -73.234  37.460 0.0000000000
14708  -8.503  -73.603  37.468 0.0000000000
14714  -6.580  -72.205  36.270 0.0000000000
14715  -7.145  -72.458  36.584 0.0000000000
14716  -8.193  -72.414  36.835 0.0000000000
14717  -9.208  -73.183  37.112 0.0000000000
14718  -10.304  -73.066  36.471 0.0000000000
14725  -6.669  -72.167  35.443 0.0000000000
14726  -7.054  -72.509  35.637 0.0000000000
14727  -7.847  -72.113  35.961 0.0000000000
14728  -11.160  -72.890  35.993 0.0000000000
14729  -11.770  -72.901  35.420 0.0000000000
14730  -12.274  -72.780  35.009 0.0000000000
14739  -6.697  -72.119  35.101 0.0000000000
14740  -7.037  -72.476  34.687 0.0000000000
14741  -7.908  -72.416  34.946 0.0000000000
14742  -8.591  -72.266  34.744 0.0000000000
14743  -12.796  -72.630  34.506 0.0000000000
14744  -13.457  -72.646  33.961 0.0000000000
14753  -7.024  -73.243  33.650 0.0000000000
14754  -7.717  -73.414  34.076 0.0000000000
14755  -8.631  -72.575  34.304 0.0000000000
14770  -6.902  -72.928  32.931 0.0000000000
14771  -8.103  -73.945  33.740 0.0000000000
14772  -8.848  -73.285  33.428 0.0000000000
14790  -7.373  -72.643  32.223 0.0000000000
14791  -7.712  -72.407  31.733 0.0000000000
14811  -7.588  -72.959  31.742 0.0000000000
14812  -8.126  -72.589  31.127 0.0000000000
14833  -8.385  -72.371  29.992 0.0000000000
14849  -7.581  -72.710  28.824 0.0000000000
14850  -8.094  -72.724  29.296 0.0000000000
15561  -6.866  -72.283  38.886 0.0000000000
15562  -7.162  -72.142  39.025 0.0000000000
15563  -7.907  -71.887  39.203 0.0000000000
15564  -8.795  -71.850  39.180 0.0000000000
15565  -9.668  -71.924  38.971 0.0000000000
15566  -10.365  -71.974  38.716 0.0000000000
15579  -6.727  -71.924  38.575 0.0000000000
15580  -7.419  -71.481  38.689 0.0000000000
15581  -8.324  -71.197  38.779 0.0000000000
15582  -9.273  -71.134  38.733 0.0000000000
15583  -10.160  -71.169  38.676 0.0000000000
15584  -11.033  -71.510  38.462 0.0000000000
15591  -6.220  -71.696  37.844 0.0000000000
15597  -6.201  -71.673  36.846 0.0000000000
15598  -8.685  -72.007  36.090 0.0000000000
15599  -9.300  -72.282  36.366 0.0000000000
15600  -9.813  -72.585  36.481 0.0000000000
15606  -6.475  -71.634  35.785 0.0000000000
15607  -6.730  -71.261  35.370 0.0000000000
15608  -8.619  -72.019  35.401 0.0000000000
15609  -9.418  -71.821  35.639 0.0000000000
15610  -10.377  -72.046  35.958 0.0000000000
15611  -11.431  -72.105  35.544 0.0000000000
15612  -11.928  -72.316  35.294 0.0000000000
15619  -6.558  -71.968  35.294 0.0000000000
15620  -6.757  -71.756  34.895 0.0000000000
15621  -8.590  -72.136  34.959 0.0000000000
15622  -9.288  -71.771  34.690 0.0000000000
15623  -10.159  -71.442  35.107 0.0000000000
15624  -11.090  -71.357  35.192 0.0000000000
15625  -12.121  -71.682  34.999 0.0000000000
15634  -6.921  -72.137  33.772 0.0000000000
15635  -9.578  -72.012  33.695 0.0000000000
15650  -7.475  -71.845  32.602 0.0000000000
15651  -8.033  -71.168  32.119 0.0000000000
15667  -7.597  -72.144  32.029 0.0000000000
15668  -7.997  -71.707  31.666 0.0000000000
15683  -8.514  -71.394  30.713 0.0000000000
15684  -8.760  -70.759  30.289 0.0000000000
15705  -8.604  -71.168  29.834 0.0000000000
15706  -8.871  -70.497  29.890 0.0000000000
15727  -7.236  -71.762  28.566 0.0000000000
15728  -8.228  -71.695  29.031 0.0000000000
16442  -6.440  -71.431  38.158 0.0000000000
16443  -6.833  -71.124  38.265 0.0000000000
16444  -7.765  -70.544  38.321 0.0000000000
16445  -8.862  -70.381  38.476 0.0000000000
16446  -9.819  -70.282  38.526 0.0000000000
16447  -10.730  -70.315  38.547 0.0000000000
16448  -11.541  -70.471  38.226 0.0000000000
16460  -6.331  -71.077  37.900 0.0000000000
16461  -6.928  -70.507  37.658 0.0000000000
16462  -7.824  -69.938  37.714 0.0000000000
16470  -6.070  -70.936  37.285 0.0000000000
16471  -6.709  -70.417  36.781 0.0000000000
16478  -6.248  -71.033  36.477 0.0000000000
16479  -6.766  -70.701  35.835 0.0000000000
16486  -7.135  -70.842  35.000 0.0000000000
16487  -7.547  -70.507  34.494 0.0000000000
16488  -9.729  -71.520  34.438 0.0000000000
16489  -10.019  -71.347  34.450 0.0000000000
16490  -10.757  -70.984  34.463 0.0000000000
16500  -7.261  -71.197  34.227 0.0000000000
16501  -7.776  -70.470  33.790 0.0000000000
16502  -9.790  -71.506  34.195 0.0000000000
16516  -7.461  -71.276  33.416 0.0000000000
16517  -8.077  -70.683  32.739 0.0000000000
16534  -8.635  -70.469  31.546 0.0000000000
16535  -9.065  -69.785  31.082 0.0000000000
16551  -8.748  -70.676  30.721 0.0000000000
16552  -9.015  -70.110  30.444 0.0000000000
17336  -8.584  -69.748  38.039 0.0000000000
17337  -9.460  -69.604  38.258 0.0000000000
17338  -10.364  -69.247  38.363 0.0000000000
17339  -11.310  -69.405  38.359 0.0000000000
17340  -12.021  -69.550  37.987 0.0000000000
17355  -7.472  -69.780  37.103 0.0000000000
17356  -8.462  -69.234  37.335 0.0000000000
17357  -9.281  -69.103  37.818 0.0000000000
17358  -9.820  -69.067  38.120 0.0000000000
17372  -7.328  -69.874  36.242 0.0000000000
17373  -8.049  -69.270  36.589 0.0000000000
17381  -7.456  -70.133  35.387 0.0000000000
17382  -7.943  -69.395  35.703 0.0000000000
17391  -7.546  -70.301  34.875 0.0000000000
17392  -7.978  -69.748  34.635 0.0000000000
17400  -8.594  -69.624  33.400 0.0000000000
17401  -9.119  -69.071  33.043 0.0000000000
17408  -8.633  -69.990  32.427 0.0000000000
17409  -8.995  -69.423  32.508 0.0000000000
17422  -8.825  -69.783  32.015 0.0000000000
17423  -9.159  -69.366  31.675 0.0000000000
18248  -10.538  -68.714  38.197 0.0000000000
18249  -11.022  -68.514  38.198 0.0000000000
18250  -12.032  -68.500  38.193 0.0000000000
18251  -12.761  -68.182  37.769 0.0000000000
18264  -8.725  -68.843  37.167 0.0000000000
18265  -9.109  -68.572  37.261 0.0000000000
18266  -10.182  -68.457  37.830 0.0000000000
18267  -11.000  -67.890  37.826 0.0000000000
18268  -12.502  -68.869  37.777 0.0000000000
18282  -8.614  -68.755  36.868 0.0000000000
18283  -9.004  -68.191  36.527 0.0000000000
18299  -8.453  -68.704  36.108 0.0000000000
18300  -8.921  -68.154  35.656 0.0000000000
18315  -8.443  -68.826  35.193 0.0000000000
18316  -9.006  -68.319  34.758 0.0000000000
18324  -8.629  -68.975  34.328 0.0000000000
18325  -9.209  -68.502  33.701 0.0000000000
18331  -9.444  -68.634  32.540 0.0000000000
19183  -11.686  -67.601  37.937 0.0000000000
19184  -12.585  -67.553  37.921 0.0000000000
19204  -9.750  -67.816  36.959 0.0000000000
19205  -10.748  -67.390  37.339 0.0000000000
19206  -11.255  -67.442  37.688 0.0000000000
19220  -9.445  -67.534  36.092 0.0000000000
19221  -10.226  -67.030  36.494 0.0000000000
19237  -9.383  -67.644  35.178 0.0000000000
19238  -9.903  -66.918  35.506 0.0000000000
19252  -9.401  -67.873  34.434 0.0000000000
19253  -9.695  -67.215  34.574 0.0000000000
19261  -9.592  -67.685  33.926 0.0000000000
19262  -9.937  -67.069  33.763 0.0000000000
19267  -9.724  -67.820  33.173 0.0000000000
20137  -11.811  -67.153  37.820 0.0000000000
20138  -12.208  -66.971  37.828 0.0000000000
20139  -13.172  -66.634  37.843 0.0000000000
20158  -11.085  -66.987  37.291 0.0000000000
20159  -11.542  -66.913  37.497 0.0000000000
20160  -12.502  -66.103  37.394 0.0000000000
20179  -10.987  -66.717  36.915 0.0000000000
20180  -11.666  -66.045  36.701 0.0000000000
20181  -12.277  -65.757  36.865 0.0000000000
20197  -10.800  -66.132  35.927 0.0000000000
20198  -11.386  -65.846  36.163 0.0000000000
20216  -10.278  -66.370  34.663 0.0000000000
21166  -11.702  -65.725  36.227 0.0000000000
21180  -11.054  -65.798  35.607 0.0000000000
21187  -10.965  -65.737  35.149 0.0000000000
