#!ascii label  , from subject FREESURFER vox2ras=TkReg 
277
8062  -7.598  -81.030  12.309 0.0000000000
8063  -7.990  -80.910  12.243 0.0000000000
8074  -5.186  -81.425  11.247 0.0000000000
8075  -5.946  -81.580  11.546 0.0000000000
8076  -6.981  -81.494  11.871 0.0000000000
8077  -8.145  -81.250  11.796 0.0000000000
8078  -9.118  -81.028  11.364 0.0000000000
8079  -9.645  -80.896  11.159 0.0000000000
8084  -4.753  -81.589  10.515 0.0000000000
8085  -5.630  -81.966  10.747 0.0000000000
8086  -6.588  -81.967  10.906 0.0000000000
8087  -7.606  -81.857  10.957 0.0000000000
8088  -8.635  -81.597  10.795 0.0000000000
8760  -5.779  -80.358  12.514 0.0000000000
8761  -6.854  -80.683  12.701 0.0000000000
8762  -7.970  -80.419  12.551 0.0000000000
8763  -8.505  -80.056  12.522 0.0000000000
8775  -4.629  -80.639  11.206 0.0000000000
8776  -5.387  -80.907  11.858 0.0000000000
8777  -6.154  -81.079  12.181 0.0000000000
8778  -8.225  -80.787  12.192 0.0000000000
8779  -8.757  -80.439  12.077 0.0000000000
8780  -9.726  -80.457  11.508 0.0000000000
8781  -10.246  -80.443  11.153 0.0000000000
8788  -4.161  -80.823  10.205 0.0000000000
8789  -9.995  -80.759  11.049 0.0000000000
9541  -7.551  -79.348  13.606 0.0000000000
9542  -7.954  -79.217  13.876 0.0000000000
9556  -5.372  -79.426  12.635 0.0000000000
9557  -6.269  -79.696  13.016 0.0000000000
9558  -7.317  -79.840  13.197 0.0000000000
9559  -8.505  -79.530  13.073 0.0000000000
9560  -9.404  -79.218  12.925 0.0000000000
9569  -4.438  -79.643  11.506 0.0000000000
9570  -5.011  -80.020  12.010 0.0000000000
9571  -8.827  -79.880  12.451 0.0000000000
9572  -9.622  -79.646  12.273 0.0000000000
9573  -10.657  -79.901  11.327 0.0000000000
9582  -4.106  -79.810  10.738 0.0000000000
10260  -7.261  -78.907  13.929 0.0000000000
10261  -7.787  -78.851  14.227 0.0000000000
10276  -5.092  -78.608  12.604 0.0000000000
10277  -5.729  -78.784  13.112 0.0000000000
10278  -6.675  -79.034  13.523 0.0000000000
10279  -8.537  -79.020  13.941 0.0000000000
10280  -9.289  -78.937  13.421 0.0000000000
10290  -4.054  -78.770  11.426 0.0000000000
10291  -4.725  -79.051  12.079 0.0000000000
10292  -10.132  -78.844  12.858 0.0000000000
10293  -10.952  -79.028  11.903 0.0000000000
11017  -6.306  -78.050  14.131 0.0000000000
11018  -6.910  -78.367  14.299 0.0000000000
11019  -8.229  -78.433  14.396 0.0000000000
11020  -9.188  -78.260  14.278 0.0000000000
11034  -5.111  -77.944  12.983 0.0000000000
11035  -5.981  -78.090  13.720 0.0000000000
11036  -6.674  -78.619  13.891 0.0000000000
11037  -9.115  -78.698  14.045 0.0000000000
11038  -9.910  -78.421  13.636 0.0000000000
11039  -10.609  -78.233  13.324 0.0000000000
11050  -3.887  -77.643  11.743 0.0000000000
11051  -4.572  -77.976  12.232 0.0000000000
11052  -10.491  -78.473  13.135 0.0000000000
11053  -11.159  -78.323  12.622 0.0000000000
11062  -11.849  -78.176  11.158 0.0000000000
11063  -12.189  -77.666  10.577 0.0000000000
11074  -11.961  -78.334  10.426 0.0000000000
11715  -6.844  -76.387  15.222 0.0000000000
11716  -7.899  -76.480  15.681 0.0000000000
11717  -9.037  -76.268  15.678 0.0000000000
11718  -9.954  -75.856  15.469 0.0000000000
11719  -10.325  -75.468  15.235 0.0000000000
11738  -6.634  -77.007  14.717 0.0000000000
11739  -7.677  -77.112  14.999 0.0000000000
11740  -8.841  -77.078  15.073 0.0000000000
11741  -9.949  -76.705  14.978 0.0000000000
11742  -10.833  -75.879  14.859 0.0000000000
11743  -11.351  -75.498  14.471 0.0000000000
11759  -5.603  -76.969  13.907 0.0000000000
11760  -6.216  -77.572  14.268 0.0000000000
11761  -7.335  -77.779  14.695 0.0000000000
11762  -8.546  -77.784  14.689 0.0000000000
11763  -9.856  -77.688  14.261 0.0000000000
11764  -10.879  -76.920  14.151 0.0000000000
11765  -11.763  -75.985  13.937 0.0000000000
11766  -12.380  -75.672  13.371 0.0000000000
11781  -4.518  -76.613  12.882 0.0000000000
11782  -5.051  -76.929  13.241 0.0000000000
11783  -5.655  -77.388  13.788 0.0000000000
11784  -10.355  -78.071  13.681 0.0000000000
11785  -10.894  -77.746  13.421 0.0000000000
11786  -11.606  -77.036  13.209 0.0000000000
11787  -12.422  -76.389  12.869 0.0000000000
11788  -13.091  -76.107  12.277 0.0000000000
11796  -3.571  -76.793  12.049 0.0000000000
11797  -4.256  -76.864  12.498 0.0000000000
11798  -4.769  -77.374  12.676 0.0000000000
11799  -11.516  -77.650  12.677 0.0000000000
11800  -12.040  -77.212  12.262 0.0000000000
11801  -12.667  -76.751  11.800 0.0000000000
11802  -13.404  -76.245  11.455 0.0000000000
11810  -11.810  -77.787  11.971 0.0000000000
11811  -12.189  -77.350  11.194 0.0000000000
11812  -12.881  -76.821  10.799 0.0000000000
11813  -13.699  -76.330  10.521 0.0000000000
11814  -14.210  -76.151  10.196 0.0000000000
11829  -12.453  -77.247  10.171 0.0000000000
11830  -13.078  -76.732  9.796 0.0000000000
11831  -13.783  -76.311  9.599 0.0000000000
11832  -14.361  -76.152  9.890 0.0000000000
11849  -12.676  -77.151  9.040 0.0000000000
11850  -13.315  -76.485  8.843 0.0000000000
11851  -13.624  -76.280  9.071 0.0000000000
12461  -7.026  -75.081  15.980 0.0000000000
12462  -7.324  -75.082  16.073 0.0000000000
12478  -4.584  -74.982  14.767 0.0000000000
12479  -5.051  -75.108  14.942 0.0000000000
12480  -5.977  -75.562  15.242 0.0000000000
12481  -7.017  -75.569  15.843 0.0000000000
12482  -8.101  -75.500  16.157 0.0000000000
12483  -9.187  -75.309  15.911 0.0000000000
12484  -9.928  -75.061  15.520 0.0000000000
12500  -4.737  -75.186  14.405 0.0000000000
12501  -5.302  -75.667  14.467 0.0000000000
12502  -6.056  -76.248  14.574 0.0000000000
12503  -10.523  -74.990  15.106 0.0000000000
12504  -11.059  -74.999  14.696 0.0000000000
12518  -3.774  -75.569  13.435 0.0000000000
12519  -4.628  -75.634  13.806 0.0000000000
12520  -5.391  -76.290  13.887 0.0000000000
12521  -5.936  -76.800  14.286 0.0000000000
12522  -11.610  -74.971  14.307 0.0000000000
12523  -12.280  -74.835  13.713 0.0000000000
12539  -3.539  -76.100  12.588 0.0000000000
12540  -4.400  -76.149  12.911 0.0000000000
12541  -4.965  -76.131  13.338 0.0000000000
12542  -12.934  -75.280  12.880 0.0000000000
12543  -13.576  -75.371  12.020 0.0000000000
12554  -3.859  -76.416  12.316 0.0000000000
12555  -4.017  -76.312  12.499 0.0000000000
12556  -14.170  -75.509  11.135 0.0000000000
12557  -14.672  -75.078  10.886 0.0000000000
12568  -14.220  -75.932  10.552 0.0000000000
12569  -14.799  -75.596  10.275 0.0000000000
12570  -15.427  -75.245  9.910 0.0000000000
12590  -13.834  -76.263  9.171 0.0000000000
12591  -14.387  -76.126  9.375 0.0000000000
12592  -15.424  -75.695  9.285 0.0000000000
12614  -13.518  -76.401  8.572 0.0000000000
12615  -13.809  -76.277  8.707 0.0000000000
12616  -14.688  -76.205  8.561 0.0000000000
12635  -13.593  -76.433  8.142 0.0000000000
12636  -14.120  -76.154  7.803 0.0000000000
13303  -3.786  -74.122  15.903 0.0000000000
13304  -4.751  -74.121  15.758 0.0000000000
13305  -5.762  -74.313  15.905 0.0000000000
13306  -6.793  -74.593  16.009 0.0000000000
13307  -7.637  -74.613  16.170 0.0000000000
13317  -3.282  -74.579  15.279 0.0000000000
13318  -4.299  -74.664  15.185 0.0000000000
13319  -5.356  -74.778  15.507 0.0000000000
13320  -6.291  -74.981  15.773 0.0000000000
13321  -6.788  -75.061  15.924 0.0000000000
13322  -8.462  -74.575  16.109 0.0000000000
13323  -9.298  -74.368  15.791 0.0000000000
13324  -10.045  -74.270  15.348 0.0000000000
13334  -3.622  -74.965  14.606 0.0000000000
13335  -4.258  -75.056  14.531 0.0000000000
13336  -10.696  -74.172  14.845 0.0000000000
13337  -11.167  -74.396  14.443 0.0000000000
13350  -3.362  -75.177  13.995 0.0000000000
13351  -3.979  -75.223  14.067 0.0000000000
13352  -4.417  -75.222  14.175 0.0000000000
13353  -10.960  -73.819  14.383 0.0000000000
13354  -11.547  -73.999  14.080 0.0000000000
13355  -12.120  -73.788  13.599 0.0000000000
13370  -12.721  -73.926  13.014 0.0000000000
13371  -13.378  -74.290  12.354 0.0000000000
13385  -13.938  -74.412  11.673 0.0000000000
13386  -14.425  -74.414  11.131 0.0000000000
13400  -14.932  -74.488  10.685 0.0000000000
13401  -15.397  -74.614  10.194 0.0000000000
13419  -15.893  -74.800  9.629 0.0000000000
14186  -4.223  -73.461  16.115 0.0000000000
14187  -5.212  -73.569  15.860 0.0000000000
14188  -6.228  -73.767  16.041 0.0000000000
14189  -7.178  -73.861  16.142 0.0000000000
14190  -7.900  -74.025  16.145 0.0000000000
14200  -7.673  -73.518  16.007 0.0000000000
14201  -8.444  -73.613  15.885 0.0000000000
14202  -9.406  -73.459  15.427 0.0000000000
14203  -10.128  -73.607  15.076 0.0000000000
14210  -9.786  -73.084  14.931 0.0000000000
14211  -10.413  -73.257  14.572 0.0000000000
14218  -10.975  -73.201  14.070 0.0000000000
14219  -11.515  -73.116  13.507 0.0000000000
14220  -12.131  -73.217  13.153 0.0000000000
14234  -11.746  -72.773  12.968 0.0000000000
14235  -12.328  -72.854  12.524 0.0000000000
14236  -12.961  -73.420  12.313 0.0000000000
14253  -12.822  -72.883  11.956 0.0000000000
14254  -13.410  -73.342  11.745 0.0000000000
14255  -13.993  -73.476  11.207 0.0000000000
14270  -14.566  -73.495  10.748 0.0000000000
14271  -15.162  -73.593  10.280 0.0000000000
14297  -15.753  -73.765  9.728 0.0000000000
15043  -3.776  -72.675  16.463 0.0000000000
15044  -4.685  -72.691  15.846 0.0000000000
15045  -5.742  -73.045  15.854 0.0000000000
15046  -6.709  -73.222  15.945 0.0000000000
15047  -7.275  -73.337  15.994 0.0000000000
15065  -4.874  -72.336  15.604 0.0000000000
15066  -5.334  -72.427  15.578 0.0000000000
15067  -6.327  -72.560  15.638 0.0000000000
15068  -7.514  -72.783  15.709 0.0000000000
15069  -8.550  -72.865  15.366 0.0000000000
15070  -9.246  -72.783  15.061 0.0000000000
15077  -8.002  -72.336  15.219 0.0000000000
15078  -8.717  -72.209  14.975 0.0000000000
15079  -9.706  -72.412  14.542 0.0000000000
15080  -10.414  -72.685  14.118 0.0000000000
15087  -10.172  -72.111  13.920 0.0000000000
15088  -10.822  -72.490  13.594 0.0000000000
15089  -11.310  -72.527  13.134 0.0000000000
15098  -10.438  -71.870  13.460 0.0000000000
15099  -10.926  -72.002  13.071 0.0000000000
15100  -11.585  -72.202  12.687 0.0000000000
15101  -12.130  -72.142  12.323 0.0000000000
15116  -12.540  -72.311  11.951 0.0000000000
15117  -13.009  -72.417  11.479 0.0000000000
15118  -13.555  -72.773  11.202 0.0000000000
15138  -13.427  -72.055  11.021 0.0000000000
15139  -14.050  -72.541  10.714 0.0000000000
15140  -14.698  -72.646  10.210 0.0000000000
15169  -15.380  -72.711  9.735 0.0000000000
15890  -3.958  -71.985  15.944 0.0000000000
15911  -3.509  -71.133  15.383 0.0000000000
15912  -4.684  -71.869  15.356 0.0000000000
15913  -5.813  -71.958  15.164 0.0000000000
15914  -6.870  -72.142  15.141 0.0000000000
15915  -7.510  -72.239  15.197 0.0000000000
15928  -4.261  -70.974  14.788 0.0000000000
15929  -5.296  -71.273  14.657 0.0000000000
15930  -6.440  -71.417  14.673 0.0000000000
15931  -7.697  -71.670  14.817 0.0000000000
15932  -8.983  -71.413  14.452 0.0000000000
15933  -9.735  -71.790  14.203 0.0000000000
15941  -9.252  -70.887  14.034 0.0000000000
15942  -9.833  -71.315  13.747 0.0000000000
15954  -10.453  -71.348  13.094 0.0000000000
15955  -11.048  -71.467  12.618 0.0000000000
15956  -11.809  -71.458  12.180 0.0000000000
15957  -12.318  -71.834  12.043 0.0000000000
15974  -12.081  -71.071  11.766 0.0000000000
15975  -12.523  -71.560  11.542 0.0000000000
15976  -13.002  -71.839  11.250 0.0000000000
15993  -12.619  -71.046  11.205 0.0000000000
15994  -13.066  -71.284  10.957 0.0000000000
15995  -13.777  -71.498  10.452 0.0000000000
15996  -14.302  -71.941  10.184 0.0000000000
16778  -5.909  -70.585  14.102 0.0000000000
16779  -7.123  -70.748  14.324 0.0000000000
16780  -8.044  -70.898  14.443 0.0000000000
16795  -7.772  -70.410  14.111 0.0000000000
16796  -8.582  -70.496  13.996 0.0000000000
16797  -9.373  -70.510  13.628 0.0000000000
16808  -9.936  -70.592  13.166 0.0000000000
16809  -10.577  -70.634  12.643 0.0000000000
16810  -11.166  -70.938  12.285 0.0000000000
16830  -10.951  -70.398  12.209 0.0000000000
16831  -11.568  -70.592  11.874 0.0000000000
16832  -12.230  -70.714  11.385 0.0000000000
17662  -6.737  -69.953  14.013 0.0000000000
17663  -7.354  -70.175  14.093 0.0000000000
17681  -7.679  -69.816  13.566 0.0000000000
17682  -8.892  -69.893  13.378 0.0000000000
17683  -9.497  -70.141  13.203 0.0000000000
