#!ascii label  , from subject FREESURFER vox2ras=TkReg 
209
41692  -15.191  -43.557  63.004 0.0000000000
41695  -15.397  -43.563  62.105 0.0000000000
41701  -15.615  -43.576  61.313 0.0000000000
41709  -15.911  -43.516  60.621 0.0000000000
41710  -16.197  -43.437  59.825 0.0000000000
42576  -15.028  -42.217  65.193 0.0000000000
42580  -15.071  -42.615  64.503 0.0000000000
42583  -15.243  -42.719  63.563 0.0000000000
42590  -15.490  -42.664  62.633 0.0000000000
42591  -15.892  -42.282  62.086 0.0000000000
42600  -15.636  -42.877  61.746 0.0000000000
42601  -16.084  -42.403  61.420 0.0000000000
42608  -15.863  -42.985  61.116 0.0000000000
42609  -16.249  -42.637  60.556 0.0000000000
42614  -16.582  -42.453  59.507 0.0000000000
42615  -17.067  -41.970  58.902 0.0000000000
43551  -14.578  -41.423  65.640 0.0000000000
43555  -15.051  -41.546  65.424 0.0000000000
43556  -15.576  -41.258  65.026 0.0000000000
43559  -15.348  -41.802  64.811 0.0000000000
43560  -15.893  -41.337  64.457 0.0000000000
43561  -16.383  -41.166  64.060 0.0000000000
43567  -15.479  -41.980  64.047 0.0000000000
43568  -15.997  -41.563  63.672 0.0000000000
43569  -16.632  -41.181  63.412 0.0000000000
43570  -17.122  -40.950  63.073 0.0000000000
43571  -21.186  -39.767  62.571 0.0000000000
43572  -21.400  -39.725  62.507 0.0000000000
43581  -15.632  -42.125  63.328 0.0000000000
43582  -16.082  -41.811  62.789 0.0000000000
43583  -16.772  -41.303  62.568 0.0000000000
43584  -17.462  -40.987  62.501 0.0000000000
43585  -21.312  -39.895  62.402 0.0000000000
43586  -21.699  -39.832  62.281 0.0000000000
43592  -16.394  -41.821  61.949 0.0000000000
43593  -17.043  -41.363  61.781 0.0000000000
43594  -17.853  -41.063  61.709 0.0000000000
43595  -21.493  -40.105  62.142 0.0000000000
43596  -21.815  -40.102  62.026 0.0000000000
43602  -16.598  -41.891  61.146 0.0000000000
43603  -17.300  -41.437  60.919 0.0000000000
43604  -18.245  -41.028  60.765 0.0000000000
43613  -16.761  -41.929  60.366 0.0000000000
43614  -17.385  -41.522  59.810 0.0000000000
43615  -18.511  -41.085  59.615 0.0000000000
43616  -19.102  -41.030  59.132 0.0000000000
43627  -17.730  -41.482  58.778 0.0000000000
43628  -18.603  -41.127  58.516 0.0000000000
43629  -19.110  -41.020  58.754 0.0000000000
44529  -15.177  -40.728  65.415 0.0000000000
44530  -16.061  -40.031  65.267 0.0000000000
44531  -16.436  -39.750  65.202 0.0000000000
44534  -15.480  -41.038  65.263 0.0000000000
44535  -16.054  -40.710  64.919 0.0000000000
44536  -16.951  -39.944  64.879 0.0000000000
44537  -17.923  -39.502  64.360 0.0000000000
44538  -18.438  -39.238  64.134 0.0000000000
44539  -20.133  -39.009  63.377 0.0000000000
44540  -20.367  -39.029  63.276 0.0000000000
44546  -16.357  -41.002  64.458 0.0000000000
44547  -16.876  -40.666  64.119 0.0000000000
44548  -17.826  -40.039  64.052 0.0000000000
44549  -18.818  -39.445  63.759 0.0000000000
44550  -19.913  -39.298  63.303 0.0000000000
44551  -20.821  -39.094  63.085 0.0000000000
44552  -21.514  -38.978  62.944 0.0000000000
44561  -17.090  -40.852  63.512 0.0000000000
44562  -17.590  -40.569  63.298 0.0000000000
44563  -18.509  -40.055  63.164 0.0000000000
44564  -19.582  -39.807  62.968 0.0000000000
44565  -20.828  -39.734  62.702 0.0000000000
44566  -21.723  -39.386  62.647 0.0000000000
44567  -22.339  -39.398  62.514 0.0000000000
44574  -18.228  -40.628  62.492 0.0000000000
44575  -19.118  -40.270  62.401 0.0000000000
44576  -20.109  -40.154  62.308 0.0000000000
44577  -20.962  -40.151  62.194 0.0000000000
44578  -22.084  -39.781  62.232 0.0000000000
44583  -13.873  -40.767  61.766 0.0000000000
44584  -14.243  -40.399  61.364 0.0000000000
44585  -18.684  -40.720  61.728 0.0000000000
44586  -19.524  -40.480  61.726 0.0000000000
44587  -20.388  -40.424  61.657 0.0000000000
44588  -21.310  -40.363  61.677 0.0000000000
44589  -22.130  -40.219  61.675 0.0000000000
44596  -14.112  -40.887  61.001 0.0000000000
44597  -14.436  -40.515  60.592 0.0000000000
44598  -19.008  -40.629  61.130 0.0000000000
44599  -19.686  -40.595  60.965 0.0000000000
44600  -20.534  -40.576  60.837 0.0000000000
44601  -21.465  -40.547  60.795 0.0000000000
44610  -18.992  -40.754  60.467 0.0000000000
44611  -19.585  -40.751  59.949 0.0000000000
44612  -20.618  -40.671  59.853 0.0000000000
44625  -19.109  -40.980  58.510 0.0000000000
44626  -19.673  -40.899  58.877 0.0000000000
44627  -20.745  -40.637  58.841 0.0000000000
44643  -19.130  -40.896  58.094 0.0000000000
44644  -19.922  -40.691  57.965 0.0000000000
45603  -14.626  -40.313  65.434 0.0000000000
45604  -15.447  -39.893  65.341 0.0000000000
45605  -16.094  -39.610  65.294 0.0000000000
45606  -16.586  -39.586  65.006 0.0000000000
45610  -17.329  -39.402  64.603 0.0000000000
45611  -18.151  -39.099  64.307 0.0000000000
45612  -18.973  -38.968  64.001 0.0000000000
45613  -19.860  -38.807  63.549 0.0000000000
45614  -20.635  -38.724  63.314 0.0000000000
45622  -14.253  -39.652  64.551 0.0000000000
45623  -19.447  -39.079  63.655 0.0000000000
45624  -19.803  -39.026  63.506 0.0000000000
45625  -21.326  -38.711  63.148 0.0000000000
45626  -21.977  -38.799  62.986 0.0000000000
45627  -22.494  -38.798  62.996 0.0000000000
45634  -14.331  -39.496  63.570 0.0000000000
45635  -22.329  -39.072  62.763 0.0000000000
45640  -13.978  -40.118  62.710 0.0000000000
45641  -14.484  -39.524  62.567 0.0000000000
45648  -14.206  -40.088  61.973 0.0000000000
45649  -14.598  -39.744  61.509 0.0000000000
45656  -14.896  -39.749  60.477 0.0000000000
45657  -15.319  -39.494  60.107 0.0000000000
45665  -15.565  -39.534  59.467 0.0000000000
46653  -14.981  -39.731  65.297 0.0000000000
46654  -15.575  -39.419  65.316 0.0000000000
46655  -16.217  -39.306  65.079 0.0000000000
46656  -16.829  -39.306  64.699 0.0000000000
46662  -14.921  -39.370  65.110 0.0000000000
46663  -15.669  -38.994  64.931 0.0000000000
46664  -16.626  -38.813  64.563 0.0000000000
46665  -17.641  -38.831  64.432 0.0000000000
46666  -18.636  -38.638  64.201 0.0000000000
46667  -19.467  -38.538  63.799 0.0000000000
46668  -20.330  -38.445  63.489 0.0000000000
46669  -21.087  -38.406  63.343 0.0000000000
46676  -14.938  -39.041  64.358 0.0000000000
46677  -15.803  -38.571  64.035 0.0000000000
46678  -16.692  -38.275  64.093 0.0000000000
46679  -21.697  -38.399  63.287 0.0000000000
46680  -22.296  -38.432  63.218 0.0000000000
46686  -14.923  -38.873  63.331 0.0000000000
46687  -15.575  -38.469  62.946 0.0000000000
46694  -14.908  -38.930  62.266 0.0000000000
46695  -15.545  -38.648  61.982 0.0000000000
46702  -14.988  -39.034  61.305 0.0000000000
46703  -15.595  -38.832  61.156 0.0000000000
46709  -15.263  -39.179  60.669 0.0000000000
46710  -15.778  -39.043  60.307 0.0000000000
46711  -16.203  -38.806  59.993 0.0000000000
46717  -15.959  -39.083  59.396 0.0000000000
46718  -16.402  -38.738  59.391 0.0000000000
46729  -16.087  -39.036  58.579 0.0000000000
46730  -16.716  -38.721  58.591 0.0000000000
46731  -17.182  -38.466  58.256 0.0000000000
47662  -17.454  -38.264  64.273 0.0000000000
47663  -18.372  -38.232  64.262 0.0000000000
47664  -19.210  -38.243  63.927 0.0000000000
47665  -20.042  -38.097  63.594 0.0000000000
47666  -21.011  -38.048  63.478 0.0000000000
47667  -21.422  -38.205  63.420 0.0000000000
47672  -16.353  -38.136  63.405 0.0000000000
47673  -17.194  -37.923  63.704 0.0000000000
47674  -18.101  -37.837  63.886 0.0000000000
47675  -19.019  -37.906  63.816 0.0000000000
47676  -19.869  -37.958  63.570 0.0000000000
47677  -20.846  -37.850  63.414 0.0000000000
47678  -21.786  -38.036  63.427 0.0000000000
47684  -16.108  -38.131  62.457 0.0000000000
47685  -16.888  -37.911  62.814 0.0000000000
47686  -17.784  -37.824  63.063 0.0000000000
47687  -18.758  -37.724  63.197 0.0000000000
47688  -19.724  -37.617  63.264 0.0000000000
47689  -20.396  -37.638  63.346 0.0000000000
47697  -16.022  -38.399  61.606 0.0000000000
47698  -16.629  -38.099  61.903 0.0000000000
47699  -17.418  -37.898  62.117 0.0000000000
47700  -18.357  -37.733  62.272 0.0000000000
47701  -19.519  -37.513  62.386 0.0000000000
47702  -20.061  -37.292  61.993 0.0000000000
47709  -15.984  -38.634  60.955 0.0000000000
47710  -16.428  -38.424  61.116 0.0000000000
47711  -17.054  -38.120  61.203 0.0000000000
47712  -17.861  -37.857  61.303 0.0000000000
47713  -18.803  -37.669  61.362 0.0000000000
47714  -19.797  -37.508  61.325 0.0000000000
47715  -20.611  -37.425  61.013 0.0000000000
47722  -16.194  -38.652  60.545 0.0000000000
47723  -16.668  -38.492  60.317 0.0000000000
47724  -17.380  -38.059  60.381 0.0000000000
47725  -18.201  -37.852  60.410 0.0000000000
47726  -19.098  -37.712  60.382 0.0000000000
47727  -19.991  -37.581  60.275 0.0000000000
47736  -16.997  -38.384  59.513 0.0000000000
47737  -17.637  -37.996  59.525 0.0000000000
47738  -18.436  -37.840  59.460 0.0000000000
47739  -19.318  -37.727  59.405 0.0000000000
47740  -20.219  -37.714  59.336 0.0000000000
47755  -17.232  -38.276  58.875 0.0000000000
47756  -17.746  -38.017  58.529 0.0000000000
47757  -18.634  -37.806  58.499 0.0000000000
47758  -19.517  -37.745  58.454 0.0000000000
47775  -18.024  -37.983  57.590 0.0000000000
47776  -18.834  -37.793  57.566 0.0000000000
48708  -21.665  -37.698  63.303 0.0000000000
48715  -20.369  -37.429  63.075 0.0000000000
48716  -21.102  -37.382  63.150 0.0000000000
48724  -20.045  -37.411  62.860 0.0000000000
48725  -20.540  -37.273  62.457 0.0000000000
48733  -20.433  -37.318  61.714 0.0000000000
