#!ascii label  , from subject FREESURFER vox2ras=TkReg 
135
57957  -21.777  -28.427  -12.685 0.0000000000
57975  -21.055  -28.003  -13.284 0.0000000000
57976  -21.828  -27.871  -13.181 0.0000000000
58932  -22.432  -28.042  -12.924 0.0000000000
58933  -23.219  -27.909  -12.831 0.0000000000
58951  -21.388  -27.375  -13.589 0.0000000000
58952  -22.449  -27.431  -13.356 0.0000000000
58953  -23.554  -27.292  -13.254 0.0000000000
58954  -24.594  -27.199  -13.151 0.0000000000
58955  -25.617  -27.229  -13.212 0.0000000000
58956  -26.616  -27.281  -13.336 0.0000000000
58957  -27.628  -27.250  -13.405 0.0000000000
58958  -28.643  -27.055  -13.399 0.0000000000
58959  -29.457  -26.759  -13.321 0.0000000000
59978  -30.281  -26.803  -12.922 0.0000000000
59979  -31.279  -26.785  -12.607 0.0000000000
59993  -21.797  -26.722  -13.872 0.0000000000
59994  -22.865  -26.674  -13.727 0.0000000000
59995  -23.940  -26.620  -13.644 0.0000000000
59996  -24.986  -26.596  -13.611 0.0000000000
59997  -25.996  -26.608  -13.661 0.0000000000
59998  -26.972  -26.608  -13.763 0.0000000000
59999  -27.926  -26.487  -13.822 0.0000000000
60000  -28.919  -26.106  -13.876 0.0000000000
60001  -29.906  -26.111  -13.470 0.0000000000
60002  -30.876  -26.131  -13.168 0.0000000000
60018  -22.190  -26.038  -14.251 0.0000000000
60019  -23.274  -25.986  -14.132 0.0000000000
60020  -24.353  -25.988  -14.064 0.0000000000
60021  -25.382  -25.996  -14.060 0.0000000000
60022  -26.364  -25.987  -14.093 0.0000000000
60023  -27.297  -25.948  -14.163 0.0000000000
60024  -28.111  -25.848  -14.186 0.0000000000
61014  -29.054  -25.624  -14.086 0.0000000000
61015  -29.527  -25.443  -13.956 0.0000000000
61016  -30.511  -25.442  -13.611 0.0000000000
61017  -31.494  -25.482  -13.380 0.0000000000
61028  -22.579  -25.279  -14.699 0.0000000000
61029  -23.741  -25.309  -14.465 0.0000000000
61030  -24.793  -25.334  -14.400 0.0000000000
61031  -25.791  -25.349  -14.413 0.0000000000
61032  -26.747  -25.322  -14.429 0.0000000000
61033  -27.680  -25.251  -14.433 0.0000000000
61034  -28.732  -25.237  -14.298 0.0000000000
61035  -29.483  -24.768  -14.285 0.0000000000
61041  -22.452  -24.663  -15.224 0.0000000000
62004  -30.228  -24.755  -14.023 0.0000000000
62005  -31.165  -24.756  -13.731 0.0000000000
62006  -32.154  -24.845  -13.572 0.0000000000
62015  -23.250  -24.671  -14.944 0.0000000000
62016  -24.239  -24.641  -14.724 0.0000000000
62017  -25.249  -24.655  -14.679 0.0000000000
62018  -26.222  -24.660  -14.693 0.0000000000
62019  -27.138  -24.615  -14.691 0.0000000000
62020  -28.078  -24.401  -14.706 0.0000000000
62021  -29.035  -24.232  -14.573 0.0000000000
62022  -29.919  -24.049  -14.396 0.0000000000
62023  -30.863  -24.023  -14.134 0.0000000000
62024  -31.850  -24.062  -13.874 0.0000000000
62032  -22.823  -24.151  -15.476 0.0000000000
62033  -23.740  -24.060  -15.225 0.0000000000
62034  -24.723  -23.987  -15.044 0.0000000000
62035  -25.726  -24.002  -15.046 0.0000000000
62036  -26.685  -24.007  -15.042 0.0000000000
62037  -27.437  -24.020  -14.969 0.0000000000
63032  -27.957  -23.733  -15.094 0.0000000000
63033  -28.610  -23.653  -14.942 0.0000000000
63034  -29.484  -23.274  -14.909 0.0000000000
63035  -30.528  -23.239  -14.521 0.0000000000
63036  -31.547  -23.271  -14.279 0.0000000000
63037  -32.545  -23.403  -14.112 0.0000000000
63047  -23.232  -23.489  -15.671 0.0000000000
63048  -24.196  -23.396  -15.517 0.0000000000
63049  -25.207  -23.337  -15.430 0.0000000000
63050  -26.239  -23.355  -15.467 0.0000000000
63051  -27.338  -23.323  -15.370 0.0000000000
63052  -28.305  -23.144  -15.332 0.0000000000
63053  -28.875  -23.194  -15.216 0.0000000000
64008  -29.703  -22.693  -15.265 0.0000000000
64009  -30.256  -22.628  -15.016 0.0000000000
64010  -31.283  -22.390  -14.773 0.0000000000
64011  -32.259  -22.624  -14.480 0.0000000000
64012  -33.182  -22.787  -14.412 0.0000000000
64022  -23.648  -22.854  -16.020 0.0000000000
64023  -24.646  -22.761  -15.937 0.0000000000
64024  -25.681  -22.684  -15.873 0.0000000000
64025  -26.748  -22.574  -15.794 0.0000000000
64026  -27.958  -22.308  -15.790 0.0000000000
64027  -29.075  -22.579  -15.496 0.0000000000
64028  -29.980  -22.246  -15.517 0.0000000000
64029  -30.699  -22.083  -15.248 0.0000000000
64040  -25.068  -22.063  -16.342 0.0000000000
64041  -26.126  -21.962  -16.271 0.0000000000
64042  -27.122  -21.824  -16.160 0.0000000000
64043  -27.770  -21.647  -16.112 0.0000000000
65056  -31.607  -21.991  -14.977 0.0000000000
65057  -32.025  -21.986  -14.857 0.0000000000
65058  -32.910  -22.002  -14.629 0.0000000000
65064  -28.749  -21.956  -15.809 0.0000000000
65065  -29.470  -21.623  -15.822 0.0000000000
65066  -30.460  -21.496  -15.545 0.0000000000
65067  -31.471  -21.549  -15.147 0.0000000000
65068  -32.535  -21.305  -14.931 0.0000000000
65069  -33.512  -21.334  -14.941 0.0000000000
65081  -25.490  -21.260  -16.762 0.0000000000
65082  -26.569  -21.210  -16.536 0.0000000000
65083  -27.489  -21.118  -16.336 0.0000000000
65084  -28.473  -21.265  -16.117 0.0000000000
65085  -29.362  -20.820  -16.096 0.0000000000
65095  -25.394  -20.552  -17.101 0.0000000000
66166  -30.082  -20.793  -15.817 0.0000000000
66167  -31.021  -20.553  -15.501 0.0000000000
66168  -32.108  -20.537  -15.198 0.0000000000
66169  -33.130  -20.523  -15.115 0.0000000000
66180  -26.110  -20.583  -16.882 0.0000000000
66181  -27.003  -20.384  -16.712 0.0000000000
66182  -27.977  -20.319  -16.506 0.0000000000
66183  -28.932  -20.201  -16.384 0.0000000000
66184  -29.796  -20.111  -16.136 0.0000000000
66185  -30.432  -20.102  -15.811 0.0000000000
66195  -26.411  -19.998  -16.985 0.0000000000
67337  -30.942  -19.751  -15.690 0.0000000000
67338  -31.741  -19.640  -15.476 0.0000000000
67339  -32.769  -19.742  -15.317 0.0000000000
67340  -33.670  -19.795  -15.345 0.0000000000
67357  -27.536  -19.679  -16.861 0.0000000000
67359  -29.506  -19.333  -16.513 0.0000000000
67360  -30.467  -19.370  -16.150 0.0000000000
67361  -31.193  -19.208  -15.818 0.0000000000
68370  -31.727  -18.881  -15.721 0.0000000000
68371  -32.480  -18.951  -15.499 0.0000000000
68372  -33.396  -19.082  -15.431 0.0000000000
68388  -31.157  -18.507  -16.217 0.0000000000
68389  -32.121  -18.264  -15.893 0.0000000000
68390  -33.095  -18.269  -15.618 0.0000000000
