#!ascii label  , from subject FREESURFER vox2ras=TkReg 
229
77880  -43.305  -8.713  38.877 0.0000000000
77881  -43.751  -8.771  39.255 0.0000000000
77893  -41.973  -8.850  38.367 0.0000000000
77894  -42.677  -9.004  38.492 0.0000000000
78841  -43.943  -8.008  39.690 0.0000000000
78842  -44.404  -7.839  40.405 0.0000000000
78860  -43.017  -8.092  38.876 0.0000000000
78861  -43.497  -8.051  39.253 0.0000000000
78873  -41.742  -8.271  38.182 0.0000000000
78874  -42.368  -8.027  38.510 0.0000000000
78882  -41.284  -7.935  37.629 0.0000000000
78883  -41.916  -7.561  38.065 0.0000000000
78894  -40.852  -7.576  37.147 0.0000000000
79799  -43.628  -7.516  39.620 0.0000000000
79800  -43.935  -6.820  40.056 0.0000000000
79801  -44.580  -6.616  40.695 0.0000000000
79813  -42.726  -7.492  38.856 0.0000000000
79814  -43.169  -6.867  39.346 0.0000000000
79815  -43.753  -6.240  39.717 0.0000000000
79822  -42.489  -6.798  38.391 0.0000000000
79823  -42.894  -6.213  38.825 0.0000000000
79830  -41.234  -7.281  37.236 0.0000000000
79831  -41.758  -6.849  37.446 0.0000000000
79840  -40.913  -6.807  36.702 0.0000000000
79841  -41.635  -6.008  36.736 0.0000000000
79849  -40.227  -6.332  34.229 0.0000000000
79852  -40.730  -6.016  33.193 0.0000000000
79853  -41.241  -5.699  32.914 0.0000000000
79856  -40.439  -6.342  32.337 0.0000000000
79857  -41.266  -5.805  32.442 0.0000000000
79862  -40.625  -6.290  31.523 0.0000000000
79863  -41.453  -5.810  31.595 0.0000000000
79864  -42.007  -5.584  31.281 0.0000000000
79869  -41.336  -5.938  31.004 0.0000000000
79870  -41.987  -5.660  31.033 0.0000000000
79879  -41.916  -5.637  30.637 0.0000000000
80755  -45.338  -5.639  41.242 0.0000000000
80756  -45.657  -5.123  41.441 0.0000000000
80760  -44.488  -6.023  40.311 0.0000000000
80761  -45.162  -5.330  40.691 0.0000000000
80762  -45.761  -4.771  40.997 0.0000000000
80767  -43.627  -5.951  39.456 0.0000000000
80768  -44.333  -5.385  39.734 0.0000000000
80769  -45.015  -4.836  40.099 0.0000000000
80777  -42.793  -5.957  38.414 0.0000000000
80778  -43.466  -5.415  38.727 0.0000000000
80779  -44.206  -4.858  39.089 0.0000000000
80788  -42.514  -5.482  37.551 0.0000000000
80789  -43.206  -4.879  37.952 0.0000000000
80796  -40.436  -6.403  35.921 0.0000000000
80797  -40.968  -5.747  36.003 0.0000000000
80798  -41.851  -5.049  36.030 0.0000000000
80801  -40.566  -5.975  35.077 0.0000000000
80802  -41.286  -5.131  34.856 0.0000000000
80803  -41.738  -4.704  35.227 0.0000000000
80805  -40.909  -5.716  34.046 0.0000000000
80806  -41.386  -5.179  33.699 0.0000000000
80808  -41.211  -5.603  33.316 0.0000000000
80809  -41.621  -5.214  32.823 0.0000000000
80810  -42.125  -4.930  32.266 0.0000000000
80812  -41.846  -5.402  32.011 0.0000000000
80813  -42.463  -5.036  31.715 0.0000000000
80814  -42.912  -4.852  31.313 0.0000000000
80818  -42.062  -5.458  31.508 0.0000000000
80819  -42.469  -5.313  31.173 0.0000000000
80820  -43.188  -4.921  30.873 0.0000000000
80821  -43.781  -4.780  30.581 0.0000000000
80823  -42.540  -5.384  30.685 0.0000000000
80824  -43.251  -5.122  30.357 0.0000000000
81717  -45.980  -4.234  41.866 0.0000000000
81719  -45.807  -4.439  40.712 0.0000000000
81720  -46.146  -4.132  41.121 0.0000000000
81727  -45.100  -4.461  39.707 0.0000000000
81728  -45.618  -4.277  40.150 0.0000000000
81729  -46.270  -3.787  40.456 0.0000000000
81738  -44.189  -4.505  38.669 0.0000000000
81739  -44.856  -4.129  39.094 0.0000000000
81740  -45.807  -3.825  39.405 0.0000000000
81741  -46.316  -3.602  39.824 0.0000000000
81749  -43.117  -4.486  37.434 0.0000000000
81750  -43.818  -4.167  37.961 0.0000000000
81751  -44.568  -3.876  38.400 0.0000000000
81753  -42.783  -4.123  36.416 0.0000000000
81754  -43.457  -3.866  37.108 0.0000000000
81757  -41.778  -4.535  34.684 0.0000000000
81758  -42.221  -4.231  35.186 0.0000000000
81760  -41.706  -4.635  33.927 0.0000000000
81761  -42.093  -4.106  34.114 0.0000000000
81763  -41.702  -4.800  33.317 0.0000000000
81764  -42.231  -4.275  32.907 0.0000000000
81765  -42.917  -3.896  32.540 0.0000000000
81767  -42.471  -4.619  32.117 0.0000000000
81768  -43.140  -4.218  31.818 0.0000000000
81769  -43.929  -3.959  31.601 0.0000000000
81773  -43.333  -4.620  31.215 0.0000000000
81774  -44.118  -4.387  31.059 0.0000000000
81775  -45.364  -3.988  30.742 0.0000000000
81776  -46.483  -3.692  30.547 0.0000000000
81780  -44.211  -4.635  30.540 0.0000000000
81781  -44.782  -4.489  30.424 0.0000000000
82649  -46.181  -3.426  42.330 0.0000000000
82651  -46.529  -3.275  41.545 0.0000000000
82652  -46.879  -2.850  41.035 0.0000000000
82656  -46.676  -3.320  40.785 0.0000000000
82657  -47.054  -2.791  40.519 0.0000000000
82673  -46.876  -3.141  40.031 0.0000000000
82674  -47.205  -2.642  40.020 0.0000000000
82692  -45.235  -3.459  38.390 0.0000000000
82693  -45.919  -3.354  38.692 0.0000000000
82694  -46.743  -2.996  39.091 0.0000000000
82695  -47.179  -2.625  39.509 0.0000000000
82710  -44.119  -3.463  37.167 0.0000000000
82711  -44.851  -3.246  37.700 0.0000000000
82712  -46.000  -2.892  37.853 0.0000000000
82713  -46.613  -2.776  38.300 0.0000000000
82724  -43.286  -3.612  35.851 0.0000000000
82725  -43.783  -3.410  36.309 0.0000000000
82726  -44.905  -2.921  36.560 0.0000000000
82727  -45.682  -2.753  37.108 0.0000000000
82739  -42.993  -3.707  35.267 0.0000000000
82740  -43.679  -3.273  35.353 0.0000000000
82741  -44.511  -2.911  35.581 0.0000000000
82750  -42.685  -3.748  34.315 0.0000000000
82751  -43.400  -3.271  34.398 0.0000000000
82752  -44.244  -2.838  34.629 0.0000000000
82758  -42.494  -3.870  33.628 0.0000000000
82759  -43.144  -3.609  33.234 0.0000000000
82760  -44.024  -2.916  33.546 0.0000000000
82761  -48.055  -2.812  32.810 0.0000000000
82762  -48.380  -2.698  33.133 0.0000000000
82764  -43.331  -3.729  32.418 0.0000000000
82765  -44.209  -3.317  32.247 0.0000000000
82766  -45.517  -2.924  31.853 0.0000000000
82767  -46.731  -2.779  31.819 0.0000000000
82768  -47.818  -3.042  32.034 0.0000000000
82769  -48.835  -2.940  32.524 0.0000000000
82775  -44.287  -3.845  31.511 0.0000000000
82776  -44.925  -3.642  31.368 0.0000000000
82777  -46.071  -3.367  31.185 0.0000000000
82778  -47.245  -3.247  31.139 0.0000000000
82779  -48.468  -3.464  31.125 0.0000000000
83665  -45.850  -2.130  42.630 0.0000000000
83666  -46.365  -2.410  42.170 0.0000000000
83678  -46.723  -2.388  41.441 0.0000000000
83679  -46.990  -2.324  40.884 0.0000000000
83693  -47.229  -2.260  40.348 0.0000000000
83717  -47.393  -2.195  39.700 0.0000000000
83737  -47.150  -2.406  38.261 0.0000000000
83738  -47.560  -2.116  38.706 0.0000000000
83739  -47.890  -1.675  38.250 0.0000000000
83748  -46.465  -2.542  37.053 0.0000000000
83749  -47.069  -2.444  37.484 0.0000000000
83750  -47.685  -2.037  37.642 0.0000000000
83751  -47.986  -1.694  37.772 0.0000000000
83760  -45.365  -2.572  35.696 0.0000000000
83761  -46.135  -2.431  36.239 0.0000000000
83762  -47.174  -2.308  36.462 0.0000000000
83763  -47.845  -2.006  36.700 0.0000000000
83764  -48.217  -1.662  36.900 0.0000000000
83774  -45.171  -2.526  34.880 0.0000000000
83775  -46.108  -2.266  35.163 0.0000000000
83776  -47.078  -2.162  35.456 0.0000000000
83777  -47.936  -2.008  35.687 0.0000000000
83778  -48.556  -1.685  35.843 0.0000000000
83789  -44.902  -2.467  33.927 0.0000000000
83790  -45.910  -2.309  34.200 0.0000000000
83791  -46.929  -2.181  34.409 0.0000000000
83792  -47.890  -2.126  34.595 0.0000000000
83793  -48.656  -2.019  34.820 0.0000000000
83803  -44.724  -2.731  33.005 0.0000000000
83804  -45.596  -2.475  33.294 0.0000000000
83805  -46.644  -2.421  33.471 0.0000000000
83806  -47.741  -2.460  33.540 0.0000000000
83807  -48.694  -2.424  33.575 0.0000000000
83814  -44.657  -2.882  32.569 0.0000000000
83815  -45.124  -2.702  32.545 0.0000000000
83816  -46.173  -2.565  32.594 0.0000000000
83817  -47.246  -2.679  32.717 0.0000000000
83818  -49.002  -2.719  33.072 0.0000000000
84699  -45.132  -1.249  42.481 0.0000000000
84700  -45.816  -1.476  42.290 0.0000000000
84701  -46.349  -1.632  41.689 0.0000000000
84710  -46.720  -1.785  41.191 0.0000000000
84711  -46.980  -1.680  40.738 0.0000000000
84719  -43.088  -0.905  40.916 0.0000000000
84720  -47.280  -1.639  40.168 0.0000000000
84727  -42.748  -1.222  40.326 0.0000000000
84728  -43.224  -0.728  40.112 0.0000000000
84729  -43.472  -0.318  39.674 0.0000000000
84730  -47.566  -1.542  39.462 0.0000000000
84744  -47.869  -1.415  38.682 0.0000000000
84745  -48.178  -1.368  37.993 0.0000000000
84757  -48.370  -1.334  37.232 0.0000000000
85657  -43.924  -0.839  42.132 0.0000000000
85658  -44.601  -0.819  42.217 0.0000000000
85659  -45.314  -0.809  41.992 0.0000000000
85660  -45.870  -1.013  41.734 0.0000000000
85670  -43.540  -0.709  41.542 0.0000000000
85671  -44.239  -0.255  41.334 0.0000000000
85672  -44.965  -0.280  41.545 0.0000000000
85673  -45.604  -0.466  41.467 0.0000000000
85674  -46.377  -0.886  41.106 0.0000000000
85675  -46.921  -1.126  40.548 0.0000000000
85683  -43.627  -0.395  40.819 0.0000000000
85684  -44.025  0.053  40.516 0.0000000000
85685  -46.714  -0.571  40.556 0.0000000000
85686  -47.176  -0.851  40.076 0.0000000000
85693  -43.693  -0.236  40.203 0.0000000000
85694  -43.857  0.187  39.749 0.0000000000
85695  -47.502  -0.745  39.261 0.0000000000
85703  -47.886  -0.633  38.295 0.0000000000
85704  -48.370  -0.947  37.628 0.0000000000
86571  -44.421  0.193  40.606 0.0000000000
86572  -44.805  0.140  40.882 0.0000000000
86573  -45.396  0.014  41.032 0.0000000000
86574  -45.845  -0.260  41.056 0.0000000000
86579  -44.289  0.465  40.022 0.0000000000
86580  -44.707  0.638  40.164 0.0000000000
86581  -45.260  0.542  40.505 0.0000000000
86582  -46.171  0.155  40.486 0.0000000000
86583  -46.825  -0.287  40.334 0.0000000000
86588  -44.022  0.905  39.349 0.0000000000
86589  -44.421  0.957  39.672 0.0000000000
86590  -46.533  0.666  39.631 0.0000000000
86591  -47.040  -0.060  39.911 0.0000000000
86599  -47.171  0.147  38.962 0.0000000000
87506  -45.077  0.994  39.970 0.0000000000
87507  -45.578  0.902  39.997 0.0000000000
87508  -46.018  0.799  39.903 0.0000000000
