#!ascii label  , from subject FREESURFER vox2ras=TkReg 
176
87804  -46.896  1.653  10.644 0.0000000000
87818  -45.568  1.648  10.178 0.0000000000
88680  -44.489  2.952  12.624 0.0000000000
88692  -44.827  2.952  11.835 0.0000000000
88702  -45.033  2.791  10.885 0.0000000000
88711  -45.224  2.407  10.257 0.0000000000
88712  -45.997  2.101  10.113 0.0000000000
88713  -47.312  2.541  10.369 0.0000000000
88727  -45.085  1.817  10.004 0.0000000000
88728  -45.426  1.787  10.025 0.0000000000
89562  -45.389  3.946  15.946 0.0000000000
89563  -45.803  4.081  16.025 0.0000000000
89569  -44.225  3.718  14.935 0.0000000000
89570  -44.985  3.677  15.283 0.0000000000
89571  -46.004  3.953  15.448 0.0000000000
89572  -46.527  4.268  15.215 0.0000000000
89580  -43.834  3.627  14.239 0.0000000000
89581  -44.747  3.413  14.230 0.0000000000
89582  -45.729  3.654  14.352 0.0000000000
89583  -46.474  4.126  14.618 0.0000000000
89591  -44.281  3.178  13.404 0.0000000000
89592  -45.420  3.284  12.958 0.0000000000
89593  -46.632  4.034  13.417 0.0000000000
89594  -47.155  4.434  12.922 0.0000000000
89603  -45.743  3.348  11.484 0.0000000000
89604  -46.552  3.861  12.158 0.0000000000
89605  -46.959  4.270  12.580 0.0000000000
89617  -45.869  3.122  10.523 0.0000000000
89618  -46.804  3.871  10.939 0.0000000000
89619  -47.514  4.264  10.702 0.0000000000
89630  -45.924  2.693  10.252 0.0000000000
89631  -46.605  3.058  10.293 0.0000000000
89632  -47.784  3.726  10.365 0.0000000000
90440  -43.692  5.093  16.915 0.0000000000
90441  -44.165  4.893  17.012 0.0000000000
90442  -45.058  4.810  17.115 0.0000000000
90443  -45.959  4.991  17.168 0.0000000000
90452  -43.692  4.774  16.406 0.0000000000
90453  -44.527  4.217  16.207 0.0000000000
90454  -45.628  4.400  16.494 0.0000000000
90455  -46.514  4.888  16.584 0.0000000000
90456  -47.091  5.125  16.200 0.0000000000
90463  -42.774  4.988  15.017 0.0000000000
90464  -43.434  4.366  15.286 0.0000000000
90465  -44.254  3.899  15.475 0.0000000000
90466  -46.159  4.292  16.108 0.0000000000
90467  -46.698  4.542  15.749 0.0000000000
90468  -47.359  5.188  15.476 0.0000000000
90475  -42.789  4.855  14.360 0.0000000000
90476  -43.153  4.124  14.005 0.0000000000
90477  -46.943  4.589  14.976 0.0000000000
90478  -47.526  5.118  14.490 0.0000000000
90488  -47.027  4.491  14.201 0.0000000000
90489  -47.471  4.813  13.412 0.0000000000
90497  -46.984  4.333  12.155 0.0000000000
90498  -47.479  4.781  12.258 0.0000000000
90499  -48.048  5.214  11.681 0.0000000000
90505  -47.060  4.334  11.692 0.0000000000
90506  -47.581  4.677  11.196 0.0000000000
90507  -48.424  5.283  11.029 0.0000000000
90515  -47.950  4.589  10.630 0.0000000000
91355  -44.175  5.949  18.090 0.0000000000
91356  -45.030  6.137  18.143 0.0000000000
91357  -45.989  6.352  18.063 0.0000000000
91358  -46.450  6.663  17.755 0.0000000000
91368  -43.024  5.582  17.130 0.0000000000
91369  -43.647  5.514  17.433 0.0000000000
91370  -44.591  5.413  17.637 0.0000000000
91371  -45.581  5.527  17.683 0.0000000000
91372  -46.701  6.000  17.243 0.0000000000
91373  -47.342  6.491  16.810 0.0000000000
91382  -42.814  5.541  16.507 0.0000000000
91383  -43.332  5.252  16.759 0.0000000000
91384  -46.963  5.469  16.599 0.0000000000
91385  -47.518  5.951  16.274 0.0000000000
91394  -42.737  5.370  15.580 0.0000000000
91395  -43.187  5.046  16.119 0.0000000000
91396  -48.099  6.101  14.997 0.0000000000
91397  -48.591  6.738  14.663 0.0000000000
91405  -42.607  5.607  14.708 0.0000000000
91406  -48.074  5.723  13.782 0.0000000000
91407  -48.574  6.527  14.030 0.0000000000
91416  -42.564  5.664  13.762 0.0000000000
91417  -48.068  5.484  12.749 0.0000000000
91418  -48.555  6.303  13.037 0.0000000000
91426  -48.050  5.374  12.130 0.0000000000
91427  -48.508  5.996  11.938 0.0000000000
92210  -41.741  6.848  18.086 0.0000000000
92211  -42.254  6.651  18.146 0.0000000000
92212  -43.280  6.325  18.196 0.0000000000
92213  -44.415  6.793  18.478 0.0000000000
92214  -45.424  7.077  18.402 0.0000000000
92215  -46.290  7.204  18.097 0.0000000000
92224  -41.730  6.636  17.527 0.0000000000
92225  -42.428  6.021  17.273 0.0000000000
92226  -43.066  5.816  17.545 0.0000000000
92227  -46.805  7.104  17.577 0.0000000000
92228  -47.293  7.026  17.110 0.0000000000
92238  -41.702  6.536  16.578 0.0000000000
92239  -42.268  6.033  16.112 0.0000000000
92240  -47.834  6.989  16.539 0.0000000000
92241  -48.379  7.240  16.085 0.0000000000
92251  -41.799  6.699  15.538 0.0000000000
92252  -42.351  6.205  15.182 0.0000000000
92253  -48.122  6.666  15.855 0.0000000000
92254  -48.644  7.069  15.302 0.0000000000
92262  -42.015  6.816  14.804 0.0000000000
92263  -42.350  6.485  14.279 0.0000000000
92264  -49.018  7.136  14.368 0.0000000000
92265  -49.553  7.269  13.912 0.0000000000
92274  -49.069  6.948  13.432 0.0000000000
92283  -49.120  6.739  12.493 0.0000000000
93104  -40.626  7.760  19.139 0.0000000000
93105  -41.409  7.831  19.306 0.0000000000
93106  -42.310  7.918  19.377 0.0000000000
93116  -40.176  7.531  18.347 0.0000000000
93117  -40.962  7.392  18.532 0.0000000000
93118  -41.802  7.262  18.617 0.0000000000
93119  -42.755  7.200  18.864 0.0000000000
93120  -43.771  7.412  18.904 0.0000000000
93121  -44.857  7.944  18.958 0.0000000000
93122  -46.004  7.981  18.665 0.0000000000
93123  -47.079  7.995  18.058 0.0000000000
93124  -47.800  8.303  17.965 0.0000000000
93132  -39.939  7.530  17.270 0.0000000000
93133  -40.633  7.254  17.636 0.0000000000
93134  -41.283  6.985  17.942 0.0000000000
93135  -47.304  7.499  17.502 0.0000000000
93136  -48.076  7.817  17.262 0.0000000000
93137  -48.742  8.187  16.935 0.0000000000
93138  -50.174  8.225  16.888 0.0000000000
93146  -39.893  7.790  16.309 0.0000000000
93147  -40.511  7.401  16.621 0.0000000000
93148  -41.139  6.968  17.050 0.0000000000
93149  -48.317  7.502  16.524 0.0000000000
93150  -48.916  7.908  16.173 0.0000000000
93151  -49.823  8.169  16.277 0.0000000000
93160  -39.866  8.038  15.747 0.0000000000
93161  -40.442  7.812  15.518 0.0000000000
93162  -41.161  7.160  15.984 0.0000000000
93163  -49.270  7.535  15.005 0.0000000000
93164  -49.716  7.881  15.355 0.0000000000
93173  -40.715  7.992  14.822 0.0000000000
93174  -41.391  7.502  14.621 0.0000000000
93175  -42.006  7.038  14.381 0.0000000000
93176  -49.409  7.449  14.419 0.0000000000
93186  -41.771  7.842  13.493 0.0000000000
93187  -42.115  7.235  13.806 0.0000000000
94028  -38.572  7.902  18.422 0.0000000000
94029  -39.338  7.669  17.925 0.0000000000
94032  -46.638  8.901  18.908 0.0000000000
94033  -47.788  8.772  18.597 0.0000000000
94034  -48.787  8.729  18.475 0.0000000000
94035  -49.637  8.578  18.189 0.0000000000
94036  -50.117  8.367  17.742 0.0000000000
94043  -38.607  8.058  17.218 0.0000000000
94044  -39.290  7.855  16.801 0.0000000000
94045  -48.261  8.473  17.951 0.0000000000
94046  -48.879  8.496  17.504 0.0000000000
94047  -49.663  8.429  17.150 0.0000000000
94048  -50.142  8.317  17.294 0.0000000000
94055  -38.787  8.301  16.268 0.0000000000
94056  -39.416  8.126  15.958 0.0000000000
94057  -49.110  8.333  16.850 0.0000000000
94058  -49.376  8.271  16.598 0.0000000000
94065  -39.069  8.526  15.552 0.0000000000
94066  -39.747  8.358  15.222 0.0000000000
94067  -40.329  8.216  14.884 0.0000000000
94075  -40.094  8.520  14.628 0.0000000000
94076  -40.674  8.362  14.278 0.0000000000
94077  -41.299  8.165  13.784 0.0000000000
94087  -40.959  8.635  13.378 0.0000000000
94936  -39.272  8.662  15.071 0.0000000000
94944  -39.570  8.910  14.494 0.0000000000
94945  -40.157  8.689  14.288 0.0000000000
94954  -40.281  8.926  13.764 0.0000000000
