#!ascii label  , from subject FREESURFER vox2ras=TkReg 
129
58485  -3.796  -26.876  29.885 0.0000000000
58486  -4.027  -27.547  30.590 0.0000000000
58494  -3.741  -26.897  29.026 0.0000000000
58495  -3.920  -27.666  29.584 0.0000000000
58499  -3.959  -26.784  28.240 0.0000000000
58500  -3.914  -27.620  28.634 0.0000000000
58503  -4.124  -26.653  27.829 0.0000000000
58504  -4.231  -27.285  27.726 0.0000000000
58507  -4.716  -27.473  26.956 0.0000000000
59469  -3.790  -26.363  29.987 0.0000000000
59470  -3.884  -26.441  30.770 0.0000000000
59477  -3.801  -26.238  29.409 0.0000000000
59481  -3.885  -26.105  28.607 0.0000000000
59485  -4.050  -26.080  27.861 0.0000000000
59486  -4.206  -26.460  27.554 0.0000000000
59496  -4.191  -25.922  27.368 0.0000000000
59497  -4.425  -26.382  27.023 0.0000000000
59498  -5.239  -26.574  26.556 0.0000000000
59499  -6.351  -26.772  26.310 0.0000000000
59500  -7.364  -26.573  26.055 0.0000000000
59513  -7.714  -26.433  25.428 0.0000000000
59525  -7.224  -25.976  24.487 0.0000000000
59526  -7.570  -26.231  24.705 0.0000000000
59538  -5.832  -26.296  23.523 0.0000000000
59539  -6.132  -26.654  23.575 0.0000000000
59540  -6.946  -26.323  24.235 0.0000000000
59541  -7.360  -26.632  24.445 0.0000000000
60488  -4.186  -25.504  31.435 0.0000000000
60505  -3.851  -25.841  29.926 0.0000000000
60506  -4.026  -25.396  30.433 0.0000000000
60516  -3.871  -25.247  29.177 0.0000000000
60517  -3.951  -25.306  29.844 0.0000000000
60519  -3.891  -25.262  28.174 0.0000000000
60529  -4.070  -25.279  27.507 0.0000000000
60541  -4.338  -25.375  27.007 0.0000000000
60542  -4.958  -25.532  26.601 0.0000000000
60543  -5.959  -25.652  26.417 0.0000000000
60544  -6.959  -25.698  26.340 0.0000000000
60545  -7.465  -25.594  25.843 0.0000000000
60554  -7.603  -25.452  25.268 0.0000000000
60561  -7.115  -25.422  24.510 0.0000000000
60562  -7.517  -25.392  24.862 0.0000000000
60570  -5.817  -25.619  23.602 0.0000000000
60571  -6.374  -25.617  23.889 0.0000000000
60572  -6.736  -25.604  24.188 0.0000000000
61486  -4.467  -24.555  31.882 0.0000000000
61499  -4.291  -24.540  30.792 0.0000000000
61508  -3.895  -24.065  29.278 0.0000000000
61509  -4.059  -24.685  29.907 0.0000000000
61511  -3.816  -24.309  28.485 0.0000000000
61523  -3.942  -24.421  27.731 0.0000000000
61532  -4.248  -24.509  27.193 0.0000000000
61533  -4.750  -24.571  26.764 0.0000000000
61534  -5.644  -24.639  26.544 0.0000000000
61535  -6.639  -24.731  26.410 0.0000000000
61536  -7.267  -24.889  26.177 0.0000000000
61544  -7.442  -24.644  25.721 0.0000000000
61551  -6.365  -23.937  24.183 0.0000000000
61552  -6.741  -24.312  24.462 0.0000000000
61553  -7.401  -24.563  25.046 0.0000000000
61560  -5.642  -24.492  23.660 0.0000000000
61561  -6.155  -24.509  23.921 0.0000000000
61562  -6.603  -25.082  24.170 0.0000000000
62508  -4.539  -23.612  32.347 0.0000000000
62520  -4.433  -23.539  31.211 0.0000000000
62530  -3.864  -23.312  29.399 0.0000000000
62531  -4.123  -23.458  30.055 0.0000000000
62533  -3.761  -23.334  28.816 0.0000000000
62548  -3.874  -23.459  28.000 0.0000000000
62555  -4.193  -23.650  27.420 0.0000000000
62556  -4.560  -23.724  27.017 0.0000000000
62557  -5.331  -23.684  26.755 0.0000000000
62558  -6.358  -23.719  26.506 0.0000000000
62559  -7.220  -23.867  26.240 0.0000000000
62566  -7.366  -23.614  25.660 0.0000000000
62572  -6.122  -23.617  24.113 0.0000000000
62573  -6.476  -23.414  24.492 0.0000000000
62574  -7.060  -23.366  25.057 0.0000000000
62582  -5.771  -23.572  23.883 0.0000000000
63507  -4.440  -22.763  32.879 0.0000000000
63525  -4.343  -22.691  31.828 0.0000000000
63537  -3.859  -22.081  30.141 0.0000000000
63538  -4.109  -22.412  30.602 0.0000000000
63545  -3.793  -22.393  29.576 0.0000000000
63546  -4.021  -22.747  30.039 0.0000000000
63552  -3.785  -22.453  28.396 0.0000000000
63568  -4.264  -22.611  27.556 0.0000000000
63569  -4.702  -22.296  27.370 0.0000000000
63575  -4.422  -23.196  27.238 0.0000000000
63576  -4.904  -22.781  27.051 0.0000000000
63577  -6.043  -22.745  26.787 0.0000000000
63578  -6.992  -22.816  26.533 0.0000000000
63579  -7.401  -22.847  26.133 0.0000000000
63585  -6.981  -22.275  25.406 0.0000000000
63586  -7.296  -22.609  25.636 0.0000000000
63590  -5.666  -22.557  24.227 0.0000000000
63591  -6.005  -22.796  24.385 0.0000000000
63592  -6.647  -22.598  24.957 0.0000000000
63593  -7.030  -22.679  25.279 0.0000000000
63600  -5.535  -23.032  23.957 0.0000000000
63601  -5.692  -22.954  24.061 0.0000000000
64487  -4.117  -22.087  32.449 0.0000000000
64510  -4.058  -21.835  31.620 0.0000000000
64529  -3.748  -21.465  30.341 0.0000000000
64530  -3.973  -21.683  30.956 0.0000000000
64541  -3.553  -21.254  29.526 0.0000000000
64554  -3.605  -21.443  28.791 0.0000000000
64567  -3.979  -21.521  27.996 0.0000000000
64568  -4.854  -21.582  27.455 0.0000000000
64569  -5.973  -21.161  27.205 0.0000000000
64570  -6.543  -20.900  27.086 0.0000000000
64573  -4.966  -22.174  27.295 0.0000000000
64574  -5.638  -22.006  27.156 0.0000000000
64575  -6.840  -21.603  26.717 0.0000000000
64576  -7.239  -22.318  26.388 0.0000000000
64579  -6.577  -21.235  25.405 0.0000000000
64580  -7.102  -21.661  25.804 0.0000000000
64581  -7.341  -22.149  26.146 0.0000000000
64585  -5.835  -21.901  24.612 0.0000000000
64586  -6.262  -21.939  24.948 0.0000000000
64587  -6.695  -21.927  25.308 0.0000000000
64594  -5.595  -22.273  24.335 0.0000000000
65688  -4.379  -20.557  27.855 0.0000000000
65689  -5.463  -20.395  27.501 0.0000000000
65690  -6.260  -20.564  27.264 0.0000000000
65693  -6.257  -20.055  27.363 0.0000000000
65694  -6.789  -20.321  27.044 0.0000000000
65698  -6.808  -20.333  26.159 0.0000000000
65705  -6.176  -21.263  24.977 0.0000000000
