#!ascii label  , from subject FREESURFER vox2ras=TkReg 
221
83873  -33.368  -2.571  21.156 0.0000000000
84853  -32.646  -1.510  21.286 0.0000000000
84854  -33.060  -2.031  21.176 0.0000000000
84861  -33.088  -1.074  21.121 0.0000000000
84862  -33.576  -1.514  20.908 0.0000000000
84863  -34.835  -1.509  20.269 0.0000000000
84869  -35.302  -0.942  19.730 0.0000000000
85819  -32.359  -0.417  21.349 0.0000000000
85820  -32.845  0.086  21.256 0.0000000000
85828  -32.850  -0.850  21.227 0.0000000000
85829  -33.238  -0.396  21.020 0.0000000000
85830  -34.137  -0.472  20.449 0.0000000000
85836  -34.934  -0.391  19.851 0.0000000000
85837  -35.674  -0.406  19.252 0.0000000000
85838  -36.148  -0.892  19.132 0.0000000000
85843  -35.990  0.035  18.879 0.0000000000
85844  -36.476  -0.327  18.674 0.0000000000
86764  -31.731  0.501  21.492 0.0000000000
86765  -32.531  0.591  21.356 0.0000000000
86773  -33.168  0.586  21.146 0.0000000000
86774  -33.785  0.508  20.683 0.0000000000
86779  -34.555  0.508  20.177 0.0000000000
86780  -35.295  0.542  19.533 0.0000000000
86781  -35.799  0.881  19.168 0.0000000000
86786  -35.782  0.319  19.086 0.0000000000
86787  -36.212  0.619  18.739 0.0000000000
86788  -36.873  0.572  18.183 0.0000000000
86794  -37.462  0.631  17.630 0.0000000000
87701  -31.237  1.383  21.601 0.0000000000
87702  -32.126  1.421  21.449 0.0000000000
87703  -32.889  1.380  21.295 0.0000000000
87712  -33.515  1.382  21.000 0.0000000000
87713  -34.201  1.452  20.559 0.0000000000
87722  -34.952  1.456  20.028 0.0000000000
87723  -35.585  1.508  19.506 0.0000000000
87724  -36.142  1.509  19.038 0.0000000000
87733  -36.709  1.448  18.523 0.0000000000
87734  -37.280  1.425  17.956 0.0000000000
87740  -37.728  1.381  17.418 0.0000000000
87741  -38.150  1.457  17.000 0.0000000000
87749  -38.511  1.705  16.579 0.0000000000
88598  -30.776  2.279  21.537 0.0000000000
88599  -31.673  2.273  21.446 0.0000000000
88600  -32.631  2.391  21.266 0.0000000000
88601  -33.212  1.922  21.200 0.0000000000
88608  -33.009  3.040  21.028 0.0000000000
88609  -33.589  2.473  20.828 0.0000000000
88610  -34.530  2.422  20.283 0.0000000000
88618  -35.279  2.381  19.810 0.0000000000
88619  -35.935  2.356  19.358 0.0000000000
88620  -36.591  2.332  18.925 0.0000000000
88629  -37.252  2.307  18.407 0.0000000000
88630  -37.834  2.267  17.732 0.0000000000
88631  -38.192  2.706  17.589 0.0000000000
88640  -37.988  1.865  17.301 0.0000000000
88641  -38.390  2.349  17.157 0.0000000000
88650  -38.906  2.378  16.391 0.0000000000
88651  -39.353  2.328  15.607 0.0000000000
89513  -30.426  3.136  21.395 0.0000000000
89514  -31.280  3.137  21.401 0.0000000000
89515  -31.957  2.985  21.288 0.0000000000
89527  -31.741  3.557  21.163 0.0000000000
89528  -32.397  3.493  20.984 0.0000000000
89529  -33.224  3.646  20.607 0.0000000000
89530  -34.042  3.397  20.223 0.0000000000
89536  -34.866  3.324  19.880 0.0000000000
89537  -35.595  3.220  19.520 0.0000000000
89538  -36.295  3.227  19.171 0.0000000000
89545  -37.028  3.241  18.777 0.0000000000
89546  -37.761  3.286  18.160 0.0000000000
89547  -38.086  2.892  17.813 0.0000000000
89553  -38.019  3.843  17.827 0.0000000000
89554  -38.365  3.355  17.551 0.0000000000
89560  -38.875  3.237  16.816 0.0000000000
89561  -39.277  3.231  16.049 0.0000000000
89568  -39.750  3.264  15.221 0.0000000000
89578  -40.079  3.237  14.268 0.0000000000
89579  -40.210  3.354  13.363 0.0000000000
90391  -30.918  3.824  21.229 0.0000000000
90392  -31.398  3.739  21.187 0.0000000000
90404  -30.570  4.431  20.802 0.0000000000
90405  -31.592  4.303  20.751 0.0000000000
90406  -32.520  4.324  20.481 0.0000000000
90407  -33.137  4.425  20.228 0.0000000000
90408  -33.673  4.154  20.132 0.0000000000
90416  -32.040  4.882  20.167 0.0000000000
90417  -32.676  4.976  19.918 0.0000000000
90418  -33.493  4.808  19.756 0.0000000000
90419  -34.368  4.365  19.681 0.0000000000
90420  -35.237  4.069  19.494 0.0000000000
90421  -35.886  3.920  19.266 0.0000000000
90428  -34.952  4.749  19.259 0.0000000000
90429  -35.622  4.665  19.032 0.0000000000
90430  -36.504  4.252  18.756 0.0000000000
90431  -37.220  3.979  18.427 0.0000000000
90437  -36.956  4.565  18.190 0.0000000000
90438  -37.580  4.358  17.892 0.0000000000
90439  -38.181  4.279  17.472 0.0000000000
90450  -38.636  4.198  16.918 0.0000000000
90451  -39.037  3.929  16.356 0.0000000000
90461  -38.791  4.607  16.185 0.0000000000
90462  -39.319  4.282  15.620 0.0000000000
90473  -39.789  4.261  14.657 0.0000000000
90474  -40.145  4.019  13.870 0.0000000000
90484  -39.852  4.734  13.859 0.0000000000
90485  -40.096  4.400  13.019 0.0000000000
91331  -31.047  5.067  20.223 0.0000000000
91332  -31.618  5.009  20.164 0.0000000000
91341  -30.590  5.730  19.690 0.0000000000
91342  -31.791  5.667  19.436 0.0000000000
91343  -33.056  5.575  19.315 0.0000000000
91344  -33.998  5.217  19.167 0.0000000000
91345  -34.556  4.979  19.214 0.0000000000
91349  -31.988  6.273  18.688 0.0000000000
91350  -32.580  6.160  18.715 0.0000000000
91351  -33.640  6.074  18.401 0.0000000000
91352  -34.883  5.447  18.632 0.0000000000
91353  -36.047  5.167  18.350 0.0000000000
91354  -36.597  4.845  18.236 0.0000000000
91362  -33.878  6.417  17.739 0.0000000000
91363  -34.482  6.217  17.785 0.0000000000
91364  -35.584  5.992  17.458 0.0000000000
91365  -36.836  5.270  17.585 0.0000000000
91366  -37.845  4.990  17.227 0.0000000000
91367  -38.271  4.654  17.063 0.0000000000
91378  -35.845  6.347  16.762 0.0000000000
91379  -36.444  6.115  16.782 0.0000000000
91380  -37.537  5.837  16.414 0.0000000000
91381  -38.343  5.038  16.578 0.0000000000
91391  -37.879  6.154  15.702 0.0000000000
91392  -38.640  5.565  15.447 0.0000000000
91393  -39.315  4.856  15.051 0.0000000000
91403  -38.931  6.035  14.200 0.0000000000
91404  -39.407  5.227  14.432 0.0000000000
91413  -39.029  6.260  13.625 0.0000000000
91414  -39.590  5.675  13.234 0.0000000000
91415  -39.980  5.045  12.536 0.0000000000
91423  -39.600  6.042  12.380 0.0000000000
92202  -30.916  6.294  19.076 0.0000000000
92206  -30.727  6.934  18.679 0.0000000000
92207  -31.471  6.651  18.420 0.0000000000
92208  -32.182  6.585  18.187 0.0000000000
92209  -32.832  6.519  18.073 0.0000000000
92219  -31.868  6.962  17.781 0.0000000000
92220  -32.467  6.917  17.481 0.0000000000
92221  -33.332  6.692  17.527 0.0000000000
92222  -34.072  6.638  17.237 0.0000000000
92223  -34.776  6.513  17.122 0.0000000000
92232  -32.959  7.176  17.037 0.0000000000
92233  -33.591  7.090  16.768 0.0000000000
92234  -34.434  6.966  16.532 0.0000000000
92235  -35.304  6.661  16.565 0.0000000000
92236  -36.055  6.600  16.272 0.0000000000
92237  -36.755  6.436  16.136 0.0000000000
92246  -34.902  7.144  16.023 0.0000000000
92247  -35.562  7.080  15.802 0.0000000000
92248  -36.436  6.918  15.592 0.0000000000
92249  -37.278  6.547  15.575 0.0000000000
92250  -37.947  6.414  15.261 0.0000000000
92259  -36.916  7.041  15.125 0.0000000000
92260  -37.524  6.964  14.821 0.0000000000
92261  -38.263  6.517  14.628 0.0000000000
92270  -37.893  7.089  14.208 0.0000000000
92271  -38.499  6.800  13.727 0.0000000000
92272  -39.039  6.478  13.282 0.0000000000
92280  -38.752  6.955  13.075 0.0000000000
92281  -39.199  6.591  12.654 0.0000000000
93103  -30.322  7.657  18.845 0.0000000000
93114  -31.098  7.684  18.090 0.0000000000
93115  -31.555  7.221  17.851 0.0000000000
93129  -31.448  8.219  17.667 0.0000000000
93130  -31.987  7.780  17.314 0.0000000000
93131  -32.578  7.408  17.051 0.0000000000
93142  -32.394  8.301  16.716 0.0000000000
93143  -32.948  7.862  16.368 0.0000000000
93144  -33.954  7.441  16.045 0.0000000000
93145  -34.494  7.303  15.956 0.0000000000
93155  -33.276  8.279  15.674 0.0000000000
93156  -33.660  7.925  15.515 0.0000000000
93157  -34.705  7.613  15.189 0.0000000000
93158  -35.939  7.375  15.073 0.0000000000
93159  -36.521  7.223  15.085 0.0000000000
93169  -34.926  8.024  14.420 0.0000000000
93170  -35.659  7.915  14.244 0.0000000000
93171  -36.754  7.419  14.471 0.0000000000
93172  -37.434  7.271  14.243 0.0000000000
93182  -35.967  8.194  13.669 0.0000000000
93183  -36.496  7.965  13.723 0.0000000000
93184  -37.599  7.616  13.467 0.0000000000
93185  -38.374  7.265  13.200 0.0000000000
93191  -37.824  7.953  12.712 0.0000000000
93192  -38.540  7.516  12.440 0.0000000000
93193  -39.150  6.923  12.162 0.0000000000
94025  -30.582  8.626  18.496 0.0000000000
94039  -31.135  8.741  17.903 0.0000000000
94040  -31.629  8.787  17.404 0.0000000000
94051  -32.107  8.814  16.880 0.0000000000
94052  -32.486  8.822  16.260 0.0000000000
94061  -32.987  8.835  15.596 0.0000000000
94062  -33.414  8.482  15.139 0.0000000000
94063  -33.878  8.133  14.832 0.0000000000
94071  -33.219  9.073  14.898 0.0000000000
94072  -33.644  8.848  14.415 0.0000000000
94073  -34.401  8.365  14.300 0.0000000000
94074  -35.039  8.331  14.002 0.0000000000
94082  -34.092  9.024  13.793 0.0000000000
94083  -34.732  8.837  13.575 0.0000000000
94084  -35.539  8.554  13.445 0.0000000000
94085  -36.222  8.421  13.294 0.0000000000
94086  -36.838  8.257  13.189 0.0000000000
94093  -35.978  8.795  12.980 0.0000000000
94094  -36.529  8.728  12.707 0.0000000000
94095  -37.289  8.362  12.636 0.0000000000
94096  -37.878  8.226  12.297 0.0000000000
94104  -36.916  8.893  12.209 0.0000000000
94105  -37.464  8.750  11.874 0.0000000000
94106  -38.202  8.313  11.717 0.0000000000
94920  -31.869  9.663  17.109 0.0000000000
94925  -32.222  9.665  16.448 0.0000000000
94926  -32.567  9.675  15.748 0.0000000000
94951  -35.652  8.952  12.955 0.0000000000
