#!ascii label  , from subject FREESURFER vox2ras=TkReg 
259
15927  -3.628  -70.655  14.844 0.0000000000
16020  -14.228  -71.331  10.028 0.0000000000
16021  -14.819  -71.692  9.691 0.0000000000
16022  -15.561  -71.905  9.097 0.0000000000
16040  -16.139  -72.003  8.535 0.0000000000
16756  -2.706  -70.134  15.250 0.0000000000
16757  -2.921  -70.652  15.254 0.0000000000
16774  -2.736  -69.971  14.789 0.0000000000
16775  -2.979  -70.362  14.656 0.0000000000
16776  -3.894  -70.190  14.441 0.0000000000
16777  -4.793  -70.512  14.250 0.0000000000
16792  -4.349  -69.965  13.964 0.0000000000
16793  -5.087  -69.913  13.740 0.0000000000
16794  -5.921  -69.852  13.597 0.0000000000
16849  -12.700  -70.554  10.976 0.0000000000
16850  -13.394  -70.389  10.350 0.0000000000
16851  -13.932  -70.949  10.132 0.0000000000
16864  -13.799  -69.958  9.932 0.0000000000
16865  -14.313  -70.564  9.757 0.0000000000
16866  -15.288  -70.797  9.023 0.0000000000
16867  -15.752  -71.383  8.709 0.0000000000
16876  -15.670  -70.298  8.726 0.0000000000
16877  -16.108  -70.827  8.347 0.0000000000
16878  -17.029  -70.727  7.697 0.0000000000
17659  -2.634  -69.398  14.541 0.0000000000
17660  -3.224  -69.721  13.887 0.0000000000
17661  -3.879  -69.779  13.978 0.0000000000
17676  -2.807  -69.060  13.754 0.0000000000
17677  -3.263  -69.009  13.483 0.0000000000
17678  -4.157  -69.285  13.583 0.0000000000
17679  -5.348  -69.235  12.980 0.0000000000
17680  -6.513  -69.480  13.256 0.0000000000
17704  -5.597  -68.758  12.512 0.0000000000
17705  -6.190  -68.939  12.624 0.0000000000
17706  -7.187  -69.035  12.827 0.0000000000
17707  -8.326  -69.232  12.846 0.0000000000
17708  -9.729  -69.599  12.593 0.0000000000
17709  -10.545  -70.077  12.353 0.0000000000
17733  -10.165  -69.060  11.876 0.0000000000
17734  -10.861  -69.683  11.855 0.0000000000
17735  -11.791  -69.946  11.299 0.0000000000
17736  -12.292  -70.220  11.115 0.0000000000
17749  -11.823  -69.378  10.994 0.0000000000
17750  -12.469  -69.640  10.749 0.0000000000
17751  -12.999  -69.656  10.307 0.0000000000
17762  -12.743  -69.206  10.235 0.0000000000
17763  -13.324  -69.349  9.957 0.0000000000
17764  -14.099  -69.500  9.622 0.0000000000
17765  -14.797  -69.848  9.311 0.0000000000
17775  -15.360  -69.812  8.965 0.0000000000
17776  -15.898  -69.730  8.639 0.0000000000
17777  -16.662  -69.784  8.247 0.0000000000
17789  -17.445  -69.701  7.662 0.0000000000
18571  -2.595  -68.685  15.108 0.0000000000
18589  -2.594  -68.445  14.413 0.0000000000
18599  -2.622  -68.547  13.918 0.0000000000
18600  -2.909  -68.480  13.481 0.0000000000
18601  -3.714  -68.380  13.304 0.0000000000
18602  -4.463  -68.672  12.927 0.0000000000
18623  -4.371  -68.033  12.820 0.0000000000
18624  -5.041  -68.334  12.365 0.0000000000
18625  -5.808  -68.484  12.145 0.0000000000
18626  -6.655  -68.510  12.141 0.0000000000
18627  -7.675  -68.637  12.151 0.0000000000
18628  -8.683  -68.755  12.215 0.0000000000
18652  -5.389  -68.071  11.832 0.0000000000
18653  -6.024  -68.107  11.600 0.0000000000
18654  -6.976  -68.067  11.353 0.0000000000
18655  -8.145  -68.349  11.465 0.0000000000
18656  -9.355  -68.566  11.571 0.0000000000
18657  -10.497  -68.749  11.122 0.0000000000
18658  -11.326  -69.291  11.180 0.0000000000
18673  -7.610  -68.038  10.798 0.0000000000
18674  -8.506  -68.117  10.715 0.0000000000
18675  -9.506  -68.169  10.523 0.0000000000
18676  -10.430  -68.125  10.033 0.0000000000
18677  -11.617  -68.744  10.563 0.0000000000
18678  -12.338  -68.989  10.359 0.0000000000
18686  -10.618  -67.801  9.447 0.0000000000
18687  -11.297  -67.981  9.676 0.0000000000
18688  -12.452  -68.440  9.806 0.0000000000
18689  -13.556  -68.432  9.214 0.0000000000
18690  -14.519  -68.981  9.228 0.0000000000
18691  -15.027  -69.353  9.178 0.0000000000
18701  -13.716  -67.939  8.676 0.0000000000
18702  -14.274  -68.202  8.802 0.0000000000
18703  -15.275  -68.735  8.961 0.0000000000
18704  -16.184  -68.814  8.578 0.0000000000
18705  -17.008  -68.761  8.274 0.0000000000
18715  -17.695  -68.603  7.724 0.0000000000
19515  -2.749  -67.928  14.669 0.0000000000
19529  -2.649  -67.939  13.968 0.0000000000
19530  -3.166  -67.360  13.994 0.0000000000
19544  -2.777  -68.196  13.745 0.0000000000
19545  -3.054  -67.840  13.454 0.0000000000
19546  -4.075  -67.498  13.271 0.0000000000
19564  -4.654  -67.427  12.196 0.0000000000
19565  -5.023  -67.825  11.903 0.0000000000
19585  -4.810  -66.999  11.694 0.0000000000
19586  -5.304  -67.388  11.472 0.0000000000
19587  -6.214  -67.693  11.083 0.0000000000
19588  -6.633  -67.800  10.968 0.0000000000
19603  -5.292  -66.869  11.099 0.0000000000
19604  -5.749  -67.070  10.741 0.0000000000
19605  -6.743  -67.571  10.551 0.0000000000
19606  -7.713  -67.783  10.064 0.0000000000
19607  -8.664  -67.900  9.855 0.0000000000
19608  -9.483  -67.884  9.711 0.0000000000
19618  -6.237  -66.872  10.128 0.0000000000
19619  -6.977  -67.129  9.523 0.0000000000
19620  -7.938  -67.532  9.224 0.0000000000
19621  -8.873  -67.638  9.061 0.0000000000
19622  -9.908  -67.646  9.078 0.0000000000
19623  -10.775  -67.520  8.900 0.0000000000
19624  -11.750  -67.543  8.999 0.0000000000
19625  -12.643  -67.786  8.960 0.0000000000
19634  -7.497  -67.004  8.812 0.0000000000
19635  -8.168  -67.277  8.408 0.0000000000
19636  -9.128  -67.309  8.281 0.0000000000
19637  -10.041  -67.309  8.103 0.0000000000
19638  -10.988  -67.242  7.921 0.0000000000
19639  -12.128  -67.242  8.163 0.0000000000
19640  -13.115  -67.549  8.388 0.0000000000
19641  -13.833  -67.540  8.259 0.0000000000
19642  -14.647  -67.631  8.378 0.0000000000
19643  -15.564  -67.796  8.425 0.0000000000
19644  -16.350  -67.973  8.363 0.0000000000
19657  -10.264  -67.139  7.618 0.0000000000
19658  -10.512  -67.044  7.412 0.0000000000
19659  -12.512  -67.220  7.655 0.0000000000
19660  -13.124  -67.226  7.502 0.0000000000
19661  -13.964  -67.175  7.490 0.0000000000
19662  -14.866  -67.113  7.614 0.0000000000
19663  -15.802  -67.195  7.767 0.0000000000
19664  -16.926  -67.507  7.964 0.0000000000
19665  -17.826  -67.625  7.450 0.0000000000
20558  -4.623  -66.684  12.506 0.0000000000
20559  -4.993  -66.002  12.281 0.0000000000
20581  -4.680  -66.838  11.925 0.0000000000
20582  -5.085  -66.405  11.487 0.0000000000
20583  -5.538  -65.886  11.057 0.0000000000
20601  -5.429  -66.630  10.956 0.0000000000
20602  -5.786  -66.247  10.577 0.0000000000
20616  -6.462  -66.266  9.698 0.0000000000
20617  -7.032  -66.356  8.933 0.0000000000
20625  -7.691  -66.498  8.332 0.0000000000
20626  -8.506  -66.648  7.743 0.0000000000
20627  -9.384  -67.045  7.618 0.0000000000
20628  -9.901  -67.094  7.628 0.0000000000
20629  -11.621  -67.088  7.448 0.0000000000
20630  -12.072  -67.148  7.491 0.0000000000
20641  -8.762  -66.340  7.655 0.0000000000
20642  -9.114  -66.430  7.548 0.0000000000
20643  -9.988  -66.711  7.393 0.0000000000
20644  -10.934  -66.805  7.068 0.0000000000
20645  -12.101  -66.859  6.787 0.0000000000
20646  -13.196  -67.018  6.556 0.0000000000
20647  -14.139  -66.950  6.595 0.0000000000
20648  -15.073  -66.851  6.738 0.0000000000
20649  -16.035  -66.737  6.991 0.0000000000
20650  -17.061  -66.661  7.198 0.0000000000
20663  -12.611  -66.509  5.740 0.0000000000
20664  -13.458  -66.817  5.635 0.0000000000
20665  -14.369  -66.805  5.700 0.0000000000
20666  -15.310  -66.705  5.821 0.0000000000
20667  -16.301  -66.473  6.021 0.0000000000
20686  -12.952  -66.470  4.871 0.0000000000
20687  -13.744  -66.697  4.858 0.0000000000
20688  -14.611  -66.747  4.835 0.0000000000
20689  -15.559  -66.634  4.858 0.0000000000
20708  -13.393  -66.347  4.425 0.0000000000
20709  -13.957  -66.405  4.274 0.0000000000
20710  -14.785  -66.361  4.118 0.0000000000
21517  -5.166  -65.850  11.825 0.0000000000
21518  -5.650  -65.701  11.546 0.0000000000
21539  -6.059  -65.520  10.793 0.0000000000
21540  -7.206  -65.158  10.374 0.0000000000
21555  -6.382  -65.658  10.099 0.0000000000
21556  -6.977  -65.488  9.352 0.0000000000
21563  -7.423  -65.717  8.574 0.0000000000
21564  -7.976  -65.785  8.017 0.0000000000
21572  -8.743  -65.831  7.763 0.0000000000
21573  -9.580  -65.792  7.568 0.0000000000
21574  -10.467  -65.864  7.164 0.0000000000
21575  -11.409  -65.949  6.528 0.0000000000
21576  -12.018  -66.185  5.922 0.0000000000
21587  -11.988  -65.852  6.016 0.0000000000
21588  -12.167  -65.887  5.168 0.0000000000
21589  -12.807  -65.375  5.135 0.0000000000
21603  -13.058  -65.888  4.473 0.0000000000
21604  -13.445  -65.263  4.816 0.0000000000
21620  -13.516  -66.126  4.148 0.0000000000
21621  -13.955  -65.694  4.076 0.0000000000
21622  -15.017  -65.602  3.790 0.0000000000
22384  -7.648  -64.891  9.485 0.0000000000
22399  -7.669  -65.001  8.831 0.0000000000
22400  -8.428  -64.326  9.110 0.0000000000
22408  -7.849  -65.353  8.460 0.0000000000
22409  -8.445  -64.935  8.391 0.0000000000
22417  -9.244  -64.907  8.046 0.0000000000
22418  -10.131  -64.811  7.745 0.0000000000
22419  -11.072  -64.859  7.246 0.0000000000
22420  -11.911  -64.948  6.585 0.0000000000
22421  -12.387  -64.413  6.620 0.0000000000
22430  -12.215  -65.683  6.058 0.0000000000
22431  -12.634  -65.181  6.171 0.0000000000
22432  -13.437  -64.861  5.960 0.0000000000
22433  -14.205  -64.475  5.973 0.0000000000
22447  -13.848  -64.815  5.244 0.0000000000
22448  -14.373  -64.608  5.074 0.0000000000
22464  -13.973  -65.013  4.597 0.0000000000
22465  -14.556  -64.940  4.270 0.0000000000
23286  -8.895  -64.016  8.558 0.0000000000
23297  -8.991  -64.343  8.275 0.0000000000
23298  -9.620  -63.689  8.120 0.0000000000
23299  -10.665  -63.613  7.721 0.0000000000
23300  -11.531  -63.734  7.299 0.0000000000
23301  -12.220  -63.670  7.002 0.0000000000
23302  -14.481  -63.274  7.167 0.0000000000
23316  -12.907  -63.817  6.786 0.0000000000
23317  -13.858  -63.712  6.824 0.0000000000
24215  -9.926  -62.654  8.335 0.0000000000
24216  -10.393  -62.260  7.776 0.0000000000
24217  -11.173  -62.576  7.501 0.0000000000
24218  -11.856  -62.763  7.295 0.0000000000
24219  -14.047  -62.735  7.226 0.0000000000
24232  -11.017  -61.737  7.481 0.0000000000
24233  -11.664  -61.816  7.260 0.0000000000
24234  -12.499  -62.294  7.118 0.0000000000
24235  -13.424  -62.350  7.083 0.0000000000
24236  -14.042  -61.969  7.197 0.0000000000
25180  -10.295  -61.909  8.211 0.0000000000
25181  -10.742  -61.188  7.907 0.0000000000
25182  -11.305  -60.650  7.815 0.0000000000
25183  -14.350  -61.464  7.432 0.0000000000
25194  -10.834  -61.488  7.624 0.0000000000
25195  -11.403  -61.001  7.473 0.0000000000
25196  -12.232  -61.009  7.005 0.0000000000
25197  -13.067  -61.112  6.955 0.0000000000
25198  -13.811  -61.210  7.153 0.0000000000
26149  -11.146  -60.613  7.994 0.0000000000
26150  -11.703  -60.335  7.933 0.0000000000
26151  -12.352  -59.921  7.779 0.0000000000
26152  -12.697  -59.804  7.579 0.0000000000
26153  -14.507  -60.510  7.668 0.0000000000
26170  -11.771  -60.415  7.701 0.0000000000
26171  -12.225  -60.329  7.454 0.0000000000
26172  -12.890  -60.147  7.209 0.0000000000
26173  -13.552  -60.216  7.216 0.0000000000
27184  -12.794  -59.340  8.001 0.0000000000
27185  -13.493  -59.127  8.392 0.0000000000
27186  -14.727  -59.749  8.152 0.0000000000
27205  -12.757  -59.564  7.721 0.0000000000
27206  -13.244  -59.429  7.666 0.0000000000
27207  -13.964  -59.563  7.631 0.0000000000
27227  -13.284  -59.826  7.348 0.0000000000
27228  -13.460  -59.726  7.437 0.0000000000
28203  -13.735  -58.989  8.118 0.0000000000
28204  -13.776  -59.200  7.927 0.0000000000
