#!ascii label  , from subject FREESURFER vox2ras=TkReg 
149
59363  -33.330  -25.926  37.008 0.0000000000
59379  -33.204  -25.865  36.817 0.0000000000
60401  -36.150  -25.668  39.048 0.0000000000
60414  -34.376  -25.958  38.392 0.0000000000
60415  -35.368  -25.853  38.225 0.0000000000
60416  -36.233  -25.486  38.039 0.0000000000
60428  -33.511  -25.942  37.465 0.0000000000
60429  -34.505  -25.874  37.369 0.0000000000
60430  -35.535  -25.544  37.196 0.0000000000
60431  -36.296  -25.198  37.333 0.0000000000
60443  -33.511  -25.817  36.597 0.0000000000
60444  -34.646  -25.553  36.355 0.0000000000
60445  -35.459  -25.291  36.402 0.0000000000
60456  -33.758  -25.392  35.684 0.0000000000
60457  -34.482  -25.227  35.599 0.0000000000
61398  -36.941  -25.219  38.699 0.0000000000
61410  -36.907  -25.021  37.742 0.0000000000
61422  -36.051  -25.085  36.704 0.0000000000
61423  -36.742  -24.868  36.941 0.0000000000
61437  -35.138  -25.124  35.794 0.0000000000
61438  -35.861  -25.012  35.980 0.0000000000
61439  -36.469  -24.786  36.261 0.0000000000
61440  -37.063  -24.509  36.367 0.0000000000
61450  -34.022  -24.906  35.095 0.0000000000
61451  -34.817  -24.921  35.174 0.0000000000
61452  -35.555  -24.705  35.225 0.0000000000
61453  -36.306  -24.632  35.639 0.0000000000
61454  -36.724  -24.533  35.938 0.0000000000
61464  -34.547  -24.498  34.767 0.0000000000
61465  -35.074  -24.595  34.914 0.0000000000
62464  -35.679  -24.451  34.914 0.0000000000
62465  -36.094  -24.399  35.018 0.0000000000
62466  -37.027  -24.183  35.485 0.0000000000
62481  -34.291  -23.976  34.264 0.0000000000
62482  -35.380  -24.234  34.515 0.0000000000
62483  -36.505  -23.926  34.472 0.0000000000
62484  -37.546  -23.391  34.623 0.0000000000
62497  -34.783  -23.599  33.648 0.0000000000
62498  -35.868  -23.583  33.664 0.0000000000
62499  -36.919  -23.327  33.784 0.0000000000
62500  -37.433  -23.053  33.979 0.0000000000
63476  -37.700  -22.885  34.155 0.0000000000
63477  -38.329  -22.549  34.607 0.0000000000
63494  -34.205  -22.863  33.199 0.0000000000
63495  -35.196  -22.949  33.031 0.0000000000
63496  -36.308  -22.865  33.026 0.0000000000
63497  -37.500  -22.507  33.439 0.0000000000
63498  -38.283  -21.909  33.780 0.0000000000
63514  -34.511  -22.231  32.612 0.0000000000
63515  -35.533  -22.214  32.406 0.0000000000
63516  -36.599  -22.000  32.491 0.0000000000
63517  -37.345  -21.668  32.709 0.0000000000
64478  -37.946  -21.535  33.185 0.0000000000
64479  -38.733  -21.040  33.552 0.0000000000
64495  -34.778  -21.499  32.105 0.0000000000
64496  -35.801  -21.224  31.913 0.0000000000
64497  -36.863  -21.080  32.016 0.0000000000
64498  -37.694  -21.040  32.574 0.0000000000
64499  -38.181  -21.007  32.989 0.0000000000
64515  -35.997  -20.676  31.708 0.0000000000
64516  -36.290  -20.838  31.800 0.0000000000
65607  -38.847  -20.356  33.194 0.0000000000
65624  -34.908  -20.814  31.816 0.0000000000
65625  -36.916  -20.616  31.887 0.0000000000
65626  -37.376  -20.438  32.012 0.0000000000
65627  -38.306  -20.348  32.676 0.0000000000
65641  -35.428  -20.298  31.598 0.0000000000
65642  -36.493  -20.275  31.703 0.0000000000
65643  -37.178  -19.762  31.742 0.0000000000
66791  -38.951  -19.794  32.974 0.0000000000
66792  -39.378  -19.312  33.353 0.0000000000
66806  -37.862  -19.687  31.999 0.0000000000
66807  -38.518  -19.206  32.404 0.0000000000
66808  -39.045  -19.224  32.850 0.0000000000
66819  -34.698  -19.369  31.376 0.0000000000
66820  -35.726  -19.379  31.372 0.0000000000
66821  -36.645  -19.241  31.534 0.0000000000
66822  -37.447  -19.105  31.734 0.0000000000
66823  -37.994  -19.112  31.934 0.0000000000
67887  -38.652  -18.508  32.261 0.0000000000
67888  -39.215  -18.529  32.789 0.0000000000
67899  -35.048  -18.428  31.243 0.0000000000
67900  -36.038  -18.449  31.276 0.0000000000
67901  -36.981  -18.393  31.457 0.0000000000
67902  -38.018  -18.390  31.802 0.0000000000
68847  -39.842  -17.882  33.257 0.0000000000
68855  -38.757  -17.837  32.156 0.0000000000
68856  -39.393  -17.404  32.617 0.0000000000
68862  -34.438  -17.360  31.162 0.0000000000
68863  -35.451  -17.534  31.152 0.0000000000
68864  -36.398  -17.565  31.162 0.0000000000
68865  -37.333  -17.482  31.313 0.0000000000
68866  -38.190  -17.239  31.630 0.0000000000
68872  -34.328  -16.518  30.991 0.0000000000
69848  -38.931  -16.869  31.991 0.0000000000
69857  -34.995  -16.648  31.014 0.0000000000
69858  -35.870  -16.732  30.949 0.0000000000
69859  -36.738  -16.718  30.948 0.0000000000
69860  -37.658  -16.477  31.039 0.0000000000
69861  -38.479  -16.382  31.424 0.0000000000
69868  -34.587  -15.892  30.817 0.0000000000
69869  -35.391  -15.928  30.714 0.0000000000
69870  -36.244  -15.986  30.650 0.0000000000
69871  -36.982  -16.004  30.683 0.0000000000
70876  -38.233  -15.908  30.928 0.0000000000
70887  -34.930  -15.081  30.562 0.0000000000
70888  -35.811  -15.131  30.417 0.0000000000
70889  -36.696  -15.282  30.327 0.0000000000
70890  -37.636  -15.511  30.519 0.0000000000
70891  -38.517  -15.376  30.593 0.0000000000
71880  -35.361  -14.268  30.166 0.0000000000
71881  -36.303  -14.276  29.840 0.0000000000
71882  -37.307  -14.736  29.913 0.0000000000
71883  -38.172  -14.864  30.117 0.0000000000
71894  -36.608  -13.667  29.404 0.0000000000
71895  -37.144  -13.987  29.410 0.0000000000
71896  -37.969  -14.309  29.554 0.0000000000
72871  -35.197  -13.216  29.995 0.0000000000
72872  -35.689  -13.766  29.822 0.0000000000
72884  -35.637  -12.714  29.585 0.0000000000
72885  -36.090  -13.199  29.482 0.0000000000
72886  -37.015  -13.102  28.972 0.0000000000
72887  -37.852  -13.670  28.942 0.0000000000
72899  -37.427  -12.493  28.599 0.0000000000
72900  -37.881  -12.851  28.531 0.0000000000
72901  -38.608  -13.283  28.571 0.0000000000
73879  -36.067  -12.164  29.214 0.0000000000
73880  -36.509  -12.631  29.114 0.0000000000
73891  -36.502  -11.669  28.891 0.0000000000
73892  -36.933  -12.060  28.684 0.0000000000
73893  -37.911  -11.964  28.090 0.0000000000
73894  -38.620  -12.531  28.104 0.0000000000
73914  -38.374  -11.504  27.651 0.0000000000
73915  -38.698  -11.864  27.576 0.0000000000
74924  -36.789  -11.175  28.572 0.0000000000
74925  -37.442  -11.179  28.128 0.0000000000
74939  -38.119  -11.077  27.661 0.0000000000
74940  -38.756  -11.098  27.198 0.0000000000
74941  -39.357  -11.583  27.079 0.0000000000
74951  -39.407  -10.885  26.778 0.0000000000
75918  -37.191  -10.368  28.188 0.0000000000
75930  -37.807  -10.334  27.680 0.0000000000
75931  -38.439  -10.307  27.197 0.0000000000
75942  -39.109  -10.262  26.756 0.0000000000
75943  -39.828  -10.299  26.229 0.0000000000
76999  -37.562  -9.511  27.766 0.0000000000
77000  -38.125  -9.504  27.211 0.0000000000
77008  -38.761  -9.485  26.759 0.0000000000
77009  -39.374  -9.473  26.233 0.0000000000
