#!ascii label  , from subject FREESURFER vox2ras=TkReg 
190
72754  -37.492  -13.353  43.015 0.0000000000
72755  -38.118  -13.177  42.716 0.0000000000
73711  -38.732  -13.141  43.010 0.0000000000
73712  -39.375  -12.782  43.058 0.0000000000
73713  -40.254  -12.313  43.258 0.0000000000
73714  -41.247  -12.190  43.677 0.0000000000
73733  -35.881  -12.609  43.165 0.0000000000
73734  -36.599  -12.767  42.726 0.0000000000
73735  -37.488  -12.732  42.388 0.0000000000
73736  -38.428  -12.415  42.374 0.0000000000
73737  -39.340  -11.903  42.656 0.0000000000
73738  -39.947  -11.451  42.863 0.0000000000
73758  -36.887  -12.345  42.088 0.0000000000
73759  -37.485  -12.079  41.838 0.0000000000
73760  -38.103  -11.740  41.681 0.0000000000
74732  -35.366  -12.424  43.271 0.0000000000
74733  -40.637  -11.388  43.263 0.0000000000
74748  -35.019  -12.241  42.340 0.0000000000
74749  -35.843  -12.325  42.323 0.0000000000
74750  -36.430  -12.314  42.128 0.0000000000
74751  -38.736  -11.518  41.974 0.0000000000
74752  -39.439  -10.970  42.222 0.0000000000
74753  -40.171  -10.696  42.755 0.0000000000
74769  -34.729  -11.760  41.481 0.0000000000
74770  -35.533  -11.763  41.520 0.0000000000
74771  -36.530  -11.783  41.579 0.0000000000
74772  -37.466  -11.297  41.229 0.0000000000
74773  -38.281  -11.124  41.342 0.0000000000
74774  -38.821  -10.841  41.631 0.0000000000
74788  -34.436  -11.328  40.671 0.0000000000
74789  -35.203  -11.232  40.806 0.0000000000
74790  -35.997  -11.163  40.856 0.0000000000
74791  -36.729  -11.063  40.859 0.0000000000
75746  -40.817  -10.455  43.264 0.0000000000
75757  -39.792  -10.050  42.185 0.0000000000
75758  -40.392  -9.824  42.721 0.0000000000
75766  -37.886  -10.720  40.885 0.0000000000
75767  -38.432  -10.300  41.093 0.0000000000
75768  -39.151  -10.180  41.617 0.0000000000
75778  -34.187  -10.963  39.955 0.0000000000
75779  -34.885  -10.806  40.078 0.0000000000
75780  -35.613  -10.629  40.261 0.0000000000
75781  -36.398  -10.419  40.341 0.0000000000
75782  -37.231  -10.472  40.598 0.0000000000
75783  -37.829  -10.139  40.646 0.0000000000
75795  -33.505  -10.751  39.446 0.0000000000
75796  -34.393  -10.286  39.367 0.0000000000
75797  -35.244  -10.106  39.652 0.0000000000
75798  -35.886  -10.028  39.906 0.0000000000
75809  -33.000  -10.198  38.796 0.0000000000
75810  -33.706  -10.099  38.956 0.0000000000
76829  -40.881  -9.417  43.319 0.0000000000
76839  -39.962  -9.198  42.296 0.0000000000
76840  -40.431  -9.064  42.775 0.0000000000
76847  -38.765  -9.438  41.154 0.0000000000
76848  -39.418  -9.334  41.696 0.0000000000
76856  -36.877  -9.920  40.217 0.0000000000
76857  -37.366  -9.602  40.335 0.0000000000
76858  -38.076  -9.492  40.696 0.0000000000
76869  -34.769  -9.290  39.191 0.0000000000
76870  -35.644  -9.359  39.567 0.0000000000
76871  -36.421  -9.552  39.897 0.0000000000
76872  -36.907  -9.492  40.083 0.0000000000
76883  -32.504  -9.454  38.542 0.0000000000
76884  -33.376  -9.463  38.698 0.0000000000
76885  -34.073  -9.591  38.916 0.0000000000
77843  -41.046  -8.561  43.691 0.0000000000
77849  -40.117  -8.387  42.544 0.0000000000
77850  -40.642  -8.474  43.123 0.0000000000
77857  -38.988  -8.594  41.318 0.0000000000
77858  -39.558  -8.493  41.914 0.0000000000
77865  -37.616  -8.769  40.397 0.0000000000
77866  -38.319  -8.661  40.815 0.0000000000
77876  -34.580  -8.417  39.134 0.0000000000
77877  -35.288  -8.502  39.397 0.0000000000
77878  -36.126  -8.663  39.646 0.0000000000
77879  -36.917  -8.891  39.972 0.0000000000
77889  -30.982  -8.637  38.543 0.0000000000
77890  -31.965  -8.626  38.511 0.0000000000
77891  -32.940  -8.659  38.588 0.0000000000
77892  -33.920  -8.747  38.806 0.0000000000
78808  -40.521  -7.170  43.737 0.0000000000
78809  -40.974  -7.507  44.156 0.0000000000
78817  -40.251  -7.477  43.159 0.0000000000
78818  -40.799  -7.981  43.492 0.0000000000
78826  -39.022  -7.811  41.653 0.0000000000
78827  -39.566  -7.685  42.276 0.0000000000
78835  -29.912  -7.013  40.156 0.0000000000
78836  -30.485  -6.814  40.243 0.0000000000
78837  -36.204  -7.391  40.138 0.0000000000
78838  -36.846  -7.467  40.355 0.0000000000
78839  -37.766  -7.818  40.578 0.0000000000
78840  -38.531  -7.884  41.096 0.0000000000
78851  -29.549  -7.633  39.408 0.0000000000
78852  -30.771  -7.162  39.587 0.0000000000
78853  -31.918  -7.211  39.309 0.0000000000
78854  -32.900  -7.250  39.258 0.0000000000
78855  -33.840  -7.320  39.267 0.0000000000
78856  -34.760  -7.652  39.431 0.0000000000
78857  -35.738  -7.741  39.739 0.0000000000
78858  -36.536  -8.014  39.900 0.0000000000
78859  -37.162  -8.171  40.178 0.0000000000
78868  -30.404  -7.939  38.878 0.0000000000
78869  -31.392  -7.816  38.791 0.0000000000
78870  -32.414  -7.846  38.758 0.0000000000
78871  -33.365  -7.928  38.862 0.0000000000
78872  -34.105  -7.983  39.039 0.0000000000
79737  -40.139  -6.165  44.638 0.0000000000
79738  -40.544  -6.580  44.918 0.0000000000
79750  -40.231  -6.570  43.945 0.0000000000
79751  -40.645  -6.858  44.334 0.0000000000
79761  -31.327  -6.233  42.257 0.0000000000
79762  -32.007  -6.067  41.988 0.0000000000
79763  -38.910  -6.339  42.528 0.0000000000
79764  -39.470  -6.561  42.875 0.0000000000
79773  -30.793  -6.524  41.502 0.0000000000
79774  -31.619  -6.284  41.370 0.0000000000
79775  -32.585  -6.069  41.390 0.0000000000
79776  -33.600  -6.042  41.170 0.0000000000
79777  -34.356  -6.094  40.988 0.0000000000
79778  -36.281  -6.139  41.378 0.0000000000
79779  -36.909  -6.331  41.383 0.0000000000
79780  -37.791  -6.571  41.540 0.0000000000
79781  -38.726  -6.907  42.077 0.0000000000
79782  -39.520  -7.146  42.569 0.0000000000
79789  -30.279  -6.721  40.823 0.0000000000
79790  -31.070  -6.627  40.551 0.0000000000
79791  -32.043  -6.372  40.551 0.0000000000
79792  -33.007  -6.283  40.481 0.0000000000
79793  -33.955  -6.338  40.426 0.0000000000
79794  -34.923  -6.405  40.529 0.0000000000
79795  -36.066  -6.650  40.687 0.0000000000
79796  -37.279  -6.948  40.885 0.0000000000
79797  -38.144  -7.222  41.222 0.0000000000
79798  -38.588  -7.457  41.514 0.0000000000
79807  -31.624  -6.713  39.895 0.0000000000
79808  -32.472  -6.670  39.810 0.0000000000
79809  -33.429  -6.697  39.767 0.0000000000
79810  -34.398  -6.805  39.797 0.0000000000
79811  -35.306  -7.018  39.983 0.0000000000
79812  -35.824  -7.190  40.125 0.0000000000
80706  -39.651  -5.382  45.574 0.0000000000
80707  -40.269  -5.869  45.798 0.0000000000
80716  -33.088  -4.912  44.353 0.0000000000
80717  -39.622  -5.606  44.583 0.0000000000
80718  -40.057  -5.927  45.108 0.0000000000
80725  -32.282  -5.475  43.584 0.0000000000
80726  -33.251  -5.133  43.768 0.0000000000
80727  -34.069  -4.970  43.506 0.0000000000
80728  -34.544  -5.017  43.125 0.0000000000
80729  -37.476  -4.862  43.527 0.0000000000
80730  -38.131  -5.152  43.410 0.0000000000
80731  -39.183  -5.708  43.412 0.0000000000
80736  -31.429  -6.018  42.834 0.0000000000
80737  -31.972  -5.814  42.709 0.0000000000
80738  -32.871  -5.531  42.827 0.0000000000
80739  -33.912  -5.306  42.762 0.0000000000
80740  -34.978  -5.227  42.516 0.0000000000
80741  -36.003  -5.285  42.500 0.0000000000
80742  -37.156  -5.213  42.801 0.0000000000
80743  -38.370  -5.887  42.555 0.0000000000
80744  -39.021  -6.077  42.791 0.0000000000
80748  -32.553  -5.881  42.196 0.0000000000
80749  -33.320  -5.786  42.020 0.0000000000
80750  -34.376  -5.712  41.708 0.0000000000
80751  -35.579  -5.832  41.564 0.0000000000
80752  -36.567  -5.789  41.921 0.0000000000
80753  -37.477  -5.997  42.010 0.0000000000
80754  -38.107  -6.298  41.994 0.0000000000
80758  -34.923  -6.025  41.134 0.0000000000
80759  -35.380  -6.199  40.956 0.0000000000
81677  -34.697  -3.892  45.508 0.0000000000
81678  -35.689  -3.936  45.604 0.0000000000
81679  -36.640  -4.026  45.752 0.0000000000
81691  -34.245  -4.376  44.737 0.0000000000
81692  -35.251  -4.317  44.734 0.0000000000
81693  -36.236  -4.287  44.788 0.0000000000
81694  -37.171  -4.377  44.894 0.0000000000
81695  -38.056  -4.596  45.058 0.0000000000
81696  -38.926  -4.939  45.276 0.0000000000
81702  -33.360  -4.884  44.282 0.0000000000
81703  -33.830  -4.789  44.147 0.0000000000
81704  -34.786  -4.763  43.810 0.0000000000
81705  -35.810  -4.603  43.913 0.0000000000
81706  -36.843  -4.604  43.858 0.0000000000
81707  -37.739  -4.710  44.154 0.0000000000
81708  -38.688  -4.978  44.268 0.0000000000
81712  -34.947  -4.936  43.122 0.0000000000
81713  -35.466  -4.886  43.140 0.0000000000
81714  -36.258  -4.844  43.196 0.0000000000
