#!ascii label  , from subject FREESURFER vox2ras=TkReg 
185
57424  -7.997  -28.404  42.410 0.0000000000
57425  -8.693  -28.734  42.256 0.0000000000
57434  -8.585  -28.048  42.169 0.0000000000
57435  -9.286  -28.363  41.955 0.0000000000
58341  -7.409  -27.420  42.519 0.0000000000
58342  -8.143  -27.438  42.195 0.0000000000
58351  -8.724  -27.406  41.876 0.0000000000
58352  -9.482  -27.295  41.409 0.0000000000
58353  -10.238  -27.552  41.062 0.0000000000
58361  -10.019  -26.785  40.797 0.0000000000
58362  -10.743  -27.330  40.551 0.0000000000
58363  -11.334  -27.443  40.057 0.0000000000
58369  -11.791  -27.544  39.536 0.0000000000
58370  -12.299  -27.649  39.019 0.0000000000
58378  -12.803  -27.703  38.424 0.0000000000
58379  -13.365  -27.716  37.832 0.0000000000
58388  -14.133  -27.656  37.002 0.0000000000
58397  -14.340  -27.222  36.345 0.0000000000
58398  -14.902  -27.735  36.069 0.0000000000
58408  -14.990  -27.280  35.427 0.0000000000
59275  -6.872  -26.478  42.693 0.0000000000
59276  -7.801  -26.501  42.206 0.0000000000
59277  -8.307  -26.931  41.969 0.0000000000
59293  -8.075  -26.035  41.936 0.0000000000
59294  -8.567  -26.424  41.657 0.0000000000
59295  -9.347  -26.247  41.071 0.0000000000
59312  -9.838  -26.048  40.589 0.0000000000
59313  -10.541  -26.280  40.184 0.0000000000
59314  -11.026  -26.849  40.097 0.0000000000
59330  -10.806  -25.925  39.738 0.0000000000
59331  -11.361  -26.438  39.452 0.0000000000
59332  -11.953  -27.019  39.128 0.0000000000
59346  -11.629  -25.956  38.792 0.0000000000
59347  -12.283  -26.515  38.416 0.0000000000
59348  -12.875  -27.134  38.004 0.0000000000
59360  -12.589  -26.061  37.680 0.0000000000
59361  -13.109  -26.620  37.371 0.0000000000
59376  -13.901  -26.556  36.253 0.0000000000
59377  -14.413  -27.032  36.005 0.0000000000
59395  -14.059  -26.132  35.672 0.0000000000
59396  -14.596  -26.634  35.369 0.0000000000
59397  -15.039  -27.112  35.127 0.0000000000
59414  -14.812  -26.337  34.611 0.0000000000
59415  -15.122  -26.921  34.581 0.0000000000
59431  -14.985  -26.248  33.943 0.0000000000
59432  -15.294  -27.019  33.650 0.0000000000
60343  -7.247  -25.638  42.549 0.0000000000
60344  -7.768  -25.293  42.308 0.0000000000
60357  -7.816  -25.774  42.166 0.0000000000
60358  -8.227  -25.504  41.871 0.0000000000
60359  -8.870  -25.522  41.359 0.0000000000
60373  -9.468  -25.453  40.837 0.0000000000
60374  -10.054  -25.441  40.373 0.0000000000
60391  -10.530  -25.456  39.940 0.0000000000
60392  -10.932  -25.481  39.539 0.0000000000
60407  -11.313  -25.422  39.039 0.0000000000
60408  -11.699  -25.421  38.380 0.0000000000
60422  -12.212  -25.426  37.649 0.0000000000
60423  -12.701  -25.771  37.237 0.0000000000
60438  -12.520  -25.201  36.936 0.0000000000
60439  -13.081  -25.624  36.547 0.0000000000
60453  -13.603  -25.572  35.752 0.0000000000
60454  -14.128  -25.818  35.287 0.0000000000
60464  -13.839  -25.221  35.070 0.0000000000
60465  -14.450  -25.628  34.519 0.0000000000
60473  -14.602  -25.462  33.435 0.0000000000
61345  -7.195  -24.607  43.341 0.0000000000
61346  -7.782  -24.533  42.948 0.0000000000
61355  -6.849  -25.054  42.933 0.0000000000
61356  -7.456  -24.927  42.686 0.0000000000
61357  -8.194  -24.747  42.337 0.0000000000
61358  -8.810  -24.533  41.961 0.0000000000
61367  -8.635  -24.957  41.735 0.0000000000
61368  -9.279  -24.703  41.352 0.0000000000
61369  -9.884  -24.344  40.972 0.0000000000
61381  -9.774  -24.868  40.716 0.0000000000
61382  -10.450  -24.582  40.349 0.0000000000
61383  -11.040  -24.086  40.186 0.0000000000
61394  -10.704  -25.019  39.790 0.0000000000
61395  -11.110  -24.615  39.551 0.0000000000
61407  -11.434  -24.611  38.735 0.0000000000
61408  -11.688  -24.544  37.905 0.0000000000
61419  -12.169  -24.523  37.098 0.0000000000
61431  -12.674  -24.628  36.296 0.0000000000
61432  -13.105  -25.105  36.000 0.0000000000
61446  -12.760  -24.243  35.893 0.0000000000
61447  -13.184  -24.577  35.487 0.0000000000
61460  -13.784  -24.566  34.318 0.0000000000
61461  -14.334  -25.070  33.968 0.0000000000
61473  -13.836  -24.161  33.311 0.0000000000
61474  -14.219  -24.780  33.575 0.0000000000
62327  -7.927  -23.314  44.929 0.0000000000
62328  -8.501  -23.130  44.838 0.0000000000
62340  -7.547  -24.068  44.059 0.0000000000
62341  -8.762  -23.500  44.299 0.0000000000
62342  -9.443  -23.267  44.123 0.0000000000
62353  -7.741  -24.372  43.380 0.0000000000
62354  -8.509  -24.251  43.165 0.0000000000
62355  -9.659  -23.525  43.423 0.0000000000
62356  -10.343  -23.120  43.120 0.0000000000
62368  -8.739  -24.429  42.403 0.0000000000
62369  -9.450  -24.124  42.195 0.0000000000
62370  -10.280  -23.396  42.483 0.0000000000
62381  -9.767  -24.215  41.454 0.0000000000
62382  -10.503  -23.714  41.348 0.0000000000
62383  -11.146  -23.243  41.143 0.0000000000
62394  -10.738  -23.931  40.579 0.0000000000
62395  -11.156  -23.536  40.608 0.0000000000
62403  -11.528  -23.621  39.697 0.0000000000
62404  -11.953  -23.168  39.281 0.0000000000
62413  -11.465  -24.120  39.141 0.0000000000
62414  -11.773  -23.633  38.625 0.0000000000
62425  -12.030  -23.680  37.539 0.0000000000
62442  -12.382  -23.640  36.556 0.0000000000
62443  -12.630  -23.130  36.122 0.0000000000
62460  -12.586  -24.056  36.103 0.0000000000
62461  -12.722  -23.705  35.773 0.0000000000
62477  -13.062  -23.608  34.884 0.0000000000
62494  -13.374  -23.441  33.881 0.0000000000
63342  -8.506  -22.527  45.212 0.0000000000
63343  -9.089  -22.191  45.147 0.0000000000
63351  -8.813  -22.991  44.766 0.0000000000
63352  -9.463  -22.626  44.583 0.0000000000
63353  -10.178  -22.137  44.285 0.0000000000
63361  -9.802  -23.122  44.030 0.0000000000
63362  -10.300  -22.644  43.728 0.0000000000
63372  -10.879  -22.601  42.739 0.0000000000
63373  -11.365  -22.176  42.425 0.0000000000
63382  -10.854  -23.181  42.107 0.0000000000
63383  -11.442  -22.649  41.681 0.0000000000
63384  -12.067  -22.173  41.202 0.0000000000
63395  -11.428  -23.004  40.903 0.0000000000
63396  -11.876  -22.575  40.774 0.0000000000
63406  -11.640  -23.106  40.379 0.0000000000
63407  -12.165  -22.752  39.912 0.0000000000
63415  -12.351  -22.661  38.943 0.0000000000
63416  -12.720  -22.279  38.343 0.0000000000
63424  -12.322  -22.915  38.038 0.0000000000
63425  -12.763  -22.299  37.613 0.0000000000
63440  -12.365  -22.979  37.248 0.0000000000
63441  -12.710  -22.539  36.631 0.0000000000
63457  -12.826  -22.677  35.593 0.0000000000
63473  -13.054  -22.570  34.531 0.0000000000
64339  -8.059  -21.591  45.934 0.0000000000
64340  -8.953  -21.605  45.580 0.0000000000
64341  -9.626  -21.236  45.376 0.0000000000
64349  -9.459  -21.875  45.118 0.0000000000
64350  -10.119  -21.532  44.743 0.0000000000
64356  -10.698  -21.598  43.989 0.0000000000
64357  -11.121  -21.312  43.539 0.0000000000
64364  -10.900  -21.945  43.382 0.0000000000
64365  -11.378  -21.505  42.904 0.0000000000
64366  -11.995  -21.219  42.449 0.0000000000
64374  -11.706  -21.857  42.262 0.0000000000
64375  -12.268  -21.584  41.692 0.0000000000
64386  -12.535  -21.760  40.585 0.0000000000
64387  -12.944  -21.296  39.950 0.0000000000
64396  -12.714  -21.977  39.592 0.0000000000
64397  -13.171  -21.310  39.248 0.0000000000
64405  -12.867  -21.964  38.880 0.0000000000
64406  -13.170  -21.524  38.260 0.0000000000
64417  -13.189  -21.575  37.191 0.0000000000
64433  -13.081  -21.653  36.186 0.0000000000
64448  -13.096  -21.683  35.189 0.0000000000
65432  -8.217  -20.442  46.329 0.0000000000
65433  -8.835  -19.950  46.297 0.0000000000
65444  -8.643  -21.079  46.037 0.0000000000
65445  -9.280  -20.505  45.964 0.0000000000
65446  -10.202  -20.491  45.260 0.0000000000
65459  -10.899  -20.495  44.341 0.0000000000
65460  -11.325  -19.933  43.982 0.0000000000
65470  -11.074  -20.984  43.851 0.0000000000
65471  -11.405  -20.489  43.563 0.0000000000
65480  -11.894  -20.503  42.894 0.0000000000
65481  -12.407  -20.478  42.159 0.0000000000
65492  -12.865  -20.490  41.030 0.0000000000
65493  -13.258  -19.886  40.549 0.0000000000
65509  -12.921  -20.996  40.378 0.0000000000
65510  -13.289  -20.432  39.939 0.0000000000
65525  -13.545  -20.530  38.796 0.0000000000
65537  -13.493  -20.636  37.737 0.0000000000
65548  -13.425  -20.743  36.722 0.0000000000
66698  -13.494  -19.382  40.190 0.0000000000
66713  -13.618  -19.519  39.289 0.0000000000
66723  -13.520  -19.624  38.237 0.0000000000
