#!ascii label  , from subject FREESURFER vox2ras=TkReg 
297
11852  -16.110  -76.098  8.021 0.0000000000
11853  -16.294  -75.830  8.025 0.0000000000
11871  -16.186  -75.855  7.783 0.0000000000
11872  -16.374  -75.725  7.815 0.0000000000
12593  -15.934  -75.708  8.757 0.0000000000
12617  -15.608  -76.030  8.348 0.0000000000
12618  -16.250  -75.694  8.299 0.0000000000
12637  -14.937  -76.049  7.664 0.0000000000
12638  -15.812  -75.896  7.595 0.0000000000
12639  -16.515  -75.547  7.646 0.0000000000
12640  -17.102  -75.139  7.290 0.0000000000
12654  -14.358  -75.693  6.925 0.0000000000
12655  -15.203  -75.543  6.909 0.0000000000
12656  -16.108  -75.399  6.876 0.0000000000
12657  -16.925  -75.234  6.826 0.0000000000
12658  -17.292  -74.956  6.946 0.0000000000
13420  -16.303  -75.121  8.905 0.0000000000
13440  -16.750  -75.112  8.192 0.0000000000
13441  -17.128  -74.625  7.927 0.0000000000
13459  -17.066  -75.066  7.707 0.0000000000
13460  -17.317  -74.596  7.308 0.0000000000
13475  -13.894  -75.116  6.225 0.0000000000
13476  -14.637  -74.998  6.252 0.0000000000
13477  -15.577  -74.991  6.178 0.0000000000
13478  -16.572  -74.949  6.132 0.0000000000
13479  -17.333  -74.506  6.427 0.0000000000
13490  -14.150  -74.346  5.622 0.0000000000
13491  -15.005  -74.309  5.617 0.0000000000
13492  -16.029  -74.321  5.573 0.0000000000
13493  -17.021  -74.343  5.524 0.0000000000
13494  -17.422  -74.013  5.802 0.0000000000
14298  -16.310  -74.017  9.068 0.0000000000
14319  -16.805  -74.330  8.415 0.0000000000
14320  -17.240  -73.890  7.794 0.0000000000
14336  -17.497  -73.748  6.989 0.0000000000
14348  -9.256  -73.308  6.729 0.0000000000
14349  -17.569  -73.561  6.169 0.0000000000
14360  -12.844  -73.546  5.063 0.0000000000
14361  -13.654  -73.488  5.255 0.0000000000
14362  -14.440  -73.529  5.228 0.0000000000
14363  -15.389  -73.516  5.031 0.0000000000
14364  -16.495  -73.707  4.973 0.0000000000
14365  -17.401  -73.395  5.223 0.0000000000
14373  -16.003  -73.087  4.371 0.0000000000
14374  -16.855  -73.172  4.400 0.0000000000
14375  -17.308  -72.713  4.506 0.0000000000
14381  -16.456  -72.806  3.867 0.0000000000
14382  -17.079  -72.697  3.892 0.0000000000
14383  -17.323  -72.429  4.107 0.0000000000
15170  -16.015  -72.908  9.103 0.0000000000
15189  -16.716  -73.122  8.352 0.0000000000
15190  -17.224  -72.874  7.423 0.0000000000
15209  -17.512  -72.895  6.682 0.0000000000
15219  -9.270  -72.285  6.811 0.0000000000
15220  -9.919  -71.935  6.120 0.0000000000
15221  -10.545  -71.863  5.746 0.0000000000
15222  -17.706  -72.556  5.957 0.0000000000
15229  -9.547  -72.639  6.231 0.0000000000
15230  -10.155  -72.557  5.622 0.0000000000
15231  -11.071  -72.217  5.332 0.0000000000
15232  -12.102  -72.552  4.920 0.0000000000
15233  -13.138  -72.548  5.164 0.0000000000
15234  -13.972  -72.645  5.046 0.0000000000
15235  -14.629  -72.964  4.857 0.0000000000
15236  -17.616  -72.303  5.081 0.0000000000
15241  -10.704  -72.920  5.127 0.0000000000
15242  -11.352  -72.982  4.853 0.0000000000
15243  -11.808  -73.184  4.699 0.0000000000
15244  -14.371  -72.386  4.580 0.0000000000
15245  -15.102  -72.779  4.401 0.0000000000
15246  -17.521  -72.122  4.360 0.0000000000
15253  -14.723  -72.201  4.003 0.0000000000
15254  -15.621  -72.398  3.566 0.0000000000
15255  -16.640  -72.262  3.351 0.0000000000
15256  -17.350  -72.056  3.679 0.0000000000
15264  -16.093  -71.889  2.890 0.0000000000
15265  -16.623  -71.786  2.940 0.0000000000
16041  -16.766  -71.871  7.832 0.0000000000
16059  -9.091  -71.577  7.056 0.0000000000
16060  -17.440  -71.665  6.862 0.0000000000
16074  -9.700  -71.443  6.468 0.0000000000
16075  -10.562  -71.296  5.926 0.0000000000
16076  -10.953  -71.641  5.634 0.0000000000
16077  -17.826  -71.336  5.705 0.0000000000
16078  -17.897  -70.732  5.480 0.0000000000
16088  -11.091  -70.945  5.762 0.0000000000
16089  -11.529  -71.454  5.445 0.0000000000
16090  -12.638  -71.530  5.142 0.0000000000
16091  -13.533  -71.905  4.945 0.0000000000
16092  -13.979  -72.104  4.781 0.0000000000
16093  -17.736  -71.531  4.771 0.0000000000
16094  -17.872  -70.867  5.060 0.0000000000
16099  -12.835  -71.027  4.912 0.0000000000
16100  -13.264  -71.308  4.711 0.0000000000
16101  -13.992  -71.680  4.291 0.0000000000
16102  -17.685  -71.514  4.048 0.0000000000
16103  -17.841  -70.949  4.345 0.0000000000
16108  -14.776  -71.566  3.263 0.0000000000
16109  -15.490  -71.822  3.032 0.0000000000
16110  -17.083  -71.695  3.037 0.0000000000
16111  -17.526  -71.172  3.374 0.0000000000
16112  -17.773  -71.030  3.840 0.0000000000
16119  -14.891  -71.163  2.653 0.0000000000
16120  -15.562  -71.309  2.460 0.0000000000
16121  -16.686  -71.267  2.489 0.0000000000
16122  -17.244  -71.221  2.841 0.0000000000
16130  -15.698  -71.011  2.040 0.0000000000
16131  -16.082  -71.016  2.008 0.0000000000
16890  -8.684  -70.881  7.387 0.0000000000
16891  -8.957  -71.232  7.209 0.0000000000
16892  -17.508  -70.518  7.129 0.0000000000
16905  -8.473  -70.074  6.718 0.0000000000
16906  -9.386  -70.841  6.664 0.0000000000
16907  -10.092  -70.980  6.285 0.0000000000
16908  -17.806  -70.569  6.495 0.0000000000
16909  -17.941  -70.358  5.803 0.0000000000
16918  -8.700  -69.696  6.150 0.0000000000
16919  -9.239  -70.022  6.034 0.0000000000
16920  -10.420  -70.468  5.677 0.0000000000
16921  -11.484  -70.774  5.421 0.0000000000
16922  -12.043  -71.059  5.333 0.0000000000
16923  -17.949  -70.362  5.297 0.0000000000
16931  -10.767  -69.959  5.037 0.0000000000
16932  -11.304  -70.246  5.048 0.0000000000
16933  -12.228  -70.654  4.910 0.0000000000
16934  -12.910  -70.833  4.420 0.0000000000
16935  -13.460  -71.077  4.166 0.0000000000
16936  -17.979  -70.259  4.694 0.0000000000
16945  -10.989  -69.916  4.508 0.0000000000
16946  -11.632  -70.006  4.296 0.0000000000
16947  -12.476  -70.252  4.032 0.0000000000
16948  -13.160  -70.610  3.615 0.0000000000
16949  -13.870  -71.052  3.513 0.0000000000
16950  -17.631  -70.727  3.232 0.0000000000
16951  -17.867  -70.392  3.655 0.0000000000
16959  -13.559  -70.572  2.953 0.0000000000
16960  -14.295  -70.757  2.603 0.0000000000
16961  -14.997  -70.911  2.282 0.0000000000
16962  -17.016  -70.820  2.287 0.0000000000
16963  -17.453  -70.582  2.689 0.0000000000
16964  -17.927  -69.877  2.985 0.0000000000
16971  -14.745  -70.459  2.015 0.0000000000
16972  -15.579  -70.565  1.911 0.0000000000
16973  -16.693  -70.461  1.969 0.0000000000
16974  -17.337  -69.920  2.113 0.0000000000
17790  -18.003  -69.335  7.231 0.0000000000
17800  -7.692  -69.327  6.484 0.0000000000
17801  -8.331  -69.464  6.190 0.0000000000
17802  -17.827  -69.964  7.001 0.0000000000
17803  -18.104  -69.563  6.413 0.0000000000
17810  -8.023  -69.042  5.948 0.0000000000
17811  -8.659  -69.302  5.542 0.0000000000
17812  -9.623  -69.701  5.221 0.0000000000
17813  -10.295  -69.846  5.018 0.0000000000
17814  -18.200  -69.615  5.392 0.0000000000
17822  -9.100  -69.049  4.529 0.0000000000
17823  -9.959  -69.487  4.439 0.0000000000
17824  -10.537  -69.770  4.517 0.0000000000
17825  -18.296  -69.393  4.382 0.0000000000
17836  -9.151  -68.634  4.007 0.0000000000
17837  -9.642  -68.923  3.900 0.0000000000
17838  -10.700  -69.331  3.642 0.0000000000
17839  -11.962  -69.593  3.497 0.0000000000
17840  -12.770  -69.972  3.177 0.0000000000
17841  -13.192  -70.274  2.970 0.0000000000
17842  -18.177  -69.395  3.399 0.0000000000
17853  -10.917  -68.676  2.983 0.0000000000
17854  -11.560  -68.861  2.980 0.0000000000
17855  -12.480  -69.172  2.779 0.0000000000
17856  -13.531  -69.737  2.287 0.0000000000
17857  -14.294  -70.161  2.096 0.0000000000
17858  -17.776  -69.462  2.461 0.0000000000
17859  -18.075  -69.386  2.866 0.0000000000
17870  -14.099  -69.089  1.706 0.0000000000
17871  -14.783  -69.626  1.665 0.0000000000
17872  -16.070  -69.636  1.513 0.0000000000
17873  -17.021  -69.491  1.770 0.0000000000
17874  -17.454  -69.396  2.076 0.0000000000
18716  -18.275  -68.580  7.026 0.0000000000
18727  -18.648  -68.486  5.992 0.0000000000
18728  -19.163  -67.939  5.653 0.0000000000
18740  -7.363  -68.506  5.998 0.0000000000
18741  -8.022  -68.671  5.508 0.0000000000
18742  -18.585  -68.899  5.121 0.0000000000
18743  -19.022  -68.318  5.196 0.0000000000
18750  -7.028  -67.822  5.587 0.0000000000
18751  -7.656  -68.016  5.163 0.0000000000
18752  -8.369  -68.533  4.891 0.0000000000
18753  -18.714  -68.640  4.609 0.0000000000
18754  -19.138  -68.100  4.501 0.0000000000
18763  -8.112  -67.939  4.572 0.0000000000
18764  -8.657  -68.238  4.127 0.0000000000
18765  -9.265  -68.250  3.622 0.0000000000
18766  -9.877  -68.575  3.430 0.0000000000
18767  -18.634  -68.563  3.822 0.0000000000
18768  -19.062  -67.831  3.895 0.0000000000
18778  -9.624  -68.036  3.227 0.0000000000
18779  -10.309  -68.216  2.947 0.0000000000
18780  -11.158  -68.176  2.556 0.0000000000
18781  -12.069  -68.309  2.385 0.0000000000
18782  -12.830  -68.761  2.152 0.0000000000
18783  -17.931  -68.978  2.356 0.0000000000
18784  -18.258  -68.726  2.734 0.0000000000
18793  -12.637  -67.985  1.869 0.0000000000
18794  -13.554  -68.443  1.660 0.0000000000
18795  -14.566  -68.484  1.427 0.0000000000
18796  -15.582  -68.652  1.268 0.0000000000
18797  -16.679  -68.694  1.398 0.0000000000
18798  -17.649  -68.710  1.999 0.0000000000
18799  -18.135  -68.182  2.281 0.0000000000
19707  -7.068  -67.258  5.095 0.0000000000
19708  -7.695  -67.328  4.603 0.0000000000
19709  -19.639  -67.528  4.231 0.0000000000
19719  -8.242  -67.487  4.193 0.0000000000
19720  -8.787  -67.356  3.587 0.0000000000
19721  -9.300  -67.744  3.343 0.0000000000
19722  -18.757  -67.840  3.261 0.0000000000
19723  -19.344  -67.327  3.534 0.0000000000
19736  -8.945  -66.812  3.199 0.0000000000
19737  -9.516  -67.259  2.954 0.0000000000
19738  -10.616  -67.186  2.323 0.0000000000
19739  -11.591  -67.578  2.174 0.0000000000
19740  -12.131  -67.754  2.070 0.0000000000
19741  -18.468  -67.717  2.569 0.0000000000
19742  -18.996  -67.032  2.912 0.0000000000
19753  -10.920  -66.617  2.066 0.0000000000
19754  -11.384  -66.849  1.970 0.0000000000
19755  -12.205  -67.177  1.792 0.0000000000
19756  -13.165  -67.327  1.500 0.0000000000
19757  -14.170  -67.487  1.289 0.0000000000
19758  -15.197  -67.619  1.150 0.0000000000
19759  -16.245  -67.759  1.040 0.0000000000
19760  -17.240  -67.746  1.379 0.0000000000
19761  -18.039  -67.524  1.951 0.0000000000
19762  -18.595  -67.019  2.334 0.0000000000
20707  -7.214  -66.719  4.573 0.0000000000
20726  -7.017  -66.124  4.259 0.0000000000
20727  -7.887  -66.520  4.025 0.0000000000
20728  -8.519  -66.384  3.366 0.0000000000
20742  -9.023  -66.204  2.957 0.0000000000
20743  -9.803  -66.313  2.455 0.0000000000
20744  -10.551  -66.216  2.127 0.0000000000
20756  -11.187  -66.166  1.975 0.0000000000
20757  -11.887  -66.270  1.762 0.0000000000
20758  -12.747  -66.369  1.500 0.0000000000
20759  -13.738  -66.428  1.208 0.0000000000
20760  -14.805  -66.563  1.047 0.0000000000
20761  -15.841  -66.756  0.961 0.0000000000
20762  -16.827  -66.848  1.022 0.0000000000
20763  -17.672  -66.742  1.399 0.0000000000
20764  -18.422  -66.518  1.842 0.0000000000
21636  -7.232  -65.494  3.780 0.0000000000
21637  -8.022  -65.520  3.333 0.0000000000
21638  -8.520  -65.863  3.138 0.0000000000
21648  -8.175  -65.082  3.019 0.0000000000
21649  -8.594  -65.341  2.945 0.0000000000
21650  -9.329  -65.438  2.620 0.0000000000
21651  -10.104  -65.453  2.289 0.0000000000
21659  -10.858  -65.484  2.086 0.0000000000
21660  -11.565  -65.506  1.917 0.0000000000
21661  -12.334  -65.491  1.637 0.0000000000
21662  -13.236  -65.456  1.305 0.0000000000
21663  -14.375  -65.291  0.899 0.0000000000
21664  -15.503  -65.764  0.825 0.0000000000
21665  -16.460  -65.951  0.925 0.0000000000
21666  -17.296  -66.000  1.083 0.0000000000
21667  -18.096  -65.756  1.286 0.0000000000
21677  -14.764  -64.483  0.721 0.0000000000
21678  -15.325  -64.848  0.655 0.0000000000
21679  -16.187  -65.088  0.753 0.0000000000
21680  -17.043  -65.262  0.915 0.0000000000
21681  -17.584  -65.423  1.064 0.0000000000
22483  -7.440  -64.698  3.331 0.0000000000
22484  -7.919  -64.797  3.066 0.0000000000
22497  -8.296  -64.645  2.874 0.0000000000
22498  -8.912  -64.654  2.706 0.0000000000
22499  -9.677  -64.639  2.487 0.0000000000
22500  -10.578  -64.609  2.273 0.0000000000
22501  -11.288  -64.292  2.159 0.0000000000
22509  -11.235  -64.917  2.077 0.0000000000
22510  -11.918  -64.643  1.919 0.0000000000
22511  -12.732  -64.644  1.515 0.0000000000
22512  -13.555  -64.474  1.202 0.0000000000
22513  -14.247  -64.180  0.913 0.0000000000
22526  -14.715  -63.945  0.736 0.0000000000
22527  -15.211  -64.098  0.631 0.0000000000
22528  -15.919  -64.256  0.597 0.0000000000
22529  -16.801  -64.422  0.697 0.0000000000
22530  -17.878  -64.722  0.848 0.0000000000
23364  -7.839  -64.023  2.945 0.0000000000
23376  -8.481  -63.991  2.710 0.0000000000
23377  -9.200  -63.892  2.615 0.0000000000
23378  -10.055  -63.796  2.528 0.0000000000
23379  -10.935  -63.674  2.417 0.0000000000
23380  -11.831  -63.594  2.137 0.0000000000
23390  -12.405  -63.969  1.729 0.0000000000
23391  -13.025  -63.791  1.438 0.0000000000
