#!ascii label  , from subject FREESURFER vox2ras=TkReg 
475
98811  -36.038  14.680  35.484 0.0000000000
98812  -37.018  14.713  35.811 0.0000000000
98813  -37.802  14.842  35.984 0.0000000000
98830  -36.180  14.959  34.691 0.0000000000
99502  -39.168  15.102  36.268 0.0000000000
99503  -39.981  15.380  36.632 0.0000000000
99504  -41.048  15.819  36.751 0.0000000000
99505  -42.240  16.171  36.774 0.0000000000
99511  -36.835  15.048  35.004 0.0000000000
99512  -37.699  15.022  35.219 0.0000000000
99513  -38.632  15.185  35.579 0.0000000000
99514  -39.679  15.526  35.654 0.0000000000
99515  -40.744  15.909  35.730 0.0000000000
99516  -41.598  16.198  36.086 0.0000000000
99525  -35.897  15.078  34.017 0.0000000000
99526  -36.673  15.233  34.203 0.0000000000
99527  -37.504  15.290  34.373 0.0000000000
99528  -38.395  15.401  34.570 0.0000000000
99529  -39.393  15.698  34.673 0.0000000000
99530  -40.228  15.854  34.989 0.0000000000
99547  -34.681  15.228  33.089 0.0000000000
99548  -35.560  15.315  33.229 0.0000000000
99549  -36.416  15.429  33.420 0.0000000000
99550  -37.249  15.515  33.569 0.0000000000
99551  -38.192  15.623  33.605 0.0000000000
99552  -38.927  15.767  33.959 0.0000000000
99561  -34.130  15.614  32.419 0.0000000000
99562  -35.146  15.668  32.340 0.0000000000
99563  -36.140  15.706  32.606 0.0000000000
99564  -36.990  15.783  32.815 0.0000000000
99565  -37.720  15.776  32.955 0.0000000000
99571  -33.494  16.032  31.746 0.0000000000
99572  -34.427  16.095  31.733 0.0000000000
99573  -35.175  16.183  31.662 0.0000000000
100253  -42.730  16.613  36.236 0.0000000000
100254  -43.196  16.574  36.447 0.0000000000
100259  -41.623  16.380  35.353 0.0000000000
100260  -42.385  16.639  35.747 0.0000000000
100261  -43.095  17.034  35.936 0.0000000000
100268  -40.219  16.061  34.302 0.0000000000
100269  -41.063  16.323  34.608 0.0000000000
100270  -42.286  16.982  34.581 0.0000000000
100271  -43.041  17.274  35.262 0.0000000000
100272  -43.501  17.253  35.542 0.0000000000
100286  -38.943  16.014  33.312 0.0000000000
100287  -39.711  16.128  33.613 0.0000000000
100288  -40.700  16.434  33.636 0.0000000000
100289  -41.585  16.901  33.682 0.0000000000
100296  -35.910  16.113  31.823 0.0000000000
100297  -36.786  16.166  32.039 0.0000000000
100298  -37.627  16.166  32.281 0.0000000000
100299  -38.477  16.157  32.649 0.0000000000
100300  -39.406  16.400  32.725 0.0000000000
100301  -40.368  16.682  32.719 0.0000000000
100302  -41.139  16.903  33.014 0.0000000000
100309  -32.811  16.717  31.269 0.0000000000
100310  -33.862  16.714  31.081 0.0000000000
100311  -34.796  16.591  31.196 0.0000000000
100312  -35.616  16.585  31.229 0.0000000000
100313  -36.559  16.696  31.202 0.0000000000
100314  -37.467  16.618  31.517 0.0000000000
100315  -38.297  16.592  31.763 0.0000000000
100316  -39.104  16.672  31.985 0.0000000000
100317  -39.826  16.807  32.116 0.0000000000
100321  -34.000  17.117  30.717 0.0000000000
100322  -34.469  17.075  30.730 0.0000000000
100323  -35.268  17.022  30.755 0.0000000000
100324  -35.992  17.036  30.770 0.0000000000
101024  -42.819  17.504  34.008 0.0000000000
101025  -43.230  17.588  34.417 0.0000000000
101040  -42.417  17.476  33.539 0.0000000000
101052  -41.125  17.225  32.377 0.0000000000
101053  -41.821  17.510  32.765 0.0000000000
101061  -32.171  17.726  30.813 0.0000000000
101062  -33.247  17.296  30.745 0.0000000000
101063  -33.754  17.169  30.730 0.0000000000
101064  -37.356  17.141  30.896 0.0000000000
101065  -38.121  17.132  31.079 0.0000000000
101066  -38.913  17.062  31.288 0.0000000000
101067  -39.668  17.142  31.503 0.0000000000
101068  -40.556  17.282  31.764 0.0000000000
101074  -32.519  18.301  30.433 0.0000000000
101075  -33.033  18.021  30.338 0.0000000000
101076  -33.960  17.605  30.367 0.0000000000
101077  -34.965  17.592  30.395 0.0000000000
101078  -35.789  17.491  30.400 0.0000000000
101079  -36.715  17.531  30.365 0.0000000000
101080  -37.877  17.766  30.365 0.0000000000
101081  -38.806  17.575  30.679 0.0000000000
101082  -39.449  17.459  30.949 0.0000000000
101083  -40.178  17.605  31.000 0.0000000000
101084  -40.987  17.825  31.083 0.0000000000
101089  -36.835  17.887  30.009 0.0000000000
101090  -37.175  17.932  29.995 0.0000000000
101791  -32.125  18.753  30.437 0.0000000000
101792  -32.804  18.753  30.159 0.0000000000
101793  -33.662  18.723  29.892 0.0000000000
101794  -34.697  18.278  29.931 0.0000000000
101795  -35.620  18.022  30.014 0.0000000000
101796  -36.183  17.815  30.123 0.0000000000
101797  -38.271  18.190  29.942 0.0000000000
101798  -38.807  18.063  30.073 0.0000000000
101799  -39.704  17.962  30.365 0.0000000000
101800  -40.696  18.136  30.498 0.0000000000
101807  -33.943  19.325  29.570 0.0000000000
101808  -34.529  19.091  29.503 0.0000000000
101809  -35.486  18.753  29.495 0.0000000000
101810  -36.607  18.265  29.726 0.0000000000
101811  -37.759  18.410  29.721 0.0000000000
101812  -38.655  18.554  29.624 0.0000000000
101813  -39.523  18.568  29.697 0.0000000000
101814  -40.460  18.579  29.912 0.0000000000
102520  -31.646  19.567  30.604 0.0000000000
102521  -32.548  19.642  30.129 0.0000000000
102522  -33.074  19.196  29.917 0.0000000000
102531  -32.918  20.124  29.868 0.0000000000
102532  -33.401  19.745  29.671 0.0000000000
102533  -34.230  19.814  29.301 0.0000000000
102534  -35.209  19.804  28.998 0.0000000000
102535  -36.297  19.303  29.088 0.0000000000
102536  -37.348  19.128  29.212 0.0000000000
102537  -38.332  19.124  29.254 0.0000000000
102538  -39.230  19.131  29.251 0.0000000000
102539  -40.222  19.394  29.315 0.0000000000
102545  -35.548  20.404  28.713 0.0000000000
102546  -36.096  20.156  28.692 0.0000000000
102547  -37.021  19.943  28.751 0.0000000000
102548  -38.010  19.826  28.839 0.0000000000
102549  -38.983  19.693  28.869 0.0000000000
102550  -39.607  19.623  29.046 0.0000000000
103234  -31.706  20.764  31.294 0.0000000000
103238  -31.385  20.239  31.022 0.0000000000
103239  -32.034  20.509  30.610 0.0000000000
103247  -32.684  20.526  30.126 0.0000000000
103248  -33.183  20.592  29.732 0.0000000000
103249  -33.860  20.638  29.293 0.0000000000
103250  -34.541  20.400  29.023 0.0000000000
103251  -40.432  19.869  29.031 0.0000000000
103261  -34.411  20.997  28.951 0.0000000000
103262  -35.061  20.808  28.734 0.0000000000
103263  -35.820  20.889  28.474 0.0000000000
103264  -36.670  20.717  28.292 0.0000000000
103265  -37.652  20.552  28.332 0.0000000000
103266  -38.696  20.415  28.423 0.0000000000
103267  -39.971  20.210  28.701 0.0000000000
103890  -32.564  21.781  32.217 0.0000000000
103891  -33.154  22.158  32.367 0.0000000000
103900  -32.267  21.350  31.232 0.0000000000
103901  -32.812  21.718  30.926 0.0000000000
103903  -32.601  21.174  30.514 0.0000000000
103904  -33.138  21.673  30.373 0.0000000000
103908  -32.971  21.100  30.044 0.0000000000
103909  -33.479  21.412  29.673 0.0000000000
103910  -34.095  21.539  29.210 0.0000000000
103918  -34.660  21.618  28.799 0.0000000000
103919  -35.349  21.632  28.531 0.0000000000
103920  -36.240  21.711  28.120 0.0000000000
103921  -37.237  21.338  27.889 0.0000000000
103922  -38.226  21.210  27.941 0.0000000000
103923  -39.293  21.109  27.981 0.0000000000
103933  -36.966  22.119  27.792 0.0000000000
103934  -37.748  22.028  27.659 0.0000000000
103935  -38.702  21.946  27.567 0.0000000000
104497  -33.090  22.199  31.909 0.0000000000
104498  -33.744  22.413  32.333 0.0000000000
104499  -34.596  22.717  32.813 0.0000000000
104500  -35.278  22.874  33.235 0.0000000000
104510  -32.809  21.895  31.480 0.0000000000
104511  -33.477  22.255  31.160 0.0000000000
104512  -34.566  22.819  31.754 0.0000000000
104513  -35.119  22.984  32.536 0.0000000000
104516  -33.718  22.162  30.063 0.0000000000
104517  -34.283  22.720  30.609 0.0000000000
104519  -33.907  21.939  29.533 0.0000000000
104520  -34.529  22.511  29.368 0.0000000000
104521  -35.072  23.084  29.027 0.0000000000
104524  -34.934  22.127  28.712 0.0000000000
104525  -35.470  22.623  28.558 0.0000000000
104526  -36.466  22.736  28.054 0.0000000000
104533  -37.268  22.821  27.676 0.0000000000
104534  -38.134  22.798  27.378 0.0000000000
105048  -39.628  23.589  35.543 0.0000000000
105053  -38.614  23.586  34.616 0.0000000000
105054  -39.812  24.055  34.510 0.0000000000
105055  -40.492  24.162  34.797 0.0000000000
105057  -35.769  22.960  33.478 0.0000000000
105058  -36.429  23.109  33.780 0.0000000000
105059  -37.585  23.576  33.655 0.0000000000
105060  -38.748  24.193  33.614 0.0000000000
105061  -39.548  24.321  33.903 0.0000000000
105064  -35.753  23.153  32.953 0.0000000000
105065  -36.555  23.600  32.740 0.0000000000
105066  -37.704  24.173  32.585 0.0000000000
105067  -38.419  24.411  32.937 0.0000000000
105077  -34.974  23.081  31.588 0.0000000000
105078  -35.466  23.316  31.876 0.0000000000
105079  -36.553  24.081  31.500 0.0000000000
105080  -37.399  24.384  31.825 0.0000000000
105086  -34.888  23.149  31.147 0.0000000000
105087  -35.440  23.619  30.773 0.0000000000
105088  -36.047  24.098  30.208 0.0000000000
105090  -34.782  23.189  30.282 0.0000000000
105091  -35.252  23.481  29.644 0.0000000000
105092  -35.956  23.945  29.225 0.0000000000
105095  -35.504  23.402  28.912 0.0000000000
105096  -36.181  23.521  28.504 0.0000000000
105099  -36.836  23.565  27.941 0.0000000000
105100  -37.591  23.666  27.489 0.0000000000
105101  -38.544  23.668  27.070 0.0000000000
105596  -40.422  24.285  34.502 0.0000000000
105597  -40.998  24.416  34.855 0.0000000000
105598  -41.597  25.209  34.810 0.0000000000
105600  -39.378  24.467  33.601 0.0000000000
105601  -40.190  24.558  33.844 0.0000000000
105602  -41.269  25.018  34.080 0.0000000000
105603  -41.835  25.537  34.107 0.0000000000
105605  -38.297  24.517  32.588 0.0000000000
105606  -39.011  24.753  32.949 0.0000000000
105607  -39.943  25.110  33.082 0.0000000000
105616  -37.286  24.536  31.330 0.0000000000
105617  -38.127  24.753  31.889 0.0000000000
105618  -38.836  25.072  32.234 0.0000000000
105626  -36.866  24.539  30.575 0.0000000000
105627  -37.566  24.959  30.890 0.0000000000
105629  -36.595  24.509  29.608 0.0000000000
105630  -37.252  25.057  30.001 0.0000000000
105632  -36.548  24.295  28.742 0.0000000000
105633  -37.074  25.032  29.033 0.0000000000
105636  -36.660  23.990  28.286 0.0000000000
105637  -37.168  24.532  28.056 0.0000000000
105638  -37.987  24.518  27.451 0.0000000000
106095  -41.329  25.650  35.522 0.0000000000
106105  -36.446  26.039  34.694 0.0000000000
106106  -37.522  26.056  35.026 0.0000000000
106107  -38.218  26.051  35.257 0.0000000000
106108  -42.078  26.058  34.414 0.0000000000
106109  -42.406  26.488  34.060 0.0000000000
106118  -35.829  25.995  34.328 0.0000000000
106119  -40.780  25.265  33.356 0.0000000000
106120  -41.566  25.589  33.556 0.0000000000
106121  -42.144  26.080  33.637 0.0000000000
106122  -42.363  26.285  33.914 0.0000000000
106130  -39.449  25.316  32.417 0.0000000000
106131  -40.295  25.574  32.664 0.0000000000
106132  -41.170  25.939  32.838 0.0000000000
106133  -41.751  26.004  33.254 0.0000000000
106143  -38.204  25.276  31.101 0.0000000000
106144  -38.875  25.439  31.643 0.0000000000
106145  -39.833  25.949  31.858 0.0000000000
106146  -40.542  25.977  32.344 0.0000000000
106156  -37.915  25.434  30.392 0.0000000000
106157  -38.655  25.812  30.703 0.0000000000
106158  -39.199  25.930  31.276 0.0000000000
106160  -37.804  25.654  29.562 0.0000000000
106161  -38.206  25.754  30.112 0.0000000000
106163  -37.757  25.578  28.476 0.0000000000
106164  -38.226  25.955  28.148 0.0000000000
106167  -37.782  25.040  27.860 0.0000000000
106168  -38.327  25.472  27.570 0.0000000000
106640  -38.927  26.343  35.299 0.0000000000
106641  -39.389  26.390  35.384 0.0000000000
106642  -40.286  26.434  35.488 0.0000000000
106643  -40.984  26.338  35.396 0.0000000000
106647  -36.531  26.211  34.271 0.0000000000
106648  -37.078  26.322  34.345 0.0000000000
106649  -38.510  26.492  34.737 0.0000000000
106650  -39.793  26.808  34.878 0.0000000000
106651  -40.753  26.918  34.986 0.0000000000
106652  -41.545  26.682  34.721 0.0000000000
106653  -42.308  26.866  34.215 0.0000000000
106659  -36.110  26.264  33.752 0.0000000000
106660  -37.446  26.712  33.537 0.0000000000
106661  -38.479  26.981  33.745 0.0000000000
106662  -42.235  26.416  33.386 0.0000000000
106663  -42.459  26.750  33.575 0.0000000000
106671  -35.191  26.498  32.663 0.0000000000
106672  -36.431  26.865  32.584 0.0000000000
106673  -37.364  27.117  32.702 0.0000000000
106674  -41.345  26.311  32.573 0.0000000000
106675  -41.983  26.494  32.819 0.0000000000
106676  -42.604  27.209  32.897 0.0000000000
106685  -34.387  26.567  31.745 0.0000000000
106686  -35.515  26.973  31.676 0.0000000000
106687  -36.375  27.198  31.761 0.0000000000
106688  -40.068  26.317  31.562 0.0000000000
106689  -40.838  26.534  31.953 0.0000000000
106690  -41.839  27.079  31.983 0.0000000000
106705  -33.676  26.632  30.686 0.0000000000
106706  -34.763  26.888  30.865 0.0000000000
106707  -35.476  27.166  30.869 0.0000000000
106708  -38.894  26.136  30.461 0.0000000000
106709  -39.579  26.450  30.842 0.0000000000
106710  -40.665  27.101  30.945 0.0000000000
106718  -32.813  26.820  29.975 0.0000000000
106719  -33.558  27.023  29.899 0.0000000000
106720  -38.117  25.910  29.519 0.0000000000
106721  -38.540  26.097  29.841 0.0000000000
106722  -39.315  26.764  29.493 0.0000000000
106724  -38.047  25.995  29.220 0.0000000000
106725  -38.454  26.298  28.775 0.0000000000
106726  -39.183  26.877  28.456 0.0000000000
106729  -38.603  26.325  27.920 0.0000000000
106730  -39.118  26.857  27.565 0.0000000000
106733  -38.806  26.159  27.263 0.0000000000
107249  -39.327  27.138  34.107 0.0000000000
107250  -40.333  27.321  34.344 0.0000000000
107251  -41.218  27.411  34.449 0.0000000000
107252  -42.016  27.679  34.284 0.0000000000
107253  -42.490  27.573  33.820 0.0000000000
107257  -38.131  27.193  33.011 0.0000000000
107258  -38.930  27.469  33.359 0.0000000000
107259  -39.853  27.732  33.497 0.0000000000
107260  -40.896  27.806  33.923 0.0000000000
107261  -41.508  27.843  34.127 0.0000000000
107262  -42.748  27.687  33.229 0.0000000000
107265  -37.059  27.311  32.050 0.0000000000
107266  -37.817  27.467  32.319 0.0000000000
107267  -38.662  27.720  32.550 0.0000000000
107268  -39.253  27.757  33.023 0.0000000000
107269  -42.420  27.403  32.286 0.0000000000
107270  -42.879  27.880  32.555 0.0000000000
107274  -36.110  27.329  31.124 0.0000000000
107275  -36.805  27.531  31.375 0.0000000000
107276  -37.595  27.767  31.589 0.0000000000
107277  -38.157  27.731  32.023 0.0000000000
107278  -41.496  27.366  31.293 0.0000000000
107279  -42.256  27.648  31.550 0.0000000000
107280  -42.749  28.044  31.800 0.0000000000
107292  -34.282  27.134  30.095 0.0000000000
107293  -35.099  27.355  30.276 0.0000000000
107294  -35.842  27.514  30.483 0.0000000000
107295  -36.610  27.812  30.644 0.0000000000
107296  -37.118  27.820  31.098 0.0000000000
107297  -40.295  27.259  30.061 0.0000000000
107298  -41.232  27.618  30.456 0.0000000000
107299  -42.090  28.021  30.764 0.0000000000
107300  -42.535  28.097  31.279 0.0000000000
107312  -33.100  27.277  29.383 0.0000000000
107313  -33.884  27.388  29.473 0.0000000000
107314  -34.685  27.640  29.472 0.0000000000
107315  -35.600  27.739  29.875 0.0000000000
107316  -36.150  27.810  30.169 0.0000000000
107317  -40.045  27.371  29.015 0.0000000000
107318  -41.097  27.914  29.581 0.0000000000
107319  -41.638  27.995  30.160 0.0000000000
107324  -32.623  27.619  28.753 0.0000000000
107325  -33.555  27.667  28.931 0.0000000000
107326  -34.133  27.681  29.129 0.0000000000
107327  -39.764  27.447  28.050 0.0000000000
107328  -40.593  27.952  28.547 0.0000000000
107813  -42.096  28.094  34.031 0.0000000000
107814  -42.300  28.059  33.943 0.0000000000
107819  -39.971  28.028  33.170 0.0000000000
107820  -40.486  28.178  33.294 0.0000000000
107821  -41.751  28.366  33.684 0.0000000000
107822  -42.602  28.283  33.475 0.0000000000
107825  -38.921  27.973  32.301 0.0000000000
107826  -39.569  28.159  32.670 0.0000000000
107827  -40.836  28.821  32.630 0.0000000000
107828  -41.814  29.134  32.961 0.0000000000
107829  -42.927  28.391  32.905 0.0000000000
107832  -37.842  28.048  31.383 0.0000000000
107833  -38.502  28.156  31.744 0.0000000000
107834  -39.677  28.988  31.719 0.0000000000
107835  -40.697  29.460  31.884 0.0000000000
107836  -42.888  28.649  32.160 0.0000000000
107844  -36.861  28.100  30.400 0.0000000000
107845  -37.469  28.218  30.823 0.0000000000
107846  -38.613  28.946  30.772 0.0000000000
107847  -39.498  29.436  30.894 0.0000000000
107848  -42.321  28.407  30.569 0.0000000000
107849  -42.748  28.725  31.030 0.0000000000
107861  -34.800  27.870  29.100 0.0000000000
107862  -35.287  27.996  29.213 0.0000000000
107863  -36.523  28.286  29.739 0.0000000000
107864  -37.719  28.895  29.972 0.0000000000
107865  -38.438  29.375  29.991 0.0000000000
107866  -41.505  28.248  29.513 0.0000000000
107867  -41.986  28.513  29.927 0.0000000000
107868  -42.550  29.330  30.282 0.0000000000
107875  -33.186  28.099  28.279 0.0000000000
107876  -34.431  28.059  28.659 0.0000000000
107877  -35.627  28.604  28.579 0.0000000000
107878  -36.540  28.900  28.782 0.0000000000
107879  -41.342  28.370  29.084 0.0000000000
107880  -41.749  28.995  28.922 0.0000000000
107885  -32.655  28.698  27.640 0.0000000000
107886  -33.767  28.593  27.696 0.0000000000
107887  -34.790  28.816  27.855 0.0000000000
107888  -35.520  29.189  27.875 0.0000000000
107890  -41.560  29.365  28.263 0.0000000000
108412  -42.410  28.885  33.132 0.0000000000
108413  -42.739  28.662  33.076 0.0000000000
108417  -41.528  29.585  32.297 0.0000000000
108418  -42.256  29.483  32.540 0.0000000000
108419  -42.707  28.987  32.641 0.0000000000
108423  -40.219  29.713  31.257 0.0000000000
108424  -41.093  30.189  31.517 0.0000000000
108425  -42.003  30.312  32.127 0.0000000000
108426  -42.642  29.776  31.831 0.0000000000
108430  -39.088  29.616  30.284 0.0000000000
108431  -39.868  30.092  30.567 0.0000000000
108432  -40.466  30.191  31.046 0.0000000000
108433  -42.804  29.968  30.848 0.0000000000
108444  -37.263  29.129  29.155 0.0000000000
108445  -38.021  29.539  29.415 0.0000000000
108446  -38.757  30.019  29.616 0.0000000000
108447  -39.321  30.068  30.062 0.0000000000
108448  -42.268  29.431  29.551 0.0000000000
108449  -42.572  30.063  30.021 0.0000000000
108456  -36.213  29.297  28.176 0.0000000000
108457  -36.976  29.455  28.468 0.0000000000
108458  -37.751  29.871  28.678 0.0000000000
108459  -38.247  30.006  29.134 0.0000000000
108460  -42.084  29.863  28.781 0.0000000000
108461  -42.393  30.006  29.440 0.0000000000
108467  -33.232  29.292  27.163 0.0000000000
108468  -34.242  29.281  27.230 0.0000000000
108469  -35.078  29.477  27.393 0.0000000000
108470  -35.897  29.824  27.468 0.0000000000
108471  -36.783  29.811  27.913 0.0000000000
108472  -37.293  29.847  28.215 0.0000000000
108480  -33.809  29.885  26.727 0.0000000000
108481  -34.728  29.908  26.902 0.0000000000
108482  -35.299  29.908  27.130 0.0000000000
109095  -41.171  30.628  31.304 0.0000000000
109096  -41.581  30.847  31.482 0.0000000000
109097  -42.247  30.836  31.602 0.0000000000
109102  -40.055  30.475  30.416 0.0000000000
109103  -40.706  30.734  30.837 0.0000000000
109104  -41.509  31.331  31.108 0.0000000000
109105  -42.570  30.834  31.189 0.0000000000
109116  -38.930  30.416  29.446 0.0000000000
109117  -39.602  30.609  29.866 0.0000000000
109118  -40.507  31.245  30.181 0.0000000000
109119  -42.594  30.906  30.451 0.0000000000
109129  -37.980  30.248  28.451 0.0000000000
109130  -38.540  30.578  28.829 0.0000000000
109131  -39.387  31.144  29.190 0.0000000000
109132  -42.213  30.494  28.710 0.0000000000
109133  -42.468  30.778  29.425 0.0000000000
109138  -36.128  30.301  27.176 0.0000000000
109139  -36.665  30.245  27.436 0.0000000000
109140  -37.629  30.353  27.897 0.0000000000
109141  -38.227  30.819  28.081 0.0000000000
109150  -34.395  30.600  26.352 0.0000000000
109151  -35.507  30.443  26.815 0.0000000000
109152  -36.501  30.667  26.988 0.0000000000
109153  -37.081  30.600  27.303 0.0000000000
109767  -41.947  31.383  31.392 0.0000000000
109768  -42.224  31.390  31.207 0.0000000000
109773  -41.146  31.485  30.629 0.0000000000
109774  -41.813  31.937  30.854 0.0000000000
109775  -42.318  31.747  30.702 0.0000000000
109783  -40.065  31.358  29.600 0.0000000000
109784  -40.996  32.012  29.932 0.0000000000
109785  -41.698  32.724  30.380 0.0000000000
109786  -42.480  31.875  30.097 0.0000000000
109798  -39.081  31.268  28.722 0.0000000000
109799  -39.842  31.840  28.888 0.0000000000
109800  -40.758  32.566  29.216 0.0000000000
109806  -38.035  30.940  27.700 0.0000000000
109807  -38.701  31.468  27.944 0.0000000000
109808  -39.552  32.283  28.065 0.0000000000
109816  -35.018  31.066  26.223 0.0000000000
109817  -36.118  31.305  26.398 0.0000000000
109818  -37.519  31.217  26.992 0.0000000000
109819  -38.406  31.993  27.000 0.0000000000
110418  -42.155  32.625  30.465 0.0000000000
110419  -42.378  32.383  30.351 0.0000000000
110423  -41.416  32.990  29.781 0.0000000000
110438  -40.296  32.684  28.497 0.0000000000
110452  -39.116  32.397  27.351 0.0000000000
110460  -36.934  31.979  26.084 0.0000000000
110461  -37.841  32.260  26.413 0.0000000000
