#!ascii label  , from subject FREESURFER vox2ras=TkReg 
221
124260  -25.122  55.671  10.513 0.0000000000
124261  -26.364  55.717  10.366 0.0000000000
124262  -27.131  55.285  10.300 0.0000000000
124270  -26.715  56.290  10.216 0.0000000000
124712  -21.101  56.475  10.053 0.0000000000
124713  -22.180  56.540  10.099 0.0000000000
124714  -23.235  56.590  10.296 0.0000000000
124715  -24.284  56.628  10.479 0.0000000000
124716  -25.332  56.674  10.489 0.0000000000
124717  -26.195  56.801  10.373 0.0000000000
124724  -26.872  56.833  10.098 0.0000000000
125157  -17.612  57.979  11.466 0.0000000000
125159  -19.231  57.407  10.494 0.0000000000
125160  -20.242  57.438  10.056 0.0000000000
125161  -21.331  57.499  9.996 0.0000000000
125162  -22.406  57.549  10.137 0.0000000000
125163  -23.455  57.586  10.340 0.0000000000
125164  -24.489  57.616  10.485 0.0000000000
125165  -25.464  57.657  10.528 0.0000000000
125166  -26.327  57.693  10.346 0.0000000000
125563  -16.755  58.923  13.299 0.0000000000
125572  -16.610  59.102  12.526 0.0000000000
125573  -17.067  58.255  12.598 0.0000000000
125577  -16.582  59.285  11.998 0.0000000000
125578  -17.020  58.595  11.747 0.0000000000
125586  -17.633  58.479  11.154 0.0000000000
125587  -18.439  58.452  10.694 0.0000000000
125588  -19.449  58.462  10.292 0.0000000000
125589  -20.494  58.502  10.055 0.0000000000
125590  -21.565  58.546  10.044 0.0000000000
125591  -22.632  58.576  10.146 0.0000000000
125592  -23.680  58.595  10.344 0.0000000000
125593  -24.699  58.604  10.545 0.0000000000
125594  -25.677  58.618  10.594 0.0000000000
125924  -16.643  59.597  13.985 0.0000000000
125933  -16.033  60.323  12.881 0.0000000000
125934  -16.297  59.822  13.209 0.0000000000
125940  -16.038  60.487  12.573 0.0000000000
125941  -16.284  59.955  12.332 0.0000000000
125947  -16.714  59.666  11.498 0.0000000000
125948  -17.160  59.033  11.251 0.0000000000
125956  -16.923  60.147  11.049 0.0000000000
125957  -17.553  59.546  10.857 0.0000000000
125958  -18.684  59.508  10.439 0.0000000000
125959  -19.723  59.527  10.227 0.0000000000
125960  -20.758  59.563  10.183 0.0000000000
125961  -21.805  59.600  10.167 0.0000000000
125962  -22.874  59.620  10.193 0.0000000000
125963  -23.949  59.616  10.340 0.0000000000
125964  -24.960  59.593  10.673 0.0000000000
126269  -17.499  60.508  15.070 0.0000000000
126281  -16.314  60.493  13.895 0.0000000000
126282  -16.791  60.411  14.481 0.0000000000
126290  -15.822  60.835  12.849 0.0000000000
126291  -15.989  60.681  13.350 0.0000000000
126295  -15.997  60.873  12.147 0.0000000000
126296  -16.333  60.297  11.822 0.0000000000
126302  -16.111  61.311  11.663 0.0000000000
126303  -16.501  60.791  11.353 0.0000000000
126310  -17.229  60.716  10.805 0.0000000000
126311  -18.107  60.587  10.567 0.0000000000
126312  -19.081  60.556  10.473 0.0000000000
126313  -20.049  60.559  10.485 0.0000000000
126314  -21.037  60.597  10.478 0.0000000000
126315  -22.069  60.663  10.329 0.0000000000
126316  -23.171  60.687  10.242 0.0000000000
126317  -24.296  60.655  10.376 0.0000000000
126598  -18.480  62.378  15.785 0.0000000000
126599  -19.124  61.974  15.976 0.0000000000
126611  -16.334  62.152  14.372 0.0000000000
126612  -16.818  61.579  14.731 0.0000000000
126613  -17.997  61.654  15.588 0.0000000000
126614  -18.894  61.002  15.857 0.0000000000
126622  -15.611  62.179  13.312 0.0000000000
126623  -15.991  61.616  13.827 0.0000000000
126624  -16.450  61.004  14.270 0.0000000000
126633  -15.607  61.704  12.795 0.0000000000
126634  -15.788  61.179  13.238 0.0000000000
126638  -15.786  61.823  11.843 0.0000000000
126643  -16.302  61.818  11.312 0.0000000000
126644  -16.921  61.698  10.830 0.0000000000
126648  -17.755  61.646  10.660 0.0000000000
126649  -18.617  61.607  10.587 0.0000000000
126650  -19.475  61.577  10.627 0.0000000000
126651  -20.362  61.574  10.674 0.0000000000
126652  -21.326  61.658  10.628 0.0000000000
126653  -22.400  61.761  10.436 0.0000000000
126654  -23.561  61.761  10.401 0.0000000000
126955  -18.806  63.029  15.896 0.0000000000
126956  -19.694  62.975  16.266 0.0000000000
126964  -16.542  62.738  14.686 0.0000000000
126965  -17.272  62.722  15.171 0.0000000000
126966  -18.059  62.912  15.593 0.0000000000
126973  -15.643  62.735  13.595 0.0000000000
126974  -15.970  62.719  14.232 0.0000000000
126980  -15.448  62.748  12.906 0.0000000000
126983  -15.601  62.702  12.117 0.0000000000
126988  -16.144  62.727  11.445 0.0000000000
126989  -16.802  62.662  10.982 0.0000000000
126996  -17.536  62.626  10.739 0.0000000000
126997  -18.312  62.644  10.570 0.0000000000
126998  -19.046  62.567  10.466 0.0000000000
126999  -19.800  62.566  10.404 0.0000000000
127000  -20.666  62.478  10.596 0.0000000000
127001  -21.671  62.851  10.682 0.0000000000
127002  -22.902  62.807  10.628 0.0000000000
127012  -20.248  62.955  10.108 0.0000000000
127013  -20.861  63.159  10.325 0.0000000000
127014  -21.344  63.344  10.383 0.0000000000
127021  -16.569  63.006  8.324 0.0000000000
127022  -17.493  63.072  8.253 0.0000000000
127023  -18.178  63.139  8.216 0.0000000000
127034  -16.020  62.866  7.720 0.0000000000
127035  -17.039  62.943  7.656 0.0000000000
127036  -17.983  63.020  7.706 0.0000000000
127037  -18.513  63.115  7.911 0.0000000000
127335  -19.217  64.037  16.005 0.0000000000
127336  -20.113  63.998  16.388 0.0000000000
127345  -16.751  63.708  15.083 0.0000000000
127346  -17.508  63.845  15.486 0.0000000000
127347  -18.339  63.973  15.770 0.0000000000
127354  -15.650  63.603  13.953 0.0000000000
127355  -16.140  63.624  14.553 0.0000000000
127358  -15.427  63.644  13.172 0.0000000000
127363  -15.596  63.626  12.373 0.0000000000
127368  -16.060  63.652  11.655 0.0000000000
127369  -16.884  63.725  11.095 0.0000000000
127370  -17.607  64.076  10.695 0.0000000000
127380  -17.379  63.370  10.796 0.0000000000
127381  -18.040  63.646  10.494 0.0000000000
127382  -18.702  63.551  10.209 0.0000000000
127383  -19.215  63.218  10.062 0.0000000000
127384  -21.834  63.679  10.374 0.0000000000
127385  -22.594  63.747  10.690 0.0000000000
127396  -16.728  63.957  9.333 0.0000000000
127397  -17.711  64.085  9.278 0.0000000000
127398  -18.663  63.773  9.508 0.0000000000
127399  -19.602  63.320  9.553 0.0000000000
127400  -20.402  63.346  9.533 0.0000000000
127401  -21.268  63.662  9.799 0.0000000000
127410  -16.275  63.342  8.913 0.0000000000
127411  -17.143  63.484  8.779 0.0000000000
127412  -18.034  63.502  8.722 0.0000000000
127413  -18.851  63.347  8.510 0.0000000000
127414  -19.825  63.405  8.540 0.0000000000
127415  -20.726  63.673  8.776 0.0000000000
127416  -21.409  64.089  8.964 0.0000000000
127430  -16.549  63.119  6.994 0.0000000000
127431  -17.667  63.131  7.013 0.0000000000
127432  -19.004  63.272  7.293 0.0000000000
127433  -20.325  63.686  7.715 0.0000000000
127434  -21.161  64.120  8.184 0.0000000000
127435  -21.566  64.391  8.512 0.0000000000
127453  -17.119  63.652  6.318 0.0000000000
127454  -18.265  63.611  6.455 0.0000000000
127455  -18.908  63.578  6.533 0.0000000000
127744  -17.025  64.875  15.443 0.0000000000
127745  -17.861  65.053  15.737 0.0000000000
127746  -18.693  65.078  15.954 0.0000000000
127751  -15.854  64.476  14.270 0.0000000000
127752  -16.383  64.620  14.860 0.0000000000
127755  -15.599  64.519  13.513 0.0000000000
127760  -15.769  64.638  12.582 0.0000000000
127761  -16.404  65.012  11.946 0.0000000000
127767  -16.042  64.343  11.960 0.0000000000
127768  -16.815  64.677  11.451 0.0000000000
127769  -17.520  64.753  10.863 0.0000000000
127781  -16.446  65.159  9.918 0.0000000000
127782  -17.995  64.652  10.337 0.0000000000
127783  -18.403  64.223  10.162 0.0000000000
127784  -21.852  64.025  10.071 0.0000000000
127785  -22.576  64.541  10.219 0.0000000000
127794  -16.288  64.474  9.687 0.0000000000
127795  -17.243  64.881  9.638 0.0000000000
127796  -18.142  64.629  9.843 0.0000000000
127797  -18.582  64.150  9.928 0.0000000000
127798  -21.896  64.270  9.607 0.0000000000
127799  -22.444  64.932  9.433 0.0000000000
127810  -21.920  64.583  8.878 0.0000000000
127811  -22.318  65.191  8.710 0.0000000000
127826  -19.248  63.695  6.585 0.0000000000
127827  -19.960  64.037  6.599 0.0000000000
127828  -20.941  64.493  7.308 0.0000000000
127829  -21.766  64.895  8.085 0.0000000000
127830  -22.216  65.423  8.283 0.0000000000
127851  -19.020  64.208  6.149 0.0000000000
127852  -19.634  64.519  6.276 0.0000000000
128129  -16.152  65.265  14.521 0.0000000000
128130  -16.670  65.953  15.202 0.0000000000
128135  -15.819  65.326  13.889 0.0000000000
128139  -15.842  65.411  13.065 0.0000000000
128140  -16.486  65.672  12.311 0.0000000000
128146  -17.056  65.571  11.566 0.0000000000
128147  -17.518  65.479  11.116 0.0000000000
128158  -17.097  65.850  10.034 0.0000000000
128159  -17.699  65.526  10.474 0.0000000000
128160  -22.898  65.651  9.936 0.0000000000
128169  -17.781  65.338  9.930 0.0000000000
128170  -18.031  65.152  10.095 0.0000000000
128171  -22.687  65.728  9.209 0.0000000000
128182  -22.525  65.882  8.526 0.0000000000
128195  -19.939  64.729  6.348 0.0000000000
128196  -20.484  65.273  6.560 0.0000000000
128197  -21.444  65.550  7.289 0.0000000000
128198  -22.190  65.817  7.881 0.0000000000
128213  -19.560  65.266  6.152 0.0000000000
128214  -20.068  65.758  6.278 0.0000000000
128478  -16.249  66.106  14.315 0.0000000000
128483  -16.143  66.078  13.416 0.0000000000
128484  -16.420  67.003  13.767 0.0000000000
128487  -16.230  65.968  12.838 0.0000000000
128488  -16.610  66.670  12.626 0.0000000000
128498  -17.178  66.381  11.550 0.0000000000
128499  -17.483  65.919  11.280 0.0000000000
128512  -17.238  66.393  10.794 0.0000000000
128513  -17.680  66.048  11.023 0.0000000000
128524  -22.789  66.516  9.009 0.0000000000
128534  -22.539  66.819  8.266 0.0000000000
128545  -20.382  66.298  6.395 0.0000000000
128546  -21.132  66.404  6.776 0.0000000000
128547  -21.867  66.633  7.475 0.0000000000
