#!ascii label  , from subject FREESURFER vox2ras=TkReg 
312
112940  -33.840  36.595  35.717 0.0000000000
112952  -32.856  36.684  34.990 0.0000000000
112953  -33.294  36.553  35.331 0.0000000000
113567  -35.265  38.244  37.429 0.0000000000
113568  -35.687  37.933  37.563 0.0000000000
113576  -34.222  38.247  36.621 0.0000000000
113577  -34.741  37.964  37.041 0.0000000000
113578  -35.481  37.214  37.241 0.0000000000
113592  -33.254  38.178  35.678 0.0000000000
113593  -33.700  37.931  36.127 0.0000000000
113594  -34.309  37.136  36.333 0.0000000000
113606  -31.965  37.954  34.394 0.0000000000
113607  -32.822  37.903  35.155 0.0000000000
113608  -33.300  37.133  35.450 0.0000000000
114204  -35.399  38.782  37.442 0.0000000000
114205  -36.207  38.540  37.605 0.0000000000
114214  -34.245  38.851  36.688 0.0000000000
114215  -34.820  38.826  37.171 0.0000000000
114229  -33.201  38.686  35.805 0.0000000000
114230  -33.635  38.768  36.273 0.0000000000
114245  -32.146  38.790  34.752 0.0000000000
114246  -32.637  38.911  35.335 0.0000000000
114255  -31.471  38.649  34.133 0.0000000000
114825  -35.481  39.469  37.488 0.0000000000
114826  -35.941  39.362  37.544 0.0000000000
114827  -36.409  38.931  37.400 0.0000000000
114838  -34.272  39.709  36.752 0.0000000000
114839  -34.883  39.639  37.268 0.0000000000
114840  -36.244  39.497  37.156 0.0000000000
114850  -32.900  39.487  35.679 0.0000000000
114851  -33.581  39.646  36.310 0.0000000000
114852  -35.616  39.898  35.712 0.0000000000
114853  -35.952  39.742  36.298 0.0000000000
114863  -31.658  39.563  34.469 0.0000000000
114864  -32.306  39.734  35.160 0.0000000000
114865  -35.271  39.740  35.150 0.0000000000
114870  -31.054  39.452  33.834 0.0000000000
114871  -34.009  39.350  33.651 0.0000000000
114872  -34.666  39.445  34.363 0.0000000000
114883  -32.795  39.483  32.376 0.0000000000
114884  -33.389  39.356  32.962 0.0000000000
114896  -31.789  39.856  31.037 0.0000000000
114897  -32.296  39.577  31.659 0.0000000000
115441  -35.590  39.899  37.358 0.0000000000
115442  -35.936  39.839  37.347 0.0000000000
115452  -34.272  40.602  36.658 0.0000000000
115453  -35.137  40.524  37.033 0.0000000000
115454  -35.792  40.333  36.987 0.0000000000
115458  -32.923  40.507  35.701 0.0000000000
115459  -33.599  40.594  36.290 0.0000000000
115460  -35.414  40.605  35.805 0.0000000000
115461  -35.722  40.453  36.467 0.0000000000
115469  -31.843  40.553  34.772 0.0000000000
115470  -32.310  40.419  35.243 0.0000000000
115471  -34.827  40.445  34.766 0.0000000000
115478  -30.679  40.400  33.458 0.0000000000
115479  -31.260  40.259  34.138 0.0000000000
115480  -33.348  41.014  33.125 0.0000000000
115481  -33.818  40.376  33.523 0.0000000000
115482  -34.360  40.119  34.076 0.0000000000
115489  -32.641  40.564  32.409 0.0000000000
115490  -33.189  40.156  32.867 0.0000000000
115502  -31.458  40.605  30.779 0.0000000000
115503  -31.993  40.603  31.571 0.0000000000
115516  -30.797  41.144  29.516 0.0000000000
115517  -31.082  40.647  29.810 0.0000000000
115529  -30.766  40.967  29.130 0.0000000000
115530  -31.209  40.414  29.010 0.0000000000
115537  -30.914  40.899  28.458 0.0000000000
115547  -31.223  40.909  27.890 0.0000000000
116082  -34.133  41.552  36.643 0.0000000000
116083  -34.632  41.421  36.554 0.0000000000
116084  -35.257  40.896  36.644 0.0000000000
116089  -32.152  41.974  35.390 0.0000000000
116090  -32.586  41.698  35.584 0.0000000000
116091  -33.541  41.582  36.325 0.0000000000
116092  -35.100  41.561  36.197 0.0000000000
116093  -35.469  40.789  36.496 0.0000000000
116099  -31.901  41.627  35.065 0.0000000000
116100  -32.314  40.952  35.258 0.0000000000
116101  -34.327  42.026  34.529 0.0000000000
116102  -34.673  41.682  35.029 0.0000000000
116109  -29.883  41.942  32.960 0.0000000000
116110  -30.300  41.591  33.230 0.0000000000
116111  -31.103  41.387  34.193 0.0000000000
116112  -33.427  41.639  33.289 0.0000000000
116113  -33.958  41.700  33.914 0.0000000000
116114  -34.421  40.893  34.196 0.0000000000
116122  -32.957  41.623  32.868 0.0000000000
116135  -31.744  41.558  31.290 0.0000000000
116136  -32.348  41.604  32.125 0.0000000000
116148  -30.857  41.526  29.788 0.0000000000
116149  -31.213  41.528  30.457 0.0000000000
116158  -30.669  41.564  29.301 0.0000000000
116167  -30.569  41.561  28.671 0.0000000000
116177  -30.686  41.626  27.777 0.0000000000
116178  -31.404  41.353  27.344 0.0000000000
116187  -30.638  42.188  27.343 0.0000000000
116188  -30.922  41.984  26.994 0.0000000000
116721  -33.308  43.172  36.431 0.0000000000
116722  -33.964  42.491  36.730 0.0000000000
116723  -34.537  42.429  36.352 0.0000000000
116727  -32.034  42.628  35.448 0.0000000000
116728  -32.997  42.598  36.062 0.0000000000
116729  -33.505  42.490  36.432 0.0000000000
116730  -34.755  42.478  35.778 0.0000000000
116736  -30.861  42.805  34.456 0.0000000000
116737  -31.364  42.277  34.734 0.0000000000
116738  -34.252  42.638  34.615 0.0000000000
116739  -34.574  42.515  35.239 0.0000000000
116747  -29.798  42.540  33.239 0.0000000000
116748  -30.591  42.313  33.856 0.0000000000
116749  -30.994  42.190  34.286 0.0000000000
116750  -33.372  42.200  33.297 0.0000000000
116751  -33.657  42.731  33.782 0.0000000000
116760  -32.875  42.715  32.684 0.0000000000
116761  -33.355  42.788  33.246 0.0000000000
116777  -31.599  42.502  30.886 0.0000000000
116778  -32.185  42.575  31.724 0.0000000000
116789  -30.723  41.969  29.557 0.0000000000
116790  -31.034  42.466  29.951 0.0000000000
116795  -30.577  42.381  29.096 0.0000000000
116796  -30.830  42.928  29.479 0.0000000000
116805  -30.407  42.204  28.290 0.0000000000
116814  -30.440  42.514  27.648 0.0000000000
116822  -30.622  42.707  26.970 0.0000000000
117387  -33.077  43.844  36.529 0.0000000000
117388  -33.500  43.639  36.447 0.0000000000
117389  -34.122  43.319  36.436 0.0000000000
117394  -29.767  44.318  35.538 0.0000000000
117395  -30.186  44.168  35.599 0.0000000000
117396  -31.254  43.831  35.691 0.0000000000
117397  -32.467  43.800  36.256 0.0000000000
117398  -34.451  43.177  36.071 0.0000000000
117405  -28.826  44.187  34.494 0.0000000000
117406  -29.567  44.126  35.049 0.0000000000
117407  -30.532  43.531  35.010 0.0000000000
117408  -31.269  43.072  35.001 0.0000000000
117409  -34.161  43.596  34.841 0.0000000000
117410  -34.436  43.184  35.410 0.0000000000
117419  -28.422  43.933  33.762 0.0000000000
117420  -29.306  43.578  33.927 0.0000000000
117421  -30.173  43.246  34.166 0.0000000000
117422  -33.777  43.588  34.194 0.0000000000
117433  -28.994  43.153  33.089 0.0000000000
117434  -33.059  43.765  32.663 0.0000000000
117435  -33.428  43.500  33.295 0.0000000000
117451  -32.020  43.466  31.275 0.0000000000
117452  -32.567  43.616  32.052 0.0000000000
117463  -31.525  43.448  30.534 0.0000000000
117468  -30.696  43.362  29.086 0.0000000000
117469  -31.075  43.538  29.774 0.0000000000
117476  -30.384  43.131  28.327 0.0000000000
117484  -30.403  43.449  27.375 0.0000000000
117951  -29.990  45.241  36.447 0.0000000000
117952  -30.928  45.241  36.729 0.0000000000
117953  -31.877  45.143  36.995 0.0000000000
117954  -32.871  44.629  36.855 0.0000000000
117955  -33.707  44.388  36.208 0.0000000000
117956  -34.158  43.671  36.190 0.0000000000
117962  -28.314  45.330  35.651 0.0000000000
117963  -28.923  45.059  35.814 0.0000000000
117964  -29.636  44.670  35.854 0.0000000000
117965  -30.559  44.624  36.215 0.0000000000
117966  -31.552  44.578  36.503 0.0000000000
117967  -32.213  44.600  36.709 0.0000000000
117968  -33.991  44.683  35.509 0.0000000000
117969  -34.222  43.855  35.834 0.0000000000
117977  -27.314  45.293  34.567 0.0000000000
117978  -27.904  44.960  35.015 0.0000000000
117979  -28.653  44.665  35.211 0.0000000000
117980  -29.164  44.642  35.511 0.0000000000
117981  -33.889  44.554  34.719 0.0000000000
117982  -34.139  43.966  35.286 0.0000000000
117992  -27.663  44.528  34.102 0.0000000000
117993  -28.269  44.473  34.533 0.0000000000
117994  -33.663  44.558  33.722 0.0000000000
118012  -33.067  44.616  32.347 0.0000000000
118013  -33.395  44.364  32.961 0.0000000000
118027  -31.901  44.148  30.922 0.0000000000
118028  -32.424  44.518  31.490 0.0000000000
118033  -31.659  44.571  30.302 0.0000000000
118034  -32.078  44.700  30.890 0.0000000000
118037  -30.602  43.800  28.667 0.0000000000
118038  -31.011  44.429  29.130 0.0000000000
118041  -30.559  44.309  28.128 0.0000000000
118042  -30.892  44.812  28.528 0.0000000000
118049  -30.452  44.519  27.050 0.0000000000
118058  -30.566  44.841  26.199 0.0000000000
118482  -29.008  45.922  36.371 0.0000000000
118483  -29.434  45.778  36.373 0.0000000000
118484  -30.363  45.774  36.648 0.0000000000
118485  -31.329  45.866  37.047 0.0000000000
118486  -32.402  45.806  37.128 0.0000000000
118487  -33.366  45.701  36.667 0.0000000000
118493  -28.304  45.821  35.742 0.0000000000
118494  -28.777  45.713  36.117 0.0000000000
118495  -29.304  45.308  36.184 0.0000000000
118498  -33.884  45.706  35.770 0.0000000000
118499  -34.219  46.124  35.288 0.0000000000
118507  -27.191  46.016  34.720 0.0000000000
118508  -27.813  45.753  35.273 0.0000000000
118512  -34.113  45.547  35.074 0.0000000000
118513  -34.350  46.208  34.882 0.0000000000
118534  -34.142  45.834  34.219 0.0000000000
118535  -34.363  46.440  34.636 0.0000000000
118554  -33.308  45.147  32.388 0.0000000000
118555  -33.632  45.391  32.902 0.0000000000
118563  -33.186  45.454  31.983 0.0000000000
118564  -33.775  46.318  32.438 0.0000000000
118574  -31.944  45.188  30.307 0.0000000000
118575  -32.420  45.533  30.811 0.0000000000
118585  -31.808  45.445  29.800 0.0000000000
118586  -32.425  46.265  30.094 0.0000000000
118595  -30.830  45.000  28.245 0.0000000000
118596  -31.236  45.555  28.647 0.0000000000
118607  -30.745  45.368  27.717 0.0000000000
118608  -31.121  46.185  27.986 0.0000000000
118614  -30.589  45.573  26.745 0.0000000000
118619  -30.543  45.768  25.961 0.0000000000
119043  -28.839  46.017  36.212 0.0000000000
119044  -29.113  46.105  36.247 0.0000000000
119045  -29.836  46.103  36.307 0.0000000000
119046  -30.802  46.213  36.477 0.0000000000
119047  -31.883  46.429  36.662 0.0000000000
119048  -32.850  46.488  36.684 0.0000000000
119056  -28.148  46.071  35.489 0.0000000000
119057  -28.610  46.126  35.785 0.0000000000
119058  -29.317  46.288  35.843 0.0000000000
119061  -32.615  47.050  35.905 0.0000000000
119062  -33.719  46.745  36.008 0.0000000000
119063  -34.136  46.453  35.504 0.0000000000
119080  -27.783  46.557  34.849 0.0000000000
119085  -32.968  47.504  34.870 0.0000000000
119086  -34.312  46.931  35.275 0.0000000000
119087  -34.374  46.508  35.182 0.0000000000
119108  -34.373  46.937  34.471 0.0000000000
119109  -34.435  46.641  34.903 0.0000000000
119117  -34.154  46.837  33.316 0.0000000000
119127  -33.528  46.696  31.623 0.0000000000
119128  -34.080  47.179  32.429 0.0000000000
119139  -32.979  46.843  30.715 0.0000000000
119147  -32.069  46.567  29.315 0.0000000000
119148  -32.646  47.079  30.037 0.0000000000
119157  -31.553  46.683  28.483 0.0000000000
119167  -30.797  46.499  27.301 0.0000000000
119168  -31.209  46.902  27.911 0.0000000000
119172  -30.592  46.555  26.421 0.0000000000
119177  -30.657  46.673  25.694 0.0000000000
119646  -33.546  47.342  35.352 0.0000000000
119647  -33.991  47.202  35.456 0.0000000000
119662  -33.616  47.699  34.589 0.0000000000
119663  -34.063  47.426  34.886 0.0000000000
119669  -33.218  48.148  33.865 0.0000000000
119670  -34.111  48.077  33.782 0.0000000000
119671  -34.241  48.775  33.250 0.0000000000
119681  -34.309  47.930  32.845 0.0000000000
119682  -34.383  48.664  33.007 0.0000000000
119692  -33.587  47.536  31.202 0.0000000000
119693  -34.213  48.083  31.935 0.0000000000
119694  -34.413  48.484  32.567 0.0000000000
119703  -33.314  47.948  30.537 0.0000000000
119704  -33.769  48.102  31.242 0.0000000000
119710  -32.053  47.309  28.833 0.0000000000
119711  -32.588  47.774  29.510 0.0000000000
119718  -31.663  47.634  28.238 0.0000000000
119719  -32.242  47.996  28.795 0.0000000000
119731  -30.697  47.404  26.837 0.0000000000
119732  -31.064  47.529  27.538 0.0000000000
119737  -30.593  47.459  26.111 0.0000000000
119744  -30.818  47.599  25.464 0.0000000000
120233  -33.624  48.759  33.517 0.0000000000
120234  -34.122  48.895  33.337 0.0000000000
120245  -33.873  49.357  33.158 0.0000000000
120246  -34.338  49.191  32.969 0.0000000000
120255  -34.280  48.925  31.972 0.0000000000
120256  -34.392  49.030  32.498 0.0000000000
120264  -33.478  48.776  30.607 0.0000000000
120265  -33.824  48.866  31.329 0.0000000000
120272  -33.135  48.754  30.032 0.0000000000
120282  -32.088  48.506  28.444 0.0000000000
120283  -32.601  48.866  29.194 0.0000000000
120295  -30.898  48.148  27.146 0.0000000000
120296  -31.532  48.566  27.728 0.0000000000
120299  -30.758  48.209  26.512 0.0000000000
120308  -30.753  48.290  25.877 0.0000000000
120309  -31.065  48.531  25.385 0.0000000000
120824  -34.111  49.585  32.550 0.0000000000
120825  -34.368  49.352  32.712 0.0000000000
120831  -34.167  49.557  32.051 0.0000000000
120832  -34.287  49.386  32.557 0.0000000000
120839  -33.518  49.534  30.638 0.0000000000
120840  -33.786  49.801  31.351 0.0000000000
120846  -33.124  49.669  29.913 0.0000000000
120858  -32.264  49.551  28.474 0.0000000000
120859  -32.752  49.868  29.340 0.0000000000
120871  -31.105  48.924  26.959 0.0000000000
120872  -31.675  49.747  27.537 0.0000000000
120880  -30.946  48.995  26.215 0.0000000000
120881  -31.321  49.838  26.662 0.0000000000
120892  -30.964  48.888  25.753 0.0000000000
121375  -33.732  50.047  32.151 0.0000000000
121376  -33.916  49.877  32.152 0.0000000000
121383  -33.614  50.325  31.670 0.0000000000
121391  -33.411  50.233  30.386 0.0000000000
121392  -33.618  50.452  30.897 0.0000000000
121405  -33.209  50.701  29.967 0.0000000000
121406  -33.460  50.643  30.488 0.0000000000
121419  -32.273  50.841  28.280 0.0000000000
121420  -32.666  50.529  29.106 0.0000000000
121923  -33.460  51.148  31.120 0.0000000000
121937  -33.479  50.994  30.616 0.0000000000
