#!ascii label  , from subject FREESURFER vox2ras=TkReg 
267
103092  -35.346  20.624  45.727 0.0000000000
103093  -36.276  20.485  45.595 0.0000000000
103094  -37.027  20.400  45.355 0.0000000000
103736  -35.291  21.683  46.878 0.0000000000
103737  -36.058  21.697  46.608 0.0000000000
103738  -36.477  21.762  46.360 0.0000000000
103749  -35.813  21.080  46.294 0.0000000000
103750  -36.742  21.168  46.025 0.0000000000
103751  -37.386  20.939  45.151 0.0000000000
104341  -34.876  22.844  47.583 0.0000000000
104352  -35.560  22.426  47.086 0.0000000000
104353  -36.241  22.254  46.520 0.0000000000
104365  -36.721  22.042  46.001 0.0000000000
104366  -37.180  21.600  45.516 0.0000000000
104381  -37.034  22.251  45.203 0.0000000000
104382  -37.414  21.659  44.715 0.0000000000
104394  -37.217  22.357  44.369 0.0000000000
104395  -37.648  21.923  43.663 0.0000000000
104415  -38.407  22.486  42.156 0.0000000000
104925  -35.218  23.319  47.273 0.0000000000
104934  -35.958  23.159  46.357 0.0000000000
104935  -36.366  22.537  46.170 0.0000000000
104942  -36.102  23.492  45.153 0.0000000000
104943  -36.471  22.725  45.613 0.0000000000
104952  -36.112  23.472  44.032 0.0000000000
104953  -36.626  22.848  44.638 0.0000000000
104958  -36.135  23.404  42.949 0.0000000000
104959  -37.062  22.855  43.474 0.0000000000
104960  -37.659  22.403  43.109 0.0000000000
104968  -35.113  23.752  41.759 0.0000000000
104969  -36.039  23.515  41.937 0.0000000000
104970  -37.044  23.201  42.289 0.0000000000
104971  -37.794  22.727  42.565 0.0000000000
104978  -34.968  23.797  41.210 0.0000000000
104979  -35.682  23.704  40.936 0.0000000000
104980  -36.908  23.552  41.255 0.0000000000
104981  -38.231  23.226  41.556 0.0000000000
104991  -35.863  23.779  40.117 0.0000000000
104992  -36.647  23.840  40.277 0.0000000000
104993  -37.701  23.778  40.574 0.0000000000
104994  -38.857  23.654  40.312 0.0000000000
105006  -36.049  23.867  39.775 0.0000000000
105007  -36.297  23.864  39.932 0.0000000000
105008  -39.237  24.000  39.712 0.0000000000
105009  -39.620  23.606  39.517 0.0000000000
105018  -40.299  23.730  38.414 0.0000000000
105019  -40.708  24.130  37.995 0.0000000000
105027  -40.215  23.420  37.511 0.0000000000
105028  -40.853  23.947  37.519 0.0000000000
105029  -41.095  24.047  36.910 0.0000000000
105039  -40.643  23.759  36.504 0.0000000000
105040  -41.072  24.019  36.636 0.0000000000
105049  -40.503  23.980  35.344 0.0000000000
105451  -34.519  24.598  47.966 0.0000000000
105452  -34.861  24.029  47.418 0.0000000000
105460  -34.776  24.731  46.952 0.0000000000
105461  -35.278  24.041  46.653 0.0000000000
105468  -34.989  24.728  46.027 0.0000000000
105469  -35.561  24.147  45.652 0.0000000000
105478  -34.946  24.728  45.077 0.0000000000
105479  -35.461  24.146  44.536 0.0000000000
105486  -33.850  25.105  43.679 0.0000000000
105487  -34.499  24.717  43.940 0.0000000000
105488  -35.314  23.910  43.439 0.0000000000
105494  -33.773  24.828  43.063 0.0000000000
105495  -34.518  24.215  42.592 0.0000000000
105496  -35.380  23.690  42.536 0.0000000000
105501  -32.834  25.088  41.572 0.0000000000
105502  -33.438  24.749  41.932 0.0000000000
105503  -34.331  24.100  41.392 0.0000000000
105504  -34.835  23.862  40.845 0.0000000000
105511  -32.904  24.891  41.167 0.0000000000
105512  -33.465  24.513  40.873 0.0000000000
105513  -34.215  24.070  40.503 0.0000000000
105514  -35.066  23.887  40.261 0.0000000000
105515  -36.823  23.993  39.935 0.0000000000
105516  -37.231  24.061  39.979 0.0000000000
105517  -38.040  24.085  39.995 0.0000000000
105525  -32.134  25.103  40.007 0.0000000000
105526  -32.496  24.905  40.314 0.0000000000
105527  -33.380  24.318  39.949 0.0000000000
105528  -34.350  24.079  39.672 0.0000000000
105529  -35.444  23.968  39.547 0.0000000000
105530  -36.516  24.048  39.573 0.0000000000
105531  -37.532  24.248  39.408 0.0000000000
105532  -38.627  24.273  39.495 0.0000000000
105533  -39.394  24.251  39.310 0.0000000000
105540  -32.138  25.057  39.725 0.0000000000
105541  -32.555  24.769  39.283 0.0000000000
105542  -33.499  24.406  38.988 0.0000000000
105543  -34.563  24.207  38.797 0.0000000000
105544  -35.664  24.211  38.698 0.0000000000
105545  -36.758  24.377  38.649 0.0000000000
105546  -37.882  24.544  38.650 0.0000000000
105547  -38.969  24.612  38.709 0.0000000000
105548  -39.925  24.388  38.688 0.0000000000
105549  -40.476  24.311  38.166 0.0000000000
105559  -34.776  24.458  37.907 0.0000000000
105560  -35.878  24.524  37.784 0.0000000000
105561  -37.027  24.691  37.748 0.0000000000
105562  -38.251  24.925  37.756 0.0000000000
105563  -39.411  24.930  37.991 0.0000000000
105564  -40.241  24.783  37.911 0.0000000000
105565  -40.794  24.514  37.643 0.0000000000
105566  -41.104  24.395  37.134 0.0000000000
105577  -34.960  24.788  37.031 0.0000000000
105578  -36.081  24.931  36.800 0.0000000000
105579  -37.276  25.061  36.922 0.0000000000
105580  -38.115  25.235  36.910 0.0000000000
105581  -41.043  24.063  36.412 0.0000000000
105582  -41.169  24.386  36.527 0.0000000000
105591  -35.059  25.127  36.185 0.0000000000
105592  -35.804  25.285  35.972 0.0000000000
105593  -41.017  24.208  35.907 0.0000000000
105594  -41.350  24.781  35.709 0.0000000000
105972  -34.239  25.956  46.968 0.0000000000
105973  -34.365  25.591  47.280 0.0000000000
105979  -34.167  25.864  46.541 0.0000000000
105980  -34.549  25.331  46.297 0.0000000000
105988  -34.053  25.636  45.523 0.0000000000
105989  -34.587  25.136  45.543 0.0000000000
105997  -33.107  25.870  43.700 0.0000000000
105998  -33.730  25.533  44.296 0.0000000000
105999  -34.368  25.164  44.863 0.0000000000
106007  -32.258  25.998  42.443 0.0000000000
106008  -32.749  25.763  42.983 0.0000000000
106009  -33.417  25.389  43.395 0.0000000000
106016  -31.939  25.970  41.720 0.0000000000
106017  -32.648  25.394  42.076 0.0000000000
106018  -33.196  25.201  42.696 0.0000000000
106025  -31.278  25.986  40.272 0.0000000000
106026  -31.683  25.854  40.803 0.0000000000
106027  -32.378  25.363  41.153 0.0000000000
106034  -31.106  25.865  39.576 0.0000000000
106035  -31.803  25.381  40.038 0.0000000000
106036  -32.084  25.369  40.565 0.0000000000
106044  -31.783  25.204  39.060 0.0000000000
106055  -38.944  25.318  37.214 0.0000000000
106056  -39.863  25.346  37.378 0.0000000000
106057  -40.607  25.148  37.297 0.0000000000
106058  -41.084  24.871  37.059 0.0000000000
106059  -41.199  24.649  36.829 0.0000000000
106070  -36.622  25.333  36.136 0.0000000000
106071  -37.567  25.426  36.257 0.0000000000
106072  -38.489  25.554  36.392 0.0000000000
106073  -39.406  25.658  36.593 0.0000000000
106074  -40.264  25.623  36.699 0.0000000000
106075  -40.896  25.361  36.541 0.0000000000
106076  -41.257  24.959  36.419 0.0000000000
106088  -35.242  25.435  35.412 0.0000000000
106089  -36.095  25.628  35.418 0.0000000000
106090  -37.005  25.741  35.542 0.0000000000
106091  -37.953  25.728  35.654 0.0000000000
106092  -38.856  26.047  35.684 0.0000000000
106093  -39.849  26.029  36.009 0.0000000000
106094  -40.650  25.909  35.983 0.0000000000
106104  -35.573  25.784  34.773 0.0000000000
106549  -33.325  27.006  46.749 0.0000000000
106550  -33.958  26.261  47.130 0.0000000000
106551  -34.142  26.000  47.578 0.0000000000
106558  -33.030  26.907  45.692 0.0000000000
106559  -33.644  26.292  46.113 0.0000000000
106567  -32.810  26.793  44.668 0.0000000000
106568  -33.415  26.227  45.069 0.0000000000
106575  -31.896  27.305  43.476 0.0000000000
106576  -32.471  26.505  43.606 0.0000000000
106577  -33.127  26.189  44.248 0.0000000000
106587  -31.749  26.742  42.574 0.0000000000
106588  -32.300  26.241  42.891 0.0000000000
106595  -30.861  27.217  40.779 0.0000000000
106596  -31.254  26.764  41.245 0.0000000000
106602  -30.827  26.712  40.240 0.0000000000
106603  -31.258  26.330  40.629 0.0000000000
106609  -30.568  26.614  39.148 0.0000000000
107173  -32.182  28.209  45.748 0.0000000000
107174  -32.667  27.795  46.360 0.0000000000
107180  -31.923  28.185  44.943 0.0000000000
107181  -32.501  27.552  45.247 0.0000000000
107186  -31.715  28.107  43.956 0.0000000000
107187  -32.230  27.402  44.288 0.0000000000
107194  -31.514  27.923  42.976 0.0000000000
107199  -30.899  27.758  41.145 0.0000000000
107200  -31.215  27.747  41.991 0.0000000000
107207  -30.691  27.722  40.427 0.0000000000
107212  -30.501  27.583  39.587 0.0000000000
107747  -31.456  28.992  44.679 0.0000000000
107751  -31.414  28.925  43.526 0.0000000000
107758  -31.286  28.794  42.422 0.0000000000
107764  -30.852  28.535  40.766 0.0000000000
107765  -31.073  28.616  41.507 0.0000000000
107772  -30.726  28.514  39.938 0.0000000000
108323  -31.360  29.926  44.281 0.0000000000
108330  -31.464  29.836  43.002 0.0000000000
108336  -31.149  29.042  41.069 0.0000000000
108337  -31.514  29.653  41.619 0.0000000000
108342  -31.286  29.281  40.424 0.0000000000
108343  -32.266  30.022  40.620 0.0000000000
108989  -31.619  30.874  43.816 0.0000000000
108996  -31.926  30.796  42.493 0.0000000000
108997  -32.631  31.073  42.016 0.0000000000
109006  -32.369  30.495  41.535 0.0000000000
109007  -33.282  30.879  41.526 0.0000000000
109008  -34.146  30.795  41.369 0.0000000000
109009  -34.893  30.693  41.393 0.0000000000
109010  -35.452  30.741  41.276 0.0000000000
109017  -32.962  30.455  41.006 0.0000000000
109018  -33.713  30.529  40.950 0.0000000000
109651  -32.481  31.771  43.350 0.0000000000
109652  -33.736  32.284  43.073 0.0000000000
109653  -34.382  32.459  43.073 0.0000000000
109661  -32.556  31.324  42.511 0.0000000000
109662  -33.442  31.500  42.289 0.0000000000
109663  -34.631  31.911  42.568 0.0000000000
109664  -35.430  31.786  42.143 0.0000000000
109665  -35.655  31.771  41.816 0.0000000000
109676  -33.848  31.103  41.733 0.0000000000
109677  -34.417  31.202  41.850 0.0000000000
109678  -35.186  31.212  41.823 0.0000000000
109679  -35.730  31.279  41.362 0.0000000000
110270  -32.672  33.137  44.517 0.0000000000
110271  -33.475  33.255  44.121 0.0000000000
110278  -32.346  32.460  44.352 0.0000000000
110279  -33.206  32.609  43.890 0.0000000000
110280  -34.152  32.948  43.520 0.0000000000
110281  -34.780  33.003  43.268 0.0000000000
110288  -34.677  32.580  43.068 0.0000000000
110289  -34.954  32.594  42.600 0.0000000000
110290  -35.485  32.167  42.052 0.0000000000
110296  -34.494  32.823  41.505 0.0000000000
110297  -34.955  32.667  41.813 0.0000000000
110298  -35.691  31.942  41.524 0.0000000000
110309  -33.542  32.754  40.396 0.0000000000
110310  -34.270  32.638  40.773 0.0000000000
110311  -35.514  32.131  40.855 0.0000000000
110312  -35.872  31.539  40.879 0.0000000000
110880  -33.061  33.839  44.488 0.0000000000
110881  -33.919  33.756  44.032 0.0000000000
110887  -34.433  33.539  43.473 0.0000000000
110888  -34.785  33.372  43.109 0.0000000000
110893  -34.314  33.688  42.543 0.0000000000
110894  -34.764  33.256  42.611 0.0000000000
110899  -32.359  33.898  41.386 0.0000000000
110900  -33.266  33.625  41.640 0.0000000000
110901  -34.186  33.232  41.798 0.0000000000
110902  -34.603  33.208  42.250 0.0000000000
110909  -31.857  33.490  40.509 0.0000000000
110910  -33.057  33.088  40.717 0.0000000000
110911  -33.683  33.114  41.257 0.0000000000
111530  -33.338  34.531  44.188 0.0000000000
111536  -34.068  34.318  43.563 0.0000000000
111537  -34.514  33.780  43.322 0.0000000000
111543  -33.292  34.753  42.644 0.0000000000
111544  -33.904  34.462  42.908 0.0000000000
111545  -34.554  33.899  43.037 0.0000000000
111551  -32.024  34.746  41.751 0.0000000000
111552  -32.782  34.530  42.144 0.0000000000
111553  -33.649  34.062  42.318 0.0000000000
112181  -33.383  35.047  43.812 0.0000000000
112188  -32.925  35.614  43.617 0.0000000000
112189  -33.437  35.040  43.286 0.0000000000
112197  -32.590  35.551  42.828 0.0000000000
112198  -33.378  35.015  42.912 0.0000000000
112205  -31.803  35.433  42.138 0.0000000000
112206  -32.306  35.081  42.214 0.0000000000
112865  -32.579  36.034  43.939 0.0000000000
112871  -32.413  36.176  43.558 0.0000000000
112878  -32.218  36.273  43.228 0.0000000000
