#!ascii label  , from subject FREESURFER vox2ras=TkReg 
197
3827  -22.042  -87.247  27.143 0.0000000000
3828  -22.651  -87.257  27.132 0.0000000000
3829  -23.403  -87.036  27.306 0.0000000000
3830  -23.866  -86.868  27.396 0.0000000000
3845  -20.175  -87.394  26.475 0.0000000000
3846  -21.158  -87.573  26.585 0.0000000000
3847  -22.079  -87.536  26.672 0.0000000000
3848  -22.796  -87.508  26.428 0.0000000000
3849  -23.352  -87.309  26.572 0.0000000000
3850  -24.003  -87.002  26.751 0.0000000000
3864  -20.874  -87.818  25.640 0.0000000000
3865  -21.797  -87.765  25.782 0.0000000000
3866  -22.508  -87.647  25.919 0.0000000000
3867  -23.276  -87.501  25.631 0.0000000000
3868  -23.830  -87.234  26.046 0.0000000000
3880  -21.540  -88.038  24.676 0.0000000000
3881  -22.464  -87.794  24.930 0.0000000000
4487  -18.627  -85.689  28.249 0.0000000000
4488  -23.957  -86.286  28.442 0.0000000000
4489  -24.727  -86.216  28.369 0.0000000000
4490  -25.220  -86.050  28.294 0.0000000000
4497  -19.360  -86.280  27.755 0.0000000000
4498  -20.760  -86.477  27.214 0.0000000000
4499  -21.924  -86.711  27.351 0.0000000000
4500  -22.838  -86.620  27.673 0.0000000000
4501  -23.594  -86.664  27.893 0.0000000000
4502  -24.407  -86.658  27.510 0.0000000000
4503  -25.220  -86.212  27.655 0.0000000000
4513  -19.346  -86.944  27.200 0.0000000000
4514  -20.408  -87.023  27.102 0.0000000000
4515  -21.434  -87.147  27.054 0.0000000000
4516  -24.497  -86.736  26.626 0.0000000000
4517  -25.027  -86.376  26.537 0.0000000000
4524  -23.873  -87.231  25.580 0.0000000000
4525  -24.400  -86.757  25.715 0.0000000000
4526  -24.882  -86.283  25.822 0.0000000000
4533  -23.838  -87.243  24.997 0.0000000000
5184  -24.772  -85.285  29.462 0.0000000000
5185  -25.349  -85.239  29.550 0.0000000000
5186  -25.798  -85.067  29.560 0.0000000000
5193  -18.086  -85.460  28.487 0.0000000000
5194  -18.553  -85.289  28.244 0.0000000000
5195  -23.767  -85.791  28.693 0.0000000000
5196  -24.316  -85.633  28.920 0.0000000000
5197  -25.139  -85.724  28.877 0.0000000000
5198  -25.892  -85.218  28.944 0.0000000000
5204  -19.107  -85.442  27.932 0.0000000000
5205  -20.094  -85.602  27.419 0.0000000000
5206  -21.273  -85.891  27.318 0.0000000000
5207  -22.266  -85.891  27.655 0.0000000000
5208  -23.161  -85.894  28.309 0.0000000000
5209  -25.612  -85.705  28.130 0.0000000000
5210  -26.082  -85.016  27.944 0.0000000000
5216  -16.274  -85.379  26.718 0.0000000000
5217  -20.756  -85.061  26.976 0.0000000000
5218  -21.707  -85.222  27.232 0.0000000000
5219  -22.224  -85.298  27.543 0.0000000000
5227  -16.573  -85.239  25.398 0.0000000000
5234  -17.043  -85.213  24.250 0.0000000000
5235  -17.466  -84.734  24.226 0.0000000000
5245  -17.120  -85.295  23.218 0.0000000000
5246  -17.474  -84.838  23.579 0.0000000000
5257  -17.376  -84.914  22.653 0.0000000000
5863  -25.036  -84.528  30.377 0.0000000000
5864  -25.325  -84.446  30.377 0.0000000000
5867  -24.911  -84.783  30.133 0.0000000000
5868  -25.616  -84.870  30.007 0.0000000000
5869  -26.294  -84.730  29.681 0.0000000000
5875  -17.596  -85.085  28.337 0.0000000000
5876  -18.261  -84.935  28.147 0.0000000000
5877  -18.772  -84.975  27.957 0.0000000000
5878  -23.731  -85.074  28.730 0.0000000000
5879  -24.289  -84.705  29.489 0.0000000000
5880  -26.710  -84.565  28.743 0.0000000000
5886  -17.120  -84.987  27.456 0.0000000000
5887  -17.931  -84.618  27.550 0.0000000000
5888  -18.602  -84.609  27.485 0.0000000000
5889  -19.374  -84.825  27.356 0.0000000000
5890  -20.065  -84.914  27.080 0.0000000000
5891  -22.618  -85.266  27.834 0.0000000000
5892  -23.042  -84.895  28.197 0.0000000000
5898  -17.063  -84.814  26.132 0.0000000000
5899  -17.791  -84.385  26.502 0.0000000000
5900  -18.372  -84.265  26.805 0.0000000000
5901  -19.040  -84.163  26.746 0.0000000000
5902  -20.098  -84.080  26.481 0.0000000000
5903  -21.356  -84.295  26.527 0.0000000000
5904  -22.290  -84.688  27.257 0.0000000000
5905  -22.704  -84.737  27.764 0.0000000000
5916  -17.161  -84.771  25.096 0.0000000000
5917  -17.657  -84.353  25.459 0.0000000000
5918  -20.577  -83.638  26.073 0.0000000000
5919  -20.802  -83.888  26.190 0.0000000000
5931  -17.320  -84.804  24.581 0.0000000000
5932  -17.551  -84.440  24.673 0.0000000000
5944  -17.764  -84.257  23.971 0.0000000000
5945  -18.077  -83.930  23.539 0.0000000000
5959  -17.832  -84.408  23.081 0.0000000000
5960  -18.222  -83.912  22.807 0.0000000000
6520  -24.992  -84.178  30.504 0.0000000000
6525  -24.519  -83.973  30.143 0.0000000000
6531  -23.801  -84.098  29.074 0.0000000000
6532  -24.096  -83.763  29.624 0.0000000000
6540  -23.406  -84.212  28.448 0.0000000000
6548  -18.276  -84.051  26.287 0.0000000000
6549  -18.674  -83.748  26.215 0.0000000000
6550  -19.327  -83.509  26.153 0.0000000000
6551  -19.778  -83.391  26.050 0.0000000000
6552  -21.621  -83.808  26.308 0.0000000000
6553  -22.167  -83.687  26.504 0.0000000000
6554  -22.898  -84.043  27.575 0.0000000000
6563  -18.272  -83.781  25.648 0.0000000000
6564  -19.014  -83.146  25.501 0.0000000000
6565  -19.605  -83.042  25.680 0.0000000000
6566  -20.262  -83.204  25.818 0.0000000000
6567  -21.282  -83.441  25.981 0.0000000000
6568  -21.944  -83.180  26.075 0.0000000000
6580  -18.032  -83.833  24.629 0.0000000000
6581  -18.634  -83.230  24.823 0.0000000000
6592  -18.070  -83.797  23.980 0.0000000000
6593  -18.629  -83.337  23.720 0.0000000000
6594  -19.220  -82.790  23.366 0.0000000000
7133  -24.267  -82.947  30.093 0.0000000000
7136  -23.663  -83.670  28.685 0.0000000000
7137  -23.953  -82.933  29.000 0.0000000000
7145  -23.511  -83.333  28.043 0.0000000000
7146  -23.847  -82.292  27.801 0.0000000000
7157  -22.332  -83.035  26.191 0.0000000000
7158  -23.115  -82.667  26.632 0.0000000000
7159  -23.778  -81.923  27.051 0.0000000000
7169  -19.209  -82.852  25.211 0.0000000000
7170  -19.440  -82.728  25.223 0.0000000000
7171  -19.976  -82.523  25.308 0.0000000000
7172  -20.826  -82.534  25.232 0.0000000000
7173  -22.009  -82.605  25.630 0.0000000000
7174  -22.709  -82.011  25.696 0.0000000000
7183  -19.174  -82.755  24.862 0.0000000000
7184  -19.718  -82.257  24.703 0.0000000000
7185  -20.302  -82.076  24.782 0.0000000000
7186  -20.785  -81.875  24.690 0.0000000000
7196  -18.969  -82.950  24.379 0.0000000000
7197  -19.388  -82.489  23.969 0.0000000000
7819  -24.273  -81.707  29.747 0.0000000000
7822  -24.177  -81.486  28.595 0.0000000000
7825  -24.150  -81.199  27.406 0.0000000000
7835  -23.228  -81.733  25.922 0.0000000000
7836  -23.757  -81.422  26.387 0.0000000000
7847  -21.386  -81.871  24.882 0.0000000000
7848  -22.151  -81.674  25.123 0.0000000000
7849  -22.923  -81.334  25.264 0.0000000000
7850  -23.493  -81.202  25.651 0.0000000000
7861  -20.154  -81.837  24.377 0.0000000000
7862  -20.526  -81.588  24.393 0.0000000000
7863  -20.994  -81.279  24.465 0.0000000000
7864  -21.607  -81.185  24.692 0.0000000000
7865  -22.265  -81.022  24.861 0.0000000000
7880  -19.866  -81.904  24.135 0.0000000000
7882  -20.692  -81.195  24.178 0.0000000000
8542  -24.482  -80.428  29.208 0.0000000000
8545  -24.437  -80.329  28.132 0.0000000000
8548  -24.380  -80.200  27.231 0.0000000000
8553  -24.223  -80.597  26.582 0.0000000000
8561  -23.377  -80.910  25.253 0.0000000000
8562  -23.941  -80.490  25.537 0.0000000000
8572  -21.302  -80.894  24.377 0.0000000000
8573  -21.859  -80.633  24.311 0.0000000000
8574  -22.991  -80.527  24.670 0.0000000000
8575  -23.673  -79.813  24.772 0.0000000000
9333  -24.605  -79.298  29.546 0.0000000000
9334  -24.859  -79.023  29.950 0.0000000000
9340  -24.493  -79.305  28.579 0.0000000000
9347  -24.492  -79.333  27.553 0.0000000000
9354  -24.471  -79.555  26.383 0.0000000000
9362  -24.219  -79.329  25.248 0.0000000000
10050  -24.870  -78.227  29.378 0.0000000000
10051  -25.237  -78.556  29.880 0.0000000000
10058  -24.533  -78.292  28.789 0.0000000000
10064  -24.454  -78.340  27.903 0.0000000000
10070  -24.512  -78.397  26.849 0.0000000000
10076  -24.443  -78.458  25.762 0.0000000000
10797  -24.998  -77.601  29.157 0.0000000000
10798  -25.398  -77.559  29.333 0.0000000000
10806  -24.836  -77.405  28.808 0.0000000000
10807  -25.112  -77.347  29.011 0.0000000000
10812  -24.578  -77.474  28.115 0.0000000000
10818  -24.462  -77.474  27.214 0.0000000000
11550  -25.536  -77.061  29.100 0.0000000000
11551  -25.985  -76.754  29.252 0.0000000000
11557  -24.969  -76.993  28.617 0.0000000000
11558  -25.312  -76.838  28.747 0.0000000000
11559  -25.820  -76.342  28.868 0.0000000000
11564  -24.855  -76.765  28.233 0.0000000000
11565  -25.118  -76.484  28.309 0.0000000000
11571  -24.580  -76.763  27.503 0.0000000000
12323  -25.319  -76.331  28.336 0.0000000000
12324  -25.720  -75.942  28.437 0.0000000000
12333  -24.797  -76.378  27.644 0.0000000000
