#!ascii label  , from subject FREESURFER vox2ras=TkReg 
146
80544  -7.883  -5.548  63.266 0.0000000000
80552  -6.898  -5.051  63.291 0.0000000000
80553  -7.513  -4.720  63.473 0.0000000000
81497  -6.699  -3.620  63.193 0.0000000000
81498  -6.797  -3.864  63.326 0.0000000000
81499  -8.304  -4.593  63.843 0.0000000000
81505  -6.628  -4.122  62.861 0.0000000000
81506  -6.980  -4.270  63.481 0.0000000000
81507  -7.542  -4.226  63.677 0.0000000000
81509  -6.542  -4.429  61.929 0.0000000000
82438  -7.344  -2.818  64.229 0.0000000000
82439  -8.203  -3.016  64.622 0.0000000000
82440  -9.352  -3.226  64.681 0.0000000000
82445  -6.619  -3.029  62.958 0.0000000000
82446  -6.910  -3.440  63.635 0.0000000000
82447  -7.709  -3.704  64.048 0.0000000000
82448  -8.643  -3.830  64.363 0.0000000000
82453  -6.372  -3.272  62.143 0.0000000000
82454  -6.939  -3.869  63.522 0.0000000000
82455  -7.209  -3.891  63.638 0.0000000000
82458  -6.529  -3.423  61.379 0.0000000000
82463  -6.888  -3.487  60.753 0.0000000000
82464  -7.411  -3.533  60.357 0.0000000000
82465  -7.964  -3.552  59.945 0.0000000000
83451  -6.696  -1.794  63.703 0.0000000000
83452  -7.102  -1.957  64.227 0.0000000000
83453  -7.754  -2.122  64.744 0.0000000000
83454  -8.659  -2.158  64.825 0.0000000000
83455  -9.719  -2.130  64.764 0.0000000000
83458  -6.547  -1.994  63.046 0.0000000000
83459  -6.761  -2.532  63.686 0.0000000000
83463  -6.336  -2.187  62.250 0.0000000000
83465  -6.412  -2.339  61.500 0.0000000000
83470  -6.705  -2.449  60.879 0.0000000000
83471  -7.360  -2.454  60.337 0.0000000000
83472  -7.744  -3.003  60.162 0.0000000000
83478  -7.786  -1.911  60.003 0.0000000000
83479  -8.221  -2.506  59.692 0.0000000000
84456  -7.834  -0.864  65.294 0.0000000000
84457  -8.310  -0.797  65.283 0.0000000000
84458  -8.558  -0.717  65.194 0.0000000000
84459  -6.780  -1.201  64.119 0.0000000000
84460  -7.408  -1.219  64.795 0.0000000000
84461  -8.109  -1.423  65.166 0.0000000000
84462  -8.873  -1.135  64.959 0.0000000000
84463  -9.977  -1.148  64.629 0.0000000000
84466  -6.469  -1.183  63.343 0.0000000000
84469  -6.040  -0.719  61.727 0.0000000000
84470  -6.219  -1.163  62.408 0.0000000000
84472  -6.059  -0.672  61.408 0.0000000000
84473  -6.187  -1.194  61.492 0.0000000000
84478  -6.481  -1.456  60.918 0.0000000000
84479  -6.878  -1.508  60.459 0.0000000000
84485  -7.442  -1.346  60.043 0.0000000000
84486  -8.178  -1.353  59.665 0.0000000000
84493  -8.799  -1.539  58.903 0.0000000000
85457  -8.032  -0.350  65.364 0.0000000000
85458  -8.483  -0.331  65.209 0.0000000000
85459  -8.743  -0.597  65.078 0.0000000000
85460  -6.991  -0.456  64.512 0.0000000000
85461  -7.544  -0.405  65.059 0.0000000000
85462  -8.645  -0.010  65.101 0.0000000000
85463  -9.114  -0.309  64.858 0.0000000000
85464  -10.245  -0.299  64.392 0.0000000000
85467  -6.485  -0.400  63.787 0.0000000000
85471  -6.008  -0.289  62.099 0.0000000000
85472  -6.214  -0.384  62.914 0.0000000000
85475  -5.958  -0.153  61.333 0.0000000000
85476  -6.092  -0.573  61.180 0.0000000000
85481  -5.943  0.236  60.909 0.0000000000
85482  -6.265  -0.276  60.730 0.0000000000
85483  -6.606  -0.919  60.543 0.0000000000
85489  -6.545  0.210  60.237 0.0000000000
85490  -6.935  -0.395  60.133 0.0000000000
85491  -7.811  -0.418  59.643 0.0000000000
85497  -8.580  -0.488  59.018 0.0000000000
86408  -8.204  -0.067  65.293 0.0000000000
86409  -8.373  0.078  65.187 0.0000000000
86410  -7.287  0.202  64.711 0.0000000000
86411  -7.911  0.337  65.098 0.0000000000
86412  -8.623  0.458  64.872 0.0000000000
86413  -9.458  0.471  64.451 0.0000000000
86416  -6.714  0.429  64.216 0.0000000000
86420  -6.060  0.329  62.490 0.0000000000
86421  -6.293  0.603  63.282 0.0000000000
86424  -5.905  0.544  61.784 0.0000000000
86429  -5.730  0.699  61.087 0.0000000000
86430  -5.936  0.717  60.611 0.0000000000
86436  -6.249  0.831  60.144 0.0000000000
86437  -6.774  0.643  59.867 0.0000000000
86438  -7.420  0.503  59.568 0.0000000000
86442  -8.254  0.500  59.106 0.0000000000
86443  -8.922  0.416  58.365 0.0000000000
87336  -7.295  1.230  64.478 0.0000000000
87337  -8.119  1.358  64.639 0.0000000000
87338  -8.825  1.276  64.388 0.0000000000
87339  -9.533  1.247  63.972 0.0000000000
87341  -6.551  1.480  63.869 0.0000000000
87342  -9.865  1.600  63.527 0.0000000000
87345  -6.012  1.316  62.410 0.0000000000
87346  -6.238  1.625  63.159 0.0000000000
87350  -5.763  1.506  61.484 0.0000000000
87355  -5.751  1.587  60.701 0.0000000000
87356  -5.951  1.349  60.294 0.0000000000
87362  -5.933  1.968  60.241 0.0000000000
87363  -6.162  1.795  59.916 0.0000000000
87364  -6.625  1.548  59.615 0.0000000000
87365  -7.109  1.194  59.497 0.0000000000
87369  -7.079  1.775  59.282 0.0000000000
87370  -7.760  1.501  59.085 0.0000000000
87371  -8.599  1.354  58.452 0.0000000000
88242  -6.854  2.466  64.186 0.0000000000
88243  -7.656  2.440  64.382 0.0000000000
88244  -8.523  2.423  64.220 0.0000000000
88245  -9.003  1.838  64.164 0.0000000000
88246  -5.855  2.940  62.836 0.0000000000
88247  -6.307  2.561  63.436 0.0000000000
88248  -8.826  2.911  63.914 0.0000000000
88249  -9.217  2.391  63.800 0.0000000000
88251  -5.729  2.514  62.062 0.0000000000
88252  -5.993  2.189  62.786 0.0000000000
88255  -5.606  2.509  61.090 0.0000000000
88260  -5.722  2.579  60.380 0.0000000000
88266  -5.945  2.616  59.858 0.0000000000
88267  -6.443  2.574  59.360 0.0000000000
88268  -6.810  2.103  59.291 0.0000000000
88274  -6.718  3.048  58.969 0.0000000000
88275  -7.225  2.564  58.929 0.0000000000
88276  -8.421  2.508  58.311 0.0000000000
88277  -8.919  1.902  58.009 0.0000000000
88284  -8.883  3.045  57.776 0.0000000000
89161  -7.204  3.629  64.230 0.0000000000
89162  -8.068  3.524  64.336 0.0000000000
89163  -8.825  3.643  63.893 0.0000000000
89165  -6.064  3.790  63.290 0.0000000000
89166  -6.561  3.386  63.872 0.0000000000
89167  -9.026  3.151  63.772 0.0000000000
89170  -5.625  3.670  62.432 0.0000000000
89172  -5.480  3.528  61.498 0.0000000000
89178  -5.499  3.476  60.599 0.0000000000
89185  -5.616  3.417  59.908 0.0000000000
89186  -5.975  3.455  59.434 0.0000000000
89191  -6.411  3.577  58.993 0.0000000000
89192  -6.988  3.548  58.715 0.0000000000
89193  -7.719  3.493  58.378 0.0000000000
89199  -8.455  3.605  57.852 0.0000000000
