#!ascii label  , from subject FREESURFER vox2ras=TkReg 
185
87351  -11.867  1.299  61.447 0.0000000000
87357  -12.130  1.370  60.846 0.0000000000
87366  -12.446  1.342  59.279 0.0000000000
87372  -12.537  1.521  58.219 0.0000000000
87373  -12.635  1.180  57.503 0.0000000000
87378  -12.632  1.869  57.343 0.0000000000
87379  -12.704  1.284  56.898 0.0000000000
87387  -12.760  1.949  56.728 0.0000000000
87388  -12.863  1.555  56.148 0.0000000000
87398  -13.185  1.607  55.215 0.0000000000
88250  -9.877  2.373  63.186 0.0000000000
88253  -10.534  2.165  62.500 0.0000000000
88254  -11.072  1.560  62.292 0.0000000000
88256  -10.708  2.613  62.078 0.0000000000
88257  -11.198  2.025  61.813 0.0000000000
88261  -11.716  2.068  60.831 0.0000000000
88262  -12.129  1.598  60.487 0.0000000000
88269  -11.698  2.653  59.935 0.0000000000
88270  -12.104  1.851  59.962 0.0000000000
88278  -11.726  2.985  59.344 0.0000000000
88279  -12.142  2.409  58.976 0.0000000000
88286  -12.433  2.515  57.929 0.0000000000
88293  -12.674  2.823  56.837 0.0000000000
88294  -12.817  2.235  56.382 0.0000000000
88304  -12.763  3.196  56.189 0.0000000000
88305  -12.947  2.642  55.768 0.0000000000
88313  -13.374  2.594  54.694 0.0000000000
89164  -9.310  4.155  63.711 0.0000000000
89168  -9.460  3.582  63.500 0.0000000000
89169  -10.102  3.436  62.932 0.0000000000
89171  -10.467  3.291  62.305 0.0000000000
89173  -10.881  3.070  61.681 0.0000000000
89174  -11.289  2.609  61.313 0.0000000000
89179  -10.951  3.678  61.479 0.0000000000
89180  -11.268  3.276  60.862 0.0000000000
89187  -11.459  3.508  59.792 0.0000000000
89194  -11.719  3.479  58.789 0.0000000000
89195  -12.086  2.948  58.346 0.0000000000
89201  -11.715  3.919  58.260 0.0000000000
89202  -12.120  3.531  57.788 0.0000000000
89208  -12.402  3.805  56.934 0.0000000000
89216  -12.652  3.713  56.374 0.0000000000
89217  -12.850  3.650  55.755 0.0000000000
89226  -13.172  3.561  55.007 0.0000000000
89234  -13.624  3.540  54.196 0.0000000000
90046  -9.334  4.681  63.848 0.0000000000
90047  -9.995  5.031  63.687 0.0000000000
90050  -9.661  4.490  63.617 0.0000000000
90051  -10.174  4.627  63.325 0.0000000000
90053  -10.484  4.347  62.684 0.0000000000
90055  -10.723  4.060  61.963 0.0000000000
90060  -10.963  4.242  61.357 0.0000000000
90061  -11.150  4.356  60.512 0.0000000000
90068  -11.421  4.397  59.468 0.0000000000
90076  -11.613  4.389  58.642 0.0000000000
90084  -11.733  4.413  58.003 0.0000000000
90085  -12.071  4.497  57.285 0.0000000000
90091  -12.568  4.578  56.526 0.0000000000
90092  -12.900  4.879  55.933 0.0000000000
90101  -12.780  4.278  55.976 0.0000000000
90102  -13.126  4.536  55.335 0.0000000000
90111  -13.548  4.410  54.545 0.0000000000
90120  -13.985  4.425  53.913 0.0000000000
90942  -9.854  5.434  63.813 0.0000000000
90946  -10.643  5.650  63.554 0.0000000000
90947  -11.175  6.140  63.496 0.0000000000
90949  -10.932  5.227  63.092 0.0000000000
90950  -11.380  5.943  63.297 0.0000000000
90952  -11.028  4.882  62.378 0.0000000000
90953  -11.459  5.682  62.642 0.0000000000
90957  -11.009  4.628  61.847 0.0000000000
90958  -11.217  5.266  61.542 0.0000000000
90964  -11.368  5.323  60.231 0.0000000000
90971  -11.625  5.306  59.023 0.0000000000
90972  -11.798  5.798  58.604 0.0000000000
90980  -11.647  4.870  58.394 0.0000000000
90981  -11.818  5.386  57.966 0.0000000000
90987  -12.338  5.407  56.998 0.0000000000
90988  -12.766  5.489  56.244 0.0000000000
90998  -13.220  5.482  55.568 0.0000000000
91010  -13.726  5.381  54.751 0.0000000000
91011  -14.158  5.796  54.484 0.0000000000
91024  -13.867  4.929  54.267 0.0000000000
91025  -14.365  5.380  54.054 0.0000000000
91853  -10.264  5.958  63.806 0.0000000000
91859  -10.889  6.398  63.616 0.0000000000
91860  -11.471  6.485  63.300 0.0000000000
91863  -11.816  6.496  62.829 0.0000000000
91864  -12.275  6.815  62.297 0.0000000000
91866  -11.834  6.227  62.066 0.0000000000
91867  -12.322  6.746  61.549 0.0000000000
91871  -11.655  6.198  61.007 0.0000000000
91872  -12.247  6.717  60.520 0.0000000000
91878  -11.696  6.130  59.880 0.0000000000
91879  -12.222  6.610  59.474 0.0000000000
91885  -11.845  6.071  59.076 0.0000000000
91886  -12.153  6.334  58.456 0.0000000000
91894  -12.337  6.201  57.482 0.0000000000
91901  -12.642  6.288  56.669 0.0000000000
91902  -13.108  6.314  55.950 0.0000000000
91912  -13.694  6.237  55.271 0.0000000000
91913  -14.176  6.459  54.949 0.0000000000
91925  -14.021  6.075  54.736 0.0000000000
91926  -14.547  6.240  54.515 0.0000000000
92770  -10.496  7.057  63.518 0.0000000000
92771  -11.498  7.124  63.205 0.0000000000
92772  -11.912  7.500  62.857 0.0000000000
92776  -11.740  6.853  62.998 0.0000000000
92777  -12.248  7.408  62.610 0.0000000000
92778  -12.794  8.014  62.429 0.0000000000
92780  -12.744  7.278  61.934 0.0000000000
92781  -13.036  7.874  62.152 0.0000000000
92785  -12.758  7.281  61.019 0.0000000000
92786  -13.199  7.841  61.394 0.0000000000
92792  -12.728  7.215  59.968 0.0000000000
92793  -13.227  7.786  60.419 0.0000000000
92798  -12.603  7.153  58.866 0.0000000000
92799  -13.146  7.774  59.337 0.0000000000
92807  -12.605  6.974  57.761 0.0000000000
92808  -13.087  7.722  58.149 0.0000000000
92816  -12.646  6.749  57.100 0.0000000000
92817  -13.282  7.348  56.622 0.0000000000
92818  -14.532  7.721  56.062 0.0000000000
92819  -15.485  7.727  56.057 0.0000000000
92830  -13.547  6.759  55.772 0.0000000000
92831  -14.185  6.957  55.413 0.0000000000
92832  -15.188  7.201  55.293 0.0000000000
92841  -14.433  6.629  54.921 0.0000000000
92842  -14.778  6.770  54.859 0.0000000000
93669  -10.930  7.739  63.161 0.0000000000
93670  -11.697  7.816  62.907 0.0000000000
93671  -12.145  7.878  62.719 0.0000000000
93678  -12.089  8.507  62.691 0.0000000000
93679  -12.684  8.368  62.559 0.0000000000
93680  -13.239  8.451  62.286 0.0000000000
93682  -13.628  8.499  61.691 0.0000000000
93683  -14.190  8.795  61.038 0.0000000000
93689  -13.699  8.340  60.787 0.0000000000
93690  -14.208  8.788  60.156 0.0000000000
93696  -13.671  8.321  59.786 0.0000000000
93697  -14.130  8.820  59.183 0.0000000000
93702  -13.642  8.309  58.734 0.0000000000
93703  -14.226  8.699  58.300 0.0000000000
93710  -13.768  8.257  57.655 0.0000000000
93711  -14.597  8.667  57.528 0.0000000000
93712  -15.433  8.775  57.331 0.0000000000
93713  -16.256  8.751  57.330 0.0000000000
93720  -14.177  8.202  56.818 0.0000000000
93721  -15.016  8.327  56.669 0.0000000000
93722  -15.881  8.269  56.664 0.0000000000
94581  -12.658  9.245  62.582 0.0000000000
94582  -13.461  9.205  62.372 0.0000000000
94583  -13.893  9.681  62.195 0.0000000000
94591  -13.687  8.865  62.089 0.0000000000
94592  -14.250  9.380  61.689 0.0000000000
94593  -14.820  10.026  61.629 0.0000000000
94599  -14.705  9.278  60.521 0.0000000000
94600  -15.365  9.886  60.864 0.0000000000
94601  -15.990  10.139  60.629 0.0000000000
94606  -14.715  9.191  59.498 0.0000000000
94607  -15.405  9.566  59.728 0.0000000000
94608  -16.324  9.943  59.875 0.0000000000
94609  -17.354  9.870  59.568 0.0000000000
94614  -14.632  9.092  58.630 0.0000000000
94615  -15.258  9.343  58.766 0.0000000000
94616  -16.061  9.501  58.818 0.0000000000
94617  -17.085  9.448  58.631 0.0000000000
94622  -14.626  8.903  58.115 0.0000000000
94623  -15.034  9.091  58.024 0.0000000000
94624  -15.760  9.194  58.003 0.0000000000
94625  -16.489  9.166  58.011 0.0000000000
95401  -13.247  9.889  62.419 0.0000000000
95402  -13.656  9.793  62.315 0.0000000000
95412  -14.062  10.323  62.090 0.0000000000
95413  -15.350  10.599  61.428 0.0000000000
95414  -16.272  11.026  61.291 0.0000000000
95415  -16.781  11.229  61.257 0.0000000000
95427  -15.804  10.252  60.959 0.0000000000
95428  -16.432  10.395  60.716 0.0000000000
95429  -17.330  10.731  60.904 0.0000000000
95437  -16.891  10.177  60.091 0.0000000000
95438  -17.425  10.265  60.214 0.0000000000
96201  -14.460  11.343  61.761 0.0000000000
96202  -15.428  11.527  61.571 0.0000000000
96203  -16.301  11.649  61.427 0.0000000000
