#!ascii label  , from subject FREESURFER vox2ras=TkReg 
346
125101  -6.850  57.933  14.804 0.0000000000
125115  -6.750  57.834  14.296 0.0000000000
125132  -6.534  57.808  13.708 0.0000000000
125465  -8.625  58.997  21.370 0.0000000000
125473  -8.487  58.843  20.474 0.0000000000
125484  -8.347  58.766  19.519 0.0000000000
125495  -8.199  58.761  18.557 0.0000000000
125507  -8.078  58.777  17.600 0.0000000000
125519  -8.032  58.670  16.638 0.0000000000
125534  -8.040  58.488  15.621 0.0000000000
125546  -7.334  58.127  14.396 0.0000000000
125547  -8.003  58.466  14.604 0.0000000000
125560  -6.605  58.053  13.077 0.0000000000
125561  -7.229  58.315  13.408 0.0000000000
125562  -7.818  58.598  13.840 0.0000000000
125570  -6.271  58.353  12.461 0.0000000000
125571  -6.817  58.632  12.704 0.0000000000
125869  -9.031  59.920  21.576 0.0000000000
125870  -9.309  60.466  21.186 0.0000000000
125873  -9.119  59.477  20.620 0.0000000000
125874  -9.459  60.235  20.712 0.0000000000
125877  -9.080  59.287  19.680 0.0000000000
125878  -9.652  59.949  19.873 0.0000000000
125883  -9.009  59.190  18.709 0.0000000000
125884  -9.644  59.797  18.909 0.0000000000
125892  -8.927  59.155  17.731 0.0000000000
125893  -9.663  59.685  17.923 0.0000000000
125901  -8.861  59.119  16.763 0.0000000000
125902  -9.612  59.644  16.930 0.0000000000
125910  -8.839  59.044  15.794 0.0000000000
125911  -9.506  59.632  15.970 0.0000000000
125922  -8.831  59.162  14.693 0.0000000000
125923  -9.336  59.620  15.185 0.0000000000
125931  -7.712  59.240  13.233 0.0000000000
125932  -8.314  59.224  13.804 0.0000000000
125938  -6.545  59.379  12.316 0.0000000000
125939  -7.162  59.267  12.696 0.0000000000
126231  -9.452  60.964  20.902 0.0000000000
126234  -9.741  60.908  20.047 0.0000000000
126235  -9.913  61.224  19.335 0.0000000000
126239  -9.900  60.565  19.164 0.0000000000
126240  -10.041  61.221  18.694 0.0000000000
126247  -10.014  60.564  18.155 0.0000000000
126248  -10.157  61.461  17.977 0.0000000000
126256  -10.074  60.359  17.176 0.0000000000
126257  -10.274  61.129  17.326 0.0000000000
126267  -9.985  60.507  16.148 0.0000000000
126268  -10.250  61.004  16.654 0.0000000000
126279  -9.196  60.198  14.533 0.0000000000
126280  -9.615  60.410  15.224 0.0000000000
126287  -7.120  60.508  12.900 0.0000000000
126288  -7.842  60.237  13.291 0.0000000000
126289  -8.652  60.121  13.939 0.0000000000
126292  -6.085  60.372  12.139 0.0000000000
126293  -6.714  60.244  12.517 0.0000000000
126294  -7.367  59.916  12.849 0.0000000000
126570  -9.441  61.742  20.514 0.0000000000
126576  -9.735  61.854  19.700 0.0000000000
126577  -9.924  61.682  19.065 0.0000000000
126584  -9.819  62.191  19.102 0.0000000000
126585  -10.002  61.978  18.508 0.0000000000
126589  -10.134  62.088  17.887 0.0000000000
126597  -10.263  61.903  17.331 0.0000000000
126609  -10.006  61.510  16.113 0.0000000000
126610  -10.227  61.671  16.691 0.0000000000
126619  -8.388  61.818  14.358 0.0000000000
126620  -9.047  61.277  14.620 0.0000000000
126621  -9.672  61.359  15.433 0.0000000000
126628  -5.213  62.326  13.476 0.0000000000
126629  -5.858  61.911  13.292 0.0000000000
126630  -6.964  61.264  13.192 0.0000000000
126631  -8.130  61.212  13.869 0.0000000000
126632  -8.771  60.703  14.223 0.0000000000
126635  -5.002  62.052  13.149 0.0000000000
126636  -5.929  61.293  12.619 0.0000000000
126637  -6.665  60.825  12.783 0.0000000000
126917  -9.354  62.551  20.209 0.0000000000
126928  -9.586  62.710  19.514 0.0000000000
126939  -9.815  62.776  18.725 0.0000000000
126940  -10.003  62.490  18.134 0.0000000000
126950  -9.925  63.001  18.074 0.0000000000
126951  -10.047  62.638  17.502 0.0000000000
126953  -9.773  62.821  16.391 0.0000000000
126954  -10.041  62.450  16.657 0.0000000000
126961  -8.882  62.978  15.381 0.0000000000
126962  -9.562  62.468  15.795 0.0000000000
126963  -9.995  62.032  16.273 0.0000000000
126967  -4.768  63.149  14.319 0.0000000000
126968  -5.394  63.055  14.238 0.0000000000
126969  -6.446  62.845  14.158 0.0000000000
126970  -7.634  62.322  14.184 0.0000000000
126971  -8.645  62.404  14.885 0.0000000000
126972  -9.257  61.888  15.150 0.0000000000
126976  -4.545  62.763  13.853 0.0000000000
126977  -5.651  62.512  13.747 0.0000000000
126978  -6.661  62.147  13.636 0.0000000000
126979  -7.369  61.762  13.670 0.0000000000
127296  -9.285  63.423  20.066 0.0000000000
127305  -9.561  63.522  19.279 0.0000000000
127312  -9.761  63.581  18.473 0.0000000000
127324  -9.825  63.520  17.568 0.0000000000
127325  -9.959  63.020  16.951 0.0000000000
127333  -9.601  63.435  16.557 0.0000000000
127334  -9.846  62.930  16.627 0.0000000000
127341  -6.394  64.159  15.123 0.0000000000
127342  -7.097  63.951  15.131 0.0000000000
127343  -8.170  63.454  15.221 0.0000000000
127344  -8.996  63.510  15.782 0.0000000000
127349  -4.304  63.396  14.507 0.0000000000
127350  -5.083  63.530  14.569 0.0000000000
127351  -6.087  63.651  14.717 0.0000000000
127352  -7.252  63.216  14.641 0.0000000000
127353  -7.948  62.869  14.706 0.0000000000
127693  -9.391  64.421  19.939 0.0000000000
127699  -9.580  64.241  18.993 0.0000000000
127705  -9.638  64.417  18.232 0.0000000000
127715  -9.438  64.474  17.300 0.0000000000
127726  -8.247  64.998  16.232 0.0000000000
127727  -8.798  64.492  16.363 0.0000000000
127739  -4.584  64.595  15.329 0.0000000000
127740  -5.630  64.408  15.238 0.0000000000
127741  -6.708  64.592  15.450 0.0000000000
127742  -7.838  64.570  15.734 0.0000000000
127743  -8.499  64.031  15.737 0.0000000000
127749  -4.806  63.974  14.927 0.0000000000
127750  -5.385  63.886  14.870 0.0000000000
128076  -9.449  65.523  20.176 0.0000000000
128079  -9.550  65.265  19.100 0.0000000000
128082  -9.395  65.386  18.049 0.0000000000
128088  -8.316  65.880  16.824 0.0000000000
128089  -8.842  65.466  17.206 0.0000000000
128090  -11.844  65.832  17.238 0.0000000000
128097  -4.148  65.783  15.900 0.0000000000
128098  -4.659  65.869  16.075 0.0000000000
128099  -5.546  65.901  16.178 0.0000000000
128100  -6.612  65.833  16.252 0.0000000000
128101  -7.727  65.579  16.359 0.0000000000
128102  -8.425  65.287  16.588 0.0000000000
128103  -11.706  66.003  16.475 0.0000000000
128104  -12.476  65.254  16.575 0.0000000000
128114  -4.266  65.182  15.774 0.0000000000
128115  -5.069  65.229  15.687 0.0000000000
128116  -6.110  65.230  15.721 0.0000000000
128117  -7.032  65.175  15.881 0.0000000000
128118  -11.556  66.213  15.917 0.0000000000
128119  -12.014  65.867  15.560 0.0000000000
128120  -13.020  65.594  15.316 0.0000000000
128127  -12.038  65.990  15.012 0.0000000000
128128  -12.410  65.953  14.962 0.0000000000
128429  -9.518  66.397  19.676 0.0000000000
128432  -8.801  66.894  18.230 0.0000000000
128433  -9.345  66.424  18.726 0.0000000000
128434  -11.599  66.876  18.322 0.0000000000
128439  -7.643  66.787  17.091 0.0000000000
128440  -8.349  66.618  17.400 0.0000000000
128441  -9.023  66.176  17.887 0.0000000000
128442  -11.447  66.645  17.311 0.0000000000
128443  -11.834  66.220  17.884 0.0000000000
128449  -4.393  66.533  16.209 0.0000000000
128450  -5.034  66.637  16.544 0.0000000000
128451  -6.038  66.603  16.670 0.0000000000
128452  -7.130  66.477  16.752 0.0000000000
128453  -7.908  66.328  16.789 0.0000000000
128454  -11.265  66.645  16.319 0.0000000000
128463  -10.951  66.917  15.005 0.0000000000
128464  -11.371  66.513  15.360 0.0000000000
128465  -11.826  66.136  15.110 0.0000000000
128474  -10.905  67.170  14.712 0.0000000000
128475  -11.317  66.932  14.643 0.0000000000
128476  -12.037  66.429  14.642 0.0000000000
128742  -9.015  68.071  19.757 0.0000000000
128743  -9.310  67.567  20.069 0.0000000000
128744  -11.498  67.717  19.088 0.0000000000
128746  -8.897  67.665  19.080 0.0000000000
128747  -9.407  67.037  19.348 0.0000000000
128748  -11.246  67.559  17.951 0.0000000000
128751  -5.685  68.304  17.605 0.0000000000
128752  -6.356  68.011  17.564 0.0000000000
128753  -7.421  67.493  17.518 0.0000000000
128754  -8.214  67.614  18.142 0.0000000000
128755  -10.391  68.173  16.748 0.0000000000
128756  -10.786  67.559  16.964 0.0000000000
128759  -4.644  67.416  16.769 0.0000000000
128760  -5.450  67.583  17.159 0.0000000000
128761  -6.593  67.177  17.137 0.0000000000
128762  -7.214  66.976  17.123 0.0000000000
128763  -10.398  67.796  16.096 0.0000000000
128764  -10.849  67.106  15.872 0.0000000000
128769  -4.306  67.415  16.159 0.0000000000
128771  -10.537  67.399  15.111 0.0000000000
128772  -10.931  66.969  15.337 0.0000000000
128779  -10.891  67.561  14.132 0.0000000000
128780  -11.841  67.238  14.087 0.0000000000
128781  -12.779  67.158  14.243 0.0000000000
128787  -11.007  68.104  13.512 0.0000000000
128788  -11.634  68.003  13.622 0.0000000000
128789  -12.533  67.898  13.842 0.0000000000
129011  -8.750  69.124  20.404 0.0000000000
129012  -9.035  68.810  20.758 0.0000000000
129015  -8.642  68.774  19.898 0.0000000000
129016  -9.043  68.301  20.094 0.0000000000
129017  -10.821  69.322  19.138 0.0000000000
129018  -11.156  68.962  19.467 0.0000000000
129019  -6.341  69.224  18.543 0.0000000000
129020  -6.761  69.139  18.547 0.0000000000
129021  -7.764  68.745  18.867 0.0000000000
129022  -10.668  69.156  18.707 0.0000000000
129023  -10.944  68.373  18.415 0.0000000000
129024  -4.741  68.909  17.412 0.0000000000
129025  -5.081  68.644  17.615 0.0000000000
129026  -6.038  68.915  18.229 0.0000000000
129027  -7.038  68.477  18.028 0.0000000000
129028  -7.641  68.085  18.110 0.0000000000
129029  -9.924  69.200  17.262 0.0000000000
129030  -10.299  68.821  17.527 0.0000000000
129031  -10.811  68.064  17.724 0.0000000000
129032  -4.502  68.501  17.004 0.0000000000
129033  -4.813  67.999  17.194 0.0000000000
129034  -9.732  69.103  16.863 0.0000000000
129035  -10.006  68.505  16.423 0.0000000000
129039  -4.424  68.610  16.090 0.0000000000
129041  -8.833  69.131  15.534 0.0000000000
129042  -9.220  68.956  15.858 0.0000000000
129043  -9.877  68.163  15.454 0.0000000000
129049  -8.737  69.008  15.118 0.0000000000
129050  -9.269  68.558  14.787 0.0000000000
129051  -10.002  68.058  14.410 0.0000000000
129057  -8.736  68.999  14.239 0.0000000000
129058  -9.361  68.760  13.690 0.0000000000
129059  -10.369  68.430  13.483 0.0000000000
129060  -11.261  68.809  13.129 0.0000000000
129061  -12.310  68.829  13.434 0.0000000000
129067  -9.826  69.059  13.044 0.0000000000
129068  -10.513  69.265  12.853 0.0000000000
129069  -11.135  69.601  12.815 0.0000000000
129247  -8.512  69.775  20.595 0.0000000000
129248  -8.839  69.635  21.061 0.0000000000
129249  -10.772  70.204  20.094 0.0000000000
129251  -7.250  70.195  19.650 0.0000000000
129252  -7.883  69.667  19.813 0.0000000000
129253  -10.611  69.813  19.233 0.0000000000
129254  -10.975  69.658  19.784 0.0000000000
129255  -5.821  70.163  18.791 0.0000000000
129256  -6.324  69.672  18.810 0.0000000000
129257  -7.048  69.616  19.084 0.0000000000
129258  -7.473  69.559  19.375 0.0000000000
129259  -9.799  70.157  18.159 0.0000000000
129260  -10.253  69.674  18.379 0.0000000000
129261  -4.856  69.657  17.532 0.0000000000
129262  -5.420  69.592  18.256 0.0000000000
129263  -5.853  69.570  18.559 0.0000000000
129264  -8.888  70.136  17.190 0.0000000000
129265  -9.661  69.634  17.425 0.0000000000
129266  -10.025  69.593  17.869 0.0000000000
129267  -4.548  69.656  16.563 0.0000000000
129268  -8.615  69.856  16.407 0.0000000000
129269  -9.169  69.508  16.664 0.0000000000
129275  -7.689  70.069  15.152 0.0000000000
129276  -8.516  69.478  15.610 0.0000000000
129277  -8.886  69.440  16.145 0.0000000000
129284  -7.666  70.151  14.054 0.0000000000
129285  -8.207  69.471  14.554 0.0000000000
129293  -7.870  70.380  13.446 0.0000000000
129294  -8.543  69.826  13.259 0.0000000000
129295  -9.340  69.362  13.101 0.0000000000
129296  -11.273  70.602  12.748 0.0000000000
129297  -11.841  69.996  13.027 0.0000000000
129305  -9.088  70.554  12.598 0.0000000000
129306  -9.782  70.029  12.602 0.0000000000
129307  -10.786  70.111  12.645 0.0000000000
129308  -11.259  70.049  12.759 0.0000000000
129462  -8.486  70.815  21.176 0.0000000000
129466  -5.959  70.990  19.381 0.0000000000
129467  -6.212  70.990  19.529 0.0000000000
129468  -6.694  70.859  19.869 0.0000000000
129469  -7.732  70.809  20.349 0.0000000000
129470  -9.547  71.126  19.256 0.0000000000
129471  -9.989  70.906  19.579 0.0000000000
129472  -5.939  70.878  19.176 0.0000000000
129473  -6.267  70.511  19.261 0.0000000000
129474  -6.742  70.168  19.344 0.0000000000
129475  -8.785  71.126  18.431 0.0000000000
129476  -9.317  70.981  18.702 0.0000000000
129477  -10.042  70.371  18.785 0.0000000000
129478  -5.005  70.667  17.648 0.0000000000
129479  -5.422  70.745  18.356 0.0000000000
129480  -7.923  71.154  17.653 0.0000000000
129481  -8.438  70.949  17.878 0.0000000000
129482  -9.252  70.405  17.872 0.0000000000
129483  -4.755  70.685  17.018 0.0000000000
129484  -7.710  71.017  17.164 0.0000000000
129485  -8.162  70.495  16.774 0.0000000000
129490  -6.955  71.322  15.690 0.0000000000
129491  -7.271  70.917  15.951 0.0000000000
129492  -8.052  70.154  15.981 0.0000000000
129498  -6.931  71.336  15.345 0.0000000000
129499  -7.137  70.923  14.664 0.0000000000
129507  -7.454  71.000  13.575 0.0000000000
129508  -7.976  70.711  13.047 0.0000000000
129509  -11.265  71.044  12.727 0.0000000000
129510  -11.623  71.221  12.990 0.0000000000
129518  -7.836  71.434  12.935 0.0000000000
129519  -8.601  71.191  12.654 0.0000000000
129520  -9.633  71.326  12.523 0.0000000000
129521  -10.830  71.283  12.575 0.0000000000
129522  -11.454  72.028  12.983 0.0000000000
129631  -8.556  71.219  20.876 0.0000000000
129632  -9.096  71.472  20.600 0.0000000000
129633  -9.719  71.289  20.260 0.0000000000
129634  -6.123  71.178  19.387 0.0000000000
129635  -6.383  71.336  19.509 0.0000000000
129636  -7.089  71.506  19.767 0.0000000000
129637  -8.225  71.380  19.861 0.0000000000
129638  -9.273  71.285  19.524 0.0000000000
129639  -9.670  71.238  19.785 0.0000000000
129640  -5.947  71.373  19.083 0.0000000000
129641  -6.456  71.800  19.078 0.0000000000
129642  -7.380  71.702  18.949 0.0000000000
129643  -8.498  71.341  18.715 0.0000000000
129644  -9.070  71.279  18.985 0.0000000000
129645  -5.052  71.537  17.571 0.0000000000
129646  -5.720  71.876  18.347 0.0000000000
129647  -6.487  71.996  18.086 0.0000000000
129648  -7.582  71.450  17.842 0.0000000000
129649  -8.177  71.277  18.175 0.0000000000
129650  -4.665  71.713  16.624 0.0000000000
129651  -6.542  71.910  16.958 0.0000000000
129652  -7.104  71.393  16.660 0.0000000000
129654  -6.739  71.734  15.790 0.0000000000
129655  -7.006  71.348  16.135 0.0000000000
129659  -6.829  71.880  14.690 0.0000000000
129660  -7.084  71.620  14.031 0.0000000000
129667  -6.999  72.233  14.043 0.0000000000
129668  -7.437  72.067  13.388 0.0000000000
129677  -8.240  72.172  12.717 0.0000000000
129678  -9.230  72.221  12.514 0.0000000000
129679  -10.286  72.289  12.598 0.0000000000
129680  -11.167  72.403  12.832 0.0000000000
129731  -4.937  72.317  17.019 0.0000000000
129732  -5.472  72.244  17.478 0.0000000000
129733  -5.886  72.231  17.837 0.0000000000
129735  -5.368  72.736  16.688 0.0000000000
129736  -5.953  72.414  17.216 0.0000000000
129739  -6.070  72.826  15.988 0.0000000000
129741  -6.602  72.760  14.770 0.0000000000
129744  -6.878  72.499  14.347 0.0000000000
