#!ascii label  , from subject FREESURFER vox2ras=TkReg 
413
15531  -29.019  -71.698  43.349 0.0000000000
15532  -29.737  -71.688  43.291 0.0000000000
16391  -28.010  -71.311  43.279 0.0000000000
16392  -28.610  -71.526  43.286 0.0000000000
16399  -26.336  -70.452  42.817 0.0000000000
16400  -27.600  -70.484  42.524 0.0000000000
16401  -28.954  -71.173  42.789 0.0000000000
16402  -30.237  -71.194  42.754 0.0000000000
16411  -27.980  -70.045  41.909 0.0000000000
16412  -28.651  -70.406  41.967 0.0000000000
16413  -29.764  -70.558  42.107 0.0000000000
17295  -25.811  -69.724  42.470 0.0000000000
17296  -26.631  -69.911  42.249 0.0000000000
17302  -25.532  -69.056  42.261 0.0000000000
17303  -26.195  -69.248  41.901 0.0000000000
17304  -27.324  -69.586  41.642 0.0000000000
17305  -28.365  -69.769  41.445 0.0000000000
17306  -29.357  -69.944  41.422 0.0000000000
17307  -30.426  -70.002  41.460 0.0000000000
17318  -27.954  -69.293  40.877 0.0000000000
17319  -28.952  -69.405  40.792 0.0000000000
17320  -29.985  -69.430  40.809 0.0000000000
18201  -24.677  -68.704  42.444 0.0000000000
18202  -25.197  -68.790  42.369 0.0000000000
18208  -24.283  -68.014  42.211 0.0000000000
18209  -25.469  -68.243  41.775 0.0000000000
18210  -26.632  -68.848  41.188 0.0000000000
18211  -27.309  -69.117  41.018 0.0000000000
18220  -25.671  -67.692  41.030 0.0000000000
18221  -26.324  -68.027  40.540 0.0000000000
18222  -27.400  -68.668  40.425 0.0000000000
18223  -28.518  -68.851  40.197 0.0000000000
18224  -29.572  -68.905  40.168 0.0000000000
18238  -26.604  -67.749  39.857 0.0000000000
18239  -27.120  -68.030  39.755 0.0000000000
18240  -28.111  -68.275  39.573 0.0000000000
18241  -29.177  -68.360  39.475 0.0000000000
18242  -30.216  -68.334  39.630 0.0000000000
18257  -28.668  -67.979  39.162 0.0000000000
18258  -29.208  -67.789  39.006 0.0000000000
19149  -23.754  -67.276  41.921 0.0000000000
19150  -24.606  -67.352  41.726 0.0000000000
19151  -25.210  -67.302  41.267 0.0000000000
19156  -25.653  -67.256  40.449 0.0000000000
19157  -26.244  -67.528  39.936 0.0000000000
19171  -25.961  -67.125  39.679 0.0000000000
19172  -26.717  -67.409  39.177 0.0000000000
19173  -27.722  -67.765  39.125 0.0000000000
19174  -28.271  -67.882  39.138 0.0000000000
19175  -29.945  -67.773  39.134 0.0000000000
19192  -27.045  -67.045  38.550 0.0000000000
19193  -27.605  -67.262  38.577 0.0000000000
19194  -28.582  -67.460  38.716 0.0000000000
19195  -29.652  -67.234  38.678 0.0000000000
20104  -22.706  -66.487  41.274 0.0000000000
20105  -23.344  -66.555  41.570 0.0000000000
20106  -24.200  -66.537  41.490 0.0000000000
20107  -24.751  -66.913  41.395 0.0000000000
20112  -24.361  -66.126  40.999 0.0000000000
20113  -24.914  -66.615  40.884 0.0000000000
20127  -24.615  -66.048  40.419 0.0000000000
20128  -25.337  -66.431  39.775 0.0000000000
20129  -26.028  -66.797  39.158 0.0000000000
20145  -25.701  -66.222  38.799 0.0000000000
20146  -26.536  -66.646  38.449 0.0000000000
20147  -27.387  -66.698  38.134 0.0000000000
20148  -28.277  -66.754  38.141 0.0000000000
20149  -29.243  -66.657  38.261 0.0000000000
20165  -26.033  -65.923  37.925 0.0000000000
20166  -26.978  -66.106  37.667 0.0000000000
20167  -27.942  -66.144  37.612 0.0000000000
20168  -28.889  -66.074  37.736 0.0000000000
21078  -18.900  -65.414  44.688 0.0000000000
21106  -23.029  -65.900  41.342 0.0000000000
21107  -23.649  -65.942  41.312 0.0000000000
21108  -24.076  -65.996  41.210 0.0000000000
21111  -21.873  -64.735  40.294 0.0000000000
21112  -22.362  -65.398  40.854 0.0000000000
21113  -23.285  -65.294  41.106 0.0000000000
21114  -24.080  -65.484  40.834 0.0000000000
21125  -21.878  -65.291  40.222 0.0000000000
21126  -24.670  -65.414  39.602 0.0000000000
21127  -25.228  -65.882  39.165 0.0000000000
21145  -24.771  -64.983  38.880 0.0000000000
21146  -25.271  -65.370  38.523 0.0000000000
21159  -25.773  -65.186  37.716 0.0000000000
21160  -26.573  -65.209  37.269 0.0000000000
21161  -27.580  -65.458  37.261 0.0000000000
21162  -28.538  -65.290  37.338 0.0000000000
21173  -26.822  -64.690  36.844 0.0000000000
21174  -27.390  -64.843  36.900 0.0000000000
21175  -28.042  -64.937  37.020 0.0000000000
21964  -19.221  -64.557  45.332 0.0000000000
21971  -18.484  -64.901  43.910 0.0000000000
21972  -18.786  -64.228  44.533 0.0000000000
21977  -18.367  -64.655  43.001 0.0000000000
21985  -18.381  -64.518  42.074 0.0000000000
21997  -18.452  -64.334  41.364 0.0000000000
22005  -18.494  -64.434  40.661 0.0000000000
22006  -21.875  -64.120  40.289 0.0000000000
22007  -22.257  -64.343  40.552 0.0000000000
22008  -23.062  -64.411  40.732 0.0000000000
22009  -23.581  -64.942  40.808 0.0000000000
22012  -21.685  -64.213  39.688 0.0000000000
22013  -23.528  -63.956  39.970 0.0000000000
22014  -23.941  -64.679  40.260 0.0000000000
22031  -23.655  -63.672  39.344 0.0000000000
22032  -24.263  -64.314  38.914 0.0000000000
22033  -24.853  -64.797  38.489 0.0000000000
22052  -24.473  -64.001  38.059 0.0000000000
22053  -25.112  -64.444  37.697 0.0000000000
22054  -25.884  -64.847  37.312 0.0000000000
22067  -25.385  -63.937  36.918 0.0000000000
22068  -26.124  -64.370  36.764 0.0000000000
22069  -27.164  -64.206  36.601 0.0000000000
22798  -21.083  -63.514  47.338 0.0000000000
22799  -22.139  -63.474  47.795 0.0000000000
22800  -23.010  -63.520  48.198 0.0000000000
22814  -19.613  -63.632  46.050 0.0000000000
22815  -20.329  -63.274  46.651 0.0000000000
22826  -19.074  -63.395  45.080 0.0000000000
22832  -18.539  -63.744  43.649 0.0000000000
22833  -18.773  -63.329  44.334 0.0000000000
22840  -18.460  -63.668  42.612 0.0000000000
22845  -18.464  -63.673  41.707 0.0000000000
22853  -18.498  -63.782  41.029 0.0000000000
22866  -18.568  -63.563  40.333 0.0000000000
22867  -22.034  -63.817  40.438 0.0000000000
22868  -22.469  -63.756  40.461 0.0000000000
22869  -22.993  -63.502  40.389 0.0000000000
22880  -18.871  -63.332  39.412 0.0000000000
22881  -19.365  -62.894  38.955 0.0000000000
22882  -21.752  -63.593  39.999 0.0000000000
22883  -23.304  -63.267  39.846 0.0000000000
22898  -21.327  -63.423  39.090 0.0000000000
22899  -23.434  -63.126  39.035 0.0000000000
22900  -23.818  -63.635  38.826 0.0000000000
22917  -23.452  -62.801  38.503 0.0000000000
22918  -23.924  -63.365  38.020 0.0000000000
22919  -24.552  -63.821  37.671 0.0000000000
22933  -24.094  -62.955  37.249 0.0000000000
22934  -24.681  -63.401  37.016 0.0000000000
22935  -25.656  -63.381  36.423 0.0000000000
22936  -26.695  -63.405  36.326 0.0000000000
23685  -21.346  -62.609  47.134 0.0000000000
23686  -21.878  -62.697  47.404 0.0000000000
23687  -22.858  -62.420  47.580 0.0000000000
23698  -20.084  -62.673  46.199 0.0000000000
23699  -20.871  -62.253  46.557 0.0000000000
23700  -21.778  -62.126  46.969 0.0000000000
23701  -22.282  -62.193  47.229 0.0000000000
23717  -19.671  -62.261  45.440 0.0000000000
23718  -20.271  -62.102  45.956 0.0000000000
23729  -18.777  -62.905  43.855 0.0000000000
23730  -19.099  -62.468  44.386 0.0000000000
23739  -18.730  -62.649  43.096 0.0000000000
23740  -18.940  -62.431  43.723 0.0000000000
23748  -18.606  -62.845  42.055 0.0000000000
23753  -18.572  -62.960  41.070 0.0000000000
23760  -18.753  -62.690  40.177 0.0000000000
23761  -22.033  -63.374  40.288 0.0000000000
23762  -22.416  -63.088  40.244 0.0000000000
23763  -22.904  -62.910  40.161 0.0000000000
23772  -19.241  -62.452  39.582 0.0000000000
23773  -19.912  -62.279  39.075 0.0000000000
23774  -20.660  -62.420  39.276 0.0000000000
23775  -21.544  -62.701  39.754 0.0000000000
23776  -22.447  -62.324  39.988 0.0000000000
23777  -23.085  -62.620  39.698 0.0000000000
23789  -20.380  -62.709  38.741 0.0000000000
23790  -20.966  -62.861  39.073 0.0000000000
23791  -21.258  -62.976  39.337 0.0000000000
23792  -22.816  -62.040  39.592 0.0000000000
23793  -23.146  -62.295  38.989 0.0000000000
23808  -23.381  -62.330  38.046 0.0000000000
23809  -23.782  -62.628  37.426 0.0000000000
23824  -23.554  -62.065  37.311 0.0000000000
23825  -24.089  -62.317  36.725 0.0000000000
23826  -25.032  -62.466  36.156 0.0000000000
23827  -26.121  -62.402  35.939 0.0000000000
23828  -27.267  -62.446  36.238 0.0000000000
23845  -24.542  -61.823  36.166 0.0000000000
23846  -24.935  -61.735  35.834 0.0000000000
23847  -25.444  -61.839  35.786 0.0000000000
24629  -23.299  -61.809  47.179 0.0000000000
24630  -23.882  -61.945  47.332 0.0000000000
24636  -21.183  -61.542  46.099 0.0000000000
24637  -21.750  -61.561  46.440 0.0000000000
24638  -22.709  -61.641  46.848 0.0000000000
24639  -23.801  -61.480  46.764 0.0000000000
24640  -24.868  -61.690  46.789 0.0000000000
24651  -20.015  -61.569  45.107 0.0000000000
24652  -20.613  -61.390  45.473 0.0000000000
24653  -21.608  -61.090  45.796 0.0000000000
24654  -22.506  -60.988  46.080 0.0000000000
24655  -23.508  -60.966  46.206 0.0000000000
24656  -24.483  -61.084  46.100 0.0000000000
24657  -25.476  -61.226  45.569 0.0000000000
24668  -19.715  -61.475  44.522 0.0000000000
24669  -20.173  -61.288  44.876 0.0000000000
24670  -25.675  -60.933  44.815 0.0000000000
24671  -26.272  -61.169  44.711 0.0000000000
24679  -18.977  -61.980  42.886 0.0000000000
24680  -19.194  -61.760  43.522 0.0000000000
24690  -18.913  -62.113  42.327 0.0000000000
24691  -19.195  -61.515  42.582 0.0000000000
24700  -18.879  -62.185  41.495 0.0000000000
24701  -19.198  -61.645  41.854 0.0000000000
24708  -18.927  -62.257  40.764 0.0000000000
24709  -19.429  -61.582  40.967 0.0000000000
24710  -20.203  -61.196  40.521 0.0000000000
24711  -21.100  -61.072  40.513 0.0000000000
24712  -21.870  -60.913  40.370 0.0000000000
24718  -19.122  -62.055  40.223 0.0000000000
24719  -19.665  -61.725  39.914 0.0000000000
24720  -20.653  -61.800  39.867 0.0000000000
24721  -21.704  -61.690  40.212 0.0000000000
24722  -22.540  -61.327  39.918 0.0000000000
24723  -23.016  -61.103  39.402 0.0000000000
24732  -22.971  -61.635  39.353 0.0000000000
24733  -23.193  -61.417  38.697 0.0000000000
24748  -23.457  -61.456  37.772 0.0000000000
24763  -23.651  -61.441  36.995 0.0000000000
24764  -24.147  -61.322  36.445 0.0000000000
24765  -26.735  -61.659  35.979 0.0000000000
24782  -24.632  -61.185  35.966 0.0000000000
24783  -25.199  -61.197  35.691 0.0000000000
24784  -25.972  -61.272  35.720 0.0000000000
25670  -20.888  -60.792  44.922 0.0000000000
25671  -21.425  -60.721  45.161 0.0000000000
25672  -22.284  -60.569  45.373 0.0000000000
25673  -23.250  -60.505  45.504 0.0000000000
25674  -24.216  -60.627  45.521 0.0000000000
25675  -24.824  -60.876  45.498 0.0000000000
25688  -19.919  -61.045  44.289 0.0000000000
25689  -20.368  -60.760  44.401 0.0000000000
25690  -21.196  -60.363  44.602 0.0000000000
25691  -21.993  -60.157  44.747 0.0000000000
25692  -22.936  -60.034  44.850 0.0000000000
25693  -23.981  -60.143  44.760 0.0000000000
25694  -25.003  -60.630  44.761 0.0000000000
25695  -25.855  -60.761  44.210 0.0000000000
25696  -26.531  -60.997  43.944 0.0000000000
25701  -19.735  -60.992  43.886 0.0000000000
25702  -20.102  -60.408  43.431 0.0000000000
25703  -24.537  -60.164  44.105 0.0000000000
25704  -25.293  -60.265  43.645 0.0000000000
25705  -26.177  -60.586  43.421 0.0000000000
25706  -27.012  -60.819  43.296 0.0000000000
25712  -19.506  -60.867  42.992 0.0000000000
25713  -20.059  -60.260  42.521 0.0000000000
25714  -25.779  -60.233  42.873 0.0000000000
25715  -26.377  -60.333  42.646 0.0000000000
25716  -27.080  -60.232  42.561 0.0000000000
25717  -27.518  -59.932  42.618 0.0000000000
25723  -19.574  -60.922  41.942 0.0000000000
25724  -20.275  -60.336  41.668 0.0000000000
25725  -20.948  -60.038  41.425 0.0000000000
25733  -19.971  -60.855  41.180 0.0000000000
25734  -20.655  -60.596  41.010 0.0000000000
25735  -21.540  -60.250  40.834 0.0000000000
25736  -22.468  -60.342  40.315 0.0000000000
25737  -23.194  -60.199  40.029 0.0000000000
25746  -22.956  -60.688  39.802 0.0000000000
25747  -23.486  -60.482  39.277 0.0000000000
25748  -24.031  -60.215  38.793 0.0000000000
25755  -23.626  -60.743  38.326 0.0000000000
25756  -24.121  -60.186  38.100 0.0000000000
25765  -23.724  -60.762  37.505 0.0000000000
25766  -24.184  -60.185  37.266 0.0000000000
25775  -23.902  -60.772  36.847 0.0000000000
25776  -24.462  -60.378  36.442 0.0000000000
25777  -24.931  -60.046  35.979 0.0000000000
25778  -26.681  -60.709  35.991 0.0000000000
25784  -24.868  -60.629  35.833 0.0000000000
25785  -25.478  -60.458  35.756 0.0000000000
25786  -26.081  -60.540  35.748 0.0000000000
26668  -20.963  -60.088  44.114 0.0000000000
26669  -21.627  -59.814  44.136 0.0000000000
26670  -22.525  -59.645  44.149 0.0000000000
26671  -23.499  -59.737  44.113 0.0000000000
26672  -24.093  -59.923  44.090 0.0000000000
26680  -20.621  -60.115  43.708 0.0000000000
26681  -21.163  -59.671  43.547 0.0000000000
26682  -22.005  -59.355  43.431 0.0000000000
26683  -23.050  -59.330  43.336 0.0000000000
26684  -24.262  -59.673  43.331 0.0000000000
26685  -25.201  -59.824  42.794 0.0000000000
26690  -20.579  -59.776  43.029 0.0000000000
26691  -21.380  -59.405  42.709 0.0000000000
26692  -22.383  -59.221  42.478 0.0000000000
26693  -23.492  -59.316  42.306 0.0000000000
26694  -24.609  -59.521  42.080 0.0000000000
26695  -25.583  -59.994  41.997 0.0000000000
26696  -26.380  -59.939  41.859 0.0000000000
26697  -27.083  -59.447  42.120 0.0000000000
26698  -27.960  -59.361  42.761 0.0000000000
26701  -20.759  -59.782  42.139 0.0000000000
26702  -21.677  -59.549  41.659 0.0000000000
26703  -22.765  -59.357  41.484 0.0000000000
26704  -23.801  -59.438  41.214 0.0000000000
26705  -24.784  -59.814  41.040 0.0000000000
26706  -25.560  -59.654  41.070 0.0000000000
26707  -26.244  -59.173  41.240 0.0000000000
26708  -26.855  -58.730  41.661 0.0000000000
26711  -22.270  -59.734  40.918 0.0000000000
26712  -23.040  -59.652  40.581 0.0000000000
26713  -23.926  -59.810  40.152 0.0000000000
26714  -24.872  -59.837  40.085 0.0000000000
26715  -25.485  -59.253  40.150 0.0000000000
26716  -25.922  -58.666  40.621 0.0000000000
26722  -24.234  -60.015  39.419 0.0000000000
26723  -24.734  -59.653  38.992 0.0000000000
26724  -25.173  -58.876  39.344 0.0000000000
26732  -24.459  -59.473  37.873 0.0000000000
26742  -24.458  -59.459  37.012 0.0000000000
26750  -24.795  -59.450  36.422 0.0000000000
26751  -25.456  -59.514  36.015 0.0000000000
26752  -26.536  -59.569  36.040 0.0000000000
26761  -25.964  -60.038  35.778 0.0000000000
26762  -26.307  -60.216  35.866 0.0000000000
27744  -27.488  -58.443  42.189 0.0000000000
27745  -28.260  -58.329  42.721 0.0000000000
27748  -26.417  -58.251  41.142 0.0000000000
27749  -26.985  -58.083  41.654 0.0000000000
27751  -25.533  -58.326  39.941 0.0000000000
27752  -25.918  -58.048  40.580 0.0000000000
27755  -24.804  -58.604  38.495 0.0000000000
27756  -25.122  -58.213  39.226 0.0000000000
27760  -24.595  -58.615  37.494 0.0000000000
27768  -24.677  -58.754  36.836 0.0000000000
27781  -25.046  -58.644  36.438 0.0000000000
27782  -25.757  -58.561  36.209 0.0000000000
27783  -26.788  -58.295  36.325 0.0000000000
28699  -28.098  -57.420  42.316 0.0000000000
28706  -26.800  -57.284  41.358 0.0000000000
28707  -27.394  -57.574  41.877 0.0000000000
28710  -25.677  -57.303  40.187 0.0000000000
28711  -26.195  -57.502  40.821 0.0000000000
28713  -24.901  -57.509  38.794 0.0000000000
28714  -25.276  -57.609  39.518 0.0000000000
28717  -24.675  -57.739  37.913 0.0000000000
28722  -24.823  -57.715  36.987 0.0000000000
28723  -25.354  -57.191  37.049 0.0000000000
28736  -25.274  -58.081  36.521 0.0000000000
28737  -25.773  -57.533  36.614 0.0000000000
28738  -27.016  -57.306  36.660 0.0000000000
29651  -28.228  -56.752  42.117 0.0000000000
29652  -28.804  -56.670  42.328 0.0000000000
29661  -26.910  -56.367  41.214 0.0000000000
29662  -27.664  -56.616  41.745 0.0000000000
29663  -28.362  -56.347  41.964 0.0000000000
29668  -25.678  -56.386  40.086 0.0000000000
29669  -26.222  -56.576  40.717 0.0000000000
29673  -24.971  -56.850  38.740 0.0000000000
29674  -25.256  -56.672  39.387 0.0000000000
29677  -24.808  -56.976  38.192 0.0000000000
29678  -25.129  -56.329  38.565 0.0000000000
29681  -24.890  -57.237  37.658 0.0000000000
29682  -25.374  -56.575  37.541 0.0000000000
29683  -26.258  -55.899  37.142 0.0000000000
29684  -26.730  -55.599  36.980 0.0000000000
29696  -25.609  -56.967  37.007 0.0000000000
29697  -26.181  -56.696  36.883 0.0000000000
30561  -28.790  -56.036  41.999 0.0000000000
30562  -29.416  -55.977  42.173 0.0000000000
30571  -26.639  -55.819  40.808 0.0000000000
30572  -27.375  -55.641  41.137 0.0000000000
30573  -28.312  -55.691  41.603 0.0000000000
30574  -29.058  -55.545  41.813 0.0000000000
30575  -29.750  -55.272  41.807 0.0000000000
30580  -25.554  -56.003  39.742 0.0000000000
30581  -26.020  -55.500  40.141 0.0000000000
30582  -26.876  -55.199  40.551 0.0000000000
30587  -25.520  -55.592  39.230 0.0000000000
30588  -25.875  -55.145  39.551 0.0000000000
30592  -25.480  -55.605  38.302 0.0000000000
30595  -25.854  -55.451  37.713 0.0000000000
30596  -26.450  -55.181  37.336 0.0000000000
31456  -30.329  -55.088  41.897 0.0000000000
31480  -27.379  -55.036  40.746 0.0000000000
31481  -27.966  -54.950  41.002 0.0000000000
31482  -29.025  -54.853  41.355 0.0000000000
31483  -30.265  -54.407  41.395 0.0000000000
31484  -31.329  -54.204  41.722 0.0000000000
31499  -26.604  -54.900  40.136 0.0000000000
31500  -27.324  -54.414  40.250 0.0000000000
31501  -28.452  -54.229  40.726 0.0000000000
31502  -29.405  -54.068  40.906 0.0000000000
31503  -29.982  -53.872  40.916 0.0000000000
31513  -25.797  -55.000  39.271 0.0000000000
31514  -26.322  -54.620  39.506 0.0000000000
31515  -26.967  -54.063  39.556 0.0000000000
31522  -25.778  -54.884  38.725 0.0000000000
31523  -26.303  -54.336  38.683 0.0000000000
31526  -25.773  -55.101  38.159 0.0000000000
31527  -26.226  -54.640  37.957 0.0000000000
32416  -30.988  -53.815  41.245 0.0000000000
32417  -31.613  -53.541  41.400 0.0000000000
32440  -28.147  -53.736  40.150 0.0000000000
32441  -28.931  -53.555  40.439 0.0000000000
32442  -29.718  -53.480  40.628 0.0000000000
32443  -30.472  -53.431  40.878 0.0000000000
32444  -31.140  -53.324  41.069 0.0000000000
32464  -26.759  -53.842  39.004 0.0000000000
32465  -27.577  -53.503  39.417 0.0000000000
32466  -28.558  -53.182  39.749 0.0000000000
32467  -29.459  -53.058  40.046 0.0000000000
32468  -30.087  -53.069  40.373 0.0000000000
33437  -31.488  -53.147  41.044 0.0000000000
33438  -31.998  -52.989  41.037 0.0000000000
33451  -30.504  -52.927  40.444 0.0000000000
33452  -31.193  -52.793  40.602 0.0000000000
