#!ascii label  , from subject FREESURFER vox2ras=TkReg 
309
25603  -17.902  -59.704  49.635 0.0000000000
26584  -16.926  -59.315  50.572 0.0000000000
26585  -17.451  -59.253  49.813 0.0000000000
26591  -18.085  -59.147  49.344 0.0000000000
27621  -16.910  -58.532  51.344 0.0000000000
27622  -17.193  -58.058  51.177 0.0000000000
27632  -16.983  -58.742  50.808 0.0000000000
27633  -17.229  -58.393  50.558 0.0000000000
27644  -17.677  -58.344  49.607 0.0000000000
27645  -18.476  -58.212  48.955 0.0000000000
27656  -18.743  -57.583  48.766 0.0000000000
27657  -19.221  -57.759  48.702 0.0000000000
28559  -17.015  -57.156  55.040 0.0000000000
28563  -17.074  -57.187  53.971 0.0000000000
28566  -16.812  -57.946  53.228 0.0000000000
28567  -17.188  -57.193  52.984 0.0000000000
28569  -17.008  -57.904  52.274 0.0000000000
28570  -17.346  -57.235  52.082 0.0000000000
28573  -17.177  -57.837  51.616 0.0000000000
28574  -17.391  -57.436  51.155 0.0000000000
28580  -17.599  -57.463  50.163 0.0000000000
28587  -17.926  -57.550  49.386 0.0000000000
28588  -18.407  -57.225  48.970 0.0000000000
28601  -18.985  -57.079  48.607 0.0000000000
28602  -19.741  -57.120  48.601 0.0000000000
29494  -17.304  -56.497  59.229 0.0000000000
29495  -17.971  -55.903  59.437 0.0000000000
29498  -17.674  -56.860  58.689 0.0000000000
29499  -18.124  -56.187  59.076 0.0000000000
29502  -17.764  -56.974  57.889 0.0000000000
29503  -18.322  -56.345  58.320 0.0000000000
29506  -17.712  -56.854  56.841 0.0000000000
29507  -18.265  -56.278  57.351 0.0000000000
29510  -17.647  -56.538  55.642 0.0000000000
29511  -18.083  -56.163  56.397 0.0000000000
29514  -17.478  -56.561  54.615 0.0000000000
29517  -17.494  -56.486  53.654 0.0000000000
29520  -17.520  -56.455  52.676 0.0000000000
29523  -17.586  -56.515  51.727 0.0000000000
29529  -17.701  -56.558  50.756 0.0000000000
29536  -18.079  -56.535  49.709 0.0000000000
29537  -18.682  -56.373  48.914 0.0000000000
29548  -19.405  -56.328  48.566 0.0000000000
29549  -20.256  -56.327  48.567 0.0000000000
30396  -18.318  -54.875  60.262 0.0000000000
30397  -18.594  -54.973  60.167 0.0000000000
30398  -19.054  -54.985  59.932 0.0000000000
30400  -16.673  -55.784  59.417 0.0000000000
30401  -17.877  -55.376  59.814 0.0000000000
30402  -18.532  -55.514  59.576 0.0000000000
30403  -19.197  -55.074  59.255 0.0000000000
30406  -18.795  -55.716  58.803 0.0000000000
30407  -19.251  -55.079  58.403 0.0000000000
30410  -18.901  -55.549  57.809 0.0000000000
30411  -19.217  -55.084  57.934 0.0000000000
30414  -18.574  -55.514  56.699 0.0000000000
30416  -17.851  -56.182  54.988 0.0000000000
30417  -18.261  -55.602  55.374 0.0000000000
30419  -17.902  -55.957  54.348 0.0000000000
30420  -18.244  -55.208  54.176 0.0000000000
30422  -17.903  -55.609  53.305 0.0000000000
30423  -18.226  -55.062  53.577 0.0000000000
30425  -17.790  -55.765  52.272 0.0000000000
30427  -17.928  -55.693  51.402 0.0000000000
30428  -18.194  -55.187  50.885 0.0000000000
30429  -24.626  -55.004  51.358 0.0000000000
30430  -24.859  -55.161  51.274 0.0000000000
30434  -18.059  -55.827  50.474 0.0000000000
30435  -18.370  -55.234  50.177 0.0000000000
30439  -24.934  -55.429  50.743 0.0000000000
30444  -18.252  -55.793  49.941 0.0000000000
30445  -18.579  -55.583  49.455 0.0000000000
30456  -19.074  -55.550  48.809 0.0000000000
30457  -19.826  -55.471  48.543 0.0000000000
30458  -20.671  -55.450  48.654 0.0000000000
31277  -18.101  -54.587  60.326 0.0000000000
31278  -18.618  -54.429  60.487 0.0000000000
31279  -19.169  -54.317  60.371 0.0000000000
31280  -19.754  -53.918  60.162 0.0000000000
31282  -17.361  -54.789  59.877 0.0000000000
31283  -19.534  -54.480  59.717 0.0000000000
31284  -20.019  -53.891  59.504 0.0000000000
31287  -19.784  -54.297  58.761 0.0000000000
31288  -20.089  -53.781  58.998 0.0000000000
31291  -19.167  -55.033  57.701 0.0000000000
31292  -19.486  -54.605  57.788 0.0000000000
31295  -19.072  -54.898  57.162 0.0000000000
31296  -19.445  -54.121  56.860 0.0000000000
31299  -18.971  -54.631  56.000 0.0000000000
31300  -19.360  -53.826  55.998 0.0000000000
31303  -18.709  -54.549  54.770 0.0000000000
31306  -18.224  -54.943  53.159 0.0000000000
31307  -18.480  -54.467  53.675 0.0000000000
31310  -18.090  -55.128  52.522 0.0000000000
31311  -18.386  -54.441  52.713 0.0000000000
31316  -18.005  -55.320  51.977 0.0000000000
31317  -18.247  -54.716  51.692 0.0000000000
31318  -24.246  -54.644  51.444 0.0000000000
31319  -25.008  -54.685  51.817 0.0000000000
31320  -25.380  -54.157  52.026 0.0000000000
31328  -18.465  -54.505  50.669 0.0000000000
31329  -22.760  -54.648  50.909 0.0000000000
31330  -23.470  -54.769  51.283 0.0000000000
31331  -25.315  -54.888  51.019 0.0000000000
31332  -25.545  -54.239  51.427 0.0000000000
31341  -18.823  -54.556  49.698 0.0000000000
31342  -19.178  -54.132  49.365 0.0000000000
31343  -21.729  -54.642  49.442 0.0000000000
31344  -22.244  -54.618  50.230 0.0000000000
31346  -25.634  -54.281  50.444 0.0000000000
31355  -18.909  -55.046  49.149 0.0000000000
31356  -19.376  -54.571  48.921 0.0000000000
31357  -20.250  -54.617  48.638 0.0000000000
31358  -21.102  -54.629  48.734 0.0000000000
32219  -18.968  -53.207  61.175 0.0000000000
32220  -19.353  -53.006  61.262 0.0000000000
32221  -19.663  -52.808  61.376 0.0000000000
32222  -17.838  -53.934  60.308 0.0000000000
32223  -18.534  -53.758  60.727 0.0000000000
32224  -19.055  -53.743  60.874 0.0000000000
32225  -19.690  -53.284  60.856 0.0000000000
32231  -20.223  -53.298  60.121 0.0000000000
32238  -20.113  -53.614  58.608 0.0000000000
32239  -20.251  -53.184  59.139 0.0000000000
32246  -19.964  -53.431  57.764 0.0000000000
32247  -20.179  -53.238  58.458 0.0000000000
32253  -19.599  -53.235  56.497 0.0000000000
32259  -19.205  -53.857  55.203 0.0000000000
32260  -19.386  -53.186  55.517 0.0000000000
32262  -19.017  -53.489  54.201 0.0000000000
32263  -19.294  -53.273  54.886 0.0000000000
32265  -18.758  -53.665  53.086 0.0000000000
32268  -18.601  -53.767  52.124 0.0000000000
32269  -24.763  -53.551  53.085 0.0000000000
32270  -25.447  -53.378  53.046 0.0000000000
32271  -25.762  -53.061  52.797 0.0000000000
32279  -18.624  -53.819  51.233 0.0000000000
32280  -23.343  -53.433  52.009 0.0000000000
32281  -24.140  -53.801  52.157 0.0000000000
32282  -25.189  -54.043  52.554 0.0000000000
32283  -25.649  -53.512  52.112 0.0000000000
32292  -18.918  -53.678  50.411 0.0000000000
32293  -19.306  -53.266  49.915 0.0000000000
32294  -23.129  -53.854  51.411 0.0000000000
32295  -23.758  -54.264  51.524 0.0000000000
32296  -25.826  -53.580  50.909 0.0000000000
32304  -19.137  -53.842  49.719 0.0000000000
32305  -19.475  -53.627  49.277 0.0000000000
32306  -21.962  -53.855  49.746 0.0000000000
32307  -22.476  -53.885  50.527 0.0000000000
32316  -19.918  -53.802  48.782 0.0000000000
32317  -20.633  -53.846  48.748 0.0000000000
32318  -21.401  -53.823  49.028 0.0000000000
33238  -19.168  -52.434  61.662 0.0000000000
33239  -19.592  -52.471  61.717 0.0000000000
33240  -20.056  -52.420  61.629 0.0000000000
33246  -18.295  -53.167  60.636 0.0000000000
33247  -18.673  -52.780  61.184 0.0000000000
33248  -20.316  -52.495  60.813 0.0000000000
33255  -17.849  -52.996  60.015 0.0000000000
33256  -20.455  -52.455  59.923 0.0000000000
33263  -20.380  -52.311  59.156 0.0000000000
33270  -20.029  -52.424  57.776 0.0000000000
33271  -20.218  -52.627  58.420 0.0000000000
33278  -19.816  -52.401  56.987 0.0000000000
33287  -19.532  -52.351  55.889 0.0000000000
33293  -19.238  -52.751  53.963 0.0000000000
33294  -19.370  -52.482  54.680 0.0000000000
33299  -19.123  -52.869  53.343 0.0000000000
33300  -19.316  -52.112  53.659 0.0000000000
33301  -24.360  -52.372  53.902 0.0000000000
33302  -24.886  -52.128  53.790 0.0000000000
33303  -25.283  -51.992  53.608 0.0000000000
33310  -18.989  -52.983  52.441 0.0000000000
33311  -19.259  -52.136  52.738 0.0000000000
33312  -23.233  -52.529  52.652 0.0000000000
33313  -23.957  -52.875  53.256 0.0000000000
33314  -24.879  -52.866  53.498 0.0000000000
33315  -25.534  -52.525  53.270 0.0000000000
33323  -18.900  -53.104  51.551 0.0000000000
33324  -19.187  -52.301  51.817 0.0000000000
33325  -22.117  -52.333  51.078 0.0000000000
33326  -22.800  -52.749  51.829 0.0000000000
33327  -23.469  -53.126  52.430 0.0000000000
33328  -25.660  -52.226  51.743 0.0000000000
33329  -25.795  -52.604  52.365 0.0000000000
33336  -18.914  -53.281  50.976 0.0000000000
33337  -19.323  -52.593  50.733 0.0000000000
33338  -21.108  -52.172  50.027 0.0000000000
33339  -21.814  -52.592  50.354 0.0000000000
33340  -22.469  -53.090  50.843 0.0000000000
33341  -25.345  -52.246  50.861 0.0000000000
33342  -25.843  -52.838  51.381 0.0000000000
33349  -19.781  -52.708  49.565 0.0000000000
33350  -20.634  -52.661  49.415 0.0000000000
33351  -21.473  -53.008  49.563 0.0000000000
33352  -22.067  -53.263  50.159 0.0000000000
33354  -25.782  -52.893  50.248 0.0000000000
33362  -19.794  -53.258  49.023 0.0000000000
33363  -20.245  -53.153  48.918 0.0000000000
33364  -20.917  -53.206  48.962 0.0000000000
34290  -18.367  -51.483  61.693 0.0000000000
34291  -18.702  -52.081  61.627 0.0000000000
34298  -18.341  -52.054  60.827 0.0000000000
34299  -18.610  -52.353  61.265 0.0000000000
34304  -17.726  -51.867  59.650 0.0000000000
34317  -19.854  -51.484  57.670 0.0000000000
34318  -20.071  -52.061  58.138 0.0000000000
34324  -19.645  -51.377  56.415 0.0000000000
34332  -19.449  -51.330  55.272 0.0000000000
34340  -19.425  -51.235  54.170 0.0000000000
34341  -24.268  -50.790  54.737 0.0000000000
34342  -24.512  -50.853  54.456 0.0000000000
34354  -19.506  -51.199  53.112 0.0000000000
34355  -23.406  -51.288  54.194 0.0000000000
34356  -24.119  -51.576  54.548 0.0000000000
34357  -25.027  -51.374  53.842 0.0000000000
34358  -25.440  -51.882  53.366 0.0000000000
34371  -19.517  -51.430  52.139 0.0000000000
34372  -22.323  -51.183  52.714 0.0000000000
34373  -23.186  -51.656  53.243 0.0000000000
34374  -23.859  -52.235  53.929 0.0000000000
34375  -25.383  -51.453  53.033 0.0000000000
34376  -25.629  -51.977  52.737 0.0000000000
34385  -19.504  -51.752  51.382 0.0000000000
34386  -21.095  -51.132  51.306 0.0000000000
34387  -21.843  -51.493  51.816 0.0000000000
34388  -22.768  -52.104  52.379 0.0000000000
34389  -24.606  -51.043  51.300 0.0000000000
34390  -25.118  -51.429  51.842 0.0000000000
34391  -25.700  -52.036  52.193 0.0000000000
34398  -19.783  -51.554  50.876 0.0000000000
34399  -20.627  -51.415  50.777 0.0000000000
34400  -21.514  -51.940  50.758 0.0000000000
34401  -24.468  -51.254  50.755 0.0000000000
34402  -24.934  -51.713  50.902 0.0000000000
34408  -19.871  -51.939  50.268 0.0000000000
34409  -20.375  -52.099  49.933 0.0000000000
35380  -19.487  -50.300  55.820 0.0000000000
35386  -19.437  -50.232  54.751 0.0000000000
35387  -23.206  -50.385  54.464 0.0000000000
35388  -23.821  -50.439  54.774 0.0000000000
35389  -24.386  -50.285  54.608 0.0000000000
35400  -19.725  -50.125  53.684 0.0000000000
35401  -22.201  -50.331  53.509 0.0000000000
35402  -22.876  -50.868  54.019 0.0000000000
35403  -23.487  -50.936  54.511 0.0000000000
35404  -24.727  -50.371  54.042 0.0000000000
35417  -20.073  -50.395  52.486 0.0000000000
35418  -21.038  -50.318  52.395 0.0000000000
35419  -21.811  -50.698  52.646 0.0000000000
35420  -22.484  -50.931  53.219 0.0000000000
35421  -24.436  -50.116  52.490 0.0000000000
35422  -25.026  -50.694  53.032 0.0000000000
35434  -19.868  -51.041  51.462 0.0000000000
35435  -20.726  -50.831  51.601 0.0000000000
35436  -21.345  -50.777  52.053 0.0000000000
35437  -23.341  -49.793  51.223 0.0000000000
35438  -24.176  -50.514  51.355 0.0000000000
35439  -24.730  -50.659  52.183 0.0000000000
35448  -20.002  -51.098  50.949 0.0000000000
35449  -20.234  -50.984  51.143 0.0000000000
36467  -19.476  -49.284  55.311 0.0000000000
36474  -19.750  -49.306  54.459 0.0000000000
36475  -22.364  -48.995  54.552 0.0000000000
36476  -23.010  -49.517  54.583 0.0000000000
36477  -23.937  -49.491  54.490 0.0000000000
36478  -24.448  -49.862  54.270 0.0000000000
36489  -20.227  -49.223  53.891 0.0000000000
36490  -20.871  -49.145  53.620 0.0000000000
36491  -21.846  -49.454  53.957 0.0000000000
36492  -22.632  -50.117  54.172 0.0000000000
36493  -24.197  -49.406  53.833 0.0000000000
36494  -24.550  -49.868  53.973 0.0000000000
36505  -20.315  -49.681  53.302 0.0000000000
36506  -20.912  -49.694  53.006 0.0000000000
36507  -21.557  -50.033  53.047 0.0000000000
36508  -23.359  -48.957  52.504 0.0000000000
36509  -24.025  -49.481  52.947 0.0000000000
36510  -24.553  -49.963  53.444 0.0000000000
36521  -22.976  -49.166  51.592 0.0000000000
36522  -23.757  -49.631  51.991 0.0000000000
37371  -19.926  -48.541  54.972 0.0000000000
37372  -20.702  -48.120  54.798 0.0000000000
37373  -21.740  -48.470  54.521 0.0000000000
37374  -22.720  -48.572  54.611 0.0000000000
37375  -23.338  -48.748  54.400 0.0000000000
37384  -20.245  -48.725  54.431 0.0000000000
37385  -20.838  -48.690  54.181 0.0000000000
37386  -21.334  -48.886  54.053 0.0000000000
37387  -23.409  -48.214  53.674 0.0000000000
37388  -23.611  -48.531  53.953 0.0000000000
37400  -23.275  -48.300  53.160 0.0000000000
37401  -23.684  -48.927  53.324 0.0000000000
37415  -22.552  -48.236  51.904 0.0000000000
38191  -21.361  -47.549  54.778 0.0000000000
38192  -22.334  -47.711  54.330 0.0000000000
38193  -23.140  -48.212  54.308 0.0000000000
38194  -23.390  -48.358  54.199 0.0000000000
38202  -22.351  -47.465  53.378 0.0000000000
38203  -23.148  -47.957  53.773 0.0000000000
38204  -23.384  -48.148  54.063 0.0000000000
38217  -22.131  -47.459  52.517 0.0000000000
38218  -22.708  -47.777  52.816 0.0000000000
38234  -22.340  -47.747  52.224 0.0000000000
39043  -21.577  -47.104  54.459 0.0000000000
39048  -21.758  -47.041  53.812 0.0000000000
39058  -21.645  -47.081  52.910 0.0000000000
39071  -21.596  -47.163  52.139 0.0000000000
