#!ascii label  , from subject FREESURFER vox2ras=TkReg 
217
2228  -17.098  -90.200  20.693 0.0000000000
2237  -16.620  -90.189  20.076 0.0000000000
2238  -17.028  -89.891  20.134 0.0000000000
2245  -11.682  -90.458  18.546 0.0000000000
2246  -12.545  -90.394  18.723 0.0000000000
2247  -13.472  -90.350  18.758 0.0000000000
2248  -14.442  -90.423  19.227 0.0000000000
2249  -15.183  -90.371  19.527 0.0000000000
2257  -11.285  -90.269  17.576 0.0000000000
2258  -12.443  -90.070  17.743 0.0000000000
2259  -12.962  -90.107  18.298 0.0000000000
2267  -10.730  -90.272  16.502 0.0000000000
2268  -11.969  -90.297  16.448 0.0000000000
2276  -12.026  -90.398  15.316 0.0000000000
2284  -12.886  -89.947  14.223 0.0000000000
2294  -13.161  -89.783  13.735 0.0000000000
2742  -17.664  -89.813  21.061 0.0000000000
2743  -18.557  -89.316  21.385 0.0000000000
2744  -19.252  -89.322  22.058 0.0000000000
2748  -17.347  -89.752  20.310 0.0000000000
2749  -17.803  -89.254  20.276 0.0000000000
2754  -15.577  -90.139  19.436 0.0000000000
2755  -16.083  -89.871  19.404 0.0000000000
2756  -17.033  -89.425  19.479 0.0000000000
2757  -17.532  -89.054  19.632 0.0000000000
2761  -13.643  -90.025  18.385 0.0000000000
2762  -14.095  -89.991  18.467 0.0000000000
2763  -15.150  -89.724  18.840 0.0000000000
2764  -16.164  -89.124  18.644 0.0000000000
2765  -16.754  -88.980  18.825 0.0000000000
2770  -12.880  -89.819  17.520 0.0000000000
2771  -13.347  -89.773  17.900 0.0000000000
2772  -14.347  -89.425  17.816 0.0000000000
2773  -15.299  -88.977  17.831 0.0000000000
2774  -15.902  -88.856  18.094 0.0000000000
2778  -12.822  -89.779  16.989 0.0000000000
2779  -13.575  -89.347  16.859 0.0000000000
2780  -14.494  -88.807  16.994 0.0000000000
2781  -15.057  -88.751  17.309 0.0000000000
2785  -12.868  -89.835  15.638 0.0000000000
2786  -13.867  -89.112  15.864 0.0000000000
2787  -14.367  -88.779  16.283 0.0000000000
2791  -12.916  -89.942  14.738 0.0000000000
2792  -13.378  -89.488  14.596 0.0000000000
2799  -13.703  -89.387  13.467 0.0000000000
2800  -14.073  -89.016  13.285 0.0000000000
2814  -13.802  -89.630  12.887 0.0000000000
2815  -14.218  -89.215  12.783 0.0000000000
3274  -18.979  -88.811  21.118 0.0000000000
3275  -19.499  -88.777  21.529 0.0000000000
3276  -20.396  -88.322  21.713 0.0000000000
3280  -18.551  -88.712  20.555 0.0000000000
3281  -19.257  -88.374  20.826 0.0000000000
3282  -19.880  -88.144  21.139 0.0000000000
3286  -17.383  -88.898  19.320 0.0000000000
3287  -17.919  -88.499  19.529 0.0000000000
3288  -18.851  -87.980  19.995 0.0000000000
3294  -16.620  -88.821  18.537 0.0000000000
3295  -17.180  -88.574  18.629 0.0000000000
3296  -17.896  -87.931  18.642 0.0000000000
3303  -15.742  -88.711  17.770 0.0000000000
3304  -16.337  -88.581  17.948 0.0000000000
3305  -17.026  -88.017  17.629 0.0000000000
3312  -14.693  -88.645  16.516 0.0000000000
3313  -15.396  -88.433  17.011 0.0000000000
3314  -16.419  -87.944  17.153 0.0000000000
3315  -17.006  -87.585  16.991 0.0000000000
3322  -13.878  -88.794  14.997 0.0000000000
3323  -14.604  -88.499  15.767 0.0000000000
3324  -15.490  -87.913  15.890 0.0000000000
3332  -13.838  -88.851  14.094 0.0000000000
3333  -14.428  -88.462  14.577 0.0000000000
3334  -15.078  -88.021  14.879 0.0000000000
3342  -13.980  -88.940  13.560 0.0000000000
3343  -14.518  -88.527  13.500 0.0000000000
3344  -14.838  -88.196  14.190 0.0000000000
3360  -14.680  -88.693  12.751 0.0000000000
3361  -15.048  -88.476  12.416 0.0000000000
3924  -19.647  -87.660  20.444 0.0000000000
3925  -20.481  -87.473  20.997 0.0000000000
3928  -18.495  -87.605  19.077 0.0000000000
3929  -19.287  -87.017  19.401 0.0000000000
3930  -20.111  -86.988  20.084 0.0000000000
3936  -17.598  -87.712  17.902 0.0000000000
3937  -18.320  -87.130  18.184 0.0000000000
3938  -18.776  -87.038  18.743 0.0000000000
3944  -17.365  -87.473  17.219 0.0000000000
3945  -17.827  -87.025  17.193 0.0000000000
3951  -16.011  -87.803  16.545 0.0000000000
3952  -16.666  -87.527  16.463 0.0000000000
3953  -17.427  -87.150  16.349 0.0000000000
3954  -17.793  -86.863  16.525 0.0000000000
3962  -16.173  -87.536  15.950 0.0000000000
3963  -16.747  -87.215  15.698 0.0000000000
3964  -17.296  -86.953  15.455 0.0000000000
3973  -15.925  -87.379  15.048 0.0000000000
3974  -16.822  -86.966  14.885 0.0000000000
3975  -17.438  -86.738  14.876 0.0000000000
3986  -15.055  -88.031  13.155 0.0000000000
3987  -15.341  -87.716  13.819 0.0000000000
4002  -14.955  -88.288  12.848 0.0000000000
4003  -15.592  -87.730  12.512 0.0000000000
4004  -16.178  -87.291  12.240 0.0000000000
4017  -16.278  -87.483  11.783 0.0000000000
4563  -21.117  -86.925  21.281 0.0000000000
4576  -20.855  -86.309  20.340 0.0000000000
4577  -21.431  -86.280  21.109 0.0000000000
4588  -19.538  -86.465  18.921 0.0000000000
4589  -20.090  -86.298  19.296 0.0000000000
4599  -18.627  -86.736  18.032 0.0000000000
4600  -19.114  -86.503  18.297 0.0000000000
4601  -19.731  -86.169  18.622 0.0000000000
4614  -18.522  -86.592  17.581 0.0000000000
4615  -19.028  -86.218  17.653 0.0000000000
4627  -17.845  -86.840  16.202 0.0000000000
4628  -18.197  -86.530  16.513 0.0000000000
4639  -17.905  -86.664  15.552 0.0000000000
4640  -18.385  -86.172  15.749 0.0000000000
4649  -16.249  -86.996  14.081 0.0000000000
4650  -17.107  -86.669  14.176 0.0000000000
4651  -17.895  -86.219  14.444 0.0000000000
4652  -18.332  -86.100  15.098 0.0000000000
4662  -15.917  -87.127  13.187 0.0000000000
4663  -16.683  -86.741  13.335 0.0000000000
4664  -17.399  -86.138  13.526 0.0000000000
4676  -15.913  -87.274  12.755 0.0000000000
4677  -16.270  -87.036  12.640 0.0000000000
4678  -17.057  -86.325  12.505 0.0000000000
4694  -16.620  -86.982  12.060 0.0000000000
4695  -17.110  -86.565  11.728 0.0000000000
5282  -21.200  -85.567  19.976 0.0000000000
5283  -21.701  -85.458  20.544 0.0000000000
5284  -22.295  -85.416  21.235 0.0000000000
5298  -20.792  -85.466  19.347 0.0000000000
5299  -21.478  -85.034  19.673 0.0000000000
5314  -19.680  -85.992  18.219 0.0000000000
5315  -20.204  -85.619  18.352 0.0000000000
5332  -18.824  -86.047  17.100 0.0000000000
5333  -19.647  -85.653  17.586 0.0000000000
5334  -20.142  -85.373  17.803 0.0000000000
5349  -18.762  -85.904  16.280 0.0000000000
5350  -19.244  -85.631  16.777 0.0000000000
5363  -18.859  -85.633  15.422 0.0000000000
5364  -19.275  -85.445  16.125 0.0000000000
5377  -18.174  -85.877  14.208 0.0000000000
5378  -18.481  -85.591  14.471 0.0000000000
5392  -18.063  -85.735  13.826 0.0000000000
5393  -18.430  -84.999  13.556 0.0000000000
5409  -17.897  -85.465  12.802 0.0000000000
5410  -18.271  -84.912  12.912 0.0000000000
5426  -17.861  -85.771  11.647 0.0000000000
5427  -18.547  -85.338  11.341 0.0000000000
5993  -21.996  -84.664  19.978 0.0000000000
5994  -22.660  -84.558  20.606 0.0000000000
5995  -23.282  -84.102  20.794 0.0000000000
6011  -21.278  -84.798  19.012 0.0000000000
6012  -21.922  -84.267  19.199 0.0000000000
6013  -22.382  -84.187  19.794 0.0000000000
6030  -20.810  -84.968  18.519 0.0000000000
6031  -21.438  -84.385  18.281 0.0000000000
6045  -19.979  -85.197  17.274 0.0000000000
6046  -20.527  -84.816  17.474 0.0000000000
6047  -21.292  -84.236  17.666 0.0000000000
6060  -19.775  -85.139  16.731 0.0000000000
6061  -20.248  -84.568  16.351 0.0000000000
6071  -19.022  -85.214  14.924 0.0000000000
6072  -19.630  -84.830  15.465 0.0000000000
6073  -20.354  -84.208  15.721 0.0000000000
6087  -19.084  -84.767  14.387 0.0000000000
6088  -19.667  -84.299  14.641 0.0000000000
6103  -18.997  -84.314  13.579 0.0000000000
6104  -19.375  -84.095  14.097 0.0000000000
6123  -18.305  -84.893  12.467 0.0000000000
6124  -18.685  -84.415  12.823 0.0000000000
6140  -18.121  -85.159  12.138 0.0000000000
6141  -18.705  -84.682  11.835 0.0000000000
6142  -19.491  -84.418  11.398 0.0000000000
6644  -22.752  -83.967  19.927 0.0000000000
6645  -23.310  -83.543  20.089 0.0000000000
6659  -22.189  -83.834  19.032 0.0000000000
6660  -22.644  -83.612  19.235 0.0000000000
6661  -23.129  -83.275  19.397 0.0000000000
6674  -22.084  -83.715  18.597 0.0000000000
6675  -22.560  -83.284  18.475 0.0000000000
6690  -21.234  -84.000  17.243 0.0000000000
6691  -21.808  -83.593  17.727 0.0000000000
6692  -22.302  -83.324  18.137 0.0000000000
6707  -20.917  -83.844  16.403 0.0000000000
6708  -21.538  -83.465  16.960 0.0000000000
6717  -20.183  -84.056  15.028 0.0000000000
6718  -20.654  -83.645  15.467 0.0000000000
6728  -19.920  -83.647  14.341 0.0000000000
6729  -20.460  -83.394  14.810 0.0000000000
6741  -19.049  -84.042  13.177 0.0000000000
6742  -19.479  -83.634  13.457 0.0000000000
6755  -19.131  -83.871  12.868 0.0000000000
6756  -19.521  -83.464  12.631 0.0000000000
6767  -19.112  -83.983  12.352 0.0000000000
6768  -19.654  -83.643  11.829 0.0000000000
7245  -23.909  -82.690  20.002 0.0000000000
7267  -23.062  -83.184  19.120 0.0000000000
7268  -23.423  -82.789  19.206 0.0000000000
7288  -22.957  -83.039  18.686 0.0000000000
7289  -23.228  -82.580  18.395 0.0000000000
7308  -22.045  -83.065  17.115 0.0000000000
7309  -22.728  -82.815  17.743 0.0000000000
7310  -23.273  -82.302  17.980 0.0000000000
7329  -21.078  -83.195  15.741 0.0000000000
7330  -21.684  -82.879  16.300 0.0000000000
7331  -22.356  -82.591  16.858 0.0000000000
7346  -20.826  -83.072  15.190 0.0000000000
7356  -20.333  -83.196  14.384 0.0000000000
7368  -20.187  -83.072  13.888 0.0000000000
7378  -20.043  -82.980  13.096 0.0000000000
7391  -20.015  -83.031  12.395 0.0000000000
7392  -20.506  -82.855  11.980 0.0000000000
7948  -24.066  -82.023  19.559 0.0000000000
