#!ascii label  , from subject FREESURFER vox2ras=TkReg 
318
109593  -16.891  31.933  50.008 0.0000000000
109598  -16.935  32.098  49.431 0.0000000000
109604  -17.895  31.893  48.152 0.0000000000
109611  -18.074  32.275  47.761 0.0000000000
110228  -16.082  33.063  51.448 0.0000000000
110233  -15.977  32.970  50.997 0.0000000000
110234  -16.404  32.459  50.590 0.0000000000
110237  -16.016  32.954  50.129 0.0000000000
110238  -16.465  32.570  49.507 0.0000000000
110239  -16.932  32.251  49.061 0.0000000000
110242  -16.652  32.668  48.759 0.0000000000
110243  -17.222  32.340  48.517 0.0000000000
110246  -16.848  32.859  48.199 0.0000000000
110247  -17.541  32.717  47.871 0.0000000000
110248  -18.341  32.721  47.552 0.0000000000
110249  -19.222  32.561  47.327 0.0000000000
110842  -15.837  33.495  51.484 0.0000000000
110846  -15.604  33.493  50.392 0.0000000000
110849  -15.798  33.391  49.212 0.0000000000
110850  -16.284  32.935  48.968 0.0000000000
110853  -15.941  33.850  48.194 0.0000000000
110854  -16.342  33.198  48.476 0.0000000000
110856  -16.174  34.168  47.764 0.0000000000
110857  -16.756  33.646  47.764 0.0000000000
110858  -17.866  33.574  47.589 0.0000000000
110859  -18.829  33.502  47.387 0.0000000000
110860  -19.680  33.437  47.144 0.0000000000
110861  -20.252  33.392  46.787 0.0000000000
111492  -15.486  34.377  51.844 0.0000000000
111494  -14.919  34.963  51.272 0.0000000000
111495  -15.268  34.220  50.824 0.0000000000
111497  -14.769  34.864  50.229 0.0000000000
111498  -15.145  34.154  49.738 0.0000000000
111501  -14.734  34.827  49.296 0.0000000000
111502  -15.235  34.428  48.611 0.0000000000
111505  -15.706  34.569  47.787 0.0000000000
111506  -16.387  34.665  47.472 0.0000000000
111507  -17.358  34.565  47.474 0.0000000000
111508  -18.439  34.476  47.504 0.0000000000
111509  -19.401  34.428  47.477 0.0000000000
111510  -20.106  34.443  47.256 0.0000000000
111513  -20.449  34.495  46.766 0.0000000000
112135  -14.590  35.666  51.751 0.0000000000
112138  -14.425  35.584  50.693 0.0000000000
112141  -14.393  35.515  49.599 0.0000000000
112144  -14.643  35.434  48.483 0.0000000000
112145  -15.203  35.100  47.930 0.0000000000
112146  -19.915  35.943  48.364 0.0000000000
112147  -20.554  36.024  48.339 0.0000000000
112148  -21.027  36.166  48.299 0.0000000000
112149  -21.224  36.136  48.008 0.0000000000
112152  -14.986  35.706  47.715 0.0000000000
112153  -15.662  35.490  47.290 0.0000000000
112154  -16.806  35.687  47.095 0.0000000000
112155  -18.022  35.477  47.443 0.0000000000
112156  -19.142  35.490  47.834 0.0000000000
112157  -20.012  35.305  47.842 0.0000000000
112158  -20.692  35.560  47.632 0.0000000000
112159  -21.128  36.064  47.538 0.0000000000
112162  -16.072  36.045  46.855 0.0000000000
112163  -16.450  36.254  46.868 0.0000000000
112164  -20.835  35.609  46.822 0.0000000000
112165  -21.099  36.136  47.233 0.0000000000
112820  -13.449  36.964  50.686 0.0000000000
112821  -14.025  36.262  51.229 0.0000000000
112824  -13.473  36.863  49.438 0.0000000000
112825  -13.955  36.232  50.087 0.0000000000
112828  -13.642  36.925  48.371 0.0000000000
112829  -13.990  36.183  48.894 0.0000000000
112830  -19.402  36.668  48.379 0.0000000000
112831  -20.343  36.652  48.758 0.0000000000
112832  -21.010  36.569  48.851 0.0000000000
112833  -21.308  36.652  48.427 0.0000000000
112836  -13.843  37.108  47.790 0.0000000000
112837  -14.436  36.517  47.626 0.0000000000
112838  -15.102  36.043  47.373 0.0000000000
112839  -16.796  36.755  46.906 0.0000000000
112840  -17.738  36.509  47.285 0.0000000000
112841  -18.597  36.299  47.743 0.0000000000
112842  -21.279  36.933  47.590 0.0000000000
112843  -21.394  36.548  47.893 0.0000000000
112846  -14.840  36.863  46.974 0.0000000000
112847  -15.393  36.482  46.942 0.0000000000
112848  -16.147  36.572  46.775 0.0000000000
112849  -20.925  36.555  47.018 0.0000000000
112850  -21.218  36.420  47.474 0.0000000000
113465  -12.921  37.564  50.745 0.0000000000
113468  -12.579  38.054  50.296 0.0000000000
113469  -12.991  37.476  49.882 0.0000000000
113470  -20.318  38.024  49.336 0.0000000000
113471  -20.608  37.922  49.505 0.0000000000
113472  -21.101  37.833  49.565 0.0000000000
113476  -12.654  38.038  49.381 0.0000000000
113477  -13.077  37.584  48.766 0.0000000000
113478  -19.272  37.506  48.467 0.0000000000
113479  -20.038  37.683  48.958 0.0000000000
113480  -20.813  37.235  49.315 0.0000000000
113481  -21.365  37.406  49.065 0.0000000000
113485  -13.506  37.590  47.973 0.0000000000
113486  -14.052  37.537  47.423 0.0000000000
113487  -16.792  37.485  46.923 0.0000000000
113488  -17.445  37.473  47.237 0.0000000000
113489  -18.522  37.417  47.887 0.0000000000
113490  -21.286  37.471  47.683 0.0000000000
113491  -21.487  37.427  48.207 0.0000000000
113495  -14.625  37.352  47.002 0.0000000000
113496  -15.192  37.268  46.788 0.0000000000
113497  -16.070  37.354  46.757 0.0000000000
113498  -20.939  37.423  47.189 0.0000000000
114104  -12.098  38.694  49.622 0.0000000000
114105  -20.184  38.558  49.353 0.0000000000
114106  -20.925  38.546  49.753 0.0000000000
114107  -21.354  38.433  49.401 0.0000000000
114112  -12.737  38.547  48.431 0.0000000000
114113  -13.192  38.037  48.162 0.0000000000
114114  -19.058  38.321  48.533 0.0000000000
114115  -19.696  38.358  48.986 0.0000000000
114116  -21.517  38.319  48.793 0.0000000000
114121  -13.013  38.946  47.776 0.0000000000
114122  -13.547  38.453  47.602 0.0000000000
114123  -14.677  38.279  46.975 0.0000000000
114124  -15.738  38.551  46.937 0.0000000000
114125  -16.767  38.298  47.090 0.0000000000
114126  -17.868  38.304  47.693 0.0000000000
114127  -18.449  38.217  48.079 0.0000000000
114128  -21.171  38.268  47.684 0.0000000000
114129  -21.438  38.277  48.304 0.0000000000
114133  -14.951  37.704  46.819 0.0000000000
114134  -15.425  37.880  46.791 0.0000000000
114135  -16.012  38.045  46.798 0.0000000000
114136  -20.552  38.216  46.729 0.0000000000
114734  -18.916  39.906  49.253 0.0000000000
114735  -19.473  39.640  49.369 0.0000000000
114736  -20.499  39.505  49.718 0.0000000000
114737  -21.316  39.451  49.624 0.0000000000
114742  -12.010  39.417  48.596 0.0000000000
114743  -17.917  39.854  48.495 0.0000000000
114744  -18.533  39.619  48.818 0.0000000000
114745  -19.433  38.917  48.987 0.0000000000
114746  -21.636  39.391  49.079 0.0000000000
114749  -12.646  39.417  47.926 0.0000000000
114750  -13.343  39.453  47.550 0.0000000000
114751  -14.235  39.316  47.224 0.0000000000
114752  -15.257  39.303  47.104 0.0000000000
114753  -16.291  39.329  47.334 0.0000000000
114754  -17.505  39.482  47.964 0.0000000000
114755  -18.293  38.798  48.217 0.0000000000
114756  -21.160  39.143  47.688 0.0000000000
114757  -21.482  39.296  48.288 0.0000000000
114760  -20.774  39.143  47.056 0.0000000000
115344  -18.088  40.807  49.211 0.0000000000
115345  -18.774  40.509  49.391 0.0000000000
115346  -19.839  40.553  49.756 0.0000000000
115347  -20.943  40.547  49.780 0.0000000000
115348  -22.086  40.633  49.360 0.0000000000
115349  -22.684  41.285  49.072 0.0000000000
115354  -11.671  40.492  48.190 0.0000000000
115355  -12.258  39.904  48.043 0.0000000000
115356  -16.031  40.572  47.966 0.0000000000
115357  -16.704  40.730  48.353 0.0000000000
115358  -17.684  40.445  48.683 0.0000000000
115359  -18.277  40.351  49.038 0.0000000000
115360  -22.093  40.366  48.638 0.0000000000
115361  -22.745  41.111  48.646 0.0000000000
115364  -12.350  41.043  47.861 0.0000000000
115365  -12.834  40.354  47.767 0.0000000000
115366  -13.918  40.229  47.428 0.0000000000
115367  -14.869  40.113  47.330 0.0000000000
115368  -15.762  40.059  47.456 0.0000000000
115369  -16.600  40.111  47.812 0.0000000000
115370  -17.155  40.232  48.158 0.0000000000
115371  -21.309  39.897  47.469 0.0000000000
115372  -22.134  40.662  47.889 0.0000000000
115373  -22.550  40.857  48.292 0.0000000000
115376  -20.838  40.153  46.506 0.0000000000
115377  -21.660  40.851  46.991 0.0000000000
115380  -21.445  41.023  45.903 0.0000000000
115952  -17.283  42.088  49.743 0.0000000000
115953  -17.970  41.612  49.623 0.0000000000
115954  -19.062  41.635  49.749 0.0000000000
115955  -20.147  41.635  49.705 0.0000000000
115956  -21.352  41.719  49.404 0.0000000000
115957  -22.466  41.809  49.189 0.0000000000
115958  -22.908  41.807  48.734 0.0000000000
115961  -10.975  41.577  48.321 0.0000000000
115962  -12.031  41.678  48.147 0.0000000000
115963  -12.822  41.913  48.300 0.0000000000
115964  -13.604  41.857  48.334 0.0000000000
115965  -14.533  41.680  48.359 0.0000000000
115966  -15.713  41.344  48.428 0.0000000000
115967  -16.978  41.513  49.176 0.0000000000
115968  -17.699  41.113  49.175 0.0000000000
115969  -21.988  42.293  49.190 0.0000000000
115970  -22.383  42.326  49.063 0.0000000000
115971  -23.101  41.878  48.196 0.0000000000
115973  -12.526  41.463  48.031 0.0000000000
115974  -12.965  41.293  47.935 0.0000000000
115975  -13.744  41.092  47.809 0.0000000000
115976  -14.695  40.879  47.779 0.0000000000
115977  -15.405  40.601  47.775 0.0000000000
115978  -22.528  41.105  47.729 0.0000000000
115979  -22.815  41.386  47.818 0.0000000000
115982  -22.419  41.292  47.341 0.0000000000
115983  -22.901  41.974  46.856 0.0000000000
115990  -22.257  41.543  46.400 0.0000000000
116587  -16.067  43.325  50.543 0.0000000000
116588  -16.957  43.289  50.526 0.0000000000
116589  -17.743  43.296  50.467 0.0000000000
116590  -18.387  43.345  50.265 0.0000000000
116591  -18.688  43.418  50.090 0.0000000000
116595  -12.996  43.261  49.570 0.0000000000
116596  -13.907  43.090  49.757 0.0000000000
116597  -14.804  42.932  49.811 0.0000000000
116598  -15.668  42.738  49.932 0.0000000000
116599  -16.650  42.547  49.959 0.0000000000
116600  -17.494  42.592  50.130 0.0000000000
116601  -18.326  42.576  50.106 0.0000000000
116602  -19.246  42.808  50.001 0.0000000000
116603  -20.362  42.586  49.429 0.0000000000
116604  -22.661  42.366  48.845 0.0000000000
116605  -22.865  42.174  48.802 0.0000000000
116609  -11.622  42.552  48.624 0.0000000000
116610  -12.503  42.566  48.742 0.0000000000
116611  -13.344  42.541  48.931 0.0000000000
116612  -14.230  42.425  49.025 0.0000000000
116613  -15.169  42.227  49.139 0.0000000000
116614  -16.052  42.127  49.304 0.0000000000
116615  -21.329  42.699  49.043 0.0000000000
116616  -22.236  42.774  48.739 0.0000000000
116617  -23.111  42.770  48.253 0.0000000000
116618  -23.366  43.444  47.712 0.0000000000
116621  -16.399  42.954  47.380 0.0000000000
116622  -17.442  42.931  47.478 0.0000000000
116623  -18.499  43.004  47.495 0.0000000000
116624  -19.462  43.237  47.492 0.0000000000
116625  -20.011  43.410  47.512 0.0000000000
116626  -23.399  42.475  47.328 0.0000000000
116627  -23.603  43.363  47.338 0.0000000000
117265  -12.907  44.578  50.676 0.0000000000
117266  -13.340  44.503  50.784 0.0000000000
117267  -14.261  44.306  50.991 0.0000000000
117268  -15.349  44.021  50.940 0.0000000000
117269  -16.427  43.951  50.847 0.0000000000
117270  -17.264  43.860  50.650 0.0000000000
117271  -17.897  43.895  50.450 0.0000000000
117272  -18.354  43.721  50.165 0.0000000000
117277  -11.135  44.159  49.839 0.0000000000
117278  -12.424  44.156  50.254 0.0000000000
117279  -13.564  43.797  50.447 0.0000000000
117280  -14.531  43.589  50.492 0.0000000000
117281  -15.291  43.345  50.407 0.0000000000
117282  -16.740  44.521  49.819 0.0000000000
117283  -17.100  44.402  49.842 0.0000000000
117284  -17.969  44.191  50.030 0.0000000000
117285  -18.824  43.569  49.751 0.0000000000
117286  -19.692  43.261  49.479 0.0000000000
117290  -11.427  43.402  49.275 0.0000000000
117291  -12.194  43.221  49.272 0.0000000000
117292  -14.954  44.576  48.748 0.0000000000
117293  -15.370  44.490  48.851 0.0000000000
117294  -16.437  44.400  49.317 0.0000000000
117295  -17.476  43.944  49.239 0.0000000000
117296  -18.455  43.721  49.163 0.0000000000
117297  -19.430  43.603  48.996 0.0000000000
117298  -20.454  43.284  48.816 0.0000000000
117299  -21.529  43.317  48.426 0.0000000000
117300  -22.459  43.443  48.145 0.0000000000
117301  -23.083  43.552  47.829 0.0000000000
117304  -14.129  44.312  47.856 0.0000000000
117305  -14.643  44.315  48.215 0.0000000000
117306  -15.699  43.684  48.102 0.0000000000
117307  -16.899  43.529  48.352 0.0000000000
117308  -17.970  43.432  48.369 0.0000000000
117309  -18.972  43.443  48.295 0.0000000000
117310  -19.954  43.495  48.119 0.0000000000
117311  -20.880  43.605  48.007 0.0000000000
117312  -21.806  43.728  47.744 0.0000000000
117316  -13.944  43.996  47.288 0.0000000000
117317  -14.841  43.499  47.200 0.0000000000
117318  -15.576  43.043  47.104 0.0000000000
117880  -12.013  45.053  50.571 0.0000000000
117881  -12.887  44.878  50.711 0.0000000000
117882  -13.881  44.946  51.111 0.0000000000
117883  -14.873  44.853  51.210 0.0000000000
117884  -15.835  44.691  50.698 0.0000000000
117885  -16.846  44.288  50.502 0.0000000000
117886  -17.487  44.167  50.486 0.0000000000
117887  -17.794  44.156  50.385 0.0000000000
117892  -11.590  44.674  50.403 0.0000000000
117893  -12.237  44.744  50.602 0.0000000000
117894  -15.339  45.191  49.965 0.0000000000
117895  -15.803  44.998  50.212 0.0000000000
117896  -16.583  44.677  50.098 0.0000000000
117897  -17.308  44.358  50.250 0.0000000000
117898  -17.603  44.294  50.306 0.0000000000
117901  -13.476  45.202  48.786 0.0000000000
117902  -14.079  45.158  48.969 0.0000000000
117903  -14.829  44.920  49.212 0.0000000000
117904  -15.672  44.845  49.575 0.0000000000
117905  -16.150  44.791  49.836 0.0000000000
117908  -12.990  44.968  48.106 0.0000000000
117909  -13.827  44.635  48.137 0.0000000000
117910  -14.328  44.769  48.630 0.0000000000
117915  -13.164  44.442  47.214 0.0000000000
118409  -11.586  45.345  50.247 0.0000000000
118410  -12.593  45.327  50.402 0.0000000000
118411  -13.514  45.280  50.637 0.0000000000
118412  -14.405  45.332  50.879 0.0000000000
118413  -15.209  45.264  50.857 0.0000000000
118414  -15.571  45.122  50.617 0.0000000000
118421  -12.180  45.670  49.886 0.0000000000
118422  -13.137  45.551  50.064 0.0000000000
118423  -13.986  45.495  50.256 0.0000000000
118424  -14.813  45.382  50.241 0.0000000000
118425  -15.375  45.266  50.438 0.0000000000
118431  -12.790  45.437  49.137 0.0000000000
118432  -13.637  45.456  49.525 0.0000000000
118433  -14.292  45.389  49.663 0.0000000000
