#!ascii label  , from subject FREESURFER vox2ras=TkReg 
244
105399  -14.917  24.136  56.879 0.0000000000
105400  -15.806  24.611  56.965 0.0000000000
105409  -14.636  24.474  56.231 0.0000000000
105410  -15.273  24.618  56.536 0.0000000000
105904  -15.922  25.072  56.569 0.0000000000
105905  -16.292  25.205  56.595 0.0000000000
105906  -16.916  25.340  56.567 0.0000000000
105913  -14.264  24.915  55.372 0.0000000000
105914  -15.613  25.252  55.982 0.0000000000
105915  -16.649  25.781  56.152 0.0000000000
105916  -17.332  25.594  55.923 0.0000000000
105921  -13.620  25.602  54.585 0.0000000000
105922  -14.838  25.622  54.690 0.0000000000
105923  -15.703  25.951  54.968 0.0000000000
105924  -17.729  25.696  55.015 0.0000000000
105925  -18.077  26.264  54.417 0.0000000000
105928  -17.796  25.623  53.909 0.0000000000
105929  -18.344  26.346  53.906 0.0000000000
105932  -17.464  25.447  52.715 0.0000000000
105934  -17.313  25.453  51.605 0.0000000000
105937  -17.395  25.589  50.605 0.0000000000
105938  -17.746  26.039  50.247 0.0000000000
105944  -17.963  26.286  49.852 0.0000000000
106477  -16.400  26.166  55.421 0.0000000000
106478  -17.153  26.245  55.522 0.0000000000
106479  -17.461  26.035  55.343 0.0000000000
106484  -14.158  26.620  53.905 0.0000000000
106485  -15.308  26.402  54.244 0.0000000000
106486  -16.154  26.537  54.616 0.0000000000
106487  -16.974  26.899  54.805 0.0000000000
106488  -17.796  26.589  54.783 0.0000000000
106489  -18.803  26.850  54.253 0.0000000000
106490  -19.346  27.233  54.091 0.0000000000
106492  -14.480  27.243  53.680 0.0000000000
106493  -15.016  27.068  53.747 0.0000000000
106494  -15.906  26.978  53.982 0.0000000000
106495  -16.477  26.965  54.328 0.0000000000
106496  -18.088  26.230  53.138 0.0000000000
106497  -18.811  26.716  53.453 0.0000000000
106498  -19.415  27.106  53.689 0.0000000000
106501  -17.867  26.171  52.109 0.0000000000
106502  -18.653  26.640  52.517 0.0000000000
106503  -19.352  27.088  52.869 0.0000000000
106506  -17.781  26.127  51.145 0.0000000000
106507  -18.463  26.598  51.516 0.0000000000
106508  -19.224  27.060  51.902 0.0000000000
106512  -17.763  26.091  50.608 0.0000000000
106513  -18.275  26.495  50.519 0.0000000000
106514  -18.967  27.099  50.912 0.0000000000
106519  -17.826  26.318  49.112 0.0000000000
106520  -18.599  26.897  49.642 0.0000000000
106521  -18.834  26.986  50.262 0.0000000000
106529  -18.411  26.930  48.601 0.0000000000
107104  -13.240  27.650  53.956 0.0000000000
107105  -17.194  27.272  54.458 0.0000000000
107106  -17.654  27.427  54.498 0.0000000000
107107  -18.549  27.399  54.448 0.0000000000
107108  -19.219  27.472  54.236 0.0000000000
107111  -14.107  27.666  53.679 0.0000000000
107112  -14.729  27.719  53.583 0.0000000000
107113  -15.582  27.693  53.555 0.0000000000
107114  -16.787  27.548  53.978 0.0000000000
107115  -17.637  28.058  54.026 0.0000000000
107116  -19.604  27.681  53.781 0.0000000000
107117  -20.149  28.149  53.244 0.0000000000
107120  -19.843  27.601  53.115 0.0000000000
107121  -20.526  28.072  52.590 0.0000000000
107124  -19.917  27.558  52.259 0.0000000000
107125  -20.660  27.941  51.656 0.0000000000
107130  -19.804  27.551  51.231 0.0000000000
107131  -20.591  27.979  50.582 0.0000000000
107135  -19.040  27.259  49.595 0.0000000000
107136  -19.521  27.439  49.954 0.0000000000
107137  -20.651  28.123  49.515 0.0000000000
107142  -19.063  27.381  49.107 0.0000000000
107143  -19.957  27.916  48.681 0.0000000000
107144  -20.858  28.367  48.699 0.0000000000
107152  -19.044  27.585  48.046 0.0000000000
107153  -19.827  28.135  47.496 0.0000000000
107669  -13.942  28.681  53.987 0.0000000000
107670  -14.547  29.097  53.970 0.0000000000
107671  -18.375  28.064  54.270 0.0000000000
107672  -19.140  28.022  54.308 0.0000000000
107673  -19.444  27.892  54.044 0.0000000000
107676  -14.395  28.162  53.650 0.0000000000
107677  -14.954  28.592  53.617 0.0000000000
107678  -16.121  28.520  53.399 0.0000000000
107679  -17.149  28.589  53.578 0.0000000000
107680  -18.050  28.741  53.855 0.0000000000
107681  -18.931  28.778  53.989 0.0000000000
107682  -19.773  28.582  53.689 0.0000000000
107683  -20.986  28.842  53.017 0.0000000000
107684  -21.599  29.348  52.866 0.0000000000
107688  -21.391  28.415  52.073 0.0000000000
107689  -21.961  29.159  52.330 0.0000000000
107690  -22.316  29.457  52.060 0.0000000000
107694  -21.389  28.376  51.041 0.0000000000
107695  -22.025  28.800  51.407 0.0000000000
107696  -22.325  29.313  51.617 0.0000000000
107700  -21.432  28.372  50.019 0.0000000000
107701  -22.037  28.732  50.422 0.0000000000
107702  -22.345  29.208  50.765 0.0000000000
107704  -21.497  28.493  49.087 0.0000000000
107705  -22.093  28.740  49.468 0.0000000000
107706  -22.457  29.154  49.811 0.0000000000
107711  -20.640  28.460  47.920 0.0000000000
107712  -21.457  28.695  48.246 0.0000000000
107713  -22.114  28.845  48.630 0.0000000000
107714  -22.513  29.149  48.933 0.0000000000
107722  -20.521  28.491  47.010 0.0000000000
107723  -21.239  28.795  47.353 0.0000000000
107724  -22.091  29.190  47.808 0.0000000000
107725  -22.429  29.174  48.391 0.0000000000
107732  -21.586  29.227  46.824 0.0000000000
108263  -14.074  30.076  55.342 0.0000000000
108267  -13.559  29.471  54.899 0.0000000000
108268  -14.520  29.677  54.559 0.0000000000
108269  -15.231  29.770  54.245 0.0000000000
108270  -19.806  30.161  53.845 0.0000000000
108271  -20.053  30.104  53.803 0.0000000000
108274  -14.954  29.332  53.970 0.0000000000
108275  -15.679  29.435  53.703 0.0000000000
108276  -16.597  29.347  53.517 0.0000000000
108277  -17.522  29.454  53.675 0.0000000000
108278  -18.480  29.572  53.882 0.0000000000
108279  -19.525  29.800  53.863 0.0000000000
108280  -20.475  29.651  53.571 0.0000000000
108281  -21.331  29.650  53.219 0.0000000000
108284  -21.885  29.707  52.792 0.0000000000
108285  -22.204  29.698  52.285 0.0000000000
108287  -22.323  29.685  51.829 0.0000000000
108289  -22.298  29.667  51.112 0.0000000000
108291  -22.466  29.662  50.150 0.0000000000
108294  -22.633  29.631  49.181 0.0000000000
108301  -22.402  29.683  47.722 0.0000000000
108302  -22.619  29.627  48.280 0.0000000000
108306  -22.061  29.725  47.190 0.0000000000
108882  -14.939  30.720  55.544 0.0000000000
108883  -16.300  31.166  55.208 0.0000000000
108884  -16.921  31.345  55.099 0.0000000000
108887  -15.139  30.130  54.672 0.0000000000
108888  -15.930  30.295  54.403 0.0000000000
108889  -17.137  30.928  54.629 0.0000000000
108890  -18.230  30.930  54.566 0.0000000000
108891  -19.083  30.885  54.333 0.0000000000
108892  -19.743  30.500  53.923 0.0000000000
108893  -20.336  30.355  53.697 0.0000000000
108897  -16.261  29.814  53.794 0.0000000000
108898  -16.880  30.123  53.820 0.0000000000
108899  -17.868  30.285  54.020 0.0000000000
108900  -18.789  30.353  54.091 0.0000000000
108901  -19.323  30.426  54.032 0.0000000000
108902  -20.951  30.204  53.463 0.0000000000
108903  -21.518  30.182  53.119 0.0000000000
108908  -21.131  30.645  52.252 0.0000000000
108909  -21.869  30.195  52.373 0.0000000000
108910  -22.256  29.927  52.067 0.0000000000
108916  -19.164  30.873  51.153 0.0000000000
108917  -20.042  30.780  51.320 0.0000000000
108918  -20.898  30.606  51.425 0.0000000000
108919  -21.667  30.359  51.496 0.0000000000
108920  -22.182  30.025  51.610 0.0000000000
108926  -18.911  30.749  50.375 0.0000000000
108927  -19.669  30.623  50.466 0.0000000000
108928  -20.554  30.561  50.545 0.0000000000
108929  -21.405  30.448  50.574 0.0000000000
108930  -22.125  30.141  50.587 0.0000000000
108936  -19.248  30.685  49.621 0.0000000000
108937  -20.143  30.567  49.730 0.0000000000
108938  -21.008  30.534  49.719 0.0000000000
108939  -21.835  30.457  49.639 0.0000000000
108940  -22.439  30.122  49.466 0.0000000000
108946  -19.806  30.684  49.012 0.0000000000
108947  -20.540  30.588  49.083 0.0000000000
108948  -21.283  30.575  48.798 0.0000000000
108949  -22.141  30.433  48.715 0.0000000000
108950  -22.625  30.058  48.573 0.0000000000
108957  -21.598  30.542  48.116 0.0000000000
108958  -22.235  30.255  47.765 0.0000000000
108959  -22.682  30.006  48.165 0.0000000000
108965  -21.881  30.290  46.767 0.0000000000
109550  -15.114  31.377  56.192 0.0000000000
109551  -15.872  31.740  56.095 0.0000000000
109552  -17.018  31.764  55.428 0.0000000000
109553  -17.851  32.004  55.206 0.0000000000
109554  -18.178  32.171  54.997 0.0000000000
109560  -17.211  31.390  55.084 0.0000000000
109561  -17.692  31.466  55.002 0.0000000000
109562  -18.494  31.692  54.706 0.0000000000
109563  -19.506  31.290  54.033 0.0000000000
109564  -20.058  30.760  53.807 0.0000000000
109570  -19.065  31.783  53.308 0.0000000000
109571  -19.792  31.400  53.429 0.0000000000
109572  -20.488  30.799  53.482 0.0000000000
109573  -21.072  30.437  53.256 0.0000000000
109578  -18.087  31.798  52.260 0.0000000000
109579  -18.928  31.599  52.534 0.0000000000
109580  -19.766  31.426  52.746 0.0000000000
109581  -20.575  31.126  52.893 0.0000000000
109582  -21.196  30.616  52.955 0.0000000000
109586  -16.936  31.855  51.059 0.0000000000
109587  -17.788  31.541  51.376 0.0000000000
109588  -18.641  31.352  51.701 0.0000000000
109589  -19.523  31.239  51.947 0.0000000000
109590  -20.381  31.039  52.130 0.0000000000
109594  -17.583  31.447  50.363 0.0000000000
109595  -18.359  31.088  50.811 0.0000000000
109599  -17.526  31.694  49.193 0.0000000000
109600  -18.337  31.007  49.785 0.0000000000
109605  -18.880  31.169  48.584 0.0000000000
109606  -20.357  30.919  48.328 0.0000000000
109607  -21.094  30.721  48.093 0.0000000000
109612  -18.656  31.960  47.738 0.0000000000
109613  -19.746  31.696  47.723 0.0000000000
109614  -21.027  31.104  47.291 0.0000000000
109615  -21.765  30.647  47.074 0.0000000000
110206  -16.605  32.594  55.749 0.0000000000
110207  -17.397  32.470  55.258 0.0000000000
110208  -17.928  32.381  55.089 0.0000000000
110212  -17.786  32.656  55.014 0.0000000000
110213  -18.228  32.462  54.701 0.0000000000
110214  -18.825  32.049  54.308 0.0000000000
110217  -16.996  33.097  53.367 0.0000000000
110218  -17.342  32.928  53.483 0.0000000000
110219  -18.323  32.567  53.855 0.0000000000
110220  -19.164  31.878  53.852 0.0000000000
110223  -16.860  32.931  53.002 0.0000000000
110224  -17.513  32.382  52.825 0.0000000000
110225  -18.389  32.011  53.012 0.0000000000
110229  -16.488  32.741  51.839 0.0000000000
110230  -17.296  31.977  51.926 0.0000000000
110250  -20.130  32.381  47.086 0.0000000000
110826  -16.988  33.037  55.154 0.0000000000
110827  -17.480  32.796  55.049 0.0000000000
110830  -16.802  33.741  54.547 0.0000000000
110831  -17.640  32.966  54.680 0.0000000000
110832  -18.085  32.761  54.422 0.0000000000
110834  -16.861  33.470  53.479 0.0000000000
110835  -17.547  33.175  54.075 0.0000000000
110836  -17.942  32.904  54.289 0.0000000000
110838  -15.997  33.866  52.323 0.0000000000
110839  -16.442  33.394  52.632 0.0000000000
110843  -16.168  33.370  52.082 0.0000000000
111488  -16.300  33.939  53.002 0.0000000000
