#!ascii label  , from subject FREESURFER vox2ras=TkReg 
281
42154  -41.192  -43.250  17.908 0.0000000000
42155  -41.931  -43.189  18.006 0.0000000000
42156  -42.329  -42.952  17.963 0.0000000000
42166  -40.221  -43.306  16.856 0.0000000000
42167  -41.047  -43.288  17.108 0.0000000000
42168  -41.707  -43.133  17.365 0.0000000000
42169  -42.215  -42.928  17.495 0.0000000000
42178  -39.060  -43.096  15.726 0.0000000000
42179  -39.947  -43.352  15.926 0.0000000000
42180  -40.865  -43.340  16.242 0.0000000000
42181  -41.755  -43.021  16.592 0.0000000000
42182  -42.051  -42.926  17.061 0.0000000000
42193  -40.642  -43.354  15.255 0.0000000000
42194  -41.500  -43.095  15.637 0.0000000000
43012  -40.345  -42.181  19.989 0.0000000000
43013  -40.733  -42.275  20.033 0.0000000000
43014  -41.563  -42.401  20.092 0.0000000000
43015  -42.426  -42.427  20.095 0.0000000000
43016  -43.164  -42.380  20.044 0.0000000000
43027  -38.815  -41.935  19.122 0.0000000000
43028  -39.177  -42.110  19.234 0.0000000000
43029  -40.092  -42.343  19.574 0.0000000000
43030  -41.048  -42.743  19.441 0.0000000000
43031  -41.969  -42.763  19.402 0.0000000000
43032  -42.812  -42.609  19.352 0.0000000000
43033  -43.615  -42.376  19.411 0.0000000000
43044  -38.799  -42.119  18.742 0.0000000000
43045  -39.469  -42.542  18.603 0.0000000000
43046  -40.460  -43.009  18.536 0.0000000000
43047  -41.506  -43.090  18.683 0.0000000000
43048  -42.375  -42.880  18.545 0.0000000000
43049  -43.209  -42.557  18.522 0.0000000000
43050  -43.987  -42.242  18.548 0.0000000000
43060  -38.778  -42.419  17.825 0.0000000000
43061  -39.607  -42.981  17.544 0.0000000000
43062  -40.493  -43.242  17.618 0.0000000000
43063  -42.714  -42.699  17.798 0.0000000000
43064  -43.587  -42.239  17.498 0.0000000000
43065  -44.241  -42.045  17.942 0.0000000000
43079  -38.639  -42.602  16.573 0.0000000000
43080  -39.452  -43.160  16.553 0.0000000000
43081  -42.142  -42.813  16.470 0.0000000000
43082  -42.526  -42.639  16.778 0.0000000000
43083  -43.396  -42.079  16.371 0.0000000000
43100  -42.142  -42.782  16.037 0.0000000000
43101  -42.761  -42.378  15.696 0.0000000000
43102  -43.519  -41.907  15.382 0.0000000000
43116  -42.117  -42.700  15.072 0.0000000000
44011  -42.120  -41.233  21.992 0.0000000000
44012  -42.940  -41.210  22.073 0.0000000000
44013  -43.831  -41.109  22.152 0.0000000000
44014  -44.360  -40.953  22.167 0.0000000000
44023  -39.941  -41.233  21.003 0.0000000000
44024  -40.687  -41.472  21.142 0.0000000000
44025  -41.532  -41.499  21.433 0.0000000000
44026  -42.515  -41.648  21.435 0.0000000000
44027  -43.466  -41.637  21.445 0.0000000000
44028  -44.534  -41.345  21.530 0.0000000000
44029  -45.490  -41.241  21.160 0.0000000000
44030  -46.023  -41.147  20.934 0.0000000000
44035  -38.677  -41.244  20.194 0.0000000000
44036  -39.246  -41.378  20.426 0.0000000000
44037  -40.188  -41.881  20.303 0.0000000000
44038  -41.129  -41.949  20.652 0.0000000000
44039  -42.027  -42.043  20.773 0.0000000000
44040  -42.939  -42.119  20.762 0.0000000000
44041  -43.898  -42.015  20.468 0.0000000000
44042  -44.917  -41.688  20.413 0.0000000000
44043  -45.717  -41.391  20.313 0.0000000000
44052  -37.674  -41.268  18.863 0.0000000000
44053  -38.457  -41.538  19.362 0.0000000000
44054  -39.522  -41.897  19.818 0.0000000000
44055  -39.935  -42.066  19.923 0.0000000000
44056  -44.431  -42.073  19.465 0.0000000000
44057  -45.235  -41.710  19.408 0.0000000000
44058  -46.021  -41.355  19.400 0.0000000000
44070  -37.688  -41.463  18.307 0.0000000000
44071  -38.218  -41.909  18.164 0.0000000000
44072  -44.676  -41.897  18.493 0.0000000000
44073  -45.449  -41.516  18.356 0.0000000000
44074  -46.261  -41.184  18.407 0.0000000000
44085  -37.658  -41.582  17.447 0.0000000000
44086  -38.143  -42.035  17.177 0.0000000000
44087  -43.904  -41.848  16.821 0.0000000000
44088  -44.591  -41.619  17.298 0.0000000000
44089  -45.779  -41.028  17.236 0.0000000000
44090  -46.421  -40.928  17.780 0.0000000000
44099  -38.040  -42.007  16.393 0.0000000000
44100  -44.094  -41.566  16.150 0.0000000000
44101  -45.042  -40.911  16.004 0.0000000000
44102  -45.718  -40.755  16.412 0.0000000000
44114  -38.148  -42.180  15.962 0.0000000000
44115  -44.274  -41.400  15.203 0.0000000000
44116  -44.942  -40.975  14.908 0.0000000000
45108  -40.336  -40.019  22.791 0.0000000000
45109  -40.783  -40.146  22.884 0.0000000000
45110  -41.759  -40.222  23.007 0.0000000000
45111  -42.735  -40.161  23.086 0.0000000000
45112  -43.547  -40.109  23.117 0.0000000000
45123  -39.491  -40.156  22.150 0.0000000000
45124  -40.061  -40.227  22.412 0.0000000000
45125  -41.236  -40.824  22.246 0.0000000000
45126  -42.354  -40.741  22.538 0.0000000000
45127  -43.288  -40.639  22.626 0.0000000000
45128  -44.260  -40.455  22.687 0.0000000000
45129  -45.106  -40.353  22.526 0.0000000000
45130  -45.760  -40.278  22.327 0.0000000000
45137  -37.395  -39.990  20.890 0.0000000000
45138  -37.935  -40.240  21.056 0.0000000000
45139  -39.153  -40.543  21.465 0.0000000000
45140  -40.348  -40.929  21.668 0.0000000000
45141  -40.954  -41.211  21.653 0.0000000000
45142  -44.736  -40.801  22.190 0.0000000000
45143  -45.329  -40.804  21.919 0.0000000000
45144  -46.223  -40.650  21.619 0.0000000000
45145  -46.974  -40.464  21.245 0.0000000000
45153  -37.177  -40.234  20.310 0.0000000000
45154  -38.193  -40.909  20.290 0.0000000000
45155  -38.826  -41.027  20.604 0.0000000000
45156  -46.496  -41.007  20.505 0.0000000000
45157  -47.387  -40.515  20.438 0.0000000000
45158  -47.980  -40.247  20.057 0.0000000000
45167  -37.451  -40.890  19.357 0.0000000000
45168  -38.021  -41.147  19.691 0.0000000000
45169  -46.793  -40.978  19.410 0.0000000000
45170  -47.481  -40.564  19.311 0.0000000000
45171  -48.165  -40.170  19.277 0.0000000000
45181  -46.884  -40.797  18.384 0.0000000000
45182  -47.598  -40.422  18.273 0.0000000000
45183  -48.322  -40.028  18.355 0.0000000000
45196  -46.055  -40.703  16.644 0.0000000000
45197  -46.722  -40.552  17.174 0.0000000000
45211  -45.458  -40.723  15.225 0.0000000000
45212  -46.086  -40.504  15.901 0.0000000000
46167  -39.684  -39.385  22.962 0.0000000000
46168  -40.161  -39.631  23.006 0.0000000000
46169  -41.223  -39.576  23.397 0.0000000000
46170  -42.227  -39.577  23.501 0.0000000000
46171  -43.184  -39.530  23.487 0.0000000000
46172  -44.199  -39.548  23.360 0.0000000000
46173  -45.150  -39.214  23.307 0.0000000000
46174  -45.924  -39.095  23.075 0.0000000000
46184  -37.129  -38.853  22.047 0.0000000000
46185  -38.058  -39.191  22.220 0.0000000000
46186  -39.249  -39.647  22.513 0.0000000000
46187  -39.828  -39.847  22.661 0.0000000000
46188  -44.876  -39.893  22.997 0.0000000000
46189  -45.555  -39.751  22.813 0.0000000000
46190  -46.444  -39.666  22.507 0.0000000000
46191  -47.145  -39.530  22.229 0.0000000000
46198  -37.356  -39.580  21.375 0.0000000000
46199  -38.455  -39.884  21.772 0.0000000000
46200  -38.954  -40.041  21.935 0.0000000000
46201  -46.915  -40.057  21.885 0.0000000000
46202  -47.575  -39.759  21.522 0.0000000000
46203  -48.211  -39.420  21.175 0.0000000000
46213  -37.107  -39.853  20.779 0.0000000000
46214  -47.962  -39.923  20.736 0.0000000000
46215  -48.575  -39.603  20.346 0.0000000000
46226  -48.780  -39.707  19.259 0.0000000000
47151  -41.413  -38.320  24.271 0.0000000000
47152  -42.225  -38.332  24.340 0.0000000000
47153  -43.152  -38.255  24.278 0.0000000000
47154  -44.090  -38.123  24.163 0.0000000000
47155  -44.970  -37.895  23.978 0.0000000000
47156  -45.464  -37.753  23.879 0.0000000000
47167  -38.249  -38.109  23.211 0.0000000000
47168  -38.889  -38.366  23.333 0.0000000000
47169  -39.640  -38.846  23.312 0.0000000000
47170  -40.698  -38.763  23.794 0.0000000000
47171  -41.744  -38.938  23.907 0.0000000000
47172  -42.700  -38.904  23.887 0.0000000000
47173  -43.658  -38.827  23.817 0.0000000000
47174  -44.622  -38.649  23.727 0.0000000000
47175  -45.631  -38.285  23.582 0.0000000000
47176  -46.803  -38.585  23.044 0.0000000000
47177  -47.489  -38.279  22.738 0.0000000000
47186  -37.642  -38.330  22.681 0.0000000000
47187  -38.523  -38.771  22.847 0.0000000000
47188  -39.077  -38.911  23.011 0.0000000000
47189  -47.028  -39.182  22.605 0.0000000000
47190  -47.557  -38.864  22.334 0.0000000000
47199  -48.054  -39.021  21.702 0.0000000000
48146  -42.109  -37.077  25.246 0.0000000000
48147  -43.115  -37.106  25.299 0.0000000000
48148  -44.119  -37.155  25.231 0.0000000000
48149  -45.026  -37.023  24.976 0.0000000000
48150  -45.524  -36.948  24.801 0.0000000000
48161  -39.013  -37.017  24.180 0.0000000000
48162  -39.806  -37.369  24.366 0.0000000000
48163  -40.735  -37.743  24.433 0.0000000000
48164  -41.709  -37.720  24.706 0.0000000000
48165  -42.647  -37.709  24.779 0.0000000000
48166  -43.608  -37.653  24.712 0.0000000000
48167  -44.564  -37.530  24.550 0.0000000000
48168  -45.579  -37.282  24.251 0.0000000000
48169  -46.139  -37.061  23.987 0.0000000000
48180  -37.808  -37.303  23.183 0.0000000000
48181  -38.594  -37.562  23.607 0.0000000000
48182  -39.322  -37.889  23.812 0.0000000000
48183  -40.037  -38.124  23.954 0.0000000000
48184  -45.739  -37.670  23.814 0.0000000000
48185  -46.360  -37.511  23.656 0.0000000000
48194  -37.182  -37.577  22.629 0.0000000000
49162  -42.785  -35.846  26.288 0.0000000000
49163  -43.323  -36.017  26.418 0.0000000000
49164  -44.326  -36.233  26.785 0.0000000000
49176  -40.811  -36.310  25.142 0.0000000000
49177  -41.533  -36.320  25.465 0.0000000000
49178  -42.576  -36.303  25.859 0.0000000000
49179  -43.692  -36.584  25.882 0.0000000000
49180  -44.721  -36.733  25.819 0.0000000000
49181  -45.794  -36.781  25.401 0.0000000000
49193  -38.899  -36.011  24.208 0.0000000000
49194  -39.583  -36.433  24.568 0.0000000000
49195  -40.351  -36.819  24.807 0.0000000000
49196  -41.190  -37.021  25.004 0.0000000000
49197  -45.795  -36.911  24.691 0.0000000000
49198  -46.378  -36.798  24.421 0.0000000000
49211  -37.744  -36.140  23.262 0.0000000000
49212  -38.397  -36.595  23.699 0.0000000000
49213  -46.436  -36.995  23.885 0.0000000000
49222  -37.168  -36.699  22.738 0.0000000000
50267  -42.891  -34.893  27.000 0.0000000000
50268  -43.381  -35.077  27.279 0.0000000000
50278  -42.097  -35.088  26.340 0.0000000000
50279  -42.868  -35.386  26.682 0.0000000000
50280  -43.733  -35.687  27.046 0.0000000000
50292  -40.884  -35.469  25.417 0.0000000000
50293  -41.773  -35.629  25.920 0.0000000000
50294  -42.398  -35.667  26.234 0.0000000000
50308  -38.902  -35.048  24.115 0.0000000000
50309  -39.481  -35.446  24.538 0.0000000000
50310  -40.175  -35.895  24.925 0.0000000000
50321  -37.905  -35.116  23.151 0.0000000000
50322  -38.382  -35.546  23.697 0.0000000000
50330  -37.264  -35.651  22.600 0.0000000000
51391  -42.981  -34.373  27.154 0.0000000000
51396  -41.882  -34.322  26.329 0.0000000000
51397  -42.489  -34.651  26.728 0.0000000000
51401  -40.691  -34.412  25.373 0.0000000000
51402  -41.392  -34.789  25.908 0.0000000000
51414  -38.984  -34.537  23.991 0.0000000000
51415  -39.426  -34.446  24.290 0.0000000000
51416  -40.103  -34.895  24.880 0.0000000000
51424  -38.200  -34.571  22.937 0.0000000000
51425  -38.691  -34.457  23.509 0.0000000000
51426  -39.075  -34.268  23.933 0.0000000000
51434  -37.827  -34.669  22.338 0.0000000000
51435  -38.544  -34.164  22.654 0.0000000000
51447  -38.834  -34.028  21.551 0.0000000000
51448  -39.598  -33.721  21.231 0.0000000000
52431  -42.875  -33.841  27.095 0.0000000000
52435  -41.849  -33.809  26.269 0.0000000000
52436  -42.398  -33.801  26.695 0.0000000000
52441  -40.717  -33.827  25.268 0.0000000000
52442  -41.300  -33.807  25.807 0.0000000000
52448  -39.594  -33.962  24.266 0.0000000000
52449  -40.118  -33.765  24.629 0.0000000000
52451  -38.972  -33.980  23.487 0.0000000000
52452  -39.400  -33.768  23.788 0.0000000000
52453  -39.878  -33.399  24.069 0.0000000000
52458  -38.954  -33.821  23.126 0.0000000000
52459  -39.582  -33.365  22.811 0.0000000000
52460  -40.092  -33.084  22.196 0.0000000000
52467  -39.083  -33.754  22.392 0.0000000000
52468  -39.637  -33.509  21.827 0.0000000000
53439  -42.901  -33.420  27.022 0.0000000000
53445  -41.907  -33.354  26.181 0.0000000000
53446  -42.631  -32.747  26.453 0.0000000000
53454  -40.865  -33.404  25.209 0.0000000000
53455  -41.562  -32.744  25.492 0.0000000000
53456  -42.407  -32.044  25.668 0.0000000000
53462  -40.762  -32.987  24.778 0.0000000000
53463  -41.208  -32.333  24.430 0.0000000000
53467  -39.851  -33.309  23.820 0.0000000000
53468  -40.302  -32.908  23.973 0.0000000000
53469  -41.092  -32.264  23.416 0.0000000000
53475  -39.872  -33.202  23.459 0.0000000000
53476  -40.357  -32.784  22.898 0.0000000000
54486  -42.034  -31.800  24.868 0.0000000000
