#!ascii label  , from subject FREESURFER vox2ras=TkReg 
257
19067  -25.594  -67.070  51.566 0.0000000000
19068  -26.003  -66.856  51.479 0.0000000000
19075  -25.375  -67.469  51.240 0.0000000000
19076  -26.049  -67.054  51.283 0.0000000000
19085  -26.030  -67.190  50.852 0.0000000000
19094  -25.442  -67.174  50.455 0.0000000000
19095  -26.207  -66.770  50.462 0.0000000000
20014  -25.876  -66.424  51.682 0.0000000000
20015  -26.473  -66.481  51.400 0.0000000000
20016  -27.121  -66.342  51.170 0.0000000000
20024  -26.761  -66.795  51.022 0.0000000000
20025  -27.562  -66.314  50.753 0.0000000000
20026  -28.181  -66.120  50.419 0.0000000000
20032  -26.976  -66.526  50.512 0.0000000000
20033  -27.885  -66.264  50.257 0.0000000000
20034  -28.411  -66.156  50.123 0.0000000000
20042  -25.817  -66.551  50.105 0.0000000000
20043  -26.701  -66.384  50.035 0.0000000000
20044  -27.682  -66.239  49.841 0.0000000000
20045  -28.333  -66.194  49.881 0.0000000000
20053  -28.119  -66.024  49.568 0.0000000000
20054  -28.252  -66.101  49.688 0.0000000000
21003  -25.625  -65.500  52.096 0.0000000000
21004  -26.335  -65.546  51.784 0.0000000000
21005  -27.034  -65.664  51.446 0.0000000000
21015  -27.569  -65.853  51.132 0.0000000000
21016  -28.212  -65.611  50.774 0.0000000000
21017  -28.996  -65.249  50.462 0.0000000000
21018  -29.585  -65.112  50.198 0.0000000000
21025  -28.709  -65.927  50.283 0.0000000000
21026  -29.319  -65.669  50.022 0.0000000000
21027  -30.020  -65.263  49.758 0.0000000000
21028  -30.630  -64.986  49.348 0.0000000000
21036  -25.303  -66.075  49.714 0.0000000000
21037  -26.213  -65.953  49.702 0.0000000000
21038  -27.088  -65.913  49.570 0.0000000000
21039  -28.837  -66.009  49.846 0.0000000000
21040  -29.467  -65.768  49.497 0.0000000000
21041  -30.247  -65.568  49.164 0.0000000000
21042  -30.929  -65.130  48.907 0.0000000000
21050  -27.837  -65.807  49.402 0.0000000000
21051  -28.618  -65.861  49.338 0.0000000000
21052  -29.591  -65.717  48.870 0.0000000000
21053  -30.369  -65.382  48.544 0.0000000000
21054  -31.049  -65.049  48.394 0.0000000000
21059  -30.683  -65.142  48.137 0.0000000000
21060  -31.097  -64.964  47.979 0.0000000000
21898  -26.204  -64.434  52.485 0.0000000000
21899  -26.910  -64.511  51.924 0.0000000000
21911  -27.676  -64.720  51.409 0.0000000000
21912  -28.539  -64.365  50.990 0.0000000000
21913  -29.394  -64.245  50.490 0.0000000000
21914  -29.934  -64.614  50.096 0.0000000000
21920  -30.012  -63.888  50.208 0.0000000000
21921  -30.511  -64.252  49.746 0.0000000000
21922  -31.357  -64.371  49.268 0.0000000000
21923  -32.160  -64.238  48.963 0.0000000000
21927  -25.647  -65.260  49.450 0.0000000000
21928  -26.587  -65.267  49.363 0.0000000000
21929  -27.334  -65.388  49.232 0.0000000000
21930  -31.579  -64.691  48.669 0.0000000000
21931  -32.271  -64.384  48.396 0.0000000000
21936  -24.988  -64.477  49.116 0.0000000000
21937  -26.056  -64.390  49.030 0.0000000000
21938  -27.031  -64.654  48.907 0.0000000000
21939  -27.962  -65.166  48.761 0.0000000000
21940  -28.908  -65.354  48.597 0.0000000000
21941  -29.674  -65.285  48.319 0.0000000000
21942  -30.233  -65.174  48.081 0.0000000000
21943  -31.605  -64.733  48.154 0.0000000000
21944  -32.118  -64.439  47.832 0.0000000000
21949  -28.451  -64.779  48.353 0.0000000000
21950  -29.048  -64.755  48.091 0.0000000000
21951  -29.782  -64.798  47.816 0.0000000000
21952  -30.577  -64.773  47.736 0.0000000000
21953  -31.395  -64.541  47.667 0.0000000000
21954  -31.884  -64.303  47.525 0.0000000000
22759  -27.163  -63.173  53.085 0.0000000000
22760  -27.836  -62.630  52.952 0.0000000000
22771  -27.432  -63.802  52.043 0.0000000000
22772  -28.159  -63.130  52.113 0.0000000000
22773  -29.064  -63.245  51.204 0.0000000000
22780  -29.802  -63.181  50.659 0.0000000000
22781  -30.516  -63.224  50.245 0.0000000000
22782  -31.258  -63.365  49.770 0.0000000000
22783  -32.126  -63.510  49.391 0.0000000000
22786  -33.040  -63.683  48.805 0.0000000000
22787  -33.745  -63.287  48.555 0.0000000000
22790  -24.332  -63.833  48.683 0.0000000000
22791  -25.434  -63.394  48.458 0.0000000000
22792  -26.577  -63.601  48.360 0.0000000000
22793  -27.511  -64.227  48.372 0.0000000000
22794  -28.044  -64.547  48.347 0.0000000000
22795  -32.950  -64.180  47.964 0.0000000000
22796  -33.652  -63.601  48.122 0.0000000000
22801  -23.832  -63.390  48.347 0.0000000000
22802  -24.533  -63.067  48.251 0.0000000000
22803  -26.738  -63.270  47.962 0.0000000000
22804  -27.183  -63.485  47.897 0.0000000000
22805  -28.201  -64.009  47.802 0.0000000000
22806  -29.160  -64.174  47.511 0.0000000000
22807  -29.972  -64.210  47.309 0.0000000000
22808  -30.798  -64.160  47.233 0.0000000000
22809  -31.578  -64.061  47.220 0.0000000000
22810  -32.367  -63.959  47.379 0.0000000000
22811  -33.303  -63.482  47.421 0.0000000000
22816  -28.637  -63.616  47.161 0.0000000000
22817  -29.304  -63.582  46.872 0.0000000000
22818  -30.178  -63.602  46.709 0.0000000000
22819  -31.051  -63.583  46.720 0.0000000000
22820  -31.894  -63.513  46.829 0.0000000000
22821  -32.711  -63.339  46.885 0.0000000000
22822  -33.261  -63.089  46.937 0.0000000000
23644  -28.198  -62.158  53.064 0.0000000000
23652  -28.560  -62.162  52.437 0.0000000000
23653  -28.948  -62.368  51.794 0.0000000000
23663  -29.642  -62.425  51.241 0.0000000000
23664  -30.362  -62.427  50.771 0.0000000000
23665  -31.124  -62.476  50.318 0.0000000000
23666  -31.933  -62.614  49.917 0.0000000000
23671  -32.800  -62.712  49.527 0.0000000000
23678  -25.800  -62.838  47.997 0.0000000000
23679  -26.082  -63.074  48.164 0.0000000000
23680  -34.257  -63.093  48.302 0.0000000000
23688  -23.959  -62.642  47.873 0.0000000000
23689  -25.238  -62.472  47.593 0.0000000000
23690  -26.466  -62.931  47.569 0.0000000000
23691  -27.558  -63.217  47.172 0.0000000000
23692  -28.172  -63.454  47.127 0.0000000000
23693  -34.120  -63.039  47.698 0.0000000000
23702  -25.506  -62.052  46.859 0.0000000000
23703  -26.048  -62.346  46.759 0.0000000000
23704  -27.072  -62.468  46.336 0.0000000000
23705  -28.349  -63.010  46.424 0.0000000000
23706  -29.478  -63.031  46.033 0.0000000000
23707  -30.472  -62.961  46.107 0.0000000000
23708  -31.392  -62.929  46.350 0.0000000000
23709  -32.209  -62.864  46.535 0.0000000000
23710  -33.007  -62.498  46.630 0.0000000000
23711  -33.847  -62.637  47.073 0.0000000000
23712  -34.758  -62.462  47.335 0.0000000000
23719  -27.315  -62.108  45.611 0.0000000000
23720  -27.891  -62.314  45.616 0.0000000000
23721  -28.766  -62.435  45.226 0.0000000000
23722  -29.832  -62.204  45.232 0.0000000000
23723  -30.960  -62.242  45.700 0.0000000000
23724  -31.876  -62.303  46.111 0.0000000000
23725  -32.416  -62.367  46.399 0.0000000000
23731  -28.923  -62.050  44.693 0.0000000000
23732  -29.216  -62.128  44.840 0.0000000000
24585  -28.782  -61.731  52.014 0.0000000000
24586  -29.415  -61.796  51.536 0.0000000000
24597  -30.069  -61.775  51.132 0.0000000000
24598  -30.819  -61.743  50.668 0.0000000000
24599  -31.732  -61.795  50.330 0.0000000000
24600  -32.424  -62.055  50.029 0.0000000000
24631  -24.490  -62.139  47.418 0.0000000000
24641  -25.834  -61.830  46.292 0.0000000000
24642  -26.395  -62.084  46.220 0.0000000000
24643  -33.163  -61.881  46.490 0.0000000000
24644  -33.776  -61.750  46.527 0.0000000000
24645  -34.672  -61.937  46.787 0.0000000000
24658  -26.679  -61.730  45.519 0.0000000000
24659  -27.614  -61.951  45.057 0.0000000000
24660  -28.153  -62.178  45.054 0.0000000000
24661  -29.896  -61.606  44.827 0.0000000000
24662  -30.531  -61.280  45.064 0.0000000000
24663  -31.669  -61.452  45.621 0.0000000000
24664  -32.655  -61.703  46.221 0.0000000000
24665  -33.274  -61.561  46.371 0.0000000000
24672  -27.282  -61.413  44.251 0.0000000000
24673  -28.378  -61.797  44.550 0.0000000000
24674  -29.342  -61.506  44.488 0.0000000000
24675  -29.930  -61.266  44.664 0.0000000000
24681  -27.609  -61.064  43.555 0.0000000000
24682  -28.178  -61.230  43.810 0.0000000000
24683  -28.747  -61.368  44.101 0.0000000000
25579  -29.174  -61.273  51.475 0.0000000000
25580  -29.688  -61.466  51.224 0.0000000000
25594  -30.144  -61.112  50.741 0.0000000000
25595  -31.317  -61.181  50.343 0.0000000000
25661  -34.055  -61.140  46.358 0.0000000000
25662  -34.566  -61.224  46.433 0.0000000000
25676  -30.709  -60.558  44.801 0.0000000000
25677  -31.509  -60.333  45.119 0.0000000000
25678  -32.529  -60.693  45.639 0.0000000000
25679  -33.532  -60.908  46.127 0.0000000000
25680  -34.329  -60.729  46.187 0.0000000000
25697  -29.464  -60.962  44.177 0.0000000000
25698  -30.011  -60.564  44.353 0.0000000000
25699  -30.886  -60.053  44.631 0.0000000000
25707  -27.898  -60.448  43.173 0.0000000000
25708  -29.053  -60.703  43.796 0.0000000000
25709  -29.611  -60.155  43.886 0.0000000000
26656  -31.983  -59.628  44.946 0.0000000000
26657  -32.501  -59.786  45.211 0.0000000000
26658  -33.364  -59.951  45.537 0.0000000000
26659  -34.380  -60.002  45.716 0.0000000000
26673  -30.709  -59.414  44.295 0.0000000000
26674  -31.556  -59.379  44.613 0.0000000000
26675  -32.452  -59.128  44.749 0.0000000000
26676  -33.278  -59.174  45.037 0.0000000000
26677  -33.991  -59.307  45.335 0.0000000000
26678  -34.730  -59.201  45.219 0.0000000000
26686  -28.620  -59.827  43.329 0.0000000000
26687  -29.339  -59.677  43.623 0.0000000000
26688  -29.996  -59.557  43.948 0.0000000000
27727  -30.822  -58.924  44.212 0.0000000000
27728  -31.206  -58.760  44.284 0.0000000000
27729  -32.164  -58.309  44.335 0.0000000000
27730  -33.161  -58.452  44.580 0.0000000000
27731  -34.185  -58.583  44.811 0.0000000000
27737  -28.881  -58.802  43.285 0.0000000000
27738  -29.771  -58.801  43.638 0.0000000000
27739  -30.617  -58.613  43.969 0.0000000000
27740  -31.437  -58.033  44.017 0.0000000000
27741  -31.967  -57.729  44.025 0.0000000000
28670  -33.010  -57.775  44.272 0.0000000000
28671  -33.789  -57.797  44.348 0.0000000000
28672  -34.788  -57.637  44.425 0.0000000000
28687  -29.555  -58.069  43.374 0.0000000000
28688  -30.240  -57.932  43.534 0.0000000000
28689  -30.985  -57.581  43.589 0.0000000000
28690  -31.758  -57.366  43.716 0.0000000000
28691  -32.514  -57.360  43.917 0.0000000000
28692  -33.403  -57.211  43.981 0.0000000000
28693  -34.087  -57.173  44.155 0.0000000000
28700  -29.000  -57.571  42.916 0.0000000000
28701  -29.969  -57.338  43.122 0.0000000000
28702  -30.560  -57.300  43.287 0.0000000000
29626  -34.632  -56.701  44.151 0.0000000000
29627  -35.443  -56.858  44.352 0.0000000000
29640  -30.890  -57.068  43.290 0.0000000000
29641  -31.370  -56.816  43.329 0.0000000000
29642  -32.197  -56.707  43.498 0.0000000000
29643  -33.044  -56.622  43.608 0.0000000000
29644  -33.875  -56.573  43.819 0.0000000000
29653  -29.711  -56.645  42.639 0.0000000000
29654  -30.687  -56.609  42.956 0.0000000000
29655  -31.286  -56.305  43.022 0.0000000000
30527  -35.185  -56.171  44.189 0.0000000000
30546  -31.787  -56.126  43.174 0.0000000000
30547  -32.588  -55.876  43.302 0.0000000000
30548  -33.534  -55.832  43.506 0.0000000000
30549  -34.560  -55.779  43.789 0.0000000000
30563  -30.326  -55.752  42.306 0.0000000000
30564  -31.335  -55.689  42.693 0.0000000000
30565  -32.044  -55.477  42.958 0.0000000000
31433  -32.432  -55.221  43.026 0.0000000000
31434  -33.029  -55.042  43.211 0.0000000000
31435  -34.090  -54.931  43.314 0.0000000000
31457  -30.956  -54.928  42.112 0.0000000000
31458  -32.215  -54.572  42.436 0.0000000000
31459  -33.550  -54.236  42.775 0.0000000000
31485  -31.899  -53.927  41.848 0.0000000000
32396  -33.182  -53.699  42.216 0.0000000000
32418  -32.478  -53.452  41.704 0.0000000000
