#!ascii label  , from subject FREESURFER vox2ras=TkReg 
192
104868  -10.622  23.872  58.213 0.0000000000
104869  -11.307  23.474  57.932 0.0000000000
104880  -11.479  23.720  57.310 0.0000000000
104881  -12.118  23.353  57.227 0.0000000000
104882  -13.339  23.264  57.293 0.0000000000
105383  -9.674  24.886  58.356 0.0000000000
105384  -10.203  24.146  58.535 0.0000000000
105387  -9.762  25.131  57.892 0.0000000000
105388  -10.409  24.483  57.626 0.0000000000
105389  -11.130  23.951  57.393 0.0000000000
105395  -10.656  24.763  56.911 0.0000000000
105396  -11.419  24.254  56.647 0.0000000000
105397  -12.807  23.752  56.536 0.0000000000
105398  -13.991  23.814  56.672 0.0000000000
105406  -11.749  24.690  55.851 0.0000000000
105407  -12.435  24.375  55.850 0.0000000000
105408  -13.559  24.286  55.937 0.0000000000
105891  -7.109  25.666  59.308 0.0000000000
105892  -7.476  25.641  59.607 0.0000000000
105893  -8.147  25.626  59.791 0.0000000000
105894  -8.696  25.207  59.348 0.0000000000
105895  -6.747  25.641  58.855 0.0000000000
105896  -8.464  25.988  59.363 0.0000000000
105897  -8.993  25.642  58.805 0.0000000000
105899  -9.401  25.729  58.046 0.0000000000
105900  -9.827  25.554  57.519 0.0000000000
105902  -10.254  25.447  56.954 0.0000000000
105903  -10.792  25.099  56.516 0.0000000000
105909  -10.593  25.811  56.388 0.0000000000
105910  -11.258  25.428  55.844 0.0000000000
105911  -12.127  25.094  55.402 0.0000000000
105912  -13.087  24.895  55.240 0.0000000000
105919  -11.828  25.827  55.194 0.0000000000
105920  -12.560  25.696  54.834 0.0000000000
106461  -7.052  26.413  59.225 0.0000000000
106462  -7.585  26.416  59.549 0.0000000000
106463  -8.073  26.604  59.505 0.0000000000
106464  -6.495  26.543  58.518 0.0000000000
106465  -8.516  26.696  58.972 0.0000000000
106466  -9.053  26.666  58.279 0.0000000000
106467  -6.098  26.606  57.686 0.0000000000
106468  -9.650  26.611  57.523 0.0000000000
106469  -9.945  26.056  57.196 0.0000000000
106471  -9.907  27.125  57.136 0.0000000000
106472  -10.170  26.598  56.783 0.0000000000
106475  -10.781  26.558  56.024 0.0000000000
106476  -11.415  26.538  55.430 0.0000000000
106482  -12.026  26.564  54.835 0.0000000000
106483  -12.885  26.559  54.282 0.0000000000
107081  -7.073  26.881  59.157 0.0000000000
107082  -7.254  26.961  59.262 0.0000000000
107083  -7.635  27.050  59.347 0.0000000000
107084  -6.880  27.257  58.884 0.0000000000
107085  -7.340  27.693  59.020 0.0000000000
107086  -8.033  27.596  59.077 0.0000000000
107087  -8.713  27.645  58.501 0.0000000000
107088  -6.263  27.603  58.139 0.0000000000
107089  -9.390  27.674  57.846 0.0000000000
107090  -9.838  28.067  57.393 0.0000000000
107091  -6.171  27.653  57.183 0.0000000000
107092  -9.777  27.459  57.365 0.0000000000
107093  -10.200  27.791  56.903 0.0000000000
107094  -10.822  28.084  56.417 0.0000000000
107095  -6.481  27.604  56.260 0.0000000000
107096  -6.890  27.415  55.503 0.0000000000
107097  -10.586  27.354  56.366 0.0000000000
107098  -11.216  27.623  55.811 0.0000000000
107099  -11.758  27.918  55.378 0.0000000000
107102  -11.688  27.263  55.192 0.0000000000
107103  -12.271  27.642  54.721 0.0000000000
107651  -6.724  28.655  58.531 0.0000000000
107652  -7.606  28.683  58.818 0.0000000000
107653  -8.387  28.654  58.606 0.0000000000
107654  -9.141  28.594  58.201 0.0000000000
107655  -6.211  28.708  57.551 0.0000000000
107656  -9.733  28.656  57.691 0.0000000000
107657  -10.274  28.681  57.280 0.0000000000
107658  -6.358  28.735  56.498 0.0000000000
107659  -10.789  28.703  56.823 0.0000000000
107660  -11.536  28.744  56.297 0.0000000000
107661  -12.149  29.191  56.197 0.0000000000
107662  -6.774  28.719  55.269 0.0000000000
107663  -7.081  27.967  55.048 0.0000000000
107664  -11.640  28.270  55.752 0.0000000000
107665  -12.173  28.698  55.535 0.0000000000
107666  -6.646  29.159  53.967 0.0000000000
107667  -7.152  28.284  54.465 0.0000000000
107668  -12.917  28.642  54.656 0.0000000000
107674  -6.443  29.061  53.039 0.0000000000
108245  -6.763  29.610  58.331 0.0000000000
108246  -7.211  29.674  58.604 0.0000000000
108247  -8.048  29.730  58.779 0.0000000000
108248  -9.041  29.644  58.471 0.0000000000
108249  -9.861  29.910  58.171 0.0000000000
108250  -6.430  29.678  57.855 0.0000000000
108251  -9.635  29.265  58.050 0.0000000000
108252  -10.373  29.513  57.713 0.0000000000
108253  -11.106  29.768  57.458 0.0000000000
108254  -11.730  30.028  57.324 0.0000000000
108255  -6.206  29.757  56.844 0.0000000000
108256  -10.782  29.231  57.247 0.0000000000
108257  -11.360  29.397  56.990 0.0000000000
108258  -12.207  29.806  56.741 0.0000000000
108259  -12.943  30.178  56.423 0.0000000000
108260  -6.367  29.779  55.641 0.0000000000
108261  -12.607  29.558  56.028 0.0000000000
108262  -13.395  30.011  55.806 0.0000000000
108264  -5.824  30.139  53.628 0.0000000000
108265  -5.995  29.937  54.187 0.0000000000
108266  -12.884  29.321  55.370 0.0000000000
108272  -5.754  30.086  53.302 0.0000000000
108273  -6.003  29.668  53.240 0.0000000000
108282  -5.512  29.806  52.466 0.0000000000
108283  -5.889  29.385  52.579 0.0000000000
108863  -6.773  30.327  58.245 0.0000000000
108864  -7.494  30.881  58.649 0.0000000000
108865  -8.607  30.680  58.725 0.0000000000
108866  -9.578  30.602  58.452 0.0000000000
108867  -10.615  30.510  58.128 0.0000000000
108868  -11.566  30.978  58.136 0.0000000000
108869  -12.035  31.295  58.119 0.0000000000
108870  -6.506  30.829  57.336 0.0000000000
108871  -6.838  31.042  58.137 0.0000000000
108872  -10.904  30.029  57.765 0.0000000000
108873  -11.426  30.349  57.748 0.0000000000
108874  -12.457  30.858  57.549 0.0000000000
108875  -13.284  31.432  57.315 0.0000000000
108876  -6.345  30.630  56.072 0.0000000000
108877  -12.819  30.476  56.835 0.0000000000
108878  -13.786  30.871  56.652 0.0000000000
108879  -14.697  31.206  56.300 0.0000000000
108880  -6.245  30.582  54.918 0.0000000000
108881  -14.040  30.436  55.857 0.0000000000
108885  -5.882  30.281  53.492 0.0000000000
108886  -6.087  30.629  53.978 0.0000000000
108894  -5.767  30.242  52.727 0.0000000000
108895  -6.272  30.635  53.143 0.0000000000
108896  -6.785  30.749  53.023 0.0000000000
108905  -6.042  30.520  52.076 0.0000000000
108906  -6.998  30.670  52.338 0.0000000000
108907  -7.686  30.750  52.096 0.0000000000
109528  -7.727  31.629  58.351 0.0000000000
109529  -8.284  31.519  58.521 0.0000000000
109530  -9.185  31.475  58.451 0.0000000000
109531  -10.061  31.327  58.410 0.0000000000
109532  -10.887  31.465  58.301 0.0000000000
109533  -11.621  31.687  58.272 0.0000000000
109534  -6.832  31.569  57.065 0.0000000000
109535  -7.221  31.698  57.788 0.0000000000
109536  -8.141  32.088  58.072 0.0000000000
109537  -8.715  31.926  58.246 0.0000000000
109538  -12.245  31.819  58.093 0.0000000000
109539  -12.931  31.971  57.678 0.0000000000
109540  -6.718  31.411  56.352 0.0000000000
109541  -7.374  31.923  56.688 0.0000000000
109542  -8.058  32.247  57.222 0.0000000000
109543  -13.878  32.087  57.264 0.0000000000
109544  -14.881  31.872  56.622 0.0000000000
109546  -6.578  31.256  55.312 0.0000000000
109547  -7.359  31.782  55.617 0.0000000000
109548  -8.476  32.209  56.050 0.0000000000
109549  -9.283  32.376  55.756 0.0000000000
109555  -6.429  31.071  54.344 0.0000000000
109556  -7.165  31.543  54.532 0.0000000000
109557  -8.217  31.900  54.782 0.0000000000
109558  -9.417  32.212  54.965 0.0000000000
109559  -10.085  32.379  54.553 0.0000000000
109565  -6.350  30.864  53.770 0.0000000000
109566  -6.937  31.024  53.532 0.0000000000
109567  -7.994  31.529  53.686 0.0000000000
109568  -9.066  31.915  53.877 0.0000000000
109569  -9.971  32.194  54.017 0.0000000000
109574  -7.109  30.822  52.910 0.0000000000
109575  -7.837  30.943  52.657 0.0000000000
109576  -8.990  31.402  52.866 0.0000000000
109577  -9.921  31.945  53.110 0.0000000000
110185  -9.721  31.787  58.342 0.0000000000
110186  -10.253  32.007  58.283 0.0000000000
110187  -11.055  32.233  58.234 0.0000000000
110188  -11.748  32.342  58.241 0.0000000000
110189  -8.713  32.180  58.027 0.0000000000
110190  -9.382  32.203  58.073 0.0000000000
110191  -10.401  32.672  57.773 0.0000000000
110192  -11.398  32.945  57.959 0.0000000000
110195  -8.737  32.339  57.634 0.0000000000
110196  -9.483  32.616  57.325 0.0000000000
110197  -10.274  32.962  56.894 0.0000000000
110201  -8.801  32.503  56.945 0.0000000000
110202  -9.493  32.578  56.384 0.0000000000
110203  -10.401  32.857  55.945 0.0000000000
110209  -9.793  32.506  55.620 0.0000000000
110210  -10.349  32.596  55.059 0.0000000000
