#!ascii label  , from subject FREESURFER vox2ras=TkReg 
469
28847  -53.334  -57.663  30.096 0.0000000000
28859  -51.670  -57.547  29.087 0.0000000000
28860  -52.679  -57.551  29.219 0.0000000000
28861  -53.263  -57.391  29.493 0.0000000000
29779  -53.514  -57.039  30.204 0.0000000000
29795  -53.636  -56.688  29.475 0.0000000000
29796  -54.162  -56.264  28.851 0.0000000000
29811  -50.219  -56.914  28.513 0.0000000000
29812  -51.188  -57.003  28.468 0.0000000000
29813  -52.297  -57.020  28.553 0.0000000000
29814  -53.454  -56.792  28.753 0.0000000000
29815  -54.237  -56.168  28.357 0.0000000000
29822  -48.920  -56.369  28.267 0.0000000000
29823  -49.630  -56.393  28.038 0.0000000000
29824  -50.636  -56.482  27.889 0.0000000000
29825  -51.727  -56.465  27.945 0.0000000000
29826  -52.845  -56.419  28.037 0.0000000000
29827  -53.802  -56.287  28.025 0.0000000000
29828  -54.311  -56.078  27.983 0.0000000000
30677  -52.304  -56.190  30.373 0.0000000000
30678  -53.125  -56.441  30.346 0.0000000000
30679  -53.405  -56.718  30.257 0.0000000000
30691  -51.719  -55.438  29.701 0.0000000000
30692  -52.969  -55.661  29.828 0.0000000000
30693  -53.656  -56.147  29.780 0.0000000000
30694  -54.400  -55.724  29.064 0.0000000000
30695  -54.836  -55.261  28.844 0.0000000000
30706  -47.013  -55.315  28.234 0.0000000000
30707  -47.824  -55.963  28.482 0.0000000000
30708  -48.478  -56.156  28.273 0.0000000000
30709  -51.979  -55.130  29.209 0.0000000000
30710  -52.477  -55.208  29.337 0.0000000000
30711  -54.656  -55.744  28.508 0.0000000000
30712  -54.991  -55.278  28.639 0.0000000000
30723  -47.127  -55.049  27.754 0.0000000000
30724  -47.632  -55.335  27.757 0.0000000000
30725  -48.727  -55.679  27.558 0.0000000000
30726  -50.047  -55.903  27.375 0.0000000000
30727  -51.157  -55.924  27.371 0.0000000000
30728  -52.262  -55.905  27.442 0.0000000000
30729  -53.319  -55.903  27.507 0.0000000000
30730  -54.179  -55.853  27.624 0.0000000000
30731  -54.735  -55.755  27.930 0.0000000000
30732  -55.244  -55.321  28.160 0.0000000000
30741  -49.010  -55.193  26.862 0.0000000000
30742  -49.639  -55.329  26.868 0.0000000000
30743  -50.653  -55.413  26.810 0.0000000000
30744  -51.725  -55.435  26.826 0.0000000000
30745  -52.816  -55.474  26.878 0.0000000000
30746  -53.861  -55.512  26.981 0.0000000000
30747  -54.756  -55.435  27.237 0.0000000000
30748  -55.283  -55.280  27.590 0.0000000000
30897  -45.864  -55.074  10.334 0.0000000000
30898  -46.634  -55.246  9.634 0.0000000000
30902  -46.670  -54.880  8.956 0.0000000000
30903  -47.257  -55.236  8.590 0.0000000000
30907  -47.650  -54.995  7.541 0.0000000000
30912  -47.780  -54.723  6.992 0.0000000000
31633  -51.558  -54.909  29.191 0.0000000000
31634  -53.606  -55.512  29.561 0.0000000000
31635  -54.109  -55.335  29.318 0.0000000000
31636  -54.737  -55.102  28.996 0.0000000000
31637  -55.104  -55.005  28.761 0.0000000000
31649  -51.183  -54.425  28.866 0.0000000000
31650  -52.171  -54.718  28.881 0.0000000000
31651  -53.378  -54.887  29.193 0.0000000000
31652  -54.427  -54.658  28.973 0.0000000000
31653  -55.082  -54.616  28.687 0.0000000000
31654  -55.507  -54.724  28.358 0.0000000000
31655  -55.981  -54.357  28.001 0.0000000000
31668  -46.602  -54.671  27.656 0.0000000000
31669  -47.311  -54.833  27.385 0.0000000000
31670  -47.931  -55.048  27.230 0.0000000000
31671  -55.746  -54.857  27.755 0.0000000000
31672  -56.187  -54.257  27.384 0.0000000000
31681  -46.997  -54.446  27.088 0.0000000000
31682  -47.604  -54.500  26.768 0.0000000000
31683  -48.477  -54.832  26.718 0.0000000000
31684  -49.315  -54.776  26.465 0.0000000000
31685  -50.236  -54.844  26.355 0.0000000000
31686  -51.247  -54.936  26.275 0.0000000000
31687  -52.317  -54.938  26.331 0.0000000000
31688  -53.407  -55.016  26.364 0.0000000000
31689  -54.492  -55.032  26.499 0.0000000000
31690  -55.610  -54.862  26.816 0.0000000000
31691  -56.283  -54.085  26.482 0.0000000000
31701  -48.088  -54.253  26.237 0.0000000000
31702  -48.814  -54.276  25.988 0.0000000000
31703  -49.818  -54.297  25.882 0.0000000000
31704  -50.822  -54.450  25.734 0.0000000000
31705  -51.864  -54.460  25.767 0.0000000000
31706  -52.934  -54.481  25.803 0.0000000000
31707  -54.014  -54.516  25.843 0.0000000000
31708  -55.058  -54.471  25.937 0.0000000000
31709  -55.916  -54.319  25.909 0.0000000000
31710  -56.276  -53.939  25.880 0.0000000000
31835  -44.645  -54.006  11.501 0.0000000000
31844  -44.822  -53.810  10.964 0.0000000000
31845  -45.205  -54.296  10.754 0.0000000000
31847  -45.832  -54.293  9.531 0.0000000000
31848  -46.405  -54.673  9.156 0.0000000000
31851  -45.974  -53.809  8.917 0.0000000000
31852  -46.460  -54.296  8.511 0.0000000000
31853  -47.044  -54.629  7.888 0.0000000000
31856  -46.784  -54.130  7.693 0.0000000000
31857  -47.267  -54.305  7.251 0.0000000000
31859  -47.755  -54.266  6.521 0.0000000000
31875  -48.003  -54.002  5.849 0.0000000000
32621  -50.628  -53.868  28.420 0.0000000000
32622  -51.714  -54.020  28.372 0.0000000000
32623  -52.848  -54.117  28.490 0.0000000000
32624  -53.953  -54.096  28.583 0.0000000000
32625  -54.871  -54.045  28.518 0.0000000000
32626  -55.525  -54.112  28.334 0.0000000000
32627  -55.842  -54.208  28.206 0.0000000000
32638  -46.616  -54.312  27.096 0.0000000000
32641  -51.192  -53.357  27.934 0.0000000000
32642  -52.298  -53.526  27.853 0.0000000000
32643  -53.434  -53.513  27.963 0.0000000000
32644  -54.491  -53.460  28.042 0.0000000000
32645  -55.362  -53.437  28.052 0.0000000000
32646  -56.061  -53.612  27.905 0.0000000000
32659  -46.896  -53.951  26.508 0.0000000000
32660  -47.635  -54.071  26.251 0.0000000000
32661  -56.357  -53.348  27.026 0.0000000000
32678  -46.688  -53.242  25.755 0.0000000000
32679  -47.992  -53.541  25.497 0.0000000000
32680  -49.357  -53.736  25.334 0.0000000000
32681  -50.449  -53.809  25.299 0.0000000000
32682  -51.488  -53.889  25.290 0.0000000000
32683  -52.523  -53.927  25.311 0.0000000000
32684  -53.565  -53.945  25.285 0.0000000000
32685  -54.595  -53.978  25.267 0.0000000000
32686  -55.500  -53.975  25.277 0.0000000000
32687  -56.156  -53.819  25.335 0.0000000000
32688  -56.392  -53.168  25.894 0.0000000000
32699  -48.446  -52.994  24.711 0.0000000000
32700  -49.083  -53.133  24.728 0.0000000000
32701  -50.126  -53.196  24.719 0.0000000000
32702  -51.196  -53.279  24.748 0.0000000000
32703  -52.227  -53.400  24.773 0.0000000000
32704  -53.180  -53.511  24.746 0.0000000000
32705  -54.189  -53.475  24.502 0.0000000000
32706  -55.126  -53.627  24.576 0.0000000000
32707  -55.875  -53.597  24.564 0.0000000000
32708  -56.356  -53.158  24.766 0.0000000000
32719  -54.397  -53.289  24.048 0.0000000000
32720  -54.826  -53.332  23.933 0.0000000000
32721  -55.560  -53.359  23.890 0.0000000000
32722  -56.211  -53.128  23.715 0.0000000000
32729  -55.299  -53.242  23.420 0.0000000000
32730  -55.812  -53.230  23.159 0.0000000000
32731  -56.188  -52.996  22.993 0.0000000000
32814  -42.979  -53.148  13.281 0.0000000000
32815  -43.335  -53.241  12.827 0.0000000000
32816  -43.787  -53.594  12.540 0.0000000000
32823  -43.626  -53.103  12.338 0.0000000000
32824  -44.084  -53.376  11.923 0.0000000000
32832  -44.545  -53.231  10.980 0.0000000000
32833  -44.888  -53.678  10.684 0.0000000000
32839  -44.709  -52.780  10.519 0.0000000000
32840  -45.034  -53.321  10.114 0.0000000000
32843  -45.584  -53.300  9.174 0.0000000000
32844  -46.073  -53.312  8.508 0.0000000000
32847  -46.556  -53.394  7.679 0.0000000000
32848  -46.878  -53.841  7.342 0.0000000000
32851  -46.748  -52.973  7.207 0.0000000000
32852  -47.075  -53.437  6.883 0.0000000000
32867  -47.597  -53.394  6.099 0.0000000000
32868  -48.014  -53.356  5.414 0.0000000000
32892  -48.553  -53.197  4.716 0.0000000000
33669  -55.786  -52.679  27.663 0.0000000000
33670  -56.185  -52.712  27.387 0.0000000000
33687  -56.413  -52.162  26.696 0.0000000000
33706  -46.383  -52.700  25.261 0.0000000000
33707  -47.174  -52.853  25.116 0.0000000000
33708  -56.567  -52.012  25.771 0.0000000000
33726  -45.984  -52.218  24.853 0.0000000000
33727  -46.875  -52.243  24.444 0.0000000000
33728  -47.917  -52.621  24.508 0.0000000000
33729  -48.861  -52.527  24.189 0.0000000000
33730  -49.843  -52.578  24.030 0.0000000000
33731  -50.963  -52.571  24.125 0.0000000000
33732  -52.051  -52.822  24.129 0.0000000000
33733  -53.042  -53.069  24.209 0.0000000000
33734  -53.635  -53.266  24.303 0.0000000000
33735  -56.589  -52.426  25.088 0.0000000000
33749  -47.115  -51.857  23.874 0.0000000000
33750  -47.660  -52.000  23.881 0.0000000000
33751  -48.461  -52.086  23.709 0.0000000000
33752  -49.423  -51.971  23.154 0.0000000000
33753  -50.697  -52.133  23.148 0.0000000000
33754  -51.882  -52.370  23.234 0.0000000000
33755  -53.031  -52.600  23.398 0.0000000000
33756  -54.160  -53.053  23.694 0.0000000000
33757  -54.894  -53.182  23.432 0.0000000000
33772  -49.556  -51.672  22.374 0.0000000000
33773  -50.386  -51.712  21.999 0.0000000000
33774  -51.674  -52.047  22.148 0.0000000000
33775  -52.883  -52.327  22.333 0.0000000000
33776  -54.062  -52.596  22.534 0.0000000000
33777  -55.193  -52.972  22.722 0.0000000000
33778  -56.054  -52.911  22.445 0.0000000000
33791  -50.608  -51.687  21.158 0.0000000000
33792  -51.429  -51.882  20.878 0.0000000000
33793  -52.700  -52.216  21.207 0.0000000000
33794  -53.876  -52.445  21.407 0.0000000000
33795  -54.978  -52.649  21.540 0.0000000000
33796  -55.837  -52.769  21.569 0.0000000000
33805  -51.809  -51.926  19.743 0.0000000000
33806  -52.611  -52.182  20.115 0.0000000000
33807  -53.686  -52.424  20.352 0.0000000000
33808  -54.791  -52.554  20.488 0.0000000000
33809  -55.711  -52.665  20.559 0.0000000000
33822  -51.939  -51.892  19.208 0.0000000000
33823  -52.562  -52.086  19.113 0.0000000000
33824  -53.511  -52.320  19.398 0.0000000000
33825  -54.592  -52.474  19.528 0.0000000000
33840  -52.823  -52.027  18.702 0.0000000000
33841  -53.275  -52.121  18.686 0.0000000000
33842  -54.375  -52.288  18.617 0.0000000000
33899  -42.832  -52.612  13.634 0.0000000000
33900  -43.136  -52.205  13.177 0.0000000000
33909  -43.057  -52.736  13.044 0.0000000000
33910  -43.391  -52.502  12.570 0.0000000000
33917  -43.754  -52.710  12.063 0.0000000000
33918  -44.055  -52.491  11.546 0.0000000000
33926  -44.520  -52.247  10.899 0.0000000000
33933  -44.885  -52.322  10.203 0.0000000000
33934  -45.271  -52.466  9.499 0.0000000000
33940  -45.753  -52.494  8.777 0.0000000000
33941  -46.271  -52.536  8.121 0.0000000000
33944  -46.615  -52.492  7.463 0.0000000000
33947  -46.900  -52.552  6.907 0.0000000000
33948  -47.262  -52.644  6.347 0.0000000000
33953  -47.663  -52.598  5.709 0.0000000000
33954  -48.116  -52.514  5.122 0.0000000000
33973  -48.571  -52.335  4.739 0.0000000000
34728  -45.701  -51.791  24.327 0.0000000000
34729  -46.287  -51.918  24.382 0.0000000000
34741  -45.494  -51.400  23.601 0.0000000000
34742  -46.519  -51.601  23.738 0.0000000000
34743  -47.383  -51.638  23.355 0.0000000000
34744  -48.155  -51.709  23.213 0.0000000000
34745  -48.723  -51.808  23.150 0.0000000000
34764  -45.230  -51.017  22.841 0.0000000000
34765  -46.177  -51.090  22.839 0.0000000000
34766  -46.991  -51.317  22.784 0.0000000000
34767  -47.809  -51.444  22.561 0.0000000000
34768  -48.813  -51.580  22.428 0.0000000000
34769  -49.556  -51.554  21.855 0.0000000000
34784  -46.694  -51.049  22.279 0.0000000000
34785  -47.295  -51.169  21.901 0.0000000000
34786  -48.161  -51.355  21.668 0.0000000000
34787  -49.021  -51.475  21.356 0.0000000000
34788  -49.954  -51.525  21.086 0.0000000000
34789  -50.620  -51.680  20.650 0.0000000000
34800  -47.604  -51.160  21.085 0.0000000000
34801  -48.355  -51.377  20.713 0.0000000000
34802  -49.243  -51.530  20.411 0.0000000000
34803  -50.113  -51.595  20.147 0.0000000000
34804  -50.951  -51.770  19.975 0.0000000000
34817  -46.946  -51.050  19.890 0.0000000000
34818  -47.521  -51.210  20.100 0.0000000000
34819  -48.530  -51.476  19.727 0.0000000000
34820  -49.470  -51.595  19.471 0.0000000000
34821  -50.396  -51.616  19.290 0.0000000000
34822  -51.356  -51.717  19.118 0.0000000000
34823  -52.025  -51.834  18.806 0.0000000000
34839  -47.020  -51.094  19.355 0.0000000000
34840  -47.824  -51.340  19.006 0.0000000000
34841  -48.779  -51.525  18.715 0.0000000000
34842  -49.766  -51.515  18.561 0.0000000000
34843  -50.726  -51.447  18.443 0.0000000000
34844  -51.642  -51.548  18.269 0.0000000000
34845  -52.672  -51.789  18.279 0.0000000000
34846  -53.791  -51.951  17.998 0.0000000000
34863  -47.124  -51.129  18.413 0.0000000000
34864  -48.009  -51.265  17.804 0.0000000000
34865  -49.132  -51.366  17.820 0.0000000000
34866  -50.111  -51.237  17.664 0.0000000000
34867  -51.082  -51.219  17.649 0.0000000000
34868  -52.001  -51.307  17.230 0.0000000000
34869  -53.269  -51.549  17.242 0.0000000000
34886  -48.067  -51.080  17.019 0.0000000000
34887  -48.701  -51.164  17.085 0.0000000000
34888  -49.437  -51.125  17.182 0.0000000000
34889  -52.018  -51.115  16.534 0.0000000000
34890  -52.679  -51.169  16.271 0.0000000000
34907  -42.952  -51.599  15.838 0.0000000000
34908  -52.755  -50.908  15.596 0.0000000000
34923  -42.665  -52.198  14.660 0.0000000000
34924  -42.934  -51.610  15.005 0.0000000000
34938  -42.749  -52.319  14.122 0.0000000000
34939  -43.060  -51.777  13.971 0.0000000000
34952  -43.587  -51.543  12.847 0.0000000000
34953  -44.031  -51.007  12.585 0.0000000000
34964  -43.744  -52.079  12.105 0.0000000000
34965  -44.308  -51.345  11.798 0.0000000000
34975  -45.032  -51.447  10.641 0.0000000000
34976  -45.579  -51.252  9.935 0.0000000000
34985  -45.247  -51.796  9.868 0.0000000000
34986  -45.657  -51.642  9.196 0.0000000000
34996  -46.152  -51.784  8.504 0.0000000000
34997  -46.537  -51.798  7.837 0.0000000000
35005  -46.899  -51.771  7.144 0.0000000000
35006  -47.307  -51.520  6.634 0.0000000000
35010  -47.114  -52.045  6.589 0.0000000000
35011  -47.463  -51.858  6.059 0.0000000000
35016  -47.871  -51.845  5.449 0.0000000000
35017  -48.358  -51.794  5.012 0.0000000000
35804  -44.102  -50.687  21.908 0.0000000000
35805  -45.013  -50.674  22.078 0.0000000000
35806  -45.866  -50.740  22.204 0.0000000000
35807  -46.349  -50.889  22.246 0.0000000000
35814  -43.923  -50.480  21.046 0.0000000000
35815  -44.851  -50.467  21.223 0.0000000000
35816  -45.737  -50.590  21.403 0.0000000000
35817  -46.586  -50.847  21.621 0.0000000000
35818  -47.148  -51.015  21.353 0.0000000000
35829  -43.772  -50.431  20.100 0.0000000000
35830  -44.715  -50.407  20.298 0.0000000000
35831  -45.614  -50.548  20.514 0.0000000000
35832  -46.389  -50.747  20.745 0.0000000000
35833  -47.051  -50.917  20.848 0.0000000000
35843  -43.665  -50.455  19.095 0.0000000000
35844  -44.598  -50.429  19.320 0.0000000000
35845  -45.524  -50.576  19.576 0.0000000000
35846  -46.392  -50.824  19.884 0.0000000000
35847  -46.862  -50.965  20.279 0.0000000000
35859  -43.553  -50.677  18.125 0.0000000000
35860  -44.470  -50.546  18.320 0.0000000000
35861  -45.437  -50.640  18.567 0.0000000000
35862  -46.328  -50.828  18.919 0.0000000000
35874  -43.349  -51.111  17.165 0.0000000000
35875  -44.295  -50.754  17.333 0.0000000000
35876  -45.272  -50.724  17.523 0.0000000000
35877  -46.387  -50.877  17.785 0.0000000000
35878  -47.196  -51.112  17.688 0.0000000000
35879  -49.962  -50.951  16.935 0.0000000000
35880  -50.691  -50.984  17.032 0.0000000000
35881  -51.292  -51.097  17.097 0.0000000000
35894  -43.457  -51.289  16.165 0.0000000000
35895  -44.114  -50.947  16.374 0.0000000000
35896  -44.979  -50.703  16.504 0.0000000000
35897  -46.008  -50.792  16.639 0.0000000000
35898  -47.267  -50.982  16.804 0.0000000000
35899  -48.272  -50.893  16.398 0.0000000000
35900  -49.289  -50.871  16.407 0.0000000000
35901  -50.300  -50.791  16.291 0.0000000000
35902  -51.394  -50.904  16.432 0.0000000000
35903  -52.014  -51.013  16.183 0.0000000000
35913  -43.348  -51.341  15.448 0.0000000000
35914  -43.874  -51.038  15.498 0.0000000000
35915  -44.616  -50.748  15.561 0.0000000000
35916  -45.525  -50.658  15.610 0.0000000000
35917  -46.557  -50.694  15.643 0.0000000000
35918  -47.618  -50.722  15.571 0.0000000000
35919  -48.651  -50.677  15.474 0.0000000000
35920  -49.689  -50.666  15.427 0.0000000000
35921  -50.770  -50.617  15.434 0.0000000000
35922  -51.985  -50.746  15.476 0.0000000000
35923  -52.903  -50.691  15.008 0.0000000000
35935  -43.485  -51.211  14.737 0.0000000000
35936  -44.169  -50.803  14.689 0.0000000000
35937  -44.984  -50.540  14.680 0.0000000000
35938  -45.926  -50.499  14.651 0.0000000000
35939  -46.936  -50.502  14.603 0.0000000000
35940  -47.973  -50.493  14.538 0.0000000000
35941  -49.021  -50.505  14.484 0.0000000000
35942  -50.075  -50.574  14.444 0.0000000000
35943  -51.155  -50.490  14.417 0.0000000000
35944  -52.203  -50.555  14.279 0.0000000000
35959  -43.706  -51.040  13.842 0.0000000000
35960  -44.422  -50.625  13.804 0.0000000000
35961  -45.265  -50.367  13.727 0.0000000000
35962  -46.235  -50.290  13.662 0.0000000000
35963  -47.256  -50.320  13.576 0.0000000000
35964  -48.314  -50.308  13.515 0.0000000000
35965  -49.372  -50.455  13.465 0.0000000000
35966  -50.429  -50.483  13.423 0.0000000000
35967  -51.477  -50.465  13.350 0.0000000000
35968  -52.519  -50.530  13.231 0.0000000000
35984  -43.971  -50.856  13.135 0.0000000000
35985  -44.594  -50.620  12.802 0.0000000000
35986  -45.542  -50.351  12.764 0.0000000000
35987  -46.508  -50.314  12.630 0.0000000000
35988  -47.555  -50.316  12.515 0.0000000000
35989  -48.647  -50.386  12.460 0.0000000000
35990  -49.722  -50.519  12.431 0.0000000000
35991  -50.778  -50.468  12.384 0.0000000000
35992  -51.809  -50.537  12.306 0.0000000000
36004  -45.008  -50.603  12.064 0.0000000000
36005  -45.762  -50.418  11.801 0.0000000000
36006  -46.761  -50.389  11.523 0.0000000000
36007  -47.900  -50.375  11.404 0.0000000000
36008  -49.031  -50.493  11.406 0.0000000000
36009  -50.114  -50.581  11.402 0.0000000000
36010  -51.153  -50.544  11.359 0.0000000000
36020  -45.157  -50.845  11.363 0.0000000000
36021  -45.856  -50.649  10.644 0.0000000000
36022  -47.134  -50.477  10.219 0.0000000000
36023  -48.395  -50.393  10.331 0.0000000000
36024  -49.506  -50.533  10.385 0.0000000000
36025  -50.558  -50.613  10.400 0.0000000000
36036  -46.251  -50.910  9.432 0.0000000000
36037  -47.097  -50.599  9.075 0.0000000000
36038  -47.954  -50.412  9.248 0.0000000000
36039  -49.007  -50.416  9.358 0.0000000000
36053  -46.186  -51.334  8.873 0.0000000000
36054  -46.748  -51.107  8.341 0.0000000000
36055  -47.667  -50.523  8.238 0.0000000000
36056  -48.672  -50.319  8.340 0.0000000000
36071  -46.894  -51.372  7.632 0.0000000000
36072  -47.440  -50.956  7.208 0.0000000000
36073  -48.417  -50.334  7.337 0.0000000000
36080  -47.723  -51.167  6.213 0.0000000000
36081  -48.335  -50.571  6.350 0.0000000000
36087  -47.805  -51.447  5.766 0.0000000000
36088  -48.342  -51.121  5.466 0.0000000000
36097  -48.676  -51.423  4.996 0.0000000000
42940  -54.131  -42.055  30.165 0.0000000000
42941  -54.924  -42.277  30.306 0.0000000000
42942  -55.367  -42.301  30.262 0.0000000000
42948  -50.578  -42.408  28.707 0.0000000000
42949  -51.630  -42.213  28.800 0.0000000000
42950  -52.620  -42.197  29.086 0.0000000000
42951  -53.650  -42.245  29.519 0.0000000000
42952  -54.629  -42.384  29.780 0.0000000000
42953  -55.197  -42.446  29.984 0.0000000000
42959  -52.539  -42.417  28.445 0.0000000000
42960  -53.595  -42.455  28.666 0.0000000000
42961  -54.570  -42.449  29.138 0.0000000000
42962  -55.157  -42.372  29.583 0.0000000000
43934  -54.082  -41.237  31.131 0.0000000000
43946  -48.881  -41.130  30.015 0.0000000000
43947  -52.925  -41.172  30.148 0.0000000000
43948  -53.618  -41.333  30.537 0.0000000000
43949  -54.558  -41.792  30.744 0.0000000000
43957  -49.466  -41.686  29.461 0.0000000000
43958  -50.671  -41.714  29.224 0.0000000000
43959  -51.638  -41.609  29.330 0.0000000000
43960  -52.601  -41.533  29.665 0.0000000000
43961  -53.408  -41.690  29.980 0.0000000000
43962  -55.710  -42.269  29.974 0.0000000000
45034  -48.335  -40.440  30.987 0.0000000000
45035  -48.863  -40.163  30.982 0.0000000000
45036  -53.000  -40.286  31.350 0.0000000000
45048  -48.347  -40.914  30.484 0.0000000000
45049  -49.434  -40.623  30.256 0.0000000000
45050  -50.625  -40.473  30.225 0.0000000000
45051  -51.532  -40.409  30.425 0.0000000000
45052  -52.611  -40.510  30.688 0.0000000000
45053  -53.465  -40.762  31.053 0.0000000000
45062  -50.034  -41.213  29.574 0.0000000000
45063  -50.656  -41.011  29.635 0.0000000000
45064  -51.568  -40.910  29.804 0.0000000000
45065  -52.272  -40.842  30.071 0.0000000000
46090  -48.410  -39.432  32.446 0.0000000000
46091  -49.629  -39.270  32.319 0.0000000000
46092  -50.673  -39.207  32.497 0.0000000000
46106  -48.329  -39.965  31.523 0.0000000000
46107  -49.447  -39.796  31.263 0.0000000000
46108  -50.558  -39.593  31.621 0.0000000000
46109  -51.560  -39.624  31.891 0.0000000000
46121  -50.009  -40.148  30.591 0.0000000000
46122  -50.606  -40.015  30.844 0.0000000000
46123  -51.524  -39.948  31.096 0.0000000000
46124  -52.282  -39.977  31.376 0.0000000000
