#!ascii label  , from subject FREESURFER vox2ras=TkReg 
285
87063  -44.018  0.801  -10.382 0.0000000000
87077  -43.242  0.578  -11.644 0.0000000000
87087  -42.557  -0.121  -13.069 0.0000000000
87088  -42.815  0.500  -12.732 0.0000000000
87092  -42.578  0.216  -13.670 0.0000000000
87093  -42.724  0.755  -13.389 0.0000000000
87098  -42.433  0.185  -14.609 0.0000000000
87104  -42.426  0.117  -15.452 0.0000000000
87111  -42.575  -0.053  -16.210 0.0000000000
87112  -42.778  0.447  -16.646 0.0000000000
87953  -44.756  1.233  -9.376 0.0000000000
87954  -45.418  1.916  -9.074 0.0000000000
87971  -43.936  0.961  -10.665 0.0000000000
87972  -44.366  1.478  -10.476 0.0000000000
87973  -45.014  1.885  -9.855 0.0000000000
87981  -43.750  1.177  -11.182 0.0000000000
87982  -44.101  1.919  -11.532 0.0000000000
87993  -43.536  1.561  -12.281 0.0000000000
87994  -43.980  2.087  -12.075 0.0000000000
88002  -42.680  0.836  -13.683 0.0000000000
88003  -43.014  1.379  -13.510 0.0000000000
88005  -42.636  0.878  -14.187 0.0000000000
88006  -42.925  1.579  -14.583 0.0000000000
88009  -42.583  0.879  -15.074 0.0000000000
88010  -42.893  1.562  -15.585 0.0000000000
88014  -42.640  0.740  -15.966 0.0000000000
88015  -43.033  1.306  -16.671 0.0000000000
88855  -45.952  2.749  -9.170 0.0000000000
88874  -45.001  2.263  -10.430 0.0000000000
88875  -45.494  2.590  -9.883 0.0000000000
88895  -44.789  2.535  -11.222 0.0000000000
88896  -45.338  2.880  -10.684 0.0000000000
88907  -43.954  2.276  -12.461 0.0000000000
88908  -44.387  2.530  -12.046 0.0000000000
88918  -43.738  2.357  -13.206 0.0000000000
88919  -44.204  2.781  -12.726 0.0000000000
88927  -43.420  2.228  -14.106 0.0000000000
88929  -43.328  2.291  -15.048 0.0000000000
88932  -43.333  2.284  -16.077 0.0000000000
88936  -43.539  2.233  -17.109 0.0000000000
89773  -45.960  3.077  -9.681 0.0000000000
89774  -46.703  3.460  -9.451 0.0000000000
89775  -47.629  4.218  -9.906 0.0000000000
89789  -45.946  3.316  -10.319 0.0000000000
89790  -46.843  4.074  -10.694 0.0000000000
89791  -47.600  4.405  -10.467 0.0000000000
89809  -44.867  2.978  -11.821 0.0000000000
89810  -45.631  3.615  -11.607 0.0000000000
89811  -46.538  4.213  -11.448 0.0000000000
89821  -44.737  3.214  -12.428 0.0000000000
89822  -45.112  3.886  -12.864 0.0000000000
89828  -43.778  2.766  -13.821 0.0000000000
89829  -44.364  3.411  -13.555 0.0000000000
89830  -44.912  3.920  -13.435 0.0000000000
89838  -43.761  2.938  -14.459 0.0000000000
89839  -44.259  3.637  -14.806 0.0000000000
89841  -43.760  3.018  -15.463 0.0000000000
89842  -44.257  3.724  -15.864 0.0000000000
89844  -43.808  3.056  -16.508 0.0000000000
89845  -44.250  3.800  -16.863 0.0000000000
90665  -47.710  4.595  -10.866 0.0000000000
90666  -48.367  4.719  -10.404 0.0000000000
90667  -49.289  5.013  -10.056 0.0000000000
90684  -46.520  4.413  -11.983 0.0000000000
90685  -47.340  4.659  -11.544 0.0000000000
90686  -48.535  5.168  -11.193 0.0000000000
90687  -49.245  5.306  -10.636 0.0000000000
90703  -46.031  4.417  -12.728 0.0000000000
90704  -47.246  5.109  -12.610 0.0000000000
90705  -48.104  5.251  -11.942 0.0000000000
90711  -44.866  3.970  -13.720 0.0000000000
90712  -45.420  4.316  -13.630 0.0000000000
90713  -46.465  5.056  -13.703 0.0000000000
90722  -44.886  4.118  -14.270 0.0000000000
90723  -45.718  4.889  -14.658 0.0000000000
90724  -46.388  5.321  -14.379 0.0000000000
90728  -44.837  4.324  -15.268 0.0000000000
90729  -45.330  5.018  -15.760 0.0000000000
90731  -44.698  4.431  -16.267 0.0000000000
90732  -45.075  5.103  -16.695 0.0000000000
90735  -44.651  4.456  -17.191 0.0000000000
90736  -45.057  5.005  -17.603 0.0000000000
91592  -45.673  5.995  -9.988 0.0000000000
91593  -46.052  5.950  -10.018 0.0000000000
91603  -45.584  6.016  -10.240 0.0000000000
91604  -45.833  5.997  -10.230 0.0000000000
91605  -49.946  5.663  -10.294 0.0000000000
91621  -49.019  5.580  -11.859 0.0000000000
91622  -50.013  5.894  -11.240 0.0000000000
91623  -50.601  6.569  -11.481 0.0000000000
91642  -47.854  5.637  -12.979 0.0000000000
91643  -48.489  5.716  -12.544 0.0000000000
91644  -49.735  6.066  -12.313 0.0000000000
91645  -50.561  6.382  -11.929 0.0000000000
91654  -47.448  5.630  -13.480 0.0000000000
91655  -48.326  6.074  -13.290 0.0000000000
91656  -49.135  6.198  -12.888 0.0000000000
91668  -46.370  5.505  -14.786 0.0000000000
91669  -47.053  5.820  -14.351 0.0000000000
91670  -47.827  6.145  -13.878 0.0000000000
91678  -46.028  5.536  -15.407 0.0000000000
91679  -46.662  6.012  -15.105 0.0000000000
91682  -45.702  5.763  -16.303 0.0000000000
91683  -46.317  6.150  -15.771 0.0000000000
91686  -45.414  5.655  -17.126 0.0000000000
91689  -45.474  5.596  -17.932 0.0000000000
92434  -46.349  6.923  -7.926 0.0000000000
92435  -47.384  6.827  -7.826 0.0000000000
92436  -48.579  6.803  -7.901 0.0000000000
92458  -44.959  6.919  -8.938 0.0000000000
92459  -45.665  6.649  -8.634 0.0000000000
92460  -46.799  6.433  -8.626 0.0000000000
92461  -48.017  6.391  -8.612 0.0000000000
92462  -49.223  6.563  -8.688 0.0000000000
92478  -43.939  7.471  -9.645 0.0000000000
92479  -44.391  7.074  -9.495 0.0000000000
92480  -45.206  6.413  -9.608 0.0000000000
92481  -46.164  6.112  -9.500 0.0000000000
92482  -47.378  6.315  -9.479 0.0000000000
92483  -48.770  6.444  -9.475 0.0000000000
92484  -49.898  6.420  -9.411 0.0000000000
92498  -43.762  7.228  -10.128 0.0000000000
92499  -44.377  6.567  -10.348 0.0000000000
92500  -45.387  6.140  -10.457 0.0000000000
92501  -46.462  6.217  -10.376 0.0000000000
92502  -48.081  6.618  -10.326 0.0000000000
92503  -49.741  6.552  -10.322 0.0000000000
92504  -50.359  6.105  -9.893 0.0000000000
92518  -42.719  7.187  -11.641 0.0000000000
92519  -43.281  6.900  -11.146 0.0000000000
92520  -44.429  6.292  -11.357 0.0000000000
92521  -45.644  6.351  -11.459 0.0000000000
92522  -47.115  6.903  -11.451 0.0000000000
92523  -48.802  7.209  -10.962 0.0000000000
92524  -50.167  7.044  -11.138 0.0000000000
92525  -50.747  7.113  -11.858 0.0000000000
92542  -42.687  6.913  -12.108 0.0000000000
92543  -43.455  6.444  -12.270 0.0000000000
92544  -44.601  6.375  -12.460 0.0000000000
92545  -45.897  6.831  -12.565 0.0000000000
92546  -46.725  7.153  -12.196 0.0000000000
92547  -49.661  6.439  -12.837 0.0000000000
92548  -50.224  6.843  -12.698 0.0000000000
92557  -41.713  7.173  -13.560 0.0000000000
92558  -42.410  6.808  -13.190 0.0000000000
92559  -43.529  6.419  -13.400 0.0000000000
92560  -44.749  6.756  -13.642 0.0000000000
92561  -45.582  7.013  -13.301 0.0000000000
92562  -48.339  6.449  -13.778 0.0000000000
92563  -49.194  6.780  -13.481 0.0000000000
92564  -49.860  7.166  -13.193 0.0000000000
92572  -41.073  7.302  -14.715 0.0000000000
92573  -41.571  6.943  -14.284 0.0000000000
92574  -42.552  6.423  -14.327 0.0000000000
92575  -43.547  6.581  -14.503 0.0000000000
92576  -44.305  6.979  -14.710 0.0000000000
92577  -47.177  6.347  -14.842 0.0000000000
92578  -48.008  6.766  -14.474 0.0000000000
92579  -48.785  7.151  -14.089 0.0000000000
92589  -41.040  7.015  -15.185 0.0000000000
92590  -41.766  6.465  -15.234 0.0000000000
92591  -42.694  6.364  -15.385 0.0000000000
92592  -43.704  6.870  -15.614 0.0000000000
92593  -44.320  7.190  -15.250 0.0000000000
92594  -47.045  6.760  -15.469 0.0000000000
92595  -47.662  7.175  -15.149 0.0000000000
92599  -41.153  6.815  -16.072 0.0000000000
92600  -41.930  6.378  -16.219 0.0000000000
92601  -42.778  6.628  -16.383 0.0000000000
92602  -43.424  7.085  -16.600 0.0000000000
92603  -45.740  6.084  -16.847 0.0000000000
92604  -46.264  6.598  -16.623 0.0000000000
92607  -41.328  6.733  -17.015 0.0000000000
92608  -42.126  6.615  -17.107 0.0000000000
92609  -42.900  7.066  -17.298 0.0000000000
92611  -45.757  6.188  -17.391 0.0000000000
92612  -46.152  6.784  -17.685 0.0000000000
92616  -41.640  6.823  -17.714 0.0000000000
92617  -42.285  6.939  -17.826 0.0000000000
92619  -45.814  6.204  -18.094 0.0000000000
93368  -44.904  8.165  -8.127 0.0000000000
93369  -45.498  7.646  -7.927 0.0000000000
93386  -44.641  7.682  -8.664 0.0000000000
93387  -45.182  7.201  -8.534 0.0000000000
93401  -43.591  8.020  -9.734 0.0000000000
93402  -44.089  7.690  -9.290 0.0000000000
93417  -42.747  8.183  -10.991 0.0000000000
93418  -43.181  7.752  -10.531 0.0000000000
93429  -42.664  7.620  -11.380 0.0000000000
93430  -42.930  7.563  -10.986 0.0000000000
93431  -47.235  7.411  -12.080 0.0000000000
93432  -48.077  7.731  -11.713 0.0000000000
93433  -49.219  7.703  -11.515 0.0000000000
93434  -50.011  7.686  -11.803 0.0000000000
93445  -41.916  7.762  -12.378 0.0000000000
93446  -42.294  7.575  -11.949 0.0000000000
93447  -46.053  7.268  -13.160 0.0000000000
93448  -46.767  7.565  -12.723 0.0000000000
93449  -47.500  7.868  -12.301 0.0000000000
93450  -50.153  7.652  -12.403 0.0000000000
93458  -41.681  7.615  -13.022 0.0000000000
93459  -42.199  7.287  -12.535 0.0000000000
93460  -44.986  7.225  -14.362 0.0000000000
93461  -45.691  7.454  -13.793 0.0000000000
93462  -46.354  7.717  -13.336 0.0000000000
93463  -49.638  7.432  -13.450 0.0000000000
93464  -49.970  7.732  -13.104 0.0000000000
93471  -41.046  7.696  -14.367 0.0000000000
93472  -41.319  7.658  -13.788 0.0000000000
93473  -44.761  7.441  -14.968 0.0000000000
93474  -45.410  7.795  -14.615 0.0000000000
93475  -48.611  7.470  -14.423 0.0000000000
93476  -49.200  7.686  -13.923 0.0000000000
93477  -49.617  7.922  -13.546 0.0000000000
93488  -43.986  7.360  -16.286 0.0000000000
93489  -44.579  7.588  -15.710 0.0000000000
93490  -45.142  7.885  -15.214 0.0000000000
93491  -47.445  7.460  -15.556 0.0000000000
93492  -48.080  7.810  -15.050 0.0000000000
93493  -48.777  8.078  -14.477 0.0000000000
93503  -46.930  7.574  -16.307 0.0000000000
93504  -47.489  8.051  -15.817 0.0000000000
93508  -40.561  7.240  -16.834 0.0000000000
93512  -46.538  7.489  -17.210 0.0000000000
93516  -38.971  7.962  -18.889 0.0000000000
93517  -39.541  7.748  -18.449 0.0000000000
93518  -40.749  7.174  -18.056 0.0000000000
93519  -41.821  7.023  -18.475 0.0000000000
93528  -39.409  7.805  -19.359 0.0000000000
93529  -40.262  7.478  -19.229 0.0000000000
93530  -41.293  7.307  -19.238 0.0000000000
93546  -38.677  8.243  -19.955 0.0000000000
93547  -39.127  7.989  -20.030 0.0000000000
93548  -39.930  7.835  -20.038 0.0000000000
93549  -40.880  7.735  -20.070 0.0000000000
94292  -43.894  9.083  -8.780 0.0000000000
94293  -44.465  8.723  -8.313 0.0000000000
94304  -43.503  8.981  -9.406 0.0000000000
94305  -43.987  8.340  -8.996 0.0000000000
94318  -42.563  8.795  -11.025 0.0000000000
94319  -42.944  8.888  -10.335 0.0000000000
94333  -41.837  8.671  -12.059 0.0000000000
94334  -42.155  8.559  -11.682 0.0000000000
94335  -48.661  8.083  -11.839 0.0000000000
94336  -49.198  8.236  -11.955 0.0000000000
94337  -49.718  8.179  -12.273 0.0000000000
94351  -41.672  8.481  -12.424 0.0000000000
94352  -41.960  8.067  -12.072 0.0000000000
94353  -47.339  8.102  -12.669 0.0000000000
94354  -48.096  8.499  -12.342 0.0000000000
94355  -49.100  8.715  -12.470 0.0000000000
94356  -49.696  8.502  -12.824 0.0000000000
94365  -46.287  7.953  -13.645 0.0000000000
94366  -46.982  8.438  -13.288 0.0000000000
94367  -47.834  9.091  -13.053 0.0000000000
94368  -49.255  8.826  -13.701 0.0000000000
94369  -49.498  8.574  -13.467 0.0000000000
94379  -46.122  8.240  -14.118 0.0000000000
94380  -46.700  9.089  -14.242 0.0000000000
94381  -49.113  8.618  -14.035 0.0000000000
94382  -49.411  8.208  -13.743 0.0000000000
94396  -45.129  8.099  -15.549 0.0000000000
94397  -45.727  8.654  -15.150 0.0000000000
94399  -47.792  8.803  -15.550 0.0000000000
94400  -48.499  8.843  -14.785 0.0000000000
94454  -38.717  8.418  -20.515 0.0000000000
94455  -39.566  8.247  -20.662 0.0000000000
94456  -40.476  8.275  -20.710 0.0000000000
94465  -39.185  8.638  -21.241 0.0000000000
94466  -40.046  8.656  -21.294 0.0000000000
95157  -42.454  9.606  -11.157 0.0000000000
95158  -42.766  9.984  -10.453 0.0000000000
95168  -41.742  9.018  -12.130 0.0000000000
95169  -41.920  9.744  -11.971 0.0000000000
95182  -48.477  9.062  -12.847 0.0000000000
95183  -49.062  9.161  -13.018 0.0000000000
95184  -49.398  8.938  -13.203 0.0000000000
95193  -47.434  9.292  -13.686 0.0000000000
95194  -48.179  9.537  -13.496 0.0000000000
95195  -48.971  9.130  -13.654 0.0000000000
95196  -49.339  8.938  -13.436 0.0000000000
95205  -47.974  9.890  -14.420 0.0000000000
95206  -48.591  9.316  -14.438 0.0000000000
95220  -47.992  9.666  -15.103 0.0000000000
95221  -48.442  9.337  -14.752 0.0000000000
