#!ascii label  , from subject FREESURFER vox2ras=TkReg 
214
54619  -29.246  -31.494  12.841 0.0000000000
54627  -29.312  -31.572  11.979 0.0000000000
54636  -29.508  -31.535  10.965 0.0000000000
54637  -29.885  -31.211  10.296 0.0000000000
55652  -29.378  -30.635  13.138 0.0000000000
55653  -29.818  -30.106  12.639 0.0000000000
55664  -29.588  -30.792  12.405 0.0000000000
55665  -30.090  -30.201  11.960 0.0000000000
55676  -29.668  -30.865  11.643 0.0000000000
55677  -30.102  -30.467  10.908 0.0000000000
55678  -30.714  -30.255  10.425 0.0000000000
55691  -30.382  -30.794  10.035 0.0000000000
55692  -30.974  -30.358  9.766 0.0000000000
56687  -29.138  -30.282  13.355 0.0000000000
56700  -29.445  -29.666  13.063 0.0000000000
56701  -30.558  -29.365  12.444 0.0000000000
56702  -31.278  -28.885  12.466 0.0000000000
56714  -30.762  -29.795  11.501 0.0000000000
56715  -31.649  -29.152  11.975 0.0000000000
56716  -32.326  -28.861  11.842 0.0000000000
56727  -30.742  -30.039  10.866 0.0000000000
56728  -31.397  -29.738  10.675 0.0000000000
56729  -32.298  -29.150  11.207 0.0000000000
56742  -31.637  -29.906  9.469 0.0000000000
56743  -32.228  -29.281  10.096 0.0000000000
57687  -28.957  -28.728  12.647 0.0000000000
57688  -30.029  -28.716  12.730 0.0000000000
57689  -31.038  -28.464  12.650 0.0000000000
57690  -31.752  -28.158  12.707 0.0000000000
57700  -28.986  -28.164  12.124 0.0000000000
57701  -31.674  -28.645  12.557 0.0000000000
57702  -32.349  -28.395  12.329 0.0000000000
57703  -32.950  -28.022  11.843 0.0000000000
57711  -32.746  -28.594  11.574 0.0000000000
57712  -33.278  -28.091  11.104 0.0000000000
57720  -32.870  -28.751  10.676 0.0000000000
57721  -33.345  -28.192  10.036 0.0000000000
57730  -32.786  -28.782  9.689 0.0000000000
57731  -33.332  -28.541  8.799 0.0000000000
57732  -33.943  -28.300  8.173 0.0000000000
57742  -34.213  -28.420  7.427 0.0000000000
58633  -29.589  -28.219  12.495 0.0000000000
58634  -30.330  -27.929  12.576 0.0000000000
58635  -31.297  -27.592  12.588 0.0000000000
58636  -32.142  -27.642  12.636 0.0000000000
58645  -28.474  -27.790  11.487 0.0000000000
58646  -29.520  -27.708  11.862 0.0000000000
58647  -30.463  -27.248  11.956 0.0000000000
58648  -31.237  -26.946  12.105 0.0000000000
58649  -32.719  -27.557  12.233 0.0000000000
58650  -33.398  -27.308  11.570 0.0000000000
58651  -33.951  -26.809  11.089 0.0000000000
58660  -28.832  -27.285  10.973 0.0000000000
58661  -29.735  -27.128  11.194 0.0000000000
58662  -30.275  -26.934  11.337 0.0000000000
58663  -33.871  -27.384  10.470 0.0000000000
58664  -34.379  -26.616  10.460 0.0000000000
58671  -33.975  -27.757  9.292 0.0000000000
58672  -34.770  -26.969  9.475 0.0000000000
58673  -35.423  -26.692  9.109 0.0000000000
58681  -33.966  -28.020  8.634 0.0000000000
58682  -34.659  -27.712  8.299 0.0000000000
58683  -35.440  -26.965  8.612 0.0000000000
58691  -34.871  -27.895  6.993 0.0000000000
58692  -35.700  -27.092  7.534 0.0000000000
58693  -36.326  -26.730  7.256 0.0000000000
58703  -35.578  -27.552  6.388 0.0000000000
58704  -36.254  -26.940  6.734 0.0000000000
58716  -36.117  -27.088  5.764 0.0000000000
59689  -31.942  -26.997  12.401 0.0000000000
59690  -32.387  -27.241  12.362 0.0000000000
59699  -30.785  -26.736  11.432 0.0000000000
59700  -31.683  -26.461  11.533 0.0000000000
59701  -32.686  -26.687  11.904 0.0000000000
59702  -33.533  -26.427  11.374 0.0000000000
59703  -34.189  -26.170  11.041 0.0000000000
59712  -28.204  -26.771  10.266 0.0000000000
59713  -29.147  -26.855  10.314 0.0000000000
59714  -30.126  -26.743  10.591 0.0000000000
59715  -30.956  -26.366  10.654 0.0000000000
59716  -34.647  -25.980  10.514 0.0000000000
59717  -35.051  -25.864  10.038 0.0000000000
59723  -28.496  -26.377  9.470 0.0000000000
59724  -29.491  -26.520  9.568 0.0000000000
59725  -30.383  -26.378  9.666 0.0000000000
59726  -31.117  -26.049  9.813 0.0000000000
59727  -34.854  -26.337  9.994 0.0000000000
59728  -35.491  -26.193  9.467 0.0000000000
59729  -36.192  -26.045  9.026 0.0000000000
59735  -29.001  -26.213  8.863 0.0000000000
59736  -29.783  -26.162  8.715 0.0000000000
59737  -30.690  -25.984  8.831 0.0000000000
59738  -31.247  -25.796  9.261 0.0000000000
59739  -35.877  -26.486  8.842 0.0000000000
59740  -36.525  -26.129  8.451 0.0000000000
59741  -37.003  -26.098  8.075 0.0000000000
59749  -30.138  -25.969  8.320 0.0000000000
59750  -30.389  -25.800  8.158 0.0000000000
59751  -35.988  -26.592  8.239 0.0000000000
59752  -36.523  -26.432  7.738 0.0000000000
59753  -37.311  -26.004  7.574 0.0000000000
59754  -37.836  -25.648  7.199 0.0000000000
59762  -36.829  -26.505  7.084 0.0000000000
59763  -37.435  -26.045  6.833 0.0000000000
59764  -38.058  -25.518  6.734 0.0000000000
59774  -36.785  -26.446  6.306 0.0000000000
59775  -37.497  -25.791  6.063 0.0000000000
59776  -38.229  -25.274  6.281 0.0000000000
59785  -36.676  -26.325  5.206 0.0000000000
59786  -37.323  -25.625  5.212 0.0000000000
60705  -31.891  -26.203  11.194 0.0000000000
60706  -32.242  -26.110  11.228 0.0000000000
60707  -33.041  -25.839  11.193 0.0000000000
60708  -33.779  -25.694  11.146 0.0000000000
60717  -31.706  -26.035  10.705 0.0000000000
60718  -32.339  -25.487  10.563 0.0000000000
60719  -33.008  -25.261  10.687 0.0000000000
60720  -34.328  -25.451  10.818 0.0000000000
60721  -34.905  -25.331  10.387 0.0000000000
60730  -31.653  -25.610  9.791 0.0000000000
60731  -32.188  -25.089  9.624 0.0000000000
60732  -35.436  -25.400  9.828 0.0000000000
60733  -36.176  -25.423  9.321 0.0000000000
60734  -36.940  -25.177  9.012 0.0000000000
60741  -29.095  -25.804  8.356 0.0000000000
60742  -30.790  -25.688  8.329 0.0000000000
60743  -31.448  -25.405  8.651 0.0000000000
60744  -32.238  -24.786  8.863 0.0000000000
60745  -36.644  -25.662  8.824 0.0000000000
60746  -37.386  -25.489  8.353 0.0000000000
60747  -38.189  -25.049  7.950 0.0000000000
60748  -38.805  -24.699  7.609 0.0000000000
60756  -29.671  -25.599  7.771 0.0000000000
60757  -30.635  -25.517  7.716 0.0000000000
60758  -31.385  -25.135  7.487 0.0000000000
60759  -37.835  -25.456  7.655 0.0000000000
60760  -38.429  -25.197  7.281 0.0000000000
60761  -39.218  -24.750  7.117 0.0000000000
60767  -30.023  -25.300  7.036 0.0000000000
60768  -30.683  -25.182  6.812 0.0000000000
60769  -31.370  -24.936  6.726 0.0000000000
60770  -38.728  -25.064  6.692 0.0000000000
60779  -37.950  -25.178  5.640 0.0000000000
61671  -33.448  -25.319  10.902 0.0000000000
61672  -33.880  -25.076  10.874 0.0000000000
61681  -32.711  -24.936  10.223 0.0000000000
61682  -33.378  -24.716  10.402 0.0000000000
61683  -34.332  -24.535  10.371 0.0000000000
61684  -35.187  -24.727  10.044 0.0000000000
61695  -32.765  -24.409  9.526 0.0000000000
61696  -33.539  -23.795  9.694 0.0000000000
61697  -34.314  -23.661  9.804 0.0000000000
61698  -35.803  -24.719  9.675 0.0000000000
61699  -36.609  -24.566  9.365 0.0000000000
61700  -37.586  -24.509  8.794 0.0000000000
61701  -38.081  -24.126  8.540 0.0000000000
61712  -32.056  -24.779  8.006 0.0000000000
61713  -32.636  -24.182  8.454 0.0000000000
61714  -33.016  -23.751  9.018 0.0000000000
61715  -37.915  -24.857  8.347 0.0000000000
61716  -38.428  -24.358  8.175 0.0000000000
61732  -32.020  -24.758  7.074 0.0000000000
61733  -32.537  -24.307  7.501 0.0000000000
61747  -30.937  -24.843  6.065 0.0000000000
61748  -31.815  -24.690  6.234 0.0000000000
61749  -32.649  -24.256  6.551 0.0000000000
61750  -33.108  -23.832  6.220 0.0000000000
61765  -31.486  -24.505  5.479 0.0000000000
61766  -32.271  -24.390  5.670 0.0000000000
61767  -32.888  -24.072  5.671 0.0000000000
61782  -32.063  -24.267  4.978 0.0000000000
61783  -32.536  -24.175  5.244 0.0000000000
62689  -34.980  -24.044  9.828 0.0000000000
62690  -35.447  -24.332  9.750 0.0000000000
62699  -33.970  -22.820  9.438 0.0000000000
62700  -34.836  -23.134  9.623 0.0000000000
62701  -35.846  -23.718  9.600 0.0000000000
62702  -37.009  -23.649  9.264 0.0000000000
62703  -37.917  -23.559  8.610 0.0000000000
62704  -38.324  -23.923  8.396 0.0000000000
62713  -32.975  -23.514  8.418 0.0000000000
62714  -33.282  -22.958  8.852 0.0000000000
62715  -38.323  -23.098  8.301 0.0000000000
62716  -38.858  -23.459  8.066 0.0000000000
62729  -32.878  -23.735  7.741 0.0000000000
62730  -33.123  -23.001  7.922 0.0000000000
62742  -32.867  -23.975  7.180 0.0000000000
62743  -33.183  -23.427  6.922 0.0000000000
62757  -33.491  -23.379  5.751 0.0000000000
62777  -32.883  -23.962  4.697 0.0000000000
63702  -34.047  -22.343  9.192 0.0000000000
63703  -34.490  -22.218  9.182 0.0000000000
63704  -35.474  -22.516  9.375 0.0000000000
63705  -36.409  -22.734  9.276 0.0000000000
63706  -37.217  -22.719  8.904 0.0000000000
63715  -33.877  -22.148  8.799 0.0000000000
63716  -34.251  -21.808  8.835 0.0000000000
63717  -37.904  -22.581  8.408 0.0000000000
63731  -33.434  -22.235  8.154 0.0000000000
63743  -33.479  -22.380  7.349 0.0000000000
63744  -33.789  -22.137  6.805 0.0000000000
63755  -33.623  -22.750  6.584 0.0000000000
64708  -34.598  -21.606  8.827 0.0000000000
64709  -35.207  -21.681  8.998 0.0000000000
64710  -36.053  -21.786  9.061 0.0000000000
64711  -36.700  -22.062  8.951 0.0000000000
64719  -33.774  -21.693  8.187 0.0000000000
64720  -34.284  -21.442  8.419 0.0000000000
64733  -33.723  -21.676  7.677 0.0000000000
64734  -34.001  -21.458  7.371 0.0000000000
64748  -33.773  -21.780  7.231 0.0000000000
65817  -35.012  -21.113  8.531 0.0000000000
65826  -34.134  -21.316  7.808 0.0000000000
65838  -34.040  -21.359  7.555 0.0000000000
