#!ascii label  , from subject FREESURFER vox2ras=TkReg 
225
96158  -24.273  10.555  -28.813 0.0000000000
96159  -25.009  10.881  -28.377 0.0000000000
96173  -23.023  10.291  -29.756 0.0000000000
96174  -23.671  10.411  -29.272 0.0000000000
96183  -21.411  10.069  -30.783 0.0000000000
96184  -22.321  10.179  -30.260 0.0000000000
96974  -23.427  11.831  -28.987 0.0000000000
96975  -24.013  11.618  -28.667 0.0000000000
96976  -25.074  12.018  -27.976 0.0000000000
96992  -22.393  11.720  -29.752 0.0000000000
96993  -23.076  11.470  -29.471 0.0000000000
96994  -23.792  11.011  -29.059 0.0000000000
97009  -20.531  11.504  -31.362 0.0000000000
97010  -20.784  11.038  -31.242 0.0000000000
97011  -21.976  11.332  -30.239 0.0000000000
97012  -22.621  10.814  -29.942 0.0000000000
97768  -24.543  13.165  -27.594 0.0000000000
97769  -25.076  12.935  -27.423 0.0000000000
97777  -22.660  12.679  -29.130 0.0000000000
97778  -23.174  12.422  -28.887 0.0000000000
97779  -24.259  12.830  -27.933 0.0000000000
97780  -24.818  12.612  -27.793 0.0000000000
97790  -21.335  12.544  -29.938 0.0000000000
97791  -22.141  12.376  -29.613 0.0000000000
97792  -22.821  12.098  -29.330 0.0000000000
97804  -20.441  11.902  -31.143 0.0000000000
97805  -21.067  12.206  -30.350 0.0000000000
97806  -21.678  11.953  -30.029 0.0000000000
98490  -25.392  13.461  -25.704 0.0000000000
98502  -24.554  14.039  -26.952 0.0000000000
98503  -24.987  13.727  -26.724 0.0000000000
98515  -23.706  14.010  -27.641 0.0000000000
98516  -24.273  13.741  -27.397 0.0000000000
98517  -24.812  13.495  -27.202 0.0000000000
98533  -22.612  13.219  -28.884 0.0000000000
98534  -23.423  13.662  -28.035 0.0000000000
98535  -23.992  13.404  -27.785 0.0000000000
98546  -20.477  13.273  -30.268 0.0000000000
98547  -20.960  13.078  -29.923 0.0000000000
98548  -21.886  13.652  -29.223 0.0000000000
98557  -20.200  12.902  -30.641 0.0000000000
98558  -20.683  12.738  -30.336 0.0000000000
99208  -24.535  14.514  -23.397 0.0000000000
99209  -24.957  14.054  -24.306 0.0000000000
99216  -24.583  14.677  -24.457 0.0000000000
99217  -25.125  14.167  -25.126 0.0000000000
99224  -24.613  14.751  -25.494 0.0000000000
99225  -25.030  14.245  -26.074 0.0000000000
99233  -23.661  14.875  -26.853 0.0000000000
99234  -24.252  14.549  -26.623 0.0000000000
99235  -24.790  14.191  -26.490 0.0000000000
99244  -22.687  14.887  -27.802 0.0000000000
99245  -23.371  14.607  -27.448 0.0000000000
99246  -23.996  14.315  -27.172 0.0000000000
99262  -21.588  14.741  -28.732 0.0000000000
99263  -22.290  14.485  -28.399 0.0000000000
99264  -23.042  14.257  -27.967 0.0000000000
99277  -20.480  13.817  -30.151 0.0000000000
99278  -21.272  14.386  -29.226 0.0000000000
99279  -21.832  14.192  -28.967 0.0000000000
99289  -19.839  14.085  -30.802 0.0000000000
99981  -23.992  16.181  -22.750 0.0000000000
99982  -24.343  15.662  -22.450 0.0000000000
99989  -23.874  16.081  -23.185 0.0000000000
99990  -24.160  15.338  -23.695 0.0000000000
99993  -23.714  15.928  -24.088 0.0000000000
99994  -24.164  15.315  -24.787 0.0000000000
99997  -23.657  15.822  -25.203 0.0000000000
99998  -24.068  15.237  -25.846 0.0000000000
100002  -22.828  15.873  -26.806 0.0000000000
100003  -23.351  15.482  -26.492 0.0000000000
100004  -23.893  15.082  -26.316 0.0000000000
100008  -21.638  15.701  -27.984 0.0000000000
100009  -22.386  15.557  -27.553 0.0000000000
100010  -23.073  15.249  -27.196 0.0000000000
100021  -20.664  15.476  -29.170 0.0000000000
100022  -21.250  15.345  -28.602 0.0000000000
100023  -21.959  15.128  -28.173 0.0000000000
100038  -20.365  15.053  -29.663 0.0000000000
100039  -20.927  14.948  -29.184 0.0000000000
100737  -23.129  17.056  -22.615 0.0000000000
100738  -23.664  16.686  -22.830 0.0000000000
100739  -24.733  16.420  -22.776 0.0000000000
100747  -22.829  16.980  -22.841 0.0000000000
100748  -23.257  16.507  -23.426 0.0000000000
100755  -22.757  17.012  -23.759 0.0000000000
100756  -23.215  16.433  -24.444 0.0000000000
100759  -22.893  16.995  -24.953 0.0000000000
100760  -23.192  16.271  -25.591 0.0000000000
100763  -22.701  16.535  -26.327 0.0000000000
100764  -23.088  16.106  -26.136 0.0000000000
100768  -21.375  16.212  -27.844 0.0000000000
100769  -21.810  16.840  -27.188 0.0000000000
100774  -20.508  15.973  -29.172 0.0000000000
100775  -20.733  16.548  -28.427 0.0000000000
100788  -20.158  16.204  -30.049 0.0000000000
101435  -23.168  17.485  -22.679 0.0000000000
101436  -24.060  17.399  -22.833 0.0000000000
101437  -25.129  16.907  -23.151 0.0000000000
101444  -22.687  17.634  -23.271 0.0000000000
101445  -24.116  17.780  -23.229 0.0000000000
101446  -24.741  17.609  -23.672 0.0000000000
101454  -22.711  17.723  -24.344 0.0000000000
101455  -25.035  17.967  -24.275 0.0000000000
101461  -22.471  17.689  -25.500 0.0000000000
101463  -21.327  17.973  -27.028 0.0000000000
101464  -21.916  17.690  -26.531 0.0000000000
101467  -20.691  17.803  -28.413 0.0000000000
101468  -20.915  17.448  -27.653 0.0000000000
101469  -21.497  17.505  -27.116 0.0000000000
101474  -20.453  17.164  -29.163 0.0000000000
101475  -20.652  17.239  -28.404 0.0000000000
102179  -23.250  17.930  -22.751 0.0000000000
102180  -23.444  17.781  -22.727 0.0000000000
102187  -23.071  18.091  -23.139 0.0000000000
102188  -23.696  18.065  -23.177 0.0000000000
102189  -24.203  17.999  -23.508 0.0000000000
102194  -22.882  18.254  -23.992 0.0000000000
102195  -23.429  18.675  -24.115 0.0000000000
102196  -24.421  18.463  -24.310 0.0000000000
102197  -25.516  18.311  -24.653 0.0000000000
102203  -21.788  19.187  -25.881 0.0000000000
102204  -22.567  18.666  -25.137 0.0000000000
102205  -22.951  18.824  -24.529 0.0000000000
102206  -24.745  19.012  -25.028 0.0000000000
102207  -25.333  18.865  -25.137 0.0000000000
102208  -26.257  18.774  -25.114 0.0000000000
102212  -21.395  18.714  -26.573 0.0000000000
102213  -22.057  18.416  -25.919 0.0000000000
102216  -20.602  18.739  -27.866 0.0000000000
102217  -20.965  18.466  -27.252 0.0000000000
102218  -24.051  19.733  -29.289 0.0000000000
102219  -24.308  19.762  -29.257 0.0000000000
102223  -20.796  18.438  -28.978 0.0000000000
102224  -21.213  18.712  -29.364 0.0000000000
102225  -23.923  19.254  -29.544 0.0000000000
102226  -24.393  19.519  -29.437 0.0000000000
102233  -20.728  17.730  -29.641 0.0000000000
102904  -23.654  19.173  -24.655 0.0000000000
102905  -23.910  19.007  -24.423 0.0000000000
102910  -21.687  19.691  -25.989 0.0000000000
102911  -22.138  19.744  -25.730 0.0000000000
102912  -23.173  19.538  -25.279 0.0000000000
102913  -24.244  19.390  -25.041 0.0000000000
102914  -25.139  19.433  -25.456 0.0000000000
102915  -26.106  19.614  -25.585 0.0000000000
102919  -20.179  20.249  -26.813 0.0000000000
102920  -21.194  19.827  -26.377 0.0000000000
102921  -21.679  19.958  -26.011 0.0000000000
102922  -23.483  20.279  -25.872 0.0000000000
102923  -24.075  20.101  -25.807 0.0000000000
102924  -24.958  19.981  -25.809 0.0000000000
102925  -25.551  19.886  -25.751 0.0000000000
102927  -20.143  19.902  -27.507 0.0000000000
102928  -20.696  19.360  -27.083 0.0000000000
102929  -23.957  19.953  -29.175 0.0000000000
102930  -24.200  19.908  -29.188 0.0000000000
102933  -20.546  19.643  -28.249 0.0000000000
102934  -21.224  19.513  -29.008 0.0000000000
102935  -22.307  19.867  -28.985 0.0000000000
102936  -23.527  19.996  -29.066 0.0000000000
102937  -24.490  20.064  -29.080 0.0000000000
102945  -21.437  18.823  -29.482 0.0000000000
102946  -21.934  19.068  -29.644 0.0000000000
102947  -22.993  19.183  -29.589 0.0000000000
102948  -24.768  19.501  -29.519 0.0000000000
103606  -22.111  20.149  -25.854 0.0000000000
103607  -22.417  20.127  -25.804 0.0000000000
103608  -26.346  20.142  -25.722 0.0000000000
103609  -26.937  20.252  -25.555 0.0000000000
103611  -20.021  20.878  -26.786 0.0000000000
103612  -20.771  20.748  -26.727 0.0000000000
103613  -21.850  20.517  -26.179 0.0000000000
103614  -22.905  20.642  -26.108 0.0000000000
103615  -23.835  20.860  -26.241 0.0000000000
103616  -24.811  20.806  -26.174 0.0000000000
103617  -25.997  20.514  -25.989 0.0000000000
103618  -26.915  21.000  -25.755 0.0000000000
103620  -19.922  20.758  -27.263 0.0000000000
103624  -20.249  20.544  -27.854 0.0000000000
103625  -20.733  20.498  -28.355 0.0000000000
103626  -21.577  20.709  -28.596 0.0000000000
103627  -22.680  20.983  -28.703 0.0000000000
103628  -23.805  21.143  -28.785 0.0000000000
103629  -24.875  21.283  -28.788 0.0000000000
104224  -27.841  21.205  -25.311 0.0000000000
104225  -20.491  21.255  -27.090 0.0000000000
104226  -21.456  21.590  -26.854 0.0000000000
104227  -22.351  21.548  -26.565 0.0000000000
104228  -23.339  21.649  -26.562 0.0000000000
104229  -24.427  21.725  -26.535 0.0000000000
104230  -25.570  21.594  -26.386 0.0000000000
104231  -26.602  21.469  -26.087 0.0000000000
104232  -27.200  21.429  -25.752 0.0000000000
104233  -20.452  21.149  -27.675 0.0000000000
104234  -21.339  21.797  -27.541 0.0000000000
104235  -21.954  22.266  -27.790 0.0000000000
104238  -20.472  20.933  -28.052 0.0000000000
104239  -20.949  21.284  -28.185 0.0000000000
104240  -21.949  21.802  -28.267 0.0000000000
104241  -23.134  21.995  -28.382 0.0000000000
104242  -24.251  22.183  -28.442 0.0000000000
104243  -25.354  22.304  -28.487 0.0000000000
104815  -27.743  21.705  -25.468 0.0000000000
104816  -28.028  21.841  -25.373 0.0000000000
104817  -21.682  22.002  -26.919 0.0000000000
104818  -21.954  22.150  -26.856 0.0000000000
104819  -22.769  22.320  -26.852 0.0000000000
104820  -23.854  22.475  -26.866 0.0000000000
104821  -25.218  22.527  -26.848 0.0000000000
104822  -26.420  22.226  -26.478 0.0000000000
104823  -27.468  21.914  -25.799 0.0000000000
104824  -21.672  22.121  -27.117 0.0000000000
104825  -22.167  22.395  -27.339 0.0000000000
104826  -23.214  22.668  -27.394 0.0000000000
104827  -24.386  22.854  -27.433 0.0000000000
104828  -25.692  23.031  -27.384 0.0000000000
104829  -26.514  23.373  -27.348 0.0000000000
104831  -22.635  22.459  -27.889 0.0000000000
104832  -23.689  22.741  -27.994 0.0000000000
104833  -24.832  23.006  -28.061 0.0000000000
104834  -25.994  23.009  -27.958 0.0000000000
105363  -26.364  22.981  -26.776 0.0000000000
105364  -27.254  22.615  -26.286 0.0000000000
105365  -26.433  23.361  -27.015 0.0000000000
