#!ascii label  , from subject FREESURFER vox2ras=TkReg 
685
96158  -24.273  10.555  -28.813 0.0000000000
96159  -25.009  10.881  -28.377 0.0000000000
96173  -23.023  10.291  -29.756 0.0000000000
96174  -23.671  10.411  -29.272 0.0000000000
96182  -20.901  9.952  -31.454 0.0000000000
96183  -21.411  10.069  -30.783 0.0000000000
96184  -22.321  10.179  -30.260 0.0000000000
96191  -20.736  10.179  -31.948 0.0000000000
96898  -21.757  12.489  -20.459 0.0000000000
96924  -23.333  12.404  -22.026 0.0000000000
96974  -23.427  11.831  -28.987 0.0000000000
96975  -24.013  11.618  -28.667 0.0000000000
96976  -25.074  12.018  -27.976 0.0000000000
96992  -22.393  11.720  -29.752 0.0000000000
96993  -23.076  11.470  -29.471 0.0000000000
96994  -23.792  11.011  -29.059 0.0000000000
96995  -25.464  11.922  -30.123 0.0000000000
97009  -20.531  11.504  -31.362 0.0000000000
97010  -20.784  11.038  -31.242 0.0000000000
97011  -21.976  11.332  -30.239 0.0000000000
97012  -22.621  10.814  -29.942 0.0000000000
97013  -24.186  11.269  -31.067 0.0000000000
97014  -25.194  11.662  -30.415 0.0000000000
97022  -20.463  11.607  -31.619 0.0000000000
97023  -20.598  11.087  -32.166 0.0000000000
97024  -21.212  11.331  -32.566 0.0000000000
97025  -22.286  11.485  -32.038 0.0000000000
97026  -23.345  11.778  -31.410 0.0000000000
97027  -20.418  11.840  -32.034 0.0000000000
97028  -20.702  11.865  -32.391 0.0000000000
97029  -20.973  12.077  -32.604 0.0000000000
97704  -21.936  12.856  -19.862 0.0000000000
97712  -22.371  12.796  -20.715 0.0000000000
97713  -22.611  12.529  -21.277 0.0000000000
97724  -22.825  13.080  -21.180 0.0000000000
97725  -23.094  12.910  -21.670 0.0000000000
97726  -23.634  12.911  -22.304 0.0000000000
97727  -24.202  12.317  -22.777 0.0000000000
97734  -24.195  13.035  -22.807 0.0000000000
97735  -24.861  12.306  -23.527 0.0000000000
97743  -25.499  12.630  -24.399 0.0000000000
97754  -25.815  12.702  -25.241 0.0000000000
97763  -25.848  12.436  -26.257 0.0000000000
97768  -24.543  13.165  -27.594 0.0000000000
97769  -25.076  12.935  -27.423 0.0000000000
97777  -22.660  12.679  -29.130 0.0000000000
97778  -23.174  12.422  -28.887 0.0000000000
97779  -24.259  12.830  -27.933 0.0000000000
97780  -24.818  12.612  -27.793 0.0000000000
97790  -21.335  12.544  -29.938 0.0000000000
97791  -22.141  12.376  -29.613 0.0000000000
97792  -22.821  12.098  -29.330 0.0000000000
97793  -24.673  12.700  -30.396 0.0000000000
97794  -25.193  12.415  -30.099 0.0000000000
97804  -20.441  11.902  -31.143 0.0000000000
97805  -21.067  12.206  -30.350 0.0000000000
97806  -21.678  11.953  -30.029 0.0000000000
97807  -23.297  12.941  -31.299 0.0000000000
97808  -24.076  12.505  -30.803 0.0000000000
97809  -24.836  12.193  -30.420 0.0000000000
97819  -20.264  12.289  -31.586 0.0000000000
97820  -20.858  12.744  -32.448 0.0000000000
97821  -21.407  12.429  -32.378 0.0000000000
97822  -22.882  12.532  -31.595 0.0000000000
97823  -23.461  12.285  -31.284 0.0000000000
97830  -20.403  12.392  -32.132 0.0000000000
97831  -20.774  12.435  -32.497 0.0000000000
97832  -21.015  12.323  -32.573 0.0000000000
98433  -29.341  13.992  -19.102 0.0000000000
98434  -29.945  14.194  -18.895 0.0000000000
98442  -22.676  13.259  -20.183 0.0000000000
98443  -23.321  13.671  -20.319 0.0000000000
98444  -24.148  13.980  -20.403 0.0000000000
98445  -25.235  13.902  -20.161 0.0000000000
98446  -26.258  13.970  -20.004 0.0000000000
98447  -27.270  14.240  -19.880 0.0000000000
98448  -28.079  14.291  -19.974 0.0000000000
98456  -22.872  13.477  -20.833 0.0000000000
98457  -23.218  14.114  -20.973 0.0000000000
98458  -23.872  14.412  -21.206 0.0000000000
98467  -23.030  13.536  -21.316 0.0000000000
98468  -23.429  13.705  -21.635 0.0000000000
98469  -24.041  13.911  -22.090 0.0000000000
98476  -24.427  13.661  -23.010 0.0000000000
98477  -24.965  13.435  -23.883 0.0000000000
98483  -25.348  13.422  -24.762 0.0000000000
98490  -25.392  13.461  -25.704 0.0000000000
98502  -24.554  14.039  -26.952 0.0000000000
98503  -24.987  13.727  -26.724 0.0000000000
98515  -23.706  14.010  -27.641 0.0000000000
98516  -24.273  13.741  -27.397 0.0000000000
98517  -24.812  13.495  -27.202 0.0000000000
98533  -22.612  13.219  -28.884 0.0000000000
98534  -23.423  13.662  -28.035 0.0000000000
98535  -23.992  13.404  -27.785 0.0000000000
98536  -25.857  13.507  -29.059 0.0000000000
98546  -20.477  13.273  -30.268 0.0000000000
98547  -20.960  13.078  -29.923 0.0000000000
98548  -21.886  13.652  -29.223 0.0000000000
98549  -24.646  13.134  -30.270 0.0000000000
98550  -25.467  13.364  -29.423 0.0000000000
98557  -20.200  12.902  -30.641 0.0000000000
98558  -20.683  12.738  -30.336 0.0000000000
98559  -22.758  13.766  -31.525 0.0000000000
98560  -23.222  13.513  -31.236 0.0000000000
98561  -23.967  13.604  -30.603 0.0000000000
98569  -20.061  13.170  -31.718 0.0000000000
98570  -20.773  13.342  -32.264 0.0000000000
98571  -22.220  13.590  -31.842 0.0000000000
98572  -22.935  13.162  -31.540 0.0000000000
98581  -20.447  12.824  -32.241 0.0000000000
98582  -20.663  12.836  -32.367 0.0000000000
99158  -29.858  14.807  -19.221 0.0000000000
99169  -28.766  14.247  -19.688 0.0000000000
99170  -29.401  14.570  -19.576 0.0000000000
99171  -29.954  14.475  -19.146 0.0000000000
99179  -24.635  14.310  -20.768 0.0000000000
99180  -25.435  14.376  -20.659 0.0000000000
99181  -26.401  14.457  -20.578 0.0000000000
99182  -27.359  14.633  -20.494 0.0000000000
99183  -28.404  14.845  -20.288 0.0000000000
99184  -29.094  15.129  -20.023 0.0000000000
99191  -24.544  14.722  -21.320 0.0000000000
99192  -25.506  14.859  -21.129 0.0000000000
99193  -26.442  15.006  -21.048 0.0000000000
99194  -27.374  15.179  -21.001 0.0000000000
99195  -28.054  15.486  -20.920 0.0000000000
99202  -24.267  14.667  -22.285 0.0000000000
99208  -24.535  14.514  -23.397 0.0000000000
99209  -24.957  14.054  -24.306 0.0000000000
99216  -24.583  14.677  -24.457 0.0000000000
99217  -25.125  14.167  -25.126 0.0000000000
99224  -24.613  14.751  -25.494 0.0000000000
99225  -25.030  14.245  -26.074 0.0000000000
99233  -23.661  14.875  -26.853 0.0000000000
99234  -24.252  14.549  -26.623 0.0000000000
99235  -24.790  14.191  -26.490 0.0000000000
99244  -22.687  14.887  -27.802 0.0000000000
99245  -23.371  14.607  -27.448 0.0000000000
99246  -23.996  14.315  -27.172 0.0000000000
99262  -21.588  14.741  -28.732 0.0000000000
99263  -22.290  14.485  -28.399 0.0000000000
99264  -23.042  14.257  -27.967 0.0000000000
99265  -25.745  13.897  -28.910 0.0000000000
99277  -20.480  13.817  -30.151 0.0000000000
99278  -21.272  14.386  -29.226 0.0000000000
99279  -21.832  14.192  -28.967 0.0000000000
99280  -23.954  14.365  -30.479 0.0000000000
99281  -24.293  14.120  -30.192 0.0000000000
99282  -24.977  14.448  -29.370 0.0000000000
99289  -19.839  14.085  -30.802 0.0000000000
99290  -22.814  14.132  -31.440 0.0000000000
99291  -23.603  14.288  -30.779 0.0000000000
99292  -23.971  14.020  -30.519 0.0000000000
99299  -20.139  14.327  -31.675 0.0000000000
99300  -21.079  14.523  -32.037 0.0000000000
99301  -22.138  14.711  -31.795 0.0000000000
99944  -29.934  15.242  -18.911 0.0000000000
99956  -29.014  15.776  -19.686 0.0000000000
99957  -29.281  15.449  -19.497 0.0000000000
99964  -28.768  15.677  -20.193 0.0000000000
99965  -29.087  15.378  -19.963 0.0000000000
99971  -24.798  15.084  -21.718 0.0000000000
99972  -25.514  15.322  -21.662 0.0000000000
99973  -26.485  15.474  -21.624 0.0000000000
99974  -27.386  15.712  -21.583 0.0000000000
99975  -28.187  16.207  -21.329 0.0000000000
99981  -23.992  16.181  -22.750 0.0000000000
99982  -24.343  15.662  -22.450 0.0000000000
99983  -25.568  15.866  -22.200 0.0000000000
99984  -26.566  16.022  -22.153 0.0000000000
99985  -27.414  16.290  -22.136 0.0000000000
99986  -28.011  16.716  -22.084 0.0000000000
99989  -23.874  16.081  -23.185 0.0000000000
99990  -24.160  15.338  -23.695 0.0000000000
99993  -23.714  15.928  -24.088 0.0000000000
99994  -24.164  15.315  -24.787 0.0000000000
99997  -23.657  15.822  -25.203 0.0000000000
99998  -24.068  15.237  -25.846 0.0000000000
100002  -22.828  15.873  -26.806 0.0000000000
100003  -23.351  15.482  -26.492 0.0000000000
100004  -23.893  15.082  -26.316 0.0000000000
100008  -21.638  15.701  -27.984 0.0000000000
100009  -22.386  15.557  -27.553 0.0000000000
100010  -23.073  15.249  -27.196 0.0000000000
100021  -20.664  15.476  -29.170 0.0000000000
100022  -21.250  15.345  -28.602 0.0000000000
100023  -21.959  15.128  -28.173 0.0000000000
100024  -25.695  14.781  -28.883 0.0000000000
100025  -26.486  15.104  -28.495 0.0000000000
100038  -20.365  15.053  -29.663 0.0000000000
100039  -20.927  14.948  -29.184 0.0000000000
100040  -23.928  14.635  -30.501 0.0000000000
100041  -24.188  15.081  -30.054 0.0000000000
100042  -24.960  15.390  -29.429 0.0000000000
100049  -19.933  15.274  -30.867 0.0000000000
100050  -22.955  14.797  -31.433 0.0000000000
100051  -23.587  15.216  -31.082 0.0000000000
100052  -24.136  15.612  -30.734 0.0000000000
100060  -20.436  15.388  -31.611 0.0000000000
100061  -21.364  15.488  -31.847 0.0000000000
100062  -22.534  15.562  -31.878 0.0000000000
100063  -23.267  15.891  -31.701 0.0000000000
100064  -32.830  15.671  -32.629 0.0000000000
100070  -32.886  15.773  -32.885 0.0000000000
100713  -29.124  16.651  -18.845 0.0000000000
100714  -29.625  16.232  -18.846 0.0000000000
100723  -29.010  16.373  -19.390 0.0000000000
100724  -29.224  15.974  -19.148 0.0000000000
100727  -28.837  16.783  -20.539 0.0000000000
100728  -28.871  17.355  -20.951 0.0000000000
100732  -28.559  17.116  -21.550 0.0000000000
100733  -28.863  17.661  -21.359 0.0000000000
100737  -23.129  17.056  -22.615 0.0000000000
100738  -23.664  16.686  -22.830 0.0000000000
100739  -24.733  16.420  -22.776 0.0000000000
100740  -25.805  16.413  -22.738 0.0000000000
100741  -26.724  16.455  -22.735 0.0000000000
100742  -27.493  16.853  -22.788 0.0000000000
100743  -28.199  17.329  -22.449 0.0000000000
100747  -22.829  16.980  -22.841 0.0000000000
100748  -23.257  16.507  -23.426 0.0000000000
100749  -26.200  16.729  -23.075 0.0000000000
100750  -26.769  16.869  -23.286 0.0000000000
100751  -27.297  17.194  -23.388 0.0000000000
100755  -22.757  17.012  -23.759 0.0000000000
100756  -23.215  16.433  -24.444 0.0000000000
100759  -22.893  16.995  -24.953 0.0000000000
100760  -23.192  16.271  -25.591 0.0000000000
100763  -22.701  16.535  -26.327 0.0000000000
100764  -23.088  16.106  -26.136 0.0000000000
100768  -21.375  16.212  -27.844 0.0000000000
100769  -21.810  16.840  -27.188 0.0000000000
100774  -20.508  15.973  -29.172 0.0000000000
100775  -20.733  16.548  -28.427 0.0000000000
100776  -25.735  15.578  -29.065 0.0000000000
100777  -26.424  16.196  -28.929 0.0000000000
100778  -27.681  16.400  -28.569 0.0000000000
100788  -20.158  16.204  -30.049 0.0000000000
100789  -24.529  15.754  -30.159 0.0000000000
100790  -25.220  16.234  -29.865 0.0000000000
100791  -26.038  16.676  -30.197 0.0000000000
100800  -20.218  16.368  -31.067 0.0000000000
100801  -20.792  16.744  -31.428 0.0000000000
100802  -23.825  15.854  -31.319 0.0000000000
100803  -24.422  16.162  -31.022 0.0000000000
100804  -25.258  16.561  -31.192 0.0000000000
100805  -25.945  16.799  -31.144 0.0000000000
100806  -31.812  16.647  -31.098 0.0000000000
100807  -32.544  16.021  -31.459 0.0000000000
100808  -32.857  15.620  -32.018 0.0000000000
100813  -20.785  16.123  -31.611 0.0000000000
100814  -21.591  16.442  -31.834 0.0000000000
100815  -22.665  16.414  -31.972 0.0000000000
100816  -23.626  16.403  -31.866 0.0000000000
100817  -24.464  16.604  -31.941 0.0000000000
100818  -25.141  16.694  -32.137 0.0000000000
100819  -31.798  16.513  -31.974 0.0000000000
100820  -32.517  15.902  -32.435 0.0000000000
100821  -32.832  15.637  -32.333 0.0000000000
100825  -31.872  16.623  -32.590 0.0000000000
100826  -32.495  16.469  -33.018 0.0000000000
101410  -29.177  17.483  -18.825 0.0000000000
101411  -30.057  17.411  -18.656 0.0000000000
101420  -29.051  17.646  -19.821 0.0000000000
101421  -29.147  18.214  -20.204 0.0000000000
101427  -28.916  17.414  -20.496 0.0000000000
101428  -29.058  17.928  -20.791 0.0000000000
101431  -28.794  17.961  -22.027 0.0000000000
101432  -28.988  18.014  -21.441 0.0000000000
101435  -23.168  17.485  -22.679 0.0000000000
101436  -24.060  17.399  -22.833 0.0000000000
101437  -25.129  16.907  -23.151 0.0000000000
101438  -25.761  16.790  -23.115 0.0000000000
101439  -27.806  17.492  -23.170 0.0000000000
101440  -28.347  18.013  -22.926 0.0000000000
101444  -22.687  17.634  -23.271 0.0000000000
101445  -24.116  17.780  -23.229 0.0000000000
101446  -24.741  17.609  -23.672 0.0000000000
101447  -25.938  17.193  -23.544 0.0000000000
101448  -26.844  17.339  -23.770 0.0000000000
101449  -27.467  17.623  -23.756 0.0000000000
101450  -27.998  17.999  -23.651 0.0000000000
101454  -22.711  17.723  -24.344 0.0000000000
101455  -25.035  17.967  -24.275 0.0000000000
101456  -25.673  17.772  -24.185 0.0000000000
101457  -26.408  17.662  -24.079 0.0000000000
101458  -27.074  17.845  -24.233 0.0000000000
101459  -27.620  18.074  -24.105 0.0000000000
101461  -22.471  17.689  -25.500 0.0000000000
101463  -21.327  17.973  -27.028 0.0000000000
101464  -21.916  17.690  -26.531 0.0000000000
101467  -20.691  17.803  -28.413 0.0000000000
101468  -20.915  17.448  -27.653 0.0000000000
101469  -21.497  17.505  -27.116 0.0000000000
101474  -20.453  17.164  -29.163 0.0000000000
101475  -20.652  17.239  -28.404 0.0000000000
101476  -26.975  16.957  -29.545 0.0000000000
101477  -28.032  17.135  -29.191 0.0000000000
101478  -28.694  17.174  -29.015 0.0000000000
101485  -20.437  17.246  -30.283 0.0000000000
101486  -20.893  17.428  -30.663 0.0000000000
101487  -26.607  16.994  -30.719 0.0000000000
101488  -27.531  17.306  -30.314 0.0000000000
101489  -28.777  17.517  -29.849 0.0000000000
101490  -29.941  17.444  -30.179 0.0000000000
101491  -30.776  17.148  -30.347 0.0000000000
101492  -31.135  17.020  -30.860 0.0000000000
101496  -20.558  17.152  -31.027 0.0000000000
101497  -21.349  17.344  -31.234 0.0000000000
101498  -22.241  17.514  -31.484 0.0000000000
101499  -23.073  17.570  -31.580 0.0000000000
101500  -23.869  17.611  -31.737 0.0000000000
101501  -25.654  16.758  -31.768 0.0000000000
101502  -26.249  16.893  -31.659 0.0000000000
101503  -27.044  17.062  -31.429 0.0000000000
101504  -27.964  17.424  -31.219 0.0000000000
101505  -29.058  17.553  -31.150 0.0000000000
101506  -30.217  17.340  -31.226 0.0000000000
101507  -31.070  17.031  -31.633 0.0000000000
101512  -22.112  17.016  -31.817 0.0000000000
101513  -22.896  17.046  -31.948 0.0000000000
101514  -23.733  17.090  -32.069 0.0000000000
101515  -24.583  17.268  -32.323 0.0000000000
101516  -25.647  17.161  -32.291 0.0000000000
101517  -26.539  17.088  -32.203 0.0000000000
101518  -27.356  17.115  -32.184 0.0000000000
101519  -28.266  17.332  -32.129 0.0000000000
101520  -29.264  17.535  -32.039 0.0000000000
101521  -30.268  17.479  -32.072 0.0000000000
101522  -31.182  17.128  -32.309 0.0000000000
101527  -26.209  17.502  -32.424 0.0000000000
101528  -26.750  17.482  -32.610 0.0000000000
101529  -27.521  17.570  -32.767 0.0000000000
101530  -28.466  17.737  -32.705 0.0000000000
101531  -29.456  17.846  -32.576 0.0000000000
101532  -30.491  17.763  -32.545 0.0000000000
101533  -31.604  17.387  -32.749 0.0000000000
101534  -32.676  17.374  -33.084 0.0000000000
102150  -29.180  18.658  -18.799 0.0000000000
102151  -29.601  18.479  -18.623 0.0000000000
102159  -29.038  18.448  -19.090 0.0000000000
102160  -29.187  18.622  -19.770 0.0000000000
102169  -29.277  18.691  -20.601 0.0000000000
102174  -28.939  18.506  -22.080 0.0000000000
102175  -29.121  18.553  -21.555 0.0000000000
102179  -23.250  17.930  -22.751 0.0000000000
102180  -23.444  17.781  -22.727 0.0000000000
102181  -28.824  18.745  -22.631 0.0000000000
102182  -29.007  18.759  -22.092 0.0000000000
102187  -23.071  18.091  -23.139 0.0000000000
102188  -23.696  18.065  -23.177 0.0000000000
102189  -24.203  17.999  -23.508 0.0000000000
102190  -28.400  18.599  -23.555 0.0000000000
102194  -22.882  18.254  -23.992 0.0000000000
102195  -23.429  18.675  -24.115 0.0000000000
102196  -24.421  18.463  -24.310 0.0000000000
102197  -25.516  18.311  -24.653 0.0000000000
102198  -26.471  18.198  -24.598 0.0000000000
102199  -27.427  18.560  -24.604 0.0000000000
102200  -27.979  18.450  -24.105 0.0000000000
102203  -21.788  19.187  -25.881 0.0000000000
102204  -22.567  18.666  -25.137 0.0000000000
102205  -22.951  18.824  -24.529 0.0000000000
102206  -24.745  19.012  -25.028 0.0000000000
102207  -25.333  18.865  -25.137 0.0000000000
102208  -26.257  18.774  -25.114 0.0000000000
102209  -26.866  18.665  -24.948 0.0000000000
102212  -21.395  18.714  -26.573 0.0000000000
102213  -22.057  18.416  -25.919 0.0000000000
102216  -20.602  18.739  -27.866 0.0000000000
102217  -20.965  18.466  -27.252 0.0000000000
102218  -24.051  19.733  -29.289 0.0000000000
102219  -24.308  19.762  -29.257 0.0000000000
102223  -20.796  18.438  -28.978 0.0000000000
102224  -21.213  18.712  -29.364 0.0000000000
102225  -23.923  19.254  -29.544 0.0000000000
102226  -24.393  19.519  -29.437 0.0000000000
102233  -20.728  17.730  -29.641 0.0000000000
102234  -21.359  18.134  -30.163 0.0000000000
102235  -22.591  18.583  -30.347 0.0000000000
102236  -23.701  18.681  -30.364 0.0000000000
102237  -24.776  19.015  -30.184 0.0000000000
102238  -25.827  19.256  -30.453 0.0000000000
102239  -26.396  19.405  -30.646 0.0000000000
102243  -21.776  17.834  -31.032 0.0000000000
102244  -22.363  18.041  -31.022 0.0000000000
102245  -23.356  18.071  -31.093 0.0000000000
102246  -24.552  18.159  -31.560 0.0000000000
102247  -25.549  18.700  -31.366 0.0000000000
102248  -26.232  19.134  -31.337 0.0000000000
102253  -25.090  17.665  -32.324 0.0000000000
102254  -25.741  17.998  -32.320 0.0000000000
102255  -26.229  18.684  -32.147 0.0000000000
102259  -26.325  17.778  -32.618 0.0000000000
102260  -26.680  18.192  -32.823 0.0000000000
102261  -27.729  18.288  -32.988 0.0000000000
102262  -28.720  18.388  -32.783 0.0000000000
102263  -29.764  18.432  -32.699 0.0000000000
102264  -30.828  18.356  -32.685 0.0000000000
102265  -31.860  18.258  -32.621 0.0000000000
102266  -32.783  18.344  -32.559 0.0000000000
102868  -29.147  19.065  -18.808 0.0000000000
102869  -29.373  19.275  -18.770 0.0000000000
102870  -29.839  19.370  -18.624 0.0000000000
102874  -29.084  18.896  -18.853 0.0000000000
102875  -29.229  19.260  -19.175 0.0000000000
102885  -29.315  19.458  -20.187 0.0000000000
102891  -29.317  19.413  -21.260 0.0000000000
102894  -28.996  19.609  -22.707 0.0000000000
102895  -29.084  19.221  -22.083 0.0000000000
102900  -28.735  19.360  -23.434 0.0000000000
102904  -23.654  19.173  -24.655 0.0000000000
102905  -23.910  19.007  -24.423 0.0000000000
102906  -27.674  19.086  -24.779 0.0000000000
102907  -28.154  19.159  -24.349 0.0000000000
102910  -21.687  19.691  -25.989 0.0000000000
102911  -22.138  19.744  -25.730 0.0000000000
102912  -23.173  19.538  -25.279 0.0000000000
102913  -24.244  19.390  -25.041 0.0000000000
102914  -25.139  19.433  -25.456 0.0000000000
102915  -26.106  19.614  -25.585 0.0000000000
102916  -27.181  19.265  -25.146 0.0000000000
102917  -27.771  19.384  -24.824 0.0000000000
102919  -20.179  20.249  -26.813 0.0000000000
102920  -21.194  19.827  -26.377 0.0000000000
102921  -21.679  19.958  -26.011 0.0000000000
102922  -23.483  20.279  -25.872 0.0000000000
102923  -24.075  20.101  -25.807 0.0000000000
102924  -24.958  19.981  -25.809 0.0000000000
102925  -25.551  19.886  -25.751 0.0000000000
102927  -20.143  19.902  -27.507 0.0000000000
102928  -20.696  19.360  -27.083 0.0000000000
102929  -23.957  19.953  -29.175 0.0000000000
102930  -24.200  19.908  -29.188 0.0000000000
102933  -20.546  19.643  -28.249 0.0000000000
102934  -21.224  19.513  -29.008 0.0000000000
102935  -22.307  19.867  -28.985 0.0000000000
102936  -23.527  19.996  -29.066 0.0000000000
102937  -24.490  20.064  -29.080 0.0000000000
102938  -25.580  20.447  -29.084 0.0000000000
102939  -26.171  20.730  -29.146 0.0000000000
102945  -21.437  18.823  -29.482 0.0000000000
102946  -21.934  19.068  -29.644 0.0000000000
102947  -22.993  19.183  -29.589 0.0000000000
102948  -24.768  19.501  -29.519 0.0000000000
102949  -25.370  19.612  -29.586 0.0000000000
102950  -26.600  19.997  -29.778 0.0000000000
102951  -27.377  20.383  -29.956 0.0000000000
102957  -26.861  19.465  -31.090 0.0000000000
102958  -27.746  20.032  -30.689 0.0000000000
102959  -28.862  20.260  -30.943 0.0000000000
102960  -29.362  20.600  -31.084 0.0000000000
102965  -26.676  19.188  -32.088 0.0000000000
102966  -27.452  19.424  -31.950 0.0000000000
102967  -28.469  19.652  -31.796 0.0000000000
102968  -29.646  20.153  -31.644 0.0000000000
102969  -30.808  20.296  -31.973 0.0000000000
102970  -31.898  20.286  -32.027 0.0000000000
102971  -32.829  19.977  -31.829 0.0000000000
102974  -26.644  18.776  -32.539 0.0000000000
102975  -27.141  18.907  -32.715 0.0000000000
102976  -28.061  19.070  -32.716 0.0000000000
102977  -29.114  19.168  -32.521 0.0000000000
102978  -30.212  19.282  -32.498 0.0000000000
102979  -31.288  19.259  -32.434 0.0000000000
102980  -32.255  19.192  -32.310 0.0000000000
102981  -32.993  19.124  -32.199 0.0000000000
103568  -29.413  19.627  -18.805 0.0000000000
103569  -29.563  19.714  -18.774 0.0000000000
103573  -29.473  19.990  -18.986 0.0000000000
103574  -29.953  20.382  -18.790 0.0000000000
103581  -29.377  20.316  -19.773 0.0000000000
103589  -29.408  20.320  -20.941 0.0000000000
103592  -29.030  19.982  -22.685 0.0000000000
103593  -29.105  20.177  -22.245 0.0000000000
103598  -28.947  20.085  -23.114 0.0000000000
103599  -29.073  20.691  -23.037 0.0000000000
103600  -30.441  21.884  -24.591 0.0000000000
103601  -31.143  20.914  -24.054 0.0000000000
103604  -28.642  20.004  -24.028 0.0000000000
103606  -22.111  20.149  -25.854 0.0000000000
103607  -22.417  20.127  -25.804 0.0000000000
103608  -26.346  20.142  -25.722 0.0000000000
103609  -26.937  20.252  -25.555 0.0000000000
103610  -28.005  19.985  -24.951 0.0000000000
103611  -20.021  20.878  -26.786 0.0000000000
103612  -20.771  20.748  -26.727 0.0000000000
103613  -21.850  20.517  -26.179 0.0000000000
103614  -22.905  20.642  -26.108 0.0000000000
103615  -23.835  20.860  -26.241 0.0000000000
103616  -24.811  20.806  -26.174 0.0000000000
103617  -25.997  20.514  -25.989 0.0000000000
103618  -26.915  21.000  -25.755 0.0000000000
103620  -19.922  20.758  -27.263 0.0000000000
103624  -20.249  20.544  -27.854 0.0000000000
103625  -20.733  20.498  -28.355 0.0000000000
103626  -21.577  20.709  -28.596 0.0000000000
103627  -22.680  20.983  -28.703 0.0000000000
103628  -23.805  21.143  -28.785 0.0000000000
103629  -24.875  21.283  -28.788 0.0000000000
103630  -25.825  21.409  -28.902 0.0000000000
103634  -26.576  21.235  -29.175 0.0000000000
103635  -27.335  21.015  -29.514 0.0000000000
103636  -27.917  21.257  -29.816 0.0000000000
103641  -27.796  20.646  -29.971 0.0000000000
103642  -28.442  20.859  -30.214 0.0000000000
103643  -29.186  20.972  -30.612 0.0000000000
103647  -29.673  21.183  -31.121 0.0000000000
103648  -30.369  21.503  -31.530 0.0000000000
103649  -31.411  21.386  -31.515 0.0000000000
103650  -32.596  21.222  -31.161 0.0000000000
104194  -29.675  21.339  -19.372 0.0000000000
104195  -30.317  21.504  -19.119 0.0000000000
104201  -29.537  21.314  -20.537 0.0000000000
104209  -29.240  21.123  -21.878 0.0000000000
104213  -29.145  20.911  -22.658 0.0000000000
104218  -28.869  20.644  -23.624 0.0000000000
104219  -32.073  21.673  -23.636 0.0000000000
104223  -28.592  20.788  -24.396 0.0000000000
104224  -27.841  21.205  -25.311 0.0000000000
104225  -20.491  21.255  -27.090 0.0000000000
104226  -21.456  21.590  -26.854 0.0000000000
104227  -22.351  21.548  -26.565 0.0000000000
104228  -23.339  21.649  -26.562 0.0000000000
104229  -24.427  21.725  -26.535 0.0000000000
104230  -25.570  21.594  -26.386 0.0000000000
104231  -26.602  21.469  -26.087 0.0000000000
104232  -27.200  21.429  -25.752 0.0000000000
104233  -20.452  21.149  -27.675 0.0000000000
104234  -21.339  21.797  -27.541 0.0000000000
104235  -21.954  22.266  -27.790 0.0000000000
104236  -29.737  21.081  -25.970 0.0000000000
104237  -29.891  20.916  -26.739 0.0000000000
104238  -20.472  20.933  -28.052 0.0000000000
104239  -20.949  21.284  -28.185 0.0000000000
104240  -21.949  21.802  -28.267 0.0000000000
104241  -23.134  21.995  -28.382 0.0000000000
104242  -24.251  22.183  -28.442 0.0000000000
104243  -25.354  22.304  -28.487 0.0000000000
104244  -26.437  22.406  -28.751 0.0000000000
104245  -27.301  22.646  -28.901 0.0000000000
104246  -30.220  20.984  -27.515 0.0000000000
104247  -30.728  21.048  -28.286 0.0000000000
104248  -27.047  21.922  -29.215 0.0000000000
104249  -27.677  22.072  -29.566 0.0000000000
104250  -28.321  21.792  -29.908 0.0000000000
104251  -29.810  21.727  -27.787 0.0000000000
104252  -31.065  21.443  -29.134 0.0000000000
104253  -31.962  21.843  -29.767 0.0000000000
104254  -28.804  21.591  -30.321 0.0000000000
104255  -29.309  21.836  -30.699 0.0000000000
104256  -32.187  22.176  -30.414 0.0000000000
104257  -29.758  22.160  -31.250 0.0000000000
104258  -30.276  22.553  -31.296 0.0000000000
104259  -30.938  22.500  -31.339 0.0000000000
104260  -31.774  22.375  -31.053 0.0000000000
104785  -29.797  22.034  -19.525 0.0000000000
104786  -30.013  22.339  -19.371 0.0000000000
104787  -30.654  22.377  -19.327 0.0000000000
104793  -29.648  22.366  -20.050 0.0000000000
104794  -29.904  23.209  -19.800 0.0000000000
104802  -29.462  22.255  -21.624 0.0000000000
104808  -29.053  21.545  -23.522 0.0000000000
104812  -32.577  22.341  -23.538 0.0000000000
104815  -27.743  21.705  -25.468 0.0000000000
104816  -28.028  21.841  -25.373 0.0000000000
104817  -21.682  22.002  -26.919 0.0000000000
104818  -21.954  22.150  -26.856 0.0000000000
104819  -22.769  22.320  -26.852 0.0000000000
104820  -23.854  22.475  -26.866 0.0000000000
104821  -25.218  22.527  -26.848 0.0000000000
104822  -26.420  22.226  -26.478 0.0000000000
104823  -27.468  21.914  -25.799 0.0000000000
104824  -21.672  22.121  -27.117 0.0000000000
104825  -22.167  22.395  -27.339 0.0000000000
104826  -23.214  22.668  -27.394 0.0000000000
104827  -24.386  22.854  -27.433 0.0000000000
104828  -25.692  23.031  -27.384 0.0000000000
104829  -26.514  23.373  -27.348 0.0000000000
104830  -29.595  21.411  -26.235 0.0000000000
104831  -22.635  22.459  -27.889 0.0000000000
104832  -23.689  22.741  -27.994 0.0000000000
104833  -24.832  23.006  -28.061 0.0000000000
104834  -25.994  23.009  -27.958 0.0000000000
104835  -27.325  23.235  -27.712 0.0000000000
104836  -28.233  22.798  -28.819 0.0000000000
104837  -29.614  21.527  -26.734 0.0000000000
104838  -28.196  22.386  -29.681 0.0000000000
104839  -30.338  22.329  -29.164 0.0000000000
104840  -31.233  22.031  -29.617 0.0000000000
104841  -28.790  22.502  -30.117 0.0000000000
104842  -29.483  22.534  -30.719 0.0000000000
104843  -31.081  23.044  -29.962 0.0000000000
104844  -31.523  22.496  -29.876 0.0000000000
104845  -29.832  22.951  -31.035 0.0000000000
104846  -30.438  23.274  -31.105 0.0000000000
104847  -31.106  23.214  -30.728 0.0000000000
104848  -31.608  22.762  -30.433 0.0000000000
105333  -30.521  23.103  -19.611 0.0000000000
105334  -30.930  22.926  -19.575 0.0000000000
105339  -29.677  23.698  -20.984 0.0000000000
105340  -30.376  23.987  -20.163 0.0000000000
105341  -31.387  23.641  -20.055 0.0000000000
105349  -29.222  23.290  -23.063 0.0000000000
105359  -32.885  23.128  -23.522 0.0000000000
105363  -26.364  22.981  -26.776 0.0000000000
105364  -27.254  22.615  -26.286 0.0000000000
105365  -26.433  23.361  -27.015 0.0000000000
105366  -27.374  23.256  -26.642 0.0000000000
105367  -28.534  22.504  -25.249 0.0000000000
105368  -27.880  23.408  -26.828 0.0000000000
105369  -29.019  23.147  -26.102 0.0000000000
105370  -29.905  22.774  -29.248 0.0000000000
105371  -30.494  22.898  -29.715 0.0000000000
105372  -30.065  23.421  -29.968 0.0000000000
105373  -30.581  23.317  -30.056 0.0000000000
105374  -29.440  22.979  -30.442 0.0000000000
105375  -29.864  23.465  -30.521 0.0000000000
105376  -30.462  23.604  -30.546 0.0000000000
105868  -29.685  24.494  -21.155 0.0000000000
105869  -29.933  25.026  -20.823 0.0000000000
105870  -31.028  25.057  -20.355 0.0000000000
105871  -32.235  25.007  -20.488 0.0000000000
105878  -29.480  24.638  -21.922 0.0000000000
105879  -29.731  25.506  -21.595 0.0000000000
105883  -28.726  24.521  -23.651 0.0000000000
105887  -32.541  23.616  -23.617 0.0000000000
105888  -33.260  23.987  -23.526 0.0000000000
106438  -29.917  25.968  -21.121 0.0000000000
106439  -30.610  26.251  -20.939 0.0000000000
106440  -31.775  26.109  -20.726 0.0000000000
106441  -32.980  26.168  -20.625 0.0000000000
106446  -29.375  25.603  -22.620 0.0000000000
106447  -29.854  26.148  -21.857 0.0000000000
106448  -30.215  26.338  -21.451 0.0000000000
106452  -28.926  25.474  -23.418 0.0000000000
106453  -33.940  25.803  -23.168 0.0000000000
106457  -32.331  24.337  -23.745 0.0000000000
106458  -33.580  24.894  -23.514 0.0000000000
107055  -30.787  26.718  -21.393 0.0000000000
107056  -31.305  26.857  -21.295 0.0000000000
107057  -32.417  26.964  -21.216 0.0000000000
107058  -33.608  26.934  -21.136 0.0000000000
107062  -29.438  25.963  -22.853 0.0000000000
107063  -29.598  26.251  -22.716 0.0000000000
107064  -30.415  26.938  -22.170 0.0000000000
107065  -31.754  27.475  -22.086 0.0000000000
107066  -32.850  27.322  -22.143 0.0000000000
107067  -34.104  27.119  -21.877 0.0000000000
107071  -29.267  25.914  -23.264 0.0000000000
107072  -29.436  26.531  -23.772 0.0000000000
107073  -30.221  27.233  -23.773 0.0000000000
107074  -31.956  26.327  -23.889 0.0000000000
107075  -32.865  26.634  -23.203 0.0000000000
107076  -34.491  26.441  -22.412 0.0000000000
107078  -30.591  25.211  -24.878 0.0000000000
107079  -31.129  25.135  -24.492 0.0000000000
107080  -32.780  25.437  -23.584 0.0000000000
107642  -31.191  27.607  -23.312 0.0000000000
107643  -32.168  27.552  -22.949 0.0000000000
107644  -32.627  27.314  -22.883 0.0000000000
107645  -29.956  26.521  -24.537 0.0000000000
107646  -30.745  26.847  -24.317 0.0000000000
107647  -31.752  26.864  -23.867 0.0000000000
107648  -32.394  27.206  -23.234 0.0000000000
107649  -30.236  25.408  -24.889 0.0000000000
107650  -31.007  26.212  -24.524 0.0000000000
130284  -30.237  20.727  -24.879 0.0000000000
130285  -28.600  21.306  -24.592 0.0000000000
130286  -30.594  23.279  -24.517 0.0000000000
130287  -28.533  21.685  -24.896 0.0000000000
130288  -29.825  23.409  -25.160 0.0000000000
130289  -28.913  25.363  -24.278 0.0000000000
130290  -31.689  22.829  -23.755 0.0000000000
130291  -28.718  23.448  -24.483 0.0000000000
130292  -29.884  21.294  -25.259 0.0000000000
130293  -31.401  23.963  -24.088 0.0000000000
130294  -29.509  22.186  -25.527 0.0000000000
130295  -29.328  22.139  -26.549 0.0000000000
130296  -30.259  24.833  -25.126 0.0000000000
130297  -29.317  22.963  -25.514 0.0000000000
130298  -29.598  24.748  -25.284 0.0000000000
130299  -29.406  22.841  -29.385 0.0000000000
130300  -29.523  25.425  -24.870 0.0000000000
