#!ascii label  , from subject FREESURFER vox2ras=TkReg 
2220
4170  34.615  -88.357  18.856 0.0000000000
4171  34.369  -88.326  18.888 0.0000000000
4181  34.730  -88.363  18.394 0.0000000000
4182  34.509  -88.326  18.484 0.0000000000
4195  34.938  -88.308  17.974 0.0000000000
4196  34.664  -88.245  17.870 0.0000000000
4204  34.937  -88.324  17.265 0.0000000000
4205  34.434  -88.241  16.942 0.0000000000
4206  33.916  -88.318  16.360 0.0000000000
4216  34.840  -88.393  16.482 0.0000000000
4217  34.294  -88.513  16.064 0.0000000000
4218  33.670  -88.403  15.840 0.0000000000
4718  34.633  -87.620  21.024 0.0000000000
4719  34.450  -87.606  20.747 0.0000000000
4725  35.673  -87.430  20.161 0.0000000000
4726  34.897  -87.936  20.345 0.0000000000
4727  34.366  -87.710  20.140 0.0000000000
4735  35.548  -87.660  19.327 0.0000000000
4736  34.885  -88.235  19.330 0.0000000000
4737  34.431  -88.105  19.318 0.0000000000
4747  35.761  -87.522  18.180 0.0000000000
4748  35.134  -88.261  18.568 0.0000000000
4749  34.354  -88.241  18.684 0.0000000000
4762  35.788  -87.562  17.306 0.0000000000
4763  35.319  -88.054  17.663 0.0000000000
4764  34.400  -88.088  17.907 0.0000000000
4776  36.048  -87.341  16.668 0.0000000000
4777  35.462  -88.012  16.677 0.0000000000
4778  34.070  -88.026  16.934 0.0000000000
4779  33.376  -88.096  16.231 0.0000000000
4780  32.645  -87.866  15.914 0.0000000000
4788  35.868  -87.481  15.974 0.0000000000
4789  35.125  -88.149  15.573 0.0000000000
4790  34.055  -88.290  15.386 0.0000000000
4791  32.990  -88.136  15.312 0.0000000000
4792  32.290  -87.723  15.504 0.0000000000
4800  34.597  -87.942  14.977 0.0000000000
4801  33.838  -87.871  14.874 0.0000000000
4802  33.208  -87.742  14.868 0.0000000000
5332  34.415  -86.477  24.044 0.0000000000
5333  34.144  -86.545  24.076 0.0000000000
5334  33.747  -86.521  24.071 0.0000000000
5342  34.597  -86.638  23.579 0.0000000000
5343  33.969  -86.772  23.732 0.0000000000
5344  33.619  -86.524  23.827 0.0000000000
5354  35.736  -86.570  22.194 0.0000000000
5355  34.817  -87.136  22.549 0.0000000000
5356  33.920  -86.801  22.981 0.0000000000
5357  33.661  -86.615  23.548 0.0000000000
5366  36.066  -86.696  21.297 0.0000000000
5367  35.109  -87.439  21.481 0.0000000000
5368  34.270  -87.177  21.582 0.0000000000
5375  36.245  -86.857  20.462 0.0000000000
5376  35.552  -87.328  20.774 0.0000000000
5377  34.066  -87.245  20.554 0.0000000000
5388  36.218  -87.046  19.725 0.0000000000
5389  34.418  -86.676  19.029 0.0000000000
5390  34.200  -87.234  19.516 0.0000000000
5399  36.876  -86.328  18.423 0.0000000000
5400  36.552  -86.697  18.730 0.0000000000
5401  34.356  -87.031  18.756 0.0000000000
5402  34.248  -87.721  18.584 0.0000000000
5411  36.849  -86.382  18.082 0.0000000000
5412  36.456  -86.840  17.398 0.0000000000
5413  34.436  -87.021  18.094 0.0000000000
5414  34.336  -87.603  17.608 0.0000000000
5426  36.961  -86.134  15.734 0.0000000000
5427  36.579  -86.653  16.134 0.0000000000
5428  34.466  -86.936  17.428 0.0000000000
5429  34.065  -87.261  16.770 0.0000000000
5430  33.170  -87.211  16.295 0.0000000000
5431  32.086  -87.139  16.156 0.0000000000
5432  31.448  -86.418  16.497 0.0000000000
5443  36.741  -86.316  15.355 0.0000000000
5444  35.977  -87.004  15.012 0.0000000000
5445  35.114  -87.608  14.997 0.0000000000
5446  32.253  -87.710  15.111 0.0000000000
5447  31.835  -87.171  15.307 0.0000000000
5448  31.306  -86.745  15.937 0.0000000000
5449  31.030  -86.328  16.431 0.0000000000
5458  35.536  -86.514  14.614 0.0000000000
5459  34.739  -87.114  14.661 0.0000000000
5460  33.520  -87.191  14.700 0.0000000000
5461  32.634  -87.426  14.884 0.0000000000
5462  32.126  -87.380  14.989 0.0000000000
5950  34.435  -85.546  25.183 0.0000000000
5951  33.865  -85.798  25.365 0.0000000000
5952  33.167  -85.990  25.209 0.0000000000
5957  34.626  -85.994  24.469 0.0000000000
5958  33.775  -86.278  24.593 0.0000000000
5959  33.401  -86.247  24.324 0.0000000000
5968  36.096  -85.522  23.233 0.0000000000
5969  35.648  -85.745  23.561 0.0000000000
5970  33.342  -85.990  23.386 0.0000000000
5971  33.328  -86.231  23.751 0.0000000000
5981  36.233  -85.735  22.850 0.0000000000
5982  35.444  -86.489  22.993 0.0000000000
5983  33.525  -86.221  23.121 0.0000000000
5984  33.583  -86.543  23.405 0.0000000000
5995  37.444  -85.317  21.092 0.0000000000
5996  36.835  -85.645  21.873 0.0000000000
5997  33.719  -86.287  22.155 0.0000000000
6007  37.503  -85.504  20.234 0.0000000000
6008  36.854  -86.041  20.814 0.0000000000
6009  33.977  -86.170  20.970 0.0000000000
6018  37.435  -85.672  19.327 0.0000000000
6019  36.833  -86.252  19.783 0.0000000000
6020  34.528  -86.041  19.325 0.0000000000
6021  34.193  -86.553  20.128 0.0000000000
6030  37.206  -85.966  18.397 0.0000000000
6031  37.011  -86.119  19.075 0.0000000000
6032  34.690  -86.274  18.446 0.0000000000
6044  37.036  -86.096  17.383 0.0000000000
6045  36.817  -86.341  16.712 0.0000000000
6046  34.691  -86.405  17.724 0.0000000000
6059  37.148  -85.885  16.333 0.0000000000
6060  36.859  -86.289  16.369 0.0000000000
6061  34.619  -86.272  17.092 0.0000000000
6062  34.031  -86.196  16.541 0.0000000000
6063  33.124  -86.091  16.331 0.0000000000
6064  32.221  -85.884  16.585 0.0000000000
6077  37.303  -85.638  15.305 0.0000000000
6078  36.727  -86.053  14.872 0.0000000000
6079  31.596  -86.755  15.094 0.0000000000
6080  31.342  -86.510  15.386 0.0000000000
6081  30.747  -86.122  15.990 0.0000000000
6089  37.178  -85.247  14.585 0.0000000000
6090  36.159  -85.825  14.457 0.0000000000
6091  35.057  -85.930  14.507 0.0000000000
6092  33.942  -86.167  14.474 0.0000000000
6093  32.844  -86.417  14.605 0.0000000000
6094  31.997  -86.784  14.875 0.0000000000
6600  34.966  -84.971  25.189 0.0000000000
6610  36.122  -84.764  23.759 0.0000000000
6611  35.638  -85.025  24.256 0.0000000000
6612  32.909  -85.818  24.667 0.0000000000
6622  36.289  -85.131  23.314 0.0000000000
6623  35.946  -85.149  23.705 0.0000000000
6624  33.412  -85.569  23.447 0.0000000000
6625  33.062  -85.452  24.142 0.0000000000
6637  37.355  -84.539  22.161 0.0000000000
6638  37.020  -84.775  22.537 0.0000000000
6639  33.649  -85.426  22.643 0.0000000000
6650  37.530  -84.735  21.786 0.0000000000
6651  37.199  -85.059  22.099 0.0000000000
6652  33.982  -85.092  21.705 0.0000000000
6665  38.423  -83.987  20.073 0.0000000000
6666  38.126  -84.596  20.571 0.0000000000
6667  34.928  -84.000  19.832 0.0000000000
6668  34.509  -84.496  20.541 0.0000000000
6682  38.335  -84.246  19.254 0.0000000000
6683  37.972  -85.086  19.647 0.0000000000
6684  34.891  -84.704  19.458 0.0000000000
6685  34.398  -85.617  20.099 0.0000000000
6701  38.328  -84.438  17.927 0.0000000000
6702  37.904  -85.145  18.671 0.0000000000
6703  35.048  -85.174  18.530 0.0000000000
6720  38.480  -84.361  16.679 0.0000000000
6721  37.739  -85.249  17.327 0.0000000000
6722  34.999  -85.610  17.688 0.0000000000
6736  38.735  -84.283  15.853 0.0000000000
6737  38.038  -84.866  15.870 0.0000000000
6738  34.744  -85.251  16.961 0.0000000000
6739  34.002  -85.063  16.613 0.0000000000
6740  33.156  -84.889  16.563 0.0000000000
6759  39.487  -84.118  14.787 0.0000000000
6760  39.101  -84.279  15.087 0.0000000000
6761  38.110  -84.797  14.794 0.0000000000
6762  31.579  -86.295  15.030 0.0000000000
6763  31.195  -85.574  15.271 0.0000000000
6764  30.406  -85.171  15.748 0.0000000000
6779  39.419  -84.146  14.512 0.0000000000
6780  38.953  -84.291  14.156 0.0000000000
6781  37.895  -84.347  14.085 0.0000000000
6782  36.613  -84.632  14.302 0.0000000000
6783  35.460  -84.845  14.385 0.0000000000
6784  34.298  -85.009  14.321 0.0000000000
6785  33.140  -85.235  14.358 0.0000000000
6786  31.978  -85.515  14.676 0.0000000000
6787  31.459  -84.943  14.962 0.0000000000
6802  38.856  -84.143  13.843 0.0000000000
6803  38.617  -84.191  13.919 0.0000000000
7366  36.047  -84.341  24.083 0.0000000000
7368  32.740  -84.799  24.953 0.0000000000
7369  32.614  -83.763  25.271 0.0000000000
7374  36.505  -84.207  23.467 0.0000000000
7375  33.578  -84.708  23.082 0.0000000000
7376  33.233  -84.421  23.829 0.0000000000
7388  37.475  -84.112  22.162 0.0000000000
7389  37.009  -83.667  22.765 0.0000000000
7390  33.828  -84.254  22.390 0.0000000000
7403  38.047  -83.685  21.418 0.0000000000
7404  34.256  -83.597  21.438 0.0000000000
7419  38.397  -83.291  19.764 0.0000000000
7420  38.365  -83.698  20.544 0.0000000000
7421  34.891  -83.280  20.057 0.0000000000
7422  34.557  -83.502  20.682 0.0000000000
7439  38.425  -83.392  18.859 0.0000000000
7440  35.290  -83.624  19.292 0.0000000000
7458  38.517  -83.778  18.280 0.0000000000
7459  35.364  -84.180  18.646 0.0000000000
7475  38.736  -83.676  17.269 0.0000000000
7476  35.255  -84.362  17.679 0.0000000000
7491  39.785  -83.454  15.538 0.0000000000
7492  39.305  -83.649  15.912 0.0000000000
7493  34.752  -84.164  16.839 0.0000000000
7494  33.980  -83.961  16.549 0.0000000000
7514  39.802  -83.813  14.983 0.0000000000
7515  39.428  -83.932  15.280 0.0000000000
7516  31.007  -84.218  15.243 0.0000000000
7517  30.258  -84.245  15.792 0.0000000000
7530  39.541  -83.952  14.093 0.0000000000
7531  39.258  -84.114  13.955 0.0000000000
7532  37.882  -83.479  13.874 0.0000000000
7533  36.915  -83.611  14.108 0.0000000000
7534  35.799  -83.732  14.322 0.0000000000
7535  34.640  -83.862  14.405 0.0000000000
7536  33.483  -84.044  14.424 0.0000000000
7537  32.420  -84.292  14.530 0.0000000000
7538  31.695  -84.480  14.787 0.0000000000
7550  39.413  -83.814  13.878 0.0000000000
7551  39.154  -83.996  13.779 0.0000000000
7552  38.550  -83.982  13.791 0.0000000000
8130  36.133  -83.695  24.109 0.0000000000
8132  32.874  -83.518  24.473 0.0000000000
8133  32.541  -82.726  24.959 0.0000000000
8138  36.463  -83.034  23.572 0.0000000000
8140  33.573  -83.832  23.047 0.0000000000
8141  33.323  -82.959  23.516 0.0000000000
8147  37.478  -83.162  22.119 0.0000000000
8148  36.906  -82.616  22.694 0.0000000000
8149  33.823  -82.930  22.429 0.0000000000
8150  33.605  -82.048  22.937 0.0000000000
8165  37.743  -82.516  21.404 0.0000000000
8166  34.222  -82.285  21.499 0.0000000000
8185  38.267  -82.224  19.854 0.0000000000
8186  38.256  -82.838  20.641 0.0000000000
8187  34.835  -82.186  19.995 0.0000000000
8188  34.565  -82.715  20.724 0.0000000000
8205  38.380  -82.542  18.934 0.0000000000
8206  35.273  -82.591  19.299 0.0000000000
8221  38.689  -83.033  18.034 0.0000000000
8222  35.429  -83.100  18.314 0.0000000000
8237  39.790  -82.619  16.562 0.0000000000
8238  39.343  -82.809  16.895 0.0000000000
8239  35.138  -83.224  17.296 0.0000000000
8240  34.696  -82.613  17.045 0.0000000000
8257  41.841  -82.242  15.031 0.0000000000
8258  41.425  -82.392  15.218 0.0000000000
8259  40.215  -82.872  15.852 0.0000000000
8260  39.636  -83.141  16.205 0.0000000000
8261  34.578  -83.318  16.787 0.0000000000
8262  33.962  -82.843  16.630 0.0000000000
8281  41.707  -82.197  14.711 0.0000000000
8282  40.974  -82.899  14.773 0.0000000000
8283  40.379  -83.301  14.885 0.0000000000
8284  31.149  -82.823  15.147 0.0000000000
8285  30.325  -83.035  15.712 0.0000000000
8298  41.529  -81.996  14.431 0.0000000000
8299  41.032  -82.339  14.464 0.0000000000
8300  40.003  -83.086  14.282 0.0000000000
8301  38.989  -82.786  13.949 0.0000000000
8302  38.052  -82.678  14.001 0.0000000000
8303  37.103  -82.644  14.128 0.0000000000
8304  36.074  -82.661  14.300 0.0000000000
8305  34.964  -82.723  14.453 0.0000000000
8306  33.805  -82.858  14.548 0.0000000000
8307  32.665  -83.082  14.648 0.0000000000
8308  31.753  -83.476  14.836 0.0000000000
8319  39.557  -83.658  13.977 0.0000000000
8320  39.352  -83.543  13.897 0.0000000000
8321  38.691  -83.442  13.787 0.0000000000
8900  32.328  -81.930  25.492 0.0000000000
8913  32.878  -82.464  24.207 0.0000000000
8914  32.643  -81.556  24.465 0.0000000000
8923  33.141  -81.653  23.599 0.0000000000
8924  32.851  -81.032  23.858 0.0000000000
8933  37.243  -82.266  22.034 0.0000000000
8935  33.864  -81.702  22.192 0.0000000000
8936  33.536  -81.125  22.804 0.0000000000
8947  37.267  -81.415  21.519 0.0000000000
8949  34.207  -81.309  21.517 0.0000000000
8965  38.201  -81.637  19.914 0.0000000000
8966  37.931  -81.652  20.530 0.0000000000
8967  34.851  -81.442  19.951 0.0000000000
8968  34.590  -81.570  20.698 0.0000000000
8985  38.294  -81.374  19.259 0.0000000000
8986  38.145  -81.324  19.941 0.0000000000
8987  35.094  -81.626  19.402 0.0000000000
9000  38.690  -81.925  17.955 0.0000000000
9001  35.292  -81.943  18.611 0.0000000000
9017  39.799  -82.097  16.979 0.0000000000
9018  39.233  -82.066  17.339 0.0000000000
9019  35.172  -82.061  17.661 0.0000000000
9020  34.288  -81.844  17.133 0.0000000000
9041  42.445  -81.349  15.318 0.0000000000
9042  42.107  -81.807  15.320 0.0000000000
9043  41.276  -81.926  15.998 0.0000000000
9044  40.543  -81.713  16.699 0.0000000000
9064  42.606  -81.283  15.019 0.0000000000
9065  42.226  -81.696  14.727 0.0000000000
9066  31.215  -82.272  15.053 0.0000000000
9067  30.852  -82.017  15.198 0.0000000000
9080  42.440  -81.238  14.596 0.0000000000
9081  41.939  -81.584  14.393 0.0000000000
9082  41.238  -81.697  14.388 0.0000000000
9083  40.367  -81.922  14.397 0.0000000000
9084  39.321  -81.988  14.399 0.0000000000
9085  38.285  -81.868  14.330 0.0000000000
9086  37.323  -81.726  14.291 0.0000000000
9087  36.344  -81.636  14.371 0.0000000000
9088  35.291  -81.607  14.456 0.0000000000
9089  34.165  -81.671  14.578 0.0000000000
9090  32.982  -81.830  14.607 0.0000000000
9091  31.656  -82.050  14.753 0.0000000000
9092  31.095  -81.441  14.977 0.0000000000
9670  32.294  -81.162  25.987 0.0000000000
9688  32.387  -80.726  25.083 0.0000000000
9700  33.084  -80.548  23.297 0.0000000000
9701  32.640  -80.436  24.072 0.0000000000
9711  33.867  -80.604  22.032 0.0000000000
9712  33.448  -80.320  22.644 0.0000000000
9723  34.369  -80.448  21.102 0.0000000000
9736  37.457  -80.571  20.831 0.0000000000
9737  34.949  -81.188  19.687 0.0000000000
9738  34.822  -80.717  19.999 0.0000000000
9755  38.313  -80.342  19.327 0.0000000000
9756  38.030  -80.671  20.014 0.0000000000
9757  35.049  -81.029  19.424 0.0000000000
9758  35.014  -80.558  19.163 0.0000000000
9773  39.426  -80.065  17.991 0.0000000000
9774  38.788  -80.424  18.334 0.0000000000
9775  35.216  -81.162  18.885 0.0000000000
9776  35.056  -80.733  18.529 0.0000000000
9790  42.271  -80.597  16.596 0.0000000000
9791  41.729  -80.605  16.980 0.0000000000
9792  40.938  -80.568  17.222 0.0000000000
9793  39.892  -80.718  17.349 0.0000000000
9794  39.183  -81.416  17.511 0.0000000000
9795  35.179  -81.314  18.265 0.0000000000
9796  34.784  -80.866  17.836 0.0000000000
9797  34.015  -80.726  17.295 0.0000000000
9817  43.056  -80.477  15.502 0.0000000000
9818  42.572  -80.887  15.746 0.0000000000
9819  41.906  -81.231  16.254 0.0000000000
9820  41.190  -81.210  16.695 0.0000000000
9821  40.629  -81.050  16.969 0.0000000000
9839  43.191  -80.484  15.089 0.0000000000
9840  42.957  -80.817  15.169 0.0000000000
9841  41.218  -80.225  14.522 0.0000000000
9842  40.872  -80.502  14.612 0.0000000000
9843  40.293  -80.483  14.868 0.0000000000
9857  43.289  -80.286  14.895 0.0000000000
9858  43.050  -80.693  14.602 0.0000000000
9859  42.393  -80.767  14.324 0.0000000000
9860  41.551  -80.822  14.408 0.0000000000
9861  40.680  -81.118  14.528 0.0000000000
9862  39.650  -80.975  14.724 0.0000000000
9863  38.566  -80.993  14.661 0.0000000000
9864  37.590  -80.822  14.500 0.0000000000
9865  36.647  -80.665  14.364 0.0000000000
9866  35.649  -80.537  14.384 0.0000000000
9867  34.567  -80.498  14.452 0.0000000000
9868  33.445  -80.620  14.512 0.0000000000
9869  32.332  -80.793  14.581 0.0000000000
9870  31.348  -80.811  14.799 0.0000000000
10417  32.331  -79.943  25.931 0.0000000000
10440  32.372  -79.359  24.575 0.0000000000
10453  33.211  -79.929  22.844 0.0000000000
10454  32.859  -79.422  23.238 0.0000000000
10464  34.008  -79.956  21.675 0.0000000000
10465  33.569  -79.439  22.227 0.0000000000
10466  33.158  -78.926  22.647 0.0000000000
10477  34.141  -79.375  21.267 0.0000000000
10478  33.864  -78.931  21.647 0.0000000000
10486  42.690  -79.028  20.814 0.0000000000
10487  41.991  -79.108  20.217 0.0000000000
10488  38.150  -79.134  20.148 0.0000000000
10489  37.809  -79.593  20.397 0.0000000000
10490  34.587  -79.699  20.349 0.0000000000
10505  43.312  -78.874  18.894 0.0000000000
10506  42.863  -79.067  19.528 0.0000000000
10507  41.945  -79.223  19.224 0.0000000000
10508  39.149  -79.006  19.181 0.0000000000
10509  38.565  -79.389  19.435 0.0000000000
10510  38.140  -79.972  19.765 0.0000000000
10511  34.789  -79.960  19.535 0.0000000000
10530  43.046  -79.241  18.158 0.0000000000
10531  42.213  -79.394  18.375 0.0000000000
10532  41.258  -79.299  18.446 0.0000000000
10533  40.347  -79.309  18.321 0.0000000000
10534  39.366  -79.425  18.590 0.0000000000
10535  38.837  -79.702  18.726 0.0000000000
10536  34.755  -79.946  18.677 0.0000000000
10553  42.960  -79.569  16.970 0.0000000000
10554  42.364  -79.920  17.323 0.0000000000
10555  41.540  -79.903  17.632 0.0000000000
10556  40.632  -79.878  17.733 0.0000000000
10557  39.883  -79.819  17.911 0.0000000000
10558  34.366  -79.793  17.851 0.0000000000
10559  33.668  -79.711  17.541 0.0000000000
10560  32.900  -79.589  17.471 0.0000000000
10574  43.039  -80.096  16.111 0.0000000000
10575  42.675  -80.236  16.576 0.0000000000
10587  43.344  -79.967  15.414 0.0000000000
10588  41.837  -79.519  14.185 0.0000000000
10589  41.466  -79.729  14.442 0.0000000000
10590  40.703  -79.817  14.888 0.0000000000
10591  39.615  -79.869  15.252 0.0000000000
10592  38.652  -79.533  15.238 0.0000000000
10604  43.360  -79.804  14.641 0.0000000000
10605  43.017  -79.959  13.913 0.0000000000
10606  42.117  -79.984  14.134 0.0000000000
10607  41.593  -80.217  14.349 0.0000000000
10608  38.833  -80.285  15.034 0.0000000000
10609  37.938  -79.908  14.888 0.0000000000
10610  37.009  -79.783  14.520 0.0000000000
10611  36.090  -79.587  14.338 0.0000000000
10612  35.013  -79.358  14.262 0.0000000000
10613  33.869  -79.344  14.257 0.0000000000
10614  32.864  -79.701  14.425 0.0000000000
10615  31.877  -79.794  14.639 0.0000000000
10624  43.301  -79.383  14.114 0.0000000000
10625  43.174  -79.287  13.867 0.0000000000
10626  34.396  -78.749  14.094 0.0000000000
10627  34.003  -78.645  14.013 0.0000000000
11190  32.382  -78.896  26.533 0.0000000000
11205  32.273  -78.621  25.530 0.0000000000
11231  32.235  -78.038  24.622 0.0000000000
11250  32.526  -78.305  23.638 0.0000000000
11267  33.331  -78.454  22.281 0.0000000000
11268  32.921  -78.394  22.812 0.0000000000
11281  34.001  -78.396  21.201 0.0000000000
11282  33.665  -78.544  21.822 0.0000000000
11286  43.265  -78.333  20.416 0.0000000000
11287  43.094  -78.782  20.418 0.0000000000
11291  38.396  -78.791  20.245 0.0000000000
11293  34.376  -78.840  20.545 0.0000000000
11299  43.382  -78.474  19.379 0.0000000000
11300  43.179  -78.642  19.959 0.0000000000
11301  41.101  -78.920  19.424 0.0000000000
11302  40.203  -78.596  19.745 0.0000000000
11303  39.256  -78.651  19.739 0.0000000000
11304  38.741  -78.750  19.927 0.0000000000
11305  34.613  -78.991  19.558 0.0000000000
11316  43.464  -78.566  18.370 0.0000000000
11317  40.757  -79.028  18.739 0.0000000000
11318  40.236  -78.886  18.931 0.0000000000
11319  39.621  -78.821  19.181 0.0000000000
11320  34.416  -78.912  18.517 0.0000000000
11332  43.332  -78.789  17.315 0.0000000000
11333  33.973  -78.903  17.898 0.0000000000
11334  33.407  -78.786  17.670 0.0000000000
11335  32.688  -78.557  17.544 0.0000000000
11336  31.828  -78.374  17.566 0.0000000000
11346  43.256  -79.258  16.264 0.0000000000
11353  43.382  -79.043  15.370 0.0000000000
11354  41.644  -79.305  14.307 0.0000000000
11355  41.225  -78.998  14.649 0.0000000000
11356  40.217  -78.899  15.204 0.0000000000
11357  39.129  -78.795  15.363 0.0000000000
11358  38.038  -78.773  15.241 0.0000000000
11359  37.274  -78.436  15.028 0.0000000000
11367  43.392  -78.865  14.533 0.0000000000
11368  42.608  -79.522  13.825 0.0000000000
11369  42.110  -78.965  13.944 0.0000000000
11370  41.464  -78.342  14.314 0.0000000000
11371  37.328  -79.117  14.837 0.0000000000
11372  36.615  -78.716  14.636 0.0000000000
11373  35.685  -78.567  14.357 0.0000000000
11374  34.893  -78.336  14.101 0.0000000000
11375  33.188  -79.019  14.229 0.0000000000
11376  32.510  -78.719  14.297 0.0000000000
11377  31.494  -78.944  14.579 0.0000000000
11385  43.336  -78.726  13.884 0.0000000000
11386  43.029  -78.966  13.539 0.0000000000
11387  42.622  -78.636  13.289 0.0000000000
11388  34.243  -78.200  13.861 0.0000000000
11389  33.489  -78.375  13.950 0.0000000000
11390  32.876  -78.070  13.940 0.0000000000
11959  32.424  -77.958  27.073 0.0000000000
11973  32.268  -77.985  26.161 0.0000000000
11988  32.060  -77.531  25.418 0.0000000000
12013  31.960  -77.175  24.671 0.0000000000
12035  32.229  -77.296  23.876 0.0000000000
12056  33.102  -77.926  22.373 0.0000000000
12057  32.673  -77.332  22.669 0.0000000000
12075  33.926  -77.808  21.017 0.0000000000
12076  33.424  -77.564  21.633 0.0000000000
12077  32.941  -77.153  22.030 0.0000000000
12088  34.226  -77.858  20.292 0.0000000000
12089  33.851  -77.523  20.854 0.0000000000
12094  43.317  -77.862  19.667 0.0000000000
12095  42.796  -77.430  19.918 0.0000000000
12096  34.456  -77.982  19.128 0.0000000000
12104  43.570  -77.930  18.655 0.0000000000
12105  43.032  -77.400  18.867 0.0000000000
12106  34.026  -78.045  18.259 0.0000000000
12107  33.824  -77.397  18.197 0.0000000000
12119  43.558  -78.069  17.610 0.0000000000
12120  43.166  -77.537  17.825 0.0000000000
12121  33.710  -78.346  17.885 0.0000000000
12122  33.396  -77.716  17.771 0.0000000000
12123  32.454  -77.504  17.497 0.0000000000
12124  31.511  -77.391  17.539 0.0000000000
12135  43.429  -78.138  16.287 0.0000000000
12136  43.282  -77.617  16.988 0.0000000000
12140  43.375  -78.162  15.109 0.0000000000
12141  40.789  -78.102  14.835 0.0000000000
12142  39.770  -77.946  15.215 0.0000000000
12143  38.711  -77.838  15.347 0.0000000000
12144  37.734  -77.758  15.277 0.0000000000
12145  36.895  -77.807  15.079 0.0000000000
12151  43.547  -77.845  14.229 0.0000000000
12152  41.736  -78.252  13.840 0.0000000000
12153  41.293  -77.610  14.052 0.0000000000
12154  40.333  -77.340  14.635 0.0000000000
12155  36.166  -77.803  14.700 0.0000000000
12156  35.394  -77.649  14.388 0.0000000000
12157  34.645  -77.518  14.014 0.0000000000
12158  31.909  -78.356  14.348 0.0000000000
12159  31.332  -78.160  14.430 0.0000000000
12171  44.281  -77.185  12.942 0.0000000000
12172  43.824  -77.809  13.183 0.0000000000
12173  43.141  -78.376  12.753 0.0000000000
12174  42.053  -78.092  13.014 0.0000000000
12175  41.420  -77.591  13.401 0.0000000000
12176  33.955  -77.547  13.660 0.0000000000
12177  33.208  -77.547  13.684 0.0000000000
12178  32.266  -77.656  14.006 0.0000000000
12179  31.232  -77.285  14.144 0.0000000000
12192  44.292  -77.248  12.488 0.0000000000
12193  43.853  -77.860  12.155 0.0000000000
12194  43.075  -78.066  11.859 0.0000000000
12195  42.123  -77.763  11.726 0.0000000000
12202  44.304  -77.313  11.808 0.0000000000
12203  43.971  -77.727  11.276 0.0000000000
12204  42.970  -77.652  10.848 0.0000000000
12205  41.647  -77.451  10.783 0.0000000000
12206  40.780  -77.322  10.386 0.0000000000
12211  42.282  -77.220  10.240 0.0000000000
12212  41.221  -77.252  9.812 0.0000000000
12213  40.246  -77.196  9.813 0.0000000000
12214  39.816  -76.998  9.626 0.0000000000
12218  40.923  -76.988  9.453 0.0000000000
12219  40.389  -77.043  9.261 0.0000000000
12220  39.923  -77.112  9.273 0.0000000000
12228  40.090  -77.016  8.906 0.0000000000
12229  39.995  -77.166  9.020 0.0000000000
12758  32.518  -76.912  27.591 0.0000000000
12772  32.267  -76.938  26.343 0.0000000000
12787  31.945  -76.391  25.216 0.0000000000
12788  31.900  -75.735  24.909 0.0000000000
12805  31.938  -76.543  24.260 0.0000000000
12806  31.872  -75.991  24.541 0.0000000000
12822  32.146  -76.395  23.351 0.0000000000
12823  31.872  -75.940  23.944 0.0000000000
12840  32.400  -76.319  22.611 0.0000000000
12857  33.339  -76.776  21.227 0.0000000000
12858  32.851  -76.534  21.829 0.0000000000
12876  34.044  -77.334  20.123 0.0000000000
12877  33.768  -76.923  20.459 0.0000000000
12895  34.111  -77.263  19.655 0.0000000000
12896  33.819  -76.399  19.262 0.0000000000
12907  42.094  -77.011  19.111 0.0000000000
12908  41.089  -76.562  18.861 0.0000000000
12909  40.323  -76.257  18.727 0.0000000000
12910  39.839  -76.036  18.533 0.0000000000
12911  34.060  -77.257  18.742 0.0000000000
12912  33.629  -76.687  18.210 0.0000000000
12928  42.400  -77.064  17.915 0.0000000000
12929  41.470  -76.664  17.990 0.0000000000
12930  40.511  -76.306  17.868 0.0000000000
12931  40.046  -76.147  18.206 0.0000000000
12932  32.994  -76.624  17.647 0.0000000000
12933  32.113  -76.460  17.526 0.0000000000
12934  31.128  -76.389  17.567 0.0000000000
12953  43.193  -77.301  16.200 0.0000000000
12954  42.742  -77.043  16.804 0.0000000000
12955  41.593  -76.537  16.866 0.0000000000
12956  41.018  -76.409  17.355 0.0000000000
12965  43.521  -76.972  15.091 0.0000000000
12966  42.944  -76.564  15.710 0.0000000000
12967  42.226  -76.423  16.043 0.0000000000
12968  39.401  -77.032  15.062 0.0000000000
12969  38.363  -76.882  15.300 0.0000000000
12970  37.332  -76.860  15.289 0.0000000000
12971  36.554  -77.162  15.099 0.0000000000
12977  44.669  -76.183  13.405 0.0000000000
12978  44.200  -76.638  13.721 0.0000000000
12979  40.658  -77.103  14.109 0.0000000000
12980  40.029  -76.572  14.228 0.0000000000
12981  39.007  -76.098  14.832 0.0000000000
12982  37.949  -76.023  15.098 0.0000000000
12983  35.919  -76.921  14.843 0.0000000000
12984  35.108  -76.723  14.451 0.0000000000
12985  34.294  -76.648  13.879 0.0000000000
12986  33.703  -76.338  13.608 0.0000000000
12991  44.611  -76.529  12.987 0.0000000000
12992  44.258  -77.050  13.194 0.0000000000
12993  41.478  -77.548  13.103 0.0000000000
12994  40.969  -77.043  13.411 0.0000000000
12995  40.175  -76.215  13.211 0.0000000000
12996  33.653  -76.946  13.549 0.0000000000
12997  32.975  -76.655  13.520 0.0000000000
12998  31.970  -76.563  13.673 0.0000000000
13007  44.600  -76.584  12.128 0.0000000000
13008  41.470  -77.463  12.544 0.0000000000
13009  40.850  -76.807  12.370 0.0000000000
13010  40.047  -76.259  12.142 0.0000000000
13016  44.407  -76.877  11.404 0.0000000000
13017  44.002  -77.163  10.738 0.0000000000
13018  43.163  -77.006  10.442 0.0000000000
13019  41.341  -77.376  11.709 0.0000000000
13020  40.652  -77.017  11.270 0.0000000000
13021  39.795  -76.461  11.137 0.0000000000
13027  42.513  -76.876  10.178 0.0000000000
13028  41.941  -76.930  9.813 0.0000000000
13029  40.195  -77.017  10.521 0.0000000000
13030  39.616  -76.663  10.142 0.0000000000
13041  41.291  -76.843  9.598 0.0000000000
13042  40.708  -76.627  9.315 0.0000000000
13043  39.548  -76.680  9.437 0.0000000000
13044  39.356  -76.455  8.984 0.0000000000
13058  40.242  -76.677  8.814 0.0000000000
13059  39.748  -76.727  8.845 0.0000000000
13060  39.459  -76.407  8.763 0.0000000000
13562  32.486  -75.890  28.138 0.0000000000
13572  32.380  -75.841  27.004 0.0000000000
13573  32.195  -75.311  26.419 0.0000000000
13585  32.223  -75.939  26.074 0.0000000000
13586  31.993  -75.219  25.511 0.0000000000
13598  31.854  -75.307  24.384 0.0000000000
13613  32.122  -75.903  22.863 0.0000000000
13614  31.910  -75.407  23.223 0.0000000000
13629  32.268  -75.431  22.323 0.0000000000
13630  32.013  -75.139  22.703 0.0000000000
13644  33.220  -76.152  20.923 0.0000000000
13645  32.777  -75.515  21.283 0.0000000000
13657  33.440  -75.701  20.061 0.0000000000
13658  33.081  -75.546  20.647 0.0000000000
13672  33.512  -75.708  19.319 0.0000000000
13685  33.360  -75.665  18.575 0.0000000000
13686  33.005  -75.140  18.320 0.0000000000
13703  40.210  -76.035  17.452 0.0000000000
13704  39.630  -75.748  17.766 0.0000000000
13706  33.246  -76.080  17.958 0.0000000000
13707  32.710  -75.517  17.832 0.0000000000
13708  31.677  -75.440  17.524 0.0000000000
13730  41.158  -76.128  16.479 0.0000000000
13731  40.544  -75.939  16.798 0.0000000000
13732  39.646  -75.264  16.740 0.0000000000
13745  43.522  -75.660  15.105 0.0000000000
13746  42.579  -75.593  15.432 0.0000000000
13747  41.392  -75.737  15.913 0.0000000000
13748  40.712  -75.337  16.066 0.0000000000
13749  37.271  -76.135  15.184 0.0000000000
13750  36.652  -76.356  15.164 0.0000000000
13757  45.514  -74.576  13.122 0.0000000000
13758  45.088  -75.466  13.479 0.0000000000
13759  44.271  -75.615  14.447 0.0000000000
13760  39.433  -75.661  13.972 0.0000000000
13761  38.409  -75.145  14.361 0.0000000000
13762  37.125  -75.400  14.938 0.0000000000
13763  35.800  -75.760  14.959 0.0000000000
13764  34.732  -75.779  14.454 0.0000000000
13765  34.034  -75.760  13.937 0.0000000000
13766  33.384  -75.744  13.601 0.0000000000
13768  45.437  -75.020  12.624 0.0000000000
13769  45.047  -75.868  12.574 0.0000000000
13770  39.407  -75.430  12.973 0.0000000000
13771  39.060  -75.145  13.704 0.0000000000
13772  32.583  -75.731  13.483 0.0000000000
13773  31.686  -75.636  13.463 0.0000000000
13782  45.351  -74.850  12.257 0.0000000000
13783  44.804  -75.666  11.808 0.0000000000
13784  43.638  -75.533  11.823 0.0000000000
13785  42.538  -75.126  11.743 0.0000000000
13786  41.929  -74.817  11.788 0.0000000000
13787  39.405  -75.688  11.888 0.0000000000
13796  44.265  -76.588  11.263 0.0000000000
13797  43.823  -76.463  11.135 0.0000000000
13798  42.611  -76.296  10.910 0.0000000000
13799  41.572  -75.253  11.199 0.0000000000
13800  40.920  -74.888  10.987 0.0000000000
13801  39.137  -75.755  10.860 0.0000000000
13802  38.767  -75.373  10.586 0.0000000000
13811  42.179  -76.687  10.211 0.0000000000
13812  41.522  -76.331  10.186 0.0000000000
13813  40.860  -75.382  10.424 0.0000000000
13814  39.191  -76.142  10.102 0.0000000000
13815  38.906  -75.729  10.242 0.0000000000
13827  41.091  -76.520  9.648 0.0000000000
13828  40.803  -76.006  9.637 0.0000000000
13829  39.342  -76.406  9.788 0.0000000000
13830  39.030  -76.050  9.535 0.0000000000
13840  40.424  -75.869  8.777 0.0000000000
13841  39.930  -76.179  8.303 0.0000000000
13842  39.211  -75.965  8.530 0.0000000000
13850  40.085  -75.440  8.053 0.0000000000
13851  39.598  -75.484  7.765 0.0000000000
13852  38.977  -75.301  7.677 0.0000000000
14381  32.401  -75.143  28.676 0.0000000000
14394  32.287  -74.843  27.676 0.0000000000
14395  32.063  -74.173  27.379 0.0000000000
14404  32.260  -75.105  26.921 0.0000000000
14405  32.000  -74.478  26.642 0.0000000000
14415  31.777  -74.230  25.706 0.0000000000
14426  31.793  -74.368  24.823 0.0000000000
14438  31.757  -74.453  23.754 0.0000000000
14448  32.181  -74.868  22.182 0.0000000000
14449  31.930  -74.559  22.569 0.0000000000
14460  32.339  -74.621  21.631 0.0000000000
14461  32.029  -74.020  21.898 0.0000000000
14472  33.215  -75.229  19.945 0.0000000000
14473  32.912  -74.847  20.339 0.0000000000
14485  33.254  -75.188  19.450 0.0000000000
14486  32.963  -74.413  19.250 0.0000000000
14497  33.106  -74.953  18.748 0.0000000000
14498  32.706  -74.531  18.349 0.0000000000
14508  38.992  -74.780  17.144 0.0000000000
14511  32.063  -74.512  17.710 0.0000000000
14528  40.172  -74.974  16.156 0.0000000000
14529  39.469  -74.301  16.358 0.0000000000
14540  44.084  -74.800  14.777 0.0000000000
14541  43.257  -74.460  14.979 0.0000000000
14542  42.026  -74.496  15.319 0.0000000000
14543  40.888  -74.518  15.679 0.0000000000
14544  40.114  -74.167  15.860 0.0000000000
14554  45.645  -74.093  13.124 0.0000000000
14555  45.398  -74.184  13.530 0.0000000000
14556  44.809  -74.326  14.303 0.0000000000
14557  44.090  -74.016  14.715 0.0000000000
14558  38.168  -74.468  13.960 0.0000000000
14559  37.387  -74.291  14.301 0.0000000000
14560  36.215  -74.495  14.711 0.0000000000
14561  35.136  -74.792  14.641 0.0000000000
14562  34.278  -74.973  14.298 0.0000000000
14563  33.690  -75.139  13.936 0.0000000000
14571  45.585  -74.343  12.841 0.0000000000
14572  39.093  -75.031  12.935 0.0000000000
14573  38.746  -74.677  13.263 0.0000000000
14574  37.933  -74.015  13.576 0.0000000000
14575  33.089  -74.959  13.659 0.0000000000
14576  32.275  -74.856  13.419 0.0000000000
14585  45.475  -74.381  12.560 0.0000000000
14586  45.230  -74.448  12.256 0.0000000000
14587  44.460  -74.488  12.238 0.0000000000
14588  43.315  -74.407  12.325 0.0000000000
14589  42.143  -74.299  12.287 0.0000000000
14590  41.348  -74.054  12.172 0.0000000000
14591  39.113  -75.042  12.499 0.0000000000
14592  38.725  -74.533  12.185 0.0000000000
14601  41.554  -74.555  11.818 0.0000000000
14602  40.901  -74.355  11.525 0.0000000000
14603  39.026  -75.123  11.695 0.0000000000
14604  38.512  -74.757  11.152 0.0000000000
14605  38.135  -74.503  10.509 0.0000000000
14612  40.595  -74.457  10.652 0.0000000000
14613  38.506  -75.237  10.134 0.0000000000
14614  38.044  -74.627  9.718 0.0000000000
14622  40.408  -74.901  9.608 0.0000000000
14623  38.478  -75.333  9.125 0.0000000000
14624  37.983  -74.608  8.771 0.0000000000
14635  40.235  -74.702  8.465 0.0000000000
14636  38.481  -75.097  8.144 0.0000000000
14637  37.936  -74.495  7.803 0.0000000000
14647  40.156  -74.566  7.353 0.0000000000
14648  39.220  -75.114  7.012 0.0000000000
14649  38.287  -74.761  7.131 0.0000000000
14650  37.874  -74.463  7.332 0.0000000000
14662  40.055  -74.214  6.799 0.0000000000
14663  39.459  -74.519  6.670 0.0000000000
14664  38.849  -74.697  6.715 0.0000000000
15241  32.239  -74.255  28.828 0.0000000000
15242  31.875  -73.392  28.460 0.0000000000
15258  32.123  -73.985  27.919 0.0000000000
15259  31.756  -73.447  27.328 0.0000000000
15269  31.614  -73.556  26.253 0.0000000000
15276  31.597  -73.508  25.302 0.0000000000
15286  31.610  -73.511  24.300 0.0000000000
15298  31.637  -73.524  23.239 0.0000000000
15311  31.760  -73.459  22.263 0.0000000000
15322  32.205  -73.969  21.503 0.0000000000
15323  31.991  -73.482  21.523 0.0000000000
15335  32.364  -73.816  20.895 0.0000000000
15336  32.007  -73.054  20.957 0.0000000000
15347  32.587  -73.758  19.881 0.0000000000
15360  32.530  -73.577  18.870 0.0000000000
15361  32.026  -73.229  18.361 0.0000000000
15375  32.225  -73.834  18.139 0.0000000000
15392  39.155  -73.268  16.314 0.0000000000
15404  42.631  -73.223  14.994 0.0000000000
15405  41.493  -73.368  15.365 0.0000000000
15406  40.498  -73.408  15.667 0.0000000000
15407  39.778  -73.533  15.943 0.0000000000
15418  45.495  -73.664  13.252 0.0000000000
15419  45.115  -73.181  13.749 0.0000000000
15420  44.298  -73.212  14.404 0.0000000000
15421  43.570  -73.419  14.745 0.0000000000
15422  37.232  -73.635  13.701 0.0000000000
15423  36.328  -73.365  14.075 0.0000000000
15424  35.342  -73.803  14.436 0.0000000000
15425  34.493  -74.126  14.371 0.0000000000
15426  33.662  -74.291  14.095 0.0000000000
15435  45.581  -73.840  12.818 0.0000000000
15436  45.397  -73.195  13.074 0.0000000000
15437  38.200  -73.964  12.720 0.0000000000
15438  37.562  -73.494  13.083 0.0000000000
15439  36.907  -73.125  13.251 0.0000000000
15440  32.769  -74.088  13.715 0.0000000000
15449  45.430  -74.024  12.537 0.0000000000
15450  45.107  -73.502  12.546 0.0000000000
15451  44.029  -73.449  12.660 0.0000000000
15452  42.859  -73.391  12.672 0.0000000000
15453  41.729  -73.331  12.508 0.0000000000
15454  40.800  -73.451  12.117 0.0000000000
15455  38.255  -74.076  11.811 0.0000000000
15456  37.625  -73.400  12.238 0.0000000000
15457  37.259  -73.163  12.759 0.0000000000
15466  40.269  -73.414  11.153 0.0000000000
15467  39.847  -72.859  10.838 0.0000000000
15468  38.234  -74.243  11.393 0.0000000000
15469  37.915  -73.901  11.229 0.0000000000
15477  40.266  -73.805  10.173 0.0000000000
15478  40.015  -73.120  10.482 0.0000000000
15479  37.703  -73.971  10.280 0.0000000000
15480  37.241  -73.504  9.982 0.0000000000
15490  40.284  -73.784  9.221 0.0000000000
15491  37.581  -74.011  9.418 0.0000000000
15492  37.023  -73.431  9.243 0.0000000000
15503  41.434  -73.185  7.710 0.0000000000
15504  40.817  -73.456  8.058 0.0000000000
15505  37.481  -73.991  8.455 0.0000000000
15506  36.886  -73.376  8.298 0.0000000000
15514  41.518  -73.281  7.435 0.0000000000
15515  40.933  -73.651  7.284 0.0000000000
15516  38.036  -74.343  6.858 0.0000000000
15517  37.512  -74.009  7.249 0.0000000000
15518  36.802  -73.099  7.593 0.0000000000
15526  41.593  -73.485  7.024 0.0000000000
15527  40.737  -73.694  6.892 0.0000000000
15528  39.818  -73.800  6.575 0.0000000000
15529  38.526  -74.011  6.532 0.0000000000
15530  37.665  -73.327  6.692 0.0000000000
16033  31.548  -72.613  28.079 0.0000000000
16052  31.431  -72.553  27.267 0.0000000000
16065  31.459  -72.865  26.663 0.0000000000
16078  31.395  -72.744  25.866 0.0000000000
16091  31.417  -72.639  24.870 0.0000000000
16104  31.446  -72.566  23.823 0.0000000000
16121  31.514  -72.545  22.753 0.0000000000
16136  31.676  -72.573  21.618 0.0000000000
16150  32.246  -73.138  20.350 0.0000000000
16151  31.780  -72.290  20.394 0.0000000000
16163  32.248  -72.929  19.599 0.0000000000
16177  32.091  -72.859  18.865 0.0000000000
16216  42.636  -72.394  14.839 0.0000000000
16217  41.967  -72.263  15.071 0.0000000000
16218  40.917  -72.388  15.406 0.0000000000
16219  39.826  -72.508  15.830 0.0000000000
16228  44.810  -72.634  13.632 0.0000000000
16229  44.353  -72.328  13.994 0.0000000000
16230  43.314  -72.371  14.524 0.0000000000
16231  42.545  -71.891  14.716 0.0000000000
16232  35.765  -72.737  13.839 0.0000000000
16233  35.285  -72.946  14.137 0.0000000000
16234  34.492  -73.331  14.261 0.0000000000
16235  34.009  -73.698  14.245 0.0000000000
16245  45.017  -72.723  13.308 0.0000000000
16246  44.528  -72.496  13.526 0.0000000000
16247  36.150  -72.460  13.343 0.0000000000
16248  35.270  -72.258  13.701 0.0000000000
16249  34.393  -72.491  13.945 0.0000000000
16250  33.402  -73.144  14.002 0.0000000000
16251  32.328  -73.295  13.522 0.0000000000
16259  45.127  -72.881  12.925 0.0000000000
16260  44.460  -72.599  13.017 0.0000000000
16261  43.482  -72.573  12.947 0.0000000000
16262  42.348  -72.418  12.908 0.0000000000
16263  41.056  -72.373  12.524 0.0000000000
16264  40.141  -72.107  12.137 0.0000000000
16265  37.319  -73.047  12.108 0.0000000000
16266  36.911  -72.707  12.356 0.0000000000
16276  40.300  -72.793  11.933 0.0000000000
16277  39.733  -72.402  11.365 0.0000000000
16278  37.374  -73.112  11.668 0.0000000000
16279  36.868  -72.598  11.239 0.0000000000
16288  40.104  -73.143  9.899 0.0000000000
16289  39.674  -72.397  10.316 0.0000000000
16290  37.310  -73.297  10.763 0.0000000000
16291  36.714  -72.768  10.127 0.0000000000
16292  36.234  -72.312  9.686 0.0000000000
16304  40.364  -72.589  9.311 0.0000000000
16305  39.753  -71.966  9.716 0.0000000000
16306  36.504  -72.789  9.097 0.0000000000
16307  35.891  -72.154  8.966 0.0000000000
16317  42.667  -72.149  7.727 0.0000000000
16318  41.884  -72.627  7.786 0.0000000000
16319  41.055  -72.498  8.538 0.0000000000
16320  36.350  -72.680  8.210 0.0000000000
16321  35.895  -72.156  7.983 0.0000000000
16329  43.634  -71.746  7.281 0.0000000000
16330  43.039  -72.258  7.398 0.0000000000
16331  42.284  -73.013  7.167 0.0000000000
16332  36.968  -73.040  6.969 0.0000000000
16333  36.334  -72.352  7.368 0.0000000000
16334  35.969  -72.102  7.581 0.0000000000
16340  43.513  -72.037  7.037 0.0000000000
16341  42.973  -72.466  6.890 0.0000000000
16342  41.864  -72.925  6.723 0.0000000000
16343  40.640  -72.991  6.509 0.0000000000
16344  39.416  -72.958  6.448 0.0000000000
16345  38.256  -72.786  6.460 0.0000000000
16346  37.316  -72.543  6.690 0.0000000000
16347  36.782  -72.433  6.922 0.0000000000
16933  31.243  -71.827  27.668 0.0000000000
16947  31.192  -72.016  26.600 0.0000000000
16948  30.860  -71.145  26.104 0.0000000000
16963  31.182  -71.867  25.502 0.0000000000
16964  30.882  -71.057  25.133 0.0000000000
16981  31.192  -71.662  24.431 0.0000000000
16982  30.902  -70.930  24.376 0.0000000000
16999  31.231  -71.534  23.360 0.0000000000
17000  31.043  -71.137  23.951 0.0000000000
17015  31.342  -71.625  22.232 0.0000000000
17031  31.406  -71.562  21.215 0.0000000000
17112  41.324  -71.470  15.078 0.0000000000
17113  40.382  -71.428  15.459 0.0000000000
17114  39.269  -71.381  15.931 0.0000000000
17125  43.475  -71.678  14.066 0.0000000000
17126  42.625  -71.302  14.334 0.0000000000
17127  42.023  -71.399  14.746 0.0000000000
17138  43.790  -72.033  13.577 0.0000000000
17139  42.719  -71.155  13.776 0.0000000000
17140  42.041  -70.803  13.660 0.0000000000
17141  36.126  -71.893  12.576 0.0000000000
17142  35.427  -71.608  13.078 0.0000000000
17143  34.462  -71.664  13.394 0.0000000000
17144  33.438  -71.965  13.568 0.0000000000
17153  43.746  -72.244  13.249 0.0000000000
17154  43.049  -71.851  13.263 0.0000000000
17155  41.783  -71.288  13.208 0.0000000000
17156  40.473  -71.327  12.562 0.0000000000
17157  39.621  -71.483  11.908 0.0000000000
17158  36.341  -71.879  11.711 0.0000000000
17159  35.535  -71.174  12.093 0.0000000000
17160  34.601  -70.992  12.655 0.0000000000
17161  33.577  -71.160  12.855 0.0000000000
17171  39.126  -71.430  11.035 0.0000000000
17172  38.871  -70.828  10.866 0.0000000000
17173  36.346  -72.031  10.735 0.0000000000
17174  35.854  -71.301  11.086 0.0000000000
17185  39.307  -71.353  10.052 0.0000000000
17186  38.996  -70.941  10.509 0.0000000000
17187  36.275  -72.189  10.158 0.0000000000
17188  35.814  -71.674  10.028 0.0000000000
17200  40.665  -71.906  8.912 0.0000000000
17201  39.919  -71.445  9.303 0.0000000000
17202  35.488  -71.501  9.219 0.0000000000
17213  42.979  -71.821  7.770 0.0000000000
17214  42.451  -71.746  8.055 0.0000000000
17215  41.431  -71.666  8.508 0.0000000000
17216  40.557  -71.229  8.819 0.0000000000
17217  35.457  -71.580  8.419 0.0000000000
17218  35.191  -71.175  7.990 0.0000000000
17227  43.910  -71.353  7.405 0.0000000000
17228  43.503  -71.594  7.566 0.0000000000
17229  36.123  -72.025  7.087 0.0000000000
17230  35.719  -71.755  7.426 0.0000000000
17231  34.999  -70.927  7.334 0.0000000000
17237  44.040  -71.457  7.069 0.0000000000
17238  43.536  -71.667  6.829 0.0000000000
17239  42.700  -71.959  6.597 0.0000000000
17240  41.525  -72.077  6.472 0.0000000000
17241  40.256  -72.016  6.498 0.0000000000
17242  39.019  -71.887  6.470 0.0000000000
17243  37.837  -71.752  6.510 0.0000000000
17244  36.551  -71.733  6.736 0.0000000000
17245  35.610  -71.099  6.745 0.0000000000
18074  41.575  -71.012  14.782 0.0000000000
18075  40.941  -70.564  14.900 0.0000000000
18076  39.884  -70.449  15.486 0.0000000000
18077  39.010  -70.484  15.823 0.0000000000
18085  42.316  -70.959  14.383 0.0000000000
18086  41.919  -70.797  14.425 0.0000000000
18087  41.249  -70.284  14.298 0.0000000000
18097  42.351  -70.851  14.145 0.0000000000
18098  41.951  -70.494  13.968 0.0000000000
18099  41.078  -70.132  13.856 0.0000000000
18106  41.543  -70.586  13.622 0.0000000000
18107  40.698  -70.426  13.216 0.0000000000
18108  39.581  -70.476  12.335 0.0000000000
18109  39.022  -69.995  12.029 0.0000000000
18110  35.269  -70.724  11.321 0.0000000000
18111  34.672  -70.500  11.826 0.0000000000
18112  33.768  -70.443  12.176 0.0000000000
18121  39.258  -70.964  11.685 0.0000000000
18122  38.883  -70.443  11.413 0.0000000000
18123  35.341  -70.829  10.525 0.0000000000
18124  34.641  -70.274  10.901 0.0000000000
18125  33.970  -70.067  11.396 0.0000000000
18139  38.988  -70.700  10.113 0.0000000000
18140  38.738  -70.409  10.504 0.0000000000
18141  35.283  -70.979  9.686 0.0000000000
18142  34.800  -70.468  10.072 0.0000000000
18156  39.189  -70.439  9.587 0.0000000000
18157  38.818  -70.334  9.981 0.0000000000
18158  35.163  -71.023  8.915 0.0000000000
18159  34.837  -70.616  9.327 0.0000000000
18171  43.703  -70.631  7.770 0.0000000000
18172  43.134  -71.039  8.011 0.0000000000
18173  42.081  -70.795  8.285 0.0000000000
18174  40.952  -70.548  8.545 0.0000000000
18175  39.938  -70.497  8.910 0.0000000000
18176  35.146  -71.052  8.427 0.0000000000
18189  44.400  -70.157  7.333 0.0000000000
18190  44.237  -70.629  7.379 0.0000000000
18191  43.839  -71.054  7.700 0.0000000000
18202  44.552  -70.224  7.057 0.0000000000
18203  44.234  -70.790  6.765 0.0000000000
18204  43.420  -71.020  6.545 0.0000000000
18205  42.349  -71.093  6.463 0.0000000000
18206  41.091  -71.064  6.454 0.0000000000
18207  39.838  -70.937  6.565 0.0000000000
18208  38.632  -70.794  6.463 0.0000000000
18209  37.445  -70.644  6.416 0.0000000000
18992  40.719  -69.948  14.528 0.0000000000
18993  40.154  -69.590  14.964 0.0000000000
18994  39.230  -69.559  15.484 0.0000000000
18995  38.456  -69.083  15.788 0.0000000000
19009  40.805  -69.910  14.192 0.0000000000
19010  40.361  -69.521  14.308 0.0000000000
19019  40.618  -69.674  13.963 0.0000000000
19020  40.114  -69.338  13.802 0.0000000000
19027  40.481  -69.813  13.623 0.0000000000
19028  39.833  -69.640  13.124 0.0000000000
19029  39.217  -69.516  12.415 0.0000000000
19034  38.675  -69.484  11.761 0.0000000000
19035  38.258  -69.166  11.282 0.0000000000
19036  34.358  -70.102  10.705 0.0000000000
19037  34.126  -69.938  10.771 0.0000000000
19048  38.437  -69.759  10.905 0.0000000000
19049  38.110  -69.104  10.596 0.0000000000
19050  34.336  -70.107  10.382 0.0000000000
19065  38.929  -69.931  9.471 0.0000000000
19066  38.549  -69.712  9.831 0.0000000000
19067  38.121  -68.921  9.939 0.0000000000
19081  43.344  -70.420  7.913 0.0000000000
19082  42.733  -70.141  8.088 0.0000000000
19083  41.538  -69.482  8.190 0.0000000000
19084  40.233  -69.553  8.538 0.0000000000
19085  39.107  -69.635  9.036 0.0000000000
19086  38.619  -69.247  9.297 0.0000000000
19101  44.467  -69.605  7.229 0.0000000000
19102  43.533  -69.750  7.729 0.0000000000
19103  42.395  -69.288  7.960 0.0000000000
19104  41.902  -69.128  8.057 0.0000000000
19120  44.493  -69.620  6.588 0.0000000000
19121  44.051  -70.185  6.341 0.0000000000
19122  43.204  -70.059  6.295 0.0000000000
19123  41.920  -70.146  6.411 0.0000000000
19124  40.672  -70.039  6.425 0.0000000000
19125  39.472  -69.884  6.432 0.0000000000
19143  44.677  -69.177  6.197 0.0000000000
19144  44.350  -69.480  6.179 0.0000000000
19145  43.903  -69.748  6.165 0.0000000000
19921  39.559  -69.064  15.047 0.0000000000
19922  38.969  -68.550  15.216 0.0000000000
19923  37.962  -68.325  15.807 0.0000000000
19937  39.655  -68.809  14.358 0.0000000000
19938  38.880  -67.996  14.386 0.0000000000
19950  39.497  -68.898  13.358 0.0000000000
19951  39.044  -68.245  13.552 0.0000000000
19961  39.349  -69.112  12.832 0.0000000000
19962  38.666  -68.609  12.493 0.0000000000
19963  37.876  -68.114  12.096 0.0000000000
19969  38.353  -68.937  11.738 0.0000000000
19970  37.874  -68.512  11.370 0.0000000000
19977  37.752  -68.429  10.288 0.0000000000
19988  38.360  -68.909  9.470 0.0000000000
19989  38.013  -68.398  9.601 0.0000000000
19999  41.217  -68.768  8.024 0.0000000000
20000  40.545  -68.512  8.070 0.0000000000
20001  39.450  -68.637  8.472 0.0000000000
20002  38.601  -68.708  8.958 0.0000000000
20003  38.266  -68.509  9.262 0.0000000000
20012  44.413  -68.884  7.125 0.0000000000
20013  43.883  -68.588  7.295 0.0000000000
20014  42.795  -68.586  7.619 0.0000000000
20015  41.724  -68.645  7.876 0.0000000000
20016  41.075  -68.457  7.864 0.0000000000
20023  44.582  -68.742  6.793 0.0000000000
20024  44.319  -68.526  7.062 0.0000000000
20025  43.228  -69.569  6.126 0.0000000000
20026  42.675  -69.466  6.135 0.0000000000
20027  41.522  -69.264  6.175 0.0000000000
20037  44.891  -68.721  6.232 0.0000000000
20038  44.761  -68.868  5.862 0.0000000000
20039  43.694  -69.162  5.927 0.0000000000
20040  42.448  -68.679  5.784 0.0000000000
20811  38.296  -67.737  15.038 0.0000000000
20812  37.403  -67.510  15.479 0.0000000000
20813  36.816  -66.968  15.495 0.0000000000
20823  38.264  -67.534  14.306 0.0000000000
20824  37.664  -67.175  14.629 0.0000000000
20825  37.136  -66.984  15.007 0.0000000000
20835  38.443  -67.742  13.657 0.0000000000
20836  37.808  -67.230  13.748 0.0000000000
20845  38.533  -68.036  13.128 0.0000000000
20846  37.872  -67.653  12.769 0.0000000000
20854  37.305  -67.531  11.611 0.0000000000
20855  36.849  -67.018  11.183 0.0000000000
20860  37.358  -67.829  10.647 0.0000000000
20861  36.971  -67.259  10.718 0.0000000000
20872  37.497  -67.614  9.680 0.0000000000
20873  37.160  -67.417  10.247 0.0000000000
20884  40.344  -67.855  7.841 0.0000000000
20885  39.736  -67.529  7.997 0.0000000000
20886  38.713  -67.804  8.490 0.0000000000
20887  38.088  -68.058  9.044 0.0000000000
20896  43.725  -67.999  7.131 0.0000000000
20897  43.123  -67.586  7.180 0.0000000000
20898  41.953  -67.643  7.505 0.0000000000
20899  40.906  -67.799  7.703 0.0000000000
20900  40.313  -67.527  7.797 0.0000000000
20907  44.866  -67.845  6.378 0.0000000000
20908  44.043  -67.815  6.862 0.0000000000
20909  43.444  -67.164  6.851 0.0000000000
20919  43.459  -68.087  5.428 0.0000000000
21669  36.285  -66.593  15.868 0.0000000000
21670  35.752  -65.931  15.599 0.0000000000
21679  37.148  -66.848  14.622 0.0000000000
21680  36.532  -66.436  14.807 0.0000000000
21681  35.769  -65.743  14.808 0.0000000000
21693  37.215  -66.704  14.084 0.0000000000
21694  36.542  -66.201  13.656 0.0000000000
21706  37.117  -66.781  12.992 0.0000000000
21707  36.360  -65.979  12.616 0.0000000000
21720  37.211  -67.160  12.296 0.0000000000
21721  36.684  -66.554  11.715 0.0000000000
21728  49.749  -66.399  9.712 0.0000000000
21729  49.478  -66.837  9.846 0.0000000000
21730  48.795  -67.113  10.065 0.0000000000
21731  48.111  -66.583  10.323 0.0000000000
21732  36.686  -66.602  10.661 0.0000000000
21741  49.690  -66.287  9.389 0.0000000000
21742  49.473  -66.437  9.163 0.0000000000
21743  48.897  -66.719  9.246 0.0000000000
21744  48.523  -66.723  9.747 0.0000000000
21745  37.333  -66.489  9.243 0.0000000000
21746  36.943  -66.935  9.999 0.0000000000
21757  49.271  -66.307  8.844 0.0000000000
21758  49.163  -66.482  8.938 0.0000000000
21759  39.701  -66.223  7.892 0.0000000000
21760  38.810  -66.652  8.241 0.0000000000
21761  38.010  -67.097  8.807 0.0000000000
21770  42.924  -66.422  6.768 0.0000000000
21771  42.055  -66.535  7.166 0.0000000000
21772  41.157  -66.713  7.504 0.0000000000
21773  40.364  -66.936  7.738 0.0000000000
21781  44.372  -66.924  6.406 0.0000000000
21782  43.677  -66.825  6.650 0.0000000000
22593  35.245  -65.127  15.296 0.0000000000
22602  36.002  -65.851  14.149 0.0000000000
22603  35.368  -65.181  14.218 0.0000000000
22621  35.804  -65.540  13.272 0.0000000000
22622  35.190  -64.828  13.308 0.0000000000
22643  35.865  -65.420  12.428 0.0000000000
22644  35.442  -64.998  12.558 0.0000000000
22656  46.752  -65.632  11.189 0.0000000000
22657  35.990  -65.396  11.626 0.0000000000
22658  35.672  -65.116  12.072 0.0000000000
22665  49.993  -66.062  9.976 0.0000000000
22666  49.826  -65.399  10.099 0.0000000000
22667  47.376  -65.824  10.293 0.0000000000
22668  46.974  -65.735  10.802 0.0000000000
22669  36.296  -65.735  10.643 0.0000000000
22677  49.778  -66.218  9.539 0.0000000000
22678  49.754  -65.867  9.259 0.0000000000
22679  48.639  -66.371  9.016 0.0000000000
22680  48.177  -66.234  9.416 0.0000000000
22681  37.239  -65.328  9.011 0.0000000000
22682  36.721  -65.990  9.789 0.0000000000
22693  49.434  -65.939  8.662 0.0000000000
22694  48.912  -66.203  8.632 0.0000000000
22695  48.484  -66.114  8.884 0.0000000000
22696  39.992  -65.087  7.962 0.0000000000
22697  39.012  -65.378  8.210 0.0000000000
22698  38.032  -65.885  8.594 0.0000000000
22707  42.784  -65.677  6.643 0.0000000000
22708  42.116  -65.320  6.991 0.0000000000
22709  41.286  -65.576  7.416 0.0000000000
22710  40.508  -65.878  7.659 0.0000000000
22716  43.545  -65.836  6.378 0.0000000000
22717  42.670  -65.247  6.559 0.0000000000
22731  43.483  -65.060  5.918 0.0000000000
23575  34.796  -64.455  14.799 0.0000000000
23576  34.501  -63.697  15.065 0.0000000000
23585  34.870  -64.470  13.897 0.0000000000
23586  34.545  -63.887  14.251 0.0000000000
23602  34.842  -64.326  13.280 0.0000000000
23603  34.622  -63.946  13.508 0.0000000000
23628  34.957  -64.209  12.638 0.0000000000
23629  34.696  -64.010  13.056 0.0000000000
23644  46.195  -65.237  11.384 0.0000000000
23645  45.629  -64.789  11.623 0.0000000000
23646  35.763  -64.792  11.213 0.0000000000
23647  35.449  -64.521  11.711 0.0000000000
23656  47.063  -65.297  10.133 0.0000000000
23657  46.454  -65.020  10.627 0.0000000000
23658  45.811  -64.871  11.144 0.0000000000
23659  35.992  -64.842  10.674 0.0000000000
23660  35.699  -64.333  10.914 0.0000000000
23670  49.606  -64.819  9.370 0.0000000000
23671  47.483  -65.398  9.598 0.0000000000
23672  46.983  -64.862  9.929 0.0000000000
23673  37.285  -64.514  9.017 0.0000000000
23674  36.629  -64.679  9.697 0.0000000000
23687  49.717  -65.056  8.400 0.0000000000
23688  49.157  -65.260  8.143 0.0000000000
23689  48.264  -65.319  8.760 0.0000000000
23690  40.709  -64.087  7.656 0.0000000000
23691  40.418  -64.196  7.865 0.0000000000
23692  39.479  -64.223  8.238 0.0000000000
23693  38.175  -64.406  8.625 0.0000000000
23704  49.578  -64.675  7.715 0.0000000000
23705  49.250  -64.500  7.643 0.0000000000
23706  41.819  -64.683  7.038 0.0000000000
23707  41.175  -64.380  7.351 0.0000000000
23708  40.686  -64.957  7.688 0.0000000000
23711  42.926  -64.980  6.254 0.0000000000
23712  42.049  -64.608  6.543 0.0000000000
23713  40.988  -64.117  6.445 0.0000000000
23724  42.766  -64.542  5.609 0.0000000000
23725  41.587  -64.394  5.581 0.0000000000
23726  40.490  -64.274  5.466 0.0000000000
23727  39.766  -64.258  5.117 0.0000000000
23751  41.008  -64.459  4.582 0.0000000000
23752  40.046  -64.352  4.457 0.0000000000
23753  39.211  -64.264  4.491 0.0000000000
23754  38.632  -64.089  4.305 0.0000000000
23771  39.399  -64.365  3.565 0.0000000000
23772  38.694  -64.183  3.726 0.0000000000
23793  38.484  -64.246  2.811 0.0000000000
23794  37.850  -64.020  2.616 0.0000000000
24584  34.452  -63.016  15.226 0.0000000000
24592  34.386  -63.148  14.453 0.0000000000
24605  34.425  -63.395  13.737 0.0000000000
24630  34.790  -63.754  12.467 0.0000000000
24631  34.515  -63.413  12.818 0.0000000000
24648  44.491  -63.643  11.673 0.0000000000
24649  34.937  -63.576  11.958 0.0000000000
24650  34.623  -62.794  12.012 0.0000000000
24657  49.239  -63.936  9.749 0.0000000000
24659  46.055  -64.119  10.491 0.0000000000
24660  45.322  -64.087  10.986 0.0000000000
24661  44.678  -63.155  11.190 0.0000000000
24662  36.061  -63.936  10.273 0.0000000000
24663  35.470  -63.476  10.894 0.0000000000
24672  50.098  -63.394  8.288 0.0000000000
24673  49.750  -63.748  8.703 0.0000000000
24674  47.407  -64.491  9.322 0.0000000000
24675  46.640  -63.953  9.950 0.0000000000
24676  37.364  -63.768  9.121 0.0000000000
24677  36.714  -63.358  9.637 0.0000000000
24689  51.065  -63.394  7.450 0.0000000000
24690  50.544  -63.481  7.746 0.0000000000
24691  50.022  -64.274  7.653 0.0000000000
24692  48.639  -64.447  8.019 0.0000000000
24693  47.891  -63.978  8.572 0.0000000000
24694  40.514  -63.885  7.648 0.0000000000
24695  39.986  -63.370  8.025 0.0000000000
24696  38.945  -63.379  8.335 0.0000000000
24697  38.081  -63.168  8.790 0.0000000000
24716  51.467  -63.575  7.107 0.0000000000
24717  50.685  -64.017  6.825 0.0000000000
24718  49.647  -63.987  6.962 0.0000000000
24719  48.964  -63.902  7.562 0.0000000000
24720  40.349  -63.534  7.190 0.0000000000
24721  39.596  -63.070  7.521 0.0000000000
24734  51.465  -63.556  6.231 0.0000000000
24735  50.785  -63.526  6.142 0.0000000000
24736  50.289  -63.765  6.480 0.0000000000
24737  40.064  -63.866  6.199 0.0000000000
24738  39.281  -63.388  6.741 0.0000000000
24739  38.293  -63.236  6.613 0.0000000000
24740  37.528  -63.090  6.535 0.0000000000
24741  37.060  -62.979  6.417 0.0000000000
24756  51.492  -63.325  5.893 0.0000000000
24757  51.230  -63.474  5.940 0.0000000000
24758  39.895  -64.097  5.590 0.0000000000
24759  39.197  -64.010  5.475 0.0000000000
24760  38.327  -63.652  5.792 0.0000000000
24761  37.607  -63.397  5.909 0.0000000000
24762  37.042  -63.182  5.929 0.0000000000
24783  38.808  -64.128  4.767 0.0000000000
24784  38.262  -63.890  4.739 0.0000000000
24785  37.405  -63.440  5.000 0.0000000000
24786  37.149  -63.272  5.449 0.0000000000
24798  38.218  -63.891  3.855 0.0000000000
24799  37.527  -63.388  3.913 0.0000000000
24800  37.080  -63.106  3.394 0.0000000000
24811  38.312  -64.031  3.375 0.0000000000
24812  37.883  -63.807  3.155 0.0000000000
24813  37.298  -63.381  3.004 0.0000000000
24835  37.497  -63.794  2.582 0.0000000000
24836  36.920  -63.569  2.234 0.0000000000
25640  34.363  -62.315  14.747 0.0000000000
25655  34.254  -62.446  13.629 0.0000000000
25656  34.231  -61.878  13.095 0.0000000000
25672  43.816  -63.433  12.022 0.0000000000
25673  43.340  -62.760  12.257 0.0000000000
25674  42.954  -61.920  12.223 0.0000000000
25675  34.347  -62.158  12.566 0.0000000000
25676  34.246  -61.717  12.823 0.0000000000
25688  43.993  -62.731  11.507 0.0000000000
25689  43.405  -62.135  11.750 0.0000000000
25690  43.157  -61.658  11.843 0.0000000000
25691  35.005  -62.700  11.284 0.0000000000
25692  34.620  -62.001  11.551 0.0000000000
25698  48.883  -62.763  9.767 0.0000000000
25699  48.543  -62.466  10.686 0.0000000000
25700  45.895  -63.299  10.316 0.0000000000
25701  45.157  -62.568  10.646 0.0000000000
25702  44.532  -62.554  11.078 0.0000000000
25703  36.089  -62.894  10.074 0.0000000000
25704  35.512  -62.217  10.410 0.0000000000
25705  35.007  -62.081  10.970 0.0000000000
25717  49.900  -62.694  8.474 0.0000000000
25718  49.354  -62.754  9.074 0.0000000000
25719  47.172  -63.366  9.140 0.0000000000
25720  46.376  -62.555  9.516 0.0000000000
25721  45.756  -62.500  10.095 0.0000000000
25722  37.402  -62.778  9.226 0.0000000000
25723  36.665  -62.247  9.434 0.0000000000
25724  36.066  -62.213  9.813 0.0000000000
25737  51.130  -62.787  7.539 0.0000000000
25738  50.542  -62.768  8.006 0.0000000000
25739  48.321  -63.431  7.939 0.0000000000
25740  47.555  -62.764  8.422 0.0000000000
25741  46.988  -62.590  8.930 0.0000000000
25742  39.228  -62.868  7.969 0.0000000000
25743  38.443  -62.738  8.276 0.0000000000
25744  37.695  -62.409  8.683 0.0000000000
25745  37.306  -62.116  9.091 0.0000000000
25764  53.170  -62.380  6.321 0.0000000000
25765  52.706  -62.552  6.687 0.0000000000
25766  51.982  -62.811  7.091 0.0000000000
25767  49.381  -62.805  6.878 0.0000000000
25768  48.791  -62.932  7.375 0.0000000000
25769  48.102  -62.561  7.839 0.0000000000
25770  39.166  -62.889  7.591 0.0000000000
25771  38.629  -62.741  7.733 0.0000000000
25772  37.684  -62.369  7.918 0.0000000000
25773  36.736  -62.128  7.561 0.0000000000
25774  36.152  -61.911  7.286 0.0000000000
25795  53.280  -62.541  6.049 0.0000000000
25796  53.013  -62.838  6.279 0.0000000000
25797  52.308  -63.120  6.408 0.0000000000
25798  50.617  -62.960  6.043 0.0000000000
25799  50.033  -62.990  6.375 0.0000000000
25800  39.266  -63.007  7.345 0.0000000000
25801  38.841  -62.978  7.257 0.0000000000
25802  38.041  -62.874  7.227 0.0000000000
25803  37.113  -62.711  6.991 0.0000000000
25804  36.261  -62.356  6.805 0.0000000000
25820  53.298  -62.323  5.789 0.0000000000
25821  52.992  -62.843  5.802 0.0000000000
25822  52.085  -62.899  5.709 0.0000000000
25823  51.191  -62.879  5.808 0.0000000000
25824  36.607  -62.825  6.175 0.0000000000
25825  35.901  -62.347  5.828 0.0000000000
25839  53.175  -62.251  5.521 0.0000000000
25840  52.799  -62.340  5.376 0.0000000000
25841  52.364  -62.152  5.342 0.0000000000
25842  37.021  -63.180  4.798 0.0000000000
25843  36.641  -62.901  5.015 0.0000000000
25844  35.830  -62.133  4.883 0.0000000000
25856  37.072  -63.140  4.480 0.0000000000
25857  36.818  -62.788  3.830 0.0000000000
25866  36.761  -62.860  2.868 0.0000000000
25884  36.325  -62.869  2.011 0.0000000000
25885  36.072  -62.398  1.505 0.0000000000
26788  34.298  -61.496  14.147 0.0000000000
26803  34.218  -61.609  13.425 0.0000000000
26804  34.159  -61.429  13.013 0.0000000000
26816  42.296  -61.396  12.714 0.0000000000
26818  34.355  -61.515  12.054 0.0000000000
26819  34.231  -61.391  12.599 0.0000000000
26830  48.218  -61.986  11.028 0.0000000000
26831  47.685  -61.379  11.505 0.0000000000
26832  46.996  -60.645  11.808 0.0000000000
26833  43.773  -62.019  11.381 0.0000000000
26834  43.499  -61.378  11.453 0.0000000000
26835  42.871  -61.026  12.005 0.0000000000
26836  34.498  -61.253  11.474 0.0000000000
26848  48.634  -62.051  9.781 0.0000000000
26849  48.276  -61.619  10.294 0.0000000000
26850  47.629  -60.752  10.698 0.0000000000
26851  45.038  -61.677  10.450 0.0000000000
26852  44.321  -61.667  10.898 0.0000000000
26853  43.768  -60.753  10.950 0.0000000000
26854  35.510  -61.497  10.147 0.0000000000
26855  34.984  -61.386  10.701 0.0000000000
26865  49.599  -61.539  8.569 0.0000000000
26866  48.892  -61.744  9.290 0.0000000000
26867  48.345  -61.084  9.752 0.0000000000
26868  46.153  -61.459  9.191 0.0000000000
26869  45.553  -61.609  9.841 0.0000000000
26870  36.586  -61.746  9.300 0.0000000000
26871  36.068  -61.521  9.546 0.0000000000
26883  51.727  -61.243  7.408 0.0000000000
26884  51.284  -61.593  7.574 0.0000000000
26885  50.402  -61.853  8.097 0.0000000000
26886  47.640  -61.754  8.003 0.0000000000
26887  46.865  -61.741  8.696 0.0000000000
26888  37.359  -61.998  8.824 0.0000000000
26889  36.888  -61.612  8.893 0.0000000000
26890  36.179  -60.905  8.811 0.0000000000
26899  52.936  -61.608  6.528 0.0000000000
26900  52.095  -61.767  7.114 0.0000000000
26901  51.648  -62.296  7.343 0.0000000000
26902  49.440  -62.216  6.665 0.0000000000
26903  48.860  -61.772  7.028 0.0000000000
26904  48.268  -61.983  7.540 0.0000000000
26905  37.347  -62.046  8.536 0.0000000000
26906  37.010  -61.880  8.184 0.0000000000
26907  36.212  -61.382  7.904 0.0000000000
26922  53.504  -61.876  6.049 0.0000000000
26923  50.521  -62.061  6.039 0.0000000000
26924  49.727  -61.814  6.418 0.0000000000
26925  49.262  -61.656  6.660 0.0000000000
26926  35.604  -61.608  6.695 0.0000000000
26945  53.358  -61.743  5.525 0.0000000000
26946  51.738  -61.892  5.442 0.0000000000
26947  51.094  -62.023  5.742 0.0000000000
26948  35.442  -61.469  5.403 0.0000000000
26964  53.137  -61.713  5.137 0.0000000000
26965  52.671  -61.664  5.061 0.0000000000
26966  52.282  -61.684  5.178 0.0000000000
26967  36.160  -62.152  4.070 0.0000000000
26968  35.661  -61.358  4.336 0.0000000000
26984  36.318  -62.211  3.193 0.0000000000
26985  35.884  -61.402  3.369 0.0000000000
26996  36.298  -62.363  2.532 0.0000000000
26997  36.017  -61.712  2.532 0.0000000000
27012  36.104  -62.183  2.035 0.0000000000
27013  35.970  -61.589  1.585 0.0000000000
27922  34.593  -60.442  14.418 0.0000000000
27935  34.158  -60.778  13.205 0.0000000000
27936  34.128  -61.163  12.898 0.0000000000
27945  42.176  -60.237  12.446 0.0000000000
27946  41.547  -60.205  12.847 0.0000000000
27947  34.233  -60.749  12.099 0.0000000000
27948  34.148  -61.013  12.701 0.0000000000
27957  47.095  -60.160  11.111 0.0000000000
27958  46.529  -60.091  11.713 0.0000000000
27959  46.237  -60.151  12.097 0.0000000000
27960  43.179  -60.234  11.318 0.0000000000
27961  42.709  -60.219  11.895 0.0000000000
27962  34.535  -60.597  11.031 0.0000000000
27975  47.892  -60.306  10.031 0.0000000000
27976  47.443  -60.167  10.585 0.0000000000
27977  44.908  -60.941  10.199 0.0000000000
27978  44.199  -60.268  10.360 0.0000000000
27979  43.633  -60.159  10.783 0.0000000000
27980  35.474  -60.928  9.982 0.0000000000
27981  34.999  -60.496  10.246 0.0000000000
27994  49.834  -60.954  8.306 0.0000000000
27995  49.135  -60.426  8.721 0.0000000000
27996  48.498  -60.615  9.425 0.0000000000
27997  45.773  -60.858  9.250 0.0000000000
27998  45.286  -60.333  9.523 0.0000000000
27999  44.777  -60.249  9.899 0.0000000000
28000  35.639  -60.509  9.310 0.0000000000
28001  35.298  -60.430  9.751 0.0000000000
28018  51.968  -61.046  7.329 0.0000000000
28019  51.470  -60.508  7.445 0.0000000000
28020  50.431  -60.581  7.900 0.0000000000
28021  49.737  -60.358  8.254 0.0000000000
28022  47.169  -60.567  8.165 0.0000000000
28023  46.236  -60.572  8.759 0.0000000000
28024  45.699  -60.324  9.098 0.0000000000
28025  35.797  -60.489  8.817 0.0000000000
28040  52.951  -60.710  6.475 0.0000000000
28041  52.325  -60.595  6.938 0.0000000000
28042  51.800  -59.882  7.262 0.0000000000
28043  48.607  -60.857  7.067 0.0000000000
28044  48.096  -60.917  7.574 0.0000000000
28045  35.717  -60.558  8.303 0.0000000000
28059  53.372  -60.849  6.193 0.0000000000
28060  50.483  -61.418  5.924 0.0000000000
28061  50.086  -61.051  6.084 0.0000000000
28062  49.122  -60.836  6.562 0.0000000000
28063  35.316  -60.587  7.324 0.0000000000
28064  34.865  -60.022  6.741 0.0000000000
28079  53.529  -60.951  5.653 0.0000000000
28080  51.606  -61.107  5.304 0.0000000000
28081  50.913  -61.113  5.660 0.0000000000
28082  50.278  -60.236  5.691 0.0000000000
28083  35.004  -60.587  6.033 0.0000000000
28084  34.715  -59.731  6.112 0.0000000000
28096  53.415  -60.904  5.070 0.0000000000
28097  52.973  -60.883  4.650 0.0000000000
28098  52.173  -60.922  4.928 0.0000000000
28099  35.240  -60.531  4.776 0.0000000000
28112  35.682  -60.445  3.738 0.0000000000
28123  35.871  -60.523  2.477 0.0000000000
28137  35.873  -60.605  1.232 0.0000000000
29012  34.925  -59.413  14.316 0.0000000000
29026  34.462  -59.565  13.482 0.0000000000
29035  41.977  -59.584  12.238 0.0000000000
29036  41.336  -59.475  12.612 0.0000000000
29037  40.760  -59.335  13.001 0.0000000000
29038  34.231  -59.695  12.421 0.0000000000
29046  46.883  -59.507  10.884 0.0000000000
29047  46.483  -59.225  11.203 0.0000000000
29048  45.999  -59.624  11.932 0.0000000000
29049  42.950  -59.564  11.139 0.0000000000
29050  42.402  -59.421  11.651 0.0000000000
29051  41.822  -59.282  12.087 0.0000000000
29052  34.355  -59.762  11.346 0.0000000000
29060  47.664  -59.194  9.796 0.0000000000
29061  47.210  -59.420  10.471 0.0000000000
29062  46.794  -59.169  10.767 0.0000000000
29063  44.076  -59.529  10.110 0.0000000000
29064  43.407  -59.337  10.609 0.0000000000
29065  42.805  -59.235  11.056 0.0000000000
29066  34.647  -59.912  10.497 0.0000000000
29074  48.931  -59.176  8.707 0.0000000000
29075  48.340  -59.502  9.299 0.0000000000
29076  45.179  -59.775  9.349 0.0000000000
29077  44.680  -59.486  9.572 0.0000000000
29078  43.978  -59.033  9.963 0.0000000000
29079  35.429  -60.123  9.219 0.0000000000
29080  35.060  -59.846  9.521 0.0000000000
29090  51.386  -59.718  7.409 0.0000000000
29091  50.773  -59.319  7.592 0.0000000000
29092  49.695  -59.461  8.174 0.0000000000
29093  47.103  -59.900  8.034 0.0000000000
29094  46.630  -59.499  8.196 0.0000000000
29095  45.498  -59.556  8.940 0.0000000000
29096  44.949  -59.091  9.060 0.0000000000
29097  35.517  -60.068  8.833 0.0000000000
29098  35.094  -59.412  8.579 0.0000000000
29109  53.379  -58.757  6.477 0.0000000000
29110  53.052  -59.595  6.489 0.0000000000
29111  52.225  -59.402  7.033 0.0000000000
29112  51.518  -59.155  7.348 0.0000000000
29113  51.125  -58.745  7.488 0.0000000000
29114  48.334  -59.956  7.049 0.0000000000
29115  47.458  -59.685  7.665 0.0000000000
29116  47.019  -59.020  7.719 0.0000000000
29117  35.320  -59.918  8.016 0.0000000000
29118  34.909  -59.291  7.750 0.0000000000
29132  53.597  -59.006  6.202 0.0000000000
29133  53.639  -59.982  5.926 0.0000000000
29134  49.613  -59.953  6.076 0.0000000000
29135  48.925  -59.618  6.500 0.0000000000
29136  34.991  -59.822  7.345 0.0000000000
29137  34.726  -59.253  6.822 0.0000000000
29157  53.803  -59.138  5.654 0.0000000000
29158  53.616  -60.001  5.273 0.0000000000
29159  51.469  -60.512  5.134 0.0000000000
29160  50.876  -59.804  5.191 0.0000000000
29161  50.065  -59.298  5.541 0.0000000000
29162  34.833  -59.743  5.248 0.0000000000
29163  34.608  -58.953  5.776 0.0000000000
29179  53.854  -59.025  4.942 0.0000000000
29180  53.365  -59.732  4.483 0.0000000000
29181  52.578  -59.820  4.264 0.0000000000
29182  51.672  -59.689  4.584 0.0000000000
29183  51.120  -59.203  4.747 0.0000000000
29184  35.308  -59.456  4.218 0.0000000000
29185  34.792  -58.999  4.876 0.0000000000
29196  35.814  -59.521  3.238 0.0000000000
29208  36.155  -58.939  1.888 0.0000000000
29209  35.964  -59.317  2.478 0.0000000000
29223  36.214  -59.007  1.101 0.0000000000
29224  35.924  -59.686  1.645 0.0000000000
30047  35.722  -58.401  14.321 0.0000000000
30048  35.244  -58.877  14.311 0.0000000000
30064  35.359  -58.022  13.806 0.0000000000
30065  34.918  -58.507  13.698 0.0000000000
30076  41.083  -58.780  12.345 0.0000000000
30077  40.542  -58.667  12.773 0.0000000000
30078  39.918  -58.339  13.100 0.0000000000
30079  34.409  -58.644  12.701 0.0000000000
30086  46.308  -58.179  11.115 0.0000000000
30087  45.761  -58.488  11.693 0.0000000000
30088  42.065  -58.747  11.414 0.0000000000
30089  41.519  -58.666  11.832 0.0000000000
30090  40.884  -58.342  12.158 0.0000000000
30091  34.291  -58.765  11.638 0.0000000000
30097  47.974  -58.330  9.510 0.0000000000
30098  47.338  -58.332  10.064 0.0000000000
30099  46.781  -58.448  10.656 0.0000000000
30100  43.085  -58.351  10.444 0.0000000000
30101  42.488  -58.575  10.947 0.0000000000
30102  41.836  -58.328  11.288 0.0000000000
30103  34.484  -58.924  10.378 0.0000000000
30107  49.256  -58.062  8.585 0.0000000000
30108  48.551  -58.461  9.032 0.0000000000
30109  44.103  -58.394  9.511 0.0000000000
30110  43.548  -58.431  10.071 0.0000000000
30111  34.791  -58.736  9.120 0.0000000000
30114  51.670  -57.874  7.551 0.0000000000
30115  50.891  -58.080  7.689 0.0000000000
30116  50.055  -58.342  7.933 0.0000000000
30117  45.822  -58.364  8.355 0.0000000000
30118  45.053  -58.565  8.786 0.0000000000
30119  44.654  -58.704  9.155 0.0000000000
30120  34.786  -58.776  8.242 0.0000000000
30127  53.625  -58.167  6.638 0.0000000000
30128  53.225  -58.325  6.875 0.0000000000
30129  52.625  -58.581  7.025 0.0000000000
30130  51.959  -58.565  7.284 0.0000000000
30131  51.419  -58.469  7.452 0.0000000000
30132  47.900  -59.184  7.230 0.0000000000
30133  47.464  -58.474  7.380 0.0000000000
30134  46.664  -58.393  7.844 0.0000000000
30135  34.699  -58.549  7.473 0.0000000000
30143  53.834  -58.271  6.128 0.0000000000
30144  49.331  -58.735  6.074 0.0000000000
30145  48.332  -58.634  6.769 0.0000000000
30146  47.875  -57.997  7.020 0.0000000000
30147  34.602  -58.375  6.556 0.0000000000
30159  53.931  -58.302  5.485 0.0000000000
30160  50.648  -58.661  4.999 0.0000000000
30161  49.932  -58.400  5.464 0.0000000000
30162  34.596  -58.150  5.811 0.0000000000
30175  53.917  -58.188  4.894 0.0000000000
30176  53.577  -58.407  4.251 0.0000000000
30177  52.920  -58.655  3.636 0.0000000000
30178  52.094  -58.783  3.989 0.0000000000
30179  51.359  -58.640  4.400 0.0000000000
30180  35.153  -58.433  4.390 0.0000000000
30181  34.747  -58.307  5.123 0.0000000000
30188  53.258  -58.024  3.674 0.0000000000
30189  53.019  -57.968  3.425 0.0000000000
30193  36.095  -57.987  3.088 0.0000000000
30194  35.757  -58.476  3.488 0.0000000000
30207  36.190  -58.398  2.571 0.0000000000
30208  36.021  -58.934  2.972 0.0000000000
30222  36.415  -58.308  1.604 0.0000000000
30244  36.648  -58.287  0.638 0.0000000000
31028  38.162  -57.961  14.031 0.0000000000
31029  37.242  -57.825  14.172 0.0000000000
31030  36.405  -57.863  14.188 0.0000000000
31041  39.548  -58.087  13.205 0.0000000000
31042  38.916  -57.831  13.491 0.0000000000
31043  37.765  -57.193  13.392 0.0000000000
31044  36.677  -57.271  13.679 0.0000000000
31045  35.761  -57.511  13.654 0.0000000000
31046  35.198  -57.781  13.430 0.0000000000
31058  40.504  -58.021  12.277 0.0000000000
31059  39.724  -57.615  12.494 0.0000000000
31060  38.615  -57.118  12.821 0.0000000000
31061  38.047  -56.792  12.829 0.0000000000
31062  35.343  -57.331  13.073 0.0000000000
31063  34.815  -57.669  12.824 0.0000000000
31071  46.142  -57.362  11.432 0.0000000000
31072  45.542  -57.380  11.971 0.0000000000
31073  41.436  -58.052  11.398 0.0000000000
31074  40.709  -57.629  11.577 0.0000000000
31075  39.964  -57.221  11.732 0.0000000000
31076  34.408  -57.837  11.999 0.0000000000
31079  47.895  -57.346  10.087 0.0000000000
31080  47.243  -57.435  10.571 0.0000000000
31081  46.737  -57.431  11.021 0.0000000000
31082  43.196  -57.950  10.166 0.0000000000
31083  42.589  -57.575  10.274 0.0000000000
31084  41.623  -57.645  10.906 0.0000000000
31085  40.957  -57.207  10.945 0.0000000000
31086  34.338  -57.836  10.953 0.0000000000
31089  49.444  -57.030  9.192 0.0000000000
31090  48.637  -57.379  9.427 0.0000000000
31091  43.979  -57.541  9.279 0.0000000000
31092  43.380  -57.562  9.738 0.0000000000
31093  42.818  -57.064  9.829 0.0000000000
31094  34.574  -57.699  9.678 0.0000000000
31097  53.565  -56.576  8.242 0.0000000000
31098  53.031  -57.075  8.275 0.0000000000
31099  52.246  -57.350  7.882 0.0000000000
31100  51.374  -57.162  8.151 0.0000000000
31101  50.285  -57.136  8.600 0.0000000000
31102  45.640  -57.377  8.270 0.0000000000
31103  45.080  -57.609  8.599 0.0000000000
31104  44.513  -57.944  9.009 0.0000000000
31105  34.655  -57.906  8.314 0.0000000000
31108  53.981  -57.384  6.747 0.0000000000
31109  53.636  -57.283  7.510 0.0000000000
31110  52.884  -57.743  7.471 0.0000000000
31111  52.286  -57.985  7.387 0.0000000000
31112  46.934  -57.465  7.622 0.0000000000
31113  46.215  -57.494  7.975 0.0000000000
31114  34.649  -57.723  7.186 0.0000000000
31116  54.008  -57.493  6.011 0.0000000000
31117  48.875  -57.639  6.291 0.0000000000
31118  48.169  -57.469  6.766 0.0000000000
31119  47.589  -57.409  7.203 0.0000000000
31120  34.657  -57.610  6.273 0.0000000000
31124  54.106  -57.537  5.307 0.0000000000
31125  50.251  -57.652  5.133 0.0000000000
31126  49.552  -57.663  5.681 0.0000000000
31127  35.156  -57.206  4.724 0.0000000000
31128  34.825  -57.526  5.393 0.0000000000
31137  53.917  -57.526  4.609 0.0000000000
31138  53.533  -57.526  3.975 0.0000000000
31139  52.264  -58.054  3.613 0.0000000000
31140  51.643  -57.789  3.823 0.0000000000
31141  50.954  -57.684  4.480 0.0000000000
31144  35.458  -57.555  4.084 0.0000000000
31145  35.022  -57.800  4.718 0.0000000000
31152  53.130  -57.480  3.536 0.0000000000
31153  52.588  -57.579  3.457 0.0000000000
31154  51.999  -57.475  3.428 0.0000000000
31159  36.360  -57.546  2.830 0.0000000000
31160  35.940  -57.508  3.387 0.0000000000
31174  36.550  -57.698  2.094 0.0000000000
31189  38.198  -57.133  0.831 0.0000000000
31190  37.565  -57.282  1.042 0.0000000000
31191  36.869  -57.631  1.343 0.0000000000
31215  37.161  -57.697  0.534 0.0000000000
31985  36.897  -56.754  13.142 0.0000000000
31986  36.093  -56.827  13.181 0.0000000000
31987  35.626  -57.064  13.081 0.0000000000
31996  38.939  -56.805  12.265 0.0000000000
31997  38.275  -56.554  12.428 0.0000000000
31998  37.502  -56.414  12.608 0.0000000000
31999  36.498  -56.327  12.637 0.0000000000
32000  35.394  -56.670  12.373 0.0000000000
32001  34.721  -57.265  12.210 0.0000000000
32008  47.479  -56.303  11.325 0.0000000000
32009  46.830  -56.488  11.463 0.0000000000
32010  46.046  -56.452  11.878 0.0000000000
32011  40.021  -56.961  11.318 0.0000000000
32012  39.416  -56.670  11.634 0.0000000000
32013  38.552  -56.247  11.868 0.0000000000
32014  37.940  -56.113  12.104 0.0000000000
32015  35.081  -56.301  11.117 0.0000000000
32016  34.603  -57.058  11.556 0.0000000000
32021  49.433  -56.125  10.239 0.0000000000
32022  48.669  -56.419  10.361 0.0000000000
32023  47.834  -56.569  10.902 0.0000000000
32024  47.239  -56.831  11.075 0.0000000000
32025  41.783  -56.986  10.334 0.0000000000
32026  41.137  -56.851  10.584 0.0000000000
32027  40.374  -56.683  10.817 0.0000000000
32028  39.735  -56.476  11.056 0.0000000000
32029  34.983  -56.155  10.142 0.0000000000
32030  34.588  -56.912  10.520 0.0000000000
32033  52.436  -55.936  9.274 0.0000000000
32034  51.676  -55.952  9.369 0.0000000000
32035  50.861  -56.000  9.644 0.0000000000
32036  50.010  -56.313  9.721 0.0000000000
32037  49.204  -56.575  9.763 0.0000000000
32038  43.648  -56.975  9.323 0.0000000000
32039  43.040  -56.592  9.478 0.0000000000
32040  42.227  -56.539  9.841 0.0000000000
32041  41.325  -56.317  10.139 0.0000000000
32042  40.726  -56.314  10.386 0.0000000000
32043  34.959  -56.132  9.239 0.0000000000
32044  34.705  -56.741  9.673 0.0000000000
32046  54.288  -55.929  8.062 0.0000000000
32047  53.878  -55.984  8.443 0.0000000000
32048  53.188  -56.224  8.914 0.0000000000
32049  52.165  -56.549  8.673 0.0000000000
32050  51.139  -56.459  8.921 0.0000000000
32051  50.562  -56.421  9.233 0.0000000000
32052  45.852  -56.827  8.085 0.0000000000
32053  45.233  -56.558  8.410 0.0000000000
32054  44.276  -56.767  8.941 0.0000000000
32055  43.545  -56.367  9.215 0.0000000000
32056  35.023  -56.162  8.270 0.0000000000
32057  34.726  -56.923  8.813 0.0000000000
32060  54.218  -56.364  7.422 0.0000000000
32061  53.955  -56.418  7.972 0.0000000000
32062  47.198  -56.514  7.416 0.0000000000
32063  46.391  -56.508  7.771 0.0000000000
32064  45.770  -56.179  8.056 0.0000000000
32065  35.123  -56.179  7.208 0.0000000000
32066  34.763  -56.961  7.752 0.0000000000
32068  54.264  -56.593  6.535 0.0000000000
32069  49.287  -56.752  5.906 0.0000000000
32070  48.607  -56.598  6.449 0.0000000000
32071  47.846  -56.535  6.910 0.0000000000
32072  35.169  -56.311  6.145 0.0000000000
32073  34.826  -56.951  6.752 0.0000000000
32077  54.198  -56.831  5.800 0.0000000000
32078  50.476  -56.777  4.645 0.0000000000
32079  49.857  -56.792  5.311 0.0000000000
32080  35.147  -56.704  5.262 0.0000000000
32081  34.851  -56.996  5.957 0.0000000000
32089  54.308  -56.709  5.112 0.0000000000
32090  53.835  -56.639  4.349 0.0000000000
32091  53.418  -56.319  3.905 0.0000000000
32092  51.656  -57.163  3.504 0.0000000000
32093  51.090  -56.672  3.728 0.0000000000
32097  40.723  -56.202  4.063 0.0000000000
32098  36.130  -56.088  4.059 0.0000000000
32099  35.636  -56.559  4.304 0.0000000000
32105  53.382  -56.936  3.788 0.0000000000
32106  52.833  -56.649  3.521 0.0000000000
32107  51.889  -56.678  3.241 0.0000000000
32108  51.291  -56.173  3.206 0.0000000000
32112  40.323  -56.366  3.526 0.0000000000
32113  39.406  -56.029  3.199 0.0000000000
32114  38.488  -55.974  3.016 0.0000000000
32115  37.562  -56.167  3.028 0.0000000000
32116  36.511  -56.583  3.384 0.0000000000
32117  35.785  -57.001  3.718 0.0000000000
32128  39.948  -56.506  2.951 0.0000000000
32129  39.317  -56.382  2.542 0.0000000000
32130  38.308  -56.318  2.324 0.0000000000
32131  37.381  -56.609  2.361 0.0000000000
32132  36.795  -57.118  2.374 0.0000000000
32145  39.048  -56.586  1.734 0.0000000000
32146  38.132  -56.735  1.478 0.0000000000
32147  37.200  -57.044  1.709 0.0000000000
32148  36.821  -57.341  1.869 0.0000000000
32166  38.883  -56.773  1.246 0.0000000000
32167  38.705  -56.941  0.941 0.0000000000
32963  37.561  -55.954  12.082 0.0000000000
32964  37.032  -55.832  12.127 0.0000000000
32965  36.231  -55.953  12.048 0.0000000000
32972  47.948  -55.172  11.403 0.0000000000
32973  47.479  -55.548  11.516 0.0000000000
32974  46.563  -55.553  11.858 0.0000000000
32976  39.410  -56.200  11.134 0.0000000000
32977  38.923  -55.898  11.314 0.0000000000
32978  37.772  -55.505  11.487 0.0000000000
32979  36.629  -55.416  11.497 0.0000000000
32980  35.784  -55.800  11.452 0.0000000000
32986  49.835  -54.878  10.560 0.0000000000
32987  49.324  -55.408  10.650 0.0000000000
32988  48.285  -55.601  11.178 0.0000000000
32989  47.841  -56.040  11.361 0.0000000000
32990  40.281  -56.102  10.424 0.0000000000
32991  39.564  -55.715  10.629 0.0000000000
32992  38.606  -55.306  10.931 0.0000000000
32993  38.009  -55.009  10.920 0.0000000000
32994  36.115  -55.289  10.959 0.0000000000
32995  35.558  -55.556  10.544 0.0000000000
33001  52.065  -55.340  9.460 0.0000000000
33002  51.270  -55.333  9.798 0.0000000000
33003  50.336  -55.362  10.277 0.0000000000
33004  49.802  -55.816  10.299 0.0000000000
33005  43.152  -56.014  9.222 0.0000000000
33006  42.516  -55.557  9.301 0.0000000000
33007  41.525  -55.633  9.671 0.0000000000
33008  40.519  -55.590  10.044 0.0000000000
33009  39.823  -55.099  10.138 0.0000000000
33010  35.340  -55.539  9.720 0.0000000000
33013  54.329  -55.334  8.355 0.0000000000
33014  53.669  -55.380  8.842 0.0000000000
33015  52.925  -55.398  9.361 0.0000000000
33016  45.323  -55.524  8.193 0.0000000000
33017  44.551  -55.618  8.560 0.0000000000
33018  43.516  -55.502  8.963 0.0000000000
33019  42.815  -54.929  8.975 0.0000000000
33020  35.321  -55.451  8.837 0.0000000000
33023  54.719  -55.480  7.847 0.0000000000
33024  47.453  -55.616  7.116 0.0000000000
33025  46.768  -55.591  7.520 0.0000000000
33026  46.027  -55.473  7.841 0.0000000000
33027  35.401  -55.396  7.797 0.0000000000
33029  54.652  -55.641  7.038 0.0000000000
33030  49.587  -56.214  5.520 0.0000000000
33031  49.125  -55.640  5.863 0.0000000000
33032  48.168  -55.606  6.563 0.0000000000
33033  36.117  -54.835  6.300 0.0000000000
33034  35.666  -55.347  6.551 0.0000000000
33036  54.486  -55.819  5.975 0.0000000000
33037  50.512  -56.260  4.238 0.0000000000
33038  49.947  -55.720  4.768 0.0000000000
33039  49.352  -55.222  5.246 0.0000000000
33040  36.260  -55.067  5.663 0.0000000000
33041  35.670  -55.829  5.192 0.0000000000
33049  54.402  -55.703  4.945 0.0000000000
33050  53.795  -55.644  4.318 0.0000000000
33051  53.078  -55.680  3.854 0.0000000000
33052  50.508  -55.893  3.842 0.0000000000
33053  50.080  -55.350  3.494 0.0000000000
33057  40.709  -55.397  4.251 0.0000000000
33058  39.714  -55.145  4.264 0.0000000000
33059  38.834  -55.079  4.165 0.0000000000
33060  37.904  -55.151  4.131 0.0000000000
33061  36.727  -55.531  4.376 0.0000000000
33062  35.962  -55.939  4.433 0.0000000000
33069  52.306  -55.753  3.356 0.0000000000
33070  51.504  -55.688  3.058 0.0000000000
33071  50.696  -55.630  3.042 0.0000000000
33072  50.088  -55.240  2.840 0.0000000000
33075  40.197  -55.791  4.005 0.0000000000
33076  39.536  -55.648  3.765 0.0000000000
33077  38.645  -55.548  3.595 0.0000000000
33078  37.702  -55.662  3.567 0.0000000000
33079  37.085  -55.944  3.554 0.0000000000
33946  48.161  -54.964  11.301 0.0000000000
33947  47.716  -54.575  11.240 0.0000000000
33948  46.841  -54.621  11.536 0.0000000000
33950  37.067  -55.042  11.187 0.0000000000
33951  36.624  -55.017  10.912 0.0000000000
33957  50.119  -54.312  10.322 0.0000000000
33958  49.408  -54.409  10.610 0.0000000000
33959  48.520  -54.528  10.954 0.0000000000
33960  48.007  -54.148  10.949 0.0000000000
33961  38.924  -55.065  10.584 0.0000000000
33962  38.340  -54.740  10.568 0.0000000000
33963  37.282  -54.613  10.582 0.0000000000
33964  36.123  -54.842  10.327 0.0000000000
33965  35.639  -55.167  10.035 0.0000000000
33972  52.434  -54.706  9.373 0.0000000000
33973  51.644  -54.718  9.600 0.0000000000
33974  50.891  -54.559  9.960 0.0000000000
33975  41.658  -54.911  9.300 0.0000000000
33976  40.907  -54.853  9.502 0.0000000000
33977  40.043  -54.584  9.675 0.0000000000
33978  39.099  -54.581  10.103 0.0000000000
33979  38.029  -54.157  10.026 0.0000000000
33980  37.282  -54.033  9.766 0.0000000000
33981  36.502  -54.231  9.366 0.0000000000
33982  35.714  -54.926  9.482 0.0000000000
33987  55.554  -54.129  7.741 0.0000000000
33988  55.060  -54.579  8.238 0.0000000000
33989  54.133  -54.613  8.540 0.0000000000
33990  53.294  -54.647  9.052 0.0000000000
33991  44.807  -54.868  8.234 0.0000000000
33992  44.055  -54.520  8.470 0.0000000000
33993  43.051  -54.342  8.643 0.0000000000
33994  42.118  -54.379  8.851 0.0000000000
33995  41.150  -54.229  9.038 0.0000000000
33996  40.496  -54.240  9.228 0.0000000000
33997  36.325  -54.130  8.088 0.0000000000
33998  35.727  -54.704  8.509 0.0000000000
34000  55.484  -54.122  7.101 0.0000000000
34001  55.160  -54.819  7.500 0.0000000000
34002  47.044  -54.915  7.265 0.0000000000
34003  46.384  -54.585  7.485 0.0000000000
34004  45.422  -54.500  7.849 0.0000000000
34005  44.657  -54.198  8.084 0.0000000000
34006  36.335  -54.182  7.132 0.0000000000
34007  35.819  -54.668  7.452 0.0000000000
34011  55.374  -54.045  6.331 0.0000000000
34012  55.024  -54.827  6.627 0.0000000000
34013  48.392  -54.710  6.086 0.0000000000
34014  47.533  -54.615  6.717 0.0000000000
34015  46.874  -54.310  7.110 0.0000000000
34016  37.226  -54.053  5.851 0.0000000000
34017  36.593  -54.333  6.290 0.0000000000
34018  36.051  -54.638  6.727 0.0000000000
34023  55.320  -53.878  5.864 0.0000000000
34024  54.901  -54.527  5.620 0.0000000000
34025  49.385  -54.920  4.838 0.0000000000
34026  48.924  -54.697  5.382 0.0000000000
34027  38.433  -54.034  5.067 0.0000000000
34028  37.760  -54.155  5.311 0.0000000000
34029  36.977  -54.638  5.353 0.0000000000
34038  54.334  -54.699  4.752 0.0000000000
34039  53.493  -54.757  4.328 0.0000000000
34040  52.634  -54.869  3.842 0.0000000000
34041  49.539  -54.720  3.975 0.0000000000
34042  49.056  -54.396  4.641 0.0000000000
34045  41.051  -54.361  4.377 0.0000000000
34046  40.029  -54.357  4.527 0.0000000000
34047  39.036  -54.375  4.655 0.0000000000
34048  38.218  -54.585  4.653 0.0000000000
34049  37.497  -54.813  4.757 0.0000000000
34057  51.877  -54.889  3.280 0.0000000000
34058  51.093  -54.841  2.759 0.0000000000
34059  50.150  -54.741  2.444 0.0000000000
34060  49.679  -54.807  2.920 0.0000000000
34070  49.671  -54.323  2.122 0.0000000000
34071  49.568  -54.479  2.297 0.0000000000
34918  47.645  -53.877  10.878 0.0000000000
34919  46.963  -53.712  10.988 0.0000000000
34934  49.977  -53.735  10.106 0.0000000000
34935  49.579  -53.766  10.316 0.0000000000
34936  48.916  -53.594  10.456 0.0000000000
34937  48.120  -53.581  10.631 0.0000000000
34938  47.455  -53.258  10.654 0.0000000000
34950  51.910  -54.237  9.287 0.0000000000
34951  51.253  -54.086  9.461 0.0000000000
34952  50.429  -53.647  9.584 0.0000000000
34953  49.661  -53.351  9.907 0.0000000000
34954  49.281  -53.323  10.152 0.0000000000
34955  39.993  -53.961  9.190 0.0000000000
34956  39.382  -53.901  9.383 0.0000000000
34957  38.514  -53.739  9.446 0.0000000000
34958  37.641  -53.700  9.345 0.0000000000
34959  37.098  -53.846  9.284 0.0000000000
34968  55.851  -53.025  7.681 0.0000000000
34969  55.541  -53.497  8.025 0.0000000000
34970  54.710  -53.729  8.380 0.0000000000
34971  53.705  -53.870  8.584 0.0000000000
34972  52.602  -53.928  8.889 0.0000000000
34973  51.624  -53.674  9.002 0.0000000000
34974  51.036  -53.622  9.173 0.0000000000
34975  44.185  -53.715  8.118 0.0000000000
34976  43.434  -53.592  8.218 0.0000000000
34977  42.323  -53.240  8.218 0.0000000000
34978  41.303  -53.487  8.524 0.0000000000
34979  40.387  -53.591  8.788 0.0000000000
34980  39.655  -53.523  8.903 0.0000000000
34981  38.920  -53.290  8.750 0.0000000000
34982  37.983  -53.316  8.699 0.0000000000
34983  37.083  -53.656  8.586 0.0000000000
34990  56.016  -52.909  7.482 0.0000000000
34991  55.849  -53.375  7.393 0.0000000000
34992  46.507  -53.971  7.177 0.0000000000
34993  45.875  -53.523  7.216 0.0000000000
34994  44.769  -53.456  7.644 0.0000000000
34995  43.869  -53.027  7.789 0.0000000000
34996  43.067  -52.883  7.806 0.0000000000
34997  38.389  -52.945  8.058 0.0000000000
34998  37.576  -53.250  7.740 0.0000000000
34999  36.825  -53.693  7.482 0.0000000000
35004  55.780  -53.514  6.721 0.0000000000
35005  48.437  -54.257  5.631 0.0000000000
35006  47.867  -53.718  5.863 0.0000000000
35007  46.808  -53.594  6.683 0.0000000000
35008  46.183  -53.100  6.700 0.0000000000
35009  38.215  -52.900  7.067 0.0000000000
35010  37.331  -53.541  6.566 0.0000000000
35011  36.697  -53.864  6.839 0.0000000000
35016  55.662  -53.426  6.042 0.0000000000
35017  55.339  -53.538  5.520 0.0000000000
35018  48.574  -53.984  5.061 0.0000000000
35019  48.164  -53.330  4.776 0.0000000000
35020  40.230  -52.830  5.454 0.0000000000
35021  39.638  -53.029  5.486 0.0000000000
35022  38.499  -53.317  5.755 0.0000000000
35023  37.650  -53.713  5.830 0.0000000000
35031  54.887  -53.730  5.044 0.0000000000
35032  54.113  -53.729  4.656 0.0000000000
35033  53.026  -53.778  4.320 0.0000000000
35034  52.220  -53.469  4.133 0.0000000000
35035  49.315  -54.399  3.305 0.0000000000
35036  48.773  -53.815  3.812 0.0000000000
35037  48.263  -53.228  4.158 0.0000000000
35038  42.306  -53.516  4.343 0.0000000000
35039  41.508  -53.488  4.580 0.0000000000
35040  40.447  -53.292  4.888 0.0000000000
35041  39.366  -53.644  4.997 0.0000000000
35042  38.801  -53.818  5.084 0.0000000000
35050  52.206  -54.207  3.854 0.0000000000
35051  51.487  -53.885  3.491 0.0000000000
35052  50.611  -53.916  2.725 0.0000000000
35053  49.165  -54.270  2.691 0.0000000000
35054  48.554  -53.652  2.557 0.0000000000
35065  49.895  -53.967  2.156 0.0000000000
35993  48.453  -53.078  10.300 0.0000000000
35994  47.831  -52.553  10.185 0.0000000000
36008  50.284  -53.103  9.095 0.0000000000
36009  49.807  -52.979  9.370 0.0000000000
36010  48.899  -52.691  9.723 0.0000000000
36011  48.143  -52.141  9.593 0.0000000000
36023  56.034  -52.621  7.575 0.0000000000
36024  55.751  -52.756  7.786 0.0000000000
36025  55.204  -52.728  8.042 0.0000000000
36026  54.209  -53.027  8.216 0.0000000000
36027  53.158  -53.135  8.331 0.0000000000
36028  52.092  -53.108  8.477 0.0000000000
36029  50.913  -52.991  8.676 0.0000000000
36030  50.106  -52.690  8.810 0.0000000000
36031  49.476  -52.474  8.948 0.0000000000
36032  41.839  -52.680  7.699 0.0000000000
36033  41.320  -52.815  7.908 0.0000000000
36034  40.491  -52.917  8.140 0.0000000000
36035  39.588  -53.000  8.338 0.0000000000
36036  38.952  -52.920  8.237 0.0000000000
36045  56.239  -52.622  7.107 0.0000000000
36046  56.046  -53.134  6.941 0.0000000000
36047  55.140  -52.199  7.824 0.0000000000
36048  54.638  -52.297  7.807 0.0000000000
36049  53.691  -52.397  7.811 0.0000000000
36050  52.639  -52.429  7.898 0.0000000000
36051  51.701  -52.414  8.091 0.0000000000
36052  45.072  -52.803  7.093 0.0000000000
36053  44.289  -52.531  7.247 0.0000000000
36054  43.357  -52.369  7.232 0.0000000000
36055  42.333  -52.446  7.313 0.0000000000
36056  41.393  -52.478  7.216 0.0000000000
36057  40.588  -52.588  7.351 0.0000000000
36058  39.759  -52.671  7.511 0.0000000000
36059  38.965  -52.715  7.684 0.0000000000
36062  56.368  -52.224  6.303 0.0000000000
36063  56.054  -52.934  6.435 0.0000000000
36064  47.108  -52.964  6.040 0.0000000000
36065  46.415  -52.782  6.296 0.0000000000
36066  45.650  -52.551  6.520 0.0000000000
36067  44.724  -52.158  6.614 0.0000000000
36068  43.819  -51.953  6.589 0.0000000000
36069  42.786  -52.036  6.221 0.0000000000
36070  41.637  -52.311  6.396 0.0000000000
36071  40.725  -52.457  6.536 0.0000000000
36072  39.925  -52.616  6.696 0.0000000000
36073  39.070  -52.645  6.770 0.0000000000
36075  56.336  -52.005  5.856 0.0000000000
36076  55.872  -52.544  5.540 0.0000000000
36077  55.322  -53.138  5.182 0.0000000000
36078  47.469  -52.826  5.269 0.0000000000
36079  46.638  -52.382  5.593 0.0000000000
36080  46.055  -52.297  5.997 0.0000000000
36081  43.333  -52.132  4.636 0.0000000000
36082  42.787  -52.117  5.134 0.0000000000
36083  41.874  -52.359  5.488 0.0000000000
36084  40.860  -52.566  5.626 0.0000000000
36085  40.103  -52.657  5.960 0.0000000000
36086  39.407  -52.768  6.097 0.0000000000
36094  55.595  -52.039  5.077 0.0000000000
36095  54.990  -52.643  4.854 0.0000000000
36096  53.822  -52.676  4.569 0.0000000000
36097  52.802  -52.656  4.363 0.0000000000
36098  51.839  -52.733  4.110 0.0000000000
36099  48.260  -53.153  3.701 0.0000000000
36100  47.784  -52.741  4.238 0.0000000000
36101  47.002  -52.252  4.789 0.0000000000
36103  43.614  -52.373  4.072 0.0000000000
36104  42.868  -52.750  4.395 0.0000000000
36105  42.063  -52.752  4.738 0.0000000000
36106  41.309  -52.815  4.996 0.0000000000
36120  48.411  -53.347  3.247 0.0000000000
36121  47.924  -52.805  2.971 0.0000000000
36122  47.031  -52.197  3.778 0.0000000000
37054  47.687  -51.789  9.682 0.0000000000
37070  48.433  -52.062  9.235 0.0000000000
37071  47.946  -51.600  9.074 0.0000000000
37086  56.008  -52.404  7.701 0.0000000000
37087  55.808  -52.270  7.761 0.0000000000
37088  55.489  -52.104  7.784 0.0000000000
37089  50.434  -52.382  8.480 0.0000000000
37090  49.908  -52.074  8.434 0.0000000000
37091  48.849  -51.736  8.547 0.0000000000
37092  48.023  -51.090  8.449 0.0000000000
37101  56.284  -51.983  7.498 0.0000000000
37102  55.934  -51.587  7.602 0.0000000000
37103  55.213  -51.651  7.586 0.0000000000
37104  54.284  -51.647  7.395 0.0000000000
37105  53.207  -51.684  7.336 0.0000000000
37106  52.078  -51.742  7.440 0.0000000000
37107  50.858  -51.831  7.920 0.0000000000
37108  49.816  -51.374  7.833 0.0000000000
37109  49.094  -51.022  7.676 0.0000000000
37115  56.574  -51.613  6.826 0.0000000000
37116  45.686  -52.109  6.004 0.0000000000
37117  45.190  -51.867  6.006 0.0000000000
37118  44.297  -51.684  5.952 0.0000000000
37119  43.547  -51.753  5.920 0.0000000000
37121  56.600  -51.447  6.074 0.0000000000
37122  56.289  -51.729  5.619 0.0000000000
37123  46.483  -52.025  5.110 0.0000000000
37124  45.865  -51.864  5.399 0.0000000000
37125  44.837  -51.588  5.205 0.0000000000
37126  43.755  -51.772  5.147 0.0000000000
37127  43.199  -51.879  5.609 0.0000000000
37132  56.532  -51.181  5.557 0.0000000000
37133  56.081  -51.467  5.161 0.0000000000
37134  55.389  -51.506  4.792 0.0000000000
37135  54.481  -51.612  4.625 0.0000000000
37136  53.467  -51.645  4.473 0.0000000000
37138  46.365  -51.888  4.541 0.0000000000
37139  45.525  -51.649  4.429 0.0000000000
37140  44.452  -51.808  4.192 0.0000000000
37141  43.773  -51.968  4.511 0.0000000000
37155  46.181  -51.867  3.644 0.0000000000
37156  45.408  -51.762  3.545 0.0000000000
38011  48.411  -50.783  7.885 0.0000000000
38024  57.256  -50.037  6.859 0.0000000000
38025  56.604  -50.696  7.158 0.0000000000
38026  55.842  -50.775  7.321 0.0000000000
38027  54.961  -50.837  7.146 0.0000000000
38028  53.901  -50.835  6.868 0.0000000000
38029  52.701  -50.891  6.816 0.0000000000
38030  51.539  -50.903  7.002 0.0000000000
38031  50.562  -50.873  7.254 0.0000000000
38032  49.706  -50.646  7.181 0.0000000000
38033  48.843  -50.319  7.143 0.0000000000
38042  57.291  -50.041  6.521 0.0000000000
38043  56.971  -50.644  6.521 0.0000000000
38044  51.066  -50.373  6.771 0.0000000000
38045  50.412  -50.178  6.672 0.0000000000
38046  49.573  -49.948  6.616 0.0000000000
38047  48.922  -49.679  6.626 0.0000000000
38053  57.228  -50.073  6.115 0.0000000000
38054  56.875  -50.669  5.842 0.0000000000
38059  57.035  -50.104  5.616 0.0000000000
38060  56.598  -50.509  5.260 0.0000000000
38061  55.919  -50.594  4.806 0.0000000000
38954  57.246  -49.270  7.166 0.0000000000
38955  56.366  -49.714  7.214 0.0000000000
38956  55.585  -50.065  7.041 0.0000000000
38957  54.735  -49.932  6.690 0.0000000000
38958  53.420  -49.734  6.384 0.0000000000
38959  52.157  -50.104  6.556 0.0000000000
38960  51.517  -50.249  6.656 0.0000000000
38974  57.395  -49.419  6.425 0.0000000000
38975  53.136  -49.084  5.985 0.0000000000
38976  52.476  -49.253  6.164 0.0000000000
38977  51.341  -49.574  6.352 0.0000000000
38978  50.258  -49.349  6.224 0.0000000000
38979  49.376  -49.196  6.240 0.0000000000
39867  56.697  -48.519  7.157 0.0000000000
39868  55.683  -48.990  6.832 0.0000000000
39869  54.539  -48.925  6.401 0.0000000000
39870  53.681  -48.669  6.078 0.0000000000
39883  52.914  -48.498  5.775 0.0000000000
39884  51.939  -48.507  5.894 0.0000000000
39885  50.906  -48.529  5.872 0.0000000000
39886  49.921  -48.481  5.872 0.0000000000
40710  56.167  -47.673  6.663 0.0000000000
40711  55.182  -48.054  6.433 0.0000000000
40712  54.354  -48.125  6.180 0.0000000000
40723  55.493  -47.241  6.340 0.0000000000
40724  54.718  -47.365  6.049 0.0000000000
40725  53.672  -47.640  5.784 0.0000000000
40726  52.534  -47.581  5.627 0.0000000000
41596  54.260  -46.548  5.709 0.0000000000
