#!ascii label  , from subject FREESURFER vox2ras=TkReg 
1723
113747  26.380  36.002  2.153 0.0000000000
113748  25.956  35.858  2.158 0.0000000000
113749  25.020  35.675  2.147 0.0000000000
113750  24.001  35.692  2.132 0.0000000000
113751  22.986  35.708  2.152 0.0000000000
113752  21.991  35.711  2.205 0.0000000000
113753  21.107  35.800  2.213 0.0000000000
113761  26.988  36.070  1.560 0.0000000000
113762  26.592  35.972  1.730 0.0000000000
113763  25.693  35.740  1.368 0.0000000000
113764  24.688  35.519  1.274 0.0000000000
113765  23.641  35.400  1.368 0.0000000000
113766  22.573  35.156  1.473 0.0000000000
113780  26.989  36.008  1.251 0.0000000000
113781  26.460  35.910  0.792 0.0000000000
113782  25.469  35.782  0.154 0.0000000000
113783  24.267  35.346  0.469 0.0000000000
114386  26.436  37.760  4.345 0.0000000000
114387  25.808  37.363  4.321 0.0000000000
114388  24.893  37.003  4.274 0.0000000000
114389  24.152  36.802  4.098 0.0000000000
114390  23.494  36.947  4.128 0.0000000000
114400  27.565  37.476  3.367 0.0000000000
114401  26.832  37.234  3.667 0.0000000000
114402  25.735  36.576  3.656 0.0000000000
114403  24.708  36.449  3.581 0.0000000000
114404  23.796  36.462  3.570 0.0000000000
114405  22.804  36.735  3.641 0.0000000000
114406  21.840  36.885  3.281 0.0000000000
114407  21.050  36.891  3.131 0.0000000000
114417  28.468  37.310  2.265 0.0000000000
114418  27.802  37.032  2.738 0.0000000000
114419  26.571  36.276  2.556 0.0000000000
114420  25.390  36.091  2.854 0.0000000000
114421  24.368  36.045  2.877 0.0000000000
114422  23.372  36.076  2.905 0.0000000000
114423  22.392  36.198  2.847 0.0000000000
114424  21.464  36.325  2.708 0.0000000000
114425  20.453  36.555  2.484 0.0000000000
114426  19.689  36.887  2.218 0.0000000000
114436  28.332  36.865  1.893 0.0000000000
114437  27.387  36.300  1.690 0.0000000000
114438  26.857  36.135  2.004 0.0000000000
114439  19.831  36.302  1.938 0.0000000000
114440  19.317  36.709  1.715 0.0000000000
114441  18.935  36.837  1.355 0.0000000000
114454  29.006  37.049  0.414 0.0000000000
114455  28.610  36.840  0.815 0.0000000000
114456  27.444  36.192  0.476 0.0000000000
114457  26.576  36.123  -0.176 0.0000000000
114459  19.136  36.299  1.222 0.0000000000
114460  18.760  36.607  0.742 0.0000000000
114472  29.013  36.909  0.082 0.0000000000
114473  28.399  36.608  -0.340 0.0000000000
114477  18.589  36.691  -0.141 0.0000000000
115041  27.136  38.465  4.200 0.0000000000
115042  26.609  38.392  4.514 0.0000000000
115043  25.899  38.182  4.755 0.0000000000
115044  25.006  37.873  4.792 0.0000000000
115045  23.989  37.588  4.504 0.0000000000
115046  22.981  37.613  4.236 0.0000000000
115057  28.153  38.342  3.219 0.0000000000
115058  27.578  38.081  3.743 0.0000000000
115059  26.983  37.904  4.208 0.0000000000
115060  22.141  37.632  3.778 0.0000000000
115061  21.262  37.618  3.487 0.0000000000
115062  20.503  37.481  3.113 0.0000000000
115074  29.246  38.513  1.779 0.0000000000
115075  28.650  38.014  2.627 0.0000000000
115076  27.990  37.745  3.184 0.0000000000
115077  19.863  37.474  2.636 0.0000000000
115078  19.170  37.555  2.063 0.0000000000
115079  18.847  37.996  1.780 0.0000000000
115094  29.528  37.945  1.119 0.0000000000
115095  28.942  37.496  1.685 0.0000000000
115096  19.011  37.152  1.629 0.0000000000
115097  18.737  37.556  1.302 0.0000000000
115110  29.383  37.381  0.345 0.0000000000
115111  29.126  37.409  0.990 0.0000000000
115112  18.490  37.540  0.297 0.0000000000
115124  18.490  37.554  -0.720 0.0000000000
115135  18.617  37.573  -1.773 0.0000000000
115147  18.822  37.528  -2.806 0.0000000000
115666  26.054  39.498  5.109 0.0000000000
115667  25.765  39.439  5.138 0.0000000000
115676  27.480  38.955  3.935 0.0000000000
115677  26.934  39.090  4.423 0.0000000000
115678  26.206  39.104  4.931 0.0000000000
115679  25.269  38.920  5.083 0.0000000000
115680  24.275  38.671  4.850 0.0000000000
115681  23.354  38.562  4.497 0.0000000000
115691  33.654  39.055  3.102 0.0000000000
115692  33.138  38.919  3.028 0.0000000000
115693  32.333  38.889  2.856 0.0000000000
115694  28.466  38.979  2.932 0.0000000000
115695  27.937  38.923  3.448 0.0000000000
115696  22.463  38.526  4.139 0.0000000000
115697  21.612  38.509  3.733 0.0000000000
115698  20.640  38.474  3.393 0.0000000000
115699  19.973  38.723  3.065 0.0000000000
115711  34.963  38.827  2.409 0.0000000000
115712  33.865  38.710  2.591 0.0000000000
115713  32.780  38.576  2.297 0.0000000000
115714  31.833  38.891  2.106 0.0000000000
115715  29.336  39.344  1.764 0.0000000000
115716  28.923  39.113  2.292 0.0000000000
115717  20.048  38.094  3.043 0.0000000000
115718  19.508  38.413  2.632 0.0000000000
115719  18.965  38.477  2.096 0.0000000000
115727  34.392  38.110  1.813 0.0000000000
115728  33.352  38.175  1.655 0.0000000000
115729  32.375  38.439  1.326 0.0000000000
115730  31.417  38.989  1.147 0.0000000000
115731  30.757  39.198  0.851 0.0000000000
115732  29.968  38.972  1.174 0.0000000000
115733  18.746  38.429  1.542 0.0000000000
115743  30.084  38.040  0.528 0.0000000000
115744  18.568  38.448  0.773 0.0000000000
115753  18.462  38.477  -0.246 0.0000000000
115762  18.539  38.493  -1.310 0.0000000000
115770  19.286  39.151  -2.787 0.0000000000
115771  18.984  38.730  -2.456 0.0000000000
115776  19.394  39.096  -3.180 0.0000000000
115777  19.134  38.360  -3.454 0.0000000000
115780  19.393  39.075  -4.055 0.0000000000
115781  19.019  38.344  -4.419 0.0000000000
115784  19.438  39.064  -4.996 0.0000000000
115785  18.930  38.399  -5.397 0.0000000000
115788  19.412  39.082  -5.937 0.0000000000
115796  19.459  39.020  -6.756 0.0000000000
116252  30.253  39.828  5.759 0.0000000000
116253  29.949  39.819  5.678 0.0000000000
116259  32.144  39.731  5.070 0.0000000000
116260  31.647  39.677  5.144 0.0000000000
116261  30.549  39.732  5.398 0.0000000000
116262  29.623  39.816  5.082 0.0000000000
116263  26.382  40.135  5.112 0.0000000000
116264  26.046  39.935  5.191 0.0000000000
116265  25.295  39.824  5.181 0.0000000000
116269  33.099  39.496  4.099 0.0000000000
116270  32.351  39.549  4.530 0.0000000000
116271  31.012  39.468  4.367 0.0000000000
116272  29.980  39.762  4.358 0.0000000000
116273  29.414  39.961  4.434 0.0000000000
116274  27.922  39.772  3.688 0.0000000000
116275  27.518  39.659  4.156 0.0000000000
116276  26.655  39.911  4.813 0.0000000000
116277  26.248  39.620  5.008 0.0000000000
116278  24.542  39.620  5.025 0.0000000000
116279  23.713  39.617  4.635 0.0000000000
116280  22.895  39.468  4.225 0.0000000000
116287  35.015  40.035  3.213 0.0000000000
116288  34.380  39.736  3.469 0.0000000000
116289  33.609  39.418  3.623 0.0000000000
116290  32.648  39.161  3.582 0.0000000000
116291  31.417  39.232  3.160 0.0000000000
116292  30.330  39.709  3.451 0.0000000000
116293  28.243  39.602  3.271 0.0000000000
116294  27.795  39.425  3.663 0.0000000000
116295  22.102  39.425  3.801 0.0000000000
116296  21.214  39.396  3.484 0.0000000000
116297  20.265  39.532  2.991 0.0000000000
116298  19.706  39.069  2.795 0.0000000000
116307  34.646  39.334  2.961 0.0000000000
116308  34.036  39.220  3.164 0.0000000000
116309  30.977  39.446  1.869 0.0000000000
116310  30.378  39.794  2.438 0.0000000000
116311  29.056  39.800  2.093 0.0000000000
116312  28.683  39.659  2.603 0.0000000000
116313  20.038  40.019  2.502 0.0000000000
116314  19.343  39.530  2.211 0.0000000000
116315  18.820  38.930  1.869 0.0000000000
116323  30.892  39.612  1.228 0.0000000000
116324  30.290  39.951  1.483 0.0000000000
116325  29.548  39.903  1.638 0.0000000000
116326  19.019  40.005  1.129 0.0000000000
116327  18.777  39.164  1.337 0.0000000000
116334  18.911  40.158  0.556 0.0000000000
116335  18.679  39.508  0.301 0.0000000000
116341  18.563  39.307  -0.807 0.0000000000
116349  18.977  39.929  -1.954 0.0000000000
116350  18.775  39.291  -1.685 0.0000000000
116355  19.302  39.652  -2.736 0.0000000000
116356  19.032  39.396  -2.213 0.0000000000
116358  19.551  39.769  -3.678 0.0000000000
116361  19.676  39.787  -4.602 0.0000000000
116364  19.778  39.793  -5.539 0.0000000000
116367  19.769  39.748  -6.490 0.0000000000
116374  19.485  39.549  -7.491 0.0000000000
116380  19.229  39.984  -7.943 0.0000000000
116871  29.901  40.490  6.886 0.0000000000
116872  28.863  40.532  6.931 0.0000000000
116873  28.262  40.689  6.981 0.0000000000
116877  32.056  40.814  6.078 0.0000000000
116878  31.198  40.479  6.322 0.0000000000
116879  30.320  40.029  6.157 0.0000000000
116880  29.160  40.076  5.874 0.0000000000
116881  27.977  40.598  6.266 0.0000000000
116882  27.328  40.872  6.114 0.0000000000
116889  33.264  40.736  5.198 0.0000000000
116890  32.380  40.161  5.381 0.0000000000
116891  31.468  40.080  5.778 0.0000000000
116892  30.884  40.009  5.965 0.0000000000
116893  28.937  40.084  4.705 0.0000000000
116894  28.162  40.378  5.106 0.0000000000
116895  27.197  40.705  5.515 0.0000000000
116896  26.361  40.535  5.355 0.0000000000
116897  25.493  40.600  5.351 0.0000000000
116898  24.719  40.468  5.204 0.0000000000
116906  34.386  41.058  4.454 0.0000000000
116907  33.648  40.191  4.434 0.0000000000
116908  32.945  40.116  4.933 0.0000000000
116909  29.515  39.972  4.092 0.0000000000
116910  29.138  40.106  3.978 0.0000000000
116911  28.329  40.096  3.918 0.0000000000
116912  27.455  40.237  4.709 0.0000000000
116913  26.913  40.419  5.016 0.0000000000
116914  24.137  40.287  4.908 0.0000000000
116915  23.681  40.569  4.553 0.0000000000
116916  23.256  40.176  4.231 0.0000000000
116927  34.733  40.610  3.845 0.0000000000
116928  34.116  39.963  3.864 0.0000000000
116929  29.635  40.037  3.645 0.0000000000
116930  29.136  40.191  3.227 0.0000000000
116931  28.725  40.052  2.904 0.0000000000
116932  23.298  40.793  4.105 0.0000000000
116933  22.691  40.438  3.725 0.0000000000
116934  21.795  40.194  3.412 0.0000000000
116935  21.061  40.148  3.143 0.0000000000
116943  29.794  40.174  2.834 0.0000000000
116944  29.334  40.172  2.322 0.0000000000
116945  28.896  40.015  2.410 0.0000000000
116946  22.204  40.854  3.227 0.0000000000
116947  21.577  40.810  2.897 0.0000000000
116948  20.660  40.596  2.526 0.0000000000
116949  19.963  40.383  2.184 0.0000000000
116956  29.933  40.305  2.117 0.0000000000
116957  29.743  40.251  1.799 0.0000000000
116958  20.267  40.962  1.987 0.0000000000
116959  19.659  40.708  1.537 0.0000000000
116965  19.186  40.781  0.611 0.0000000000
116966  18.864  40.307  0.131 0.0000000000
116972  19.004  40.909  -0.309 0.0000000000
116973  18.764  40.108  -0.551 0.0000000000
116983  18.968  40.690  -1.332 0.0000000000
116984  18.770  39.872  -1.276 0.0000000000
116988  19.185  40.652  -2.371 0.0000000000
116991  19.449  40.532  -3.300 0.0000000000
116994  19.583  40.502  -4.224 0.0000000000
116997  19.789  40.557  -5.121 0.0000000000
117001  19.914  40.611  -6.053 0.0000000000
117009  19.651  40.598  -7.027 0.0000000000
117010  19.271  40.921  -7.571 0.0000000000
117017  19.367  40.331  -7.670 0.0000000000
117018  18.921  40.603  -8.168 0.0000000000
117465  31.203  41.691  7.258 0.0000000000
117466  30.673  41.367  7.310 0.0000000000
117467  29.578  41.177  7.540 0.0000000000
117468  28.512  41.201  7.531 0.0000000000
117469  27.648  41.571  7.523 0.0000000000
117470  26.957  41.833  7.301 0.0000000000
117475  33.155  42.072  5.911 0.0000000000
117476  32.710  41.736  6.149 0.0000000000
117477  31.600  41.490  6.843 0.0000000000
117478  30.758  40.722  6.763 0.0000000000
117479  27.857  40.896  7.066 0.0000000000
117480  27.271  41.157  6.712 0.0000000000
117481  26.521  41.707  6.597 0.0000000000
117482  26.004  41.923  6.119 0.0000000000
117493  34.050  42.252  5.066 0.0000000000
117494  33.559  41.897  5.466 0.0000000000
117495  32.833  41.051  5.710 0.0000000000
117496  26.943  41.128  6.116 0.0000000000
117497  26.458  41.269  5.844 0.0000000000
117498  25.663  41.470  5.659 0.0000000000
117499  24.882  41.347  5.419 0.0000000000
117511  34.535  42.051  4.604 0.0000000000
117512  33.914  41.177  4.873 0.0000000000
117513  24.121  41.177  5.030 0.0000000000
117514  23.600  41.365  4.436 0.0000000000
117521  34.805  41.395  4.192 0.0000000000
117522  23.197  41.443  3.678 0.0000000000
117523  22.677  41.202  3.263 0.0000000000
117529  22.962  41.732  2.937 0.0000000000
117530  22.328  41.498  2.656 0.0000000000
117531  21.438  41.473  2.281 0.0000000000
117532  20.776  41.315  2.034 0.0000000000
117538  21.123  41.803  1.811 0.0000000000
117539  20.443  41.666  1.469 0.0000000000
117540  19.720  41.441  0.939 0.0000000000
117545  20.137  42.103  0.760 0.0000000000
117546  19.525  41.725  0.110 0.0000000000
117553  19.150  41.675  -0.873 0.0000000000
117563  18.853  41.726  -1.965 0.0000000000
117564  18.558  42.326  -2.320 0.0000000000
117566  19.096  41.346  -2.981 0.0000000000
117567  18.593  42.081  -2.809 0.0000000000
117570  19.279  41.193  -3.887 0.0000000000
117571  18.745  41.846  -3.620 0.0000000000
117573  19.446  41.177  -4.740 0.0000000000
117574  18.926  41.716  -4.474 0.0000000000
117576  19.553  41.406  -5.595 0.0000000000
117577  19.178  41.697  -5.121 0.0000000000
117581  19.594  41.462  -6.484 0.0000000000
117588  19.384  41.522  -7.200 0.0000000000
117589  18.947  41.558  -7.768 0.0000000000
117594  18.474  41.557  -8.391 0.0000000000
118062  29.009  42.897  8.313 0.0000000000
118063  28.164  43.129  8.381 0.0000000000
118064  27.672  43.394  8.286 0.0000000000
118073  32.166  42.822  7.284 0.0000000000
118074  31.260  42.274  7.491 0.0000000000
118075  30.208  42.061  7.832 0.0000000000
118076  29.239  41.975  8.039 0.0000000000
118077  28.282  42.155  8.134 0.0000000000
118078  27.288  42.684  8.015 0.0000000000
118079  26.473  42.524  7.308 0.0000000000
118089  33.205  42.542  6.139 0.0000000000
118090  32.425  42.292  6.746 0.0000000000
118091  31.890  42.207  7.123 0.0000000000
118092  25.971  42.525  6.681 0.0000000000
118093  25.312  42.540  6.042 0.0000000000
118094  24.806  43.020  5.859 0.0000000000
118102  34.085  42.778  5.153 0.0000000000
118103  33.641  42.576  5.642 0.0000000000
118104  25.055  41.953  5.626 0.0000000000
118105  24.355  42.426  5.338 0.0000000000
118106  23.755  42.947  4.920 0.0000000000
118116  23.864  41.840  4.829 0.0000000000
118117  23.528  42.392  4.347 0.0000000000
118124  23.245  42.376  3.147 0.0000000000
118132  23.183  42.278  1.992 0.0000000000
118133  22.128  42.086  1.903 0.0000000000
118134  21.545  41.969  1.840 0.0000000000
118140  23.447  42.680  1.004 0.0000000000
118141  22.741  42.542  1.135 0.0000000000
118142  21.483  42.459  1.294 0.0000000000
118143  20.662  42.273  1.085 0.0000000000
118150  23.315  42.895  0.751 0.0000000000
118151  23.168  42.698  0.807 0.0000000000
118152  21.287  42.909  0.732 0.0000000000
118153  20.722  42.693  0.646 0.0000000000
118154  20.036  42.606  0.139 0.0000000000
118163  19.474  42.520  -0.486 0.0000000000
118172  18.947  42.537  -1.200 0.0000000000
118173  18.514  42.685  -1.886 0.0000000000
118176  18.215  42.836  -2.626 0.0000000000
118177  17.874  43.166  -2.948 0.0000000000
118180  18.310  42.627  -3.388 0.0000000000
118181  18.018  42.982  -3.118 0.0000000000
118184  18.506  42.387  -4.168 0.0000000000
118187  19.212  41.948  -5.514 0.0000000000
118188  18.765  42.386  -5.160 0.0000000000
118192  19.295  42.367  -6.083 0.0000000000
118193  18.878  42.928  -5.759 0.0000000000
118201  19.443  42.228  -6.889 0.0000000000
118202  19.166  42.306  -7.439 0.0000000000
118208  18.730  42.419  -8.098 0.0000000000
118209  18.232  42.366  -8.779 0.0000000000
118681  31.207  44.012  8.269 0.0000000000
118682  30.771  43.895  8.324 0.0000000000
118683  29.766  43.658  8.325 0.0000000000
118684  28.782  43.825  8.318 0.0000000000
118685  28.017  43.942  8.311 0.0000000000
118695  33.126  43.954  6.951 0.0000000000
118696  32.705  43.692  7.223 0.0000000000
118697  31.581  43.654  7.905 0.0000000000
118698  30.579  43.022  8.062 0.0000000000
118699  29.772  42.715  8.159 0.0000000000
118700  27.327  43.845  8.106 0.0000000000
118701  26.571  43.597  7.628 0.0000000000
118702  26.019  43.768  7.235 0.0000000000
118712  33.471  43.720  6.474 0.0000000000
118713  32.850  42.985  6.828 0.0000000000
118714  26.069  43.142  7.184 0.0000000000
118715  25.614  43.427  6.799 0.0000000000
118716  25.019  43.557  6.298 0.0000000000
118724  33.702  43.070  5.808 0.0000000000
118725  24.524  43.548  5.741 0.0000000000
118726  23.960  43.515  5.208 0.0000000000
118735  23.571  43.477  4.495 0.0000000000
118743  23.370  43.327  3.540 0.0000000000
118753  23.464  43.233  2.402 0.0000000000
118763  24.179  43.694  0.905 0.0000000000
118764  23.903  43.371  1.255 0.0000000000
118765  22.739  42.702  0.849 0.0000000000
118766  22.414  42.804  0.977 0.0000000000
118774  24.120  43.719  0.691 0.0000000000
118775  23.656  43.349  0.604 0.0000000000
118776  22.909  42.982  0.589 0.0000000000
118777  21.856  43.233  0.715 0.0000000000
118778  21.027  43.349  0.403 0.0000000000
118779  20.465  43.134  0.159 0.0000000000
118789  20.571  43.650  0.069 0.0000000000
118790  19.886  43.477  -0.275 0.0000000000
118791  19.138  43.853  -0.654 0.0000000000
118796  19.172  43.168  -0.742 0.0000000000
118797  18.589  43.569  -1.325 0.0000000000
118798  18.010  43.910  -1.892 0.0000000000
118802  18.166  43.294  -2.028 0.0000000000
118803  17.717  43.609  -2.562 0.0000000000
118807  18.235  42.869  -3.878 0.0000000000
118808  17.766  43.384  -3.550 0.0000000000
118811  18.253  43.035  -4.449 0.0000000000
118812  17.740  43.750  -4.607 0.0000000000
118815  18.386  43.399  -5.368 0.0000000000
118816  17.840  44.074  -5.306 0.0000000000
118819  19.337  42.862  -6.838 0.0000000000
118820  18.844  43.511  -6.414 0.0000000000
118822  13.200  43.462  -6.440 0.0000000000
118828  19.318  42.691  -7.196 0.0000000000
118829  19.075  43.271  -7.568 0.0000000000
118834  18.455  43.343  -8.705 0.0000000000
118835  18.100  42.873  -9.142 0.0000000000
118841  18.151  43.871  -9.125 0.0000000000
118842  17.729  43.366  -9.600 0.0000000000
119329  32.110  44.964  8.330 0.0000000000
119330  31.249  44.558  8.498 0.0000000000
119331  30.204  44.625  8.569 0.0000000000
119332  29.254  44.654  8.390 0.0000000000
119333  28.451  44.645  8.174 0.0000000000
119334  27.766  44.662  7.952 0.0000000000
119342  32.370  44.355  7.771 0.0000000000
119343  31.840  44.357  8.152 0.0000000000
119344  27.074  44.609  7.602 0.0000000000
119345  26.276  44.609  7.191 0.0000000000
119346  25.789  44.087  7.069 0.0000000000
119355  26.006  45.116  6.824 0.0000000000
119356  25.517  44.504  6.692 0.0000000000
119357  24.824  44.423  6.095 0.0000000000
119367  24.273  44.369  5.498 0.0000000000
119368  23.790  44.315  4.814 0.0000000000
119374  23.463  44.312  3.936 0.0000000000
119385  23.540  44.197  2.869 0.0000000000
119396  23.788  44.062  1.872 0.0000000000
119406  24.374  44.228  0.839 0.0000000000
119407  24.060  44.018  1.313 0.0000000000
119413  24.335  44.266  -0.069 0.0000000000
119414  23.377  43.965  0.061 0.0000000000
119415  22.392  43.981  0.278 0.0000000000
119416  21.418  43.963  0.261 0.0000000000
119417  20.905  43.855  0.158 0.0000000000
119423  24.491  44.790  -0.754 0.0000000000
119424  23.858  44.691  -0.672 0.0000000000
119425  22.848  44.751  -0.422 0.0000000000
119426  21.756  44.757  -0.159 0.0000000000
119427  20.643  44.415  -0.188 0.0000000000
119428  19.565  44.552  -0.501 0.0000000000
119429  18.708  44.583  -0.822 0.0000000000
119433  18.080  44.594  -1.470 0.0000000000
119434  17.466  44.488  -2.083 0.0000000000
119438  16.975  44.457  -3.011 0.0000000000
119439  16.682  45.130  -3.310 0.0000000000
119442  17.167  44.261  -4.039 0.0000000000
119443  16.744  44.920  -3.845 0.0000000000
119445  17.364  44.591  -4.851 0.0000000000
119446  17.003  44.806  -4.352 0.0000000000
119449  18.197  44.055  -5.882 0.0000000000
119450  17.710  44.714  -5.708 0.0000000000
119451  13.360  45.296  -5.869 0.0000000000
119452  13.029  45.069  -5.698 0.0000000000
119453  12.425  44.999  -5.699 0.0000000000
119456  18.161  44.594  -6.535 0.0000000000
119457  17.790  45.134  -6.234 0.0000000000
119458  14.334  44.548  -6.950 0.0000000000
119459  13.571  44.675  -6.243 0.0000000000
119460  12.758  44.330  -6.014 0.0000000000
119465  18.621  44.311  -7.261 0.0000000000
119470  18.456  44.231  -8.141 0.0000000000
119471  18.126  44.637  -8.600 0.0000000000
119477  18.294  44.148  -8.809 0.0000000000
119478  17.762  44.537  -9.286 0.0000000000
119479  17.115  44.932  -10.028 0.0000000000
119485  17.330  44.166  -10.143 0.0000000000
119918  31.212  46.344  9.240 0.0000000000
119919  30.827  46.170  9.269 0.0000000000
119920  30.182  46.128  9.222 0.0000000000
119928  31.570  45.810  8.949 0.0000000000
119929  30.603  45.442  8.963 0.0000000000
119930  29.615  45.641  8.799 0.0000000000
119931  28.685  45.554  8.285 0.0000000000
119932  28.150  45.244  7.904 0.0000000000
119940  28.171  45.841  7.806 0.0000000000
119941  27.615  45.547  7.412 0.0000000000
119942  26.954  45.255  7.124 0.0000000000
119950  27.194  45.854  6.743 0.0000000000
119951  26.527  45.606  6.633 0.0000000000
119952  25.790  45.519  6.409 0.0000000000
119953  25.244  45.121  6.206 0.0000000000
119963  25.424  45.661  5.945 0.0000000000
119964  24.796  45.348  5.601 0.0000000000
119965  24.152  45.002  5.084 0.0000000000
119975  24.479  45.617  4.798 0.0000000000
119976  23.886  45.099  4.348 0.0000000000
119987  24.383  45.793  3.892 0.0000000000
119988  23.826  45.108  3.333 0.0000000000
119999  24.550  45.737  2.775 0.0000000000
120000  24.056  44.925  2.250 0.0000000000
120007  25.497  45.878  0.860 0.0000000000
120008  24.999  45.519  1.348 0.0000000000
120009  24.231  44.549  1.492 0.0000000000
120016  25.623  45.814  0.333 0.0000000000
120017  25.043  45.170  0.082 0.0000000000
120022  26.638  45.728  -1.021 0.0000000000
120023  26.219  45.598  -0.716 0.0000000000
120024  25.154  45.136  -0.882 0.0000000000
120025  24.429  45.225  -1.254 0.0000000000
120026  23.384  45.565  -1.241 0.0000000000
120027  22.190  45.639  -0.753 0.0000000000
120028  21.076  45.573  -0.496 0.0000000000
120029  20.023  45.498  -0.561 0.0000000000
120030  19.039  45.518  -0.604 0.0000000000
120034  26.556  45.741  -1.138 0.0000000000
120035  26.058  45.535  -1.392 0.0000000000
120036  25.174  45.639  -1.652 0.0000000000
120037  24.236  45.929  -1.863 0.0000000000
120038  23.517  46.374  -1.733 0.0000000000
120039  18.217  45.516  -1.048 0.0000000000
120040  17.439  45.471  -1.655 0.0000000000
120041  16.922  45.793  -2.129 0.0000000000
120046  17.022  45.125  -2.288 0.0000000000
120047  16.695  45.566  -2.816 0.0000000000
120050  16.597  45.673  -3.651 0.0000000000
120052  17.358  45.097  -5.246 0.0000000000
120053  16.936  45.532  -4.684 0.0000000000
120056  17.473  45.566  -5.731 0.0000000000
120057  17.158  46.217  -5.344 0.0000000000
120058  13.144  45.670  -5.759 0.0000000000
120059  12.639  45.720  -5.670 0.0000000000
120060  11.861  45.597  -5.683 0.0000000000
120065  18.223  44.906  -7.111 0.0000000000
120066  17.912  45.705  -6.826 0.0000000000
120067  14.093  45.439  -6.603 0.0000000000
120068  13.574  45.835  -6.107 0.0000000000
120073  18.207  45.060  -7.715 0.0000000000
120074  18.068  45.946  -7.766 0.0000000000
120075  14.327  45.634  -7.463 0.0000000000
120079  18.172  44.842  -8.251 0.0000000000
120080  17.878  45.493  -8.552 0.0000000000
120081  14.386  45.737  -8.641 0.0000000000
120084  17.264  45.677  -9.561 0.0000000000
120085  16.613  45.725  -10.521 0.0000000000
120481  30.958  46.714  9.321 0.0000000000
120482  30.408  46.811  9.332 0.0000000000
120483  29.602  46.785  9.180 0.0000000000
120491  31.435  46.777  9.183 0.0000000000
120492  28.925  46.490  8.658 0.0000000000
120493  28.386  46.457  8.067 0.0000000000
120499  27.975  46.452  7.441 0.0000000000
120500  27.548  46.471  6.766 0.0000000000
120507  27.081  46.514  5.938 0.0000000000
120508  26.223  46.186  5.975 0.0000000000
120509  25.746  45.953  5.976 0.0000000000
120519  27.100  46.875  5.255 0.0000000000
120520  26.609  46.744  5.101 0.0000000000
120521  25.561  46.216  5.386 0.0000000000
120522  24.904  45.944  5.145 0.0000000000
120533  26.558  46.985  4.540 0.0000000000
120534  25.933  46.868  4.315 0.0000000000
120535  25.007  46.244  4.541 0.0000000000
120544  25.852  46.973  3.114 0.0000000000
120545  25.111  46.418  3.508 0.0000000000
120554  26.378  46.970  1.282 0.0000000000
120555  26.132  46.722  2.039 0.0000000000
120556  25.330  46.325  2.392 0.0000000000
120563  26.339  46.762  0.292 0.0000000000
120564  25.851  46.284  0.928 0.0000000000
120565  25.553  46.264  1.657 0.0000000000
120571  26.600  46.354  -0.576 0.0000000000
120572  26.216  46.185  -0.188 0.0000000000
120576  26.847  45.920  -1.033 0.0000000000
120577  26.607  45.987  -0.689 0.0000000000
120578  22.633  46.608  -1.291 0.0000000000
120579  21.488  46.558  -0.773 0.0000000000
120580  20.432  46.504  -0.642 0.0000000000
120581  19.458  46.480  -0.650 0.0000000000
120582  18.549  46.485  -0.840 0.0000000000
120587  26.535  45.958  -1.392 0.0000000000
120588  25.867  46.110  -1.709 0.0000000000
120589  24.925  46.416  -1.924 0.0000000000
120590  24.008  46.747  -2.109 0.0000000000
120591  23.350  46.953  -1.707 0.0000000000
120592  17.740  46.473  -1.303 0.0000000000
120593  17.135  46.432  -1.833 0.0000000000
120594  16.818  46.439  -2.416 0.0000000000
120597  16.627  46.496  -3.186 0.0000000000
120599  16.622  46.499  -4.092 0.0000000000
120602  16.937  46.602  -4.833 0.0000000000
120606  17.451  46.574  -6.021 0.0000000000
120607  17.213  46.833  -5.361 0.0000000000
120608  13.074  46.513  -5.699 0.0000000000
120609  12.288  46.550  -5.618 0.0000000000
120610  11.541  46.577  -5.738 0.0000000000
120615  17.658  46.784  -6.760 0.0000000000
120616  14.097  46.563  -6.781 0.0000000000
120617  13.580  46.781  -6.130 0.0000000000
120621  17.814  46.710  -7.433 0.0000000000
120622  14.278  46.966  -8.166 0.0000000000
120626  17.826  46.634  -8.237 0.0000000000
120627  14.309  46.897  -9.577 0.0000000000
120631  17.412  46.609  -9.065 0.0000000000
120632  16.659  46.730  -10.035 0.0000000000
120633  14.244  46.813  -10.789 0.0000000000
120637  15.932  46.786  -11.370 0.0000000000
120987  30.906  47.521  9.332 0.0000000000
120988  30.005  47.620  9.385 0.0000000000
120989  29.386  47.632  9.219 0.0000000000
120998  28.939  47.374  8.957 0.0000000000
120999  28.507  47.254  8.398 0.0000000000
121006  28.142  47.226  7.769 0.0000000000
121007  27.787  47.284  7.007 0.0000000000
121016  27.636  47.265  6.072 0.0000000000
121027  27.497  47.308  5.065 0.0000000000
121028  27.087  46.997  4.948 0.0000000000
121039  28.672  47.818  3.219 0.0000000000
121040  27.967  47.540  3.898 0.0000000000
121041  27.014  47.197  4.370 0.0000000000
121042  26.534  47.083  4.257 0.0000000000
121051  29.499  48.430  2.022 0.0000000000
121052  28.876  47.872  2.370 0.0000000000
121053  28.059  47.512  2.760 0.0000000000
121054  27.241  47.315  3.278 0.0000000000
121055  26.532  47.175  3.708 0.0000000000
121065  29.520  48.547  1.321 0.0000000000
121066  28.947  48.120  1.581 0.0000000000
121067  28.058  47.635  1.802 0.0000000000
121068  27.093  47.224  2.131 0.0000000000
121069  26.580  47.146  2.841 0.0000000000
121076  29.442  48.675  1.008 0.0000000000
121077  29.030  48.524  1.146 0.0000000000
121078  28.128  48.134  1.271 0.0000000000
121079  26.636  47.538  1.149 0.0000000000
121080  26.003  47.658  0.808 0.0000000000
121083  26.306  46.817  -0.227 0.0000000000
121084  25.699  47.514  0.093 0.0000000000
121085  24.984  47.896  -0.159 0.0000000000
121090  26.780  46.542  -0.997 0.0000000000
121091  26.139  47.103  -0.943 0.0000000000
121092  24.926  47.676  -0.844 0.0000000000
121093  23.851  47.819  -1.173 0.0000000000
121094  22.950  47.606  -1.180 0.0000000000
121095  21.868  47.503  -0.751 0.0000000000
121096  20.808  47.461  -0.607 0.0000000000
121097  19.856  47.421  -0.605 0.0000000000
121098  18.990  47.433  -0.819 0.0000000000
121101  26.720  46.197  -1.246 0.0000000000
121102  26.374  46.449  -1.371 0.0000000000
121103  25.527  46.856  -1.531 0.0000000000
121104  24.520  47.232  -1.735 0.0000000000
121105  23.723  47.311  -1.690 0.0000000000
121106  18.159  47.448  -1.165 0.0000000000
121107  17.359  47.454  -1.795 0.0000000000
121108  16.981  46.941  -2.116 0.0000000000
121110  17.249  47.871  -2.302 0.0000000000
121111  16.961  47.386  -2.652 0.0000000000
121113  16.751  47.369  -3.639 0.0000000000
121116  17.185  47.872  -4.840 0.0000000000
121117  16.876  47.295  -4.436 0.0000000000
121121  17.369  47.541  -5.597 0.0000000000
121122  17.132  47.228  -5.003 0.0000000000
121123  13.362  47.638  -5.853 0.0000000000
121124  12.680  47.499  -5.583 0.0000000000
121125  11.923  47.475  -5.607 0.0000000000
121126  11.188  47.436  -5.861 0.0000000000
121129  17.543  47.370  -6.355 0.0000000000
121130  14.060  47.852  -7.240 0.0000000000
121131  13.752  47.426  -6.439 0.0000000000
121135  17.711  47.570  -7.006 0.0000000000
121136  14.249  48.096  -8.313 0.0000000000
121139  17.690  47.640  -7.897 0.0000000000
121140  17.367  48.015  -8.583 0.0000000000
121141  14.289  47.968  -9.323 0.0000000000
121145  17.510  47.330  -8.632 0.0000000000
121146  16.905  47.720  -9.365 0.0000000000
121147  14.192  47.930  -10.483 0.0000000000
121150  16.026  47.829  -10.550 0.0000000000
121151  15.322  47.901  -11.589 0.0000000000
121152  14.463  47.651  -11.504 0.0000000000
121505  30.398  48.551  9.425 0.0000000000
121506  29.363  48.483  9.324 0.0000000000
121507  28.815  48.845  9.189 0.0000000000
121515  29.014  47.939  9.123 0.0000000000
121516  28.477  48.306  8.728 0.0000000000
121517  27.960  48.811  8.254 0.0000000000
121525  28.182  47.734  8.169 0.0000000000
121526  27.828  48.244  7.645 0.0000000000
121537  27.826  48.189  6.345 0.0000000000
121548  28.509  48.530  4.742 0.0000000000
121549  28.145  47.960  5.388 0.0000000000
121562  28.662  48.190  3.983 0.0000000000
121563  28.240  47.819  4.628 0.0000000000
121574  29.821  49.008  2.424 0.0000000000
121575  29.350  48.507  3.094 0.0000000000
121583  29.943  48.982  1.712 0.0000000000
121584  28.168  49.222  1.245 0.0000000000
121585  27.620  49.128  1.503 0.0000000000
121586  26.564  48.887  1.794 0.0000000000
121587  25.489  48.732  1.857 0.0000000000
121588  24.636  48.760  1.837 0.0000000000
121592  29.699  49.005  1.105 0.0000000000
121593  29.183  48.902  0.924 0.0000000000
121594  28.380  48.822  1.117 0.0000000000
121595  27.306  48.380  1.259 0.0000000000
121596  26.128  48.128  1.257 0.0000000000
121597  25.123  48.340  1.236 0.0000000000
121598  24.241  48.737  1.213 0.0000000000
121604  25.572  47.940  0.736 0.0000000000
121605  24.852  48.208  0.444 0.0000000000
121606  23.871  48.755  0.365 0.0000000000
121607  23.228  49.072  -0.067 0.0000000000
121608  22.473  49.022  -0.034 0.0000000000
121609  21.716  48.929  0.090 0.0000000000
121614  24.495  48.203  -0.177 0.0000000000
121615  23.903  48.360  -0.469 0.0000000000
121616  23.100  48.439  -0.639 0.0000000000
121617  22.210  48.334  -0.462 0.0000000000
121618  21.128  48.422  -0.255 0.0000000000
121619  20.183  48.264  -0.364 0.0000000000
121620  19.377  48.333  -0.618 0.0000000000
121622  18.656  48.391  -1.037 0.0000000000
121623  17.971  48.409  -1.504 0.0000000000
121625  17.522  48.494  -2.181 0.0000000000
121626  17.261  48.140  -2.651 0.0000000000
121629  17.424  48.735  -2.838 0.0000000000
121630  17.134  48.266  -3.345 0.0000000000
121634  17.261  48.492  -4.619 0.0000000000
121635  16.982  48.133  -4.178 0.0000000000
121639  17.419  48.505  -5.266 0.0000000000
121640  13.466  48.541  -5.837 0.0000000000
121641  13.051  48.457  -5.499 0.0000000000
121642  12.316  48.437  -5.479 0.0000000000
121643  11.516  48.412  -5.646 0.0000000000
121645  17.611  48.353  -6.267 0.0000000000
121646  14.066  48.795  -6.972 0.0000000000
121647  13.752  48.357  -6.335 0.0000000000
121651  17.687  48.533  -7.251 0.0000000000
121652  14.220  48.817  -7.878 0.0000000000
121655  17.490  48.660  -8.113 0.0000000000
121656  17.042  48.730  -8.962 0.0000000000
121657  14.322  48.882  -9.003 0.0000000000
121661  16.311  48.781  -9.941 0.0000000000
121662  14.291  48.909  -10.130 0.0000000000
121665  15.618  48.880  -11.013 0.0000000000
121666  14.866  48.886  -11.372 0.0000000000
121667  14.276  48.923  -11.040 0.0000000000
122029  28.986  49.509  9.407 0.0000000000
122030  28.392  49.732  9.194 0.0000000000
122040  28.528  49.154  9.067 0.0000000000
122041  28.084  49.411  8.659 0.0000000000
122052  27.750  49.372  7.838 0.0000000000
122065  27.739  49.290  6.755 0.0000000000
122079  28.570  48.988  4.786 0.0000000000
122080  28.208  49.260  5.319 0.0000000000
122096  28.827  49.335  4.254 0.0000000000
122097  28.511  49.932  4.748 0.0000000000
122098  26.280  50.649  3.499 0.0000000000
122099  25.912  50.432  3.685 0.0000000000
122100  25.307  50.098  3.833 0.0000000000
122101  24.611  49.936  3.787 0.0000000000
122110  29.736  49.607  2.245 0.0000000000
122111  29.443  49.853  3.068 0.0000000000
122112  26.302  50.370  3.206 0.0000000000
122113  25.853  49.949  3.179 0.0000000000
122114  25.077  49.573  3.247 0.0000000000
122115  24.195  49.646  3.154 0.0000000000
122120  29.493  49.676  1.746 0.0000000000
122121  28.962  49.876  1.588 0.0000000000
122122  28.186  49.776  1.602 0.0000000000
122123  26.959  49.904  2.517 0.0000000000
122124  25.765  49.358  2.511 0.0000000000
122125  24.791  49.137  2.517 0.0000000000
122126  23.780  49.271  2.168 0.0000000000
122127  23.131  49.766  1.790 0.0000000000
122133  29.301  49.331  1.186 0.0000000000
122134  28.780  49.312  1.130 0.0000000000
122135  28.411  49.253  1.186 0.0000000000
122136  23.451  49.315  1.193 0.0000000000
122137  22.772  49.993  1.184 0.0000000000
122138  22.113  50.261  0.895 0.0000000000
122139  21.368  50.064  0.975 0.0000000000
122146  23.206  49.438  0.558 0.0000000000
122147  22.633  49.618  0.457 0.0000000000
122148  21.879  49.546  0.507 0.0000000000
122149  20.862  49.410  0.501 0.0000000000
122150  19.964  49.413  0.364 0.0000000000
122151  19.384  49.662  0.107 0.0000000000
122154  20.347  48.897  0.018 0.0000000000
122155  19.687  49.011  -0.197 0.0000000000
122156  18.950  49.376  -0.524 0.0000000000
122159  18.398  49.302  -1.220 0.0000000000
122160  18.021  49.331  -1.828 0.0000000000
122163  17.726  49.461  -2.550 0.0000000000
122166  17.468  49.333  -3.470 0.0000000000
122167  17.157  48.763  -3.976 0.0000000000
122170  17.458  49.264  -4.549 0.0000000000
122171  17.226  48.659  -4.320 0.0000000000
122174  17.708  49.427  -5.655 0.0000000000
122175  13.894  49.634  -5.787 0.0000000000
122176  13.519  49.369  -5.658 0.0000000000
122177  12.757  49.395  -5.299 0.0000000000
122178  11.919  49.433  -5.349 0.0000000000
122179  11.092  49.443  -5.706 0.0000000000
122182  17.778  49.456  -6.652 0.0000000000
122183  14.011  49.394  -6.232 0.0000000000
122184  13.716  48.900  -5.957 0.0000000000
122188  17.603  49.498  -7.572 0.0000000000
122189  14.230  49.615  -7.324 0.0000000000
122192  17.283  49.547  -8.455 0.0000000000
122193  16.658  49.644  -9.350 0.0000000000
122194  14.330  49.723  -8.493 0.0000000000
122198  15.850  49.813  -10.447 0.0000000000
122199  15.182  50.177  -10.940 0.0000000000
122200  14.406  49.784  -9.692 0.0000000000
122203  15.213  49.575  -11.146 0.0000000000
122204  14.673  49.770  -11.034 0.0000000000
122205  14.406  49.807  -10.615 0.0000000000
122581  28.587  50.351  9.524 0.0000000000
122582  27.955  50.309  9.107 0.0000000000
122593  27.747  50.265  8.283 0.0000000000
122606  27.716  50.310  7.308 0.0000000000
122618  27.859  50.491  6.151 0.0000000000
122633  29.121  51.620  4.581 0.0000000000
122634  28.616  50.943  5.065 0.0000000000
122635  25.109  50.856  4.712 0.0000000000
122636  24.512  50.834  4.884 0.0000000000
122637  23.583  51.013  4.994 0.0000000000
122638  22.860  51.303  5.154 0.0000000000
122652  29.073  50.926  4.011 0.0000000000
122653  28.727  50.267  4.506 0.0000000000
122654  26.230  50.992  3.811 0.0000000000
122655  25.570  50.794  4.303 0.0000000000
122656  24.811  50.375  4.356 0.0000000000
122657  23.769  50.338  4.049 0.0000000000
122658  22.855  51.024  4.386 0.0000000000
122665  29.533  50.684  2.515 0.0000000000
122666  29.504  51.094  3.219 0.0000000000
122667  27.381  51.230  2.765 0.0000000000
122668  26.780  50.910  3.168 0.0000000000
122669  23.351  50.008  2.895 0.0000000000
122670  22.740  50.756  3.361 0.0000000000
122677  29.226  50.770  1.972 0.0000000000
122678  28.600  50.779  1.881 0.0000000000
122679  27.818  50.854  2.304 0.0000000000
122680  27.261  50.699  2.724 0.0000000000
122681  23.198  49.853  2.275 0.0000000000
122682  22.695  50.492  2.193 0.0000000000
122686  22.237  50.806  1.544 0.0000000000
122687  21.521  50.838  1.391 0.0000000000
122688  20.416  50.444  1.213 0.0000000000
122689  19.275  50.763  1.069 0.0000000000
122690  18.749  51.038  0.795 0.0000000000
122693  20.180  49.784  0.753 0.0000000000
122694  19.598  50.020  0.701 0.0000000000
122695  18.827  50.448  0.232 0.0000000000
122697  18.411  50.400  -0.862 0.0000000000
122698  18.190  51.043  -1.243 0.0000000000
122701  18.260  49.880  -1.468 0.0000000000
122702  18.069  50.465  -1.908 0.0000000000
122705  17.759  50.430  -3.015 0.0000000000
122708  17.792  50.356  -4.016 0.0000000000
122711  17.941  50.415  -5.035 0.0000000000
122712  12.702  51.059  -4.842 0.0000000000
122713  12.090  51.145  -4.883 0.0000000000
122714  11.693  51.315  -4.984 0.0000000000
122717  18.150  50.443  -6.082 0.0000000000
122718  14.029  50.229  -5.650 0.0000000000
122719  13.256  50.423  -5.108 0.0000000000
122720  12.377  50.333  -5.064 0.0000000000
122721  11.504  50.666  -5.294 0.0000000000
122722  10.669  50.475  -5.860 0.0000000000
122725  17.760  50.441  -7.079 0.0000000000
122726  14.315  50.456  -6.635 0.0000000000
122731  17.405  50.352  -7.946 0.0000000000
122732  14.329  50.601  -7.868 0.0000000000
122736  17.013  50.385  -8.724 0.0000000000
122737  16.307  50.588  -9.552 0.0000000000
122738  14.315  50.702  -9.145 0.0000000000
122743  15.533  50.783  -10.381 0.0000000000
122744  14.740  50.649  -10.647 0.0000000000
122745  14.372  50.693  -10.240 0.0000000000
122749  14.545  50.088  -10.790 0.0000000000
122750  14.493  50.241  -10.610 0.0000000000
123116  28.221  51.262  9.527 0.0000000000
123117  27.700  51.097  8.775 0.0000000000
123132  27.642  51.174  7.870 0.0000000000
123145  27.857  51.339  6.899 0.0000000000
123146  23.558  52.141  6.921 0.0000000000
123147  23.209  52.174  6.929 0.0000000000
123157  28.973  52.388  5.601 0.0000000000
123158  28.391  51.730  5.969 0.0000000000
123159  25.032  51.854  6.004 0.0000000000
123160  24.098  51.844  6.436 0.0000000000
123161  23.079  51.938  6.508 0.0000000000
123162  22.593  52.088  6.315 0.0000000000
123179  29.209  52.286  4.962 0.0000000000
123180  28.847  51.852  5.433 0.0000000000
123181  26.542  52.334  4.510 0.0000000000
123182  25.538  51.574  5.114 0.0000000000
123183  24.348  51.357  5.586 0.0000000000
123184  23.370  51.482  5.770 0.0000000000
123185  22.441  51.894  5.682 0.0000000000
123186  21.972  52.262  5.391 0.0000000000
123196  29.745  52.770  3.628 0.0000000000
123197  29.374  52.216  4.170 0.0000000000
123198  26.801  51.843  3.692 0.0000000000
123199  26.139  51.483  4.327 0.0000000000
123200  22.392  51.618  4.717 0.0000000000
123201  22.000  52.064  4.876 0.0000000000
123208  29.706  52.030  3.035 0.0000000000
123209  29.492  51.869  3.603 0.0000000000
123210  27.823  51.972  2.575 0.0000000000
123211  27.270  51.678  3.096 0.0000000000
123212  22.244  51.659  3.817 0.0000000000
123213  22.087  51.916  4.350 0.0000000000
123217  29.362  51.762  2.498 0.0000000000
123218  28.901  51.679  2.131 0.0000000000
123219  28.338  51.559  2.181 0.0000000000
123220  22.193  51.613  2.659 0.0000000000
123221  22.046  52.267  2.269 0.0000000000
123224  22.302  51.225  1.989 0.0000000000
123225  21.934  51.820  1.777 0.0000000000
123226  20.925  51.664  1.640 0.0000000000
123227  19.808  51.579  1.460 0.0000000000
123228  18.883  51.571  1.175 0.0000000000
123231  18.380  51.572  0.441 0.0000000000
123232  17.959  52.108  0.120 0.0000000000
123234  18.368  50.988  -0.159 0.0000000000
123235  18.080  51.630  -0.568 0.0000000000
123238  18.008  51.640  -1.614 0.0000000000
123241  17.963  51.486  -2.614 0.0000000000
123244  18.061  51.326  -3.573 0.0000000000
123247  18.446  52.048  -4.643 0.0000000000
123248  18.214  51.279  -4.450 0.0000000000
123249  13.953  52.059  -4.985 0.0000000000
123250  13.251  51.664  -4.713 0.0000000000
123251  12.443  51.802  -4.606 0.0000000000
123252  11.826  51.797  -4.758 0.0000000000
123256  18.476  52.234  -5.040 0.0000000000
123257  18.374  51.621  -5.423 0.0000000000
123258  14.294  51.505  -5.865 0.0000000000
123259  13.817  51.150  -5.199 0.0000000000
123260  11.369  51.687  -5.074 0.0000000000
123261  10.849  51.530  -5.541 0.0000000000
123264  17.995  51.486  -6.574 0.0000000000
123265  14.320  51.565  -7.164 0.0000000000
123269  17.364  51.409  -7.680 0.0000000000
123270  17.016  51.923  -8.273 0.0000000000
123271  14.190  51.653  -8.485 0.0000000000
123274  17.173  50.857  -8.246 0.0000000000
123275  16.829  51.313  -8.719 0.0000000000
123276  13.970  51.733  -9.747 0.0000000000
123281  16.128  51.599  -9.749 0.0000000000
123282  15.247  51.823  -10.585 0.0000000000
123283  14.282  51.961  -10.739 0.0000000000
123287  14.748  52.431  -10.901 0.0000000000
123288  14.394  52.603  -11.144 0.0000000000
123648  27.816  51.705  9.064 0.0000000000
123659  28.218  52.870  8.007 0.0000000000
123660  27.817  51.914  8.428 0.0000000000
123670  28.589  52.899  6.978 0.0000000000
123671  27.950  52.091  7.478 0.0000000000
123672  26.339  53.447  6.710 0.0000000000
123673  25.458  52.864  7.094 0.0000000000
123674  24.275  52.482  7.238 0.0000000000
123675  23.154  52.524  7.283 0.0000000000
123676  22.366  52.912  7.139 0.0000000000
123677  21.977  53.106  6.906 0.0000000000
123690  28.804  52.708  6.131 0.0000000000
123691  28.252  52.177  6.685 0.0000000000
123692  26.808  53.496  5.959 0.0000000000
123693  26.051  52.585  6.026 0.0000000000
123694  25.024  52.231  6.628 0.0000000000
123695  22.970  52.207  6.900 0.0000000000
123696  22.623  52.347  6.747 0.0000000000
123697  22.109  52.740  6.600 0.0000000000
123714  29.185  53.330  5.317 0.0000000000
123715  28.699  54.115  4.733 0.0000000000
123716  27.289  53.363  5.034 0.0000000000
123717  26.277  52.538  5.136 0.0000000000
123718  22.307  52.306  6.261 0.0000000000
123719  21.861  52.562  5.909 0.0000000000
123726  29.770  53.460  3.525 0.0000000000
123727  29.435  53.461  4.224 0.0000000000
123728  28.490  53.604  3.976 0.0000000000
123729  27.473  52.886  3.854 0.0000000000
123730  21.642  52.584  5.088 0.0000000000
123733  29.877  53.025  3.128 0.0000000000
123734  29.369  53.291  2.881 0.0000000000
123735  28.401  53.182  2.961 0.0000000000
123736  27.540  52.370  3.216 0.0000000000
123737  22.029  52.042  3.723 0.0000000000
123738  21.797  52.407  3.997 0.0000000000
123741  29.522  52.609  2.836 0.0000000000
123742  29.047  52.532  2.601 0.0000000000
123743  28.520  52.243  2.456 0.0000000000
123744  22.054  52.081  3.381 0.0000000000
123745  21.930  52.663  2.819 0.0000000000
123748  21.899  52.833  2.050 0.0000000000
123749  21.355  52.726  1.741 0.0000000000
123750  20.370  52.618  1.677 0.0000000000
123751  19.184  52.560  1.525 0.0000000000
123752  18.414  52.916  1.237 0.0000000000
123755  18.480  52.218  1.082 0.0000000000
123756  17.943  52.646  0.661 0.0000000000
123759  17.642  52.673  -0.182 0.0000000000
123761  17.670  52.597  -1.155 0.0000000000
123764  17.856  52.544  -2.208 0.0000000000
123767  18.332  52.906  -3.865 0.0000000000
123768  18.151  52.472  -3.381 0.0000000000
123771  18.421  52.594  -4.164 0.0000000000
123772  18.389  51.928  -4.014 0.0000000000
123773  13.961  52.879  -4.833 0.0000000000
123774  13.481  52.732  -4.517 0.0000000000
123775  12.775  52.644  -4.290 0.0000000000
123776  11.928  52.617  -4.389 0.0000000000
123777  11.288  52.915  -4.621 0.0000000000
123780  18.503  52.634  -4.762 0.0000000000
123781  18.406  52.630  -5.321 0.0000000000
123782  14.146  52.691  -5.482 0.0000000000
123783  11.451  52.297  -4.767 0.0000000000
123784  10.903  52.538  -5.135 0.0000000000
123787  18.142  52.557  -6.105 0.0000000000
123788  14.225  52.604  -6.507 0.0000000000
123789  10.442  52.432  -5.874 0.0000000000
123792  17.578  52.447  -6.989 0.0000000000
123793  17.107  52.516  -7.862 0.0000000000
123794  14.129  52.666  -7.763 0.0000000000
123797  16.633  52.472  -8.888 0.0000000000
123798  13.867  52.719  -9.045 0.0000000000
123803  15.967  52.622  -9.990 0.0000000000
123804  15.275  52.823  -10.623 0.0000000000
123805  13.629  52.933  -10.266 0.0000000000
123806  13.475  53.684  -10.867 0.0000000000
123810  14.703  53.056  -11.132 0.0000000000
123811  13.916  53.204  -11.343 0.0000000000
123812  13.549  53.981  -11.375 0.0000000000
123816  13.763  53.936  -11.617 0.0000000000
123817  13.613  54.198  -11.640 0.0000000000
124184  25.639  54.141  8.010 0.0000000000
124185  25.121  54.013  8.127 0.0000000000
124186  24.198  53.889  8.195 0.0000000000
124187  23.371  53.872  8.116 0.0000000000
124200  26.593  54.052  7.093 0.0000000000
124201  25.833  53.792  7.600 0.0000000000
124202  24.782  53.324  7.738 0.0000000000
124203  23.740  53.183  7.831 0.0000000000
124204  22.716  53.457  7.732 0.0000000000
124205  21.881  53.563  7.257 0.0000000000
124206  21.248  53.903  6.935 0.0000000000
124221  29.265  53.655  6.212 0.0000000000
124222  27.700  54.566  6.128 0.0000000000
124223  27.159  54.138  6.350 0.0000000000
124224  21.593  53.260  6.534 0.0000000000
124225  20.915  53.862  6.271 0.0000000000
124234  29.769  54.231  5.851 0.0000000000
124235  29.162  54.321  5.380 0.0000000000
124236  27.962  54.374  5.549 0.0000000000
124237  27.310  53.850  5.720 0.0000000000
124238  21.280  53.193  5.663 0.0000000000
124239  20.737  53.884  5.363 0.0000000000
124242  29.919  53.675  3.314 0.0000000000
124243  29.562  53.757  3.533 0.0000000000
124244  29.005  53.819  3.741 0.0000000000
124245  21.212  53.254  4.651 0.0000000000
124246  20.775  54.055  4.380 0.0000000000
124249  29.675  53.641  3.218 0.0000000000
124250  29.187  53.763  3.261 0.0000000000
124251  28.836  53.717  3.473 0.0000000000
124252  21.390  53.686  3.387 0.0000000000
124253  20.906  54.340  3.733 0.0000000000
124255  21.933  53.662  2.319 0.0000000000
124258  21.716  53.653  1.731 0.0000000000
124259  20.964  53.601  1.614 0.0000000000
124260  19.914  53.577  1.665 0.0000000000
124261  18.841  53.637  1.476 0.0000000000
124262  17.924  53.659  1.144 0.0000000000
124265  17.491  53.651  0.294 0.0000000000
124268  17.320  53.643  -0.711 0.0000000000
124269  17.166  54.149  -1.238 0.0000000000
124272  17.471  53.573  -1.743 0.0000000000
124273  17.217  54.376  -1.732 0.0000000000
124275  17.787  53.477  -2.826 0.0000000000
124277  18.403  53.040  -4.075 0.0000000000
124278  18.241  53.509  -3.850 0.0000000000
124279  12.748  54.168  -3.747 0.0000000000
124280  12.467  54.124  -3.771 0.0000000000
124281  11.926  54.085  -3.858 0.0000000000
124284  18.436  53.125  -4.429 0.0000000000
124285  18.365  53.789  -4.747 0.0000000000
124286  13.716  53.460  -4.492 0.0000000000
124287  13.084  53.768  -3.908 0.0000000000
124288  12.292  53.452  -4.004 0.0000000000
124289  11.499  53.663  -4.276 0.0000000000
124290  10.842  53.581  -4.854 0.0000000000
124293  18.491  53.164  -4.984 0.0000000000
124294  18.153  53.549  -5.582 0.0000000000
124295  14.192  53.573  -4.950 0.0000000000
124299  17.597  53.541  -6.564 0.0000000000
124300  17.153  53.972  -7.285 0.0000000000
124301  14.273  53.614  -5.874 0.0000000000
124305  17.229  53.220  -7.336 0.0000000000
124306  16.778  53.666  -8.170 0.0000000000
124307  14.240  53.689  -7.031 0.0000000000
124312  16.142  53.646  -9.342 0.0000000000
124313  15.655  53.997  -9.857 0.0000000000
124314  13.834  53.830  -8.358 0.0000000000
124315  13.548  54.300  -9.226 0.0000000000
124320  15.709  53.378  -10.116 0.0000000000
124321  15.226  53.812  -10.616 0.0000000000
124322  13.609  53.578  -9.427 0.0000000000
124323  13.463  54.107  -10.122 0.0000000000
124328  14.461  53.835  -11.104 0.0000000000
124329  14.089  54.061  -11.528 0.0000000000
124330  13.385  54.386  -10.913 0.0000000000
124334  13.828  54.403  -11.767 0.0000000000
124335  13.521  54.585  -11.495 0.0000000000
124706  26.094  54.866  8.164 0.0000000000
124707  25.601  54.644  8.220 0.0000000000
124708  24.540  54.633  8.365 0.0000000000
124709  23.595  54.559  8.327 0.0000000000
124710  22.677  54.419  8.130 0.0000000000
124711  21.965  54.670  7.938 0.0000000000
124729  27.161  54.939  7.430 0.0000000000
124730  26.536  54.668  7.690 0.0000000000
124731  25.924  54.280  7.920 0.0000000000
124732  22.101  54.090  7.762 0.0000000000
124733  21.448  54.480  7.457 0.0000000000
124734  20.690  54.582  6.847 0.0000000000
124748  28.221  55.238  6.295 0.0000000000
124749  27.635  54.910  6.724 0.0000000000
124750  27.011  54.396  6.995 0.0000000000
124751  20.214  54.583  6.005 0.0000000000
124752  19.864  55.002  5.525 0.0000000000
124756  29.743  54.842  5.483 0.0000000000
124757  28.579  55.125  5.784 0.0000000000
124758  27.944  54.795  5.971 0.0000000000
124759  20.216  54.521  5.042 0.0000000000
124760  19.791  55.167  4.816 0.0000000000
124762  20.344  54.774  4.041 0.0000000000
124763  19.900  55.436  4.073 0.0000000000
124766  21.607  54.388  2.479 0.0000000000
124767  21.071  54.847  3.081 0.0000000000
124769  21.910  54.486  1.846 0.0000000000
124772  21.393  54.414  1.539 0.0000000000
124773  20.637  54.467  1.590 0.0000000000
124774  19.538  54.579  1.613 0.0000000000
124775  18.364  54.641  1.443 0.0000000000
124776  17.401  54.753  0.836 0.0000000000
124779  17.064  54.696  -0.276 0.0000000000
124780  16.700  55.272  -0.708 0.0000000000
124782  17.060  54.319  -0.855 0.0000000000
124783  16.821  54.866  -1.258 0.0000000000
124786  17.467  54.312  -2.414 0.0000000000
124787  17.170  55.002  -2.139 0.0000000000
124789  17.792  54.533  -3.335 0.0000000000
124790  17.478  54.984  -2.769 0.0000000000
124793  18.117  54.607  -4.340 0.0000000000
124794  12.642  54.654  -3.680 0.0000000000
124795  12.001  54.727  -3.727 0.0000000000
124796  11.452  54.628  -4.059 0.0000000000
124800  18.118  54.641  -5.296 0.0000000000
124801  13.737  54.435  -4.359 0.0000000000
124802  13.190  54.768  -3.782 0.0000000000
124803  10.901  54.531  -4.583 0.0000000000
124808  17.643  54.494  -6.057 0.0000000000
124809  14.348  54.547  -5.160 0.0000000000
124815  17.197  54.590  -6.765 0.0000000000
124816  16.638  54.782  -7.589 0.0000000000
124817  14.346  54.670  -6.239 0.0000000000
124822  15.911  54.867  -8.756 0.0000000000
124823  15.332  55.424  -9.243 0.0000000000
124824  14.196  54.804  -7.441 0.0000000000
124829  15.799  54.358  -9.450 0.0000000000
124830  15.298  54.772  -9.822 0.0000000000
124831  13.749  54.969  -8.611 0.0000000000
124832  13.511  54.904  -9.597 0.0000000000
124835  14.649  54.697  -10.790 0.0000000000
124836  14.360  55.123  -11.069 0.0000000000
124837  13.430  54.890  -10.334 0.0000000000
124841  14.300  54.353  -11.238 0.0000000000
124842  14.236  54.791  -11.503 0.0000000000
124843  13.452  55.035  -10.985 0.0000000000
124846  13.830  54.936  -11.722 0.0000000000
124847  13.628  55.092  -11.410 0.0000000000
125215  26.587  55.480  8.090 0.0000000000
125216  25.961  55.405  8.230 0.0000000000
125217  24.847  55.406  8.398 0.0000000000
125218  23.862  55.352  8.403 0.0000000000
125219  22.958  55.244  8.336 0.0000000000
125220  22.196  55.183  8.154 0.0000000000
125221  21.593  55.278  7.833 0.0000000000
125232  27.986  55.862  7.370 0.0000000000
125233  27.204  55.389  7.727 0.0000000000
125234  26.593  55.177  8.022 0.0000000000
125235  20.820  55.415  7.384 0.0000000000
125236  19.927  55.533  6.576 0.0000000000
125237  19.490  56.111  6.181 0.0000000000
125241  29.187  55.828  6.111 0.0000000000
125242  28.542  55.555  6.587 0.0000000000
125243  27.834  55.427  7.097 0.0000000000
125244  19.811  55.172  5.982 0.0000000000
125245  19.471  55.716  5.599 0.0000000000
125248  29.487  55.547  5.728 0.0000000000
125249  28.918  55.586  5.946 0.0000000000
125250  19.467  55.896  4.522 0.0000000000
125253  20.440  55.540  3.424 0.0000000000
125254  19.890  56.070  3.697 0.0000000000
125257  21.557  55.189  2.206 0.0000000000
125258  20.877  55.889  2.553 0.0000000000
125259  20.423  56.230  3.094 0.0000000000
125262  21.401  55.123  1.662 0.0000000000
125263  21.112  55.898  1.933 0.0000000000
125266  21.084  54.919  1.507 0.0000000000
125267  20.501  55.526  1.667 0.0000000000
125268  19.037  55.634  1.753 0.0000000000
125269  17.796  55.729  1.476 0.0000000000
125270  16.994  55.944  0.714 0.0000000000
125271  16.600  56.352  0.299 0.0000000000
125273  17.036  55.300  0.281 0.0000000000
125274  16.654  55.837  -0.211 0.0000000000
125277  16.501  55.802  -1.155 0.0000000000
125281  16.811  55.761  -1.987 0.0000000000
125285  17.593  55.342  -3.260 0.0000000000
125286  17.284  55.738  -2.804 0.0000000000
125291  17.811  55.527  -3.976 0.0000000000
125292  17.541  55.905  -3.482 0.0000000000
125293  12.789  55.584  -3.553 0.0000000000
125294  12.063  55.559  -3.602 0.0000000000
125295  11.457  55.448  -3.880 0.0000000000
125300  18.051  55.583  -4.936 0.0000000000
125301  14.030  55.507  -4.517 0.0000000000
125302  13.449  55.535  -3.858 0.0000000000
125308  17.447  55.598  -5.907 0.0000000000
125309  16.892  56.201  -6.398 0.0000000000
125310  14.366  55.618  -5.445 0.0000000000
125315  17.277  55.084  -6.374 0.0000000000
125316  16.705  55.654  -6.832 0.0000000000
125317  14.397  55.777  -6.561 0.0000000000
125321  15.968  55.810  -7.777 0.0000000000
125322  15.068  56.036  -8.572 0.0000000000
125323  14.373  55.867  -7.833 0.0000000000
125327  14.799  55.450  -9.629 0.0000000000
125328  14.040  55.520  -9.386 0.0000000000
125329  13.584  55.228  -9.932 0.0000000000
125332  14.793  55.166  -10.204 0.0000000000
125333  14.292  55.382  -10.505 0.0000000000
125334  13.692  55.327  -10.383 0.0000000000
125338  14.128  55.285  -11.269 0.0000000000
125339  13.801  55.353  -11.055 0.0000000000
125342  14.058  55.162  -11.616 0.0000000000
125343  13.851  55.235  -11.439 0.0000000000
125709  26.532  55.998  8.141 0.0000000000
125710  25.772  56.298  8.167 0.0000000000
125711  25.024  56.225  8.272 0.0000000000
125712  24.085  56.174  8.306 0.0000000000
125713  23.155  56.060  8.271 0.0000000000
125714  22.303  55.874  8.191 0.0000000000
125715  21.846  55.662  8.061 0.0000000000
125721  28.804  56.497  7.354 0.0000000000
125722  27.343  56.568  7.892 0.0000000000
125723  26.147  56.886  7.966 0.0000000000
125724  25.203  56.989  7.962 0.0000000000
125725  24.294  56.997  8.034 0.0000000000
125726  23.350  56.934  8.114 0.0000000000
125727  22.381  56.759  8.120 0.0000000000
125728  21.372  56.314  7.865 0.0000000000
125729  20.221  56.471  7.261 0.0000000000
125730  19.549  56.625  6.526 0.0000000000
125734  29.252  55.981  6.599 0.0000000000
125735  19.188  56.637  5.790 0.0000000000
125740  19.002  56.586  4.946 0.0000000000
125741  18.891  56.929  4.819 0.0000000000
125744  19.449  56.728  4.063 0.0000000000
125745  19.057  56.960  4.552 0.0000000000
125748  20.625  56.804  2.624 0.0000000000
125749  20.082  56.788  3.244 0.0000000000
125753  21.051  56.773  2.086 0.0000000000
125754  17.686  57.322  1.777 0.0000000000
125755  17.315  57.475  1.623 0.0000000000
125758  20.724  56.689  1.729 0.0000000000
125759  19.741  56.660  1.808 0.0000000000
125760  18.362  56.760  1.875 0.0000000000
125761  17.187  56.917  1.404 0.0000000000
125762  16.502  56.871  0.661 0.0000000000
125768  16.271  56.804  -0.076 0.0000000000
125775  16.258  56.675  -0.941 0.0000000000
125781  16.526  56.670  -1.855 0.0000000000
125786  17.031  56.640  -2.686 0.0000000000
125790  17.649  56.377  -3.997 0.0000000000
125791  17.387  56.531  -3.418 0.0000000000
125792  13.029  56.562  -3.395 0.0000000000
125793  12.183  56.564  -3.429 0.0000000000
125798  17.764  56.286  -4.626 0.0000000000
125799  14.193  56.524  -4.686 0.0000000000
125800  13.660  56.494  -3.959 0.0000000000
125804  17.527  56.385  -5.320 0.0000000000
125805  17.003  56.680  -6.028 0.0000000000
125806  14.356  56.714  -5.684 0.0000000000
125810  16.306  56.861  -6.848 0.0000000000
125811  15.781  57.450  -7.281 0.0000000000
125812  14.426  56.878  -6.761 0.0000000000
125816  16.136  56.364  -7.298 0.0000000000
125817  15.510  56.977  -7.613 0.0000000000
125818  14.717  56.990  -7.581 0.0000000000
126171  27.817  57.696  7.755 0.0000000000
126172  26.548  57.738  7.697 0.0000000000
126173  25.495  57.706  7.546 0.0000000000
126174  24.530  57.738  7.529 0.0000000000
126175  23.580  57.802  7.743 0.0000000000
126176  22.607  57.759  7.980 0.0000000000
126177  21.576  57.605  7.955 0.0000000000
126178  20.535  57.523  7.606 0.0000000000
126179  19.634  57.573  6.946 0.0000000000
126183  19.078  57.529  6.072 0.0000000000
126186  18.882  57.356  5.078 0.0000000000
126187  18.816  57.068  5.000 0.0000000000
126190  19.191  57.447  4.197 0.0000000000
126191  18.918  57.180  4.726 0.0000000000
126196  20.323  57.421  2.798 0.0000000000
126197  19.799  57.443  3.401 0.0000000000
126204  20.584  57.559  2.227 0.0000000000
126205  20.279  58.050  2.069 0.0000000000
126206  18.196  57.687  1.924 0.0000000000
126207  17.527  57.871  1.763 0.0000000000
126213  20.799  57.230  1.863 0.0000000000
126214  20.185  57.638  1.828 0.0000000000
126215  19.114  57.577  1.893 0.0000000000
126216  16.927  57.838  1.509 0.0000000000
126217  16.346  57.651  1.076 0.0000000000
126223  15.999  57.777  0.207 0.0000000000
126224  15.743  58.403  -0.135 0.0000000000
126229  16.047  57.525  -0.712 0.0000000000
126230  15.856  58.248  -0.629 0.0000000000
126232  16.289  57.660  -1.676 0.0000000000
126233  16.042  58.140  -1.236 0.0000000000
126235  16.822  57.632  -2.601 0.0000000000
126236  12.736  58.221  -2.960 0.0000000000
126237  12.408  58.271  -2.968 0.0000000000
126242  17.544  57.013  -4.016 0.0000000000
126243  17.311  57.544  -3.561 0.0000000000
126244  13.957  57.957  -3.907 0.0000000000
126245  13.344  57.677  -3.390 0.0000000000
126246  12.385  57.709  -3.138 0.0000000000
126247  11.480  57.582  -3.508 0.0000000000
126253  17.558  56.921  -4.604 0.0000000000
126254  17.489  57.679  -4.564 0.0000000000
126255  14.262  57.642  -4.776 0.0000000000
126256  13.882  57.247  -4.112 0.0000000000
126261  17.556  56.760  -4.992 0.0000000000
126262  17.217  57.384  -5.411 0.0000000000
126263  14.281  57.781  -5.954 0.0000000000
126267  16.595  57.653  -6.364 0.0000000000
126268  15.958  57.890  -7.015 0.0000000000
126269  14.504  57.911  -6.907 0.0000000000
126273  15.440  58.011  -7.496 0.0000000000
126274  14.849  57.977  -7.591 0.0000000000
126599  26.802  58.898  7.201 0.0000000000
126600  25.758  58.529  7.104 0.0000000000
126601  24.846  58.459  7.083 0.0000000000
126602  23.875  58.728  7.227 0.0000000000
126603  22.885  58.718  7.644 0.0000000000
126604  21.893  58.682  7.911 0.0000000000
126605  20.851  58.618  7.802 0.0000000000
126606  19.884  58.626  7.296 0.0000000000
126612  26.376  59.510  6.557 0.0000000000
126613  25.877  59.250  6.511 0.0000000000
126614  25.097  59.112  6.592 0.0000000000
126615  24.427  59.138  6.790 0.0000000000
126616  19.072  58.777  6.321 0.0000000000
126617  18.744  59.464  5.893 0.0000000000
126620  18.788  58.319  5.306 0.0000000000
126621  18.669  59.205  5.365 0.0000000000
126627  18.912  58.182  4.313 0.0000000000
126628  18.717  58.970  4.488 0.0000000000
126635  20.127  57.911  2.894 0.0000000000
126636  19.550  58.331  3.319 0.0000000000
126637  19.011  58.847  3.744 0.0000000000
126642  20.340  57.836  2.546 0.0000000000
126643  20.062  58.312  2.442 0.0000000000
126644  18.615  58.254  1.893 0.0000000000
126645  17.953  58.385  1.937 0.0000000000
126648  19.845  58.488  2.029 0.0000000000
126649  19.325  58.360  1.909 0.0000000000
126650  17.197  58.582  1.714 0.0000000000
126651  16.224  58.657  1.228 0.0000000000
126652  15.751  59.205  0.837 0.0000000000
126656  15.998  58.187  0.771 0.0000000000
126657  15.689  58.783  0.349 0.0000000000
126662  15.632  58.903  -0.567 0.0000000000
126667  16.158  58.452  -1.796 0.0000000000
126668  15.882  58.848  -1.389 0.0000000000
126674  16.505  58.636  -2.523 0.0000000000
126675  16.104  59.002  -2.121 0.0000000000
126676  13.073  58.761  -3.005 0.0000000000
126677  12.294  58.854  -2.918 0.0000000000
126678  11.788  59.232  -3.017 0.0000000000
126684  17.040  58.608  -3.433 0.0000000000
126685  14.196  58.670  -4.216 0.0000000000
126686  13.683  58.686  -3.523 0.0000000000
126687  12.167  58.356  -2.998 0.0000000000
126688  11.605  58.667  -3.221 0.0000000000
126694  17.315  58.594  -4.391 0.0000000000
126695  14.337  58.680  -5.206 0.0000000000
126701  17.187  58.511  -5.289 0.0000000000
126702  14.424  58.779  -6.240 0.0000000000
126709  16.767  58.480  -6.062 0.0000000000
126710  16.156  58.574  -6.686 0.0000000000
126711  14.613  58.873  -7.099 0.0000000000
126717  15.580  58.726  -7.204 0.0000000000
126718  15.043  58.873  -7.549 0.0000000000
127026  27.427  59.272  7.083 0.0000000000
127027  23.910  59.742  6.846 0.0000000000
127028  23.164  59.683  7.278 0.0000000000
127029  22.251  59.657  7.574 0.0000000000
127030  21.275  59.638  7.715 0.0000000000
127031  20.300  59.631  7.485 0.0000000000
127041  25.248  59.801  6.157 0.0000000000
127042  24.547  59.786  6.449 0.0000000000
127043  19.412  59.706  6.978 0.0000000000
127044  18.815  59.922  6.276 0.0000000000
127047  18.571  60.005  5.480 0.0000000000
127055  18.580  59.827  4.573 0.0000000000
127061  19.302  59.294  3.178 0.0000000000
127062  18.822  59.566  3.740 0.0000000000
127066  19.609  59.081  2.632 0.0000000000
127067  18.711  58.781  1.916 0.0000000000
127068  18.319  58.675  1.931 0.0000000000
127073  19.529  59.108  2.270 0.0000000000
127074  19.119  59.267  1.928 0.0000000000
127075  17.989  59.272  1.965 0.0000000000
127076  16.767  59.537  1.620 0.0000000000
127077  15.867  59.725  1.142 0.0000000000
127082  15.393  59.737  0.484 0.0000000000
127086  15.283  59.620  -0.352 0.0000000000
127089  15.597  59.654  -1.264 0.0000000000
127092  16.285  59.535  -2.669 0.0000000000
127093  15.918  59.604  -2.054 0.0000000000
127094  13.390  59.584  -3.216 0.0000000000
127095  12.669  59.688  -2.924 0.0000000000
127096  11.957  59.764  -2.943 0.0000000000
127099  16.676  59.512  -3.377 0.0000000000
127100  14.357  59.598  -4.609 0.0000000000
127101  14.070  59.555  -3.716 0.0000000000
127102  11.408  59.698  -3.247 0.0000000000
127106  16.962  59.528  -4.290 0.0000000000
127107  14.444  59.632  -5.605 0.0000000000
127110  16.973  59.421  -5.158 0.0000000000
127111  14.541  59.722  -6.511 0.0000000000
127115  16.717  59.342  -5.869 0.0000000000
127116  16.260  59.300  -6.432 0.0000000000
127117  14.809  59.792  -7.224 0.0000000000
127121  15.780  59.312  -6.859 0.0000000000
127122  15.359  59.572  -7.276 0.0000000000
127399  22.656  60.639  7.341 0.0000000000
127400  21.729  60.623  7.533 0.0000000000
127401  20.772  60.608  7.517 0.0000000000
127411  19.856  60.628  7.242 0.0000000000
127412  19.111  60.733  6.684 0.0000000000
127418  18.586  60.950  5.844 0.0000000000
127425  18.475  60.764  4.791 0.0000000000
127429  19.045  59.984  3.131 0.0000000000
127430  18.718  60.555  3.678 0.0000000000
127435  19.287  59.783  2.627 0.0000000000
127436  19.078  60.615  2.750 0.0000000000
127439  19.427  59.533  2.352 0.0000000000
127440  19.231  60.232  2.152 0.0000000000
127441  18.492  60.385  1.858 0.0000000000
127442  17.360  60.466  1.783 0.0000000000
127443  16.241  60.586  1.470 0.0000000000
127446  15.259  60.749  0.791 0.0000000000
127447  14.861  61.298  0.480 0.0000000000
127449  14.834  60.470  -0.063 0.0000000000
127450  14.792  61.050  0.252 0.0000000000
127452  15.191  60.491  -1.054 0.0000000000
127454  16.056  60.116  -2.615 0.0000000000
127455  15.670  60.489  -2.124 0.0000000000
127456  13.731  60.267  -3.427 0.0000000000
127457  13.080  60.624  -3.083 0.0000000000
127458  12.225  60.601  -2.914 0.0000000000
127460  16.325  60.289  -3.242 0.0000000000
127461  16.010  60.625  -2.878 0.0000000000
127462  14.436  60.480  -5.132 0.0000000000
127463  14.260  60.609  -4.100 0.0000000000
127464  13.674  60.975  -3.532 0.0000000000
127465  11.511  60.557  -3.114 0.0000000000
127469  16.596  60.330  -4.086 0.0000000000
127470  14.478  60.490  -5.940 0.0000000000
127473  16.497  60.393  -5.208 0.0000000000
127474  16.220  60.905  -5.873 0.0000000000
127475  14.734  60.639  -6.599 0.0000000000
127479  16.609  59.886  -5.673 0.0000000000
127480  16.145  60.248  -6.312 0.0000000000
127481  15.351  60.452  -6.868 0.0000000000
127485  15.968  59.715  -6.659 0.0000000000
127486  15.696  59.893  -6.858 0.0000000000
127785  20.344  61.561  7.341 0.0000000000
127795  19.522  61.578  6.989 0.0000000000
127796  18.891  61.691  6.437 0.0000000000
127803  18.543  61.909  5.842 0.0000000000
127810  18.362  61.729  5.109 0.0000000000
127814  18.466  61.607  4.088 0.0000000000
127817  18.789  61.539  3.076 0.0000000000
127819  19.111  61.488  2.285 0.0000000000
127820  18.827  61.437  1.773 0.0000000000
127821  17.903  61.466  1.762 0.0000000000
127822  16.818  61.508  1.621 0.0000000000
127825  15.803  61.588  1.279 0.0000000000
127826  15.057  61.742  0.753 0.0000000000
127829  14.692  61.097  -0.092 0.0000000000
127830  14.584  61.706  0.054 0.0000000000
127833  14.776  61.208  -0.650 0.0000000000
127834  14.567  62.018  -0.938 0.0000000000
127837  15.060  61.552  -1.835 0.0000000000
127838  14.693  62.258  -1.604 0.0000000000
127839  13.281  61.684  -3.398 0.0000000000
127840  12.527  61.584  -2.964 0.0000000000
127843  16.103  60.816  -3.252 0.0000000000
127844  15.790  61.370  -3.041 0.0000000000
127845  14.464  60.975  -5.551 0.0000000000
127846  14.311  61.545  -5.110 0.0000000000
127847  13.852  61.666  -4.104 0.0000000000
127848  11.721  61.451  -2.919 0.0000000000
127852  16.216  60.941  -3.750 0.0000000000
127853  16.004  61.710  -4.185 0.0000000000
127854  14.586  61.336  -5.900 0.0000000000
127855  14.471  61.933  -5.631 0.0000000000
127859  16.305  61.018  -4.558 0.0000000000
127860  15.943  61.521  -5.372 0.0000000000
127861  15.194  61.559  -6.196 0.0000000000
127865  15.881  61.113  -6.168 0.0000000000
127866  15.653  60.900  -6.496 0.0000000000
128195  19.265  62.458  6.739 0.0000000000
128196  18.747  62.574  6.197 0.0000000000
128203  18.438  62.635  5.464 0.0000000000
128208  18.296  62.587  4.535 0.0000000000
128211  18.490  62.521  3.510 0.0000000000
128214  18.734  62.454  2.613 0.0000000000
128217  18.764  62.421  2.005 0.0000000000
128218  18.269  62.432  1.724 0.0000000000
128219  17.395  62.462  1.585 0.0000000000
128220  16.415  62.451  1.380 0.0000000000
128224  15.570  62.529  1.036 0.0000000000
128225  14.848  62.658  0.526 0.0000000000
128229  14.482  62.744  -0.301 0.0000000000
128233  14.430  62.811  -1.254 0.0000000000
128237  15.300  62.048  -2.706 0.0000000000
128238  14.804  62.690  -2.338 0.0000000000
128239  12.905  62.649  -3.236 0.0000000000
128240  11.967  62.529  -2.822 0.0000000000
128245  15.383  62.530  -3.562 0.0000000000
128246  14.887  63.128  -3.173 0.0000000000
128247  13.847  62.554  -4.812 0.0000000000
128248  13.509  62.591  -3.969 0.0000000000
128255  15.569  62.433  -4.674 0.0000000000
128256  14.655  62.071  -5.753 0.0000000000
128257  14.256  62.751  -5.668 0.0000000000
128262  15.263  62.485  -5.445 0.0000000000
128263  14.658  62.792  -5.646 0.0000000000
128264  14.430  63.421  -5.944 0.0000000000
128586  18.380  63.542  5.039 0.0000000000
128589  18.300  63.526  4.015 0.0000000000
128592  18.517  63.443  3.010 0.0000000000
128595  18.618  63.342  2.250 0.0000000000
128600  18.442  63.337  1.785 0.0000000000
128601  17.895  63.398  1.460 0.0000000000
128602  16.958  63.433  1.332 0.0000000000
128603  16.133  63.168  1.175 0.0000000000
128608  16.347  63.818  1.079 0.0000000000
128609  15.530  63.592  0.829 0.0000000000
128610  14.661  63.654  0.252 0.0000000000
128613  14.307  63.668  -0.645 0.0000000000
128616  14.265  63.618  -1.681 0.0000000000
128618  14.506  63.670  -2.744 0.0000000000
128619  12.399  63.592  -3.166 0.0000000000
128620  11.629  63.527  -2.898 0.0000000000
128623  15.269  62.952  -4.311 0.0000000000
128624  14.800  63.632  -3.970 0.0000000000
128625  13.599  63.160  -4.544 0.0000000000
128626  13.283  63.782  -4.068 0.0000000000
128631  15.181  63.178  -4.902 0.0000000000
128632  14.724  64.025  -5.162 0.0000000000
128633  13.668  63.724  -5.332 0.0000000000
128634  13.450  64.317  -4.924 0.0000000000
128639  14.847  63.283  -5.481 0.0000000000
128640  14.549  63.963  -6.056 0.0000000000
128641  14.395  64.261  -6.115 0.0000000000
128646  14.247  64.340  -6.679 0.0000000000
128647  14.128  64.292  -6.895 0.0000000000
128934  18.396  64.509  3.488 0.0000000000
128941  18.536  64.349  2.511 0.0000000000
128950  18.567  64.111  1.904 0.0000000000
128960  18.271  64.325  1.461 0.0000000000
128961  17.602  64.408  1.169 0.0000000000
128962  16.877  64.237  1.111 0.0000000000
128971  17.122  64.839  0.983 0.0000000000
128972  16.282  64.655  0.862 0.0000000000
128973  15.219  64.631  0.515 0.0000000000
128974  14.460  64.613  -0.098 0.0000000000
128982  13.928  64.624  -1.000 0.0000000000
128983  13.734  65.121  -1.629 0.0000000000
128990  13.976  64.412  -2.103 0.0000000000
128991  13.648  65.157  -2.434 0.0000000000
128997  14.156  64.544  -3.189 0.0000000000
128998  13.733  65.374  -3.398 0.0000000000
128999  11.961  64.146  -3.078 0.0000000000
129000  11.344  64.565  -3.059 0.0000000000
129004  14.346  65.086  -4.437 0.0000000000
129005  13.770  65.610  -4.010 0.0000000000
129006  12.381  64.814  -3.608 0.0000000000
129007  11.673  65.271  -3.419 0.0000000000
129012  14.377  64.826  -5.694 0.0000000000
129013  13.475  64.680  -5.512 0.0000000000
129014  13.130  64.883  -4.637 0.0000000000
129018  14.320  64.735  -6.570 0.0000000000
129019  13.701  64.466  -6.276 0.0000000000
129022  14.062  64.560  -6.958 0.0000000000
129023  13.893  64.448  -6.848 0.0000000000
129281  18.515  65.521  2.893 0.0000000000
129291  18.523  65.269  1.849 0.0000000000
129298  18.147  65.499  0.907 0.0000000000
129299  17.558  65.109  0.926 0.0000000000
129303  17.761  66.222  0.686 0.0000000000
129304  17.097  65.738  0.729 0.0000000000
129305  15.856  65.658  0.455 0.0000000000
129306  14.898  65.527  0.181 0.0000000000
129307  14.355  65.555  -0.443 0.0000000000
129311  13.844  65.702  -1.036 0.0000000000
129312  13.637  65.850  -1.758 0.0000000000
129316  13.428  66.002  -2.626 0.0000000000
129321  13.429  66.061  -3.601 0.0000000000
129322  10.598  64.983  -3.200 0.0000000000
129327  14.033  65.485  -5.260 0.0000000000
129328  13.555  65.852  -4.438 0.0000000000
129329  11.898  65.891  -3.854 0.0000000000
129330  11.015  65.751  -3.407 0.0000000000
129335  13.991  65.251  -6.063 0.0000000000
129336  13.439  65.535  -5.012 0.0000000000
129337  12.549  65.780  -4.519 0.0000000000
129341  13.937  64.829  -6.678 0.0000000000
129342  13.698  64.960  -6.177 0.0000000000
129346  13.914  64.728  -6.905 0.0000000000
129347  13.795  64.629  -6.706 0.0000000000
129626  18.672  66.617  2.318 0.0000000000
129631  18.537  66.612  1.409 0.0000000000
129634  18.125  66.806  0.783 0.0000000000
129635  17.442  66.907  0.477 0.0000000000
129636  16.388  66.935  0.152 0.0000000000
129637  15.297  66.402  -0.008 0.0000000000
129638  14.729  66.077  -0.208 0.0000000000
129641  16.109  67.566  -0.191 0.0000000000
129642  15.587  67.280  -0.322 0.0000000000
129643  14.502  66.769  -0.797 0.0000000000
129644  13.827  66.306  -1.277 0.0000000000
129648  14.176  67.435  -1.373 0.0000000000
129649  13.595  66.921  -1.772 0.0000000000
129654  13.268  66.871  -2.976 0.0000000000
129659  13.291  66.779  -3.932 0.0000000000
129660  12.107  66.520  -4.382 0.0000000000
129661  11.418  66.846  -4.017 0.0000000000
129662  10.305  66.836  -3.721 0.0000000000
129666  13.183  66.744  -4.591 0.0000000000
129667  12.564  66.722  -4.644 0.0000000000
129668  11.953  67.084  -4.553 0.0000000000
129952  18.442  67.822  1.126 0.0000000000
129953  17.858  67.900  0.567 0.0000000000
129954  17.096  67.936  0.173 0.0000000000
129957  16.449  68.004  -0.166 0.0000000000
129958  15.911  68.046  -0.421 0.0000000000
129959  15.242  67.955  -0.742 0.0000000000
129962  14.611  67.994  -1.237 0.0000000000
129963  13.977  68.068  -1.728 0.0000000000
129967  13.394  67.949  -2.531 0.0000000000
129968  12.957  68.192  -3.077 0.0000000000
129973  13.115  67.529  -3.437 0.0000000000
129974  12.833  67.987  -3.745 0.0000000000
129975  11.609  67.658  -4.284 0.0000000000
129976  10.763  67.819  -3.988 0.0000000000
129977  9.665  67.938  -3.727 0.0000000000
129981  13.102  67.383  -4.125 0.0000000000
129982  12.637  67.571  -4.351 0.0000000000
129983  12.135  67.523  -4.461 0.0000000000
130214  18.125  68.925  0.902 0.0000000000
130215  17.391  68.950  0.398 0.0000000000
130216  16.689  68.867  -0.038 0.0000000000
130220  16.203  68.673  -0.356 0.0000000000
130221  15.672  68.803  -0.628 0.0000000000
130222  15.026  68.833  -0.993 0.0000000000
130225  14.415  68.939  -1.480 0.0000000000
130226  13.697  69.030  -2.037 0.0000000000
130230  13.057  68.885  -2.595 0.0000000000
130231  12.511  68.680  -3.087 0.0000000000
130232  11.899  68.916  -3.314 0.0000000000
130233  9.013  68.805  -2.574 0.0000000000
130236  12.256  68.305  -3.850 0.0000000000
130237  11.406  68.505  -3.876 0.0000000000
130238  10.293  68.693  -3.637 0.0000000000
130239  9.139  68.918  -3.333 0.0000000000
130242  12.092  68.029  -4.301 0.0000000000
130243  11.829  67.966  -4.334 0.0000000000
130426  16.557  69.751  0.374 0.0000000000
130431  16.043  69.524  -0.318 0.0000000000
130432  15.336  69.637  -0.741 0.0000000000
130433  14.777  69.512  -1.149 0.0000000000
130437  14.851  70.016  -1.028 0.0000000000
130438  14.209  69.872  -1.515 0.0000000000
130439  13.090  69.897  -2.137 0.0000000000
130440  12.012  70.010  -2.041 0.0000000000
130442  9.960  69.225  -2.272 0.0000000000
130443  9.502  69.091  -2.423 0.0000000000
130444  12.687  69.259  -2.589 0.0000000000
130445  12.196  69.389  -2.646 0.0000000000
130446  11.157  69.381  -2.914 0.0000000000
130447  10.195  69.392  -2.689 0.0000000000
130448  9.562  69.234  -2.708 0.0000000000
130449  10.725  69.102  -3.480 0.0000000000
130450  10.162  69.264  -3.187 0.0000000000
130451  9.717  69.363  -2.992 0.0000000000
130613  15.835  70.276  -0.103 0.0000000000
130617  15.624  70.034  -0.459 0.0000000000
130618  15.125  70.282  -0.591 0.0000000000
130622  14.891  70.223  -0.913 0.0000000000
130623  14.584  70.313  -0.994 0.0000000000
130624  13.804  70.458  -1.269 0.0000000000
