#!ascii label  , from subject FREESURFER vox2ras=TkReg 
580
90172  -28.565  4.301  49.290 0.0000000000
91056  -29.168  5.529  50.199 0.0000000000
91067  -28.812  5.227  49.678 0.0000000000
91068  -29.253  4.873  50.146 0.0000000000
91075  -28.350  5.210  48.943 0.0000000000
91090  -35.835  6.381  46.713 0.0000000000
91091  -36.398  6.313  46.558 0.0000000000
91092  -37.255  6.256  46.195 0.0000000000
91093  -37.942  6.242  45.755 0.0000000000
91097  -34.739  6.387  45.858 0.0000000000
91098  -35.452  6.318  46.035 0.0000000000
91099  -36.483  6.220  45.650 0.0000000000
91100  -37.360  6.178  45.308 0.0000000000
91105  -34.430  6.367  45.089 0.0000000000
91106  -35.560  6.271  44.859 0.0000000000
91952  -29.707  6.148  51.029 0.0000000000
91959  -28.967  6.302  49.936 0.0000000000
91960  -29.313  6.056  50.474 0.0000000000
91968  -28.557  6.175  49.163 0.0000000000
91976  -27.817  6.165  47.979 0.0000000000
91977  -28.184  5.995  48.537 0.0000000000
91978  -35.892  6.957  48.175 0.0000000000
91979  -36.256  7.097  48.344 0.0000000000
91980  -36.615  7.310  48.356 0.0000000000
91986  -34.999  6.711  47.318 0.0000000000
91987  -35.587  6.741  47.696 0.0000000000
91988  -36.306  6.776  47.838 0.0000000000
91989  -36.771  7.050  48.047 0.0000000000
91998  -34.008  6.640  46.185 0.0000000000
91999  -34.544  6.565  46.699 0.0000000000
92000  -35.337  6.464  46.887 0.0000000000
92001  -36.101  6.468  47.213 0.0000000000
92002  -37.062  6.569  47.220 0.0000000000
92003  -37.892  6.567  46.294 0.0000000000
92011  -33.023  6.604  44.934 0.0000000000
92012  -33.633  6.599  45.441 0.0000000000
92013  -34.304  6.450  45.841 0.0000000000
92014  -34.858  6.406  46.289 0.0000000000
92024  -33.878  6.433  45.151 0.0000000000
92865  -29.952  6.994  51.240 0.0000000000
92872  -29.059  6.846  49.935 0.0000000000
92873  -29.383  7.087  50.356 0.0000000000
92879  -28.895  7.093  49.484 0.0000000000
92880  -29.191  7.842  49.709 0.0000000000
92888  -27.782  6.785  47.723 0.0000000000
92889  -28.232  7.150  48.340 0.0000000000
92890  -35.271  7.542  48.420 0.0000000000
92891  -35.703  7.430  48.458 0.0000000000
92892  -36.424  7.594  48.524 0.0000000000
92893  -36.831  7.499  48.263 0.0000000000
92899  -27.706  7.353  47.161 0.0000000000
92900  -28.186  7.988  47.618 0.0000000000
92901  -34.271  7.570  47.622 0.0000000000
92902  -34.918  7.219  47.939 0.0000000000
92903  -35.535  7.051  48.118 0.0000000000
92904  -37.172  7.301  47.728 0.0000000000
92910  -32.079  8.177  46.215 0.0000000000
92911  -32.683  7.773  46.315 0.0000000000
92912  -33.835  7.187  46.847 0.0000000000
92913  -34.590  6.862  47.222 0.0000000000
92914  -37.796  7.079  46.747 0.0000000000
92924  -30.864  8.085  45.367 0.0000000000
92925  -31.687  7.828  45.585 0.0000000000
92926  -32.926  7.087  45.517 0.0000000000
92927  -33.667  6.866  45.975 0.0000000000
92942  -31.836  6.880  44.663 0.0000000000
92943  -32.584  6.713  44.856 0.0000000000
93762  -30.012  8.059  51.104 0.0000000000
93763  -30.503  8.413  51.870 0.0000000000
93769  -29.516  8.318  50.217 0.0000000000
93774  -28.878  8.132  49.003 0.0000000000
93775  -29.263  8.505  49.570 0.0000000000
93782  -28.549  8.388  48.171 0.0000000000
93783  -34.204  8.579  48.166 0.0000000000
93784  -35.103  8.095  48.607 0.0000000000
93785  -36.040  8.182  48.723 0.0000000000
93786  -36.754  8.090  48.356 0.0000000000
93787  -37.039  7.704  48.129 0.0000000000
93794  -28.132  8.194  46.983 0.0000000000
93795  -28.557  8.655  47.374 0.0000000000
93796  -32.929  8.575  47.386 0.0000000000
93797  -33.744  8.051  47.595 0.0000000000
93798  -34.469  7.878  48.037 0.0000000000
93799  -36.880  8.182  47.640 0.0000000000
93800  -37.070  7.765  47.904 0.0000000000
93806  -28.647  8.626  46.433 0.0000000000
93807  -29.610  8.953  46.238 0.0000000000
93808  -30.573  8.937  46.185 0.0000000000
93809  -31.527  8.632  46.294 0.0000000000
93810  -32.386  8.448  46.764 0.0000000000
93811  -33.094  7.965  47.010 0.0000000000
93812  -36.242  8.578  46.521 0.0000000000
93813  -36.906  8.109  46.784 0.0000000000
93814  -37.276  7.633  47.194 0.0000000000
93820  -29.176  8.601  45.532 0.0000000000
93821  -30.205  8.447  45.496 0.0000000000
93822  -30.987  8.425  45.734 0.0000000000
93823  -35.792  8.706  45.742 0.0000000000
94667  -31.043  9.275  53.080 0.0000000000
94674  -30.267  9.105  51.458 0.0000000000
94675  -30.686  9.240  52.264 0.0000000000
94682  -29.842  9.063  50.743 0.0000000000
94688  -29.169  8.898  49.178 0.0000000000
94689  -29.489  9.251  49.863 0.0000000000
94696  -28.953  8.877  48.631 0.0000000000
94697  -29.425  9.568  48.852 0.0000000000
94698  -33.076  9.742  48.029 0.0000000000
94699  -33.611  9.468  48.181 0.0000000000
94700  -34.680  9.266  48.532 0.0000000000
94701  -35.569  9.173  48.529 0.0000000000
94702  -36.218  8.758  48.432 0.0000000000
94710  -28.947  9.212  47.979 0.0000000000
94711  -29.755  9.848  47.836 0.0000000000
94712  -30.667  9.998  47.393 0.0000000000
94713  -31.628  9.843  47.348 0.0000000000
94714  -32.667  9.490  47.680 0.0000000000
94715  -33.432  8.820  47.820 0.0000000000
94716  -35.958  9.584  48.123 0.0000000000
94717  -36.420  8.843  47.873 0.0000000000
94724  -29.194  9.213  47.098 0.0000000000
94725  -30.102  9.441  46.889 0.0000000000
94726  -31.072  9.434  46.733 0.0000000000
94727  -31.948  9.134  46.976 0.0000000000
94728  -32.454  8.892  47.214 0.0000000000
94729  -34.954  10.024  46.338 0.0000000000
94730  -35.511  9.577  46.806 0.0000000000
94731  -36.420  8.636  47.194 0.0000000000
94734  -34.708  10.081  45.805 0.0000000000
94735  -35.037  9.396  45.375 0.0000000000
94743  -33.698  10.449  44.303 0.0000000000
94744  -34.174  10.206  44.639 0.0000000000
94749  -33.656  10.219  43.927 0.0000000000
95478  -31.088  9.897  53.312 0.0000000000
95479  -31.288  10.456  53.573 0.0000000000
95487  -30.901  10.175  52.794 0.0000000000
95488  -31.209  11.060  52.916 0.0000000000
95493  -30.064  9.590  51.141 0.0000000000
95494  -30.453  10.160  51.629 0.0000000000
95500  -29.879  9.907  50.665 0.0000000000
95501  -30.403  10.707  50.632 0.0000000000
95506  -29.877  10.203  49.748 0.0000000000
95507  -30.581  10.933  49.662 0.0000000000
95513  -30.102  10.400  48.795 0.0000000000
95514  -31.020  10.960  48.705 0.0000000000
95515  -31.978  10.802  48.369 0.0000000000
95516  -32.977  10.280  48.222 0.0000000000
95517  -34.219  10.245  48.537 0.0000000000
95518  -35.075  10.206  48.623 0.0000000000
95519  -35.484  10.386  48.351 0.0000000000
95526  -30.498  10.397  48.091 0.0000000000
95527  -31.286  10.426  47.906 0.0000000000
95528  -32.169  10.178  47.848 0.0000000000
95529  -32.579  9.985  47.901 0.0000000000
95530  -35.574  10.629  47.806 0.0000000000
95538  -34.814  10.521  46.277 0.0000000000
95539  -35.172  10.962  47.034 0.0000000000
95542  -33.525  11.206  44.860 0.0000000000
95543  -34.037  10.982  45.270 0.0000000000
95551  -32.407  11.093  44.013 0.0000000000
95552  -33.245  10.885  44.391 0.0000000000
95553  -33.828  10.700  44.743 0.0000000000
95555  -32.415  10.831  43.496 0.0000000000
95556  -33.027  10.400  43.309 0.0000000000
96254  -31.045  11.663  54.556 0.0000000000
96255  -31.442  11.388  54.079 0.0000000000
96264  -31.444  11.649  53.272 0.0000000000
96272  -31.001  10.943  52.272 0.0000000000
96273  -31.576  11.897  52.330 0.0000000000
96279  -30.966  11.249  51.476 0.0000000000
96280  -31.662  11.989  51.280 0.0000000000
96286  -31.096  11.454  50.519 0.0000000000
96287  -31.880  12.051  50.400 0.0000000000
96292  -31.416  11.536  49.612 0.0000000000
96293  -32.436  11.999  49.590 0.0000000000
96294  -33.520  11.976  49.340 0.0000000000
96295  -34.518  11.859  49.308 0.0000000000
96296  -35.321  11.817  49.279 0.0000000000
96297  -35.900  11.924  49.069 0.0000000000
96298  -36.145  12.140  48.876 0.0000000000
96304  -31.862  11.437  48.932 0.0000000000
96305  -32.750  11.337  48.805 0.0000000000
96306  -33.831  11.186  48.768 0.0000000000
96307  -34.794  11.059  48.955 0.0000000000
96308  -35.405  11.197  48.786 0.0000000000
96309  -35.849  11.681  48.434 0.0000000000
96310  -36.163  12.169  48.632 0.0000000000
96316  -35.581  11.688  47.612 0.0000000000
96324  -34.605  11.564  46.316 0.0000000000
96325  -35.197  11.839  46.992 0.0000000000
96332  -32.573  11.990  44.987 0.0000000000
96333  -33.213  11.663  45.021 0.0000000000
96334  -33.972  11.804  45.660 0.0000000000
96341  -31.436  11.924  44.301 0.0000000000
96342  -32.230  11.631  44.445 0.0000000000
96343  -32.902  11.405  44.609 0.0000000000
96345  -30.414  11.889  43.425 0.0000000000
96346  -31.098  11.706  43.680 0.0000000000
96347  -31.893  11.221  43.573 0.0000000000
97084  -30.705  12.373  54.715 0.0000000000
97089  -31.284  12.330  54.170 0.0000000000
97090  -31.567  12.381  53.567 0.0000000000
97097  -31.973  12.544  52.967 0.0000000000
97106  -32.286  12.863  52.359 0.0000000000
97107  -32.714  13.140  51.929 0.0000000000
97114  -32.220  12.602  51.762 0.0000000000
97115  -32.830  12.997  51.451 0.0000000000
97123  -32.368  12.542  51.038 0.0000000000
97124  -33.178  12.913  50.870 0.0000000000
97125  -34.052  13.062  50.546 0.0000000000
97126  -34.923  13.056  50.284 0.0000000000
97127  -35.505  13.043  49.874 0.0000000000
97133  -32.614  12.450  50.387 0.0000000000
97134  -33.335  12.543  50.071 0.0000000000
97135  -34.262  12.552  49.842 0.0000000000
97136  -35.114  12.473  49.706 0.0000000000
97137  -35.803  12.566  49.440 0.0000000000
97138  -36.191  12.485  49.095 0.0000000000
97144  -36.150  12.324  48.450 0.0000000000
97145  -36.293  12.525  48.693 0.0000000000
97152  -35.378  13.027  47.430 0.0000000000
97153  -35.991  12.536  47.951 0.0000000000
97154  -36.220  12.616  48.386 0.0000000000
97162  -33.165  12.972  46.147 0.0000000000
97163  -34.025  12.832  46.430 0.0000000000
97164  -34.801  12.475  46.819 0.0000000000
97165  -35.457  12.351  47.332 0.0000000000
97175  -29.273  13.054  44.845 0.0000000000
97176  -30.145  12.983  45.014 0.0000000000
97177  -31.004  12.872  45.167 0.0000000000
97178  -31.829  12.681  45.354 0.0000000000
97179  -32.699  12.456  45.435 0.0000000000
97180  -33.569  12.364  45.778 0.0000000000
97181  -34.219  12.242  46.169 0.0000000000
97189  -29.020  12.833  44.099 0.0000000000
97190  -29.854  12.686  44.339 0.0000000000
97191  -30.660  12.565  44.545 0.0000000000
97192  -31.491  12.325  44.701 0.0000000000
97193  -32.172  12.232  44.980 0.0000000000
97195  -27.902  12.700  43.019 0.0000000000
97196  -28.779  12.543  43.359 0.0000000000
97197  -29.585  12.424  43.664 0.0000000000
97198  -30.376  12.210  43.896 0.0000000000
97199  -31.001  12.133  44.247 0.0000000000
97203  -28.568  12.225  42.538 0.0000000000
97204  -29.403  12.127  42.987 0.0000000000
97205  -29.997  12.051  43.348 0.0000000000
97889  -30.303  13.284  55.016 0.0000000000
97894  -31.155  13.407  54.181 0.0000000000
97895  -31.549  12.887  53.806 0.0000000000
97900  -31.615  13.981  53.694 0.0000000000
97901  -32.025  13.515  53.224 0.0000000000
97902  -32.569  14.093  52.653 0.0000000000
97910  -32.260  13.188  52.696 0.0000000000
97911  -32.919  13.778  52.258 0.0000000000
97912  -33.669  14.241  51.994 0.0000000000
97919  -33.263  13.435  51.652 0.0000000000
97920  -33.994  13.973  51.653 0.0000000000
97921  -34.573  14.171  51.348 0.0000000000
97927  -33.282  13.189  51.326 0.0000000000
97928  -33.777  13.395  51.198 0.0000000000
97929  -34.691  13.750  50.955 0.0000000000
97930  -35.401  13.671  50.261 0.0000000000
97935  -35.892  13.456  49.475 0.0000000000
97936  -36.113  12.874  49.258 0.0000000000
97941  -35.524  14.130  48.409 0.0000000000
97942  -36.053  13.627  48.716 0.0000000000
97943  -36.297  13.016  48.965 0.0000000000
97948  -30.194  13.818  47.090 0.0000000000
97949  -31.159  13.796  47.195 0.0000000000
97950  -32.143  13.839  47.277 0.0000000000
97951  -33.141  13.858  47.399 0.0000000000
97952  -34.144  13.817  47.576 0.0000000000
97953  -35.108  13.757  47.716 0.0000000000
97954  -35.871  13.441  48.012 0.0000000000
97955  -36.236  12.990  48.422 0.0000000000
97961  -28.013  13.766  45.988 0.0000000000
97962  -28.934  13.632  46.189 0.0000000000
97963  -29.862  13.578  46.320 0.0000000000
97964  -30.788  13.505  46.447 0.0000000000
97965  -31.728  13.461  46.561 0.0000000000
97966  -32.686  13.457  46.670 0.0000000000
97967  -33.633  13.383  46.868 0.0000000000
97968  -34.553  13.253  47.113 0.0000000000
97979  -27.806  13.676  45.113 0.0000000000
97980  -28.652  13.399  45.404 0.0000000000
97981  -29.554  13.311  45.580 0.0000000000
97982  -30.457  13.270  45.705 0.0000000000
97983  -31.344  13.138  45.863 0.0000000000
97984  -32.247  13.031  45.997 0.0000000000
97992  -26.746  13.852  43.868 0.0000000000
97993  -27.562  13.492  44.278 0.0000000000
97994  -28.412  13.234  44.598 0.0000000000
97998  -27.291  13.246  43.451 0.0000000000
97999  -28.158  12.992  43.813 0.0000000000
98636  -29.571  14.126  55.378 0.0000000000
98637  -29.932  13.802  55.206 0.0000000000
98644  -29.519  14.943  55.228 0.0000000000
98645  -30.352  14.432  54.744 0.0000000000
98651  -31.288  14.517  53.928 0.0000000000
98652  -31.892  14.502  53.383 0.0000000000
98653  -32.414  14.523  52.834 0.0000000000
98659  -32.979  14.543  52.441 0.0000000000
98660  -33.533  14.560  52.145 0.0000000000
98667  -34.079  14.559  51.893 0.0000000000
98668  -34.479  14.505  51.503 0.0000000000
98674  -34.851  14.412  51.122 0.0000000000
98675  -35.216  14.307  50.664 0.0000000000
98680  -29.370  14.913  49.132 0.0000000000
98681  -30.384  14.891  49.214 0.0000000000
98682  -31.414  14.923  49.292 0.0000000000
98683  -32.459  15.019  49.376 0.0000000000
98684  -33.501  15.119  49.478 0.0000000000
98685  -34.456  15.106  49.600 0.0000000000
98686  -35.202  14.856  49.764 0.0000000000
98687  -35.547  14.305  49.999 0.0000000000
98692  -28.093  14.897  48.088 0.0000000000
98693  -28.995  14.626  48.328 0.0000000000
98694  -29.974  14.529  48.464 0.0000000000
98695  -30.983  14.547  48.543 0.0000000000
98696  -32.009  14.607  48.626 0.0000000000
98697  -33.062  14.691  48.731 0.0000000000
98698  -34.100  14.726  48.854 0.0000000000
98699  -35.017  14.643  48.988 0.0000000000
98700  -35.685  14.284  49.201 0.0000000000
98705  -27.815  14.686  47.255 0.0000000000
98706  -28.674  14.403  47.516 0.0000000000
98707  -29.600  14.227  47.699 0.0000000000
98708  -30.572  14.178  47.814 0.0000000000
98709  -31.568  14.236  47.882 0.0000000000
98710  -32.589  14.288  47.976 0.0000000000
98711  -33.634  14.311  48.111 0.0000000000
98712  -34.657  14.315  48.227 0.0000000000
98717  -26.710  14.840  46.073 0.0000000000
98718  -27.504  14.420  46.451 0.0000000000
98719  -28.355  14.127  46.738 0.0000000000
98720  -29.261  13.952  46.934 0.0000000000
98728  -26.477  14.665  45.179 0.0000000000
98729  -27.232  14.202  45.611 0.0000000000
98739  -25.736  15.173  43.687 0.0000000000
98740  -26.272  14.521  44.267 0.0000000000
98741  -27.009  14.052  44.734 0.0000000000
99353  -27.953  16.289  55.039 0.0000000000
99354  -28.558  16.087  55.211 0.0000000000
99355  -29.316  15.947  55.197 0.0000000000
99356  -30.152  15.766  54.663 0.0000000000
99361  -27.364  15.959  54.472 0.0000000000
99362  -31.012  15.476  54.035 0.0000000000
99363  -31.649  15.227  53.485 0.0000000000
99364  -32.115  15.166  52.981 0.0000000000
99368  -26.125  16.300  52.468 0.0000000000
99371  -32.819  15.248  52.385 0.0000000000
99372  -33.375  14.924  52.266 0.0000000000
99379  -31.460  15.997  51.408 0.0000000000
99380  -32.294  15.813  51.470 0.0000000000
99381  -33.069  15.515  51.588 0.0000000000
99382  -33.865  15.155  51.879 0.0000000000
99383  -34.343  14.821  51.646 0.0000000000
99389  -29.273  16.025  50.372 0.0000000000
99390  -30.203  15.790  50.562 0.0000000000
99391  -31.182  15.675  50.684 0.0000000000
99392  -32.153  15.651  50.755 0.0000000000
99393  -33.084  15.622  50.849 0.0000000000
99394  -33.971  15.525  51.041 0.0000000000
99395  -34.611  14.929  51.125 0.0000000000
99396  -34.997  14.633  50.844 0.0000000000
99401  -28.057  16.008  49.289 0.0000000000
99402  -28.865  15.616  49.619 0.0000000000
99403  -29.798  15.379  49.828 0.0000000000
99404  -30.800  15.281  49.954 0.0000000000
99405  -31.829  15.316  50.031 0.0000000000
99406  -32.849  15.451  50.096 0.0000000000
99407  -33.817  15.435  50.224 0.0000000000
99408  -34.628  15.223  50.369 0.0000000000
99409  -35.122  14.779  50.478 0.0000000000
99415  -27.703  15.673  48.495 0.0000000000
99416  -28.449  15.207  48.880 0.0000000000
99422  -26.684  15.903  47.287 0.0000000000
99423  -27.387  15.398  47.687 0.0000000000
99428  -25.680  16.268  45.968 0.0000000000
99429  -26.329  15.636  46.464 0.0000000000
99430  -27.075  15.141  46.871 0.0000000000
99436  -25.513  16.139  44.987 0.0000000000
99437  -26.037  15.419  45.578 0.0000000000
99446  -25.479  16.041  43.991 0.0000000000
99447  -25.857  15.278  44.637 0.0000000000
100121  -27.689  16.951  54.858 0.0000000000
100122  -28.357  17.027  55.122 0.0000000000
100123  -29.077  16.969  55.160 0.0000000000
100124  -29.817  16.828  54.641 0.0000000000
100128  -26.809  17.596  53.902 0.0000000000
100129  -27.093  17.013  54.259 0.0000000000
100130  -30.842  16.709  53.780 0.0000000000
100131  -31.548  15.910  53.357 0.0000000000
100132  -31.869  15.564  53.152 0.0000000000
100136  -26.191  17.440  52.690 0.0000000000
100137  -26.660  16.881  53.330 0.0000000000
100138  -26.900  16.145  53.766 0.0000000000
100139  -30.955  16.852  52.680 0.0000000000
100140  -31.568  16.300  52.798 0.0000000000
100141  -32.031  15.730  52.778 0.0000000000
100146  -25.726  17.014  51.869 0.0000000000
100147  -30.044  16.968  51.747 0.0000000000
100148  -30.875  16.646  51.931 0.0000000000
100149  -31.611  16.314  52.075 0.0000000000
100150  -32.260  15.883  52.170 0.0000000000
100156  -28.943  16.894  50.762 0.0000000000
100157  -29.708  16.492  51.056 0.0000000000
100158  -30.566  16.202  51.289 0.0000000000
100165  -27.109  17.362  49.294 0.0000000000
100166  -27.816  16.916  49.612 0.0000000000
100167  -28.478  16.430  50.038 0.0000000000
100173  -26.716  16.999  48.525 0.0000000000
100174  -27.375  16.493  48.891 0.0000000000
100180  -25.739  17.363  47.296 0.0000000000
100181  -26.342  16.710  47.719 0.0000000000
100182  -27.064  16.207  48.067 0.0000000000
100187  -25.513  17.210  46.348 0.0000000000
100188  -25.988  16.468  46.871 0.0000000000
100193  -25.385  17.096  45.351 0.0000000000
100200  -25.350  17.019  44.295 0.0000000000
100207  -25.575  16.873  43.313 0.0000000000
100875  -27.530  17.610  54.689 0.0000000000
100876  -28.061  17.761  54.959 0.0000000000
100877  -28.805  17.916  54.870 0.0000000000
100878  -29.432  17.594  54.663 0.0000000000
100882  -26.781  18.095  53.987 0.0000000000
100883  -27.169  18.061  54.352 0.0000000000
100884  -29.320  18.295  54.239 0.0000000000
100885  -29.985  17.687  54.042 0.0000000000
100890  -26.119  18.340  52.940 0.0000000000
100891  -26.540  18.035  53.468 0.0000000000
100892  -29.540  18.449  53.356 0.0000000000
100893  -30.267  17.585  53.089 0.0000000000
100899  -25.849  18.148  52.245 0.0000000000
100900  -28.857  18.618  51.756 0.0000000000
100901  -29.428  18.044  52.248 0.0000000000
100902  -30.325  17.223  52.368 0.0000000000
100907  -24.653  18.477  50.520 0.0000000000
100908  -25.315  17.999  51.281 0.0000000000
100909  -28.003  18.374  50.713 0.0000000000
100910  -28.774  17.925  51.209 0.0000000000
100911  -29.407  17.289  51.378 0.0000000000
100918  -26.949  18.334  49.626 0.0000000000
100919  -27.586  17.838  49.959 0.0000000000
100920  -28.254  17.382  50.371 0.0000000000
100924  -25.985  18.511  48.616 0.0000000000
100925  -26.484  17.871  48.959 0.0000000000
100931  -25.675  18.326  47.716 0.0000000000
100932  -26.064  17.569  48.181 0.0000000000
100938  -25.431  18.180  46.771 0.0000000000
100944  -25.390  18.078  45.764 0.0000000000
100951  -25.460  17.981  44.732 0.0000000000
100957  -25.747  18.002  43.540 0.0000000000
100958  -26.433  18.389  43.251 0.0000000000
101585  -27.737  18.243  54.671 0.0000000000
101586  -28.288  18.573  54.623 0.0000000000
101587  -28.827  18.714  54.382 0.0000000000
101592  -26.843  18.738  54.045 0.0000000000
101593  -27.637  19.083  54.376 0.0000000000
101594  -28.513  19.502  54.164 0.0000000000
101595  -29.065  19.055  53.808 0.0000000000
101601  -25.914  18.951  52.756 0.0000000000
101602  -26.357  19.192  53.419 0.0000000000
101603  -28.923  19.859  53.433 0.0000000000
101604  -29.103  19.200  53.151 0.0000000000
101610  -25.659  19.170  52.059 0.0000000000
101611  -28.123  19.877  51.764 0.0000000000
101612  -28.646  19.560  52.276 0.0000000000
101613  -29.195  18.844  52.778 0.0000000000
101618  -24.544  19.297  50.532 0.0000000000
101619  -25.090  19.490  51.149 0.0000000000
101620  -27.198  19.880  50.574 0.0000000000
101621  -27.667  19.631  51.131 0.0000000000
101622  -28.415  18.833  51.390 0.0000000000
101628  -24.109  19.100  49.993 0.0000000000
101629  -26.409  19.767  49.500 0.0000000000
101630  -26.825  19.607  49.950 0.0000000000
101631  -27.395  18.739  50.265 0.0000000000
101637  -26.129  19.476  49.126 0.0000000000
101638  -26.428  18.733  49.287 0.0000000000
101644  -25.719  19.311  48.178 0.0000000000
101648  -25.491  19.164  47.223 0.0000000000
101653  -25.448  19.064  46.235 0.0000000000
101658  -25.584  18.989  45.198 0.0000000000
101659  -25.968  19.330  44.594 0.0000000000
101665  -25.751  18.710  44.347 0.0000000000
101666  -26.490  19.120  43.874 0.0000000000
101667  -27.441  19.227  43.388 0.0000000000
101679  -26.916  18.647  43.137 0.0000000000
102320  -27.026  19.827  54.033 0.0000000000
102321  -27.888  20.230  54.002 0.0000000000
102322  -28.432  20.258  53.713 0.0000000000
102329  -25.897  19.896  52.875 0.0000000000
102330  -26.552  20.379  53.411 0.0000000000
102331  -28.179  20.710  53.630 0.0000000000
102332  -28.420  20.529  53.131 0.0000000000
102338  -25.458  20.356  52.149 0.0000000000
102339  -28.013  20.371  51.906 0.0000000000
102340  -28.184  20.674  52.584 0.0000000000
102345  -23.964  20.321  50.302 0.0000000000
102346  -24.315  20.096  50.555 0.0000000000
102347  -24.957  20.721  51.484 0.0000000000
102348  -27.073  20.416  50.707 0.0000000000
102349  -27.386  20.828  51.503 0.0000000000
102353  -23.687  19.918  49.872 0.0000000000
102354  -24.013  19.718  50.141 0.0000000000
102355  -26.296  20.239  49.419 0.0000000000
102356  -26.570  20.879  50.075 0.0000000000
102362  -25.843  20.281  48.645 0.0000000000
102367  -25.620  20.148  47.672 0.0000000000
102372  -25.638  19.994  46.724 0.0000000000
102378  -25.805  19.935  45.784 0.0000000000
102379  -26.173  20.241  45.256 0.0000000000
102385  -25.958  19.712  45.082 0.0000000000
102386  -26.485  19.948  44.665 0.0000000000
102387  -26.925  20.149  44.344 0.0000000000
102398  -26.809  19.750  44.241 0.0000000000
102399  -27.269  19.832  43.967 0.0000000000
103035  -27.359  20.683  53.662 0.0000000000
103036  -27.857  20.792  53.706 0.0000000000
103041  -25.982  21.012  52.851 0.0000000000
103042  -26.961  21.086  53.021 0.0000000000
103043  -27.866  21.015  53.216 0.0000000000
103044  -28.204  20.938  52.943 0.0000000000
103049  -25.036  21.748  51.460 0.0000000000
103050  -25.429  21.480  52.038 0.0000000000
103051  -26.441  21.653  52.180 0.0000000000
103052  -27.562  21.169  52.402 0.0000000000
103053  -28.005  21.042  52.799 0.0000000000
103058  -24.004  20.915  50.410 0.0000000000
103059  -24.680  21.168  51.072 0.0000000000
103060  -24.976  21.358  51.594 0.0000000000
103061  -26.600  21.467  51.117 0.0000000000
103062  -27.078  21.458  51.819 0.0000000000
103066  -23.479  20.974  49.639 0.0000000000
103067  -25.861  21.267  49.303 0.0000000000
103068  -26.136  21.710  50.221 0.0000000000
103074  -25.569  21.130  48.142 0.0000000000
103079  -25.670  20.931  47.108 0.0000000000
103083  -25.821  20.662  46.330 0.0000000000
103087  -26.079  20.790  45.668 0.0000000000
103088  -26.428  20.721  45.042 0.0000000000
103100  -26.778  20.635  44.577 0.0000000000
103101  -27.169  20.541  44.153 0.0000000000
103704  -25.151  22.017  51.267 0.0000000000
103705  -25.466  21.981  51.594 0.0000000000
103706  -25.814  21.920  51.894 0.0000000000
103710  -23.946  21.706  50.081 0.0000000000
103711  -24.692  21.911  50.712 0.0000000000
103712  -25.436  22.078  51.013 0.0000000000
103713  -25.979  22.061  51.501 0.0000000000
103716  -23.736  21.875  49.309 0.0000000000
103717  -24.399  22.267  49.835 0.0000000000
103718  -25.372  22.287  49.857 0.0000000000
103719  -25.928  22.027  50.778 0.0000000000
103722  -23.465  21.784  48.503 0.0000000000
103723  -25.408  22.003  48.556 0.0000000000
103728  -25.495  21.823  47.452 0.0000000000
103734  -25.668  21.477  46.307 0.0000000000
103744  -26.116  21.435  45.132 0.0000000000
103745  -26.560  21.048  44.770 0.0000000000
103760  -26.163  21.650  44.588 0.0000000000
103761  -26.757  21.243  44.206 0.0000000000
103762  -27.366  20.827  43.865 0.0000000000
104324  -23.908  22.180  49.188 0.0000000000
104325  -24.169  22.305  49.248 0.0000000000
104326  -24.693  22.436  49.309 0.0000000000
104330  -23.906  22.192  48.893 0.0000000000
104331  -24.391  22.425  48.749 0.0000000000
104332  -24.982  22.502  48.730 0.0000000000
104336  -23.895  22.248  48.211 0.0000000000
104337  -24.532  22.556  47.998 0.0000000000
104338  -25.157  22.477  47.774 0.0000000000
104347  -24.669  22.504  47.083 0.0000000000
104348  -25.270  22.264  46.757 0.0000000000
104362  -25.429  22.066  45.702 0.0000000000
104377  -25.705  22.023  44.721 0.0000000000
104378  -26.148  21.746  44.281 0.0000000000
104390  -25.788  21.931  43.931 0.0000000000
104391  -26.332  21.625  43.812 0.0000000000
