#!ascii label  , from subject FREESURFER vox2ras=TkReg 
447
87426  -25.570  1.571  53.647 0.0000000000
87427  -26.269  1.505  54.468 0.0000000000
87440  -25.015  1.915  52.938 0.0000000000
87441  -25.473  2.137  53.106 0.0000000000
88318  -26.680  2.066  54.664 0.0000000000
88319  -27.137  2.628  55.027 0.0000000000
88330  -25.764  2.284  53.277 0.0000000000
88331  -26.450  2.644  53.774 0.0000000000
88332  -27.058  3.144  54.342 0.0000000000
88349  -24.576  2.397  52.341 0.0000000000
88350  -25.569  2.840  52.655 0.0000000000
88351  -26.182  3.272  53.059 0.0000000000
88360  -23.310  2.716  51.868 0.0000000000
88361  -24.057  2.847  51.752 0.0000000000
88362  -24.827  3.136  51.911 0.0000000000
88363  -25.239  3.417  52.098 0.0000000000
89221  -27.834  3.485  55.663 0.0000000000
89230  -27.425  3.656  54.701 0.0000000000
89239  -26.516  3.820  53.283 0.0000000000
89240  -27.030  3.740  53.925 0.0000000000
89254  -25.523  3.902  52.200 0.0000000000
89255  -26.011  3.884  52.720 0.0000000000
89263  -21.777  3.847  51.573 0.0000000000
89264  -22.519  3.178  51.687 0.0000000000
89265  -23.471  3.321  51.306 0.0000000000
89266  -24.296  3.742  51.323 0.0000000000
89267  -25.038  3.887  51.699 0.0000000000
89273  -21.745  4.177  51.061 0.0000000000
89274  -22.161  3.955  50.958 0.0000000000
89275  -22.934  3.851  50.813 0.0000000000
89276  -23.669  4.007  50.841 0.0000000000
90106  -28.252  4.493  55.667 0.0000000000
90116  -27.896  4.446  55.007 0.0000000000
90127  -26.871  4.688  53.546 0.0000000000
90128  -27.427  4.596  54.244 0.0000000000
90136  -21.270  4.290  52.060 0.0000000000
90137  -25.754  4.765  52.422 0.0000000000
90138  -26.315  4.739  52.930 0.0000000000
90147  -20.959  4.921  51.478 0.0000000000
90148  -21.416  4.419  51.245 0.0000000000
90149  -24.741  4.619  51.287 0.0000000000
90150  -25.266  4.731  51.844 0.0000000000
90159  -21.132  4.816  50.835 0.0000000000
90160  -21.676  4.614  50.564 0.0000000000
90161  -22.470  4.464  50.368 0.0000000000
90162  -23.360  4.734  50.297 0.0000000000
90163  -24.169  4.616  50.748 0.0000000000
90169  -22.051  4.892  49.933 0.0000000000
90170  -22.718  5.045  49.902 0.0000000000
90171  -23.155  5.212  49.927 0.0000000000
91003  -28.255  5.115  55.237 0.0000000000
91004  -28.493  5.474  55.742 0.0000000000
91017  -27.915  5.527  54.637 0.0000000000
91018  -28.289  5.779  55.261 0.0000000000
91029  -26.653  5.625  53.184 0.0000000000
91030  -27.232  5.596  53.869 0.0000000000
91036  -25.526  5.661  52.081 0.0000000000
91037  -26.065  5.644  52.625 0.0000000000
91043  -20.524  5.679  51.751 0.0000000000
91044  -24.577  5.251  50.857 0.0000000000
91045  -25.037  5.610  51.359 0.0000000000
91051  -20.749  5.476  50.647 0.0000000000
91052  -21.205  5.045  50.451 0.0000000000
91053  -23.489  5.425  49.942 0.0000000000
91054  -24.136  5.599  50.240 0.0000000000
91055  -24.712  5.915  50.729 0.0000000000
91062  -20.790  5.835  49.926 0.0000000000
91063  -21.350  5.404  49.858 0.0000000000
91064  -22.224  5.496  49.503 0.0000000000
91065  -23.073  5.664  49.538 0.0000000000
91066  -23.697  5.933  49.683 0.0000000000
91918  -28.371  7.152  55.604 0.0000000000
91919  -28.573  6.615  55.922 0.0000000000
91930  -28.157  6.637  55.154 0.0000000000
91931  -28.406  6.132  55.547 0.0000000000
91939  -26.930  6.555  53.538 0.0000000000
91940  -27.534  6.572  54.277 0.0000000000
91945  -25.821  6.546  52.363 0.0000000000
91946  -26.374  6.539  52.889 0.0000000000
91950  -20.267  6.362  51.093 0.0000000000
91951  -25.404  6.689  51.682 0.0000000000
91956  -20.489  6.356  50.148 0.0000000000
91957  -24.635  6.713  50.283 0.0000000000
91958  -25.035  6.486  50.982 0.0000000000
91963  -20.836  6.380  49.264 0.0000000000
91964  -21.675  6.097  49.091 0.0000000000
91965  -22.570  6.195  49.006 0.0000000000
91966  -23.529  6.636  49.123 0.0000000000
91967  -24.125  6.441  49.683 0.0000000000
91972  -20.870  6.795  48.817 0.0000000000
91973  -21.221  6.722  48.683 0.0000000000
91974  -22.039  6.735  48.555 0.0000000000
91975  -22.842  6.883  48.614 0.0000000000
92824  -28.849  7.542  56.285 0.0000000000
92835  -28.164  7.652  55.360 0.0000000000
92836  -28.516  7.639  55.876 0.0000000000
92845  -27.713  7.546  54.685 0.0000000000
92851  -26.655  7.444  53.216 0.0000000000
92852  -27.215  7.488  53.899 0.0000000000
92857  -25.690  7.308  52.166 0.0000000000
92858  -26.134  7.393  52.604 0.0000000000
92863  -19.935  7.172  51.447 0.0000000000
92864  -25.478  7.662  51.758 0.0000000000
92869  -20.064  7.113  50.520 0.0000000000
92870  -24.735  7.570  50.189 0.0000000000
92871  -25.184  7.586  50.914 0.0000000000
92875  -19.608  7.785  49.967 0.0000000000
92876  -20.223  7.103  49.572 0.0000000000
92877  -23.785  7.229  49.014 0.0000000000
92878  -24.221  7.521  49.419 0.0000000000
92882  -19.803  7.768  49.092 0.0000000000
92883  -20.623  7.379  48.589 0.0000000000
92884  -21.532  7.344  48.177 0.0000000000
92885  -22.466  7.514  48.154 0.0000000000
92886  -23.455  7.610  48.625 0.0000000000
92887  -23.923  8.331  48.871 0.0000000000
92896  -21.051  8.012  47.738 0.0000000000
92897  -21.914  8.004  47.653 0.0000000000
92898  -22.448  8.086  47.817 0.0000000000
93727  -29.072  8.331  56.486 0.0000000000
93736  -28.336  8.415  55.670 0.0000000000
93737  -28.697  8.364  56.179 0.0000000000
93744  -27.901  8.432  55.043 0.0000000000
93749  -27.008  8.350  53.527 0.0000000000
93750  -27.472  8.405  54.291 0.0000000000
93755  -25.889  8.226  52.235 0.0000000000
93756  -26.464  8.298  52.874 0.0000000000
93761  -25.547  8.483  51.526 0.0000000000
93767  -24.821  8.488  50.166 0.0000000000
93768  -25.318  8.705  50.871 0.0000000000
93772  -19.241  8.528  49.363 0.0000000000
93773  -24.320  8.895  49.298 0.0000000000
93777  -19.827  8.503  48.283 0.0000000000
93778  -20.486  8.159  47.991 0.0000000000
93779  -22.925  8.224  48.010 0.0000000000
93780  -23.532  8.806  48.310 0.0000000000
93781  -23.987  8.888  48.768 0.0000000000
93789  -19.891  8.991  47.647 0.0000000000
93790  -20.468  8.810  47.405 0.0000000000
93791  -21.469  8.843  47.162 0.0000000000
93792  -22.466  8.679  47.512 0.0000000000
93793  -23.051  8.797  47.817 0.0000000000
93803  -20.553  9.160  47.077 0.0000000000
93804  -20.818  9.169  46.990 0.0000000000
94631  -28.920  9.046  56.370 0.0000000000
94640  -28.136  9.203  55.420 0.0000000000
94641  -28.559  9.125  55.970 0.0000000000
94652  -27.715  9.301  54.721 0.0000000000
94657  -26.835  9.223  53.207 0.0000000000
94658  -27.343  9.270  53.904 0.0000000000
94665  -25.865  9.276  51.978 0.0000000000
94666  -26.307  9.204  52.595 0.0000000000
94673  -25.578  9.477  51.272 0.0000000000
94680  -24.742  9.627  49.897 0.0000000000
94681  -25.192  9.539  50.565 0.0000000000
94687  -24.416  9.887  49.305 0.0000000000
94693  -19.043  9.267  48.769 0.0000000000
94694  -23.613  9.556  48.197 0.0000000000
94695  -24.002  9.574  48.703 0.0000000000
94704  -18.888  9.921  48.263 0.0000000000
94705  -19.420  9.503  47.728 0.0000000000
94706  -19.952  9.280  47.302 0.0000000000
94707  -21.627  9.328  46.940 0.0000000000
94708  -22.101  9.511  47.009 0.0000000000
94709  -23.104  9.596  47.639 0.0000000000
94720  -19.752  9.742  47.082 0.0000000000
94721  -20.380  9.555  46.878 0.0000000000
94722  -21.289  9.706  46.735 0.0000000000
94723  -21.901  10.291  46.721 0.0000000000
95450  -29.099  9.415  56.398 0.0000000000
95451  -29.271  9.617  56.326 0.0000000000
95455  -28.411  9.792  55.720 0.0000000000
95456  -28.861  9.883  56.202 0.0000000000
95457  -29.509  10.148  56.088 0.0000000000
95467  -28.016  10.088  55.214 0.0000000000
95476  -27.152  10.014  53.579 0.0000000000
95477  -27.572  10.361  54.369 0.0000000000
95485  -26.218  9.997  52.309 0.0000000000
95486  -26.693  10.269  52.935 0.0000000000
95492  -25.853  10.290  51.774 0.0000000000
95498  -25.052  10.356  50.286 0.0000000000
95499  -25.499  10.595  50.961 0.0000000000
95505  -24.677  10.611  49.722 0.0000000000
95510  -18.591  10.551  48.434 0.0000000000
95511  -23.686  10.300  48.221 0.0000000000
95512  -24.215  10.754  48.951 0.0000000000
95522  -18.949  10.477  47.610 0.0000000000
95523  -19.411  10.156  47.169 0.0000000000
95524  -22.558  10.478  47.080 0.0000000000
95525  -23.206  10.872  47.667 0.0000000000
95533  -19.274  10.755  46.959 0.0000000000
95534  -19.805  10.459  46.631 0.0000000000
95535  -20.622  10.543  46.441 0.0000000000
95536  -21.385  10.793  46.431 0.0000000000
95537  -22.057  11.133  46.663 0.0000000000
96244  -28.470  10.604  55.667 0.0000000000
96245  -29.000  11.009  55.937 0.0000000000
96246  -29.691  11.247  55.627 0.0000000000
96253  -28.002  11.168  55.138 0.0000000000
96262  -27.181  10.967  53.646 0.0000000000
96263  -27.570  11.653  54.389 0.0000000000
96270  -26.239  10.974  52.377 0.0000000000
96271  -26.804  11.531  53.026 0.0000000000
96278  -25.801  11.403  51.702 0.0000000000
96284  -25.097  11.413  50.307 0.0000000000
96285  -25.520  11.683  51.020 0.0000000000
96291  -24.576  11.633  49.535 0.0000000000
96301  -18.465  11.263  47.859 0.0000000000
96302  -23.755  11.500  48.307 0.0000000000
96303  -24.248  11.792  48.906 0.0000000000
96313  -18.845  11.377  47.002 0.0000000000
96314  -22.670  11.616  47.183 0.0000000000
96315  -23.256  11.800  47.740 0.0000000000
96319  -19.411  11.400  46.445 0.0000000000
96320  -20.063  11.439  46.014 0.0000000000
96321  -20.869  11.436  46.044 0.0000000000
96322  -21.581  11.799  46.132 0.0000000000
96323  -22.165  11.958  46.602 0.0000000000
96329  -20.512  12.043  45.652 0.0000000000
96330  -21.094  12.120  45.706 0.0000000000
96331  -21.409  12.226  45.846 0.0000000000
97081  -28.553  11.568  55.555 0.0000000000
97082  -29.063  12.391  55.693 0.0000000000
97083  -29.952  12.323  55.281 0.0000000000
97087  -28.222  12.565  55.117 0.0000000000
97088  -28.707  13.110  55.464 0.0000000000
97095  -27.156  11.942  53.725 0.0000000000
97096  -27.400  12.827  54.219 0.0000000000
97103  -26.316  12.332  52.411 0.0000000000
97104  -26.991  12.685  53.320 0.0000000000
97105  -27.096  13.176  53.790 0.0000000000
97113  -25.722  12.513  51.510 0.0000000000
97121  -24.813  12.525  50.048 0.0000000000
97122  -25.338  12.480  50.708 0.0000000000
97132  -24.391  12.697  49.247 0.0000000000
97142  -23.600  12.618  48.020 0.0000000000
97143  -24.083  12.370  48.574 0.0000000000
97148  -18.126  12.878  46.561 0.0000000000
97149  -18.252  12.057  47.173 0.0000000000
97150  -22.499  12.743  46.933 0.0000000000
97151  -23.015  12.409  47.502 0.0000000000
97157  -18.428  13.005  46.056 0.0000000000
97158  -18.883  12.442  46.065 0.0000000000
97159  -19.534  11.937  45.950 0.0000000000
97160  -21.593  12.376  45.930 0.0000000000
97161  -21.908  12.589  46.226 0.0000000000
97170  -19.244  12.881  45.422 0.0000000000
97171  -19.830  12.562  45.367 0.0000000000
97172  -20.720  12.790  45.306 0.0000000000
97173  -21.353  12.671  45.670 0.0000000000
97174  -21.641  12.686  45.906 0.0000000000
97187  -20.088  13.065  44.951 0.0000000000
97188  -20.285  12.938  45.086 0.0000000000
97887  -29.015  13.717  55.620 0.0000000000
97888  -29.601  13.296  55.403 0.0000000000
97892  -27.915  13.967  54.805 0.0000000000
97893  -28.502  13.654  55.350 0.0000000000
97899  -27.162  13.733  54.106 0.0000000000
97907  -26.000  13.713  52.102 0.0000000000
97908  -26.727  13.494  52.896 0.0000000000
97909  -26.988  13.459  53.513 0.0000000000
97918  -25.512  13.458  51.099 0.0000000000
97925  -24.649  13.669  49.863 0.0000000000
97926  -25.091  13.264  50.456 0.0000000000
97934  -24.292  13.655  49.156 0.0000000000
97939  -23.632  13.736  48.080 0.0000000000
97940  -24.071  13.216  48.594 0.0000000000
97946  -22.675  13.886  46.969 0.0000000000
97947  -23.104  13.285  47.523 0.0000000000
97958  -18.171  13.604  45.788 0.0000000000
97959  -18.581  13.126  45.770 0.0000000000
97960  -22.148  13.498  46.315 0.0000000000
97973  -18.417  13.915  45.167 0.0000000000
97974  -18.873  13.472  45.128 0.0000000000
97975  -19.415  13.088  45.152 0.0000000000
97976  -20.862  13.307  45.109 0.0000000000
97977  -21.240  13.455  45.304 0.0000000000
97978  -21.685  13.158  45.826 0.0000000000
97988  -19.256  13.938  44.531 0.0000000000
97989  -19.732  13.486  44.711 0.0000000000
97990  -20.518  13.450  44.872 0.0000000000
97991  -20.938  13.580  45.029 0.0000000000
98635  -29.176  14.428  55.528 0.0000000000
98642  -27.950  15.327  54.955 0.0000000000
98643  -28.700  14.801  55.406 0.0000000000
98650  -27.327  14.743  54.322 0.0000000000
98656  -25.998  15.090  52.310 0.0000000000
98657  -26.586  14.566  52.886 0.0000000000
98658  -26.933  14.200  53.561 0.0000000000
98666  -25.558  14.582  51.421 0.0000000000
98672  -24.713  14.868  50.065 0.0000000000
98673  -25.123  14.188  50.606 0.0000000000
98679  -24.353  14.514  49.338 0.0000000000
98690  -23.609  14.764  48.190 0.0000000000
98691  -24.023  14.178  48.682 0.0000000000
98703  -22.742  14.956  47.072 0.0000000000
98704  -23.172  14.332  47.591 0.0000000000
98716  -22.366  14.538  46.313 0.0000000000
98724  -18.149  14.550  44.913 0.0000000000
98725  -18.552  14.103  44.843 0.0000000000
98726  -21.405  13.983  45.214 0.0000000000
98727  -21.765  14.107  45.585 0.0000000000
98733  -18.396  14.943  44.285 0.0000000000
98734  -18.853  14.558  44.200 0.0000000000
98735  -19.621  14.332  44.174 0.0000000000
98736  -20.382  14.489  44.203 0.0000000000
98737  -21.110  14.143  44.831 0.0000000000
98738  -21.462  14.261  45.170 0.0000000000
98745  -19.180  15.100  43.601 0.0000000000
98746  -19.568  14.904  43.707 0.0000000000
98747  -19.974  14.732  43.794 0.0000000000
99369  -26.662  15.702  52.979 0.0000000000
99370  -26.921  15.216  53.680 0.0000000000
99378  -25.623  15.788  51.638 0.0000000000
99387  -24.692  16.011  50.271 0.0000000000
99388  -25.164  15.316  50.819 0.0000000000
99400  -24.353  15.568  49.499 0.0000000000
99413  -23.522  15.782  48.347 0.0000000000
99414  -24.049  15.177  48.774 0.0000000000
99420  -22.798  16.013  47.213 0.0000000000
99421  -23.167  15.374  47.720 0.0000000000
99427  -22.509  15.628  46.408 0.0000000000
99435  -22.106  15.212  45.617 0.0000000000
99441  -18.078  15.538  44.038 0.0000000000
99442  -18.525  15.155  43.967 0.0000000000
99443  -20.648  15.181  43.861 0.0000000000
99444  -21.121  15.322  44.230 0.0000000000
99445  -21.554  14.821  45.050 0.0000000000
99451  -18.316  15.941  43.431 0.0000000000
99452  -18.805  15.618  43.338 0.0000000000
99453  -19.547  15.435  43.255 0.0000000000
99454  -20.280  15.455  43.411 0.0000000000
99455  -20.770  15.525  43.712 0.0000000000
99460  -19.130  16.186  42.713 0.0000000000
99461  -19.536  15.981  42.775 0.0000000000
99462  -19.937  15.757  42.905 0.0000000000
100154  -24.696  17.232  50.437 0.0000000000
100155  -25.204  16.539  51.033 0.0000000000
100163  -23.748  17.257  49.186 0.0000000000
100164  -24.280  16.674  49.676 0.0000000000
100171  -23.362  16.786  48.564 0.0000000000
100172  -23.947  16.217  48.945 0.0000000000
100178  -22.733  17.030  47.457 0.0000000000
100179  -23.019  16.376  47.950 0.0000000000
100186  -22.542  16.718  46.608 0.0000000000
100192  -22.248  16.354  45.680 0.0000000000
100198  -21.545  16.477  44.141 0.0000000000
100199  -21.776  15.888  44.889 0.0000000000
100203  -18.021  16.538  43.252 0.0000000000
100204  -18.452  16.154  43.165 0.0000000000
100205  -20.598  16.115  43.025 0.0000000000
100206  -20.994  16.187  43.417 0.0000000000
100212  -18.281  16.991  42.601 0.0000000000
100213  -18.710  16.568  42.641 0.0000000000
100214  -19.509  16.722  42.230 0.0000000000
100215  -20.304  16.452  42.511 0.0000000000
100216  -20.755  16.441  42.878 0.0000000000
100223  -19.843  17.146  41.805 0.0000000000
100224  -20.023  16.888  41.987 0.0000000000
100916  -23.638  18.319  49.368 0.0000000000
100917  -24.189  17.832  49.836 0.0000000000
100923  -23.186  17.780  48.803 0.0000000000
100929  -22.600  17.968  47.787 0.0000000000
100930  -22.895  17.336  48.183 0.0000000000
100937  -22.555  17.766  46.927 0.0000000000
100943  -22.338  17.514  45.929 0.0000000000
100949  -21.714  17.087  44.124 0.0000000000
100950  -21.887  17.183  44.761 0.0000000000
100955  -21.579  17.258  43.578 0.0000000000
100956  -21.790  17.432  44.078 0.0000000000
100963  -18.600  17.503  41.993 0.0000000000
100964  -19.063  17.083  42.067 0.0000000000
100965  -20.669  17.120  42.209 0.0000000000
100966  -21.088  17.086  42.639 0.0000000000
100976  -18.879  17.870  41.398 0.0000000000
100977  -19.452  17.615  41.464 0.0000000000
100978  -20.378  17.491  41.675 0.0000000000
100979  -20.915  17.450  42.054 0.0000000000
100989  -19.796  17.970  40.854 0.0000000000
100990  -20.001  17.751  41.099 0.0000000000
101627  -23.628  19.071  49.519 0.0000000000
101635  -22.898  19.076  48.505 0.0000000000
101636  -23.162  18.959  48.894 0.0000000000
101642  -22.717  18.846  48.195 0.0000000000
101643  -22.836  18.162  48.397 0.0000000000
101647  -22.552  18.741  47.356 0.0000000000
101652  -22.439  18.609  46.388 0.0000000000
101657  -22.200  18.426  45.267 0.0000000000
101663  -21.726  17.777  43.482 0.0000000000
101664  -21.913  18.196  43.908 0.0000000000
101677  -21.626  17.886  43.012 0.0000000000
101678  -21.933  18.783  42.719 0.0000000000
101695  -19.037  18.075  41.079 0.0000000000
101696  -20.818  18.116  41.226 0.0000000000
101697  -21.402  18.249  41.862 0.0000000000
101698  -21.784  18.766  42.129 0.0000000000
101710  -19.387  18.548  40.444 0.0000000000
101711  -20.358  18.238  40.658 0.0000000000
101712  -21.153  18.534  40.785 0.0000000000
101725  -20.319  18.897  39.529 0.0000000000
101726  -21.035  18.719  39.806 0.0000000000
102360  -22.880  19.461  48.454 0.0000000000
102361  -23.185  20.098  48.981 0.0000000000
102366  -22.646  19.612  47.834 0.0000000000
102371  -22.580  19.631  46.941 0.0000000000
102377  -22.472  19.521  45.880 0.0000000000
102384  -22.258  19.453  44.746 0.0000000000
102397  -22.215  19.522  43.630 0.0000000000
102414  -22.333  19.663  42.764 0.0000000000
102428  -21.685  18.807  41.609 0.0000000000
102429  -21.977  19.282  41.856 0.0000000000
102438  -21.662  18.909  41.159 0.0000000000
102439  -22.195  19.500  40.790 0.0000000000
102451  -21.691  19.040  40.162 0.0000000000
103072  -22.852  20.204  48.336 0.0000000000
103073  -23.133  21.046  48.686 0.0000000000
103077  -22.760  20.724  47.648 0.0000000000
103078  -23.075  21.374  48.143 0.0000000000
103082  -22.708  20.491  46.493 0.0000000000
103086  -22.613  20.426  45.436 0.0000000000
103099  -22.553  20.435  44.353 0.0000000000
103113  -22.669  20.406  43.316 0.0000000000
103128  -22.645  20.382  42.325 0.0000000000
103129  -22.978  20.795  41.812 0.0000000000
103138  -22.605  20.174  41.392 0.0000000000
103139  -23.174  20.800  41.114 0.0000000000
103148  -22.778  20.158  40.469 0.0000000000
103726  -22.940  21.265  46.927 0.0000000000
103727  -23.256  21.745  47.658 0.0000000000
103732  -22.980  21.227  46.071 0.0000000000
103733  -23.421  21.836  46.711 0.0000000000
103742  -23.039  21.204  45.052 0.0000000000
103743  -23.592  21.780  45.758 0.0000000000
103758  -23.144  21.210  43.959 0.0000000000
103759  -23.786  21.737  44.733 0.0000000000
103772  -23.184  21.079  42.884 0.0000000000
103773  -24.139  21.771  43.475 0.0000000000
103774  -25.273  21.858  43.249 0.0000000000
103789  -23.082  20.953  42.253 0.0000000000
103790  -23.685  21.304  41.991 0.0000000000
104346  -23.957  22.302  47.358 0.0000000000
104360  -24.118  22.257  46.429 0.0000000000
104361  -24.823  22.391  46.111 0.0000000000
104375  -24.313  22.157  45.477 0.0000000000
104376  -24.997  22.403  45.134 0.0000000000
104388  -24.480  22.091  44.617 0.0000000000
104389  -25.068  22.234  44.172 0.0000000000
