#!ascii label  , from subject FREESURFER vox2ras=TkReg 
541
81639  -26.654  -4.196  47.316 0.0000000000
81653  -26.526  -4.015  46.732 0.0000000000
81654  -27.183  -4.426  46.603 0.0000000000
81655  -28.283  -5.031  46.857 0.0000000000
81656  -29.316  -5.020  46.265 0.0000000000
81657  -30.189  -4.927  45.972 0.0000000000
81671  -27.392  -4.264  46.090 0.0000000000
81672  -27.884  -4.467  46.120 0.0000000000
81673  -28.685  -4.606  46.045 0.0000000000
82567  -26.548  -3.467  48.599 0.0000000000
82576  -26.321  -3.499  47.764 0.0000000000
82589  -25.924  -2.815  46.627 0.0000000000
82590  -26.120  -3.392  46.938 0.0000000000
82603  -26.017  -3.069  46.328 0.0000000000
82604  -26.506  -3.635  46.150 0.0000000000
82605  -27.055  -4.069  46.002 0.0000000000
82606  -29.903  -4.506  45.919 0.0000000000
82607  -30.521  -4.109  45.809 0.0000000000
82608  -31.468  -3.503  45.817 0.0000000000
82620  -26.843  -3.792  45.593 0.0000000000
82621  -27.450  -4.064  45.611 0.0000000000
82622  -28.329  -4.098  45.547 0.0000000000
82623  -29.525  -3.936  45.661 0.0000000000
82624  -30.652  -3.375  45.599 0.0000000000
82625  -31.297  -2.899  45.742 0.0000000000
82635  -26.997  -3.735  45.073 0.0000000000
82636  -27.715  -3.719  44.942 0.0000000000
82637  -28.618  -3.484  45.023 0.0000000000
82638  -29.383  -3.154  45.021 0.0000000000
82715  -31.100  -2.889  36.271 0.0000000000
82716  -31.669  -3.196  36.521 0.0000000000
82730  -30.873  -2.775  35.952 0.0000000000
82731  -31.297  -2.991  35.533 0.0000000000
82732  -32.212  -3.423  35.545 0.0000000000
82743  -31.287  -2.864  34.872 0.0000000000
82744  -31.821  -3.020  34.597 0.0000000000
82745  -32.826  -3.405  34.625 0.0000000000
82754  -31.935  -2.786  34.007 0.0000000000
82755  -32.477  -2.905  33.889 0.0000000000
83579  -26.720  -2.491  49.071 0.0000000000
83580  -27.083  -1.957  49.392 0.0000000000
83589  -25.966  -2.023  47.584 0.0000000000
83590  -26.177  -2.519  47.980 0.0000000000
83600  -25.876  -2.375  47.085 0.0000000000
83601  -26.076  -2.962  47.458 0.0000000000
83612  -25.782  -2.388  46.137 0.0000000000
83613  -26.029  -2.984  45.799 0.0000000000
83623  -25.807  -2.420  45.234 0.0000000000
83624  -26.397  -3.229  45.215 0.0000000000
83625  -30.067  -3.094  45.251 0.0000000000
83626  -30.792  -2.526  45.338 0.0000000000
83627  -31.473  -2.418  45.760 0.0000000000
83632  -26.179  -2.467  44.455 0.0000000000
83633  -26.966  -3.169  44.444 0.0000000000
83634  -27.952  -3.197  44.343 0.0000000000
83635  -28.826  -2.914  44.417 0.0000000000
83636  -29.855  -2.405  44.584 0.0000000000
83637  -30.569  -2.178  44.889 0.0000000000
83642  -26.636  -2.445  43.885 0.0000000000
83643  -27.397  -2.669  43.793 0.0000000000
83644  -28.195  -2.704  43.869 0.0000000000
83645  -28.890  -2.364  43.795 0.0000000000
83646  -29.482  -1.905  43.855 0.0000000000
83741  -30.051  -2.362  37.267 0.0000000000
83742  -30.680  -2.670  37.437 0.0000000000
83753  -29.950  -2.218  36.385 0.0000000000
83754  -30.597  -2.625  36.521 0.0000000000
83755  -31.079  -2.859  36.848 0.0000000000
83767  -29.817  -1.902  35.619 0.0000000000
83768  -30.555  -2.517  35.517 0.0000000000
83769  -31.020  -2.765  35.054 0.0000000000
83781  -29.749  -1.618  35.172 0.0000000000
83782  -30.191  -1.942  34.865 0.0000000000
83783  -31.090  -2.398  34.401 0.0000000000
83784  -31.661  -2.664  34.127 0.0000000000
83796  -31.329  -2.015  33.824 0.0000000000
83797  -31.898  -2.277  33.650 0.0000000000
84588  -26.985  -1.452  48.991 0.0000000000
84589  -27.340  -1.417  49.528 0.0000000000
84597  -26.085  -1.832  47.806 0.0000000000
84598  -26.429  -1.423  48.195 0.0000000000
84605  -25.934  -1.345  47.380 0.0000000000
84606  -26.220  -0.887  47.708 0.0000000000
84617  -25.691  -1.435  46.415 0.0000000000
84630  -25.584  -1.515  45.458 0.0000000000
84631  -30.867  -2.042  45.103 0.0000000000
84646  -25.645  -1.623  44.513 0.0000000000
84647  -29.944  -1.795  44.148 0.0000000000
84648  -30.657  -1.730  44.559 0.0000000000
84664  -26.023  -1.729  43.586 0.0000000000
84665  -26.851  -2.118  43.235 0.0000000000
84666  -27.942  -2.231  43.164 0.0000000000
84667  -28.889  -1.729  43.270 0.0000000000
84668  -29.849  -1.334  43.518 0.0000000000
84686  -26.391  -1.494  42.849 0.0000000000
84687  -27.159  -1.627  42.614 0.0000000000
84688  -28.140  -1.500  42.586 0.0000000000
84689  -29.060  -1.198  42.780 0.0000000000
84690  -29.541  -0.996  42.948 0.0000000000
84739  -29.067  -1.594  38.541 0.0000000000
84740  -29.513  -2.089  37.985 0.0000000000
84753  -28.830  -1.634  37.308 0.0000000000
84754  -29.483  -2.064  37.059 0.0000000000
84763  -28.702  -1.202  36.272 0.0000000000
84764  -29.299  -1.755  36.343 0.0000000000
84771  -28.769  -0.854  35.736 0.0000000000
84772  -29.268  -1.260  35.485 0.0000000000
84780  -29.794  -1.297  34.758 0.0000000000
84781  -30.601  -1.383  34.150 0.0000000000
84782  -31.073  -1.823  33.946 0.0000000000
84788  -30.929  -0.970  33.722 0.0000000000
84789  -31.409  -1.373  33.584 0.0000000000
84790  -32.536  -1.287  33.099 0.0000000000
85599  -27.307  -0.942  49.115 0.0000000000
85600  -27.609  -0.354  49.489 0.0000000000
85607  -27.054  -0.415  48.634 0.0000000000
85608  -27.427  0.127  48.941 0.0000000000
85611  -26.126  -0.372  47.336 0.0000000000
85612  -26.504  -0.388  47.878 0.0000000000
85617  -25.802  -0.431  46.637 0.0000000000
85623  -25.557  -0.513  45.727 0.0000000000
85629  -25.445  -0.612  44.747 0.0000000000
85636  -25.471  -0.752  43.752 0.0000000000
85637  -29.789  -0.915  43.045 0.0000000000
85648  -25.755  -0.813  42.729 0.0000000000
85649  -26.466  -1.071  42.234 0.0000000000
85650  -27.355  -1.096  42.026 0.0000000000
85651  -28.360  -0.927  42.114 0.0000000000
85652  -29.481  -0.799  42.454 0.0000000000
85663  -25.976  -0.531  41.982 0.0000000000
85664  -26.550  -0.578  41.555 0.0000000000
85665  -27.547  -0.724  41.388 0.0000000000
85666  -28.585  -0.696  41.428 0.0000000000
85678  -26.778  -0.306  40.763 0.0000000000
85679  -27.696  -0.606  40.596 0.0000000000
85680  -28.740  -0.774  40.501 0.0000000000
85689  -26.884  -0.209  39.844 0.0000000000
85690  -27.759  -0.637  39.666 0.0000000000
85691  -28.859  -1.186  39.343 0.0000000000
85698  -26.998  -0.257  39.091 0.0000000000
85699  -27.556  -0.553  38.575 0.0000000000
85700  -28.261  -1.116  38.030 0.0000000000
85712  -27.552  -0.395  37.432 0.0000000000
85713  -28.170  -0.884  36.923 0.0000000000
85725  -27.795  -0.175  36.613 0.0000000000
85726  -28.334  -0.429  35.997 0.0000000000
85732  -28.940  -0.417  35.282 0.0000000000
85733  -29.411  -0.766  34.889 0.0000000000
85740  -29.375  -0.227  34.770 0.0000000000
85741  -29.927  -0.501  34.352 0.0000000000
85742  -30.674  -0.486  33.912 0.0000000000
85749  -31.247  -0.510  33.612 0.0000000000
85750  -31.916  -0.469  33.280 0.0000000000
85751  -32.652  -0.298  32.945 0.0000000000
86541  -27.275  0.658  48.596 0.0000000000
86542  -27.633  0.701  49.175 0.0000000000
86546  -26.401  0.258  47.476 0.0000000000
86547  -26.825  0.568  47.950 0.0000000000
86550  -26.054  0.581  46.886 0.0000000000
86551  -26.504  0.933  47.359 0.0000000000
86555  -25.666  0.514  46.019 0.0000000000
86558  -25.381  0.441  45.078 0.0000000000
86561  -24.861  0.776  43.303 0.0000000000
86562  -25.137  0.349  44.024 0.0000000000
86565  -24.795  0.829  42.533 0.0000000000
86566  -25.173  0.056  43.024 0.0000000000
86568  -24.811  1.059  41.627 0.0000000000
86569  -25.427  0.141  41.906 0.0000000000
86570  -25.928  -0.267  41.597 0.0000000000
86576  -24.766  1.331  41.043 0.0000000000
86577  -25.266  0.841  40.745 0.0000000000
86578  -26.002  0.042  41.114 0.0000000000
86586  -25.586  1.041  39.726 0.0000000000
86587  -26.141  0.357  40.171 0.0000000000
86593  -25.698  1.387  39.070 0.0000000000
86594  -26.302  0.625  38.835 0.0000000000
86595  -26.895  -0.052  38.585 0.0000000000
86606  -26.593  1.033  37.588 0.0000000000
86607  -26.935  0.161  37.919 0.0000000000
86622  -26.791  1.293  37.003 0.0000000000
86623  -27.232  0.674  36.728 0.0000000000
86624  -27.942  0.296  36.106 0.0000000000
86634  -27.914  0.937  35.921 0.0000000000
86635  -28.592  0.535  35.383 0.0000000000
86636  -29.246  0.707  34.907 0.0000000000
86643  -29.127  0.197  34.943 0.0000000000
86644  -29.657  0.386  34.578 0.0000000000
86645  -30.517  0.432  34.180 0.0000000000
86646  -31.355  0.737  34.081 0.0000000000
86647  -31.903  0.808  33.872 0.0000000000
86654  -31.066  0.084  33.837 0.0000000000
86655  -31.621  0.195  33.651 0.0000000000
86656  -32.320  0.488  33.360 0.0000000000
86663  -33.049  0.561  32.822 0.0000000000
87463  -28.030  1.367  49.349 0.0000000000
87469  -27.157  1.316  48.184 0.0000000000
87470  -27.656  1.674  48.676 0.0000000000
87471  -28.239  1.988  49.138 0.0000000000
87475  -26.812  1.671  47.625 0.0000000000
87476  -27.243  2.007  48.086 0.0000000000
87480  -25.785  1.534  46.323 0.0000000000
87481  -26.293  1.634  46.981 0.0000000000
87485  -25.434  1.474  45.470 0.0000000000
87490  -24.723  1.808  43.877 0.0000000000
87491  -25.053  1.445  44.512 0.0000000000
87494  -24.594  1.569  43.166 0.0000000000
87495  -24.879  1.189  43.774 0.0000000000
87498  -24.500  1.668  42.238 0.0000000000
87501  -24.515  1.793  41.393 0.0000000000
87504  -24.729  1.796  40.490 0.0000000000
87505  -25.164  1.370  40.116 0.0000000000
87511  -24.779  2.261  39.974 0.0000000000
87512  -25.154  1.880  39.550 0.0000000000
87518  -25.594  2.010  38.672 0.0000000000
87519  -25.856  1.421  38.612 0.0000000000
87527  -25.737  2.286  38.221 0.0000000000
87528  -25.964  1.753  37.976 0.0000000000
87540  -26.512  1.811  37.199 0.0000000000
87541  -27.014  1.750  36.653 0.0000000000
87552  -27.624  1.652  36.087 0.0000000000
87553  -28.418  1.572  35.553 0.0000000000
87554  -29.388  1.450  35.025 0.0000000000
87555  -30.419  1.800  34.985 0.0000000000
87556  -31.003  1.947  35.187 0.0000000000
87562  -29.581  0.922  34.755 0.0000000000
87563  -30.094  1.126  34.590 0.0000000000
87564  -31.116  1.458  34.716 0.0000000000
87565  -31.888  1.329  34.366 0.0000000000
87572  -32.285  1.356  33.763 0.0000000000
87578  -32.807  1.368  33.145 0.0000000000
88378  -27.640  2.645  48.158 0.0000000000
88379  -28.150  2.624  48.688 0.0000000000
88383  -26.616  2.561  47.108 0.0000000000
88384  -27.130  2.644  47.652 0.0000000000
88389  -25.592  2.465  45.828 0.0000000000
88390  -26.057  2.511  46.533 0.0000000000
88395  -25.196  2.440  45.010 0.0000000000
88401  -24.624  2.435  43.537 0.0000000000
88402  -24.805  2.439  44.262 0.0000000000
88406  -24.497  2.437  42.764 0.0000000000
88410  -24.362  2.496  41.944 0.0000000000
88414  -24.431  2.590  41.092 0.0000000000
88417  -24.624  2.719  40.323 0.0000000000
88420  -24.903  2.758  39.674 0.0000000000
88421  -25.320  2.738  39.024 0.0000000000
88426  -25.662  2.737  38.421 0.0000000000
88432  -25.905  2.688  37.938 0.0000000000
88433  -26.314  2.591  37.446 0.0000000000
88443  -26.848  2.577  36.927 0.0000000000
88444  -27.456  2.542  36.392 0.0000000000
88445  -31.908  2.890  35.863 0.0000000000
88446  -32.136  2.899  35.645 0.0000000000
88459  -28.164  2.427  35.841 0.0000000000
88460  -29.042  2.363  35.445 0.0000000000
88461  -30.009  2.340  35.280 0.0000000000
88462  -30.815  2.294  35.408 0.0000000000
88463  -31.538  2.416  35.403 0.0000000000
88464  -32.194  2.645  35.071 0.0000000000
88471  -31.885  1.919  34.859 0.0000000000
88472  -32.339  2.184  34.276 0.0000000000
88478  -32.641  2.036  33.527 0.0000000000
88486  -33.052  2.288  32.900 0.0000000000
89283  -27.983  3.473  48.299 0.0000000000
89284  -28.405  3.453  48.932 0.0000000000
89287  -26.968  3.456  47.188 0.0000000000
89288  -27.492  3.479  47.730 0.0000000000
89291  -25.828  3.400  46.114 0.0000000000
89292  -26.423  3.416  46.643 0.0000000000
89296  -25.487  3.383  45.334 0.0000000000
89302  -24.699  3.069  43.877 0.0000000000
89303  -25.078  3.397  44.460 0.0000000000
89309  -24.681  3.256  43.167 0.0000000000
89310  -24.865  3.687  43.724 0.0000000000
89314  -24.510  3.190  42.445 0.0000000000
89317  -24.430  3.329  41.679 0.0000000000
89319  -24.529  3.471  40.810 0.0000000000
89322  -24.775  3.484  40.026 0.0000000000
89323  -25.193  3.510  39.410 0.0000000000
89326  -25.724  3.557  38.650 0.0000000000
89327  -26.121  3.989  38.411 0.0000000000
89328  -33.290  3.679  37.568 0.0000000000
89329  -33.759  3.612  37.928 0.0000000000
89330  -34.093  3.714  38.155 0.0000000000
89335  -25.866  3.153  38.164 0.0000000000
89336  -26.378  3.579  37.823 0.0000000000
89337  -26.971  4.042  37.524 0.0000000000
89338  -32.149  3.363  36.639 0.0000000000
89339  -32.803  3.475  37.009 0.0000000000
89340  -33.747  3.633  37.327 0.0000000000
89341  -34.166  3.704  37.877 0.0000000000
89350  -26.687  3.105  37.244 0.0000000000
89351  -27.324  3.626  36.941 0.0000000000
89352  -28.401  3.728  36.424 0.0000000000
89353  -29.393  3.700  36.153 0.0000000000
89354  -30.404  3.508  36.068 0.0000000000
89355  -31.473  3.177  36.120 0.0000000000
89356  -32.350  3.252  36.205 0.0000000000
89357  -33.269  3.757  36.424 0.0000000000
89371  -27.969  3.137  36.207 0.0000000000
89372  -28.748  3.118  35.873 0.0000000000
89373  -29.703  3.031  35.673 0.0000000000
89374  -30.621  2.839  35.677 0.0000000000
89375  -31.140  2.658  35.666 0.0000000000
89376  -32.589  3.525  35.522 0.0000000000
89377  -33.097  3.946  35.833 0.0000000000
89386  -32.519  3.262  34.528 0.0000000000
89395  -32.784  3.062  33.561 0.0000000000
90177  -27.703  4.364  47.970 0.0000000000
90178  -28.178  4.332  48.603 0.0000000000
90181  -26.724  4.311  46.749 0.0000000000
90182  -27.268  4.331  47.319 0.0000000000
90184  -25.768  4.239  45.657 0.0000000000
90185  -26.168  4.260  46.244 0.0000000000
90187  -25.479  4.304  44.852 0.0000000000
90190  -25.138  4.353  43.986 0.0000000000
90195  -24.679  3.656  42.737 0.0000000000
90196  -24.895  4.249  43.005 0.0000000000
90200  -24.603  3.893  42.273 0.0000000000
90201  -24.828  4.545  42.187 0.0000000000
90205  -24.635  4.229  41.453 0.0000000000
90206  -24.937  4.901  41.707 0.0000000000
90207  -36.335  4.949  40.786 0.0000000000
90208  -36.689  4.991  40.801 0.0000000000
90209  -37.143  5.106  40.857 0.0000000000
90212  -24.869  4.343  40.389 0.0000000000
90213  -25.321  4.775  40.219 0.0000000000
90214  -34.688  4.567  39.604 0.0000000000
90215  -35.332  4.650  39.925 0.0000000000
90216  -36.205  4.760  40.315 0.0000000000
90217  -36.972  4.940  40.372 0.0000000000
90218  -37.312  5.188  40.680 0.0000000000
90220  -25.045  3.984  39.782 0.0000000000
90221  -25.649  4.442  39.498 0.0000000000
90222  -26.308  4.841  39.339 0.0000000000
90223  -32.742  4.502  38.504 0.0000000000
90224  -33.401  4.380  38.808 0.0000000000
90225  -34.222  4.265  39.115 0.0000000000
90226  -35.013  4.450  39.223 0.0000000000
90227  -35.804  4.680  39.567 0.0000000000
90228  -36.542  4.848  39.831 0.0000000000
90231  -25.981  4.158  38.755 0.0000000000
90232  -26.594  4.536  38.595 0.0000000000
90233  -27.330  4.906  38.436 0.0000000000
90234  -31.504  4.505  37.631 0.0000000000
90235  -32.274  4.369  37.917 0.0000000000
90236  -33.193  3.994  38.080 0.0000000000
90237  -33.879  3.848  38.455 0.0000000000
90238  -34.507  4.142  38.409 0.0000000000
90239  -35.449  4.676  38.870 0.0000000000
90240  -36.166  4.883  39.350 0.0000000000
90242  -26.838  4.205  37.880 0.0000000000
90243  -27.546  4.578  37.690 0.0000000000
90244  -28.695  4.844  37.326 0.0000000000
90245  -29.774  4.812  37.149 0.0000000000
90246  -30.829  4.440  37.194 0.0000000000
90247  -31.833  3.751  37.148 0.0000000000
90248  -32.715  3.809  37.537 0.0000000000
90249  -34.057  3.917  36.888 0.0000000000
90250  -34.484  4.194  37.568 0.0000000000
90251  -34.937  4.621  38.241 0.0000000000
90259  -27.600  4.209  37.144 0.0000000000
90260  -28.046  4.328  36.918 0.0000000000
90261  -29.048  4.349  36.662 0.0000000000
90262  -30.102  4.218  36.522 0.0000000000
90263  -30.963  3.833  36.592 0.0000000000
90264  -33.810  4.421  36.529 0.0000000000
90265  -34.239  4.471  36.973 0.0000000000
90278  -32.944  4.374  35.441 0.0000000000
90279  -33.370  4.422  35.979 0.0000000000
90290  -32.601  4.247  34.772 0.0000000000
90298  -32.534  4.187  33.911 0.0000000000
90305  -32.861  4.269  33.006 0.0000000000
91074  -27.940  5.237  48.267 0.0000000000
91081  -26.941  5.052  46.969 0.0000000000
91082  -27.418  5.353  47.560 0.0000000000
91088  -25.951  4.797  45.929 0.0000000000
91089  -26.357  5.363  46.250 0.0000000000
91095  -25.810  5.239  45.340 0.0000000000
91096  -26.098  5.765  45.658 0.0000000000
91103  -25.471  5.192  44.316 0.0000000000
91104  -33.718  6.341  44.746 0.0000000000
91107  -36.600  6.163  44.573 0.0000000000
91108  -37.474  6.084  44.276 0.0000000000
91109  -38.248  6.078  43.972 0.0000000000
91113  -25.313  5.127  43.402 0.0000000000
91114  -32.677  6.129  43.819 0.0000000000
91115  -33.391  6.168  44.074 0.0000000000
91116  -34.582  6.232  43.882 0.0000000000
91117  -35.743  6.188  43.643 0.0000000000
91118  -36.753  5.998  43.409 0.0000000000
91119  -37.587  5.832  43.194 0.0000000000
91120  -38.329  5.894  42.938 0.0000000000
91124  -25.309  5.258  42.410 0.0000000000
91125  -25.835  5.722  41.915 0.0000000000
91126  -31.753  6.231  42.792 0.0000000000
91127  -32.461  6.167  43.071 0.0000000000
91128  -33.663  6.039  42.841 0.0000000000
91129  -34.875  5.986  42.607 0.0000000000
91130  -35.993  5.837  42.406 0.0000000000
91131  -36.911  5.621  42.293 0.0000000000
91132  -37.659  5.632  42.149 0.0000000000
91133  -38.332  5.820  41.945 0.0000000000
91136  -24.889  4.834  41.098 0.0000000000
91137  -25.366  5.342  41.339 0.0000000000
91138  -26.212  5.789  41.251 0.0000000000
91139  -27.109  6.114  41.015 0.0000000000
91140  -28.043  6.220  40.886 0.0000000000
91141  -28.735  6.247  40.768 0.0000000000
91142  -30.735  6.188  41.687 0.0000000000
91143  -31.522  6.122  41.978 0.0000000000
91144  -32.802  5.881  41.759 0.0000000000
91145  -34.055  5.652  41.550 0.0000000000
91146  -35.244  5.512  41.405 0.0000000000
91147  -36.269  5.257  41.263 0.0000000000
91148  -37.071  5.285  41.398 0.0000000000
91149  -37.666  5.356  41.199 0.0000000000
91150  -38.341  5.708  41.094 0.0000000000
91153  -25.163  4.977  40.656 0.0000000000
91154  -25.723  5.234  40.400 0.0000000000
91155  -26.569  5.590  40.350 0.0000000000
91156  -27.421  5.844  40.215 0.0000000000
91157  -28.302  6.061  40.164 0.0000000000
91158  -29.260  6.168  40.367 0.0000000000
91159  -30.507  6.053  40.822 0.0000000000
91160  -31.934  5.694  40.643 0.0000000000
91161  -33.253  5.376  40.495 0.0000000000
91162  -34.536  5.029  40.303 0.0000000000
91163  -35.633  4.980  40.626 0.0000000000
91164  -36.095  4.940  40.745 0.0000000000
91165  -37.042  5.069  39.974 0.0000000000
91166  -37.534  5.519  40.377 0.0000000000
91167  -38.209  5.870  40.684 0.0000000000
91170  -26.181  5.129  39.780 0.0000000000
91171  -26.853  5.261  39.506 0.0000000000
91172  -27.745  5.578  39.473 0.0000000000
91173  -28.692  5.791  39.453 0.0000000000
91174  -29.808  5.801  39.566 0.0000000000
91175  -31.066  5.555  39.535 0.0000000000
91176  -32.486  5.043  39.279 0.0000000000
91177  -33.702  4.745  39.592 0.0000000000
91178  -34.292  4.605  39.628 0.0000000000
91179  -36.792  5.362  39.599 0.0000000000
91180  -37.269  5.778  39.843 0.0000000000
91183  -27.277  5.145  38.907 0.0000000000
91184  -28.000  5.304  38.625 0.0000000000
91185  -29.104  5.470  38.689 0.0000000000
91186  -30.218  5.410  38.619 0.0000000000
91187  -31.434  5.025  38.333 0.0000000000
91188  -32.240  4.743  38.504 0.0000000000
91189  -35.456  5.206  38.426 0.0000000000
91190  -36.097  5.257  38.933 0.0000000000
91192  -28.530  5.143  38.015 0.0000000000
91193  -29.451  5.193  37.907 0.0000000000
91194  -30.467  5.037  37.778 0.0000000000
91195  -31.061  4.779  37.719 0.0000000000
91196  -34.480  5.104  37.285 0.0000000000
91197  -34.919  5.118  37.873 0.0000000000
91202  -33.577  5.202  36.213 0.0000000000
91203  -34.051  5.176  36.743 0.0000000000
91213  -32.702  5.157  35.002 0.0000000000
91214  -33.167  5.198  35.598 0.0000000000
91224  -32.410  5.131  34.269 0.0000000000
91984  -27.004  5.890  46.881 0.0000000000
91985  -27.447  6.394  47.372 0.0000000000
91996  -26.773  6.414  46.272 0.0000000000
91997  -27.201  6.685  46.761 0.0000000000
92009  -26.019  6.042  45.249 0.0000000000
92010  -26.386  6.323  45.675 0.0000000000
92019  -25.833  6.043  44.555 0.0000000000
92020  -26.337  6.613  44.881 0.0000000000
92021  -31.914  6.402  44.130 0.0000000000
92022  -32.531  6.419  44.423 0.0000000000
92023  -33.277  6.352  44.680 0.0000000000
92030  -25.697  5.895  43.619 0.0000000000
92031  -26.481  6.750  43.796 0.0000000000
92032  -27.137  7.186  43.498 0.0000000000
92033  -30.078  6.706  42.950 0.0000000000
92034  -30.700  6.595  43.245 0.0000000000
92035  -31.513  6.419  43.606 0.0000000000
92036  -32.238  6.217  43.790 0.0000000000
92037  -32.797  6.188  44.156 0.0000000000
92044  -25.575  5.640  43.019 0.0000000000
92045  -26.077  6.160  42.635 0.0000000000
92046  -27.315  6.928  42.740 0.0000000000
92047  -28.530  6.852  42.335 0.0000000000
92048  -29.580  6.650  42.422 0.0000000000
92049  -30.440  6.480  42.544 0.0000000000
92050  -31.223  6.297  42.803 0.0000000000
92051  -31.839  6.260  43.228 0.0000000000
92057  -26.236  5.976  41.926 0.0000000000
92058  -26.780  6.267  41.871 0.0000000000
92059  -27.777  6.516  41.693 0.0000000000
92060  -28.939  6.407  41.485 0.0000000000
92061  -30.100  6.346  41.739 0.0000000000
92062  -30.804  6.253  42.164 0.0000000000
92067  -29.131  6.275  40.928 0.0000000000
92068  -29.592  6.283  41.067 0.0000000000
92069  -38.107  6.107  40.441 0.0000000000
92074  -37.005  6.206  39.503 0.0000000000
92075  -37.650  6.362  39.959 0.0000000000
92079  -35.860  6.021  38.573 0.0000000000
92080  -36.431  6.079  39.083 0.0000000000
92083  -34.764  6.012  37.554 0.0000000000
92084  -35.304  6.004  38.077 0.0000000000
92087  -33.873  6.064  36.391 0.0000000000
92088  -34.319  6.034  36.965 0.0000000000
92908  -26.763  6.767  45.849 0.0000000000
92909  -27.167  7.271  46.071 0.0000000000
92922  -26.742  6.997  45.384 0.0000000000
92923  -27.225  7.500  45.182 0.0000000000
92937  -26.861  7.194  44.614 0.0000000000
92938  -27.551  7.619  44.502 0.0000000000
92939  -28.392  7.796  44.267 0.0000000000
92940  -29.376  7.795  44.275 0.0000000000
92941  -30.583  7.665  44.703 0.0000000000
92948  -27.120  7.317  43.981 0.0000000000
92949  -27.801  7.419  43.622 0.0000000000
92950  -28.849  7.468  43.571 0.0000000000
92951  -29.951  7.133  43.559 0.0000000000
92952  -31.010  6.819  43.991 0.0000000000
92953  -31.556  6.566  44.105 0.0000000000
92960  -28.337  7.232  42.989 0.0000000000
92961  -29.186  7.086  42.932 0.0000000000
92962  -29.708  6.871  42.964 0.0000000000
92976  -36.733  6.657  39.104 0.0000000000
92977  -37.223  7.248  39.304 0.0000000000
92981  -35.714  6.580  38.156 0.0000000000
92982  -36.332  7.159  38.454 0.0000000000
92983  -36.918  7.782  38.787 0.0000000000
92985  -34.657  6.623  37.141 0.0000000000
92986  -35.292  7.184  37.526 0.0000000000
92987  -35.937  7.673  37.841 0.0000000000
93805  -27.807  8.084  46.304 0.0000000000
93818  -27.629  7.905  45.505 0.0000000000
93819  -28.309  8.331  45.568 0.0000000000
93835  -27.598  7.774  45.025 0.0000000000
93836  -28.021  8.014  44.924 0.0000000000
93837  -28.794  8.295  44.822 0.0000000000
93838  -29.638  8.239  44.910 0.0000000000
93875  -36.761  8.253  38.415 0.0000000000
93880  -36.295  8.251  37.885 0.0000000000
