#!ascii label  , from subject FREESURFER vox2ras=TkReg 
410
32662  -8.049  -53.385  24.758 0.0000000000
32663  -8.611  -53.442  25.018 0.0000000000
32664  -9.437  -53.397  25.121 0.0000000000
32665  -10.253  -53.406  25.160 0.0000000000
32689  -8.130  -53.283  24.222 0.0000000000
32690  -8.708  -53.379  24.439 0.0000000000
32691  -9.424  -53.523  24.571 0.0000000000
32709  -8.295  -53.091  23.808 0.0000000000
32710  -8.722  -53.161  23.859 0.0000000000
32711  -9.441  -53.306  23.777 0.0000000000
33688  -4.827  -51.824  25.328 0.0000000000
33689  -5.241  -52.221  25.447 0.0000000000
33690  -6.229  -52.692  25.375 0.0000000000
33691  -7.565  -53.136  25.221 0.0000000000
33692  -8.722  -53.071  25.373 0.0000000000
33693  -9.581  -52.878  25.402 0.0000000000
33694  -10.540  -52.742  25.266 0.0000000000
33695  -11.514  -52.735  25.152 0.0000000000
33709  -4.606  -52.127  24.796 0.0000000000
33710  -5.337  -52.894  24.839 0.0000000000
33711  -6.401  -53.256  24.747 0.0000000000
33712  -7.393  -53.297  24.498 0.0000000000
33713  -9.903  -52.520  25.235 0.0000000000
33714  -10.200  -52.245  25.094 0.0000000000
33715  -11.991  -52.358  24.898 0.0000000000
33736  -4.873  -52.528  23.739 0.0000000000
33737  -5.703  -52.993  23.862 0.0000000000
33738  -6.707  -52.995  23.861 0.0000000000
33739  -7.759  -52.921  23.717 0.0000000000
33740  -8.612  -52.782  23.387 0.0000000000
33741  -9.182  -52.931  23.344 0.0000000000
33759  -4.903  -52.369  22.996 0.0000000000
33760  -5.307  -52.505  22.803 0.0000000000
33761  -6.124  -52.627  22.931 0.0000000000
33762  -7.110  -52.386  23.069 0.0000000000
33763  -8.177  -52.287  22.883 0.0000000000
33781  -5.478  -52.284  22.179 0.0000000000
33782  -5.721  -52.398  22.378 0.0000000000
34690  -4.768  -51.288  25.053 0.0000000000
34691  -5.182  -51.381  25.393 0.0000000000
34692  -6.123  -51.544  25.475 0.0000000000
34693  -7.209  -52.197  25.366 0.0000000000
34694  -8.310  -52.517  25.380 0.0000000000
34695  -8.976  -52.679  25.411 0.0000000000
34696  -10.772  -52.153  25.051 0.0000000000
34697  -11.086  -52.356  25.104 0.0000000000
34711  -4.694  -51.256  24.398 0.0000000000
34712  -6.599  -50.978  25.190 0.0000000000
34713  -7.130  -51.285  25.145 0.0000000000
34714  -8.124  -51.607  25.111 0.0000000000
34715  -9.374  -52.024  25.067 0.0000000000
34716  -10.494  -51.653  24.737 0.0000000000
34717  -11.564  -51.783  24.727 0.0000000000
34731  -4.638  -51.680  23.696 0.0000000000
34748  -4.704  -52.014  22.912 0.0000000000
34749  -4.915  -52.201  22.502 0.0000000000
34750  -6.032  -52.355  22.305 0.0000000000
34751  -6.540  -52.084  22.300 0.0000000000
34752  -7.530  -51.843  22.205 0.0000000000
34753  -8.479  -51.812  22.082 0.0000000000
34772  -4.804  -51.705  22.035 0.0000000000
34773  -5.160  -52.069  21.843 0.0000000000
34774  -5.862  -52.098  21.676 0.0000000000
34775  -6.871  -51.673  21.347 0.0000000000
34776  -7.995  -51.477  21.263 0.0000000000
34791  -4.831  -51.525  21.073 0.0000000000
34792  -5.285  -51.790  20.777 0.0000000000
34793  -6.105  -51.769  20.443 0.0000000000
34794  -7.337  -51.378  20.054 0.0000000000
34795  -8.576  -51.370  20.333 0.0000000000
34806  -4.760  -51.417  20.075 0.0000000000
34807  -5.305  -51.655  19.690 0.0000000000
34808  -6.154  -51.564  19.274 0.0000000000
34809  -6.967  -51.324  18.853 0.0000000000
34825  -4.711  -51.368  19.176 0.0000000000
34826  -5.240  -51.458  18.587 0.0000000000
34827  -6.182  -51.395  18.155 0.0000000000
34828  -6.871  -51.267  18.277 0.0000000000
34849  -5.416  -51.247  17.876 0.0000000000
34850  -5.757  -51.133  17.602 0.0000000000
35738  -5.006  -50.407  25.219 0.0000000000
35739  -5.605  -50.533  25.303 0.0000000000
35740  -6.287  -50.477  25.182 0.0000000000
35759  -4.779  -50.287  24.547 0.0000000000
35760  -4.775  -49.847  23.873 0.0000000000
35761  -7.003  -50.454  24.843 0.0000000000
35762  -7.896  -50.617  24.652 0.0000000000
35763  -8.935  -50.792  24.495 0.0000000000
35764  -10.024  -50.799  24.314 0.0000000000
35765  -11.108  -50.690  24.315 0.0000000000
35766  -12.143  -50.629  24.294 0.0000000000
35786  -4.690  -50.609  23.569 0.0000000000
35787  -4.785  -49.706  23.253 0.0000000000
35797  -4.676  -51.142  22.519 0.0000000000
35798  -4.828  -50.087  22.481 0.0000000000
35811  -4.608  -51.119  21.394 0.0000000000
35812  -4.801  -50.439  21.548 0.0000000000
35824  -4.470  -50.982  20.439 0.0000000000
35825  -4.629  -50.660  20.870 0.0000000000
35826  -8.202  -51.273  19.713 0.0000000000
35827  -8.609  -51.351  19.757 0.0000000000
35839  -4.429  -50.862  19.444 0.0000000000
35840  -7.829  -51.238  19.114 0.0000000000
35841  -8.528  -51.338  19.276 0.0000000000
35853  -4.587  -50.794  18.298 0.0000000000
35854  -4.975  -51.181  17.940 0.0000000000
35855  -6.866  -51.145  17.871 0.0000000000
35856  -7.496  -51.183  18.255 0.0000000000
35857  -8.324  -51.240  18.494 0.0000000000
35868  -4.652  -50.366  17.617 0.0000000000
35869  -5.231  -50.681  17.268 0.0000000000
35870  -6.396  -50.850  17.331 0.0000000000
35871  -7.389  -50.877  17.474 0.0000000000
35872  -8.071  -51.048  17.785 0.0000000000
35887  -5.508  -50.146  16.582 0.0000000000
35888  -6.243  -50.235  16.368 0.0000000000
35889  -7.237  -50.516  16.630 0.0000000000
35890  -8.132  -50.842  16.983 0.0000000000
35905  -6.561  -50.030  15.839 0.0000000000
36781  -4.671  -49.181  25.152 0.0000000000
36782  -5.293  -49.483  25.424 0.0000000000
36783  -6.001  -49.577  25.349 0.0000000000
36799  -4.688  -49.087  24.118 0.0000000000
36800  -4.728  -49.427  23.666 0.0000000000
36801  -6.731  -49.567  24.842 0.0000000000
36802  -7.653  -49.602  24.504 0.0000000000
36803  -8.661  -49.701  24.204 0.0000000000
36804  -9.680  -49.725  24.002 0.0000000000
36805  -10.642  -49.557  23.979 0.0000000000
36806  -11.830  -49.664  24.054 0.0000000000
36824  -4.658  -48.683  23.630 0.0000000000
36825  -4.776  -48.987  23.351 0.0000000000
36826  -9.844  -49.459  23.883 0.0000000000
36827  -10.086  -49.401  23.861 0.0000000000
36836  -5.080  -49.164  22.569 0.0000000000
36841  -5.382  -49.420  21.462 0.0000000000
36842  -5.821  -49.000  20.850 0.0000000000
36847  -4.606  -50.547  20.440 0.0000000000
36848  -4.934  -50.074  20.612 0.0000000000
36849  -5.549  -49.328  20.451 0.0000000000
36852  -4.582  -50.347  19.908 0.0000000000
36853  -5.005  -49.542  19.689 0.0000000000
36854  -5.658  -49.035  19.805 0.0000000000
36858  -4.456  -49.940  18.904 0.0000000000
36859  -4.790  -49.153  18.942 0.0000000000
36865  -4.475  -49.760  17.799 0.0000000000
36866  -4.657  -50.048  17.189 0.0000000000
36874  -4.572  -49.330  16.934 0.0000000000
36875  -5.042  -49.799  16.559 0.0000000000
36876  -5.683  -49.815  16.154 0.0000000000
36884  -4.775  -49.097  16.196 0.0000000000
36885  -5.381  -49.271  15.678 0.0000000000
36886  -6.356  -49.762  15.485 0.0000000000
36894  -5.911  -49.208  14.803 0.0000000000
37670  -4.723  -48.146  25.297 0.0000000000
37671  -5.073  -48.452  25.606 0.0000000000
37672  -5.757  -48.630  25.502 0.0000000000
37685  -4.526  -48.061  24.654 0.0000000000
37686  -6.521  -48.668  25.138 0.0000000000
37687  -7.398  -48.627  24.679 0.0000000000
37688  -8.399  -48.651  24.303 0.0000000000
37689  -9.571  -48.741  24.000 0.0000000000
37690  -10.592  -48.512  24.036 0.0000000000
37691  -11.595  -48.575  24.106 0.0000000000
37692  -12.567  -48.782  24.393 0.0000000000
37701  -4.591  -48.090  23.638 0.0000000000
37702  -4.682  -48.511  23.352 0.0000000000
37703  -9.846  -49.210  23.860 0.0000000000
37704  -10.153  -49.061  23.861 0.0000000000
37715  -4.656  -47.696  23.103 0.0000000000
37716  -4.882  -48.219  22.830 0.0000000000
37722  -5.508  -48.422  21.967 0.0000000000
37723  -5.983  -48.516  21.162 0.0000000000
37726  -6.110  -48.642  20.324 0.0000000000
37729  -5.295  -48.842  19.244 0.0000000000
37730  -5.853  -48.466  19.485 0.0000000000
37734  -4.564  -49.061  18.285 0.0000000000
37735  -4.982  -48.412  18.593 0.0000000000
37736  -5.464  -48.377  19.027 0.0000000000
37739  -4.507  -48.640  17.470 0.0000000000
37740  -4.619  -48.463  18.051 0.0000000000
37744  -4.539  -48.528  16.489 0.0000000000
37751  -4.821  -48.469  15.362 0.0000000000
37752  -5.352  -48.874  15.082 0.0000000000
37762  -4.831  -48.069  14.174 0.0000000000
37763  -5.376  -48.688  14.423 0.0000000000
37772  -4.871  -47.857  13.100 0.0000000000
37773  -5.369  -48.612  13.334 0.0000000000
37781  -4.868  -47.684  12.115 0.0000000000
37782  -5.131  -48.603  12.241 0.0000000000
37784  -4.840  -47.545  11.581 0.0000000000
37785  -5.031  -48.245  11.187 0.0000000000
38529  -4.611  -47.480  25.174 0.0000000000
38530  -4.914  -47.487  25.598 0.0000000000
38531  -5.684  -47.540  25.638 0.0000000000
38532  -6.555  -47.186  25.407 0.0000000000
38533  -12.800  -47.226  25.084 0.0000000000
38539  -4.470  -47.119  24.732 0.0000000000
38540  -6.301  -47.948  25.382 0.0000000000
38541  -7.155  -47.661  25.008 0.0000000000
38542  -8.098  -47.711  24.615 0.0000000000
38543  -9.146  -47.670  24.337 0.0000000000
38544  -10.252  -47.679  24.292 0.0000000000
38545  -11.297  -47.644  24.348 0.0000000000
38546  -12.451  -47.549  24.664 0.0000000000
38555  -4.365  -47.199  24.021 0.0000000000
38567  -4.499  -47.180  23.263 0.0000000000
38568  -4.780  -47.272  22.706 0.0000000000
38577  -5.354  -47.463  22.178 0.0000000000
38578  -6.027  -47.623  21.516 0.0000000000
38581  -6.498  -47.801  20.738 0.0000000000
38584  -6.538  -47.933  19.784 0.0000000000
38587  -5.168  -48.024  18.381 0.0000000000
38588  -5.808  -47.884  18.720 0.0000000000
38592  -4.543  -48.157  17.437 0.0000000000
38593  -4.864  -47.866  17.833 0.0000000000
38594  -5.767  -47.421  17.927 0.0000000000
38598  -4.472  -47.996  17.016 0.0000000000
38599  -4.901  -47.504  16.852 0.0000000000
38603  -4.630  -47.627  15.993 0.0000000000
38604  -4.970  -47.229  16.300 0.0000000000
38609  -4.582  -47.555  14.903 0.0000000000
38617  -4.624  -47.285  13.883 0.0000000000
38629  -4.657  -47.087  12.829 0.0000000000
38641  -4.755  -46.941  11.776 0.0000000000
38642  -4.831  -47.364  11.238 0.0000000000
39451  -4.997  -45.840  25.976 0.0000000000
39452  -5.636  -45.877  26.191 0.0000000000
39453  -6.106  -45.791  26.237 0.0000000000
39454  -12.949  -46.290  25.943 0.0000000000
39458  -4.623  -46.461  25.324 0.0000000000
39459  -5.289  -46.636  25.908 0.0000000000
39460  -6.295  -46.354  25.892 0.0000000000
39461  -7.558  -46.491  25.280 0.0000000000
39462  -8.411  -46.102  25.170 0.0000000000
39463  -12.670  -46.773  25.254 0.0000000000
39466  -4.372  -46.300  24.321 0.0000000000
39467  -7.865  -47.114  24.882 0.0000000000
39468  -8.700  -46.682  24.791 0.0000000000
39469  -9.920  -46.807  24.610 0.0000000000
39470  -10.952  -46.882  24.657 0.0000000000
39471  -11.840  -46.887  24.660 0.0000000000
39472  -12.317  -46.879  24.858 0.0000000000
39475  -4.332  -46.328  23.418 0.0000000000
39483  -4.561  -46.462  22.737 0.0000000000
39484  -5.046  -46.556  22.270 0.0000000000
39495  -5.807  -46.626  21.763 0.0000000000
39496  -6.581  -46.812  21.120 0.0000000000
39502  -6.924  -47.046  20.267 0.0000000000
39503  -7.245  -46.466  19.807 0.0000000000
39507  -6.833  -47.182  19.315 0.0000000000
39508  -7.236  -46.413  19.009 0.0000000000
39512  -6.535  -47.043  18.399 0.0000000000
39513  -7.193  -46.342  18.098 0.0000000000
39517  -5.423  -47.370  17.322 0.0000000000
39518  -6.281  -46.936  17.396 0.0000000000
39519  -7.190  -46.268  17.093 0.0000000000
39522  -5.459  -47.068  16.658 0.0000000000
39523  -6.265  -46.628  16.391 0.0000000000
39524  -7.231  -46.189  16.098 0.0000000000
39528  -4.675  -47.171  15.317 0.0000000000
39529  -5.176  -46.765  15.702 0.0000000000
39530  -6.326  -46.258  15.445 0.0000000000
39531  -7.349  -45.969  15.238 0.0000000000
39534  -4.678  -46.801  14.674 0.0000000000
39535  -5.499  -46.142  14.528 0.0000000000
39536  -6.673  -45.903  14.621 0.0000000000
39537  -7.529  -45.791  14.585 0.0000000000
39540  -4.816  -46.432  13.560 0.0000000000
39541  -5.445  -45.894  13.571 0.0000000000
39544  -4.809  -46.413  12.458 0.0000000000
39553  -4.802  -46.283  11.737 0.0000000000
40347  -5.292  -45.249  26.223 0.0000000000
40348  -6.035  -45.218  26.367 0.0000000000
40349  -6.874  -44.998  26.301 0.0000000000
40350  -7.781  -44.877  26.209 0.0000000000
40351  -12.790  -45.510  26.571 0.0000000000
40356  -6.495  -45.599  26.153 0.0000000000
40357  -7.225  -45.608  25.887 0.0000000000
40358  -8.421  -45.418  25.587 0.0000000000
40359  -9.551  -45.294  25.357 0.0000000000
40360  -10.511  -45.367  25.255 0.0000000000
40361  -11.408  -45.498  25.237 0.0000000000
40362  -12.298  -45.700  25.488 0.0000000000
40366  -8.940  -45.828  25.046 0.0000000000
40367  -9.722  -45.959  24.885 0.0000000000
40368  -10.707  -46.093  24.892 0.0000000000
40369  -11.615  -46.186  24.888 0.0000000000
40370  -12.200  -46.435  24.966 0.0000000000
40372  -4.345  -45.337  23.655 0.0000000000
40379  -4.509  -45.393  22.646 0.0000000000
40380  -4.750  -45.989  22.357 0.0000000000
40391  -4.835  -44.867  22.189 0.0000000000
40392  -5.287  -45.511  21.987 0.0000000000
40393  -6.356  -45.758  21.359 0.0000000000
40402  -7.160  -45.946  20.613 0.0000000000
40403  -7.497  -45.670  19.692 0.0000000000
40407  -7.645  -45.629  18.826 0.0000000000
40412  -8.002  -45.467  17.861 0.0000000000
40413  -8.590  -44.963  17.778 0.0000000000
40417  -7.990  -45.661  16.675 0.0000000000
40418  -8.759  -45.186  17.097 0.0000000000
40419  -9.092  -44.997  16.824 0.0000000000
40422  -8.077  -45.716  15.731 0.0000000000
40423  -8.784  -45.474  16.170 0.0000000000
40424  -9.144  -45.113  16.408 0.0000000000
40427  -8.172  -45.738  14.904 0.0000000000
40428  -8.865  -45.621  15.292 0.0000000000
40429  -9.216  -45.235  15.626 0.0000000000
40432  -6.236  -45.722  13.838 0.0000000000
40433  -7.233  -45.691  13.966 0.0000000000
40434  -8.098  -45.675  14.141 0.0000000000
40435  -8.801  -45.529  14.432 0.0000000000
40436  -9.261  -45.269  14.770 0.0000000000
40440  -5.180  -45.911  12.812 0.0000000000
40441  -5.950  -45.623  13.007 0.0000000000
40442  -6.915  -45.571  13.192 0.0000000000
40443  -7.874  -45.552  13.379 0.0000000000
40444  -8.659  -45.427  13.598 0.0000000000
40445  -9.210  -45.212  13.868 0.0000000000
40449  -5.008  -45.895  11.985 0.0000000000
40450  -5.629  -45.568  12.179 0.0000000000
40451  -6.574  -45.457  12.364 0.0000000000
40452  -7.609  -45.418  12.604 0.0000000000
40453  -8.472  -45.341  12.836 0.0000000000
40454  -9.049  -45.155  12.963 0.0000000000
40462  -7.247  -45.230  11.808 0.0000000000
40463  -8.299  -45.195  12.130 0.0000000000
40464  -8.847  -45.163  12.437 0.0000000000
41230  -12.574  -44.600  27.167 0.0000000000
41237  -6.392  -44.352  26.490 0.0000000000
41238  -7.286  -44.258  26.548 0.0000000000
41239  -8.190  -44.180  26.548 0.0000000000
41240  -9.077  -44.063  26.386 0.0000000000
41241  -10.067  -43.998  26.262 0.0000000000
41242  -11.077  -44.091  26.133 0.0000000000
41243  -12.025  -44.542  26.259 0.0000000000
41247  -8.579  -44.653  26.135 0.0000000000
41248  -9.346  -44.674  25.885 0.0000000000
41249  -10.324  -44.697  25.738 0.0000000000
41250  -11.242  -44.836  25.653 0.0000000000
41251  -11.793  -45.112  25.632 0.0000000000
41271  -5.192  -44.340  21.878 0.0000000000
41272  -6.176  -44.574  21.413 0.0000000000
41273  -7.108  -44.305  21.038 0.0000000000
41283  -6.936  -45.066  21.041 0.0000000000
41284  -7.524  -44.719  20.325 0.0000000000
41285  -8.065  -44.359  19.850 0.0000000000
41289  -7.885  -44.957  19.474 0.0000000000
41290  -8.318  -44.344  19.214 0.0000000000
41297  -8.135  -45.020  18.792 0.0000000000
41298  -8.438  -44.521  18.316 0.0000000000
41304  -8.578  -44.545  17.465 0.0000000000
41305  -8.896  -44.824  16.981 0.0000000000
41309  -8.708  -44.505  16.837 0.0000000000
41310  -9.073  -44.815  16.572 0.0000000000
41314  -8.867  -44.555  16.268 0.0000000000
41315  -9.216  -44.812  15.862 0.0000000000
41318  -9.424  -44.915  15.111 0.0000000000
41321  -9.409  -44.863  14.253 0.0000000000
41324  -9.287  -44.770  13.250 0.0000000000
41330  -9.083  -44.749  11.902 0.0000000000
42087  -11.380  -42.938  27.249 0.0000000000
42088  -12.063  -43.320  27.390 0.0000000000
42096  -6.745  -43.526  26.708 0.0000000000
42097  -7.666  -43.513  26.813 0.0000000000
42098  -8.594  -43.465  26.763 0.0000000000
42099  -9.580  -43.346  26.697 0.0000000000
42100  -10.855  -43.162  26.835 0.0000000000
42101  -11.559  -43.746  26.622 0.0000000000
42137  -8.018  -44.085  20.245 0.0000000000
42147  -8.257  -43.595  18.812 0.0000000000
42153  -8.268  -43.836  17.934 0.0000000000
42164  -7.834  -43.685  16.831 0.0000000000
42165  -8.321  -44.011  17.191 0.0000000000
42176  -7.905  -43.859  15.980 0.0000000000
42177  -8.397  -44.178  16.453 0.0000000000
42189  -8.737  -44.336  15.509 0.0000000000
42190  -9.211  -44.671  15.310 0.0000000000
42200  -8.781  -44.044  14.429 0.0000000000
42201  -9.198  -44.552  14.734 0.0000000000
42211  -9.228  -44.376  13.795 0.0000000000
42954  -11.475  -42.162  28.463 0.0000000000
42963  -7.556  -42.275  27.324 0.0000000000
42964  -8.247  -42.258  27.450 0.0000000000
42965  -9.129  -42.283  27.562 0.0000000000
42966  -10.013  -42.273  27.635 0.0000000000
42967  -11.065  -42.454  27.650 0.0000000000
42968  -11.760  -42.589  27.957 0.0000000000
42977  -7.074  -42.709  27.060 0.0000000000
42978  -8.025  -42.853  27.103 0.0000000000
42979  -8.924  -42.831  27.118 0.0000000000
42980  -9.855  -42.747  27.168 0.0000000000
42981  -10.480  -42.649  27.303 0.0000000000
43059  -7.890  -43.522  17.515 0.0000000000
43964  -7.748  -41.177  28.152 0.0000000000
43965  -8.412  -41.184  28.417 0.0000000000
43966  -9.288  -41.271  28.764 0.0000000000
43967  -10.204  -41.475  28.922 0.0000000000
43975  -7.382  -41.571  27.702 0.0000000000
43976  -8.383  -41.686  27.861 0.0000000000
43977  -9.246  -41.751  28.058 0.0000000000
43978  -10.140  -41.802  28.200 0.0000000000
43979  -10.831  -41.826  28.420 0.0000000000
43988  -6.981  -41.996  27.339 0.0000000000
45069  -6.338  -40.725  28.656 0.0000000000
45070  -7.353  -40.705  28.773 0.0000000000
45071  -8.294  -40.734  29.118 0.0000000000
45072  -8.985  -40.854  29.413 0.0000000000
45079  -7.075  -40.951  28.203 0.0000000000
