#!ascii label  , from subject FREESURFER vox2ras=TkReg 
288
23430  -50.557  -63.225  -1.110 0.0000000000
23441  -50.087  -63.047  -1.328 0.0000000000
23442  -50.818  -63.038  -1.370 0.0000000000
24326  -51.950  -62.549  0.317 0.0000000000
24357  -52.028  -62.689  -0.278 0.0000000000
24358  -52.563  -62.504  -0.304 0.0000000000
24377  -51.370  -63.101  -0.911 0.0000000000
24378  -52.214  -62.585  -0.906 0.0000000000
24379  -52.808  -62.334  -0.635 0.0000000000
24388  -49.529  -62.678  -1.440 0.0000000000
24389  -50.435  -62.626  -1.473 0.0000000000
24390  -51.423  -62.540  -1.413 0.0000000000
24391  -52.232  -62.190  -1.352 0.0000000000
25295  -52.195  -62.137  1.066 0.0000000000
25296  -53.102  -62.051  1.125 0.0000000000
25326  -52.525  -62.406  0.333 0.0000000000
25327  -53.072  -62.228  0.038 0.0000000000
25340  -48.312  -61.642  -1.287 0.0000000000
25341  -49.248  -61.562  -1.242 0.0000000000
25342  -50.192  -61.558  -1.129 0.0000000000
25343  -51.027  -61.434  -1.158 0.0000000000
25344  -52.736  -62.207  -1.093 0.0000000000
25345  -53.296  -61.823  -0.706 0.0000000000
25353  -48.922  -62.184  -1.542 0.0000000000
25354  -49.858  -62.142  -1.411 0.0000000000
25355  -50.809  -61.990  -1.625 0.0000000000
25356  -51.791  -61.677  -1.440 0.0000000000
25357  -52.762  -61.583  -1.314 0.0000000000
25358  -53.459  -61.112  -1.148 0.0000000000
26295  -53.615  -61.551  1.540 0.0000000000
26296  -54.057  -60.962  1.497 0.0000000000
26318  -48.098  -60.432  -0.216 0.0000000000
26319  -49.028  -60.400  -0.092 0.0000000000
26320  -49.997  -60.383  0.025 0.0000000000
26321  -50.891  -60.382  0.006 0.0000000000
26322  -53.647  -61.511  0.463 0.0000000000
26323  -54.285  -60.574  0.412 0.0000000000
26338  -48.652  -61.033  -0.728 0.0000000000
26339  -49.610  -61.007  -0.633 0.0000000000
26340  -50.577  -60.976  -0.590 0.0000000000
26341  -51.661  -60.770  -0.745 0.0000000000
26342  -52.528  -60.478  -0.973 0.0000000000
26343  -53.954  -60.999  -0.574 0.0000000000
26344  -54.423  -60.091  -0.552 0.0000000000
26350  -52.402  -61.060  -1.257 0.0000000000
26351  -53.114  -60.595  -1.316 0.0000000000
26352  -53.956  -60.256  -1.251 0.0000000000
26353  -54.504  -59.552  -1.139 0.0000000000
27342  -47.100  -59.414  0.938 0.0000000000
27343  -47.961  -59.370  1.089 0.0000000000
27344  -48.858  -59.295  1.238 0.0000000000
27345  -49.678  -59.145  1.166 0.0000000000
27346  -54.625  -59.997  1.454 0.0000000000
27347  -55.201  -59.254  0.862 0.0000000000
27361  -47.590  -59.918  0.378 0.0000000000
27362  -48.478  -59.870  0.503 0.0000000000
27363  -49.414  -59.787  0.601 0.0000000000
27364  -50.447  -59.583  0.627 0.0000000000
27365  -51.567  -59.753  0.153 0.0000000000
27366  -52.299  -59.384  -0.213 0.0000000000
27367  -54.818  -59.702  0.244 0.0000000000
27368  -55.283  -58.959  0.007 0.0000000000
27380  -52.243  -60.047  -0.529 0.0000000000
27381  -52.941  -59.631  -0.898 0.0000000000
27382  -53.567  -59.172  -1.231 0.0000000000
27383  -54.962  -59.353  -0.680 0.0000000000
27384  -55.298  -58.656  -0.796 0.0000000000
27389  -53.582  -59.793  -1.281 0.0000000000
27390  -54.165  -59.128  -1.474 0.0000000000
27391  -55.007  -58.905  -1.449 0.0000000000
27392  -55.290  -58.441  -1.279 0.0000000000
28298  -46.007  -58.454  1.954 0.0000000000
28299  -46.990  -58.358  2.144 0.0000000000
28300  -47.877  -58.237  2.170 0.0000000000
28301  -48.635  -58.113  2.104 0.0000000000
28302  -48.979  -58.040  2.058 0.0000000000
28317  -46.589  -58.960  1.488 0.0000000000
28318  -47.473  -58.834  1.592 0.0000000000
28319  -48.342  -58.732  1.704 0.0000000000
28320  -49.229  -58.380  1.731 0.0000000000
28321  -50.341  -58.481  1.227 0.0000000000
28322  -51.135  -58.257  0.882 0.0000000000
28325  -55.301  -58.494  0.604 0.0000000000
28336  -51.111  -58.973  0.745 0.0000000000
28337  -51.846  -58.637  0.338 0.0000000000
28338  -52.616  -58.671  -0.373 0.0000000000
28339  -55.479  -58.193  -0.212 0.0000000000
28350  -53.225  -58.633  -0.910 0.0000000000
28351  -53.681  -58.514  -1.422 0.0000000000
28352  -55.444  -58.033  -0.985 0.0000000000
28356  -54.126  -58.332  -1.702 0.0000000000
28357  -54.694  -58.312  -1.874 0.0000000000
28358  -55.270  -58.129  -1.617 0.0000000000
29185  -42.876  -57.528  3.296 0.0000000000
29186  -43.904  -57.289  3.204 0.0000000000
29187  -45.030  -57.180  3.160 0.0000000000
29188  -46.107  -57.185  3.129 0.0000000000
29189  -46.966  -57.172  3.036 0.0000000000
29201  -44.312  -57.947  2.510 0.0000000000
29202  -45.459  -57.859  2.495 0.0000000000
29203  -46.503  -57.760  2.568 0.0000000000
29204  -47.491  -57.556  2.599 0.0000000000
29205  -48.280  -57.554  2.423 0.0000000000
29206  -49.011  -57.571  2.167 0.0000000000
29217  -49.824  -57.511  1.718 0.0000000000
29218  -50.751  -57.408  1.162 0.0000000000
29219  -51.465  -57.760  0.582 0.0000000000
29236  -51.341  -56.955  0.547 0.0000000000
29237  -52.179  -57.560  -0.183 0.0000000000
29238  -52.820  -58.118  -0.643 0.0000000000
29255  -52.504  -57.116  -0.658 0.0000000000
29256  -53.171  -57.593  -1.115 0.0000000000
29257  -53.786  -58.025  -1.600 0.0000000000
29264  -53.533  -57.111  -1.548 0.0000000000
29265  -54.125  -57.535  -1.807 0.0000000000
29266  -55.144  -57.447  -2.055 0.0000000000
29267  -55.546  -57.375  -1.308 0.0000000000
30075  -41.873  -56.503  4.289 0.0000000000
30076  -42.945  -56.223  4.330 0.0000000000
30077  -43.927  -55.968  4.214 0.0000000000
30078  -44.472  -55.834  4.189 0.0000000000
30094  -42.418  -57.046  3.826 0.0000000000
30095  -43.450  -56.750  3.806 0.0000000000
30096  -44.607  -56.332  3.839 0.0000000000
30097  -45.785  -56.389  3.638 0.0000000000
30098  -46.835  -56.447  3.375 0.0000000000
30099  -47.738  -56.596  2.920 0.0000000000
30100  -48.223  -56.202  2.743 0.0000000000
30111  -48.031  -57.100  2.666 0.0000000000
30112  -48.545  -56.670  2.537 0.0000000000
30113  -49.371  -56.664  2.124 0.0000000000
30127  -50.074  -56.556  1.570 0.0000000000
30128  -50.663  -56.408  0.920 0.0000000000
30144  -51.095  -56.224  0.437 0.0000000000
30145  -51.617  -56.504  -0.013 0.0000000000
30164  -52.101  -56.717  -0.469 0.0000000000
30165  -52.511  -56.625  -0.898 0.0000000000
30173  -53.093  -56.628  -1.329 0.0000000000
30174  -53.770  -56.605  -1.635 0.0000000000
30175  -54.652  -56.577  -1.963 0.0000000000
30931  -41.702  -55.163  5.101 0.0000000000
30932  -42.205  -55.005  5.114 0.0000000000
30952  -42.412  -55.483  4.852 0.0000000000
30953  -43.511  -55.357  4.630 0.0000000000
30954  -44.532  -55.258  4.387 0.0000000000
30955  -45.115  -54.860  4.325 0.0000000000
30969  -44.781  -55.725  4.178 0.0000000000
30970  -45.447  -55.406  4.106 0.0000000000
30971  -46.557  -55.522  3.641 0.0000000000
30972  -47.594  -55.574  3.100 0.0000000000
30973  -48.035  -55.984  2.863 0.0000000000
30983  -47.963  -55.126  2.703 0.0000000000
30984  -48.481  -55.580  2.493 0.0000000000
30985  -49.001  -56.112  2.335 0.0000000000
30998  -48.890  -55.284  2.095 0.0000000000
30999  -49.392  -55.610  1.841 0.0000000000
31000  -50.127  -55.850  1.194 0.0000000000
31015  -49.838  -55.272  0.988 0.0000000000
31016  -50.534  -55.536  0.472 0.0000000000
31017  -51.222  -55.837  0.079 0.0000000000
31039  -51.004  -55.289  -0.115 0.0000000000
31040  -51.731  -55.796  -0.565 0.0000000000
31041  -52.463  -55.929  -1.207 0.0000000000
31050  -53.108  -55.866  -1.474 0.0000000000
31051  -53.956  -55.727  -1.587 0.0000000000
31873  -42.136  -54.522  5.193 0.0000000000
31874  -42.696  -54.391  5.169 0.0000000000
31892  -42.528  -54.808  5.105 0.0000000000
31893  -43.125  -54.615  5.015 0.0000000000
31894  -44.020  -54.470  4.690 0.0000000000
31895  -44.855  -54.361  4.425 0.0000000000
31910  -45.546  -54.385  4.176 0.0000000000
31911  -46.313  -54.541  3.758 0.0000000000
31912  -47.106  -54.690  3.280 0.0000000000
31925  -47.645  -54.684  2.801 0.0000000000
31926  -48.127  -54.687  2.388 0.0000000000
31937  -48.732  -54.733  1.850 0.0000000000
31938  -49.361  -54.846  1.197 0.0000000000
31954  -48.968  -54.161  0.997 0.0000000000
31955  -49.894  -54.492  0.310 0.0000000000
31956  -50.581  -54.932  0.010 0.0000000000
31980  -50.173  -54.055  -0.313 0.0000000000
31981  -50.900  -54.466  -0.664 0.0000000000
31982  -51.962  -55.142  -1.265 0.0000000000
31983  -52.580  -55.437  -1.391 0.0000000000
31991  -51.055  -53.861  -1.380 0.0000000000
31992  -51.666  -54.181  -1.477 0.0000000000
31993  -52.857  -54.785  -1.539 0.0000000000
31994  -54.171  -54.718  -1.589 0.0000000000
32864  -41.836  -53.851  5.176 0.0000000000
32865  -42.616  -53.917  5.184 0.0000000000
32866  -43.008  -54.118  5.168 0.0000000000
32888  -42.447  -53.197  4.903 0.0000000000
32889  -43.450  -53.599  4.885 0.0000000000
32890  -44.499  -53.638  4.488 0.0000000000
32891  -45.255  -53.577  4.165 0.0000000000
32907  -45.987  -53.609  3.702 0.0000000000
32908  -46.867  -53.702  3.053 0.0000000000
32909  -47.332  -54.227  2.880 0.0000000000
32925  -47.177  -53.300  2.477 0.0000000000
32926  -47.635  -53.886  2.328 0.0000000000
32927  -48.184  -54.240  2.023 0.0000000000
32940  -47.754  -53.342  1.803 0.0000000000
32941  -48.227  -53.711  1.513 0.0000000000
32958  -48.636  -53.495  0.862 0.0000000000
32959  -49.148  -53.614  0.392 0.0000000000
32983  -49.673  -53.561  -0.237 0.0000000000
32984  -50.248  -53.726  -0.665 0.0000000000
32997  -49.942  -53.173  -0.810 0.0000000000
32998  -50.527  -53.424  -1.304 0.0000000000
32999  -51.166  -53.371  -1.928 0.0000000000
33000  -52.112  -53.478  -1.907 0.0000000000
33001  -53.335  -53.718  -1.693 0.0000000000
33012  -51.468  -52.916  -2.252 0.0000000000
33013  -51.841  -52.732  -2.218 0.0000000000
33970  -43.169  -52.351  4.340 0.0000000000
33971  -44.321  -52.826  4.311 0.0000000000
33972  -44.906  -53.117  4.171 0.0000000000
33992  -43.529  -51.821  3.797 0.0000000000
33993  -44.180  -52.064  3.826 0.0000000000
33994  -45.401  -52.541  3.512 0.0000000000
33995  -46.287  -53.064  3.216 0.0000000000
34013  -45.897  -52.035  2.706 0.0000000000
34014  -46.713  -52.544  2.396 0.0000000000
34015  -47.436  -53.122  2.087 0.0000000000
34030  -47.142  -52.144  1.600 0.0000000000
34031  -47.726  -52.660  1.310 0.0000000000
34032  -48.300  -53.165  1.030 0.0000000000
34048  -48.098  -52.274  0.585 0.0000000000
34049  -48.623  -52.806  0.426 0.0000000000
34050  -49.195  -53.144  0.041 0.0000000000
34075  -48.801  -52.241  -0.123 0.0000000000
34076  -49.297  -52.636  -0.474 0.0000000000
34093  -49.924  -52.558  -1.362 0.0000000000
34094  -50.541  -52.740  -2.004 0.0000000000
34095  -50.995  -52.738  -2.394 0.0000000000
34096  -52.581  -52.719  -1.984 0.0000000000
34097  -53.782  -52.836  -1.571 0.0000000000
34104  -50.118  -52.099  -2.041 0.0000000000
34105  -50.634  -52.111  -2.420 0.0000000000
34106  -51.325  -52.290  -2.465 0.0000000000
34107  -51.871  -52.300  -2.230 0.0000000000
35048  -42.872  -51.531  3.527 0.0000000000
35049  -43.820  -51.466  3.370 0.0000000000
35050  -44.631  -51.662  3.271 0.0000000000
35072  -43.301  -51.025  2.734 0.0000000000
35073  -44.283  -51.068  2.761 0.0000000000
35074  -45.299  -51.425  2.614 0.0000000000
35075  -46.108  -51.697  2.223 0.0000000000
35092  -45.872  -51.027  1.949 0.0000000000
35093  -46.735  -51.488  1.414 0.0000000000
35094  -47.330  -51.950  1.210 0.0000000000
35110  -47.045  -51.147  0.774 0.0000000000
35111  -47.707  -51.532  0.490 0.0000000000
35112  -48.432  -52.049  0.175 0.0000000000
35132  -48.050  -51.073  -0.302 0.0000000000
35133  -48.697  -51.587  -0.740 0.0000000000
35134  -49.360  -52.145  -1.083 0.0000000000
35151  -49.024  -51.112  -2.025 0.0000000000
35152  -49.510  -51.801  -1.671 0.0000000000
35153  -52.054  -51.699  -1.794 0.0000000000
35154  -52.912  -51.946  -1.507 0.0000000000
35161  -49.934  -51.238  -2.369 0.0000000000
35162  -50.870  -51.474  -2.531 0.0000000000
35163  -51.582  -51.711  -2.243 0.0000000000
35164  -52.188  -52.065  -2.016 0.0000000000
36130  -43.796  -50.611  2.071 0.0000000000
36131  -44.739  -50.708  2.151 0.0000000000
36132  -45.320  -50.872  2.103 0.0000000000
36144  -44.353  -50.148  1.508 0.0000000000
36145  -45.346  -50.382  1.633 0.0000000000
36146  -46.147  -50.618  1.331 0.0000000000
36158  -46.651  -50.688  0.806 0.0000000000
36159  -47.174  -50.827  0.434 0.0000000000
36181  -46.858  -50.357  0.216 0.0000000000
36182  -47.479  -50.543  -0.279 0.0000000000
36183  -48.086  -50.830  -0.824 0.0000000000
36205  -47.747  -50.305  -1.188 0.0000000000
36206  -48.365  -50.699  -1.577 0.0000000000
37024  -44.018  -49.703  0.692 0.0000000000
37025  -45.004  -49.744  0.944 0.0000000000
37026  -45.855  -49.994  1.027 0.0000000000
37027  -46.270  -50.315  0.939 0.0000000000
37042  -44.726  -49.393  0.092 0.0000000000
37043  -45.687  -49.601  0.291 0.0000000000
37044  -46.334  -50.078  0.491 0.0000000000
37066  -46.598  -49.751  -0.452 0.0000000000
37067  -47.302  -50.016  -0.850 0.0000000000
