#!ascii label  , from subject FREESURFER vox2ras=TkReg 
545
78571  -44.804  -8.506  -28.109 0.0000000000
79514  -44.216  -7.535  -27.213 0.0000000000
79527  -44.608  -7.595  -27.929 0.0000000000
79528  -45.041  -7.636  -28.609 0.0000000000
79537  -45.500  -7.696  -29.333 0.0000000000
79543  -45.997  -7.733  -30.159 0.0000000000
79544  -46.363  -7.736  -31.104 0.0000000000
79552  -46.570  -7.724  -32.084 0.0000000000
80454  -38.747  -5.617  -27.131 0.0000000000
80456  -42.756  -6.116  -25.924 0.0000000000
80457  -43.208  -6.329  -26.296 0.0000000000
80458  -43.584  -6.792  -26.514 0.0000000000
80465  -43.546  -6.223  -26.828 0.0000000000
80466  -43.893  -6.606  -27.134 0.0000000000
80476  -44.382  -6.646  -27.794 0.0000000000
80477  -44.807  -6.712  -28.453 0.0000000000
80487  -45.212  -6.712  -29.134 0.0000000000
80496  -45.681  -6.657  -29.900 0.0000000000
80497  -46.195  -6.698  -30.703 0.0000000000
80509  -46.513  -6.690  -31.597 0.0000000000
80512  -51.225  -5.907  -32.537 0.0000000000
80513  -52.286  -5.704  -32.358 0.0000000000
80514  -52.590  -5.326  -32.203 0.0000000000
80520  -46.810  -6.630  -32.590 0.0000000000
80521  -47.102  -6.297  -33.237 0.0000000000
80523  -50.049  -6.243  -33.224 0.0000000000
80524  -50.537  -5.549  -33.531 0.0000000000
80525  -52.355  -5.281  -32.567 0.0000000000
80526  -52.462  -5.083  -32.506 0.0000000000
80529  -46.991  -7.018  -33.298 0.0000000000
80530  -47.426  -6.636  -33.776 0.0000000000
80531  -49.164  -6.644  -33.721 0.0000000000
80532  -49.751  -5.815  -34.063 0.0000000000
80533  -50.189  -5.329  -34.013 0.0000000000
80534  -48.013  -6.501  -34.338 0.0000000000
80535  -48.831  -6.303  -34.409 0.0000000000
80536  -49.323  -5.463  -34.462 0.0000000000
81414  -42.427  -5.523  -25.950 0.0000000000
81421  -38.885  -5.287  -26.717 0.0000000000
81423  -42.896  -5.529  -26.439 0.0000000000
81424  -43.335  -5.607  -26.906 0.0000000000
81427  -38.583  -5.089  -27.458 0.0000000000
81429  -43.687  -5.777  -27.255 0.0000000000
81430  -44.065  -5.757  -27.708 0.0000000000
81431  -48.957  -4.774  -27.994 0.0000000000
81432  -49.231  -4.745  -27.843 0.0000000000
81437  -38.497  -5.120  -28.428 0.0000000000
81439  -44.511  -5.723  -28.386 0.0000000000
81440  -44.893  -6.003  -28.942 0.0000000000
81441  -49.236  -4.734  -28.185 0.0000000000
81442  -49.514  -4.723  -28.039 0.0000000000
81446  -38.593  -5.229  -29.379 0.0000000000
81448  -44.840  -5.257  -29.007 0.0000000000
81449  -45.267  -5.589  -29.611 0.0000000000
81454  -45.841  -5.523  -30.555 0.0000000000
81455  -46.324  -5.870  -31.188 0.0000000000
81463  -46.175  -5.076  -31.295 0.0000000000
81464  -46.539  -5.456  -32.000 0.0000000000
81465  -51.852  -5.569  -32.830 0.0000000000
81466  -52.090  -5.341  -32.816 0.0000000000
81467  -52.803  -5.118  -31.737 0.0000000000
81473  -46.926  -5.403  -32.984 0.0000000000
81474  -47.276  -5.767  -33.528 0.0000000000
81475  -51.412  -5.141  -33.260 0.0000000000
81476  -52.122  -4.874  -32.806 0.0000000000
81477  -52.478  -4.918  -32.280 0.0000000000
81481  -47.234  -5.073  -33.545 0.0000000000
81482  -47.625  -5.472  -34.055 0.0000000000
81483  -49.853  -5.020  -34.382 0.0000000000
81484  -50.509  -4.940  -33.884 0.0000000000
81488  -48.296  -5.485  -34.468 0.0000000000
81489  -48.833  -5.268  -34.593 0.0000000000
81490  -49.258  -4.944  -34.559 0.0000000000
82292  -45.807  -3.999  -24.298 0.0000000000
82293  -46.074  -4.039  -24.174 0.0000000000
82309  -46.015  -4.165  -24.710 0.0000000000
82310  -46.872  -3.898  -24.503 0.0000000000
82311  -47.553  -3.743  -24.676 0.0000000000
82324  -39.847  -4.838  -25.884 0.0000000000
82325  -40.594  -4.749  -25.704 0.0000000000
82326  -41.597  -4.520  -25.876 0.0000000000
82327  -42.155  -4.982  -25.925 0.0000000000
82328  -45.987  -4.051  -25.632 0.0000000000
82329  -46.846  -4.227  -25.513 0.0000000000
82330  -47.981  -4.089  -25.343 0.0000000000
82339  -38.874  -4.501  -26.779 0.0000000000
82340  -39.343  -4.717  -26.307 0.0000000000
82341  -41.978  -3.992  -26.372 0.0000000000
82342  -42.559  -4.517  -26.641 0.0000000000
82343  -43.081  -5.090  -26.920 0.0000000000
82344  -45.861  -3.811  -26.185 0.0000000000
82345  -46.543  -4.077  -26.618 0.0000000000
82346  -47.748  -4.554  -26.455 0.0000000000
82347  -48.966  -4.526  -26.439 0.0000000000
82353  -38.653  -4.278  -27.296 0.0000000000
82354  -42.964  -4.061  -27.388 0.0000000000
82355  -43.522  -4.710  -27.697 0.0000000000
82356  -44.118  -5.184  -28.126 0.0000000000
82357  -46.762  -3.900  -27.739 0.0000000000
82358  -47.611  -4.460  -27.598 0.0000000000
82359  -48.705  -4.739  -27.467 0.0000000000
82360  -49.815  -4.607  -27.609 0.0000000000
82368  -38.479  -4.347  -27.947 0.0000000000
82369  -43.883  -4.097  -28.487 0.0000000000
82370  -44.327  -4.567  -28.717 0.0000000000
82371  -46.770  -3.575  -28.342 0.0000000000
82372  -47.459  -4.024  -28.828 0.0000000000
82373  -48.742  -4.610  -28.509 0.0000000000
82374  -49.830  -4.704  -28.578 0.0000000000
82375  -50.948  -4.504  -28.580 0.0000000000
82380  -38.450  -4.405  -28.837 0.0000000000
82381  -44.918  -4.517  -29.554 0.0000000000
82382  -45.343  -4.540  -30.281 0.0000000000
82383  -47.807  -3.679  -29.966 0.0000000000
82384  -48.625  -4.282  -29.805 0.0000000000
82385  -49.753  -4.576  -29.643 0.0000000000
82386  -50.864  -4.554  -29.559 0.0000000000
82392  -45.804  -4.359  -31.040 0.0000000000
82393  -47.808  -3.378  -30.602 0.0000000000
82394  -48.598  -3.698  -30.961 0.0000000000
82395  -49.753  -4.190  -30.761 0.0000000000
82396  -50.826  -4.523  -30.586 0.0000000000
82397  -51.858  -4.473  -30.450 0.0000000000
82404  -46.267  -4.313  -31.791 0.0000000000
82405  -46.640  -4.352  -32.605 0.0000000000
82406  -48.877  -3.601  -31.718 0.0000000000
82407  -49.737  -3.836  -32.002 0.0000000000
82408  -50.863  -4.436  -31.649 0.0000000000
82409  -51.801  -4.484  -31.350 0.0000000000
82410  -52.557  -4.741  -31.179 0.0000000000
82415  -47.003  -4.390  -33.286 0.0000000000
82416  -50.117  -3.893  -33.075 0.0000000000
82417  -51.043  -4.446  -32.708 0.0000000000
82418  -51.886  -4.570  -32.180 0.0000000000
82419  -52.394  -4.709  -31.811 0.0000000000
82424  -47.441  -4.467  -33.734 0.0000000000
82425  -48.049  -4.477  -34.298 0.0000000000
82426  -48.426  -4.129  -34.292 0.0000000000
82427  -49.822  -4.160  -33.920 0.0000000000
82428  -50.660  -4.482  -33.452 0.0000000000
82433  -48.483  -4.915  -34.517 0.0000000000
82434  -48.761  -4.496  -34.477 0.0000000000
82435  -49.371  -4.496  -34.394 0.0000000000
83306  -44.038  -3.083  -23.989 0.0000000000
83307  -44.379  -3.259  -23.984 0.0000000000
83308  -45.379  -3.714  -24.069 0.0000000000
83309  -46.291  -3.574  -23.701 0.0000000000
83326  -44.067  -3.084  -24.312 0.0000000000
83327  -44.630  -3.419  -24.659 0.0000000000
83328  -45.326  -3.794  -25.075 0.0000000000
83329  -46.876  -3.560  -23.954 0.0000000000
83347  -39.685  -4.365  -26.101 0.0000000000
83348  -40.113  -4.139  -25.901 0.0000000000
83349  -40.861  -3.932  -25.826 0.0000000000
83350  -44.100  -3.060  -24.972 0.0000000000
83351  -44.701  -3.204  -25.667 0.0000000000
83352  -45.453  -3.678  -25.845 0.0000000000
83367  -38.877  -3.891  -26.916 0.0000000000
83368  -39.457  -3.815  -26.421 0.0000000000
83369  -40.370  -3.396  -26.152 0.0000000000
83370  -41.477  -3.316  -26.471 0.0000000000
83371  -42.152  -3.745  -26.716 0.0000000000
83372  -44.804  -2.856  -26.326 0.0000000000
83373  -45.505  -3.250  -26.744 0.0000000000
83374  -46.258  -3.617  -27.213 0.0000000000
83385  -38.706  -3.603  -27.452 0.0000000000
83386  -39.080  -3.435  -26.914 0.0000000000
83387  -41.741  -2.707  -27.154 0.0000000000
83388  -42.502  -3.259  -27.506 0.0000000000
83389  -43.162  -3.822  -27.798 0.0000000000
83390  -45.675  -2.748  -27.507 0.0000000000
83391  -46.242  -3.103  -27.854 0.0000000000
83398  -38.476  -3.631  -28.279 0.0000000000
83399  -42.892  -2.814  -28.371 0.0000000000
83400  -43.537  -3.322  -28.672 0.0000000000
83401  -44.095  -3.815  -28.882 0.0000000000
83402  -46.760  -3.060  -28.988 0.0000000000
83403  -47.303  -3.444  -29.468 0.0000000000
83405  -38.348  -3.617  -29.189 0.0000000000
83406  -43.950  -2.889  -29.562 0.0000000000
83407  -44.454  -3.391  -29.750 0.0000000000
83408  -44.960  -3.963  -30.126 0.0000000000
83409  -46.836  -2.355  -29.573 0.0000000000
83410  -47.298  -2.821  -30.106 0.0000000000
83413  -44.874  -2.777  -30.615 0.0000000000
83414  -45.257  -3.433  -30.800 0.0000000000
83415  -47.793  -3.004  -31.314 0.0000000000
83416  -48.476  -3.436  -31.578 0.0000000000
83421  -45.976  -3.453  -31.536 0.0000000000
83422  -46.419  -3.439  -32.295 0.0000000000
83423  -47.771  -2.658  -32.344 0.0000000000
83424  -48.708  -3.388  -32.303 0.0000000000
83425  -49.502  -3.625  -32.679 0.0000000000
83430  -46.851  -3.422  -33.101 0.0000000000
83431  -47.514  -2.891  -33.148 0.0000000000
83432  -48.460  -3.155  -33.195 0.0000000000
83433  -49.319  -3.544  -33.212 0.0000000000
83438  -47.200  -3.934  -33.469 0.0000000000
83439  -47.536  -3.733  -33.667 0.0000000000
83440  -48.325  -3.661  -33.933 0.0000000000
83441  -49.011  -3.629  -33.760 0.0000000000
83446  -48.650  -4.022  -34.264 0.0000000000
83447  -49.011  -3.997  -34.216 0.0000000000
84318  -42.595  -1.945  -23.313 0.0000000000
84319  -43.064  -2.180  -23.099 0.0000000000
84320  -43.938  -2.342  -22.903 0.0000000000
84321  -44.852  -2.329  -22.811 0.0000000000
84333  -42.876  -2.232  -23.761 0.0000000000
84334  -43.740  -2.741  -23.786 0.0000000000
84335  -44.619  -2.974  -23.402 0.0000000000
84336  -45.519  -3.043  -23.180 0.0000000000
84353  -43.178  -2.424  -24.318 0.0000000000
84354  -43.630  -2.730  -24.637 0.0000000000
84369  -43.209  -2.244  -24.934 0.0000000000
84370  -43.807  -2.435  -25.547 0.0000000000
84371  -44.383  -2.607  -26.133 0.0000000000
84384  -39.386  -3.242  -26.775 0.0000000000
84385  -39.796  -2.981  -26.603 0.0000000000
84386  -40.551  -2.780  -26.586 0.0000000000
84387  -44.097  -2.092  -26.280 0.0000000000
84388  -44.693  -2.288  -26.805 0.0000000000
84389  -45.307  -2.472  -27.326 0.0000000000
84400  -38.649  -3.027  -27.826 0.0000000000
84401  -39.193  -2.804  -27.219 0.0000000000
84402  -40.000  -2.221  -26.949 0.0000000000
84403  -41.046  -2.246  -27.082 0.0000000000
84404  -41.845  -2.130  -27.720 0.0000000000
84405  -45.051  -1.908  -27.468 0.0000000000
84406  -45.710  -2.083  -28.144 0.0000000000
84407  -46.302  -2.591  -28.485 0.0000000000
84411  -38.456  -2.836  -28.504 0.0000000000
84412  -42.520  -2.290  -28.303 0.0000000000
84413  -43.074  -2.314  -28.915 0.0000000000
84414  -46.023  -1.413  -29.153 0.0000000000
84415  -46.436  -2.134  -29.062 0.0000000000
84418  -43.671  -2.215  -29.790 0.0000000000
84419  -44.102  -2.671  -29.959 0.0000000000
84420  -45.988  -1.072  -29.685 0.0000000000
84421  -46.625  -1.615  -30.207 0.0000000000
84422  -47.314  -2.218  -30.787 0.0000000000
84425  -44.066  -1.530  -30.329 0.0000000000
84426  -44.531  -2.109  -30.447 0.0000000000
84427  -45.532  -2.257  -31.063 0.0000000000
84428  -46.387  -1.811  -31.284 0.0000000000
84429  -47.273  -1.934  -31.456 0.0000000000
84433  -45.747  -2.877  -31.373 0.0000000000
84434  -46.313  -2.617  -31.931 0.0000000000
84435  -46.995  -2.068  -32.341 0.0000000000
84439  -46.559  -2.927  -32.580 0.0000000000
84440  -46.786  -2.640  -32.730 0.0000000000
85300  -42.293  -1.089  -22.146 0.0000000000
85301  -42.817  -1.148  -22.092 0.0000000000
85302  -43.545  -1.131  -22.076 0.0000000000
85319  -41.509  -1.185  -23.122 0.0000000000
85320  -42.194  -1.521  -22.773 0.0000000000
85321  -43.288  -1.685  -22.517 0.0000000000
85322  -44.244  -1.527  -22.373 0.0000000000
85336  -41.650  -1.384  -23.634 0.0000000000
85337  -42.251  -1.819  -23.720 0.0000000000
85353  -41.918  -1.405  -24.433 0.0000000000
85354  -42.629  -1.908  -24.555 0.0000000000
85370  -42.289  -1.325  -25.094 0.0000000000
85371  -43.023  -1.526  -25.560 0.0000000000
85372  -43.687  -1.699  -26.084 0.0000000000
85387  -43.473  -1.120  -26.275 0.0000000000
85388  -44.123  -1.332  -26.762 0.0000000000
85389  -44.647  -1.545  -27.243 0.0000000000
85397  -38.780  -2.415  -27.905 0.0000000000
85398  -39.340  -1.809  -27.686 0.0000000000
85399  -40.332  -1.523  -27.562 0.0000000000
85400  -41.186  -1.579  -27.755 0.0000000000
85401  -41.613  -1.599  -28.086 0.0000000000
85402  -44.508  -1.064  -27.312 0.0000000000
85403  -45.009  -1.111  -27.835 0.0000000000
85404  -45.524  -1.181  -28.582 0.0000000000
85406  -38.507  -1.776  -28.529 0.0000000000
85407  -39.198  -1.169  -28.267 0.0000000000
85408  -40.777  -1.140  -28.036 0.0000000000
85409  -41.355  -1.167  -28.388 0.0000000000
85410  -42.017  -1.577  -28.522 0.0000000000
85411  -42.631  -1.751  -28.898 0.0000000000
85412  -45.244  -0.657  -28.555 0.0000000000
85413  -45.572  -0.741  -29.250 0.0000000000
85417  -41.759  -1.009  -28.925 0.0000000000
85418  -42.352  -1.107  -29.329 0.0000000000
85419  -43.040  -1.559  -29.507 0.0000000000
85420  -45.123  -0.472  -30.156 0.0000000000
85421  -45.553  -0.754  -30.078 0.0000000000
85422  -45.986  -1.358  -30.679 0.0000000000
85428  -42.904  -0.879  -29.849 0.0000000000
85429  -43.579  -1.044  -30.137 0.0000000000
85430  -44.631  -0.770  -30.305 0.0000000000
85431  -45.377  -1.415  -30.633 0.0000000000
85432  -45.838  -1.595  -30.987 0.0000000000
86259  -41.577  -0.272  -21.970 0.0000000000
86260  -42.384  -0.501  -21.834 0.0000000000
86261  -43.257  -0.489  -21.782 0.0000000000
86262  -44.088  -0.595  -21.920 0.0000000000
86271  -39.912  0.312  -22.812 0.0000000000
86272  -40.461  -0.076  -22.768 0.0000000000
86273  -41.257  -0.687  -22.721 0.0000000000
86274  -41.868  -0.910  -22.183 0.0000000000
86285  -39.937  -0.020  -23.331 0.0000000000
86286  -40.593  -0.397  -23.391 0.0000000000
86287  -41.133  -0.880  -23.545 0.0000000000
86304  -40.143  -0.222  -23.869 0.0000000000
86305  -40.641  -0.495  -24.189 0.0000000000
86306  -41.293  -0.951  -24.316 0.0000000000
86321  -41.024  -0.487  -24.804 0.0000000000
86322  -41.660  -0.740  -25.207 0.0000000000
86323  -42.362  -0.917  -25.636 0.0000000000
86337  -42.083  -0.440  -25.931 0.0000000000
86338  -42.838  -0.522  -26.342 0.0000000000
86339  -43.614  -0.657  -26.762 0.0000000000
86350  -39.742  -1.156  -27.925 0.0000000000
86351  -40.260  -0.961  -28.055 0.0000000000
86352  -43.347  -0.125  -27.058 0.0000000000
86353  -44.177  -0.352  -27.535 0.0000000000
86354  -44.829  -0.387  -28.236 0.0000000000
86358  -39.760  -0.586  -28.435 0.0000000000
86359  -40.743  -0.584  -28.544 0.0000000000
86360  -41.366  -0.687  -28.858 0.0000000000
86361  -44.489  0.083  -28.374 0.0000000000
86362  -45.064  -0.048  -28.981 0.0000000000
86363  -45.335  -0.367  -29.647 0.0000000000
86370  -41.159  -0.310  -29.064 0.0000000000
86371  -41.754  -0.407  -29.415 0.0000000000
86372  -42.488  -0.348  -29.865 0.0000000000
86373  -45.009  -0.082  -29.886 0.0000000000
86374  -45.343  -0.357  -29.923 0.0000000000
86381  -43.060  -0.253  -30.144 0.0000000000
86382  -43.737  -0.055  -30.237 0.0000000000
86383  -44.334  0.116  -30.132 0.0000000000
87169  -40.778  0.576  -22.038 0.0000000000
87170  -41.289  0.458  -21.848 0.0000000000
87171  -42.039  0.354  -21.678 0.0000000000
87172  -42.874  0.299  -21.625 0.0000000000
87173  -43.737  0.327  -21.751 0.0000000000
87187  -39.708  0.811  -22.641 0.0000000000
87188  -40.331  0.541  -22.369 0.0000000000
87189  -40.916  0.043  -22.234 0.0000000000
87196  -38.943  0.719  -23.801 0.0000000000
87197  -39.356  0.568  -23.241 0.0000000000
87212  -38.865  0.799  -24.516 0.0000000000
87213  -39.573  0.203  -24.179 0.0000000000
87214  -40.164  -0.158  -24.323 0.0000000000
87228  -38.863  0.955  -25.103 0.0000000000
87229  -39.442  0.704  -25.315 0.0000000000
87230  -40.416  -0.001  -25.050 0.0000000000
87231  -41.121  -0.282  -25.271 0.0000000000
87247  -39.631  0.982  -25.932 0.0000000000
87248  -40.260  0.792  -26.125 0.0000000000
87249  -41.416  0.084  -26.018 0.0000000000
87250  -42.232  -0.052  -26.358 0.0000000000
87262  -40.484  1.115  -26.695 0.0000000000
87263  -41.111  0.897  -26.885 0.0000000000
87264  -42.535  0.528  -27.238 0.0000000000
87265  -43.475  0.228  -27.533 0.0000000000
87269  -39.521  0.073  -28.912 0.0000000000
87270  -40.327  -0.057  -28.955 0.0000000000
87271  -40.821  -0.175  -29.022 0.0000000000
87272  -42.906  1.085  -28.056 0.0000000000
87273  -43.733  0.726  -28.395 0.0000000000
87274  -44.515  0.374  -28.743 0.0000000000
87281  -40.078  0.642  -29.384 0.0000000000
87282  -41.096  0.300  -29.495 0.0000000000
87283  -42.104  0.463  -30.138 0.0000000000
87284  -42.643  0.124  -30.181 0.0000000000
87285  -43.925  1.188  -29.529 0.0000000000
87286  -44.530  0.529  -29.251 0.0000000000
87295  -42.329  0.930  -30.466 0.0000000000
87296  -42.844  0.681  -30.361 0.0000000000
87297  -43.705  0.861  -30.148 0.0000000000
87298  -44.338  0.530  -29.819 0.0000000000
88064  -40.528  0.882  -22.100 0.0000000000
88065  -40.875  1.038  -21.854 0.0000000000
88066  -41.623  1.113  -21.713 0.0000000000
88067  -42.474  1.104  -21.659 0.0000000000
88068  -43.234  1.023  -21.704 0.0000000000
88086  -38.582  1.928  -23.317 0.0000000000
88087  -39.068  1.425  -22.901 0.0000000000
88088  -40.157  1.393  -22.256 0.0000000000
88089  -41.068  1.776  -21.919 0.0000000000
88090  -42.008  1.865  -21.952 0.0000000000
88101  -38.521  1.410  -23.838 0.0000000000
88102  -38.928  1.007  -23.413 0.0000000000
88115  -38.529  1.346  -24.874 0.0000000000
88127  -38.933  1.238  -25.621 0.0000000000
88128  -39.362  1.070  -25.832 0.0000000000
88144  -38.816  1.579  -26.086 0.0000000000
88145  -39.531  1.411  -26.414 0.0000000000
88146  -40.171  1.221  -26.598 0.0000000000
88157  -39.783  1.766  -27.075 0.0000000000
88158  -40.431  1.548  -27.144 0.0000000000
88159  -41.699  1.521  -27.867 0.0000000000
88160  -42.488  1.233  -27.959 0.0000000000
88167  -41.977  1.921  -28.520 0.0000000000
88168  -42.762  1.718  -28.702 0.0000000000
88169  -43.527  1.460  -29.049 0.0000000000
88177  -40.856  1.131  -30.090 0.0000000000
88178  -41.526  0.879  -30.161 0.0000000000
88179  -42.926  2.159  -29.420 0.0000000000
88180  -43.325  1.927  -29.579 0.0000000000
88191  -40.617  1.870  -30.763 0.0000000000
88192  -41.957  1.555  -30.873 0.0000000000
88193  -42.959  1.719  -30.524 0.0000000000
88194  -43.482  1.729  -30.121 0.0000000000
88202  -42.256  2.375  -31.332 0.0000000000
88203  -42.544  2.239  -31.019 0.0000000000
88996  -38.721  2.385  -22.947 0.0000000000
88997  -39.521  2.293  -22.575 0.0000000000
88998  -40.456  2.426  -22.313 0.0000000000
89016  -37.573  2.978  -23.901 0.0000000000
89017  -38.105  2.504  -23.679 0.0000000000
89030  -37.523  2.715  -24.382 0.0000000000
89031  -38.020  2.007  -24.588 0.0000000000
89042  -37.551  2.475  -25.272 0.0000000000
89043  -38.281  1.825  -25.624 0.0000000000
89053  -37.835  2.433  -26.298 0.0000000000
89054  -38.679  1.996  -26.597 0.0000000000
89055  -39.341  1.948  -27.065 0.0000000000
89063  -38.209  2.492  -27.075 0.0000000000
89064  -38.931  2.477  -27.516 0.0000000000
89065  -39.882  2.220  -27.608 0.0000000000
89066  -40.848  2.206  -27.981 0.0000000000
89067  -41.521  2.154  -28.425 0.0000000000
89074  -39.549  2.786  -28.158 0.0000000000
89075  -40.330  2.736  -28.359 0.0000000000
89076  -41.153  2.746  -28.772 0.0000000000
89077  -42.006  2.374  -28.978 0.0000000000
89078  -42.600  2.328  -29.352 0.0000000000
89086  -41.693  2.893  -29.418 0.0000000000
89087  -42.300  2.742  -29.629 0.0000000000
89088  -42.883  2.607  -29.890 0.0000000000
89089  -43.210  2.234  -30.160 0.0000000000
89103  -41.152  2.426  -31.429 0.0000000000
89104  -42.802  2.554  -30.618 0.0000000000
89105  -43.143  2.102  -30.377 0.0000000000
89117  -40.907  3.158  -32.052 0.0000000000
89118  -41.836  2.811  -31.705 0.0000000000
89119  -42.404  2.848  -31.295 0.0000000000
89905  -39.045  3.051  -22.689 0.0000000000
89906  -39.864  3.111  -22.630 0.0000000000
89926  -37.061  3.885  -23.909 0.0000000000
89927  -37.706  3.485  -23.582 0.0000000000
89928  -38.455  3.197  -23.134 0.0000000000
89943  -36.648  3.824  -24.504 0.0000000000
89944  -37.195  3.317  -24.151 0.0000000000
89954  -35.760  3.910  -25.915 0.0000000000
89955  -36.296  3.675  -25.384 0.0000000000
89956  -36.988  3.142  -24.901 0.0000000000
89966  -35.566  3.846  -26.696 0.0000000000
89967  -36.378  3.458  -26.440 0.0000000000
89968  -37.031  2.981  -25.922 0.0000000000
89971  -35.482  3.918  -27.643 0.0000000000
89972  -36.314  3.546  -27.530 0.0000000000
89973  -37.424  2.951  -27.296 0.0000000000
89974  -38.280  2.742  -27.614 0.0000000000
89977  -35.434  4.058  -28.225 0.0000000000
89978  -36.017  3.897  -28.376 0.0000000000
89979  -37.224  3.714  -28.704 0.0000000000
89980  -38.669  3.229  -28.451 0.0000000000
89981  -39.981  3.261  -28.857 0.0000000000
89982  -40.615  3.086  -28.873 0.0000000000
89984  -37.608  3.987  -29.562 0.0000000000
89985  -38.315  3.898  -29.602 0.0000000000
89986  -39.696  3.899  -29.922 0.0000000000
89987  -40.975  3.386  -29.670 0.0000000000
89988  -42.007  3.183  -29.992 0.0000000000
89989  -42.478  2.980  -29.981 0.0000000000
89995  -40.180  4.347  -30.659 0.0000000000
89996  -40.755  4.089  -30.649 0.0000000000
89997  -41.817  3.739  -30.776 0.0000000000
89998  -42.459  3.106  -30.397 0.0000000000
90004  -40.626  4.001  -32.439 0.0000000000
90005  -41.452  3.743  -32.086 0.0000000000
90006  -42.031  3.595  -31.541 0.0000000000
90007  -42.446  3.274  -30.996 0.0000000000
90786  -38.807  3.543  -22.930 0.0000000000
90787  -39.302  3.726  -22.837 0.0000000000
90807  -36.704  4.503  -24.107 0.0000000000
90808  -37.454  4.414  -23.617 0.0000000000
90809  -38.503  4.191  -23.188 0.0000000000
90829  -35.368  4.936  -25.013 0.0000000000
90830  -35.917  4.503  -24.841 0.0000000000
90840  -34.402  5.193  -26.081 0.0000000000
90841  -35.076  4.641  -25.806 0.0000000000
90842  -35.733  4.163  -25.452 0.0000000000
90851  -33.364  5.247  -27.154 0.0000000000
90852  -33.965  4.924  -26.731 0.0000000000
90853  -34.781  4.235  -27.067 0.0000000000
90856  -33.421  4.932  -27.650 0.0000000000
90857  -34.119  4.510  -27.767 0.0000000000
90858  -34.896  4.184  -28.047 0.0000000000
90862  -34.354  4.475  -28.762 0.0000000000
90863  -35.362  4.255  -28.906 0.0000000000
90864  -36.382  4.170  -29.270 0.0000000000
90865  -37.157  4.147  -29.589 0.0000000000
90871  -35.750  4.293  -30.023 0.0000000000
90872  -36.786  4.350  -30.249 0.0000000000
90873  -37.824  4.376  -30.284 0.0000000000
90874  -38.955  4.445  -30.516 0.0000000000
90875  -39.775  4.502  -30.742 0.0000000000
90883  -38.544  4.750  -31.272 0.0000000000
90884  -39.517  4.721  -31.340 0.0000000000
90885  -40.429  4.567  -31.277 0.0000000000
90886  -41.314  4.273  -31.355 0.0000000000
90887  -41.816  4.063  -31.427 0.0000000000
90898  -40.075  4.611  -32.098 0.0000000000
90899  -41.013  4.368  -31.953 0.0000000000
90900  -41.622  4.117  -31.776 0.0000000000
91744  -37.112  5.100  -23.852 0.0000000000
91745  -37.971  5.316  -23.549 0.0000000000
91767  -35.706  5.252  -24.716 0.0000000000
91768  -36.399  5.380  -24.297 0.0000000000
91769  -37.262  5.851  -24.032 0.0000000000
91783  -34.589  5.613  -25.639 0.0000000000
91784  -35.167  5.588  -25.022 0.0000000000
91793  -33.240  5.796  -26.735 0.0000000000
91794  -34.020  5.707  -26.166 0.0000000000
92675  -37.961  6.158  -23.833 0.0000000000
92692  -35.892  5.972  -24.638 0.0000000000
92693  -36.667  6.483  -24.497 0.0000000000
92694  -37.558  6.635  -24.237 0.0000000000
92706  -34.930  6.383  -25.370 0.0000000000
92707  -35.609  6.519  -24.988 0.0000000000
92708  -36.123  6.572  -24.744 0.0000000000
92714  -33.778  6.554  -26.217 0.0000000000
92715  -34.400  6.421  -25.793 0.0000000000
93593  -36.713  6.982  -24.651 0.0000000000
93594  -37.121  7.133  -24.592 0.0000000000
93603  -34.796  6.864  -25.655 0.0000000000
93604  -35.383  7.202  -25.501 0.0000000000
93605  -36.415  7.266  -24.966 0.0000000000
93616  -33.607  7.375  -26.409 0.0000000000
93617  -34.546  7.423  -26.014 0.0000000000
93618  -35.406  8.009  -25.899 0.0000000000
94505  -36.015  7.949  -25.554 0.0000000000
94506  -36.888  8.400  -25.533 0.0000000000
94515  -34.097  8.196  -26.496 0.0000000000
94516  -35.046  8.674  -26.453 0.0000000000
94517  -36.112  8.711  -26.056 0.0000000000
94531  -34.404  8.794  -26.724 0.0000000000
95337  -35.322  9.312  -26.863 0.0000000000
95338  -35.899  9.282  -26.711 0.0000000000
