#!ascii label  , from subject FREESURFER vox2ras=TkReg 
592
17696  -38.096  -69.086  13.430 0.0000000000
17697  -39.098  -69.017  13.457 0.0000000000
17698  -40.003  -68.847  13.338 0.0000000000
17699  -40.507  -68.718  13.280 0.0000000000
17723  -39.702  -69.626  12.952 0.0000000000
17724  -40.733  -69.254  12.950 0.0000000000
17725  -41.779  -69.258  12.735 0.0000000000
17726  -42.731  -69.220  12.615 0.0000000000
18613  -36.608  -68.287  13.468 0.0000000000
18614  -37.532  -68.273  13.652 0.0000000000
18615  -38.529  -68.219  13.707 0.0000000000
18616  -39.504  -68.127  13.619 0.0000000000
18617  -40.416  -68.098  13.478 0.0000000000
18618  -41.167  -67.946  13.320 0.0000000000
18619  -41.779  -67.910  13.192 0.0000000000
18643  -40.859  -68.545  13.249 0.0000000000
18644  -41.452  -68.571  13.105 0.0000000000
18645  -42.353  -68.322  12.937 0.0000000000
18646  -43.297  -68.318  12.543 0.0000000000
18647  -44.093  -68.268  12.071 0.0000000000
19553  -35.985  -67.575  13.428 0.0000000000
19554  -36.985  -67.440  13.664 0.0000000000
19555  -37.976  -67.373  13.872 0.0000000000
19556  -38.979  -67.276  13.760 0.0000000000
19557  -39.963  -67.180  13.638 0.0000000000
19558  -40.861  -67.180  13.395 0.0000000000
19559  -41.596  -67.280  13.213 0.0000000000
19560  -42.234  -67.353  12.990 0.0000000000
19579  -42.931  -67.443  12.596 0.0000000000
19580  -43.726  -67.459  12.040 0.0000000000
19581  -44.062  -67.735  11.900 0.0000000000
19597  -43.880  -67.172  11.649 0.0000000000
19598  -44.284  -67.521  11.499 0.0000000000
19599  -45.065  -67.895  10.998 0.0000000000
19612  -44.719  -67.339  10.642 0.0000000000
19628  -44.888  -67.211  9.726 0.0000000000
20548  -35.606  -66.613  13.299 0.0000000000
20549  -36.479  -66.602  13.570 0.0000000000
20550  -37.434  -66.519  13.716 0.0000000000
20551  -38.422  -66.430  13.706 0.0000000000
20552  -39.421  -66.311  13.560 0.0000000000
20553  -40.470  -66.121  13.275 0.0000000000
20554  -41.483  -66.481  13.017 0.0000000000
20555  -41.990  -66.834  13.023 0.0000000000
20574  -41.147  -65.807  12.796 0.0000000000
20575  -41.699  -65.943  12.556 0.0000000000
20576  -42.444  -66.427  12.386 0.0000000000
20577  -43.226  -66.925  12.160 0.0000000000
20594  -42.739  -66.042  11.641 0.0000000000
20595  -43.576  -66.568  11.340 0.0000000000
20596  -44.294  -66.982  11.005 0.0000000000
20610  -43.862  -66.165  10.032 0.0000000000
20611  -44.314  -66.774  10.335 0.0000000000
20620  -43.979  -66.048  9.422 0.0000000000
20621  -44.420  -66.525  9.183 0.0000000000
21484  -36.054  -65.792  13.367 0.0000000000
21485  -36.924  -65.716  13.565 0.0000000000
21486  -37.871  -65.604  13.562 0.0000000000
21487  -38.827  -65.549  13.454 0.0000000000
21488  -39.787  -65.360  13.208 0.0000000000
21489  -40.310  -65.564  13.124 0.0000000000
21508  -35.204  -65.767  12.879 0.0000000000
21509  -40.058  -64.827  12.865 0.0000000000
21510  -40.591  -65.268  12.795 0.0000000000
21511  -41.428  -65.334  12.244 0.0000000000
21512  -41.943  -65.750  12.241 0.0000000000
21533  -41.626  -65.096  11.888 0.0000000000
21534  -42.128  -65.393  11.687 0.0000000000
21535  -42.828  -65.762  11.161 0.0000000000
21551  -42.612  -65.139  10.847 0.0000000000
21552  -43.203  -65.552  10.372 0.0000000000
21559  -43.639  -65.537  9.480 0.0000000000
21560  -44.058  -65.888  8.981 0.0000000000
21568  -43.867  -65.319  8.613 0.0000000000
22343  -35.819  -65.137  13.065 0.0000000000
22344  -36.482  -65.051  13.316 0.0000000000
22345  -37.276  -64.842  13.399 0.0000000000
22346  -38.319  -64.641  13.284 0.0000000000
22347  -39.095  -64.963  13.273 0.0000000000
22358  -34.841  -64.599  12.084 0.0000000000
22359  -35.344  -64.720  12.549 0.0000000000
22360  -36.129  -64.482  12.990 0.0000000000
22361  -36.748  -64.484  13.205 0.0000000000
22362  -38.603  -64.046  12.987 0.0000000000
22363  -39.352  -64.388  12.918 0.0000000000
22364  -40.425  -64.313  12.454 0.0000000000
22365  -40.965  -64.861  12.324 0.0000000000
22379  -34.616  -64.775  11.617 0.0000000000
22380  -40.835  -63.857  12.045 0.0000000000
22381  -41.378  -64.487  11.831 0.0000000000
22382  -42.175  -64.425  11.030 0.0000000000
22395  -42.784  -64.503  10.022 0.0000000000
22396  -43.227  -65.070  9.753 0.0000000000
22404  -42.929  -64.206  9.364 0.0000000000
22405  -43.324  -64.643  9.131 0.0000000000
22412  -43.667  -64.613  8.052 0.0000000000
22438  -34.879  -63.928  6.407 0.0000000000
22439  -35.654  -64.321  6.919 0.0000000000
22454  -35.072  -64.139  5.724 0.0000000000
23225  -37.075  -64.327  13.221 0.0000000000
23226  -37.479  -64.238  13.213 0.0000000000
23233  -34.719  -64.326  11.853 0.0000000000
23234  -34.930  -63.989  12.166 0.0000000000
23235  -35.721  -63.853  12.578 0.0000000000
23236  -36.769  -63.835  12.949 0.0000000000
23237  -37.899  -63.659  13.042 0.0000000000
23238  -38.769  -63.512  12.735 0.0000000000
23239  -39.617  -63.515  12.459 0.0000000000
23252  -34.642  -64.050  11.451 0.0000000000
23253  -34.907  -63.456  11.715 0.0000000000
23254  -40.320  -63.371  12.067 0.0000000000
23255  -41.003  -63.319  11.589 0.0000000000
23256  -41.696  -63.699  11.203 0.0000000000
23270  -34.691  -63.917  10.604 0.0000000000
23271  -41.506  -62.907  10.972 0.0000000000
23272  -42.158  -63.415  10.400 0.0000000000
23279  -34.835  -63.789  9.689 0.0000000000
23281  -42.731  -63.513  9.261 0.0000000000
23282  -43.014  -64.090  9.060 0.0000000000
23288  -34.832  -63.500  8.868 0.0000000000
23290  -43.044  -63.119  8.198 0.0000000000
23291  -43.201  -63.950  8.491 0.0000000000
23307  -34.016  -63.225  7.556 0.0000000000
23308  -34.571  -63.489  8.028 0.0000000000
23309  -35.257  -64.060  8.326 0.0000000000
23310  -43.211  -62.918  7.588 0.0000000000
23311  -43.562  -63.685  7.212 0.0000000000
23322  -33.552  -63.037  6.715 0.0000000000
23323  -34.553  -63.698  7.036 0.0000000000
23324  -35.184  -63.981  7.642 0.0000000000
23339  -33.358  -63.056  5.327 0.0000000000
23340  -34.166  -63.738  5.981 0.0000000000
23355  -33.371  -63.011  4.179 0.0000000000
23356  -34.152  -63.822  4.636 0.0000000000
23371  -33.812  -63.366  3.298 0.0000000000
23385  -34.366  -63.332  2.606 0.0000000000
24151  -35.291  -63.335  12.146 0.0000000000
24152  -35.997  -62.931  12.464 0.0000000000
24153  -37.100  -62.908  12.681 0.0000000000
24154  -38.064  -62.770  12.684 0.0000000000
24155  -38.985  -62.666  12.408 0.0000000000
24156  -39.741  -62.829  12.152 0.0000000000
24166  -34.691  -63.372  11.180 0.0000000000
24167  -35.148  -62.696  11.563 0.0000000000
24168  -35.890  -62.192  11.977 0.0000000000
24169  -39.445  -62.233  12.062 0.0000000000
24170  -40.186  -62.382  11.664 0.0000000000
24171  -40.941  -62.506  11.262 0.0000000000
24183  -34.680  -62.985  10.488 0.0000000000
24184  -34.951  -62.213  10.791 0.0000000000
24185  -40.612  -61.925  11.157 0.0000000000
24186  -41.173  -62.061  10.723 0.0000000000
24187  -41.731  -62.544  10.402 0.0000000000
24195  -34.608  -62.852  9.527 0.0000000000
24196  -41.577  -61.932  10.150 0.0000000000
24197  -42.176  -62.382  9.727 0.0000000000
24207  -33.878  -62.421  8.466 0.0000000000
24208  -34.203  -62.676  8.681 0.0000000000
24209  -42.611  -62.387  8.758 0.0000000000
24225  -33.684  -62.551  7.918 0.0000000000
24226  -34.061  -63.037  8.063 0.0000000000
24227  -42.939  -62.242  7.783 0.0000000000
24228  -43.270  -62.631  7.093 0.0000000000
24239  -33.190  -62.128  7.084 0.0000000000
24254  -32.789  -61.310  5.274 0.0000000000
24255  -32.979  -62.032  5.964 0.0000000000
24269  -32.849  -61.227  4.720 0.0000000000
24270  -32.975  -61.952  4.519 0.0000000000
24291  -33.364  -62.347  3.291 0.0000000000
24305  -33.986  -62.590  2.228 0.0000000000
24306  -34.530  -62.975  2.149 0.0000000000
24317  -34.323  -62.249  1.626 0.0000000000
24318  -34.805  -62.624  1.551 0.0000000000
25112  -36.537  -62.312  12.328 0.0000000000
25113  -37.285  -62.109  12.421 0.0000000000
25114  -38.173  -61.982  12.352 0.0000000000
25115  -38.858  -61.908  12.140 0.0000000000
25127  -35.547  -61.730  11.298 0.0000000000
25128  -36.431  -61.621  11.927 0.0000000000
25129  -37.385  -61.374  12.041 0.0000000000
25130  -38.296  -61.293  11.976 0.0000000000
25131  -39.241  -61.461  11.712 0.0000000000
25132  -40.018  -61.386  11.243 0.0000000000
25142  -34.742  -62.293  10.104 0.0000000000
25143  -34.970  -61.636  10.436 0.0000000000
25144  -40.598  -61.284  10.784 0.0000000000
25145  -41.138  -61.262  10.271 0.0000000000
25155  -34.083  -61.787  9.138 0.0000000000
25156  -34.383  -61.879  9.436 0.0000000000
25157  -34.845  -61.088  10.071 0.0000000000
25158  -41.687  -61.321  9.630 0.0000000000
25159  -42.270  -61.671  9.142 0.0000000000
25171  -33.849  -61.971  8.767 0.0000000000
25172  -34.134  -62.196  8.982 0.0000000000
25173  -42.010  -60.997  8.975 0.0000000000
25174  -42.469  -61.364  8.327 0.0000000000
25187  -33.308  -61.575  7.905 0.0000000000
25188  -42.771  -61.261  7.181 0.0000000000
25189  -43.091  -62.022  7.174 0.0000000000
25201  -32.781  -60.637  6.270 0.0000000000
25202  -32.864  -61.204  6.874 0.0000000000
25203  -42.915  -61.254  6.000 0.0000000000
25204  -43.222  -62.012  6.539 0.0000000000
25216  -32.784  -60.640  5.605 0.0000000000
25217  -32.759  -61.193  5.994 0.0000000000
25233  -32.861  -60.641  4.907 0.0000000000
25234  -32.942  -60.918  4.227 0.0000000000
25254  -33.188  -61.298  3.385 0.0000000000
25266  -33.541  -61.609  2.413 0.0000000000
25283  -34.059  -61.747  1.579 0.0000000000
25284  -34.485  -62.051  1.282 0.0000000000
25315  -34.383  -61.710  1.072 0.0000000000
26083  -36.005  -61.217  11.425 0.0000000000
26084  -36.578  -60.854  11.497 0.0000000000
26085  -37.543  -60.699  11.625 0.0000000000
26086  -38.417  -60.602  11.505 0.0000000000
26087  -39.298  -60.531  11.157 0.0000000000
26088  -40.049  -60.720  10.877 0.0000000000
26097  -35.581  -60.836  10.846 0.0000000000
26098  -36.293  -60.265  11.030 0.0000000000
26099  -39.712  -60.114  10.705 0.0000000000
26100  -40.481  -60.320  10.331 0.0000000000
26101  -41.160  -60.625  9.852 0.0000000000
26115  -34.016  -61.481  9.171 0.0000000000
26116  -34.325  -60.829  9.514 0.0000000000
26117  -35.029  -60.335  10.086 0.0000000000
26118  -40.874  -59.953  9.661 0.0000000000
26119  -41.422  -60.306  9.155 0.0000000000
26135  -33.657  -60.908  8.772 0.0000000000
26136  -34.080  -60.150  9.154 0.0000000000
26137  -41.944  -60.417  8.369 0.0000000000
26138  -42.355  -60.681  7.793 0.0000000000
26157  -33.226  -60.505  7.797 0.0000000000
26158  -42.049  -60.151  7.711 0.0000000000
26159  -42.304  -60.328  7.198 0.0000000000
26176  -32.875  -59.959  6.000 0.0000000000
26177  -32.981  -60.132  6.860 0.0000000000
26178  -42.434  -60.396  6.419 0.0000000000
26192  -32.954  -60.015  5.234 0.0000000000
26193  -33.096  -59.610  4.940 0.0000000000
26194  -41.865  -59.991  4.914 0.0000000000
26195  -42.418  -60.570  5.411 0.0000000000
26217  -32.947  -60.245  4.872 0.0000000000
26218  -33.022  -60.025  4.480 0.0000000000
26219  -41.960  -59.935  4.130 0.0000000000
26241  -33.124  -60.279  3.460 0.0000000000
26262  -33.416  -60.611  2.507 0.0000000000
26285  -33.726  -60.994  1.749 0.0000000000
26311  -34.113  -61.068  0.839 0.0000000000
26312  -34.564  -61.327  0.062 0.0000000000
26332  -34.157  -60.670  -0.129 0.0000000000
26348  -33.973  -60.618  -1.024 0.0000000000
27129  -36.948  -60.276  11.235 0.0000000000
27130  -37.615  -59.998  11.216 0.0000000000
27131  -38.445  -59.812  11.071 0.0000000000
27132  -39.116  -59.746  10.789 0.0000000000
27148  -35.768  -59.922  10.532 0.0000000000
27149  -36.705  -59.640  10.803 0.0000000000
27150  -37.623  -59.236  10.766 0.0000000000
27151  -38.543  -59.092  10.595 0.0000000000
27152  -39.557  -59.306  10.227 0.0000000000
27153  -40.332  -59.527  9.765 0.0000000000
27169  -34.574  -59.982  9.594 0.0000000000
27170  -35.268  -59.491  9.796 0.0000000000
27171  -39.928  -59.003  9.496 0.0000000000
27172  -40.647  -59.193  8.880 0.0000000000
27173  -41.411  -59.733  8.457 0.0000000000
27190  -33.747  -59.864  8.501 0.0000000000
27191  -34.592  -59.349  8.994 0.0000000000
27192  -35.253  -59.017  9.290 0.0000000000
27193  -41.129  -59.176  7.764 0.0000000000
27194  -41.690  -59.797  7.915 0.0000000000
27210  -33.563  -59.415  7.579 0.0000000000
27211  -34.172  -59.193  8.251 0.0000000000
27212  -41.020  -59.084  6.730 0.0000000000
27213  -41.764  -59.682  7.119 0.0000000000
27214  -42.182  -60.004  6.822 0.0000000000
27231  -33.042  -59.509  5.895 0.0000000000
27232  -33.288  -59.170  6.468 0.0000000000
27233  -40.767  -59.117  5.793 0.0000000000
27234  -41.489  -59.464  6.201 0.0000000000
27235  -42.023  -59.814  6.476 0.0000000000
27254  -33.023  -59.694  5.645 0.0000000000
27255  -33.141  -59.204  5.455 0.0000000000
27256  -40.635  -59.188  4.889 0.0000000000
27257  -41.313  -59.499  5.325 0.0000000000
27258  -41.999  -59.860  5.777 0.0000000000
27282  -33.223  -59.137  4.583 0.0000000000
27283  -40.801  -59.043  4.404 0.0000000000
27284  -41.272  -59.457  4.473 0.0000000000
27300  -33.274  -59.304  3.682 0.0000000000
27301  -41.597  -59.471  3.754 0.0000000000
27318  -33.353  -59.524  2.619 0.0000000000
27337  -33.576  -59.981  1.449 0.0000000000
27358  -33.757  -60.126  0.416 0.0000000000
27379  -33.755  -59.855  -0.421 0.0000000000
27388  -33.667  -59.794  -1.402 0.0000000000
27397  -33.585  -59.705  -2.368 0.0000000000
27399  -33.693  -59.560  -3.265 0.0000000000
28156  -36.033  -59.273  10.254 0.0000000000
28157  -36.737  -58.807  10.247 0.0000000000
28158  -37.713  -58.516  10.114 0.0000000000
28159  -38.695  -58.495  9.923 0.0000000000
28160  -39.357  -58.635  9.575 0.0000000000
28170  -35.862  -58.797  9.635 0.0000000000
28171  -36.763  -58.120  9.231 0.0000000000
28172  -37.967  -58.095  9.258 0.0000000000
28173  -38.837  -58.157  9.140 0.0000000000
28174  -39.641  -58.510  8.836 0.0000000000
28175  -40.089  -58.621  8.403 0.0000000000
28187  -34.633  -58.887  8.417 0.0000000000
28188  -35.372  -58.524  8.698 0.0000000000
28189  -36.197  -57.899  8.241 0.0000000000
28190  -38.322  -57.931  8.712 0.0000000000
28191  -38.846  -58.009  8.230 0.0000000000
28192  -39.607  -58.364  7.926 0.0000000000
28193  -40.351  -58.672  7.882 0.0000000000
28206  -33.719  -58.784  7.178 0.0000000000
28207  -34.443  -58.495  7.713 0.0000000000
28208  -35.448  -57.958  7.879 0.0000000000
28209  -35.991  -57.677  7.792 0.0000000000
28210  -38.801  -58.256  7.124 0.0000000000
28211  -39.785  -58.609  7.092 0.0000000000
28212  -40.508  -58.824  7.163 0.0000000000
28224  -33.847  -58.126  6.803 0.0000000000
28225  -34.420  -57.896  7.149 0.0000000000
28226  -38.610  -58.094  5.953 0.0000000000
28227  -39.381  -58.534  6.122 0.0000000000
28228  -40.227  -58.818  6.361 0.0000000000
28243  -33.366  -58.183  5.890 0.0000000000
28244  -38.591  -57.891  5.396 0.0000000000
28245  -39.110  -58.343  4.994 0.0000000000
28246  -40.007  -58.818  5.362 0.0000000000
28263  -33.283  -58.245  4.933 0.0000000000
28264  -39.527  -58.064  4.373 0.0000000000
28265  -40.324  -58.517  4.249 0.0000000000
28266  -41.052  -59.038  4.040 0.0000000000
28280  -33.334  -58.352  3.978 0.0000000000
28281  -40.850  -58.207  3.732 0.0000000000
28282  -41.496  -58.639  3.441 0.0000000000
28293  -33.481  -58.471  2.962 0.0000000000
28314  -33.584  -58.537  1.727 0.0000000000
28335  -33.615  -59.017  0.402 0.0000000000
28349  -33.655  -58.938  -0.806 0.0000000000
28355  -33.527  -58.893  -1.759 0.0000000000
28363  -33.694  -58.652  -2.647 0.0000000000
28364  -34.127  -58.067  -3.184 0.0000000000
28370  -33.900  -58.789  -3.600 0.0000000000
28371  -34.280  -58.174  -4.003 0.0000000000
29096  -37.544  -57.865  8.740 0.0000000000
29097  -37.950  -57.892  8.721 0.0000000000
29104  -37.090  -57.745  8.229 0.0000000000
29105  -37.999  -57.757  8.144 0.0000000000
29106  -38.451  -57.948  7.712 0.0000000000
29113  -34.964  -57.672  7.344 0.0000000000
29114  -35.769  -57.485  7.418 0.0000000000
29115  -36.582  -57.519  7.516 0.0000000000
29116  -37.499  -57.688  7.397 0.0000000000
29117  -38.135  -57.920  7.392 0.0000000000
29127  -33.717  -57.250  6.172 0.0000000000
29128  -34.484  -57.243  6.728 0.0000000000
29129  -35.401  -57.083  6.922 0.0000000000
29130  -36.261  -57.099  6.907 0.0000000000
29131  -37.218  -57.260  6.526 0.0000000000
29132  -37.991  -57.862  6.639 0.0000000000
29146  -33.436  -57.194  5.300 0.0000000000
29147  -37.459  -57.137  5.948 0.0000000000
29148  -37.992  -57.431  5.651 0.0000000000
29149  -38.633  -57.711  5.060 0.0000000000
29164  -33.342  -57.414  4.308 0.0000000000
29165  -38.500  -57.216  4.945 0.0000000000
29166  -39.085  -57.536  4.522 0.0000000000
29167  -39.878  -57.644  4.054 0.0000000000
29181  -33.476  -57.534  3.367 0.0000000000
29182  -40.569  -57.782  3.786 0.0000000000
29183  -41.166  -57.856  3.576 0.0000000000
29184  -41.895  -57.750  3.231 0.0000000000
29198  -33.704  -57.568  2.379 0.0000000000
29216  -33.817  -57.519  1.558 0.0000000000
29234  -33.762  -57.757  0.763 0.0000000000
29235  -33.925  -57.092  0.715 0.0000000000
29253  -33.700  -58.006  -0.297 0.0000000000
29254  -33.931  -57.120  0.129 0.0000000000
29262  -33.717  -58.113  -1.333 0.0000000000
29263  -33.993  -57.207  -0.912 0.0000000000
29273  -33.703  -58.271  -1.993 0.0000000000
29274  -34.162  -57.542  -2.176 0.0000000000
29283  -34.764  -57.282  -3.407 0.0000000000
30035  -33.712  -56.719  5.748 0.0000000000
30036  -34.216  -56.310  6.040 0.0000000000
30037  -35.102  -56.420  6.453 0.0000000000
30038  -35.900  -56.581  6.551 0.0000000000
30039  -36.602  -56.743  6.384 0.0000000000
30053  -33.734  -56.225  5.323 0.0000000000
30054  -34.102  -55.854  5.551 0.0000000000
30055  -35.649  -56.108  6.235 0.0000000000
30056  -36.324  -56.141  6.126 0.0000000000
30057  -37.260  -56.595  5.796 0.0000000000
30058  -38.188  -56.577  5.197 0.0000000000
30071  -33.466  -56.477  4.480 0.0000000000
30072  -38.913  -56.634  4.717 0.0000000000
30073  -39.658  -56.834  4.356 0.0000000000
30074  -40.717  -56.938  4.119 0.0000000000
30091  -33.427  -56.755  3.704 0.0000000000
30092  -40.959  -57.472  3.793 0.0000000000
30093  -41.482  -57.262  3.774 0.0000000000
30110  -33.650  -56.674  2.844 0.0000000000
30125  -33.937  -56.661  1.789 0.0000000000
30126  -34.111  -56.159  1.462 0.0000000000
30142  -33.919  -57.087  1.129 0.0000000000
30143  -34.141  -56.445  0.842 0.0000000000
30163  -34.291  -56.343  -0.274 0.0000000000
30171  -34.581  -56.355  -1.374 0.0000000000
30172  -35.151  -55.934  -1.825 0.0000000000
30183  -34.868  -56.538  -2.423 0.0000000000
30184  -35.738  -55.952  -2.413 0.0000000000
30185  -36.584  -55.998  -2.807 0.0000000000
30197  -35.305  -56.599  -3.044 0.0000000000
30910  -34.948  -55.870  6.046 0.0000000000
30911  -35.322  -55.956  6.157 0.0000000000
30923  -34.015  -55.599  5.206 0.0000000000
30924  -34.609  -55.381  5.480 0.0000000000
30925  -35.654  -55.440  5.840 0.0000000000
30926  -36.814  -55.501  5.679 0.0000000000
30927  -37.815  -55.665  5.355 0.0000000000
30928  -38.882  -55.797  5.058 0.0000000000
30929  -39.871  -55.488  5.061 0.0000000000
30930  -40.812  -55.348  5.092 0.0000000000
30946  -33.749  -55.661  4.602 0.0000000000
30947  -34.199  -55.079  4.820 0.0000000000
30948  -39.061  -56.232  4.862 0.0000000000
30949  -39.426  -56.201  4.782 0.0000000000
30950  -40.282  -56.131  4.682 0.0000000000
30951  -41.296  -55.945  4.718 0.0000000000
30967  -33.634  -55.770  3.506 0.0000000000
30968  -33.966  -55.057  4.090 0.0000000000
30981  -33.915  -55.808  2.353 0.0000000000
30982  -34.145  -55.359  2.133 0.0000000000
30996  -34.045  -56.028  1.757 0.0000000000
30997  -34.310  -55.524  1.478 0.0000000000
31014  -34.534  -55.609  0.357 0.0000000000
31037  -34.826  -55.516  -0.556 0.0000000000
31038  -35.330  -55.223  -0.909 0.0000000000
31045  -35.054  -55.625  -1.275 0.0000000000
31046  -35.673  -55.361  -1.507 0.0000000000
31047  -36.415  -55.065  -1.609 0.0000000000
31048  -37.162  -55.038  -1.784 0.0000000000
31049  -37.779  -55.185  -1.948 0.0000000000
31060  -36.079  -55.446  -1.950 0.0000000000
31061  -36.536  -55.500  -2.167 0.0000000000
31062  -37.281  -55.589  -2.331 0.0000000000
31063  -38.199  -55.630  -2.353 0.0000000000
31865  -34.609  -54.701  5.006 0.0000000000
31866  -35.312  -54.311  5.133 0.0000000000
31867  -36.418  -54.530  5.428 0.0000000000
31868  -37.452  -54.686  5.356 0.0000000000
31869  -38.466  -54.795  5.265 0.0000000000
31870  -39.453  -54.764  5.235 0.0000000000
31871  -40.404  -54.655  5.246 0.0000000000
31872  -41.312  -54.563  5.230 0.0000000000
31890  -34.576  -54.310  4.290 0.0000000000
31891  -35.144  -53.851  4.519 0.0000000000
31908  -33.849  -55.349  2.865 0.0000000000
31909  -34.128  -54.743  3.109 0.0000000000
31923  -34.012  -55.206  2.511 0.0000000000
31924  -34.299  -54.909  2.156 0.0000000000
31935  -34.696  -54.639  1.551 0.0000000000
31936  -35.064  -54.324  1.194 0.0000000000
31952  -34.869  -54.844  0.709 0.0000000000
31953  -35.323  -54.256  0.699 0.0000000000
31976  -34.863  -55.102  0.036 0.0000000000
31977  -35.471  -54.615  -0.257 0.0000000000
31978  -36.346  -54.189  -0.609 0.0000000000
31979  -36.824  -53.940  -0.682 0.0000000000
31986  -35.630  -54.979  -0.934 0.0000000000
31987  -36.071  -54.736  -1.033 0.0000000000
31988  -36.972  -54.349  -1.143 0.0000000000
31989  -37.959  -54.453  -1.622 0.0000000000
31990  -38.577  -54.004  -1.723 0.0000000000
32001  -38.228  -55.006  -1.960 0.0000000000
32002  -38.882  -54.614  -2.141 0.0000000000
32003  -39.969  -54.738  -2.630 0.0000000000
32858  -36.259  -53.738  4.993 0.0000000000
32859  -37.141  -53.799  5.070 0.0000000000
32860  -38.123  -53.944  5.067 0.0000000000
32861  -39.086  -53.980  5.139 0.0000000000
32862  -40.021  -53.922  5.262 0.0000000000
32863  -40.947  -53.876  5.200 0.0000000000
32880  -35.170  -53.657  3.987 0.0000000000
32881  -35.783  -53.493  4.360 0.0000000000
32882  -36.841  -53.118  4.307 0.0000000000
32883  -37.849  -53.239  4.584 0.0000000000
32884  -38.779  -53.299  4.714 0.0000000000
32885  -39.684  -53.291  4.831 0.0000000000
32886  -40.578  -53.234  4.886 0.0000000000
32887  -41.490  -53.190  4.878 0.0000000000
32904  -34.862  -53.816  3.235 0.0000000000
32905  -35.755  -53.182  3.332 0.0000000000
32906  -36.245  -53.069  3.871 0.0000000000
32923  -34.765  -54.156  2.201 0.0000000000
32924  -35.391  -53.464  2.418 0.0000000000
32937  -34.974  -54.187  1.587 0.0000000000
32938  -35.470  -53.720  1.417 0.0000000000
32939  -36.102  -53.387  0.876 0.0000000000
32955  -35.795  -53.843  0.462 0.0000000000
32956  -36.462  -53.413  0.284 0.0000000000
32957  -36.982  -53.297  -0.082 0.0000000000
32979  -36.117  -53.906  -0.119 0.0000000000
32980  -36.667  -53.699  -0.317 0.0000000000
32981  -37.299  -53.563  -0.613 0.0000000000
32982  -37.830  -53.443  -0.878 0.0000000000
32991  -37.662  -53.838  -1.145 0.0000000000
32992  -38.297  -53.533  -1.266 0.0000000000
32993  -39.197  -53.505  -1.693 0.0000000000
32994  -40.229  -53.215  -1.849 0.0000000000
32995  -41.152  -53.060  -1.954 0.0000000000
32996  -41.875  -52.993  -1.936 0.0000000000
33007  -39.781  -53.956  -2.202 0.0000000000
33008  -40.661  -53.873  -2.367 0.0000000000
33009  -41.608  -53.643  -2.438 0.0000000000
33010  -42.422  -53.284  -2.377 0.0000000000
33963  -37.201  -52.702  3.794 0.0000000000
33964  -37.717  -52.649  4.053 0.0000000000
33965  -38.538  -52.673  4.243 0.0000000000
33966  -39.397  -52.712  4.378 0.0000000000
33967  -40.223  -52.688  4.481 0.0000000000
33968  -41.062  -52.552  4.470 0.0000000000
33969  -42.003  -52.545  4.448 0.0000000000
33985  -36.236  -52.808  2.873 0.0000000000
33986  -36.708  -52.698  3.349 0.0000000000
33987  -37.598  -52.469  3.389 0.0000000000
33988  -38.390  -52.304  3.550 0.0000000000
33989  -39.176  -52.284  3.811 0.0000000000
33990  -39.984  -52.248  3.995 0.0000000000
33991  -40.606  -52.271  4.151 0.0000000000
34009  -35.962  -52.952  2.397 0.0000000000
34010  -36.635  -52.610  2.384 0.0000000000
34011  -37.448  -52.366  2.618 0.0000000000
34012  -38.174  -52.208  2.900 0.0000000000
34026  -35.748  -53.215  1.918 0.0000000000
34027  -36.319  -52.943  1.465 0.0000000000
34028  -37.363  -52.420  1.620 0.0000000000
34029  -38.315  -52.106  2.051 0.0000000000
34044  -36.497  -53.113  0.772 0.0000000000
34045  -37.159  -52.836  0.503 0.0000000000
34046  -38.483  -52.147  0.799 0.0000000000
34047  -39.248  -51.929  0.471 0.0000000000
34069  -37.377  -53.137  -0.156 0.0000000000
34070  -38.064  -52.910  -0.397 0.0000000000
34071  -39.306  -52.197  -0.207 0.0000000000
34072  -40.408  -52.107  -0.527 0.0000000000
34073  -41.321  -52.037  -0.688 0.0000000000
34074  -41.905  -51.928  -0.997 0.0000000000
34088  -38.899  -52.861  -1.035 0.0000000000
34089  -39.784  -52.625  -1.200 0.0000000000
34090  -40.773  -52.543  -1.307 0.0000000000
34091  -41.597  -52.489  -1.420 0.0000000000
34092  -42.290  -52.366  -1.705 0.0000000000
35024  -40.984  -52.154  4.088 0.0000000000
35025  -41.486  -52.084  4.030 0.0000000000
35026  -42.273  -51.965  4.005 0.0000000000
35043  -38.573  -52.105  3.092 0.0000000000
35044  -38.999  -51.993  3.218 0.0000000000
35045  -39.760  -52.021  3.322 0.0000000000
35046  -40.751  -51.947  3.547 0.0000000000
35047  -41.785  -51.643  3.408 0.0000000000
35067  -38.738  -51.979  2.690 0.0000000000
35068  -39.393  -51.846  2.687 0.0000000000
35069  -40.196  -51.776  2.668 0.0000000000
35070  -41.130  -51.555  2.627 0.0000000000
35071  -42.199  -51.204  2.520 0.0000000000
35087  -39.010  -51.849  2.200 0.0000000000
35088  -39.624  -51.733  1.993 0.0000000000
35089  -40.455  -51.588  1.829 0.0000000000
35090  -41.371  -51.355  1.724 0.0000000000
35091  -42.132  -51.050  1.522 0.0000000000
35105  -38.996  -51.818  1.597 0.0000000000
35106  -39.636  -51.656  1.011 0.0000000000
35107  -40.724  -51.579  0.965 0.0000000000
35108  -41.596  -51.368  0.861 0.0000000000
35109  -42.170  -51.001  0.831 0.0000000000
35128  -39.582  -51.864  0.363 0.0000000000
35129  -40.129  -51.809  0.267 0.0000000000
35130  -41.060  -51.744  0.145 0.0000000000
35131  -42.030  -51.428  -0.051 0.0000000000
35150  -42.310  -51.410  -1.093 0.0000000000
36129  -42.878  -50.774  1.896 0.0000000000
36142  -42.575  -50.667  1.226 0.0000000000
36143  -43.289  -50.245  1.218 0.0000000000
36156  -42.593  -50.605  0.533 0.0000000000
36157  -43.172  -50.030  0.224 0.0000000000
36179  -42.594  -50.638  -0.385 0.0000000000
