#!ascii label  , from subject FREESURFER vox2ras=TkReg 
309
91440  -30.057  4.697  9.775 0.0000000000
91442  -30.244  4.882  9.344 0.0000000000
91443  -30.603  4.883  9.101 0.0000000000
91446  -30.448  5.231  8.851 0.0000000000
91447  -30.877  5.194  8.567 0.0000000000
91448  -31.292  5.121  8.224 0.0000000000
91451  -31.144  5.513  7.998 0.0000000000
91452  -31.589  5.313  7.578 0.0000000000
91457  -31.898  5.563  6.829 0.0000000000
91462  -32.202  5.702  6.256 0.0000000000
91468  -33.187  5.641  4.840 0.0000000000
92298  -28.679  6.519  10.369 0.0000000000
92299  -30.057  5.077  9.349 0.0000000000
92304  -28.992  6.753  9.692 0.0000000000
92305  -30.260  5.389  8.897 0.0000000000
92309  -30.556  5.634  8.404 0.0000000000
92310  -30.878  5.697  8.075 0.0000000000
92314  -30.790  5.915  7.907 0.0000000000
92315  -31.173  5.943  7.448 0.0000000000
92316  -31.539  5.881  7.016 0.0000000000
92318  -31.465  6.246  6.817 0.0000000000
92319  -31.771  6.150  6.427 0.0000000000
92321  -32.242  6.143  5.770 0.0000000000
92322  -32.727  6.097  5.029 0.0000000000
92324  -33.359  6.302  4.111 0.0000000000
92325  -33.714  6.003  3.868 0.0000000000
92327  -33.539  6.856  3.441 0.0000000000
92328  -33.750  6.592  3.229 0.0000000000
92330  -33.861  6.941  2.482 0.0000000000
92332  -33.655  6.671  1.675 0.0000000000
92333  -33.832  6.836  2.058 0.0000000000
92335  -33.288  6.746  0.915 0.0000000000
92336  -33.764  7.124  1.504 0.0000000000
92340  -32.620  6.552  -0.204 0.0000000000
92344  -32.386  6.446  -1.275 0.0000000000
92347  -32.461  6.434  -2.281 0.0000000000
92355  -32.611  6.484  -3.243 0.0000000000
93204  -28.264  7.534  10.417 0.0000000000
93209  -28.717  7.539  9.601 0.0000000000
93210  -29.069  7.066  9.338 0.0000000000
93216  -28.826  8.034  9.031 0.0000000000
93217  -30.353  5.747  8.489 0.0000000000
93223  -30.627  5.927  8.096 0.0000000000
93224  -30.948  6.125  7.532 0.0000000000
93226  -31.378  6.497  6.693 0.0000000000
93227  -31.576  6.476  6.465 0.0000000000
93229  -31.530  7.084  5.997 0.0000000000
93230  -31.760  6.781  5.880 0.0000000000
93231  -32.304  6.525  5.336 0.0000000000
93237  -32.129  6.813  5.355 0.0000000000
93238  -32.737  6.574  4.641 0.0000000000
93243  -33.364  7.085  3.553 0.0000000000
93244  -33.705  7.396  3.040 0.0000000000
93248  -33.822  7.480  2.572 0.0000000000
93250  -33.925  7.671  1.845 0.0000000000
93252  -33.101  7.598  0.394 0.0000000000
93253  -33.661  7.625  1.068 0.0000000000
93256  -32.218  8.337  -0.920 0.0000000000
93257  -32.484  7.728  -0.650 0.0000000000
93261  -32.080  8.100  -1.397 0.0000000000
93262  -32.210  7.336  -1.711 0.0000000000
93266  -31.976  7.914  -2.049 0.0000000000
93267  -32.242  7.460  -2.666 0.0000000000
93277  -32.491  7.460  -3.719 0.0000000000
94113  -28.234  8.362  9.959 0.0000000000
94121  -28.514  8.543  9.262 0.0000000000
94126  -28.885  8.554  8.507 0.0000000000
94127  -29.306  8.138  8.083 0.0000000000
94134  -29.163  8.737  7.825 0.0000000000
94135  -29.613  8.408  7.359 0.0000000000
94136  -30.127  8.123  6.834 0.0000000000
94140  -29.868  8.716  6.702 0.0000000000
94141  -30.314  8.489  6.234 0.0000000000
94145  -31.522  7.820  5.389 0.0000000000
94146  -31.768  7.177  5.542 0.0000000000
94152  -31.180  8.740  4.731 0.0000000000
94153  -31.758  8.400  4.223 0.0000000000
94154  -32.258  7.898  3.975 0.0000000000
94158  -31.933  8.788  3.610 0.0000000000
94159  -33.430  8.234  2.687 0.0000000000
94160  -33.747  7.880  2.643 0.0000000000
94164  -33.425  8.584  2.363 0.0000000000
94165  -33.730  8.290  2.258 0.0000000000
94167  -33.720  8.489  1.699 0.0000000000
94169  -33.517  8.164  0.690 0.0000000000
94170  -33.686  8.389  1.139 0.0000000000
94175  -32.434  8.875  -0.595 0.0000000000
94176  -33.209  8.542  0.125 0.0000000000
94177  -33.537  8.554  0.667 0.0000000000
94185  -31.918  8.643  -1.125 0.0000000000
94195  -31.853  8.659  -2.021 0.0000000000
94196  -32.021  8.126  -2.472 0.0000000000
94208  -31.795  9.072  -2.668 0.0000000000
94209  -32.074  8.473  -3.144 0.0000000000
94231  -32.405  8.335  -4.294 0.0000000000
94246  -32.587  8.333  -5.301 0.0000000000
94980  -27.961  8.828  10.211 0.0000000000
94986  -27.631  9.859  10.161 0.0000000000
94987  -28.019  9.334  9.710 0.0000000000
94994  -28.402  9.388  8.817 0.0000000000
95000  -28.812  9.519  7.815 0.0000000000
95001  -29.237  9.045  7.426 0.0000000000
95006  -28.863  10.013  7.211 0.0000000000
95007  -29.382  9.500  6.761 0.0000000000
95008  -29.899  9.045  6.357 0.0000000000
95011  -29.516  9.943  6.078 0.0000000000
95012  -30.016  9.465  5.766 0.0000000000
95016  -30.963  9.982  3.981 0.0000000000
95017  -31.276  9.029  4.307 0.0000000000
95019  -30.991  10.357  3.493 0.0000000000
95020  -31.705  9.919  2.911 0.0000000000
95021  -32.725  9.104  2.636 0.0000000000
95025  -32.067  9.966  2.212 0.0000000000
95026  -32.908  9.152  2.309 0.0000000000
95027  -33.420  8.752  2.187 0.0000000000
95032  -32.111  10.208  1.840 0.0000000000
95033  -32.712  9.749  1.582 0.0000000000
95034  -33.386  8.923  1.895 0.0000000000
95039  -33.055  9.783  0.771 0.0000000000
95040  -33.442  9.084  1.298 0.0000000000
95045  -32.276  9.731  -0.579 0.0000000000
95046  -33.065  9.678  -0.112 0.0000000000
95047  -33.454  9.030  0.647 0.0000000000
95055  -31.788  9.411  -1.162 0.0000000000
95061  -31.770  9.608  -2.206 0.0000000000
95069  -31.837  9.586  -3.264 0.0000000000
95070  -32.125  9.086  -3.986 0.0000000000
95090  -31.964  9.842  -4.337 0.0000000000
95091  -32.313  9.151  -4.851 0.0000000000
95105  -32.069  9.969  -5.341 0.0000000000
95106  -32.383  9.193  -5.845 0.0000000000
95116  -31.849  9.922  -6.366 0.0000000000
95802  -27.660  10.461  9.575 0.0000000000
95803  -28.056  9.911  9.147 0.0000000000
95812  -27.710  10.994  8.962 0.0000000000
95813  -28.113  10.424  8.519 0.0000000000
95820  -28.484  10.475  7.556 0.0000000000
95824  -28.799  10.562  6.774 0.0000000000
95825  -29.215  10.282  6.250 0.0000000000
95827  -28.958  10.892  6.116 0.0000000000
95828  -29.658  11.575  4.469 0.0000000000
95829  -30.207  10.926  4.148 0.0000000000
95833  -29.880  11.364  4.205 0.0000000000
95834  -30.427  10.905  3.826 0.0000000000
95837  -30.898  10.695  3.147 0.0000000000
95838  -31.471  10.412  2.616 0.0000000000
95841  -31.037  10.896  2.604 0.0000000000
95842  -31.573  10.652  2.078 0.0000000000
95844  -32.085  10.626  1.509 0.0000000000
95845  -32.566  10.594  0.961 0.0000000000
95847  -32.666  10.580  0.274 0.0000000000
95849  -31.914  10.062  -0.835 0.0000000000
95850  -32.232  10.648  -0.523 0.0000000000
95857  -31.831  10.419  -1.498 0.0000000000
95858  -31.966  11.249  -1.231 0.0000000000
95864  -31.704  10.494  -2.665 0.0000000000
95869  -31.664  10.546  -3.753 0.0000000000
95889  -31.666  10.642  -4.781 0.0000000000
95913  -31.503  10.678  -5.807 0.0000000000
95937  -31.284  10.686  -6.953 0.0000000000
95956  -30.622  11.190  -9.183 0.0000000000
96583  -27.191  11.201  10.053 0.0000000000
96590  -27.011  11.971  9.921 0.0000000000
96591  -27.376  11.570  9.298 0.0000000000
96601  -27.716  11.532  8.444 0.0000000000
96602  -28.086  11.098  7.868 0.0000000000
96611  -28.240  13.525  6.445 0.0000000000
96612  -28.289  11.245  7.195 0.0000000000
96620  -28.384  13.309  6.109 0.0000000000
96621  -28.677  12.947  5.607 0.0000000000
96626  -29.224  12.397  4.968 0.0000000000
96627  -29.569  11.846  4.489 0.0000000000
96630  -29.383  12.294  4.573 0.0000000000
96631  -29.704  11.775  3.998 0.0000000000
96632  -30.289  11.291  3.489 0.0000000000
96634  -29.926  11.866  3.327 0.0000000000
96635  -30.526  11.357  2.949 0.0000000000
96638  -30.230  11.980  2.771 0.0000000000
96639  -30.880  11.607  2.186 0.0000000000
96640  -31.561  11.232  1.657 0.0000000000
96642  -31.322  11.877  1.500 0.0000000000
96643  -32.022  11.572  1.066 0.0000000000
96644  -32.420  11.227  0.545 0.0000000000
96646  -32.224  11.840  0.437 0.0000000000
96647  -32.391  11.552  -0.038 0.0000000000
96651  -32.240  11.811  -0.791 0.0000000000
96659  -31.685  11.429  -2.079 0.0000000000
96660  -31.920  11.874  -1.417 0.0000000000
96666  -31.492  11.358  -3.202 0.0000000000
96670  -31.355  11.335  -4.213 0.0000000000
96677  -31.232  11.355  -5.176 0.0000000000
96692  -30.538  11.869  -6.376 0.0000000000
96693  -30.895  11.452  -6.190 0.0000000000
96722  -30.487  11.657  -6.844 0.0000000000
96723  -30.824  11.273  -7.084 0.0000000000
96745  -30.536  11.569  -7.614 0.0000000000
96746  -31.055  11.174  -7.775 0.0000000000
96759  -29.808  11.701  -8.908 0.0000000000
96760  -30.592  11.387  -8.553 0.0000000000
96761  -31.070  11.003  -8.345 0.0000000000
96770  -30.245  11.485  -9.407 0.0000000000
97438  -27.087  12.655  9.327 0.0000000000
97439  -27.376  12.241  8.760 0.0000000000
97447  -27.283  12.912  8.634 0.0000000000
97448  -28.170  13.946  6.602 0.0000000000
97456  -28.282  13.668  6.338 0.0000000000
97464  -28.496  13.382  5.841 0.0000000000
97465  -28.805  12.953  5.377 0.0000000000
97471  -28.724  13.347  5.399 0.0000000000
97472  -29.072  12.965  4.895 0.0000000000
97475  -29.347  12.663  4.286 0.0000000000
97476  -29.508  12.540  3.708 0.0000000000
97478  -29.690  12.612  2.984 0.0000000000
97481  -30.265  12.609  2.323 0.0000000000
97482  -30.849  12.582  1.648 0.0000000000
97484  -31.483  12.568  1.077 0.0000000000
97485  -31.964  12.504  0.516 0.0000000000
97490  -32.263  12.379  0.072 0.0000000000
97491  -32.302  12.321  -0.346 0.0000000000
97496  -32.286  12.496  -0.758 0.0000000000
97503  -31.676  12.383  -1.884 0.0000000000
97504  -32.087  12.463  -1.229 0.0000000000
97511  -31.363  12.210  -2.763 0.0000000000
97518  -31.102  12.082  -3.707 0.0000000000
97525  -30.656  12.566  -5.034 0.0000000000
97526  -30.950  11.990  -4.615 0.0000000000
97536  -30.476  12.231  -5.870 0.0000000000
97537  -30.829  11.915  -5.378 0.0000000000
97552  -28.838  12.325  -6.888 0.0000000000
97553  -29.607  12.244  -6.745 0.0000000000
97554  -30.210  12.107  -6.552 0.0000000000
97579  -29.398  11.936  -7.498 0.0000000000
97580  -30.060  11.893  -7.242 0.0000000000
97592  -29.224  11.750  -8.326 0.0000000000
97593  -29.998  11.854  -8.074 0.0000000000
98233  -27.157  13.559  8.849 0.0000000000
98234  -28.225  14.601  6.892 0.0000000000
98240  -28.255  14.274  6.565 0.0000000000
98247  -28.319  13.997  6.117 0.0000000000
98254  -28.523  13.873  5.647 0.0000000000
98255  -28.836  13.802  5.051 0.0000000000
98258  -29.199  13.562  4.328 0.0000000000
98259  -29.360  13.048  3.998 0.0000000000
98261  -29.291  13.940  3.953 0.0000000000
98262  -29.465  13.519  3.545 0.0000000000
98265  -29.845  13.527  2.583 0.0000000000
98266  -30.467  13.522  1.861 0.0000000000
98269  -31.124  13.501  1.220 0.0000000000
98270  -31.720  13.448  0.620 0.0000000000
98272  -32.267  13.298  -0.028 0.0000000000
98273  -32.319  12.733  -0.182 0.0000000000
98275  -32.181  13.497  -0.823 0.0000000000
98276  -32.300  12.893  -0.500 0.0000000000
98280  -31.788  13.217  -1.514 0.0000000000
98281  -32.231  12.934  -0.975 0.0000000000
98286  -31.304  13.072  -2.414 0.0000000000
98293  -30.610  13.537  -3.812 0.0000000000
98294  -30.990  12.907  -3.310 0.0000000000
98302  -30.410  13.306  -4.625 0.0000000000
98303  -30.760  12.737  -4.185 0.0000000000
98310  -29.580  13.378  -5.691 0.0000000000
98311  -30.200  13.015  -5.407 0.0000000000
98321  -28.477  13.155  -6.540 0.0000000000
98322  -29.211  12.883  -6.298 0.0000000000
98323  -29.927  12.676  -6.126 0.0000000000
99002  -28.323  15.423  7.328 0.0000000000
99007  -28.370  15.003  6.904 0.0000000000
99012  -28.436  14.805  6.279 0.0000000000
99013  -28.655  15.279  5.896 0.0000000000
99019  -28.434  14.298  5.897 0.0000000000
99020  -28.680  14.688  5.453 0.0000000000
99023  -29.120  14.591  4.533 0.0000000000
99024  -29.409  15.142  4.072 0.0000000000
99027  -29.223  14.154  4.151 0.0000000000
99028  -29.460  14.564  3.759 0.0000000000
99030  -29.827  14.455  2.993 0.0000000000
99038  -31.993  14.353  0.194 0.0000000000
99042  -32.064  14.289  -0.567 0.0000000000
99047  -31.721  14.144  -1.321 0.0000000000
99051  -30.718  14.549  -2.660 0.0000000000
99052  -31.254  13.930  -2.112 0.0000000000
99058  -30.408  14.339  -3.474 0.0000000000
99059  -30.855  13.732  -2.959 0.0000000000
99066  -29.584  14.537  -4.627 0.0000000000
99067  -30.135  14.069  -4.236 0.0000000000
99074  -28.604  14.554  -5.712 0.0000000000
99075  -29.273  14.174  -5.354 0.0000000000
99076  -29.874  13.754  -4.984 0.0000000000
99085  -28.228  14.071  -6.334 0.0000000000
99086  -28.908  13.719  -6.001 0.0000000000
99785  -28.494  15.945  7.298 0.0000000000
99786  -28.714  16.372  7.062 0.0000000000
99792  -28.498  15.354  6.768 0.0000000000
99793  -28.752  15.854  6.454 0.0000000000
99799  -29.134  15.783  5.425 0.0000000000
99802  -29.060  15.185  4.973 0.0000000000
99828  -31.569  14.981  -1.082 0.0000000000
99830  -30.494  15.289  -2.369 0.0000000000
99831  -31.123  14.755  -1.846 0.0000000000
99835  -29.828  15.725  -3.767 0.0000000000
99836  -30.234  15.137  -3.206 0.0000000000
99843  -29.370  15.359  -4.384 0.0000000000
99844  -29.954  14.896  -3.956 0.0000000000
99852  -28.335  15.381  -5.473 0.0000000000
99853  -28.921  14.943  -4.998 0.0000000000
99870  -27.945  14.926  -6.073 0.0000000000
100615  -30.005  15.863  -2.936 0.0000000000
100621  -29.124  16.122  -4.185 0.0000000000
100628  -28.741  15.784  -4.853 0.0000000000
