#!ascii label  , from subject FREESURFER vox2ras=TkReg 
491
11087  -6.630  -76.585  7.475 0.0000000000
11088  -7.197  -76.364  7.296 0.0000000000
11089  -7.452  -76.218  7.173 0.0000000000
11100  -7.105  -76.852  6.869 0.0000000000
11101  -7.524  -76.666  6.762 0.0000000000
11844  -4.465  -76.075  8.185 0.0000000000
11845  -5.722  -76.304  8.127 0.0000000000
11846  -6.685  -75.899  7.905 0.0000000000
11847  -7.313  -75.826  7.537 0.0000000000
11848  -7.660  -75.919  7.141 0.0000000000
11868  -8.095  -76.170  6.644 0.0000000000
11895  -7.409  -75.605  3.735 0.0000000000
12585  -2.817  -75.079  8.818 0.0000000000
12586  -3.147  -75.086  9.125 0.0000000000
12587  -3.983  -74.971  9.342 0.0000000000
12588  -4.947  -74.930  9.504 0.0000000000
12589  -5.485  -74.730  9.466 0.0000000000
12607  -2.667  -75.067  8.560 0.0000000000
12608  -2.995  -75.455  8.514 0.0000000000
12609  -3.812  -75.453  8.678 0.0000000000
12610  -4.820  -75.574  8.899 0.0000000000
12611  -5.992  -75.268  8.966 0.0000000000
12612  -7.078  -75.100  8.154 0.0000000000
12613  -7.571  -75.334  7.543 0.0000000000
12630  -2.610  -75.363  7.941 0.0000000000
12632  -7.630  -74.657  7.776 0.0000000000
12633  -8.272  -75.163  7.262 0.0000000000
12664  -7.122  -74.672  5.272 0.0000000000
12674  -7.436  -75.154  4.358 0.0000000000
12675  -7.902  -74.716  3.902 0.0000000000
12684  -7.843  -75.418  3.329 0.0000000000
12685  -8.193  -74.922  3.521 0.0000000000
12692  -7.877  -75.752  2.406 0.0000000000
12693  -8.821  -75.127  2.649 0.0000000000
12694  -9.325  -74.630  2.184 0.0000000000
12704  -8.773  -75.454  1.639 0.0000000000
12705  -9.629  -74.824  1.543 0.0000000000
13398  -3.459  -73.963  10.095 0.0000000000
13399  -3.838  -73.801  10.088 0.0000000000
13414  -2.760  -74.631  8.981 0.0000000000
13415  -3.206  -74.395  9.728 0.0000000000
13416  -4.193  -74.257  9.871 0.0000000000
13417  -5.132  -74.366  9.844 0.0000000000
13418  -5.855  -74.328  9.452 0.0000000000
13436  -2.519  -74.797  8.373 0.0000000000
13437  -6.611  -74.354  8.803 0.0000000000
13438  -7.388  -74.150  8.295 0.0000000000
13439  -7.625  -73.611  8.225 0.0000000000
13456  -7.672  -74.256  7.953 0.0000000000
13457  -8.079  -73.904  7.814 0.0000000000
13458  -8.973  -74.175  7.246 0.0000000000
13472  -6.741  -74.062  6.150 0.0000000000
13485  -6.747  -74.471  5.779 0.0000000000
13486  -7.106  -74.121  5.623 0.0000000000
13499  -7.406  -74.248  4.813 0.0000000000
13500  -7.720  -74.488  4.161 0.0000000000
13508  -7.673  -74.011  4.203 0.0000000000
13509  -8.225  -74.176  3.568 0.0000000000
13510  -8.560  -73.682  2.982 0.0000000000
13518  -8.598  -74.646  3.124 0.0000000000
13519  -9.003  -74.207  2.658 0.0000000000
13528  -9.642  -74.197  1.826 0.0000000000
14266  -2.944  -73.182  10.186 0.0000000000
14267  -3.480  -73.431  10.204 0.0000000000
14268  -4.397  -73.546  10.142 0.0000000000
14269  -4.928  -73.335  10.151 0.0000000000
14291  -2.812  -73.584  9.558 0.0000000000
14292  -3.008  -73.774  10.142 0.0000000000
14293  -4.780  -73.990  10.078 0.0000000000
14294  -5.339  -73.636  10.012 0.0000000000
14295  -6.457  -73.472  9.363 0.0000000000
14296  -6.873  -72.947  9.099 0.0000000000
14315  -2.687  -74.043  8.504 0.0000000000
14316  -6.921  -73.812  8.745 0.0000000000
14317  -7.247  -73.273  8.679 0.0000000000
14318  -7.773  -73.056  8.149 0.0000000000
14329  -2.858  -73.616  7.561 0.0000000000
14333  -5.857  -73.353  7.039 0.0000000000
14334  -8.333  -72.782  7.838 0.0000000000
14335  -8.886  -73.121  7.438 0.0000000000
14346  -6.336  -73.589  6.594 0.0000000000
14347  -6.851  -73.512  6.021 0.0000000000
14357  -7.153  -73.577  5.320 0.0000000000
14369  -7.338  -73.549  4.581 0.0000000000
14378  -7.580  -73.480  3.848 0.0000000000
14379  -8.052  -73.277  3.201 0.0000000000
14380  -8.405  -73.365  2.808 0.0000000000
14387  -8.181  -73.057  2.609 0.0000000000
14388  -8.693  -73.390  2.421 0.0000000000
14392  -9.340  -73.538  1.937 0.0000000000
14393  -10.040  -73.526  1.373 0.0000000000
15134  -3.267  -72.781  10.271 0.0000000000
15135  -3.949  -72.858  10.169 0.0000000000
15136  -4.760  -72.970  10.155 0.0000000000
15137  -5.162  -73.157  10.088 0.0000000000
15163  -2.939  -72.184  9.957 0.0000000000
15164  -3.589  -72.091  10.117 0.0000000000
15165  -4.509  -72.229  10.077 0.0000000000
15166  -5.561  -72.655  9.879 0.0000000000
15167  -6.573  -72.553  9.385 0.0000000000
15168  -7.178  -72.508  8.959 0.0000000000
15186  -2.949  -72.644  8.758 0.0000000000
15187  -7.619  -72.588  8.577 0.0000000000
15188  -8.048  -72.342  8.253 0.0000000000
15202  -3.129  -72.370  7.858 0.0000000000
15203  -3.755  -72.315  7.554 0.0000000000
15204  -4.716  -72.438  7.421 0.0000000000
15205  -5.710  -72.661  7.150 0.0000000000
15206  -6.171  -73.065  6.922 0.0000000000
15207  -8.398  -72.117  7.878 0.0000000000
15208  -8.754  -72.223  7.454 0.0000000000
15216  -5.891  -72.133  6.809 0.0000000000
15217  -6.375  -72.695  6.385 0.0000000000
15218  -6.869  -73.039  5.692 0.0000000000
15227  -6.544  -72.569  5.505 0.0000000000
15228  -6.977  -72.978  5.005 0.0000000000
15239  -6.363  -72.545  4.672 0.0000000000
15240  -6.884  -72.993  4.162 0.0000000000
15249  -5.598  -72.151  3.213 0.0000000000
15250  -5.937  -72.458  3.599 0.0000000000
15251  -7.069  -72.855  3.243 0.0000000000
15252  -7.640  -72.867  2.752 0.0000000000
15259  -5.643  -72.122  2.840 0.0000000000
15260  -6.240  -72.402  2.652 0.0000000000
15261  -7.005  -72.585  2.395 0.0000000000
15262  -7.693  -72.748  2.210 0.0000000000
15263  -8.271  -72.915  2.135 0.0000000000
15268  -5.746  -72.088  2.150 0.0000000000
15269  -6.290  -72.253  1.792 0.0000000000
15270  -7.090  -72.454  1.734 0.0000000000
15271  -7.873  -72.576  1.666 0.0000000000
15272  -8.767  -72.827  1.711 0.0000000000
15273  -9.535  -72.984  1.402 0.0000000000
15280  -6.541  -72.198  1.299 0.0000000000
15281  -7.186  -72.265  1.120 0.0000000000
15282  -8.130  -72.331  1.028 0.0000000000
15283  -9.101  -72.420  0.947 0.0000000000
15284  -10.130  -72.668  0.767 0.0000000000
15972  -2.618  -70.306  10.869 0.0000000000
15973  -2.721  -70.134  10.892 0.0000000000
15991  -2.687  -70.186  10.666 0.0000000000
15992  -2.855  -70.352  10.800 0.0000000000
16014  -2.677  -70.704  10.272 0.0000000000
16015  -3.250  -71.063  10.611 0.0000000000
16016  -4.098  -71.284  10.048 0.0000000000
16017  -5.201  -71.418  9.747 0.0000000000
16018  -6.161  -71.796  9.412 0.0000000000
16019  -6.921  -71.936  9.170 0.0000000000
16033  -2.649  -71.185  9.304 0.0000000000
16034  -3.612  -71.022  7.704 0.0000000000
16035  -3.832  -71.092  7.698 0.0000000000
16036  -5.901  -71.045  9.237 0.0000000000
16037  -6.679  -71.161  8.827 0.0000000000
16038  -7.630  -71.770  8.642 0.0000000000
16039  -8.221  -71.796  8.121 0.0000000000
16052  -2.836  -71.332  8.352 0.0000000000
16053  -3.461  -71.238  7.761 0.0000000000
16054  -4.286  -71.443  7.604 0.0000000000
16055  -5.336  -71.545  7.210 0.0000000000
16056  -7.380  -70.837  8.137 0.0000000000
16057  -8.170  -71.201  8.001 0.0000000000
16058  -8.643  -71.572  7.629 0.0000000000
16072  -5.822  -71.717  6.142 0.0000000000
16073  -6.246  -72.251  5.859 0.0000000000
16086  -5.619  -71.473  5.043 0.0000000000
16087  -6.111  -72.068  5.283 0.0000000000
16097  -5.282  -71.518  4.173 0.0000000000
16098  -5.740  -72.075  4.455 0.0000000000
16106  -5.374  -71.712  3.284 0.0000000000
16107  -5.473  -72.035  3.882 0.0000000000
16118  -5.392  -71.609  2.278 0.0000000000
16128  -5.676  -71.658  1.297 0.0000000000
16129  -6.122  -72.085  1.229 0.0000000000
16139  -5.657  -71.379  0.560 0.0000000000
16140  -6.268  -71.852  0.690 0.0000000000
16141  -7.349  -71.903  0.418 0.0000000000
16142  -8.414  -71.885  0.334 0.0000000000
16143  -9.428  -71.953  0.244 0.0000000000
16144  -10.345  -71.976  0.040 0.0000000000
16156  -5.796  -71.207  -0.010 0.0000000000
16157  -6.588  -71.488  -0.197 0.0000000000
16158  -7.661  -71.472  -0.438 0.0000000000
16159  -8.748  -71.512  -0.395 0.0000000000
16160  -9.671  -71.516  -0.486 0.0000000000
16172  -6.043  -71.052  -0.732 0.0000000000
16173  -6.770  -71.214  -1.056 0.0000000000
16174  -7.580  -71.146  -1.222 0.0000000000
16828  -2.689  -69.941  10.858 0.0000000000
16829  -2.875  -69.861  11.025 0.0000000000
16847  -2.555  -69.748  10.400 0.0000000000
16848  -3.255  -69.978  10.798 0.0000000000
16860  -2.422  -69.981  9.592 0.0000000000
16861  -3.852  -70.269  10.256 0.0000000000
16862  -4.636  -70.479  9.737 0.0000000000
16863  -5.380  -70.455  9.284 0.0000000000
16871  -2.562  -70.199  8.651 0.0000000000
16872  -3.841  -70.830  7.636 0.0000000000
16873  -4.173  -70.956  7.623 0.0000000000
16874  -5.992  -70.417  8.733 0.0000000000
16875  -6.570  -70.340  8.156 0.0000000000
16884  -2.897  -70.375  7.840 0.0000000000
16885  -3.599  -70.403  7.496 0.0000000000
16886  -4.530  -70.610  7.175 0.0000000000
16887  -5.144  -70.968  7.079 0.0000000000
16888  -7.145  -70.031  7.532 0.0000000000
16889  -7.950  -70.472  7.520 0.0000000000
16901  -4.749  -70.303  6.092 0.0000000000
16902  -5.265  -70.925  6.618 0.0000000000
16903  -7.223  -69.761  7.193 0.0000000000
16916  -4.653  -70.331  5.106 0.0000000000
16917  -5.279  -70.874  5.628 0.0000000000
16929  -4.608  -70.364  4.388 0.0000000000
16930  -5.042  -70.869  4.669 0.0000000000
16943  -4.433  -70.160  4.068 0.0000000000
16944  -4.842  -70.648  3.741 0.0000000000
16958  -5.200  -70.783  2.679 0.0000000000
16970  -5.352  -70.831  1.577 0.0000000000
16982  -4.928  -70.089  -0.282 0.0000000000
16983  -5.155  -70.710  0.273 0.0000000000
16994  -4.973  -70.113  -0.704 0.0000000000
16995  -5.435  -70.620  -0.758 0.0000000000
16996  -8.248  -71.195  -0.966 0.0000000000
16997  -9.033  -71.096  -1.069 0.0000000000
16998  -9.910  -71.051  -1.119 0.0000000000
17011  -4.927  -70.106  -1.720 0.0000000000
17012  -5.915  -70.744  -1.684 0.0000000000
17013  -7.056  -70.979  -1.899 0.0000000000
17014  -8.234  -70.812  -1.729 0.0000000000
17015  -9.364  -70.735  -1.791 0.0000000000
17031  -4.827  -69.958  -2.439 0.0000000000
17032  -5.248  -70.236  -2.763 0.0000000000
17033  -6.383  -70.580  -2.708 0.0000000000
17034  -7.576  -70.465  -2.636 0.0000000000
17035  -8.779  -70.392  -2.609 0.0000000000
17044  -5.259  -70.050  -3.451 0.0000000000
17045  -5.856  -70.212  -3.491 0.0000000000
17046  -6.917  -70.106  -3.437 0.0000000000
17047  -8.101  -70.021  -3.430 0.0000000000
17731  -2.693  -69.443  10.774 0.0000000000
17732  -2.801  -69.594  10.996 0.0000000000
17747  -2.631  -68.917  10.393 0.0000000000
17748  -3.025  -68.942  10.840 0.0000000000
17758  -2.477  -68.856  9.728 0.0000000000
17759  -3.697  -69.197  10.261 0.0000000000
17760  -4.408  -69.497  9.653 0.0000000000
17761  -4.980  -69.845  9.331 0.0000000000
17771  -2.473  -69.041  8.854 0.0000000000
17772  -4.915  -69.259  9.108 0.0000000000
17773  -5.452  -69.571  8.696 0.0000000000
17774  -6.048  -69.815  8.278 0.0000000000
17784  -2.677  -69.224  7.885 0.0000000000
17785  -3.169  -69.686  7.292 0.0000000000
17786  -3.798  -69.891  7.013 0.0000000000
17787  -5.836  -69.268  8.110 0.0000000000
17788  -6.377  -69.486  7.691 0.0000000000
17796  -2.889  -68.951  7.030 0.0000000000
17797  -3.340  -69.281  6.510 0.0000000000
17798  -4.125  -69.743  6.379 0.0000000000
17799  -6.962  -69.393  6.995 0.0000000000
17808  -3.575  -69.220  5.755 0.0000000000
17809  -4.100  -69.779  5.437 0.0000000000
17820  -3.420  -69.176  4.781 0.0000000000
17821  -4.158  -69.823  4.495 0.0000000000
17833  -3.907  -69.105  4.164 0.0000000000
17834  -4.408  -69.635  3.795 0.0000000000
17835  -5.031  -69.795  3.136 0.0000000000
17851  -5.581  -69.751  2.119 0.0000000000
17852  -6.040  -69.140  1.851 0.0000000000
17868  -5.447  -70.091  0.935 0.0000000000
17869  -5.914  -69.402  1.300 0.0000000000
17883  -4.877  -69.776  -0.578 0.0000000000
17884  -5.019  -69.711  0.026 0.0000000000
17885  -5.572  -69.517  0.596 0.0000000000
17894  -4.746  -69.567  -1.195 0.0000000000
17895  -4.882  -69.400  -0.673 0.0000000000
17906  -4.633  -69.600  -1.773 0.0000000000
17918  -4.658  -69.650  -2.321 0.0000000000
17919  -4.727  -69.894  -2.798 0.0000000000
17927  -4.725  -69.597  -2.848 0.0000000000
17928  -4.874  -69.690  -3.344 0.0000000000
17929  -5.425  -69.773  -3.901 0.0000000000
17930  -6.302  -69.671  -4.062 0.0000000000
17931  -7.414  -69.546  -4.106 0.0000000000
17932  -8.397  -69.655  -4.145 0.0000000000
17943  -5.170  -69.186  -3.880 0.0000000000
17944  -5.768  -69.082  -4.310 0.0000000000
17945  -6.757  -68.959  -4.579 0.0000000000
17946  -7.956  -69.096  -4.830 0.0000000000
18671  -2.787  -67.616  9.722 0.0000000000
18672  -3.486  -68.040  9.919 0.0000000000
18683  -2.477  -67.805  8.920 0.0000000000
18684  -4.190  -68.479  9.423 0.0000000000
18685  -4.630  -68.930  9.198 0.0000000000
18697  -2.350  -68.089  8.111 0.0000000000
18698  -4.310  -67.702  8.714 0.0000000000
18699  -4.966  -68.523  8.500 0.0000000000
18700  -5.495  -68.976  8.225 0.0000000000
18711  -2.523  -68.203  7.229 0.0000000000
18712  -5.216  -68.270  7.932 0.0000000000
18713  -5.740  -68.544  7.620 0.0000000000
18714  -6.429  -68.936  7.267 0.0000000000
18722  -2.818  -68.379  6.181 0.0000000000
18723  -3.126  -68.972  5.960 0.0000000000
18724  -5.996  -68.059  7.011 0.0000000000
18725  -6.524  -68.420  6.680 0.0000000000
18737  -2.892  -68.169  5.296 0.0000000000
18738  -2.998  -68.804  5.416 0.0000000000
18748  -2.945  -67.806  4.821 0.0000000000
18749  -3.018  -68.387  4.712 0.0000000000
18759  -3.106  -67.811  4.320 0.0000000000
18760  -3.503  -68.213  4.051 0.0000000000
18761  -4.166  -68.659  3.765 0.0000000000
18762  -4.720  -69.010  3.436 0.0000000000
18774  -3.954  -67.897  3.622 0.0000000000
18775  -4.566  -68.161  3.348 0.0000000000
18776  -5.383  -68.702  2.941 0.0000000000
18777  -6.072  -68.672  2.271 0.0000000000
18791  -6.516  -68.635  1.607 0.0000000000
18792  -7.024  -68.333  1.105 0.0000000000
18807  -5.546  -69.307  0.162 0.0000000000
18808  -6.270  -68.927  0.568 0.0000000000
18809  -7.301  -68.287  0.434 0.0000000000
18810  -7.878  -68.041  0.106 0.0000000000
18819  -4.763  -68.977  -1.088 0.0000000000
18820  -5.450  -68.910  -0.473 0.0000000000
18821  -6.653  -68.474  -0.267 0.0000000000
18822  -7.548  -68.232  -0.287 0.0000000000
18823  -8.142  -67.980  -0.430 0.0000000000
18832  -4.537  -69.053  -1.829 0.0000000000
18833  -5.127  -68.342  -1.554 0.0000000000
18834  -6.113  -68.264  -1.089 0.0000000000
18835  -7.224  -68.217  -0.899 0.0000000000
18836  -7.845  -68.169  -0.733 0.0000000000
18840  -4.686  -69.137  -2.638 0.0000000000
18841  -4.785  -68.399  -2.398 0.0000000000
18848  -4.788  -69.335  -3.033 0.0000000000
18849  -4.906  -68.715  -3.294 0.0000000000
18862  -5.404  -68.406  -4.071 0.0000000000
18863  -6.122  -68.228  -4.651 0.0000000000
18864  -7.263  -68.176  -5.152 0.0000000000
18865  -8.123  -68.635  -5.269 0.0000000000
19601  -2.837  -65.631  9.054 0.0000000000
19602  -3.492  -66.678  9.140 0.0000000000
19616  -2.503  -66.375  8.720 0.0000000000
19617  -3.812  -67.626  9.256 0.0000000000
19632  -2.307  -66.860  8.082 0.0000000000
19633  -4.693  -67.847  8.282 0.0000000000
19653  -2.329  -67.361  7.497 0.0000000000
19654  -4.511  -67.468  8.172 0.0000000000
19655  -4.989  -67.727  7.728 0.0000000000
19656  -5.588  -67.806  7.126 0.0000000000
19673  -2.429  -67.167  6.603 0.0000000000
19674  -5.165  -67.188  6.725 0.0000000000
19675  -5.933  -67.664  6.484 0.0000000000
19676  -6.387  -67.844  6.219 0.0000000000
19691  -2.741  -67.353  5.433 0.0000000000
19692  -5.147  -66.722  6.210 0.0000000000
19693  -5.581  -66.980  6.031 0.0000000000
19706  -3.026  -67.170  4.478 0.0000000000
19717  -3.252  -67.294  3.860 0.0000000000
19718  -3.575  -67.305  3.558 0.0000000000
19732  -4.246  -67.209  3.253 0.0000000000
19733  -5.107  -67.453  2.871 0.0000000000
19734  -5.888  -67.761  2.510 0.0000000000
19735  -6.539  -67.751  2.109 0.0000000000
19751  -7.054  -67.694  1.594 0.0000000000
19752  -7.466  -67.678  1.008 0.0000000000
19769  -7.785  -67.698  0.518 0.0000000000
19770  -8.092  -67.469  0.016 0.0000000000
19776  -8.589  -67.388  -0.576 0.0000000000
19777  -9.143  -67.303  -1.065 0.0000000000
19780  -5.274  -67.972  -1.815 0.0000000000
19781  -5.673  -67.897  -1.783 0.0000000000
19782  -6.740  -67.867  -1.683 0.0000000000
19783  -8.174  -67.782  -1.342 0.0000000000
19784  -9.257  -67.191  -1.801 0.0000000000
19787  -5.217  -67.859  -2.133 0.0000000000
19788  -5.968  -67.449  -2.514 0.0000000000
19789  -7.294  -67.334  -2.413 0.0000000000
19790  -8.490  -67.154  -2.383 0.0000000000
19791  -9.338  -66.902  -2.501 0.0000000000
19794  -5.127  -67.768  -2.915 0.0000000000
19795  -5.702  -67.205  -3.443 0.0000000000
19806  -5.291  -67.847  -3.632 0.0000000000
19807  -5.789  -67.447  -4.218 0.0000000000
19808  -6.501  -67.389  -4.703 0.0000000000
19824  -7.214  -67.197  -5.092 0.0000000000
20640  -4.490  -67.226  7.857 0.0000000000
20660  -2.349  -65.979  6.668 0.0000000000
20661  -4.111  -66.863  8.264 0.0000000000
20662  -4.443  -66.817  7.305 0.0000000000
20682  -2.525  -66.336  5.847 0.0000000000
20683  -4.742  -66.404  6.447 0.0000000000
20684  -5.245  -66.218  5.811 0.0000000000
20704  -2.904  -66.339  4.914 0.0000000000
20724  -3.120  -66.272  3.781 0.0000000000
20725  -3.324  -66.852  3.506 0.0000000000
20737  -3.461  -65.917  3.411 0.0000000000
20738  -3.814  -66.310  3.269 0.0000000000
20739  -4.831  -66.180  2.435 0.0000000000
20740  -5.744  -66.781  2.282 0.0000000000
20741  -6.262  -67.173  2.193 0.0000000000
20752  -5.148  -65.592  1.684 0.0000000000
20753  -5.582  -65.957  1.664 0.0000000000
20754  -6.582  -66.576  1.472 0.0000000000
20755  -7.295  -67.124  1.282 0.0000000000
20768  -6.997  -66.023  0.642 0.0000000000
20769  -7.646  -66.743  0.594 0.0000000000
20770  -8.320  -66.705  -0.246 0.0000000000
20772  -9.141  -66.614  -0.686 0.0000000000
20773  -9.690  -66.633  -1.348 0.0000000000
20776  -10.048  -66.468  -2.170 0.0000000000
20777  -10.461  -65.965  -2.449 0.0000000000
20780  -6.645  -66.840  -3.244 0.0000000000
20781  -7.772  -66.583  -3.048 0.0000000000
20782  -8.854  -66.647  -3.074 0.0000000000
20783  -9.709  -66.524  -2.938 0.0000000000
20784  -10.284  -66.175  -2.878 0.0000000000
20787  -6.264  -66.690  -3.985 0.0000000000
20788  -7.363  -66.158  -3.877 0.0000000000
20789  -8.358  -65.956  -3.524 0.0000000000
20790  -9.358  -66.064  -3.368 0.0000000000
20791  -9.924  -66.144  -3.198 0.0000000000
20803  -6.296  -67.022  -4.373 0.0000000000
20804  -6.916  -66.654  -4.478 0.0000000000
21584  -2.396  -65.614  6.058 0.0000000000
21585  -4.076  -66.130  7.630 0.0000000000
21586  -4.225  -65.812  6.898 0.0000000000
21600  -2.660  -65.557  5.417 0.0000000000
21617  -2.920  -65.320  4.506 0.0000000000
21634  -3.165  -65.229  3.658 0.0000000000
21645  -3.347  -65.708  3.490 0.0000000000
21646  -3.669  -65.324  3.161 0.0000000000
21647  -4.279  -65.334  2.446 0.0000000000
21656  -4.810  -65.199  1.685 0.0000000000
21657  -5.363  -65.174  1.053 0.0000000000
21658  -5.922  -65.728  1.170 0.0000000000
21673  -5.692  -64.708  0.652 0.0000000000
21674  -6.317  -65.293  0.615 0.0000000000
21675  -7.470  -65.463  0.025 0.0000000000
21676  -7.930  -66.172  -0.141 0.0000000000
21684  -8.021  -64.987  -0.331 0.0000000000
21685  -8.588  -65.598  -0.422 0.0000000000
21686  -9.838  -65.620  -1.062 0.0000000000
21687  -10.342  -65.035  -1.355 0.0000000000
21690  -10.118  -66.088  -1.601 0.0000000000
21691  -10.675  -65.416  -1.925 0.0000000000
21692  -11.119  -64.783  -2.270 0.0000000000
21695  -10.675  -65.664  -2.778 0.0000000000
21696  -11.032  -65.086  -2.709 0.0000000000
21702  -7.623  -65.674  -4.055 0.0000000000
21703  -8.045  -65.201  -3.948 0.0000000000
21704  -9.051  -65.291  -3.693 0.0000000000
21705  -10.122  -65.530  -3.335 0.0000000000
21706  -10.749  -65.290  -3.116 0.0000000000
21713  -7.622  -65.812  -4.378 0.0000000000
22415  -2.334  -65.187  6.469 0.0000000000
22427  -2.443  -65.053  5.852 0.0000000000
22444  -2.717  -64.712  5.236 0.0000000000
22508  -4.832  -64.614  1.109 0.0000000000
22524  -6.054  -64.222  0.418 0.0000000000
22525  -6.906  -64.386  0.141 0.0000000000
22537  -7.691  -64.409  -0.231 0.0000000000
22538  -8.445  -64.478  -0.421 0.0000000000
22539  -9.329  -64.606  -0.675 0.0000000000
22540  -10.135  -64.575  -1.005 0.0000000000
22544  -10.681  -64.494  -1.381 0.0000000000
22545  -11.207  -64.200  -1.849 0.0000000000
23284  -2.631  -64.491  8.475 0.0000000000
23294  -2.348  -65.118  7.561 0.0000000000
23417  -7.361  -63.564  -0.113 0.0000000000
23418  -8.102  -63.647  -0.342 0.0000000000
23419  -8.932  -63.688  -0.474 0.0000000000
23420  -9.899  -63.669  -0.654 0.0000000000
23421  -10.723  -63.308  -0.631 0.0000000000
23422  -11.434  -63.076  -0.655 0.0000000000
23431  -10.533  -63.963  -0.952 0.0000000000
23432  -11.038  -63.708  -1.176 0.0000000000
24331  -8.773  -62.269  0.114 0.0000000000
24332  -9.668  -62.217  0.247 0.0000000000
24333  -10.540  -62.125  0.338 0.0000000000
24334  -11.262  -62.056  0.376 0.0000000000
24359  -7.789  -62.981  -0.236 0.0000000000
24360  -8.467  -62.937  -0.263 0.0000000000
24361  -9.332  -62.900  -0.271 0.0000000000
24362  -10.220  -62.784  -0.224 0.0000000000
24363  -11.045  -62.660  -0.094 0.0000000000
129856  -3.867  -67.228  8.865 0.0000000000
129858  -2.324  -66.493  7.319 0.0000000000
129860  -3.747  -65.790  8.226 0.0000000000
129864  -2.516  -65.364  8.548 0.0000000000
