#!ascii label  , from subject FREESURFER vox2ras=TkReg 
508
17115  -12.160  -70.100  -9.118 0.0000000000
17130  -11.520  -70.124  -9.791 0.0000000000
17131  -12.471  -70.012  -10.086 0.0000000000
17143  -12.158  -69.787  -10.312 0.0000000000
17144  -12.658  -69.633  -10.407 0.0000000000
17966  -8.830  -69.455  -6.466 0.0000000000
17983  -8.777  -69.700  -7.824 0.0000000000
17984  -9.432  -69.071  -8.032 0.0000000000
17986  -13.624  -69.413  -8.367 0.0000000000
17987  -14.365  -69.041  -8.656 0.0000000000
18005  -8.945  -70.061  -9.082 0.0000000000
18006  -9.712  -69.368  -8.838 0.0000000000
18007  -10.383  -69.152  -9.162 0.0000000000
18008  -13.136  -69.639  -9.485 0.0000000000
18009  -14.031  -69.319  -9.447 0.0000000000
18010  -14.386  -69.030  -9.535 0.0000000000
18028  -9.726  -70.196  -9.401 0.0000000000
18029  -10.670  -69.609  -9.619 0.0000000000
18030  -11.715  -69.478  -10.193 0.0000000000
18031  -13.116  -69.561  -10.339 0.0000000000
18032  -13.870  -69.314  -10.293 0.0000000000
18033  -14.289  -69.228  -9.952 0.0000000000
18047  -12.447  -69.375  -10.453 0.0000000000
18048  -13.070  -69.331  -10.623 0.0000000000
18049  -13.455  -69.286  -10.564 0.0000000000
18879  -7.682  -67.695  -5.340 0.0000000000
18880  -8.439  -68.311  -5.626 0.0000000000
18893  -9.197  -68.636  -6.762 0.0000000000
18894  -9.781  -68.181  -7.027 0.0000000000
18895  -10.155  -68.031  -7.169 0.0000000000
18896  -14.902  -68.652  -7.313 0.0000000000
18906  -9.282  -69.017  -7.559 0.0000000000
18907  -9.639  -68.641  -7.587 0.0000000000
18908  -10.213  -68.181  -7.852 0.0000000000
18909  -10.676  -68.192  -8.425 0.0000000000
18910  -14.737  -68.726  -8.061 0.0000000000
18911  -15.123  -68.218  -7.936 0.0000000000
18924  -9.856  -68.768  -8.224 0.0000000000
18925  -10.378  -68.705  -8.699 0.0000000000
18926  -11.038  -68.373  -8.993 0.0000000000
18927  -14.760  -68.556  -9.036 0.0000000000
18928  -15.072  -67.942  -8.890 0.0000000000
18940  -10.767  -68.908  -9.334 0.0000000000
18941  -11.479  -68.739  -9.897 0.0000000000
18942  -12.239  -68.522  -10.249 0.0000000000
18943  -14.057  -69.043  -10.548 0.0000000000
18944  -14.398  -68.775  -10.216 0.0000000000
18954  -12.138  -68.998  -10.349 0.0000000000
18955  -12.805  -68.788  -10.619 0.0000000000
18956  -13.742  -68.930  -10.830 0.0000000000
18957  -14.089  -68.293  -10.643 0.0000000000
19825  -8.033  -67.208  -5.447 0.0000000000
19826  -8.822  -67.049  -5.626 0.0000000000
19827  -9.613  -67.087  -5.742 0.0000000000
19828  -10.417  -67.169  -5.791 0.0000000000
19841  -8.808  -67.803  -5.877 0.0000000000
19842  -9.379  -67.775  -6.233 0.0000000000
19843  -10.121  -67.747  -6.496 0.0000000000
19844  -11.082  -67.514  -6.537 0.0000000000
19845  -11.863  -67.285  -6.996 0.0000000000
19846  -15.530  -67.639  -7.168 0.0000000000
19855  -10.539  -67.858  -7.237 0.0000000000
19856  -11.228  -67.677  -8.056 0.0000000000
19857  -12.262  -67.055  -7.745 0.0000000000
19858  -15.368  -67.470  -8.294 0.0000000000
19864  -11.759  -67.993  -9.409 0.0000000000
19865  -12.219  -67.308  -8.903 0.0000000000
19866  -14.920  -67.988  -9.698 0.0000000000
19867  -15.212  -67.354  -9.330 0.0000000000
19879  -12.041  -68.249  -9.994 0.0000000000
19880  -12.743  -67.760  -10.203 0.0000000000
19881  -13.811  -67.396  -10.509 0.0000000000
19882  -14.506  -67.611  -10.330 0.0000000000
19883  -14.967  -67.372  -9.891 0.0000000000
19897  -13.288  -68.424  -10.689 0.0000000000
19898  -13.672  -68.133  -10.715 0.0000000000
19899  -14.048  -67.891  -10.672 0.0000000000
20820  -7.522  -66.376  -5.020 0.0000000000
20821  -8.250  -66.249  -5.288 0.0000000000
20822  -9.092  -66.180  -5.411 0.0000000000
20823  -10.031  -66.268  -5.493 0.0000000000
20824  -11.138  -66.512  -5.610 0.0000000000
20825  -12.085  -66.262  -5.814 0.0000000000
20828  -16.996  -66.259  -5.470 0.0000000000
20836  -11.822  -66.949  -6.205 0.0000000000
20837  -12.588  -66.564  -6.665 0.0000000000
20838  -13.139  -66.157  -7.150 0.0000000000
20839  -15.823  -66.970  -6.499 0.0000000000
20840  -16.297  -66.387  -6.442 0.0000000000
20847  -12.768  -66.504  -7.552 0.0000000000
20848  -13.081  -66.002  -7.923 0.0000000000
20849  -15.641  -66.828  -7.597 0.0000000000
20854  -12.653  -66.601  -8.417 0.0000000000
20855  -13.029  -66.063  -8.951 0.0000000000
20856  -15.530  -66.636  -8.774 0.0000000000
20862  -12.740  -66.798  -9.349 0.0000000000
20863  -13.445  -66.537  -9.855 0.0000000000
20864  -14.323  -66.389  -10.293 0.0000000000
20865  -15.231  -66.452  -10.033 0.0000000000
20875  -14.868  -65.746  -10.510 0.0000000000
20876  -15.285  -65.545  -10.497 0.0000000000
21714  -8.244  -65.133  -4.509 0.0000000000
21715  -17.765  -65.650  -5.165 0.0000000000
21716  -18.210  -65.476  -4.969 0.0000000000
21717  -19.389  -65.157  -4.778 0.0000000000
21725  -7.911  -65.663  -4.929 0.0000000000
21726  -8.607  -65.253  -5.121 0.0000000000
21727  -9.529  -65.255  -5.350 0.0000000000
21728  -10.535  -65.323  -5.489 0.0000000000
21729  -11.629  -65.382  -5.634 0.0000000000
21730  -12.662  -65.465  -6.063 0.0000000000
21731  -13.280  -65.219  -6.538 0.0000000000
21732  -16.799  -66.140  -6.097 0.0000000000
21733  -17.635  -65.377  -5.888 0.0000000000
21734  -18.695  -64.899  -5.489 0.0000000000
21735  -19.318  -64.635  -5.426 0.0000000000
21740  -13.136  -65.830  -6.628 0.0000000000
21741  -13.479  -65.435  -7.228 0.0000000000
21742  -15.939  -66.304  -7.026 0.0000000000
21743  -16.634  -65.712  -6.973 0.0000000000
21744  -17.379  -64.860  -7.283 0.0000000000
21750  -13.558  -65.337  -8.359 0.0000000000
21751  -13.791  -64.997  -9.024 0.0000000000
21752  -15.766  -65.888  -7.917 0.0000000000
21753  -16.550  -64.938  -8.231 0.0000000000
21754  -17.208  -64.484  -7.853 0.0000000000
21759  -13.529  -65.568  -9.385 0.0000000000
21760  -13.849  -64.969  -9.732 0.0000000000
21761  -15.810  -65.681  -9.171 0.0000000000
21762  -16.307  -64.957  -9.547 0.0000000000
21768  -13.873  -65.703  -9.997 0.0000000000
21769  -14.406  -65.227  -10.317 0.0000000000
21770  -15.806  -65.368  -10.174 0.0000000000
21771  -16.079  -64.896  -10.115 0.0000000000
21776  -14.972  -65.096  -10.623 0.0000000000
21777  -15.439  -64.964  -10.581 0.0000000000
22546  -11.512  -63.638  -1.883 0.0000000000
22550  -11.267  -64.277  -2.574 0.0000000000
22551  -11.439  -63.802  -2.179 0.0000000000
22556  -8.600  -64.459  -4.196 0.0000000000
22557  -8.860  -64.493  -3.858 0.0000000000
22558  -9.707  -64.582  -3.675 0.0000000000
22559  -10.728  -64.616  -3.292 0.0000000000
22563  -8.742  -64.417  -4.670 0.0000000000
22564  -20.439  -64.723  -4.827 0.0000000000
22570  -9.183  -64.336  -5.143 0.0000000000
22571  -9.978  -64.241  -5.481 0.0000000000
22572  -11.036  -64.254  -5.750 0.0000000000
22573  -12.144  -64.381  -5.921 0.0000000000
22574  -13.167  -64.359  -6.389 0.0000000000
22575  -13.571  -64.857  -6.829 0.0000000000
22576  -18.560  -64.606  -6.167 0.0000000000
22577  -19.204  -64.363  -5.919 0.0000000000
22578  -20.044  -64.180  -5.614 0.0000000000
22586  -13.599  -63.769  -6.723 0.0000000000
22587  -13.892  -64.351  -7.521 0.0000000000
22588  -14.192  -63.831  -8.208 0.0000000000
22589  -18.242  -64.530  -6.893 0.0000000000
22590  -19.120  -64.040  -6.693 0.0000000000
22591  -19.599  -64.018  -6.192 0.0000000000
22596  -13.886  -64.763  -8.456 0.0000000000
22597  -14.085  -64.268  -8.945 0.0000000000
22598  -17.110  -64.273  -8.236 0.0000000000
22599  -17.886  -64.074  -7.815 0.0000000000
22600  -18.643  -64.093  -7.289 0.0000000000
22604  -14.228  -64.322  -10.067 0.0000000000
22605  -16.795  -64.144  -9.036 0.0000000000
22606  -17.277  -63.992  -8.372 0.0000000000
22611  -14.719  -64.589  -10.482 0.0000000000
22612  -15.879  -64.758  -10.419 0.0000000000
22613  -16.227  -64.415  -10.059 0.0000000000
22620  -15.142  -64.502  -10.667 0.0000000000
22621  -15.548  -64.444  -10.638 0.0000000000
22622  -15.891  -64.324  -10.516 0.0000000000
23423  -12.055  -62.913  -0.729 0.0000000000
23433  -11.603  -63.318  -1.411 0.0000000000
23434  -12.391  -62.997  -1.277 0.0000000000
23443  -11.456  -63.702  -2.485 0.0000000000
23444  -11.799  -63.257  -2.106 0.0000000000
23445  -12.602  -62.945  -1.835 0.0000000000
23449  -8.870  -63.948  -3.982 0.0000000000
23450  -9.346  -63.873  -3.842 0.0000000000
23451  -10.188  -63.741  -3.651 0.0000000000
23452  -11.222  -63.480  -3.073 0.0000000000
23453  -11.713  -62.845  -2.681 0.0000000000
23456  -8.985  -63.766  -4.303 0.0000000000
23457  -9.304  -63.145  -4.486 0.0000000000
23459  -9.145  -63.779  -4.736 0.0000000000
23460  -9.526  -63.251  -5.130 0.0000000000
23461  -10.421  -63.087  -5.676 0.0000000000
23462  -11.748  -63.083  -6.115 0.0000000000
23463  -12.512  -63.742  -6.204 0.0000000000
23464  -20.463  -63.603  -6.023 0.0000000000
23472  -12.361  -62.511  -6.418 0.0000000000
23473  -13.016  -63.103  -6.484 0.0000000000
23474  -13.939  -63.250  -7.029 0.0000000000
23475  -14.182  -63.335  -7.792 0.0000000000
23476  -19.387  -63.483  -6.821 0.0000000000
23477  -20.004  -63.413  -6.424 0.0000000000
23485  -14.270  -63.312  -8.634 0.0000000000
23486  -18.131  -63.030  -7.974 0.0000000000
23487  -18.952  -63.383  -7.363 0.0000000000
23488  -19.538  -63.050  -6.850 0.0000000000
23492  -14.411  -63.491  -9.521 0.0000000000
23493  -16.718  -63.197  -9.085 0.0000000000
23494  -17.362  -63.512  -8.446 0.0000000000
23497  -14.972  -63.753  -10.361 0.0000000000
23498  -15.756  -63.509  -10.242 0.0000000000
23499  -16.312  -63.688  -9.840 0.0000000000
23506  -15.312  -64.174  -10.648 0.0000000000
23507  -15.592  -64.024  -10.573 0.0000000000
23508  -16.025  -63.969  -10.395 0.0000000000
24364  -11.914  -62.481  0.072 0.0000000000
24365  -12.709  -62.547  -0.460 0.0000000000
24380  -13.255  -62.700  -1.235 0.0000000000
24381  -13.771  -62.443  -1.715 0.0000000000
24392  -12.287  -62.856  -2.366 0.0000000000
24393  -13.074  -62.761  -2.258 0.0000000000
24394  -13.897  -62.449  -2.423 0.0000000000
24397  -9.119  -63.534  -3.973 0.0000000000
24398  -9.605  -63.129  -3.853 0.0000000000
24399  -10.396  -62.785  -3.612 0.0000000000
24400  -11.176  -62.460  -3.231 0.0000000000
24401  -12.118  -62.411  -2.995 0.0000000000
24402  -13.076  -62.354  -3.075 0.0000000000
24403  -13.870  -62.257  -3.150 0.0000000000
24405  -9.285  -63.227  -4.132 0.0000000000
24406  -9.432  -62.600  -4.097 0.0000000000
24408  -9.554  -62.324  -4.586 0.0000000000
24409  -9.915  -62.068  -5.242 0.0000000000
24410  -10.919  -61.694  -5.762 0.0000000000
24417  -11.958  -61.821  -6.410 0.0000000000
24418  -12.824  -62.021  -6.705 0.0000000000
24419  -13.636  -62.272  -7.270 0.0000000000
24420  -14.065  -62.804  -7.496 0.0000000000
24421  -19.998  -62.386  -6.584 0.0000000000
24430  -13.980  -61.894  -7.763 0.0000000000
24431  -14.217  -62.436  -8.091 0.0000000000
24432  -18.044  -62.141  -7.796 0.0000000000
24433  -18.690  -62.374  -7.423 0.0000000000
24434  -19.311  -62.426  -6.940 0.0000000000
24440  -14.485  -62.618  -9.042 0.0000000000
24441  -16.567  -62.314  -9.096 0.0000000000
24442  -17.344  -62.483  -8.426 0.0000000000
24447  -14.822  -62.802  -9.619 0.0000000000
24448  -15.423  -62.853  -9.826 0.0000000000
24449  -16.128  -62.922  -9.701 0.0000000000
25328  -12.580  -61.648  0.228 0.0000000000
25329  -13.366  -61.724  -0.496 0.0000000000
25330  -13.905  -61.446  -0.974 0.0000000000
25346  -13.826  -62.085  -1.151 0.0000000000
25347  -14.383  -61.794  -1.607 0.0000000000
25348  -14.932  -61.455  -2.086 0.0000000000
25359  -14.538  -62.021  -2.624 0.0000000000
25360  -15.160  -61.508  -2.820 0.0000000000
25363  -9.826  -62.357  -3.816 0.0000000000
25364  -10.380  -61.822  -3.666 0.0000000000
25365  -11.245  -61.674  -3.498 0.0000000000
25366  -12.151  -61.596  -3.569 0.0000000000
25367  -13.211  -61.847  -3.668 0.0000000000
25368  -14.322  -61.837  -3.619 0.0000000000
25369  -15.306  -61.398  -3.747 0.0000000000
25372  -9.690  -61.712  -4.021 0.0000000000
25373  -10.217  -61.191  -3.988 0.0000000000
25374  -12.507  -61.251  -4.077 0.0000000000
25375  -13.321  -61.352  -4.325 0.0000000000
25376  -14.386  -61.293  -4.556 0.0000000000
25377  -15.352  -61.047  -4.603 0.0000000000
25379  -9.894  -61.417  -4.607 0.0000000000
25380  -10.268  -60.951  -5.141 0.0000000000
25381  -10.923  -60.350  -5.578 0.0000000000
25382  -14.746  -60.911  -5.053 0.0000000000
25383  -15.270  -60.700  -5.222 0.0000000000
25390  -11.588  -60.684  -6.274 0.0000000000
25391  -12.657  -60.907  -6.932 0.0000000000
25392  -13.215  -61.577  -7.141 0.0000000000
25393  -19.112  -61.004  -6.766 0.0000000000
25394  -19.745  -61.410  -6.594 0.0000000000
25401  -13.146  -60.449  -7.389 0.0000000000
25402  -13.729  -61.101  -7.742 0.0000000000
25403  -14.165  -61.730  -8.077 0.0000000000
25404  -17.592  -61.312  -7.949 0.0000000000
25405  -18.477  -61.339  -7.290 0.0000000000
25406  -19.048  -61.742  -6.969 0.0000000000
25410  -14.271  -60.738  -8.330 0.0000000000
25411  -14.534  -61.491  -8.770 0.0000000000
25412  -15.067  -61.339  -9.202 0.0000000000
25413  -16.397  -61.460  -9.068 0.0000000000
25414  -16.941  -61.691  -8.602 0.0000000000
25419  -14.721  -62.209  -9.267 0.0000000000
25420  -15.132  -61.894  -9.466 0.0000000000
25421  -15.898  -62.096  -9.524 0.0000000000
26324  -12.879  -60.643  0.006 0.0000000000
26325  -13.535  -60.590  -0.666 0.0000000000
26326  -14.141  -60.935  -1.130 0.0000000000
26345  -13.913  -60.211  -1.122 0.0000000000
26346  -14.617  -60.572  -1.574 0.0000000000
26347  -15.245  -60.923  -2.183 0.0000000000
26354  -15.171  -60.234  -2.024 0.0000000000
26355  -15.702  -60.566  -2.798 0.0000000000
26356  -16.211  -60.119  -3.389 0.0000000000
26359  -10.642  -61.163  -3.862 0.0000000000
26360  -11.240  -60.926  -3.897 0.0000000000
26361  -11.872  -60.796  -4.012 0.0000000000
26362  -15.989  -60.784  -3.936 0.0000000000
26363  -16.460  -60.100  -4.148 0.0000000000
26366  -10.113  -61.088  -4.244 0.0000000000
26367  -10.594  -60.552  -4.286 0.0000000000
26368  -11.362  -60.181  -4.308 0.0000000000
26369  -12.345  -60.342  -4.509 0.0000000000
26370  -13.380  -60.698  -4.872 0.0000000000
26371  -14.105  -60.709  -5.096 0.0000000000
26372  -16.094  -60.604  -4.967 0.0000000000
26373  -16.724  -59.882  -4.939 0.0000000000
26376  -10.278  -60.754  -4.604 0.0000000000
26377  -10.588  -59.920  -4.965 0.0000000000
26378  -11.101  -59.549  -5.501 0.0000000000
26379  -12.803  -60.000  -5.047 0.0000000000
26380  -13.514  -60.082  -5.319 0.0000000000
26381  -14.490  -60.252  -5.476 0.0000000000
26382  -15.453  -60.125  -5.699 0.0000000000
26383  -16.254  -59.995  -5.664 0.0000000000
26390  -11.430  -59.637  -6.048 0.0000000000
26391  -12.105  -59.800  -6.657 0.0000000000
26392  -15.531  -59.652  -6.031 0.0000000000
26393  -15.856  -59.841  -5.970 0.0000000000
26394  -18.899  -60.173  -6.996 0.0000000000
26395  -19.713  -60.294  -6.634 0.0000000000
26408  -12.766  -59.838  -7.248 0.0000000000
26409  -13.442  -59.912  -7.664 0.0000000000
26410  -17.549  -60.103  -7.917 0.0000000000
26411  -18.153  -60.458  -7.450 0.0000000000
26421  -14.059  -60.048  -8.168 0.0000000000
26422  -14.684  -60.252  -8.596 0.0000000000
26423  -15.374  -60.644  -9.028 0.0000000000
26424  -16.271  -60.567  -8.981 0.0000000000
26425  -16.911  -60.814  -8.496 0.0000000000
26435  -15.301  -61.321  -9.251 0.0000000000
26436  -15.714  -61.326  -9.282 0.0000000000
27370  -12.703  -59.493  -0.460 0.0000000000
27371  -13.396  -59.714  -0.914 0.0000000000
27385  -12.978  -59.105  -1.057 0.0000000000
27386  -13.770  -59.243  -1.407 0.0000000000
27387  -14.652  -59.679  -1.765 0.0000000000
27393  -14.359  -58.997  -1.872 0.0000000000
27394  -15.147  -59.383  -2.216 0.0000000000
27395  -15.958  -59.435  -2.780 0.0000000000
27396  -16.448  -59.387  -3.482 0.0000000000
27398  -16.828  -59.345  -4.204 0.0000000000
27403  -10.945  -59.696  -4.743 0.0000000000
27404  -11.668  -59.362  -4.762 0.0000000000
27405  -12.295  -59.410  -4.907 0.0000000000
27406  -17.244  -59.129  -4.891 0.0000000000
27407  -17.540  -58.700  -5.101 0.0000000000
27415  -10.848  -59.537  -5.003 0.0000000000
27416  -11.232  -59.225  -5.234 0.0000000000
27417  -12.840  -59.345  -5.300 0.0000000000
27418  -13.642  -59.224  -5.687 0.0000000000
27419  -14.656  -59.586  -5.872 0.0000000000
27420  -15.183  -59.668  -5.968 0.0000000000
27421  -16.820  -59.425  -5.645 0.0000000000
27422  -17.316  -58.802  -5.591 0.0000000000
27435  -11.492  -58.951  -5.849 0.0000000000
27436  -11.910  -58.934  -6.389 0.0000000000
27437  -13.667  -58.679  -5.887 0.0000000000
27438  -14.126  -58.887  -6.031 0.0000000000
27439  -14.997  -59.126  -6.169 0.0000000000
27440  -16.005  -59.250  -6.208 0.0000000000
27441  -16.811  -58.819  -6.145 0.0000000000
27442  -19.066  -59.476  -7.144 0.0000000000
27443  -19.620  -59.362  -6.901 0.0000000000
27463  -12.434  -58.974  -7.016 0.0000000000
27464  -13.057  -59.004  -7.566 0.0000000000
27465  -17.672  -59.018  -8.115 0.0000000000
27466  -18.487  -59.329  -7.491 0.0000000000
27467  -19.234  -59.018  -7.247 0.0000000000
27481  -13.756  -59.055  -8.038 0.0000000000
27482  -14.529  -59.164  -8.421 0.0000000000
27483  -15.347  -59.342  -8.693 0.0000000000
27484  -16.188  -59.485  -8.826 0.0000000000
27485  -16.924  -59.720  -8.493 0.0000000000
28353  -12.859  -58.429  -1.305 0.0000000000
28354  -13.226  -58.265  -1.591 0.0000000000
28359  -13.752  -58.363  -1.845 0.0000000000
28360  -14.435  -58.370  -2.218 0.0000000000
28361  -15.314  -58.473  -2.602 0.0000000000
28362  -16.128  -58.569  -2.999 0.0000000000
28368  -16.672  -58.542  -3.613 0.0000000000
28369  -17.209  -58.138  -3.900 0.0000000000
28376  -12.018  -58.981  -4.978 0.0000000000
28377  -12.320  -58.935  -5.187 0.0000000000
28378  -17.135  -58.727  -4.233 0.0000000000
28379  -17.651  -58.318  -4.580 0.0000000000
28380  -18.136  -57.947  -4.914 0.0000000000
28388  -11.980  -58.654  -5.344 0.0000000000
28389  -12.745  -58.615  -5.528 0.0000000000
28390  -13.294  -58.405  -5.828 0.0000000000
28391  -17.783  -58.333  -5.341 0.0000000000
28392  -18.179  -57.714  -5.524 0.0000000000
28404  -11.810  -58.546  -5.779 0.0000000000
28405  -11.927  -58.357  -6.214 0.0000000000
28406  -13.680  -58.384  -6.058 0.0000000000
28407  -14.224  -58.323  -6.302 0.0000000000
28408  -15.153  -58.289  -6.441 0.0000000000
28409  -16.175  -58.144  -6.424 0.0000000000
28410  -17.362  -57.985  -6.203 0.0000000000
28411  -18.046  -57.332  -6.135 0.0000000000
28412  -19.711  -58.639  -7.179 0.0000000000
28427  -12.392  -58.351  -6.609 0.0000000000
28428  -12.888  -58.245  -7.193 0.0000000000
28429  -17.763  -58.396  -8.302 0.0000000000
28430  -18.316  -58.250  -8.022 0.0000000000
28431  -19.223  -58.229  -7.555 0.0000000000
28445  -13.549  -58.163  -7.636 0.0000000000
28446  -14.260  -58.099  -8.169 0.0000000000
28447  -15.134  -58.160  -8.556 0.0000000000
28448  -16.060  -58.248  -8.841 0.0000000000
28449  -17.150  -58.366  -8.615 0.0000000000
28450  -17.892  -57.941  -8.382 0.0000000000
29261  -13.252  -57.875  -1.799 0.0000000000
29269  -13.517  -57.434  -2.153 0.0000000000
29270  -14.587  -57.535  -2.548 0.0000000000
29271  -15.605  -57.534  -2.956 0.0000000000
29272  -16.274  -58.037  -3.202 0.0000000000
29279  -15.906  -56.941  -3.151 0.0000000000
29280  -16.627  -57.460  -3.353 0.0000000000
29281  -17.835  -57.443  -3.894 0.0000000000
29282  -18.425  -57.017  -4.009 0.0000000000
29290  -18.089  -57.764  -4.505 0.0000000000
29291  -18.696  -57.253  -4.688 0.0000000000
29292  -19.305  -56.724  -4.916 0.0000000000
29301  -12.050  -58.244  -5.833 0.0000000000
29302  -12.493  -58.202  -5.813 0.0000000000
29303  -12.919  -58.159  -5.800 0.0000000000
29304  -18.684  -56.989  -5.714 0.0000000000
29305  -19.153  -56.806  -5.265 0.0000000000
29319  -11.943  -58.177  -6.041 0.0000000000
29320  -12.360  -58.089  -6.147 0.0000000000
29321  -13.329  -57.860  -6.263 0.0000000000
29322  -14.301  -57.571  -6.559 0.0000000000
29323  -15.227  -57.275  -6.660 0.0000000000
29324  -16.340  -57.037  -6.639 0.0000000000
29325  -17.407  -56.835  -6.474 0.0000000000
29326  -18.213  -56.676  -6.291 0.0000000000
29342  -12.394  -58.161  -6.377 0.0000000000
29343  -12.990  -57.780  -6.738 0.0000000000
29344  -13.700  -57.139  -7.179 0.0000000000
29345  -18.279  -57.625  -8.301 0.0000000000
29346  -18.910  -57.209  -8.149 0.0000000000
29363  -13.406  -57.632  -7.286 0.0000000000
29364  -14.077  -57.165  -7.677 0.0000000000
29365  -14.846  -57.078  -8.287 0.0000000000
29366  -15.734  -57.068  -8.744 0.0000000000
29367  -16.775  -57.083  -8.977 0.0000000000
29368  -17.927  -57.048  -8.568 0.0000000000
29369  -18.640  -56.518  -8.418 0.0000000000
30181  -13.913  -56.530  -2.583 0.0000000000
30182  -14.765  -56.823  -2.774 0.0000000000
30191  -14.437  -56.153  -2.863 0.0000000000
30192  -15.237  -56.368  -3.065 0.0000000000
30193  -16.134  -56.361  -3.285 0.0000000000
30194  -17.155  -56.470  -3.376 0.0000000000
30195  -18.171  -56.421  -3.672 0.0000000000
30196  -18.851  -56.111  -3.849 0.0000000000
30205  -18.749  -56.674  -4.079 0.0000000000
30206  -19.336  -56.298  -4.452 0.0000000000
30207  -19.934  -55.918  -4.744 0.0000000000
30215  -19.162  -56.567  -5.658 0.0000000000
30216  -19.665  -56.161  -5.368 0.0000000000
30230  -13.904  -57.316  -6.675 0.0000000000
30231  -14.409  -56.865  -6.829 0.0000000000
30232  -15.302  -56.055  -6.898 0.0000000000
30233  -16.592  -55.935  -6.841 0.0000000000
30234  -17.752  -55.881  -6.683 0.0000000000
30235  -18.946  -56.065  -6.252 0.0000000000
30236  -19.542  -55.735  -5.963 0.0000000000
30253  -13.777  -57.154  -6.846 0.0000000000
30254  -14.483  -56.310  -7.371 0.0000000000
30255  -15.067  -55.729  -7.368 0.0000000000
30272  -14.645  -56.150  -7.991 0.0000000000
30273  -15.374  -56.105  -8.399 0.0000000000
30274  -16.328  -55.948  -8.841 0.0000000000
30275  -17.416  -55.889  -8.941 0.0000000000
30276  -18.377  -55.821  -8.610 0.0000000000
31070  -15.424  -55.398  -3.316 0.0000000000
31071  -16.447  -55.457  -3.416 0.0000000000
31072  -17.474  -55.494  -3.476 0.0000000000
31085  -19.839  -55.569  -5.827 0.0000000000
31098  -15.387  -55.387  -7.353 0.0000000000
31099  -16.031  -55.184  -7.202 0.0000000000
31100  -17.020  -54.968  -7.260 0.0000000000
31101  -18.249  -54.869  -6.829 0.0000000000
31119  -14.805  -55.842  -7.860 0.0000000000
31120  -15.169  -55.518  -7.670 0.0000000000
31121  -15.894  -54.947  -7.652 0.0000000000
31122  -16.325  -54.712  -7.571 0.0000000000
31139  -14.780  -55.854  -8.110 0.0000000000
31140  -14.988  -55.742  -8.015 0.0000000000
31141  -15.900  -55.099  -8.225 0.0000000000
31142  -17.056  -54.911  -8.661 0.0000000000
31143  -18.062  -54.821  -8.793 0.0000000000
32035  -17.688  -54.239  -7.429 0.0000000000
32051  -16.287  -54.570  -7.712 0.0000000000
32052  -16.854  -54.439  -7.749 0.0000000000
32053  -17.745  -53.861  -7.856 0.0000000000
32071  -16.292  -54.521  -7.889 0.0000000000
32072  -16.937  -54.396  -8.128 0.0000000000
32073  -17.934  -54.001  -8.416 0.0000000000
