#!ascii label  , from subject FREESURFER vox2ras=TkReg 
366
104755  -19.014  22.916  -7.005 0.0000000000
104756  -19.471  22.702  -6.825 0.0000000000
104765  -18.784  22.617  -7.394 0.0000000000
104771  -17.960  22.449  -8.105 0.0000000000
105301  -20.135  23.837  -5.705 0.0000000000
105310  -18.122  24.047  -7.068 0.0000000000
105311  -18.816  23.457  -6.814 0.0000000000
105312  -19.729  23.537  -6.198 0.0000000000
105313  -20.354  23.428  -5.930 0.0000000000
105319  -17.910  24.280  -7.609 0.0000000000
105320  -18.077  23.561  -7.781 0.0000000000
105321  -16.040  23.791  -8.512 0.0000000000
105322  -16.607  23.394  -8.783 0.0000000000
105323  -17.347  23.222  -8.665 0.0000000000
105324  -17.630  23.482  -8.515 0.0000000000
105325  -16.786  23.967  -9.700 0.0000000000
105326  -17.217  23.837  -9.386 0.0000000000
105327  -17.428  23.626  -8.924 0.0000000000
105328  -16.880  24.205  -9.979 0.0000000000
105329  -17.048  24.041  -9.864 0.0000000000
105812  -20.937  25.292  -3.768 0.0000000000
105823  -10.996  24.682  -4.177 0.0000000000
105824  -11.836  24.618  -4.697 0.0000000000
105825  -19.760  24.920  -4.821 0.0000000000
105826  -20.570  24.583  -4.593 0.0000000000
105834  -12.569  24.505  -5.257 0.0000000000
105836  -18.745  24.996  -5.785 0.0000000000
105837  -19.473  24.504  -5.502 0.0000000000
105838  -20.237  24.097  -5.307 0.0000000000
105844  -17.836  24.736  -7.116 0.0000000000
105845  -18.510  24.552  -6.358 0.0000000000
105846  -19.121  24.003  -6.207 0.0000000000
105849  -13.949  24.716  -7.060 0.0000000000
105850  -14.573  24.423  -7.485 0.0000000000
105851  -15.208  24.133  -7.852 0.0000000000
105852  -17.649  24.843  -7.890 0.0000000000
105853  -17.785  24.282  -8.125 0.0000000000
105854  -14.918  24.567  -8.150 0.0000000000
105855  -15.518  24.283  -8.545 0.0000000000
105856  -16.086  24.027  -8.944 0.0000000000
105857  -17.538  24.764  -8.624 0.0000000000
105858  -17.692  24.065  -8.608 0.0000000000
105859  -15.760  24.418  -9.304 0.0000000000
105860  -16.301  24.140  -9.498 0.0000000000
105861  -17.439  24.523  -9.323 0.0000000000
105862  -17.509  23.884  -9.006 0.0000000000
105863  -15.843  24.481  -9.942 0.0000000000
105864  -16.479  24.479  -10.119 0.0000000000
105865  -17.081  24.470  -9.994 0.0000000000
106383  -20.809  25.796  -3.545 0.0000000000
106384  -21.455  25.833  -3.215 0.0000000000
106393  -10.379  25.657  -3.919 0.0000000000
106394  -11.404  25.809  -4.584 0.0000000000
106395  -12.152  25.260  -5.113 0.0000000000
106396  -19.215  25.864  -4.773 0.0000000000
106397  -19.819  25.530  -4.450 0.0000000000
106398  -20.445  25.626  -3.959 0.0000000000
106404  -12.069  25.937  -5.279 0.0000000000
106405  -12.738  25.421  -5.938 0.0000000000
106406  -13.274  24.812  -6.234 0.0000000000
106407  -18.815  25.556  -5.382 0.0000000000
106408  -19.392  25.255  -4.964 0.0000000000
106412  -12.930  25.796  -7.007 0.0000000000
106413  -13.414  25.115  -6.735 0.0000000000
106414  -17.889  25.409  -6.624 0.0000000000
106415  -18.310  25.464  -6.025 0.0000000000
106419  -13.017  26.031  -7.566 0.0000000000
106420  -13.737  25.484  -7.873 0.0000000000
106421  -14.500  24.887  -8.077 0.0000000000
106422  -17.580  25.555  -7.449 0.0000000000
106425  -13.851  25.739  -9.356 0.0000000000
106426  -14.773  25.041  -8.830 0.0000000000
106427  -15.363  24.668  -9.092 0.0000000000
106428  -17.490  25.568  -8.388 0.0000000000
106429  -13.756  25.769  -10.446 0.0000000000
106430  -14.587  25.305  -10.005 0.0000000000
106431  -15.302  24.808  -9.672 0.0000000000
106432  -17.470  25.455  -9.244 0.0000000000
106433  -13.700  25.746  -11.018 0.0000000000
106434  -14.364  25.583  -10.860 0.0000000000
106435  -15.529  25.115  -10.632 0.0000000000
106436  -16.749  25.263  -10.613 0.0000000000
106437  -17.398  25.350  -10.035 0.0000000000
106999  -19.809  27.075  -3.774 0.0000000000
107000  -20.541  26.548  -3.415 0.0000000000
107007  -9.674  26.597  -3.843 0.0000000000
107008  -10.599  26.706  -4.184 0.0000000000
107009  -11.213  26.893  -4.612 0.0000000000
107010  -18.665  26.489  -4.940 0.0000000000
107011  -19.496  26.555  -4.225 0.0000000000
107012  -20.074  26.065  -4.022 0.0000000000
107017  -11.683  26.683  -5.169 0.0000000000
107018  -12.193  26.461  -5.791 0.0000000000
107019  -17.629  26.881  -6.232 0.0000000000
107020  -17.995  26.394  -5.777 0.0000000000
107023  -12.471  26.392  -6.485 0.0000000000
107024  -17.562  26.396  -6.766 0.0000000000
107025  -17.884  25.895  -6.260 0.0000000000
107029  -12.538  26.579  -7.396 0.0000000000
107030  -12.936  26.304  -8.019 0.0000000000
107031  -17.402  26.448  -7.953 0.0000000000
107034  -11.725  27.296  -8.710 0.0000000000
107035  -12.161  26.852  -8.463 0.0000000000
107036  -13.019  26.290  -8.883 0.0000000000
107037  -17.554  26.422  -9.010 0.0000000000
107038  -11.608  27.223  -9.241 0.0000000000
107039  -12.202  26.732  -9.579 0.0000000000
107040  -13.026  26.272  -10.023 0.0000000000
107041  -17.549  26.215  -9.792 0.0000000000
107042  -11.441  27.152  -10.177 0.0000000000
107043  -12.136  26.693  -10.605 0.0000000000
107044  -12.984  26.104  -11.043 0.0000000000
107045  -13.825  26.009  -11.338 0.0000000000
107046  -14.865  25.981  -11.263 0.0000000000
107047  -16.119  26.234  -11.215 0.0000000000
107048  -17.284  26.492  -10.586 0.0000000000
107049  -11.318  27.112  -11.036 0.0000000000
107050  -11.963  26.856  -11.485 0.0000000000
107051  -13.028  26.722  -11.458 0.0000000000
107052  -14.129  26.632  -11.423 0.0000000000
107053  -15.193  26.777  -11.391 0.0000000000
107054  -15.951  27.092  -11.335 0.0000000000
107579  -19.947  27.614  -3.488 0.0000000000
107585  -9.999  27.607  -4.015 0.0000000000
107586  -10.816  27.647  -4.399 0.0000000000
107587  -11.404  27.596  -4.964 0.0000000000
107588  -18.750  27.375  -4.621 0.0000000000
107589  -19.342  27.571  -4.041 0.0000000000
107593  -11.881  27.423  -5.823 0.0000000000
107594  -12.196  26.881  -6.179 0.0000000000
107595  -17.702  27.389  -5.907 0.0000000000
107596  -18.105  27.330  -5.219 0.0000000000
107600  -12.047  27.742  -6.336 0.0000000000
107601  -12.185  27.246  -6.692 0.0000000000
107602  -17.479  27.368  -6.569 0.0000000000
107606  -11.795  27.912  -8.076 0.0000000000
107607  -12.028  27.408  -7.609 0.0000000000
107608  -17.380  27.336  -7.438 0.0000000000
107613  -11.509  27.840  -8.821 0.0000000000
107614  -11.808  27.427  -8.339 0.0000000000
107615  -17.622  27.437  -8.556 0.0000000000
107619  -10.608  28.590  -10.235 0.0000000000
107620  -11.020  27.792  -9.724 0.0000000000
107621  -17.894  27.437  -9.813 0.0000000000
107622  -18.144  28.182  -10.100 0.0000000000
107624  -10.387  28.598  -11.109 0.0000000000
107625  -10.714  27.675  -10.721 0.0000000000
107626  -13.798  27.953  -10.937 0.0000000000
107627  -14.851  27.962  -10.885 0.0000000000
107628  -15.395  28.027  -10.978 0.0000000000
107629  -16.704  27.482  -11.189 0.0000000000
107630  -17.623  27.793  -10.565 0.0000000000
107631  -18.009  28.044  -10.258 0.0000000000
107632  -9.924  29.797  -11.845 0.0000000000
107633  -10.689  27.713  -11.900 0.0000000000
107634  -11.988  27.663  -12.087 0.0000000000
107635  -13.348  27.321  -11.406 0.0000000000
107636  -14.488  27.339  -11.264 0.0000000000
107637  -15.495  27.570  -11.216 0.0000000000
107638  -16.090  27.485  -11.285 0.0000000000
107639  -10.017  29.365  -12.934 0.0000000000
107640  -10.493  28.652  -12.686 0.0000000000
107641  -11.032  27.962  -12.534 0.0000000000
108151  -19.611  28.384  -3.881 0.0000000000
108162  -9.395  28.505  -4.121 0.0000000000
108163  -10.319  28.529  -4.369 0.0000000000
108164  -11.083  28.469  -4.719 0.0000000000
108165  -18.384  27.910  -5.009 0.0000000000
108166  -18.969  28.383  -4.753 0.0000000000
108176  -11.490  28.401  -5.364 0.0000000000
108177  -17.571  27.889  -6.237 0.0000000000
108178  -18.045  28.430  -5.736 0.0000000000
108179  -18.739  28.919  -5.314 0.0000000000
108189  -11.874  28.403  -6.210 0.0000000000
108190  -12.083  27.899  -6.709 0.0000000000
108191  -17.378  28.282  -6.878 0.0000000000
108192  -17.781  28.822  -6.523 0.0000000000
108203  -11.973  28.367  -7.278 0.0000000000
108204  -12.125  27.721  -7.078 0.0000000000
108205  -17.487  28.047  -7.866 0.0000000000
108215  -11.651  28.677  -8.287 0.0000000000
108216  -17.739  28.291  -8.504 0.0000000000
108217  -17.964  28.607  -8.955 0.0000000000
108222  -10.751  29.440  -9.965 0.0000000000
108223  -11.179  28.853  -9.330 0.0000000000
108224  -13.341  29.188  -10.124 0.0000000000
108225  -13.737  29.086  -10.038 0.0000000000
108226  -17.869  28.067  -9.148 0.0000000000
108227  -18.190  28.563  -9.649 0.0000000000
108231  -10.495  29.650  -10.648 0.0000000000
108232  -12.443  29.207  -11.124 0.0000000000
108233  -12.963  28.871  -10.543 0.0000000000
108234  -14.387  28.607  -10.363 0.0000000000
108235  -15.417  28.480  -10.681 0.0000000000
108236  -16.335  28.491  -10.998 0.0000000000
108237  -17.347  28.597  -10.925 0.0000000000
108238  -18.166  28.767  -10.423 0.0000000000
108239  -11.219  29.840  -13.095 0.0000000000
108240  -11.824  29.209  -11.979 0.0000000000
108241  -12.751  28.118  -11.419 0.0000000000
108242  -15.762  28.089  -11.063 0.0000000000
108243  -16.105  27.822  -11.201 0.0000000000
108244  -11.198  28.448  -12.733 0.0000000000
108782  -9.750  29.365  -4.464 0.0000000000
108783  -10.724  29.493  -4.809 0.0000000000
108784  -11.248  28.990  -5.042 0.0000000000
108785  -19.708  29.039  -4.432 0.0000000000
108797  -11.028  30.073  -5.194 0.0000000000
108798  -11.406  29.483  -5.575 0.0000000000
108799  -18.678  29.437  -5.713 0.0000000000
108811  -11.780  29.417  -6.617 0.0000000000
108812  -17.669  29.067  -7.046 0.0000000000
108813  -18.173  29.405  -6.474 0.0000000000
108824  -11.752  29.470  -7.593 0.0000000000
108825  -17.725  28.788  -7.877 0.0000000000
108826  -18.187  29.492  -7.519 0.0000000000
108838  -11.458  29.725  -8.515 0.0000000000
108839  -17.893  28.760  -8.529 0.0000000000
108840  -18.218  29.314  -8.726 0.0000000000
108848  -11.041  30.125  -9.485 0.0000000000
108849  -13.357  29.629  -9.903 0.0000000000
108850  -14.737  29.442  -9.815 0.0000000000
108851  -15.517  29.768  -9.805 0.0000000000
108852  -18.770  29.642  -9.858 0.0000000000
108853  -19.045  30.216  -10.065 0.0000000000
108856  -12.903  29.367  -10.331 0.0000000000
108857  -15.131  28.947  -10.250 0.0000000000
108858  -15.883  29.333  -10.273 0.0000000000
108859  -16.947  29.486  -10.816 0.0000000000
108860  -17.863  29.617  -10.802 0.0000000000
108861  -18.556  29.880  -10.464 0.0000000000
108862  -18.901  30.071  -10.261 0.0000000000
109433  -9.978  30.121  -4.724 0.0000000000
109446  -9.562  30.794  -5.056 0.0000000000
109447  -10.508  30.615  -5.169 0.0000000000
109448  -11.179  30.544  -5.575 0.0000000000
109466  -11.481  30.354  -6.200 0.0000000000
109484  -11.714  30.320  -7.030 0.0000000000
109501  -11.608  30.293  -7.829 0.0000000000
109502  -13.781  30.953  -9.064 0.0000000000
109503  -14.116  30.892  -8.936 0.0000000000
109504  -14.807  30.771  -8.834 0.0000000000
109515  -14.336  30.255  -9.295 0.0000000000
109516  -15.419  30.321  -9.349 0.0000000000
109517  -16.194  30.487  -9.645 0.0000000000
109518  -18.771  30.153  -9.001 0.0000000000
109523  -15.940  30.042  -9.879 0.0000000000
109524  -16.619  30.297  -10.265 0.0000000000
109525  -17.496  30.397  -10.634 0.0000000000
110098  -9.943  31.537  -5.460 0.0000000000
110099  -10.901  31.526  -5.762 0.0000000000
110100  -11.313  30.966  -5.978 0.0000000000
110115  -11.146  31.907  -6.269 0.0000000000
110116  -11.420  31.286  -6.585 0.0000000000
110131  -11.606  30.950  -7.491 0.0000000000
110132  -14.965  32.119  -7.747 0.0000000000
110133  -15.579  31.747  -7.961 0.0000000000
110134  -16.070  31.588  -8.310 0.0000000000
110151  -11.425  30.965  -8.552 0.0000000000
110152  -13.643  31.317  -9.012 0.0000000000
110153  -14.536  31.493  -8.332 0.0000000000
110154  -15.582  31.134  -8.630 0.0000000000
110155  -16.455  31.433  -8.784 0.0000000000
110170  -13.063  31.146  -9.595 0.0000000000
110171  -16.104  30.848  -9.175 0.0000000000
110172  -16.708  31.067  -9.637 0.0000000000
110180  -17.215  30.986  -10.263 0.0000000000
110739  -10.168  32.374  -5.805 0.0000000000
110746  -10.806  32.424  -6.192 0.0000000000
110747  -11.297  32.255  -6.707 0.0000000000
110754  -11.559  31.782  -7.526 0.0000000000
110755  -14.109  32.898  -7.829 0.0000000000
110773  -13.496  32.385  -8.671 0.0000000000
110774  -14.362  32.311  -7.952 0.0000000000
110789  -13.049  31.757  -9.503 0.0000000000
111387  -10.222  33.329  -6.252 0.0000000000
111388  -11.027  32.972  -6.560 0.0000000000
111403  -10.876  33.563  -6.804 0.0000000000
111404  -11.354  32.891  -7.414 0.0000000000
111405  -13.592  33.401  -8.095 0.0000000000
111422  -11.446  32.130  -8.523 0.0000000000
111423  -12.474  34.586  -10.779 0.0000000000
111424  -12.856  33.742  -9.305 0.0000000000
111440  -12.638  32.473  -10.175 0.0000000000
112029  -10.347  34.248  -6.790 0.0000000000
112048  -11.046  33.975  -7.454 0.0000000000
112049  -11.235  33.152  -8.546 0.0000000000
112066  -10.619  31.648  -10.382 0.0000000000
112067  -12.712  34.979  -9.342 0.0000000000
112068  -12.983  34.528  -8.676 0.0000000000
112082  -10.554  33.496  -10.679 0.0000000000
112083  -12.497  35.352  -10.272 0.0000000000
112090  -12.404  35.388  -11.010 0.0000000000
112093  -9.750  34.738  -13.147 0.0000000000
112094  -12.317  35.157  -11.746 0.0000000000
112098  -10.171  33.138  -14.097 0.0000000000
112099  -10.055  34.212  -13.769 0.0000000000
112100  -11.919  35.241  -12.573 0.0000000000
112101  -12.130  35.090  -12.235 0.0000000000
112105  -10.599  32.921  -14.011 0.0000000000
112106  -11.003  33.691  -13.732 0.0000000000
112107  -12.107  34.253  -12.348 0.0000000000
112717  -9.773  34.906  -6.787 0.0000000000
112737  -10.411  35.129  -7.462 0.0000000000
112738  -11.153  34.311  -8.208 0.0000000000
112752  -10.894  35.067  -8.584 0.0000000000
112753  -11.044  33.747  -9.285 0.0000000000
112765  -10.780  34.698  -9.930 0.0000000000
112766  -10.882  33.420  -10.087 0.0000000000
112767  -12.542  35.900  -9.620 0.0000000000
112772  -10.113  34.569  -11.785 0.0000000000
112773  -12.463  35.987  -10.611 0.0000000000
112776  -9.865  35.529  -12.804 0.0000000000
112777  -12.424  35.922  -11.491 0.0000000000
112781  -10.002  35.444  -13.558 0.0000000000
112782  -11.851  35.859  -12.832 0.0000000000
112783  -12.253  35.759  -12.270 0.0000000000
112786  -10.613  35.235  -13.935 0.0000000000
112787  -11.458  35.291  -13.320 0.0000000000
113412  -12.459  36.734  -10.083 0.0000000000
113420  -12.442  36.728  -11.083 0.0000000000
113425  -12.388  36.652  -11.962 0.0000000000
113430  -11.567  36.470  -13.230 0.0000000000
113431  -12.079  36.586  -12.670 0.0000000000
113435  -11.026  36.359  -13.788 0.0000000000
114041  -12.513  37.586  -9.552 0.0000000000
114048  -12.495  37.619  -10.614 0.0000000000
114053  -12.472  37.579  -11.579 0.0000000000
130320  -9.909  31.114  -11.893 0.0000000000
130321  -9.674  30.679  -12.627 0.0000000000
130322  -9.862  32.481  -12.125 0.0000000000
130323  -9.588  31.489  -12.792 0.0000000000
130324  -10.680  29.441  -13.190 0.0000000000
130325  -9.571  30.923  -13.071 0.0000000000
130326  -9.831  30.233  -13.202 0.0000000000
130327  -10.681  30.188  -10.110 0.0000000000
130328  -9.527  32.160  -13.006 0.0000000000
130329  -10.818  30.495  -13.567 0.0000000000
130330  -10.339  30.187  -13.541 0.0000000000
130331  -10.131  30.777  -11.381 0.0000000000
130332  -9.540  31.784  -13.164 0.0000000000
130333  -10.212  30.811  -13.652 0.0000000000
130334  -11.364  30.475  -12.868 0.0000000000
130335  -11.103  31.132  -13.496 0.0000000000
130336  -10.685  31.956  -13.675 0.0000000000
130337  -9.558  32.626  -12.882 0.0000000000
130338  -9.723  31.450  -13.380 0.0000000000
130339  -12.498  29.648  -10.728 0.0000000000
130340  -11.058  31.463  -13.530 0.0000000000
130341  -12.735  30.556  -10.146 0.0000000000
130342  -10.221  30.677  -11.206 0.0000000000
130343  -13.561  30.665  -9.362 0.0000000000
130344  -9.575  32.001  -13.291 0.0000000000
130345  -9.662  33.472  -13.910 0.0000000000
130346  -12.071  30.904  -11.603 0.0000000000
130347  -11.355  31.397  -13.014 0.0000000000
130348  -12.610  31.474  -10.328 0.0000000000
130349  -9.637  33.236  -12.763 0.0000000000
130350  -12.449  32.000  -11.201 0.0000000000
130351  -10.278  33.056  -11.244 0.0000000000
130352  -9.627  33.828  -13.266 0.0000000000
130353  -9.612  32.644  -13.522 0.0000000000
130354  -12.466  32.604  -11.302 0.0000000000
130355  -12.451  33.372  -11.254 0.0000000000
130356  -12.280  33.397  -12.091 0.0000000000
130357  -11.949  32.609  -12.360 0.0000000000
