#!ascii label  , from subject FREESURFER vox2ras=TkReg 
592
104686  -24.928  23.251  4.011 0.0000000000
104687  -25.437  23.225  3.979 0.0000000000
104692  -23.732  23.118  3.319 0.0000000000
104693  -24.527  22.781  3.460 0.0000000000
104700  -23.533  22.890  2.804 0.0000000000
104701  -23.904  22.432  2.508 0.0000000000
104706  -22.782  23.429  1.430 0.0000000000
104707  -23.212  22.856  1.727 0.0000000000
104710  -22.841  23.309  0.990 0.0000000000
105239  -24.469  23.963  4.359 0.0000000000
105240  -25.321  23.820  4.353 0.0000000000
105248  -23.020  23.873  3.439 0.0000000000
105249  -23.780  23.615  3.786 0.0000000000
105250  -24.564  23.437  4.034 0.0000000000
105258  -22.698  23.859  2.807 0.0000000000
105259  -23.241  23.390  3.127 0.0000000000
105262  -22.608  23.749  1.913 0.0000000000
105263  -23.028  23.322  2.471 0.0000000000
105266  -22.621  23.909  1.104 0.0000000000
105267  -23.070  23.838  0.432 0.0000000000
105768  -24.165  25.120  5.051 0.0000000000
105769  -24.766  25.247  5.187 0.0000000000
105775  -22.935  24.827  4.289 0.0000000000
105776  -23.815  24.461  4.482 0.0000000000
105777  -25.044  24.745  4.872 0.0000000000
105785  -22.611  24.597  3.396 0.0000000000
105786  -23.173  24.224  3.907 0.0000000000
105794  -22.347  24.624  2.409 0.0000000000
105797  -22.411  24.656  1.483 0.0000000000
105799  -22.779  24.681  0.647 0.0000000000
105800  -23.394  24.653  -0.114 0.0000000000
106332  -23.058  25.864  5.098 0.0000000000
106333  -23.512  25.683  5.221 0.0000000000
106334  -24.637  25.760  5.441 0.0000000000
106345  -22.879  25.617  4.757 0.0000000000
106346  -23.421  25.107  4.787 0.0000000000
106347  -25.305  25.489  5.228 0.0000000000
106358  -22.422  25.494  3.919 0.0000000000
106365  -22.117  25.507  2.960 0.0000000000
106367  -22.171  25.563  1.954 0.0000000000
106370  -22.606  25.553  1.072 0.0000000000
106371  -23.188  25.560  0.274 0.0000000000
106374  -23.728  25.565  -0.536 0.0000000000
106377  -24.055  25.624  -1.404 0.0000000000
106379  -21.774  26.167  -2.938 0.0000000000
106380  -22.334  26.070  -2.864 0.0000000000
106381  -23.538  25.724  -2.429 0.0000000000
106927  -24.285  27.026  6.065 0.0000000000
106943  -22.871  26.346  5.302 0.0000000000
106944  -23.915  26.337  5.680 0.0000000000
106945  -25.070  26.562  5.773 0.0000000000
106956  -21.858  26.997  4.227 0.0000000000
106957  -22.303  26.251  4.481 0.0000000000
106965  -21.701  27.126  3.375 0.0000000000
106966  -21.976  26.314  3.583 0.0000000000
106974  -21.719  27.315  2.883 0.0000000000
106975  -21.905  26.676  2.529 0.0000000000
106978  -22.448  26.478  1.520 0.0000000000
106981  -23.045  26.417  0.766 0.0000000000
106982  -23.725  26.494  0.007 0.0000000000
106983  -24.154  26.931  -0.397 0.0000000000
106986  -24.034  26.375  -0.807 0.0000000000
106987  -24.225  27.009  -0.914 0.0000000000
106990  -23.141  27.068  -1.819 0.0000000000
106991  -23.645  26.701  -1.552 0.0000000000
106992  -24.105  27.190  -1.208 0.0000000000
106994  -20.951  27.080  -2.885 0.0000000000
106995  -21.572  26.624  -2.768 0.0000000000
106996  -22.839  26.695  -2.226 0.0000000000
106997  -23.404  26.400  -2.103 0.0000000000
107001  -21.145  26.300  -3.064 0.0000000000
107506  -22.967  27.904  6.051 0.0000000000
107507  -23.498  27.679  6.194 0.0000000000
107508  -24.688  27.691  6.401 0.0000000000
107523  -22.064  27.940  5.366 0.0000000000
107524  -22.544  27.647  5.669 0.0000000000
107525  -23.351  26.950  5.872 0.0000000000
107534  -21.818  27.729  4.929 0.0000000000
107535  -22.125  26.922  5.007 0.0000000000
107543  -21.680  27.807  3.921 0.0000000000
107552  -21.711  27.796  3.150 0.0000000000
107553  -21.875  27.695  2.567 0.0000000000
107559  -22.341  27.567  1.778 0.0000000000
107560  -23.060  27.771  1.217 0.0000000000
107562  -22.883  27.105  1.188 0.0000000000
107563  -23.537  27.311  0.683 0.0000000000
107564  -24.143  27.320  0.141 0.0000000000
107567  -24.384  27.495  -0.395 0.0000000000
107570  -22.667  27.875  -1.902 0.0000000000
107571  -23.298  27.593  -1.671 0.0000000000
107572  -23.970  27.546  -1.334 0.0000000000
107573  -24.332  27.550  -0.930 0.0000000000
107575  -21.282  27.613  -2.619 0.0000000000
107576  -22.100  27.543  -2.180 0.0000000000
107577  -22.798  27.347  -1.944 0.0000000000
107580  -20.622  27.639  -3.035 0.0000000000
108066  -24.611  29.032  7.133 0.0000000000
108083  -22.960  28.422  6.308 0.0000000000
108084  -24.064  28.368  6.621 0.0000000000
108096  -21.964  28.503  5.458 0.0000000000
108097  -22.427  28.358  5.874 0.0000000000
108104  -21.680  28.606  4.459 0.0000000000
108111  -21.754  28.665  3.362 0.0000000000
108112  -22.013  29.130  2.918 0.0000000000
108119  -21.832  28.194  2.859 0.0000000000
108120  -22.186  28.604  2.449 0.0000000000
108126  -22.863  28.514  1.600 0.0000000000
108127  -23.791  28.325  0.994 0.0000000000
108128  -24.384  28.713  0.760 0.0000000000
108130  -24.028  27.769  0.519 0.0000000000
108131  -24.578  28.116  0.314 0.0000000000
108134  -24.625  28.122  -0.538 0.0000000000
108138  -22.192  28.485  -1.957 0.0000000000
108139  -22.968  28.406  -1.747 0.0000000000
108140  -23.781  28.268  -1.394 0.0000000000
108141  -24.333  28.065  -1.081 0.0000000000
108143  -21.067  28.550  -2.836 0.0000000000
108144  -21.626  28.290  -2.315 0.0000000000
108152  -20.308  28.438  -3.373 0.0000000000
108635  -25.237  29.949  9.628 0.0000000000
108647  -24.227  30.117  8.347 0.0000000000
108648  -24.862  29.985  8.700 0.0000000000
108660  -23.075  29.956  7.398 0.0000000000
108661  -23.825  29.828  7.762 0.0000000000
108662  -25.246  29.397  7.796 0.0000000000
108676  -22.101  29.888  6.449 0.0000000000
108677  -22.636  29.661  6.830 0.0000000000
108678  -23.603  29.076  6.904 0.0000000000
108687  -21.899  29.582  6.010 0.0000000000
108688  -22.313  28.875  6.129 0.0000000000
108696  -21.637  29.492  4.990 0.0000000000
108703  -21.656  29.528  4.040 0.0000000000
108704  -21.894  29.642  3.260 0.0000000000
108711  -22.314  29.597  2.675 0.0000000000
108717  -22.759  29.390  2.048 0.0000000000
108718  -23.399  29.283  1.530 0.0000000000
108719  -24.136  29.305  1.097 0.0000000000
108721  -24.865  29.193  0.588 0.0000000000
108722  -25.558  29.487  0.216 0.0000000000
108723  -26.023  29.787  -0.024 0.0000000000
108725  -25.239  28.682  -0.107 0.0000000000
108726  -25.655  29.357  -0.408 0.0000000000
108727  -26.320  29.962  -0.537 0.0000000000
108728  -27.089  30.075  -0.819 0.0000000000
108729  -27.750  29.942  -0.934 0.0000000000
108733  -22.090  28.952  -1.963 0.0000000000
108734  -22.460  29.080  -1.852 0.0000000000
108735  -23.359  29.073  -1.550 0.0000000000
108736  -24.615  29.021  -1.036 0.0000000000
108737  -25.710  29.756  -1.075 0.0000000000
108738  -26.565  30.064  -1.166 0.0000000000
108739  -27.405  30.042  -1.418 0.0000000000
108740  -28.335  29.925  -1.478 0.0000000000
108751  -21.233  29.209  -2.874 0.0000000000
108752  -21.774  29.238  -2.311 0.0000000000
108753  -22.309  29.603  -2.018 0.0000000000
108754  -27.896  30.046  -2.033 0.0000000000
108767  -20.129  28.971  -3.853 0.0000000000
108768  -20.785  29.347  -3.402 0.0000000000
108769  -21.331  29.637  -2.924 0.0000000000
109252  -23.928  30.557  13.201 0.0000000000
109262  -24.267  30.577  12.398 0.0000000000
109273  -24.567  30.480  11.599 0.0000000000
109274  -24.875  30.390  10.862 0.0000000000
109286  -24.968  30.461  10.154 0.0000000000
109298  -24.173  30.923  9.326 0.0000000000
109299  -24.714  30.476  9.485 0.0000000000
109308  -23.130  30.946  8.337 0.0000000000
109309  -23.942  30.481  8.595 0.0000000000
109310  -24.448  30.476  9.033 0.0000000000
109321  -22.110  30.973  7.236 0.0000000000
109322  -22.841  30.416  7.589 0.0000000000
109323  -23.419  30.407  8.076 0.0000000000
109333  -21.899  30.466  6.464 0.0000000000
109334  -22.347  30.373  7.027 0.0000000000
109341  -21.643  30.453  5.413 0.0000000000
109347  -21.634  30.375  4.492 0.0000000000
109353  -21.751  30.412  3.722 0.0000000000
109354  -22.149  30.484  2.994 0.0000000000
109362  -22.787  30.334  2.320 0.0000000000
109363  -23.210  30.419  1.917 0.0000000000
109370  -23.143  29.942  1.849 0.0000000000
109371  -23.673  30.216  1.539 0.0000000000
109372  -24.511  30.198  1.030 0.0000000000
109376  -25.212  30.147  0.583 0.0000000000
109377  -25.758  30.256  0.282 0.0000000000
109378  -26.344  30.405  0.022 0.0000000000
109380  -26.911  30.419  -0.366 0.0000000000
109381  -27.522  30.398  -0.579 0.0000000000
109382  -28.342  30.387  -0.817 0.0000000000
109383  -29.159  30.613  -1.056 0.0000000000
109385  -33.503  30.996  -0.672 0.0000000000
109386  -34.389  30.857  -0.629 0.0000000000
109387  -35.239  30.799  -0.860 0.0000000000
109391  -22.800  29.624  -1.850 0.0000000000
109392  -23.581  29.930  -1.630 0.0000000000
109393  -24.797  30.361  -1.606 0.0000000000
109394  -25.955  30.471  -1.566 0.0000000000
109395  -26.804  30.422  -1.764 0.0000000000
109396  -27.348  30.266  -1.947 0.0000000000
109397  -28.974  30.028  -1.203 0.0000000000
109404  -35.940  30.269  -1.414 0.0000000000
109405  -36.796  30.298  -1.806 0.0000000000
109406  -37.422  30.484  -2.144 0.0000000000
109408  -21.657  29.930  -2.698 0.0000000000
109409  -22.443  30.270  -2.407 0.0000000000
109410  -23.761  30.761  -2.281 0.0000000000
109411  -24.626  31.121  -2.316 0.0000000000
109412  -27.095  30.567  -2.192 0.0000000000
109413  -27.545  30.509  -2.437 0.0000000000
109418  -20.806  29.848  -3.832 0.0000000000
109419  -21.399  30.268  -3.469 0.0000000000
109420  -22.274  30.949  -3.362 0.0000000000
109908  -23.907  31.394  13.656 0.0000000000
109916  -24.119  31.432  12.791 0.0000000000
109925  -24.324  31.467  11.799 0.0000000000
109926  -24.711  31.068  11.138 0.0000000000
109934  -24.209  31.632  10.739 0.0000000000
109935  -24.731  30.966  10.575 0.0000000000
109942  -23.190  31.886  9.412 0.0000000000
109943  -23.743  31.644  9.826 0.0000000000
109944  -24.521  31.087  9.994 0.0000000000
109955  -22.703  31.799  8.769 0.0000000000
109956  -23.484  31.277  9.049 0.0000000000
109969  -21.879  31.841  7.519 0.0000000000
109970  -22.427  31.318  7.958 0.0000000000
109980  -21.739  31.607  6.673 0.0000000000
109989  -21.648  31.414  5.771 0.0000000000
109995  -21.736  31.427  4.697 0.0000000000
109996  -22.085  31.988  4.221 0.0000000000
110002  -21.675  30.940  4.107 0.0000000000
110003  -22.083  31.425  3.657 0.0000000000
110011  -22.685  31.314  2.771 0.0000000000
110012  -23.336  31.116  2.040 0.0000000000
110019  -24.123  31.151  1.472 0.0000000000
110020  -24.978  31.209  0.837 0.0000000000
110021  -25.427  31.701  0.741 0.0000000000
110025  -25.445  30.700  0.507 0.0000000000
110026  -25.843  31.217  0.400 0.0000000000
110027  -26.864  31.237  -0.015 0.0000000000
110028  -27.351  31.677  -0.061 0.0000000000
110029  -33.091  32.119  0.436 0.0000000000
110030  -33.521  32.250  0.518 0.0000000000
110032  -27.257  30.782  -0.346 0.0000000000
110033  -27.759  31.250  -0.376 0.0000000000
110034  -28.815  31.420  -0.735 0.0000000000
110035  -30.015  31.358  -1.084 0.0000000000
110036  -31.247  31.780  -0.964 0.0000000000
110037  -32.153  31.756  -0.656 0.0000000000
110038  -32.941  31.463  -0.442 0.0000000000
110039  -33.843  31.670  0.088 0.0000000000
110040  -34.896  31.572  -0.371 0.0000000000
110041  -35.963  31.416  -1.051 0.0000000000
110042  -36.535  31.887  -1.294 0.0000000000
110047  -25.464  31.068  -2.150 0.0000000000
110048  -26.343  30.880  -2.165 0.0000000000
110049  -26.800  30.708  -2.197 0.0000000000
110054  -36.467  30.778  -1.467 0.0000000000
110055  -37.051  31.315  -1.659 0.0000000000
110056  -37.880  31.403  -2.361 0.0000000000
110059  -23.154  31.174  -3.079 0.0000000000
110060  -24.156  31.420  -2.986 0.0000000000
110061  -25.063  31.688  -2.853 0.0000000000
110062  -26.028  31.429  -2.833 0.0000000000
110063  -26.986  31.012  -2.679 0.0000000000
110064  -27.522  30.831  -2.859 0.0000000000
110070  -22.821  31.355  -4.000 0.0000000000
110071  -23.760  31.674  -3.826 0.0000000000
110072  -24.657  31.943  -3.687 0.0000000000
110073  -25.559  31.883  -3.793 0.0000000000
110074  -26.704  31.551  -3.594 0.0000000000
110087  -24.580  31.707  -4.544 0.0000000000
110088  -25.486  31.703  -4.727 0.0000000000
110089  -26.424  31.663  -4.590 0.0000000000
110105  -25.152  31.445  -5.496 0.0000000000
110557  -23.789  32.324  14.029 0.0000000000
110565  -23.912  32.146  13.219 0.0000000000
110574  -23.892  32.318  12.423 0.0000000000
110584  -23.750  32.393  11.456 0.0000000000
110591  -22.823  32.779  10.089 0.0000000000
110592  -23.238  32.518  10.425 0.0000000000
110601  -22.731  32.553  9.597 0.0000000000
110602  -23.244  32.157  9.814 0.0000000000
110616  -21.740  32.908  8.359 0.0000000000
110617  -22.021  32.712  8.706 0.0000000000
110628  -21.731  32.684  7.936 0.0000000000
110629  -22.102  32.044  8.204 0.0000000000
110638  -21.688  32.575  6.967 0.0000000000
110646  -21.704  32.424  6.031 0.0000000000
110647  -21.873  32.738  5.425 0.0000000000
110652  -21.765  32.119  5.320 0.0000000000
110653  -22.112  32.550  4.722 0.0000000000
110659  -22.567  32.460  3.885 0.0000000000
110660  -23.056  32.675  3.343 0.0000000000
110669  -22.745  32.041  3.256 0.0000000000
110670  -23.396  32.267  2.662 0.0000000000
110671  -24.105  32.517  2.220 0.0000000000
110677  -23.870  31.871  1.971 0.0000000000
110678  -24.548  32.166  1.585 0.0000000000
110679  -25.224  32.163  1.087 0.0000000000
110680  -32.611  33.130  1.344 0.0000000000
110681  -32.856  33.045  1.415 0.0000000000
110685  -25.729  32.142  0.706 0.0000000000
110686  -26.338  32.051  0.424 0.0000000000
110687  -27.118  32.237  0.193 0.0000000000
110688  -27.784  32.614  0.079 0.0000000000
110689  -29.758  33.014  0.035 0.0000000000
110690  -30.224  33.013  0.122 0.0000000000
110691  -31.213  32.981  0.387 0.0000000000
110692  -32.366  32.857  0.912 0.0000000000
110693  -33.345  32.749  0.987 0.0000000000
110694  -33.910  32.923  0.642 0.0000000000
110696  -27.670  32.019  -0.085 0.0000000000
110697  -28.377  32.305  -0.249 0.0000000000
110698  -29.471  32.575  -0.300 0.0000000000
110699  -30.662  32.473  -0.463 0.0000000000
110700  -31.725  32.395  -0.171 0.0000000000
110701  -32.485  32.130  0.022 0.0000000000
110702  -33.815  32.396  0.526 0.0000000000
110703  -34.437  32.544  0.123 0.0000000000
110704  -35.386  32.444  -0.477 0.0000000000
110705  -36.201  32.463  -0.982 0.0000000000
110710  -36.946  32.422  -1.442 0.0000000000
110711  -37.729  32.299  -2.060 0.0000000000
110720  -24.803  32.066  -3.843 0.0000000000
110721  -24.987  32.128  -3.928 0.0000000000
110730  -24.774  32.061  -4.091 0.0000000000
110731  -25.070  31.997  -4.234 0.0000000000
111203  -23.644  33.172  13.204 0.0000000000
111211  -23.457  33.216  12.101 0.0000000000
111218  -22.758  33.719  11.053 0.0000000000
111219  -23.192  33.132  11.260 0.0000000000
111228  -22.517  33.300  10.209 0.0000000000
111229  -22.909  33.152  10.754 0.0000000000
111242  -21.699  33.731  9.001 0.0000000000
111243  -22.050  33.285  9.345 0.0000000000
111254  -21.665  33.396  8.351 0.0000000000
111255  -21.802  33.262  8.869 0.0000000000
111262  -21.642  33.451  7.366 0.0000000000
111271  -21.792  33.457  6.292 0.0000000000
111272  -22.095  33.950  5.871 0.0000000000
111278  -21.841  33.041  5.764 0.0000000000
111279  -22.192  33.491  5.365 0.0000000000
111284  -22.816  33.494  4.281 0.0000000000
111285  -23.307  34.006  3.953 0.0000000000
111293  -23.003  33.046  3.682 0.0000000000
111294  -23.667  33.471  3.299 0.0000000000
111295  -24.417  33.912  2.977 0.0000000000
111304  -23.984  32.900  2.618 0.0000000000
111305  -24.792  33.312  2.279 0.0000000000
111306  -26.034  33.860  1.923 0.0000000000
111307  -26.626  34.077  1.887 0.0000000000
111313  -25.073  32.653  1.555 0.0000000000
111314  -25.718  32.972  1.203 0.0000000000
111315  -26.808  33.667  1.357 0.0000000000
111316  -27.936  33.755  1.176 0.0000000000
111317  -28.999  33.961  1.092 0.0000000000
111318  -30.020  33.873  1.372 0.0000000000
111319  -30.946  33.843  1.627 0.0000000000
111320  -31.736  33.804  1.751 0.0000000000
111321  -32.474  33.553  1.546 0.0000000000
111322  -33.154  33.547  1.426 0.0000000000
111327  -26.039  32.544  0.687 0.0000000000
111328  -26.530  32.824  0.662 0.0000000000
111329  -27.410  33.116  0.555 0.0000000000
111330  -28.479  33.190  0.293 0.0000000000
111331  -29.584  33.309  0.403 0.0000000000
111332  -30.598  33.406  0.862 0.0000000000
111333  -31.514  33.386  1.177 0.0000000000
111334  -32.053  33.391  1.382 0.0000000000
111335  -33.699  33.550  0.959 0.0000000000
111336  -34.256  33.531  0.395 0.0000000000
111339  -28.835  32.822  -0.122 0.0000000000
111340  -29.083  33.038  0.003 0.0000000000
111341  -34.979  33.459  -0.216 0.0000000000
111342  -35.821  33.353  -0.675 0.0000000000
111343  -36.554  33.326  -1.141 0.0000000000
111845  -23.535  34.341  13.773 0.0000000000
111852  -22.884  34.791  12.072 0.0000000000
111853  -23.141  34.441  12.515 0.0000000000
111859  -22.768  34.561  11.606 0.0000000000
111860  -23.056  33.815  11.716 0.0000000000
111872  -22.337  34.424  10.632 0.0000000000
111884  -21.678  34.068  9.073 0.0000000000
111885  -21.888  34.302  9.457 0.0000000000
111893  -21.672  34.132  8.709 0.0000000000
111894  -21.888  34.846  8.519 0.0000000000
111901  -21.672  34.325  7.817 0.0000000000
111902  -21.948  35.098  7.794 0.0000000000
111910  -21.705  34.244  6.876 0.0000000000
111911  -22.032  34.380  6.231 0.0000000000
111917  -22.452  34.434  5.665 0.0000000000
111918  -22.909  34.714  5.272 0.0000000000
111923  -22.713  34.153  5.015 0.0000000000
111924  -23.298  34.543  4.574 0.0000000000
111925  -23.917  34.853  4.154 0.0000000000
111932  -23.684  34.323  3.864 0.0000000000
111933  -24.414  34.550  3.530 0.0000000000
111934  -25.338  34.745  3.260 0.0000000000
111935  -26.107  34.887  3.055 0.0000000000
111936  -29.104  34.902  3.328 0.0000000000
111937  -29.529  34.908  3.354 0.0000000000
111938  -30.196  34.938  3.363 0.0000000000
111945  -24.889  34.203  2.893 0.0000000000
111946  -25.632  34.307  2.598 0.0000000000
111947  -26.800  34.550  2.431 0.0000000000
111948  -27.960  34.706  2.488 0.0000000000
111949  -28.972  34.706  2.809 0.0000000000
111950  -29.905  34.585  2.833 0.0000000000
111951  -30.770  34.673  2.972 0.0000000000
111952  -31.420  34.807  2.700 0.0000000000
111953  -31.731  34.994  2.599 0.0000000000
111959  -26.916  34.153  1.871 0.0000000000
111960  -27.473  34.234  1.848 0.0000000000
111961  -28.468  34.381  1.862 0.0000000000
111962  -29.486  34.397  1.995 0.0000000000
111963  -30.416  34.293  2.191 0.0000000000
111964  -31.240  34.314  2.268 0.0000000000
111965  -32.033  34.518  2.226 0.0000000000
111966  -32.797  34.390  1.661 0.0000000000
111968  -33.423  34.361  1.244 0.0000000000
111969  -33.927  34.395  0.649 0.0000000000
111972  -34.564  34.453  -0.000 0.0000000000
111973  -35.566  34.532  -0.643 0.0000000000
111974  -36.189  33.926  -0.878 0.0000000000
112487  -23.350  35.350  13.321 0.0000000000
112495  -22.826  35.365  12.055 0.0000000000
112496  -23.063  35.361  12.639 0.0000000000
112508  -22.515  35.355  11.119 0.0000000000
112522  -22.227  35.363  10.096 0.0000000000
112532  -22.216  35.447  9.081 0.0000000000
112541  -22.338  35.557  8.178 0.0000000000
112552  -21.805  34.991  7.084 0.0000000000
112553  -22.341  35.536  7.330 0.0000000000
112561  -21.960  34.755  6.595 0.0000000000
112562  -22.511  35.296  6.322 0.0000000000
112563  -23.079  35.774  6.050 0.0000000000
112569  -22.760  34.996  5.651 0.0000000000
112570  -23.319  35.413  5.475 0.0000000000
112571  -24.297  35.758  5.121 0.0000000000
112572  -24.979  35.865  4.868 0.0000000000
112578  -23.848  35.229  4.700 0.0000000000
112579  -24.550  35.363  4.326 0.0000000000
112580  -25.473  35.755  4.369 0.0000000000
112581  -26.455  35.942  4.211 0.0000000000
112582  -27.513  36.025  4.217 0.0000000000
112583  -28.562  35.970  4.377 0.0000000000
112584  -29.551  35.939  4.391 0.0000000000
112585  -30.318  35.940  4.140 0.0000000000
112593  -25.104  35.212  3.776 0.0000000000
112594  -25.887  35.360  3.646 0.0000000000
112595  -26.912  35.397  3.399 0.0000000000
112596  -28.023  35.525  3.591 0.0000000000
112597  -29.009  35.283  3.699 0.0000000000
112598  -29.912  35.397  3.766 0.0000000000
112599  -30.722  35.472  3.512 0.0000000000
112600  -31.232  35.583  3.219 0.0000000000
112608  -27.626  35.097  2.967 0.0000000000
112609  -28.417  35.044  3.138 0.0000000000
112610  -28.871  34.937  3.278 0.0000000000
112611  -31.176  35.122  3.130 0.0000000000
112612  -31.512  35.328  2.881 0.0000000000
112613  -31.931  35.418  2.499 0.0000000000
112620  -32.516  35.332  1.935 0.0000000000
112621  -33.154  35.220  1.461 0.0000000000
112623  -33.587  35.222  0.920 0.0000000000
112624  -34.095  35.367  0.297 0.0000000000
112626  -34.808  35.509  -0.280 0.0000000000
113139  -22.867  35.946  12.097 0.0000000000
113140  -23.185  36.265  12.556 0.0000000000
113154  -22.783  36.162  11.603 0.0000000000
113155  -23.080  36.920  11.737 0.0000000000
113168  -22.582  36.193  10.572 0.0000000000
113179  -22.584  36.269  9.574 0.0000000000
113180  -22.995  36.697  9.098 0.0000000000
113189  -22.693  36.181  8.664 0.0000000000
113190  -23.318  36.745  8.450 0.0000000000
113199  -22.925  36.149  7.676 0.0000000000
113200  -23.785  36.845  7.557 0.0000000000
113201  -24.330  37.180  7.389 0.0000000000
113208  -22.717  35.860  6.962 0.0000000000
113209  -23.324  36.182  6.609 0.0000000000
113210  -24.502  36.929  6.691 0.0000000000
113211  -25.582  37.149  6.352 0.0000000000
113212  -26.192  37.306  6.450 0.0000000000
113219  -23.370  35.970  5.943 0.0000000000
113220  -23.939  36.217  5.828 0.0000000000
113221  -25.125  36.463  5.532 0.0000000000
113222  -26.443  36.919  5.857 0.0000000000
113223  -27.537  36.898  5.623 0.0000000000
113224  -28.367  36.985  5.603 0.0000000000
113225  -28.809  37.162  5.615 0.0000000000
113232  -25.389  36.111  4.917 0.0000000000
113233  -25.972  36.346  4.924 0.0000000000
113234  -27.007  36.433  4.974 0.0000000000
113235  -28.043  36.490  5.015 0.0000000000
113236  -29.112  36.693  5.195 0.0000000000
113237  -30.072  36.823  4.514 0.0000000000
113246  -30.740  36.507  3.610 0.0000000000
113247  -31.110  35.920  3.403 0.0000000000
113255  -30.965  36.861  3.049 0.0000000000
113256  -31.404  36.222  2.875 0.0000000000
113257  -32.156  36.258  2.159 0.0000000000
113264  -32.875  36.314  1.374 0.0000000000
113265  -33.331  35.763  1.136 0.0000000000
113270  -33.142  36.888  0.849 0.0000000000
113271  -33.564  36.308  0.636 0.0000000000
113272  -34.273  36.380  -0.027 0.0000000000
113772  -23.937  37.387  13.236 0.0000000000
113788  -23.476  37.474  12.230 0.0000000000
113803  -22.865  36.957  10.940 0.0000000000
113804  -23.311  37.642  11.265 0.0000000000
113816  -22.870  36.921  10.034 0.0000000000
113817  -23.313  37.546  10.340 0.0000000000
113829  -22.968  36.830  9.504 0.0000000000
113830  -23.493  37.367  9.330 0.0000000000
113831  -24.157  37.789  8.776 0.0000000000
113839  -23.903  37.296  8.344 0.0000000000
113840  -24.431  37.669  8.174 0.0000000000
113846  -24.247  37.321  7.797 0.0000000000
113847  -24.800  37.572  7.546 0.0000000000
113848  -25.651  37.825  7.441 0.0000000000
113849  -26.247  37.939  7.232 0.0000000000
113857  -25.297  37.427  6.958 0.0000000000
113858  -25.961  37.543  6.859 0.0000000000
113859  -26.720  37.637  6.732 0.0000000000
113860  -27.596  37.831  6.536 0.0000000000
113861  -28.199  37.882  6.252 0.0000000000
113869  -27.275  37.301  6.178 0.0000000000
113870  -27.942  37.391  6.017 0.0000000000
113871  -28.536  37.530  5.874 0.0000000000
113872  -29.045  37.605  5.557 0.0000000000
113881  -29.542  37.649  4.954 0.0000000000
113882  -30.038  37.812  4.455 0.0000000000
113892  -30.485  37.567  3.956 0.0000000000
113900  -30.766  37.480  3.231 0.0000000000
113901  -31.217  37.399  2.631 0.0000000000
113902  -31.710  36.960  2.271 0.0000000000
113910  -31.660  37.692  2.098 0.0000000000
113911  -32.188  37.340  1.659 0.0000000000
113920  -32.781  37.463  0.974 0.0000000000
113921  -33.385  37.498  0.463 0.0000000000
113922  -33.896  37.091  0.139 0.0000000000
114409  -24.007  37.950  13.126 0.0000000000
114427  -23.884  38.093  12.724 0.0000000000
114428  -24.264  38.785  12.463 0.0000000000
114444  -23.766  38.385  11.720 0.0000000000
114445  -24.209  39.059  11.707 0.0000000000
114459  -23.799  38.314  10.555 0.0000000000
114460  -24.184  38.647  10.226 0.0000000000
114469  -23.723  37.920  9.937 0.0000000000
114470  -24.304  38.427  9.532 0.0000000000
114471  -24.845  38.934  9.391 0.0000000000
114477  -24.657  38.165  8.517 0.0000000000
114478  -25.243  38.820  8.750 0.0000000000
114479  -25.814  39.172  8.364 0.0000000000
114488  -24.783  37.890  8.060 0.0000000000
114489  -25.222  38.154  8.010 0.0000000000
114490  -26.144  38.687  7.733 0.0000000000
114491  -26.795  39.044  7.500 0.0000000000
114500  -26.594  38.177  7.226 0.0000000000
114501  -27.144  38.553  7.108 0.0000000000
114502  -27.969  38.524  6.504 0.0000000000
114510  -28.621  38.350  5.929 0.0000000000
114511  -29.199  38.464  5.289 0.0000000000
114539  -30.872  38.320  2.806 0.0000000000
114540  -31.394  38.401  2.300 0.0000000000
114553  -31.893  38.419  1.761 0.0000000000
114554  -32.433  38.402  1.207 0.0000000000
115059  -23.971  38.981  10.975 0.0000000000
115060  -24.563  39.459  11.212 0.0000000000
115073  -24.121  38.754  10.512 0.0000000000
115074  -24.481  39.097  10.288 0.0000000000
115075  -25.093  39.830  10.623 0.0000000000
115084  -24.684  38.997  9.698 0.0000000000
115085  -25.165  39.480  9.609 0.0000000000
115092  -25.732  39.590  8.814 0.0000000000
115093  -26.186  39.564  8.229 0.0000000000
115101  -26.651  39.516  7.771 0.0000000000
115102  -27.175  39.477  7.344 0.0000000000
115109  -27.732  39.357  6.801 0.0000000000
115110  -28.315  39.297  6.204 0.0000000000
115698  -25.708  40.246  10.091 0.0000000000
115699  -26.325  40.617  9.559 0.0000000000
115708  -25.809  40.088  9.336 0.0000000000
115709  -26.329  40.296  8.703 0.0000000000
115710  -26.767  40.482  8.255 0.0000000000
115718  -26.543  40.061  8.088 0.0000000000
115719  -27.033  40.273  7.704 0.0000000000
115728  -27.588  40.179  7.083 0.0000000000
116340  -26.828  40.957  8.977 0.0000000000
116350  -26.781  40.694  8.554 0.0000000000
