#!ascii label  , from subject FREESURFER vox2ras=TkReg 
315
36249  -14.693  -49.906  -5.224 0.0000000000
37117  -13.775  -49.420  -4.867 0.0000000000
37118  -14.318  -49.620  -5.219 0.0000000000
37134  -14.192  -49.049  -5.313 0.0000000000
37135  -14.751  -49.234  -5.527 0.0000000000
37136  -15.495  -49.158  -5.643 0.0000000000
37944  -13.246  -48.457  -4.517 0.0000000000
37945  -13.859  -48.401  -5.038 0.0000000000
37959  -14.457  -48.384  -5.483 0.0000000000
37960  -15.094  -48.462  -5.884 0.0000000000
37961  -15.926  -48.432  -6.254 0.0000000000
37969  -16.147  -47.896  -6.684 0.0000000000
37970  -16.616  -48.019  -6.555 0.0000000000
38804  -12.673  -47.453  -4.242 0.0000000000
38805  -13.373  -47.470  -4.747 0.0000000000
38821  -14.051  -47.482  -5.261 0.0000000000
38822  -14.777  -47.507  -5.808 0.0000000000
38823  -15.332  -47.859  -6.243 0.0000000000
38833  -15.256  -47.205  -6.288 0.0000000000
38834  -15.744  -47.505  -6.704 0.0000000000
38835  -16.383  -47.487  -7.053 0.0000000000
38836  -17.107  -47.581  -6.899 0.0000000000
38848  -16.794  -47.169  -7.329 0.0000000000
38849  -17.386  -47.008  -7.341 0.0000000000
38850  -18.009  -46.710  -7.320 0.0000000000
39702  -11.629  -46.363  -3.181 0.0000000000
39703  -12.254  -46.397  -3.797 0.0000000000
39713  -12.851  -46.463  -4.453 0.0000000000
39714  -13.546  -46.504  -4.992 0.0000000000
39731  -14.215  -46.532  -5.558 0.0000000000
39732  -14.840  -46.517  -6.119 0.0000000000
39743  -15.393  -46.585  -6.713 0.0000000000
39744  -16.019  -46.758  -7.252 0.0000000000
39745  -16.463  -46.998  -7.339 0.0000000000
39746  -18.534  -46.646  -6.968 0.0000000000
39747  -19.239  -46.146  -6.941 0.0000000000
39748  -20.208  -45.854  -6.509 0.0000000000
39758  -16.188  -46.152  -7.448 0.0000000000
39759  -16.695  -46.487  -7.655 0.0000000000
39760  -17.571  -46.261  -7.892 0.0000000000
39761  -18.453  -46.028  -7.692 0.0000000000
39762  -19.018  -45.527  -7.500 0.0000000000
40608  -11.356  -45.418  -2.788 0.0000000000
40609  -11.804  -45.320  -3.414 0.0000000000
40617  -12.417  -45.422  -4.039 0.0000000000
40618  -13.051  -45.490  -4.684 0.0000000000
40632  -13.700  -45.542  -5.292 0.0000000000
40633  -14.358  -45.576  -5.874 0.0000000000
40646  -14.957  -45.631  -6.530 0.0000000000
40647  -15.698  -45.727  -7.151 0.0000000000
40648  -19.626  -45.183  -7.133 0.0000000000
40649  -20.595  -45.081  -6.704 0.0000000000
40662  -16.378  -45.532  -7.648 0.0000000000
40663  -16.997  -45.574  -8.225 0.0000000000
40664  -17.853  -45.247  -8.280 0.0000000000
40665  -18.614  -45.027  -7.952 0.0000000000
40666  -19.122  -45.081  -7.558 0.0000000000
40676  -18.012  -44.726  -8.435 0.0000000000
40677  -18.181  -44.851  -8.296 0.0000000000
41478  -11.383  -44.597  -2.506 0.0000000000
41479  -13.754  -44.733  -2.302 0.0000000000
41480  -14.187  -44.418  -2.828 0.0000000000
41483  -11.539  -44.612  -3.173 0.0000000000
41484  -11.746  -44.776  -3.392 0.0000000000
41485  -14.533  -44.136  -3.421 0.0000000000
41491  -11.676  -44.091  -3.310 0.0000000000
41492  -11.945  -44.448  -3.618 0.0000000000
41493  -12.554  -44.479  -4.368 0.0000000000
41500  -13.211  -44.522  -4.978 0.0000000000
41501  -13.878  -44.562  -5.558 0.0000000000
41516  -14.543  -44.597  -6.147 0.0000000000
41517  -15.224  -44.628  -6.761 0.0000000000
41518  -19.624  -44.715  -7.247 0.0000000000
41519  -19.993  -44.443  -7.034 0.0000000000
41520  -21.007  -44.305  -6.667 0.0000000000
41535  -15.936  -44.596  -7.373 0.0000000000
41536  -16.673  -44.529  -8.025 0.0000000000
41537  -17.261  -44.798  -8.378 0.0000000000
41538  -18.737  -44.473  -8.019 0.0000000000
41539  -19.272  -44.487  -7.592 0.0000000000
41540  -19.695  -43.860  -7.341 0.0000000000
41550  -17.111  -44.145  -8.472 0.0000000000
41551  -17.689  -44.342  -8.475 0.0000000000
41552  -18.309  -44.336  -8.344 0.0000000000
42365  -11.614  -43.842  -2.187 0.0000000000
42366  -11.829  -43.923  -1.964 0.0000000000
42367  -12.474  -43.858  -2.097 0.0000000000
42373  -11.567  -43.838  -2.380 0.0000000000
42374  -13.365  -43.806  -2.510 0.0000000000
42375  -14.090  -43.445  -3.089 0.0000000000
42379  -11.551  -43.869  -3.034 0.0000000000
42380  -14.654  -43.364  -3.769 0.0000000000
42381  -15.250  -43.422  -4.478 0.0000000000
42386  -11.809  -43.554  -3.441 0.0000000000
42387  -12.197  -43.516  -4.018 0.0000000000
42388  -12.719  -43.515  -4.688 0.0000000000
42395  -13.344  -43.533  -5.278 0.0000000000
42396  -14.048  -43.533  -5.791 0.0000000000
42409  -14.730  -43.543  -6.375 0.0000000000
42410  -15.425  -43.546  -6.991 0.0000000000
42411  -20.313  -43.436  -6.977 0.0000000000
42412  -21.455  -43.453  -6.535 0.0000000000
42413  -22.280  -43.459  -6.290 0.0000000000
42414  -22.654  -43.458  -6.054 0.0000000000
42427  -16.096  -43.488  -7.663 0.0000000000
42428  -16.738  -43.437  -8.244 0.0000000000
42429  -18.828  -43.993  -8.117 0.0000000000
42430  -19.244  -43.479  -7.823 0.0000000000
42431  -19.710  -43.418  -7.368 0.0000000000
42439  -17.328  -43.445  -8.553 0.0000000000
42440  -17.951  -43.540  -8.608 0.0000000000
42441  -18.493  -43.556  -8.404 0.0000000000
42442  -18.847  -43.530  -8.215 0.0000000000
43322  -11.655  -43.633  -2.321 0.0000000000
43323  -11.753  -43.478  -2.263 0.0000000000
43324  -12.042  -43.350  -2.291 0.0000000000
43332  -11.728  -43.466  -2.448 0.0000000000
43333  -11.897  -42.955  -2.625 0.0000000000
43334  -12.562  -42.754  -2.622 0.0000000000
43335  -13.455  -42.822  -2.884 0.0000000000
43340  -11.717  -43.266  -2.750 0.0000000000
43341  -11.755  -42.485  -3.021 0.0000000000
43342  -13.136  -42.030  -2.981 0.0000000000
43343  -14.037  -42.220  -3.537 0.0000000000
43344  -14.849  -42.619  -4.220 0.0000000000
43349  -11.740  -43.100  -3.162 0.0000000000
43350  -11.965  -42.481  -3.661 0.0000000000
43351  -12.368  -42.739  -4.335 0.0000000000
43352  -14.721  -41.662  -4.419 0.0000000000
43353  -15.439  -42.366  -4.999 0.0000000000
43354  -16.304  -42.445  -5.609 0.0000000000
43360  -12.261  -41.960  -4.295 0.0000000000
43361  -12.760  -42.332  -5.016 0.0000000000
43362  -13.480  -42.711  -5.576 0.0000000000
43366  -22.319  -42.010  -6.001 0.0000000000
43367  -22.820  -42.398  -5.880 0.0000000000
43368  -23.742  -42.523  -5.640 0.0000000000
43377  -13.228  -41.913  -5.617 0.0000000000
43378  -13.992  -42.249  -6.142 0.0000000000
43379  -14.897  -42.642  -6.638 0.0000000000
43380  -20.095  -42.495  -7.009 0.0000000000
43381  -20.883  -42.555  -6.632 0.0000000000
43382  -21.961  -42.526  -6.268 0.0000000000
43383  -22.599  -43.068  -6.096 0.0000000000
43399  -14.595  -41.582  -6.684 0.0000000000
43400  -15.438  -42.300  -7.264 0.0000000000
43401  -16.207  -42.430  -7.962 0.0000000000
43402  -19.091  -42.545  -7.989 0.0000000000
43403  -19.650  -42.876  -7.432 0.0000000000
43410  -16.869  -42.483  -8.486 0.0000000000
43411  -17.587  -42.613  -8.611 0.0000000000
43412  -18.244  -42.822  -8.571 0.0000000000
43413  -18.782  -43.057  -8.316 0.0000000000
44316  -12.000  -41.997  -2.850 0.0000000000
44317  -12.485  -41.564  -2.940 0.0000000000
44323  -11.912  -41.590  -3.334 0.0000000000
44324  -13.128  -41.034  -3.370 0.0000000000
44325  -14.019  -40.901  -3.999 0.0000000000
44330  -11.961  -41.262  -3.935 0.0000000000
44331  -14.560  -40.727  -4.658 0.0000000000
44332  -15.224  -41.106  -5.261 0.0000000000
44333  -15.927  -41.677  -5.596 0.0000000000
44339  -12.354  -41.150  -4.593 0.0000000000
44340  -12.747  -41.163  -5.307 0.0000000000
44341  -16.003  -40.919  -5.777 0.0000000000
44342  -16.756  -41.369  -6.002 0.0000000000
44343  -17.818  -41.373  -6.016 0.0000000000
44345  -22.551  -41.531  -5.786 0.0000000000
44346  -23.303  -41.635  -5.647 0.0000000000
44347  -24.148  -41.679  -5.560 0.0000000000
44348  -25.034  -41.663  -5.420 0.0000000000
44359  -13.292  -41.099  -5.814 0.0000000000
44360  -13.825  -40.884  -6.297 0.0000000000
44361  -20.253  -41.700  -6.781 0.0000000000
44362  -21.156  -41.640  -6.420 0.0000000000
44363  -21.905  -41.539  -6.063 0.0000000000
44378  -14.309  -40.564  -6.641 0.0000000000
44379  -14.973  -40.857  -7.176 0.0000000000
44380  -15.671  -41.520  -7.718 0.0000000000
44381  -18.232  -41.282  -8.402 0.0000000000
44382  -18.666  -41.635  -8.172 0.0000000000
44383  -19.455  -41.851  -7.448 0.0000000000
44387  -15.482  -40.682  -7.765 0.0000000000
44388  -16.255  -41.304  -8.216 0.0000000000
44389  -17.121  -41.555  -8.677 0.0000000000
44390  -17.986  -41.746  -8.567 0.0000000000
44391  -18.566  -42.366  -8.385 0.0000000000
45409  -12.039  -41.192  -3.098 0.0000000000
45410  -12.377  -40.809  -3.256 0.0000000000
45417  -12.020  -40.502  -3.630 0.0000000000
45418  -12.556  -40.155  -3.638 0.0000000000
45419  -13.282  -40.061  -3.999 0.0000000000
45425  -11.966  -40.312  -4.217 0.0000000000
45426  -14.011  -39.989  -4.553 0.0000000000
45427  -14.653  -40.055  -5.213 0.0000000000
45434  -12.443  -40.154  -4.884 0.0000000000
45435  -12.842  -40.402  -5.483 0.0000000000
45436  -15.490  -40.125  -5.795 0.0000000000
45437  -16.498  -40.239  -6.165 0.0000000000
45438  -17.504  -40.353  -6.251 0.0000000000
45439  -18.419  -40.368  -5.826 0.0000000000
45440  -22.865  -40.819  -5.581 0.0000000000
45441  -23.624  -40.895  -5.536 0.0000000000
45442  -24.411  -40.855  -5.495 0.0000000000
45443  -25.284  -40.772  -5.431 0.0000000000
45444  -26.248  -40.706  -5.366 0.0000000000
45453  -12.754  -39.738  -5.335 0.0000000000
45454  -13.277  -40.006  -5.750 0.0000000000
45455  -13.834  -39.854  -6.252 0.0000000000
45456  -20.497  -40.770  -6.578 0.0000000000
45457  -21.333  -40.741  -6.201 0.0000000000
45458  -22.093  -40.734  -5.808 0.0000000000
45469  -14.370  -39.784  -6.754 0.0000000000
45470  -14.909  -39.678  -7.384 0.0000000000
45471  -18.351  -40.800  -8.274 0.0000000000
45472  -18.908  -40.841  -7.744 0.0000000000
45473  -19.627  -40.828  -7.065 0.0000000000
45477  -15.745  -40.042  -8.055 0.0000000000
45478  -16.635  -40.390  -8.538 0.0000000000
45479  -17.454  -40.706  -8.644 0.0000000000
45480  -17.963  -40.940  -8.492 0.0000000000
46458  -11.846  -39.837  -3.959 0.0000000000
46459  -12.129  -39.530  -3.827 0.0000000000
46460  -12.751  -39.470  -4.000 0.0000000000
46466  -12.067  -39.559  -4.381 0.0000000000
46467  -12.590  -39.221  -4.460 0.0000000000
46468  -13.370  -39.239  -4.573 0.0000000000
46469  -14.157  -39.291  -5.006 0.0000000000
46470  -18.561  -39.494  -5.345 0.0000000000
46473  -12.518  -39.299  -4.969 0.0000000000
46474  -13.007  -38.769  -5.094 0.0000000000
46475  -13.760  -39.012  -5.376 0.0000000000
46476  -14.710  -39.187  -5.847 0.0000000000
46477  -15.929  -39.273  -6.246 0.0000000000
46478  -17.089  -39.325  -6.419 0.0000000000
46479  -18.011  -39.349  -6.051 0.0000000000
46480  -23.188  -40.269  -5.510 0.0000000000
46481  -23.793  -40.170  -5.533 0.0000000000
46482  -24.554  -40.017  -5.546 0.0000000000
46483  -25.465  -39.826  -5.611 0.0000000000
46484  -26.441  -39.888  -5.570 0.0000000000
46491  -12.936  -39.276  -5.416 0.0000000000
46492  -13.441  -39.231  -5.682 0.0000000000
46493  -14.077  -39.128  -6.189 0.0000000000
46494  -14.627  -38.716  -6.556 0.0000000000
46495  -20.832  -39.890  -6.500 0.0000000000
46496  -21.601  -39.912  -6.067 0.0000000000
46497  -22.478  -39.878  -5.652 0.0000000000
46498  -25.893  -39.266  -5.781 0.0000000000
46499  -26.589  -39.173  -5.781 0.0000000000
46511  -14.337  -39.064  -6.859 0.0000000000
46512  -14.677  -38.663  -7.174 0.0000000000
46513  -18.532  -39.971  -8.145 0.0000000000
46514  -19.164  -39.954  -7.520 0.0000000000
46515  -19.935  -39.868  -6.892 0.0000000000
46520  -15.274  -38.958  -7.762 0.0000000000
46521  -16.128  -39.235  -8.315 0.0000000000
46522  -17.115  -39.448  -8.826 0.0000000000
46523  -17.896  -40.129  -8.501 0.0000000000
47459  -18.093  -38.857  -5.612 0.0000000000
47462  -15.367  -38.543  -6.464 0.0000000000
47463  -16.443  -38.453  -6.461 0.0000000000
47464  -17.562  -38.331  -6.096 0.0000000000
47465  -17.950  -38.848  -5.938 0.0000000000
47466  -23.204  -39.687  -5.572 0.0000000000
47467  -23.786  -39.403  -5.692 0.0000000000
47468  -24.583  -39.193  -5.789 0.0000000000
47469  -25.262  -39.024  -5.875 0.0000000000
47478  -14.984  -38.092  -6.845 0.0000000000
47479  -21.220  -39.279  -6.474 0.0000000000
47480  -21.877  -39.117  -6.159 0.0000000000
47481  -22.844  -38.940  -5.941 0.0000000000
47482  -23.783  -38.606  -6.083 0.0000000000
47483  -24.682  -38.483  -6.217 0.0000000000
47484  -25.713  -38.539  -6.208 0.0000000000
47496  -15.108  -38.095  -7.444 0.0000000000
47497  -18.805  -39.261  -7.938 0.0000000000
47498  -19.439  -39.042  -7.412 0.0000000000
47499  -20.448  -38.883  -6.857 0.0000000000
47504  -15.624  -38.213  -8.062 0.0000000000
47505  -16.464  -38.358  -8.528 0.0000000000
47506  -17.201  -38.362  -8.839 0.0000000000
47507  -18.087  -38.853  -8.516 0.0000000000
48491  -15.787  -37.848  -6.701 0.0000000000
48492  -16.637  -37.644  -6.460 0.0000000000
48493  -17.093  -37.260  -6.081 0.0000000000
48501  -15.396  -37.513  -7.143 0.0000000000
48502  -16.038  -37.174  -6.846 0.0000000000
48503  -16.595  -37.007  -6.488 0.0000000000
48504  -21.292  -38.645  -6.591 0.0000000000
48505  -22.004  -38.293  -6.526 0.0000000000
48506  -22.961  -38.020  -6.511 0.0000000000
48507  -23.926  -37.821  -6.559 0.0000000000
48508  -24.898  -37.770  -6.690 0.0000000000
48509  -25.955  -37.589  -6.688 0.0000000000
48516  -15.452  -37.394  -7.706 0.0000000000
48517  -18.868  -38.508  -7.909 0.0000000000
48518  -19.679  -37.915  -7.530 0.0000000000
48519  -20.971  -37.744  -6.925 0.0000000000
48520  -22.132  -37.363  -6.914 0.0000000000
48521  -23.172  -37.202  -7.005 0.0000000000
48522  -24.149  -37.122  -7.081 0.0000000000
48536  -15.948  -37.337  -8.356 0.0000000000
48537  -16.746  -37.564  -8.814 0.0000000000
48538  -17.612  -37.511  -8.852 0.0000000000
48539  -18.672  -37.571  -8.353 0.0000000000
49536  -15.574  -36.699  -7.335 0.0000000000
49537  -16.235  -36.526  -6.773 0.0000000000
49538  -16.731  -36.571  -6.238 0.0000000000
49545  -15.424  -36.589  -8.018 0.0000000000
50628  -15.859  -35.968  -7.175 0.0000000000
50629  -16.474  -35.877  -6.522 0.0000000000
50640  -15.435  -35.948  -7.693 0.0000000000
51771  -16.100  -35.410  -7.113 0.0000000000
51785  -15.687  -35.486  -7.499 0.0000000000
