#!ascii label  , from subject FREESURFER vox2ras=TkReg 
336
26331  -22.531  -59.509  0.012 0.0000000000
27356  -23.140  -59.289  0.524 0.0000000000
27357  -23.738  -58.972  1.153 0.0000000000
27375  -19.925  -59.341  -0.406 0.0000000000
27376  -20.955  -59.206  -0.461 0.0000000000
27377  -21.878  -58.994  -0.332 0.0000000000
27378  -22.628  -58.730  0.027 0.0000000000
28332  -23.332  -58.308  0.538 0.0000000000
28333  -24.126  -58.173  1.334 0.0000000000
28334  -24.454  -57.985  1.929 0.0000000000
28344  -19.115  -58.411  -0.371 0.0000000000
28345  -20.143  -58.339  -0.447 0.0000000000
28346  -21.128  -58.231  -0.444 0.0000000000
28347  -22.031  -58.102  -0.317 0.0000000000
28348  -22.702  -58.009  0.012 0.0000000000
29231  -23.071  -57.570  0.189 0.0000000000
29232  -23.721  -57.287  0.653 0.0000000000
29233  -24.409  -57.325  1.710 0.0000000000
29247  -18.359  -57.479  -0.503 0.0000000000
29248  -19.394  -57.426  -0.454 0.0000000000
29249  -20.405  -57.367  -0.443 0.0000000000
29250  -21.390  -57.294  -0.416 0.0000000000
29251  -22.373  -57.232  -0.160 0.0000000000
29252  -23.081  -56.939  0.117 0.0000000000
30124  -25.852  -55.488  1.439 0.0000000000
30140  -24.144  -56.360  0.687 0.0000000000
30141  -24.371  -56.163  0.915 0.0000000000
30156  -17.646  -56.546  -0.701 0.0000000000
30157  -18.703  -56.498  -0.635 0.0000000000
30158  -19.727  -56.454  -0.517 0.0000000000
30159  -20.732  -56.410  -0.449 0.0000000000
30160  -21.719  -56.354  -0.326 0.0000000000
30161  -22.649  -56.273  -0.096 0.0000000000
30162  -23.496  -56.275  0.215 0.0000000000
30945  -24.679  -57.160  3.593 0.0000000000
30994  -26.251  -55.543  0.648 0.0000000000
30995  -26.633  -55.419  0.646 0.0000000000
31011  -24.265  -55.758  0.652 0.0000000000
31012  -24.365  -55.344  0.573 0.0000000000
31013  -26.606  -55.104  0.387 0.0000000000
31028  -16.989  -55.565  -0.815 0.0000000000
31029  -18.066  -55.555  -0.851 0.0000000000
31030  -19.106  -55.526  -0.715 0.0000000000
31031  -20.121  -55.491  -0.538 0.0000000000
31032  -21.130  -55.454  -0.402 0.0000000000
31033  -22.135  -55.416  -0.273 0.0000000000
31034  -23.130  -55.402  -0.129 0.0000000000
31035  -24.065  -55.380  0.217 0.0000000000
31036  -24.406  -54.940  0.386 0.0000000000
31889  -26.711  -55.488  2.858 0.0000000000
31922  -27.169  -55.228  1.556 0.0000000000
31934  -27.270  -54.885  0.438 0.0000000000
31950  -24.444  -54.679  0.485 0.0000000000
31951  -26.401  -54.376  0.176 0.0000000000
31966  -16.374  -54.564  -1.052 0.0000000000
31967  -17.473  -54.580  -1.003 0.0000000000
31968  -18.536  -54.585  -0.925 0.0000000000
31969  -19.562  -54.562  -0.722 0.0000000000
31970  -20.584  -54.527  -0.521 0.0000000000
31971  -21.622  -54.505  -0.416 0.0000000000
31972  -22.664  -54.515  -0.375 0.0000000000
31973  -23.649  -54.536  -0.232 0.0000000000
31974  -24.338  -54.449  0.201 0.0000000000
31975  -24.539  -54.113  0.463 0.0000000000
32903  -27.546  -53.734  2.807 0.0000000000
32921  -27.683  -54.074  1.442 0.0000000000
32922  -27.529  -54.525  2.584 0.0000000000
32936  -27.180  -54.000  0.310 0.0000000000
32954  -26.750  -53.612  -0.104 0.0000000000
32968  -15.707  -53.456  -1.356 0.0000000000
32969  -16.922  -53.596  -1.292 0.0000000000
32970  -18.013  -53.642  -1.152 0.0000000000
32971  -19.052  -53.641  -0.973 0.0000000000
32972  -20.077  -53.605  -0.736 0.0000000000
32973  -21.136  -53.571  -0.582 0.0000000000
32974  -22.216  -53.600  -0.590 0.0000000000
32975  -23.243  -53.669  -0.481 0.0000000000
32976  -24.103  -53.752  -0.181 0.0000000000
32977  -24.611  -53.762  0.332 0.0000000000
32978  -24.685  -53.616  0.580 0.0000000000
32990  -15.353  -52.731  -1.540 0.0000000000
34008  -26.996  -53.353  2.047 0.0000000000
34025  -26.745  -53.429  0.781 0.0000000000
34043  -24.723  -53.106  0.745 0.0000000000
34058  -15.788  -52.743  -1.563 0.0000000000
34059  -16.439  -52.567  -1.587 0.0000000000
34060  -17.553  -52.707  -1.412 0.0000000000
34061  -18.577  -52.726  -1.191 0.0000000000
34062  -19.593  -52.714  -0.990 0.0000000000
34063  -20.665  -52.666  -0.873 0.0000000000
34064  -21.790  -52.670  -0.876 0.0000000000
34065  -22.892  -52.745  -0.752 0.0000000000
34066  -23.838  -52.923  -0.426 0.0000000000
34067  -24.419  -53.166  0.154 0.0000000000
34068  -24.702  -53.330  0.601 0.0000000000
34086  -15.664  -52.166  -1.687 0.0000000000
34087  -16.156  -52.008  -1.741 0.0000000000
35066  -24.772  -52.499  2.541 0.0000000000
35085  -24.609  -51.855  1.749 0.0000000000
35086  -24.669  -52.401  1.533 0.0000000000
35103  -24.526  -52.277  0.871 0.0000000000
35104  -24.653  -52.729  0.969 0.0000000000
35118  -16.526  -51.838  -1.764 0.0000000000
35119  -17.195  -51.902  -1.671 0.0000000000
35120  -18.170  -51.762  -1.399 0.0000000000
35121  -19.114  -51.884  -1.155 0.0000000000
35122  -20.137  -51.768  -0.992 0.0000000000
35123  -21.317  -51.726  -1.149 0.0000000000
35124  -22.550  -51.742  -1.075 0.0000000000
35125  -23.622  -51.936  -0.664 0.0000000000
35126  -24.382  -52.338  0.008 0.0000000000
35127  -24.651  -52.856  0.618 0.0000000000
35146  -15.090  -51.409  -1.890 0.0000000000
35147  -16.004  -51.412  -1.906 0.0000000000
35148  -16.836  -51.244  -1.868 0.0000000000
35149  -17.577  -51.207  -1.622 0.0000000000
36127  -24.099  -50.153  2.076 0.0000000000
36128  -24.507  -51.077  2.486 0.0000000000
36140  -24.085  -50.161  1.214 0.0000000000
36141  -24.347  -50.817  1.403 0.0000000000
36153  -23.830  -50.218  -0.427 0.0000000000
36154  -24.139  -50.297  0.231 0.0000000000
36155  -24.402  -51.418  0.728 0.0000000000
36172  -18.779  -51.311  -1.247 0.0000000000
36173  -19.465  -51.024  -1.091 0.0000000000
36174  -20.725  -50.721  -1.329 0.0000000000
36175  -22.091  -50.776  -1.394 0.0000000000
36176  -23.406  -50.583  -0.804 0.0000000000
36177  -24.200  -51.370  -0.142 0.0000000000
36178  -24.441  -51.846  0.352 0.0000000000
36197  -15.416  -50.629  -2.157 0.0000000000
36198  -16.352  -50.500  -2.129 0.0000000000
36199  -17.302  -50.550  -1.877 0.0000000000
36200  -18.422  -50.600  -1.479 0.0000000000
36201  -19.722  -50.068  -1.444 0.0000000000
36202  -20.740  -49.800  -1.604 0.0000000000
36211  -14.964  -49.988  -2.292 0.0000000000
36212  -15.632  -49.892  -2.345 0.0000000000
36213  -16.306  -49.768  -2.317 0.0000000000
37013  -22.027  -48.720  3.254 0.0000000000
37015  -23.429  -49.410  2.683 0.0000000000
37023  -23.696  -49.518  1.189 0.0000000000
37039  -23.739  -49.825  -0.488 0.0000000000
37040  -23.798  -49.326  0.007 0.0000000000
37059  -21.678  -49.916  -1.598 0.0000000000
37060  -22.680  -49.837  -1.391 0.0000000000
37061  -23.392  -49.358  -1.053 0.0000000000
37062  -23.675  -49.284  -0.600 0.0000000000
37078  -16.899  -49.976  -2.167 0.0000000000
37079  -17.681  -49.772  -1.991 0.0000000000
37080  -18.860  -49.292  -1.936 0.0000000000
37081  -20.214  -49.205  -1.904 0.0000000000
37082  -21.383  -49.177  -1.942 0.0000000000
37083  -22.388  -49.183  -1.702 0.0000000000
37084  -22.937  -49.224  -1.429 0.0000000000
37095  -14.894  -49.228  -2.397 0.0000000000
37096  -15.814  -49.204  -2.562 0.0000000000
37097  -16.829  -49.271  -2.439 0.0000000000
37098  -17.832  -49.024  -2.371 0.0000000000
37099  -18.521  -48.764  -2.387 0.0000000000
37860  -20.775  -48.155  3.175 0.0000000000
37861  -21.489  -48.333  3.052 0.0000000000
37862  -22.250  -48.362  2.638 0.0000000000
37863  -22.834  -48.707  2.452 0.0000000000
37872  -22.599  -48.301  1.927 0.0000000000
37873  -23.119  -48.768  1.654 0.0000000000
37887  -22.773  -48.238  1.154 0.0000000000
37888  -23.296  -48.610  0.491 0.0000000000
37900  -23.440  -48.854  -1.086 0.0000000000
37901  -23.555  -48.691  -0.643 0.0000000000
37908  -18.991  -48.726  -2.321 0.0000000000
37909  -19.695  -48.505  -2.394 0.0000000000
37910  -20.969  -48.471  -2.375 0.0000000000
37911  -22.217  -48.369  -2.081 0.0000000000
37912  -23.159  -48.553  -1.367 0.0000000000
37913  -23.532  -48.245  -1.015 0.0000000000
37922  -15.143  -48.343  -2.621 0.0000000000
37923  -16.133  -48.480  -2.849 0.0000000000
37924  -17.111  -48.476  -2.755 0.0000000000
37925  -18.026  -48.408  -2.766 0.0000000000
37926  -18.960  -48.324  -2.719 0.0000000000
37927  -19.503  -48.112  -2.707 0.0000000000
38708  -19.887  -47.754  3.128 0.0000000000
38709  -20.421  -47.907  3.130 0.0000000000
38716  -19.752  -47.129  2.592 0.0000000000
38717  -20.778  -47.388  2.419 0.0000000000
38718  -21.849  -47.778  2.220 0.0000000000
38719  -22.290  -48.013  2.104 0.0000000000
38733  -21.056  -46.893  1.586 0.0000000000
38734  -21.759  -47.139  1.307 0.0000000000
38735  -22.336  -47.828  1.504 0.0000000000
38749  -22.190  -46.929  0.594 0.0000000000
38750  -22.791  -47.535  0.310 0.0000000000
38751  -23.368  -48.172  -0.110 0.0000000000
38761  -23.317  -47.317  -0.771 0.0000000000
38762  -23.440  -47.941  -0.590 0.0000000000
38772  -19.793  -48.008  -2.682 0.0000000000
38773  -20.441  -47.846  -2.685 0.0000000000
38774  -21.763  -47.423  -2.553 0.0000000000
38775  -23.025  -47.260  -1.691 0.0000000000
38776  -23.407  -47.842  -1.147 0.0000000000
38781  -14.635  -47.310  -2.527 0.0000000000
38782  -15.572  -47.444  -2.965 0.0000000000
38783  -16.503  -47.758  -3.097 0.0000000000
38784  -17.426  -47.823  -3.148 0.0000000000
38785  -18.419  -47.784  -3.177 0.0000000000
38786  -19.610  -47.547  -3.064 0.0000000000
38787  -20.866  -47.060  -3.019 0.0000000000
38788  -21.685  -46.578  -2.803 0.0000000000
38793  -16.114  -47.055  -3.309 0.0000000000
38794  -16.829  -47.139  -3.515 0.0000000000
38795  -17.809  -47.182  -3.537 0.0000000000
38796  -18.764  -47.088  -3.522 0.0000000000
38797  -19.533  -46.794  -3.551 0.0000000000
39639  -19.613  -46.566  2.161 0.0000000000
39640  -20.163  -46.840  2.168 0.0000000000
39654  -19.392  -46.061  1.688 0.0000000000
39655  -20.457  -46.428  1.374 0.0000000000
39656  -21.220  -46.707  1.175 0.0000000000
39666  -20.834  -46.048  0.613 0.0000000000
39667  -21.633  -46.373  0.425 0.0000000000
39668  -22.407  -46.782  0.208 0.0000000000
39677  -22.121  -45.932  -0.291 0.0000000000
39678  -22.788  -46.422  -0.574 0.0000000000
39688  -22.457  -46.196  -2.310 0.0000000000
39689  -22.978  -46.278  -1.543 0.0000000000
39694  -14.178  -46.321  -2.301 0.0000000000
39695  -15.001  -46.319  -3.121 0.0000000000
39696  -15.655  -46.785  -3.331 0.0000000000
39697  -20.304  -46.626  -3.378 0.0000000000
39698  -21.234  -46.105  -3.154 0.0000000000
39699  -21.852  -46.057  -2.785 0.0000000000
39704  -15.242  -45.757  -3.698 0.0000000000
39705  -16.005  -46.282  -4.014 0.0000000000
39706  -17.276  -46.629  -4.093 0.0000000000
39707  -18.255  -46.611  -3.959 0.0000000000
39708  -19.088  -46.499  -3.899 0.0000000000
39709  -19.939  -46.033  -3.804 0.0000000000
39710  -20.611  -46.034  -3.432 0.0000000000
39715  -16.420  -45.715  -4.607 0.0000000000
39716  -16.983  -45.946  -4.613 0.0000000000
39717  -17.939  -46.104  -4.573 0.0000000000
39718  -18.788  -46.110  -4.340 0.0000000000
39719  -19.313  -46.090  -4.122 0.0000000000
40571  -19.707  -45.765  1.099 0.0000000000
40579  -19.277  -45.354  0.589 0.0000000000
40580  -20.267  -45.596  0.445 0.0000000000
40581  -21.013  -45.764  0.221 0.0000000000
40588  -20.777  -45.336  -0.138 0.0000000000
40589  -21.538  -45.486  -0.303 0.0000000000
40590  -22.326  -45.529  -0.708 0.0000000000
40597  -22.417  -45.319  -2.123 0.0000000000
40598  -22.595  -45.510  -1.404 0.0000000000
40603  -14.279  -45.388  -2.621 0.0000000000
40604  -21.425  -45.617  -3.178 0.0000000000
40605  -21.840  -45.364  -2.789 0.0000000000
40610  -14.774  -45.093  -3.417 0.0000000000
40611  -15.366  -45.218  -4.152 0.0000000000
40612  -20.163  -45.091  -4.055 0.0000000000
40613  -21.008  -45.347  -3.448 0.0000000000
40614  -21.570  -44.886  -3.166 0.0000000000
40619  -16.000  -45.279  -4.767 0.0000000000
40620  -16.797  -45.212  -4.946 0.0000000000
40621  -17.695  -45.342  -5.050 0.0000000000
40622  -18.680  -45.389  -4.778 0.0000000000
40623  -19.417  -45.555  -4.306 0.0000000000
41454  -19.703  -44.997  -0.111 0.0000000000
41455  -20.362  -45.148  -0.169 0.0000000000
41463  -19.376  -44.263  -0.456 0.0000000000
41464  -20.742  -44.515  -0.738 0.0000000000
41465  -22.020  -44.863  -0.800 0.0000000000
41466  -22.428  -45.183  -0.994 0.0000000000
41474  -21.135  -43.949  -1.470 0.0000000000
41475  -21.934  -44.514  -1.739 0.0000000000
41476  -22.296  -45.015  -1.218 0.0000000000
41481  -21.682  -44.433  -2.796 0.0000000000
41486  -14.998  -44.291  -4.015 0.0000000000
41487  -20.237  -44.529  -4.187 0.0000000000
41488  -20.722  -44.502  -3.847 0.0000000000
41489  -21.339  -44.429  -3.400 0.0000000000
41494  -15.596  -44.361  -4.707 0.0000000000
41495  -16.454  -44.318  -5.230 0.0000000000
41496  -17.389  -44.526  -5.324 0.0000000000
41497  -18.481  -44.391  -5.241 0.0000000000
41498  -19.620  -44.473  -4.577 0.0000000000
41502  -17.174  -43.846  -5.539 0.0000000000
41503  -17.902  -43.789  -5.546 0.0000000000
41504  -18.573  -43.557  -5.470 0.0000000000
42360  -19.795  -43.661  -0.839 0.0000000000
42369  -19.248  -43.018  -1.151 0.0000000000
42370  -20.481  -43.129  -1.510 0.0000000000
42371  -21.301  -43.641  -1.863 0.0000000000
42376  -21.162  -43.122  -2.178 0.0000000000
42377  -21.464  -43.686  -2.509 0.0000000000
42382  -20.441  -44.007  -4.211 0.0000000000
42383  -21.071  -43.602  -3.717 0.0000000000
42384  -21.486  -43.861  -3.124 0.0000000000
42389  -15.899  -43.412  -5.190 0.0000000000
42390  -16.724  -43.291  -5.618 0.0000000000
42391  -19.376  -43.307  -5.211 0.0000000000
42392  -20.212  -43.447  -4.583 0.0000000000
42393  -20.643  -43.458  -4.197 0.0000000000
42397  -17.553  -43.161  -5.822 0.0000000000
42398  -18.330  -43.094  -5.723 0.0000000000
42399  -18.819  -43.110  -5.527 0.0000000000
43328  -19.394  -42.279  -1.657 0.0000000000
43329  -20.130  -42.188  -1.992 0.0000000000
43336  -20.755  -42.476  -2.456 0.0000000000
43337  -21.334  -42.965  -2.716 0.0000000000
43345  -21.080  -42.628  -3.340 0.0000000000
43346  -21.440  -43.292  -3.107 0.0000000000
43355  -19.754  -42.268  -5.221 0.0000000000
43356  -20.223  -42.599  -4.807 0.0000000000
43357  -20.729  -42.817  -4.196 0.0000000000
43363  -17.193  -42.365  -5.956 0.0000000000
43364  -18.113  -42.315  -5.870 0.0000000000
43365  -18.976  -42.422  -5.550 0.0000000000
44312  -19.527  -41.611  -2.197 0.0000000000
44313  -20.201  -41.767  -2.478 0.0000000000
44318  -18.998  -41.040  -2.463 0.0000000000
44319  -19.771  -41.116  -2.886 0.0000000000
44320  -20.519  -41.811  -3.121 0.0000000000
44326  -20.230  -41.209  -3.734 0.0000000000
44327  -20.690  -41.964  -3.936 0.0000000000
44334  -19.529  -41.474  -5.237 0.0000000000
44335  -20.197  -41.612  -4.638 0.0000000000
44336  -20.499  -42.221  -4.412 0.0000000000
44344  -18.741  -41.379  -5.662 0.0000000000
45414  -19.603  -40.659  -3.572 0.0000000000
45420  -19.213  -40.106  -3.982 0.0000000000
45421  -19.804  -40.753  -4.309 0.0000000000
45428  -19.291  -40.372  -5.057 0.0000000000
45429  -19.750  -41.020  -4.821 0.0000000000
129867  -24.535  -57.674  2.634 0.0000000000
129869  -26.576  -55.857  1.993 0.0000000000
129870  -24.475  -57.740  2.172 0.0000000000
