#!ascii label  , from subject FREESURFER vox2ras=TkReg 
467
100632  -2.841  16.518  -6.995 0.0000000000
100633  -3.220  16.389  -7.177 0.0000000000
100649  -3.232  16.901  -7.519 0.0000000000
101345  -3.148  17.450  -7.494 0.0000000000
102064  -2.773  18.210  -4.297 0.0000000000
102069  -2.623  18.486  -4.888 0.0000000000
102075  -2.851  18.735  -6.058 0.0000000000
102082  -3.122  18.501  -7.312 0.0000000000
102083  -3.705  18.358  -8.079 0.0000000000
102781  -2.841  19.189  -3.925 0.0000000000
102786  -2.822  19.517  -5.118 0.0000000000
102790  -3.097  19.794  -6.067 0.0000000000
102805  -3.304  19.618  -7.006 0.0000000000
102806  -3.700  19.548  -8.095 0.0000000000
102807  -4.609  19.925  -8.572 0.0000000000
102824  -4.224  19.077  -8.588 0.0000000000
103469  -2.869  20.806  -0.208 0.0000000000
103483  -2.704  20.250  -1.851 0.0000000000
103488  -2.791  20.372  -3.259 0.0000000000
103493  -2.982  20.424  -4.392 0.0000000000
103496  -3.158  20.571  -5.529 0.0000000000
103507  -3.357  20.630  -6.638 0.0000000000
103508  -5.609  21.162  -7.625 0.0000000000
103509  -5.988  21.013  -7.396 0.0000000000
103524  -3.662  20.637  -7.666 0.0000000000
103525  -4.133  20.742  -8.436 0.0000000000
103526  -5.223  20.871  -7.943 0.0000000000
104113  -3.090  21.372  0.038 0.0000000000
104120  -2.999  21.785  -1.846 0.0000000000
104122  -2.878  21.497  -2.710 0.0000000000
104125  -3.064  21.478  -3.788 0.0000000000
104127  -3.332  21.523  -4.912 0.0000000000
104135  -3.432  21.583  -6.101 0.0000000000
104136  -6.713  21.940  -6.081 0.0000000000
104137  -7.630  21.728  -5.747 0.0000000000
104150  -3.545  21.615  -7.272 0.0000000000
104151  -5.593  21.635  -7.491 0.0000000000
104152  -6.404  21.420  -6.816 0.0000000000
104162  -3.832  21.666  -8.286 0.0000000000
104163  -4.476  21.722  -8.312 0.0000000000
104164  -5.058  21.592  -7.976 0.0000000000
104171  -3.952  22.001  -8.623 0.0000000000
104172  -4.121  21.809  -8.571 0.0000000000
104712  -3.177  21.983  -0.831 0.0000000000
104715  -3.210  22.679  -1.563 0.0000000000
104718  -3.111  22.587  -2.318 0.0000000000
104721  -3.151  22.525  -3.246 0.0000000000
104724  -3.385  22.566  -4.300 0.0000000000
104725  -7.680  23.101  -4.904 0.0000000000
104726  -8.085  22.972  -4.815 0.0000000000
104727  -9.058  22.677  -4.652 0.0000000000
104736  -3.563  22.605  -5.480 0.0000000000
104737  -5.814  23.072  -6.758 0.0000000000
104738  -6.178  22.821  -6.309 0.0000000000
104739  -7.265  22.804  -5.296 0.0000000000
104740  -8.257  22.200  -5.210 0.0000000000
104749  -3.605  22.567  -6.702 0.0000000000
104750  -4.913  22.973  -7.822 0.0000000000
104751  -5.371  22.820  -7.313 0.0000000000
104752  -6.073  22.122  -6.808 0.0000000000
104759  -3.808  22.534  -7.800 0.0000000000
104760  -4.472  22.739  -8.188 0.0000000000
104761  -5.028  22.126  -7.990 0.0000000000
104767  -3.923  22.297  -8.447 0.0000000000
104768  -4.200  22.137  -8.587 0.0000000000
105264  -3.603  23.228  -0.147 0.0000000000
105265  -4.070  24.036  0.156 0.0000000000
105268  -3.419  23.497  -0.991 0.0000000000
105269  -3.767  23.966  -0.411 0.0000000000
105271  -3.224  23.577  -1.882 0.0000000000
105274  -3.289  23.484  -2.747 0.0000000000
105276  -3.418  23.516  -3.664 0.0000000000
105280  -3.579  23.778  -4.796 0.0000000000
105281  -3.635  24.397  -5.000 0.0000000000
105282  -7.683  23.557  -4.709 0.0000000000
105283  -8.554  23.608  -4.374 0.0000000000
105284  -9.554  23.618  -4.180 0.0000000000
105293  -3.698  23.641  -6.098 0.0000000000
105294  -3.630  24.255  -5.408 0.0000000000
105295  -5.849  23.555  -6.615 0.0000000000
105296  -6.465  23.594  -5.672 0.0000000000
105297  -7.045  23.725  -5.054 0.0000000000
105304  -3.797  23.362  -7.223 0.0000000000
105305  -4.820  23.461  -7.786 0.0000000000
105306  -5.315  23.719  -7.277 0.0000000000
105314  -3.990  23.309  -7.863 0.0000000000
105315  -4.293  23.488  -7.895 0.0000000000
105801  -3.693  24.344  -0.798 0.0000000000
105802  -4.152  24.716  -0.387 0.0000000000
105804  -3.523  24.675  -1.426 0.0000000000
105805  -3.828  24.842  -0.880 0.0000000000
105808  -3.356  24.459  -2.368 0.0000000000
105811  -3.415  24.249  -3.120 0.0000000000
105817  -3.512  24.500  -3.873 0.0000000000
105818  -3.605  24.730  -4.626 0.0000000000
105819  -7.273  24.385  -4.723 0.0000000000
105820  -8.000  24.446  -4.271 0.0000000000
105821  -8.929  24.489  -3.858 0.0000000000
105822  -9.989  24.584  -3.844 0.0000000000
105829  -3.629  24.623  -5.975 0.0000000000
105830  -3.633  24.813  -5.218 0.0000000000
105831  -5.584  24.418  -6.887 0.0000000000
105832  -6.157  24.416  -6.017 0.0000000000
105833  -6.709  24.384  -5.254 0.0000000000
105839  -3.835  24.287  -7.039 0.0000000000
105840  -4.303  24.147  -7.754 0.0000000000
105841  -5.045  24.315  -7.620 0.0000000000
105847  -3.958  23.782  -7.614 0.0000000000
105848  -4.110  23.713  -7.821 0.0000000000
106375  -3.664  25.534  -1.567 0.0000000000
106376  -4.108  25.632  -0.990 0.0000000000
106378  -3.373  25.471  -2.085 0.0000000000
106382  -3.388  25.276  -3.062 0.0000000000
106387  -3.582  25.432  -4.069 0.0000000000
106388  -3.679  25.424  -4.854 0.0000000000
106389  -6.894  25.419  -4.886 0.0000000000
106390  -7.401  25.305  -4.500 0.0000000000
106391  -8.298  25.429  -3.934 0.0000000000
106392  -9.324  25.539  -3.732 0.0000000000
106399  -3.678  25.308  -6.510 0.0000000000
106400  -3.612  25.431  -5.530 0.0000000000
106401  -5.980  25.268  -6.410 0.0000000000
106402  -6.541  25.254  -5.441 0.0000000000
106403  -6.925  24.948  -4.900 0.0000000000
106409  -3.928  25.169  -7.819 0.0000000000
106410  -4.644  24.981  -7.876 0.0000000000
106411  -5.332  25.233  -7.378 0.0000000000
106416  -3.820  25.468  -8.872 0.0000000000
106417  -4.445  25.376  -8.691 0.0000000000
106418  -4.977  25.481  -8.134 0.0000000000
106423  -3.867  25.705  -9.350 0.0000000000
106424  -4.138  25.497  -9.372 0.0000000000
106988  -3.684  26.405  -1.724 0.0000000000
106989  -4.311  26.740  -1.228 0.0000000000
106993  -3.404  26.404  -2.571 0.0000000000
106998  -3.513  26.353  -3.517 0.0000000000
107002  -3.653  26.266  -4.588 0.0000000000
107003  -3.689  25.831  -5.191 0.0000000000
107004  -6.830  26.146  -4.898 0.0000000000
107005  -7.702  26.352  -4.253 0.0000000000
107006  -8.655  26.493  -3.838 0.0000000000
107013  -3.587  26.176  -5.650 0.0000000000
107014  -3.627  25.818  -5.433 0.0000000000
107015  -5.820  26.135  -6.776 0.0000000000
107016  -6.290  26.150  -5.851 0.0000000000
107021  -3.596  26.214  -6.949 0.0000000000
107022  -5.319  26.157  -7.680 0.0000000000
107026  -3.734  26.226  -8.162 0.0000000000
107027  -4.536  26.014  -9.261 0.0000000000
107028  -4.910  26.045  -8.543 0.0000000000
107032  -3.722  26.213  -9.131 0.0000000000
107033  -4.017  26.155  -9.616 0.0000000000
107568  -3.444  27.492  -2.196 0.0000000000
107569  -4.004  27.571  -1.587 0.0000000000
107574  -3.366  27.378  -3.034 0.0000000000
107578  -3.538  27.302  -3.971 0.0000000000
107581  -3.547  27.274  -4.997 0.0000000000
107582  -7.195  27.247  -4.700 0.0000000000
107583  -8.016  27.445  -4.138 0.0000000000
107584  -9.015  27.547  -3.848 0.0000000000
107590  -3.363  27.248  -6.135 0.0000000000
107591  -6.148  26.851  -6.259 0.0000000000
107592  -6.577  27.188  -5.485 0.0000000000
107597  -3.322  27.220  -7.413 0.0000000000
107598  -5.820  27.151  -7.041 0.0000000000
107599  -6.270  27.576  -6.215 0.0000000000
107603  -3.394  27.108  -8.615 0.0000000000
107604  -4.865  26.654  -8.910 0.0000000000
107605  -5.278  27.031  -8.128 0.0000000000
107609  -2.825  27.918  -10.663 0.0000000000
107610  -3.561  27.320  -9.721 0.0000000000
107611  -4.491  27.235  -9.480 0.0000000000
107612  -5.049  27.367  -8.783 0.0000000000
107616  -3.136  28.649  -11.576 0.0000000000
107617  -3.472  27.694  -11.062 0.0000000000
107618  -4.038  27.735  -10.434 0.0000000000
107623  -3.898  27.971  -11.059 0.0000000000
108135  -3.564  28.690  -1.859 0.0000000000
108142  -3.320  28.485  -2.693 0.0000000000
108150  -3.428  28.192  -3.492 0.0000000000
108158  -3.575  28.297  -4.344 0.0000000000
108159  -6.955  27.826  -5.129 0.0000000000
108160  -7.425  28.409  -4.787 0.0000000000
108161  -8.412  28.474  -4.225 0.0000000000
108173  -3.452  28.316  -5.401 0.0000000000
108174  -6.716  28.391  -5.686 0.0000000000
108175  -7.156  28.919  -5.293 0.0000000000
108186  -3.167  28.327  -6.580 0.0000000000
108187  -5.717  28.046  -7.544 0.0000000000
108188  -6.138  28.228  -6.680 0.0000000000
108200  -2.809  28.520  -8.715 0.0000000000
108201  -3.005  28.319  -8.129 0.0000000000
108202  -5.363  27.940  -8.272 0.0000000000
108211  -2.825  28.362  -9.388 0.0000000000
108212  -3.056  27.661  -8.993 0.0000000000
108213  -4.772  28.112  -9.492 0.0000000000
108214  -5.002  28.232  -8.859 0.0000000000
108220  -2.693  29.085  -10.585 0.0000000000
108221  -4.553  28.225  -10.004 0.0000000000
108228  -2.588  30.165  -11.561 0.0000000000
108229  -4.011  29.265  -11.041 0.0000000000
108230  -4.169  28.626  -10.717 0.0000000000
108730  -3.490  29.532  -1.869 0.0000000000
108750  -3.250  29.684  -2.329 0.0000000000
108765  -3.553  29.483  -3.567 0.0000000000
108766  -3.889  30.220  -3.955 0.0000000000
108778  -3.721  29.215  -4.755 0.0000000000
108779  -3.902  30.001  -4.478 0.0000000000
108780  -7.965  29.417  -4.677 0.0000000000
108781  -8.833  29.332  -4.422 0.0000000000
108793  -3.563  29.515  -5.743 0.0000000000
108794  -3.846  29.814  -5.067 0.0000000000
108795  -7.066  29.516  -5.645 0.0000000000
108796  -7.451  29.310  -5.119 0.0000000000
108808  -3.137  29.400  -6.952 0.0000000000
108809  -5.900  28.831  -7.125 0.0000000000
108810  -6.389  29.309  -6.490 0.0000000000
108820  -2.727  28.984  -8.663 0.0000000000
108821  -2.940  29.529  -7.977 0.0000000000
108822  -5.465  29.113  -7.878 0.0000000000
108823  -5.945  29.417  -7.151 0.0000000000
108834  -2.662  29.749  -9.384 0.0000000000
108835  -2.802  29.668  -8.583 0.0000000000
108836  -4.732  29.024  -9.283 0.0000000000
108837  -5.038  29.083  -8.631 0.0000000000
108846  -2.549  30.284  -10.562 0.0000000000
108847  -4.481  29.122  -10.087 0.0000000000
108854  -4.218  29.543  -10.739 0.0000000000
108855  -4.327  29.282  -10.477 0.0000000000
109416  -3.333  30.673  -2.816 0.0000000000
109417  -3.732  30.722  -3.602 0.0000000000
109429  -4.183  30.784  -4.281 0.0000000000
109430  -7.981  29.894  -4.872 0.0000000000
109431  -8.356  29.984  -4.770 0.0000000000
109432  -9.182  30.095  -4.667 0.0000000000
109441  -3.764  30.130  -5.780 0.0000000000
109442  -4.077  30.583  -5.351 0.0000000000
109443  -7.225  30.032  -5.660 0.0000000000
109444  -7.691  30.213  -5.305 0.0000000000
109445  -8.638  30.729  -5.090 0.0000000000
109462  -3.670  30.307  -6.293 0.0000000000
109463  -4.172  31.080  -6.196 0.0000000000
109464  -6.983  30.313  -6.104 0.0000000000
109465  -7.453  31.083  -5.928 0.0000000000
109481  -3.332  30.364  -7.335 0.0000000000
109482  -5.556  30.121  -7.892 0.0000000000
109483  -6.160  30.330  -7.204 0.0000000000
109497  -2.810  30.613  -9.173 0.0000000000
109498  -3.010  30.533  -8.426 0.0000000000
109499  -4.798  29.826  -9.122 0.0000000000
109500  -5.136  30.001  -8.592 0.0000000000
109513  -2.671  30.822  -9.819 0.0000000000
109514  -4.604  29.859  -9.579 0.0000000000
109520  -2.492  31.194  -10.664 0.0000000000
109521  -4.246  29.947  -10.720 0.0000000000
109522  -4.349  30.011  -10.313 0.0000000000
110094  -4.688  31.901  -5.753 0.0000000000
110096  -8.102  31.542  -5.666 0.0000000000
110097  -9.050  31.546  -5.413 0.0000000000
110111  -3.801  31.084  -6.854 0.0000000000
110112  -4.263  31.756  -6.645 0.0000000000
110113  -7.088  31.554  -6.660 0.0000000000
110114  -7.586  31.659  -6.108 0.0000000000
110127  -3.530  31.419  -7.625 0.0000000000
110128  -3.907  31.644  -7.105 0.0000000000
110129  -5.726  30.920  -8.071 0.0000000000
110130  -6.381  31.665  -7.590 0.0000000000
110146  -2.956  31.469  -9.160 0.0000000000
110147  -3.273  31.601  -8.413 0.0000000000
110148  -4.866  30.389  -9.151 0.0000000000
110149  -5.193  31.384  -8.898 0.0000000000
110150  -5.887  31.891  -8.263 0.0000000000
110167  -2.572  31.839  -10.060 0.0000000000
110168  -4.695  30.782  -9.647 0.0000000000
110169  -4.779  31.684  -9.675 0.0000000000
110176  -2.399  32.052  -11.130 0.0000000000
110177  -4.085  30.344  -11.038 0.0000000000
110178  -4.434  31.300  -10.325 0.0000000000
110179  -4.606  31.889  -10.025 0.0000000000
110184  -3.116  30.749  -12.398 0.0000000000
110736  -8.203  32.215  -5.896 0.0000000000
110737  -8.650  32.278  -5.746 0.0000000000
110738  -9.399  32.274  -5.663 0.0000000000
110741  -4.705  32.649  -6.533 0.0000000000
110743  -7.341  32.342  -6.770 0.0000000000
110744  -7.791  32.380  -6.282 0.0000000000
110745  -8.301  32.602  -5.966 0.0000000000
110750  -3.558  32.385  -8.113 0.0000000000
110751  -4.069  32.365  -7.321 0.0000000000
110752  -7.004  32.580  -7.284 0.0000000000
110753  -7.442  32.846  -6.819 0.0000000000
110769  -2.745  32.751  -9.382 0.0000000000
110770  -3.173  32.320  -8.743 0.0000000000
110771  -5.713  32.775  -8.740 0.0000000000
110772  -6.340  32.677  -7.994 0.0000000000
110786  -2.375  32.907  -10.352 0.0000000000
110787  -4.781  32.945  -9.855 0.0000000000
110788  -5.082  32.450  -9.381 0.0000000000
110795  -2.250  33.101  -11.194 0.0000000000
110796  -3.946  32.087  -11.277 0.0000000000
110797  -4.484  32.314  -10.292 0.0000000000
110798  -4.734  32.258  -9.830 0.0000000000
110802  -2.288  32.865  -11.989 0.0000000000
110803  -3.483  32.772  -12.259 0.0000000000
110804  -3.382  33.153  -12.757 0.0000000000
110805  -1.794  33.138  -13.615 0.0000000000
110806  -3.328  32.718  -13.023 0.0000000000
110807  -1.820  32.973  -14.312 0.0000000000
110808  -2.220  32.721  -13.481 0.0000000000
110809  -3.225  32.121  -13.447 0.0000000000
110810  -1.921  32.904  -14.720 0.0000000000
110811  -2.470  32.446  -13.868 0.0000000000
110812  -3.077  31.857  -13.797 0.0000000000
111373  -8.565  32.773  -5.904 0.0000000000
111374  -8.957  32.886  -5.800 0.0000000000
111375  -9.602  32.909  -5.874 0.0000000000
111384  -7.742  33.286  -6.601 0.0000000000
111385  -8.385  33.256  -6.197 0.0000000000
111386  -9.235  33.520  -6.086 0.0000000000
111399  -3.874  33.241  -7.867 0.0000000000
111400  -4.481  33.601  -7.226 0.0000000000
111401  -6.726  33.427  -7.677 0.0000000000
111402  -7.303  33.619  -7.143 0.0000000000
111418  -2.802  33.621  -9.208 0.0000000000
111419  -3.252  33.464  -8.605 0.0000000000
111420  -5.787  33.666  -8.856 0.0000000000
111421  -6.242  33.735  -8.337 0.0000000000
111437  -2.443  33.755  -9.747 0.0000000000
111438  -4.796  33.603  -9.889 0.0000000000
111439  -5.276  33.613  -9.373 0.0000000000
111446  -1.996  34.506  -11.224 0.0000000000
111447  -2.153  34.100  -10.832 0.0000000000
111448  -3.913  33.308  -11.076 0.0000000000
111449  -4.377  33.418  -10.473 0.0000000000
111450  -1.838  34.416  -11.654 0.0000000000
111451  -1.994  33.683  -11.802 0.0000000000
111452  -3.644  33.422  -11.677 0.0000000000
111453  -1.623  34.222  -12.600 0.0000000000
111454  -1.923  33.496  -12.679 0.0000000000
111455  -3.439  33.617  -12.496 0.0000000000
111456  -1.477  33.873  -13.566 0.0000000000
111457  -1.833  33.349  -13.210 0.0000000000
111458  -3.308  33.528  -13.200 0.0000000000
111459  -1.369  33.634  -14.510 0.0000000000
111460  -3.179  33.178  -13.876 0.0000000000
111461  -1.565  33.371  -15.155 0.0000000000
111462  -2.068  33.127  -15.135 0.0000000000
111463  -2.772  32.910  -14.573 0.0000000000
111464  -1.775  33.563  -15.518 0.0000000000
111465  -1.948  33.672  -15.580 0.0000000000
112026  -7.872  34.248  -6.702 0.0000000000
112027  -8.709  34.212  -6.433 0.0000000000
112028  -9.550  34.225  -6.469 0.0000000000
112044  -3.862  34.449  -7.904 0.0000000000
112046  -6.865  34.497  -7.729 0.0000000000
112047  -7.428  34.408  -7.187 0.0000000000
112062  -2.740  34.540  -9.047 0.0000000000
112063  -3.285  34.466  -8.513 0.0000000000
112064  -5.856  34.543  -8.937 0.0000000000
112065  -6.352  34.566  -8.357 0.0000000000
112079  -2.213  34.726  -9.930 0.0000000000
112080  -4.842  34.415  -9.955 0.0000000000
112081  -5.343  34.487  -9.461 0.0000000000
112086  -1.876  35.040  -11.244 0.0000000000
112087  -2.091  34.877  -10.566 0.0000000000
112088  -3.897  34.331  -11.041 0.0000000000
112089  -4.387  34.350  -10.485 0.0000000000
112091  -1.442  35.034  -12.362 0.0000000000
112092  -3.497  34.431  -12.048 0.0000000000
112095  -1.120  34.826  -13.498 0.0000000000
112096  -2.911  35.096  -13.661 0.0000000000
112097  -3.253  34.390  -12.994 0.0000000000
112102  -0.966  34.506  -14.549 0.0000000000
112103  -2.639  34.803  -14.556 0.0000000000
112104  -3.124  34.157  -13.885 0.0000000000
112108  -1.087  34.121  -15.351 0.0000000000
112109  -2.342  34.379  -15.183 0.0000000000
112110  -2.789  33.857  -14.586 0.0000000000
112111  -1.651  33.932  -15.628 0.0000000000
112112  -2.120  33.777  -15.394 0.0000000000
112113  -2.513  33.731  -15.007 0.0000000000
112114  -1.766  33.738  -15.750 0.0000000000
112115  -1.927  33.884  -15.640 0.0000000000
112714  -7.906  34.813  -6.834 0.0000000000
112715  -8.256  34.889  -6.740 0.0000000000
112716  -9.027  34.974  -6.652 0.0000000000
112731  -3.817  35.431  -7.850 0.0000000000
112733  -7.016  35.417  -7.782 0.0000000000
112734  -7.652  35.225  -7.210 0.0000000000
112735  -8.511  35.661  -7.009 0.0000000000
112748  -2.717  35.429  -8.866 0.0000000000
112749  -3.265  35.417  -8.400 0.0000000000
112750  -5.942  35.426  -9.049 0.0000000000
112751  -6.445  35.483  -8.410 0.0000000000
112762  -2.405  35.516  -9.404 0.0000000000
112763  -4.898  35.209  -10.054 0.0000000000
112764  -5.390  35.359  -9.590 0.0000000000
112768  -1.765  35.798  -11.125 0.0000000000
112769  -2.040  35.694  -10.380 0.0000000000
112770  -3.915  35.175  -10.972 0.0000000000
112771  -4.415  35.224  -10.529 0.0000000000
112774  -1.477  35.964  -11.971 0.0000000000
112775  -3.667  35.305  -11.551 0.0000000000
112778  -0.995  35.755  -13.231 0.0000000000
112779  -2.809  35.926  -13.472 0.0000000000
112780  -3.256  35.486  -12.618 0.0000000000
112784  -0.847  35.479  -14.387 0.0000000000
112785  -2.402  35.714  -14.265 0.0000000000
112788  -1.173  35.119  -15.347 0.0000000000
112789  -2.001  35.376  -15.220 0.0000000000
112790  -1.329  34.476  -15.717 0.0000000000
112791  -1.775  34.568  -15.620 0.0000000000
113389  -7.093  36.425  -7.826 0.0000000000
113390  -7.950  36.507  -7.336 0.0000000000
113401  -2.737  36.279  -8.813 0.0000000000
113402  -3.253  36.358  -8.338 0.0000000000
113403  -5.977  36.324  -9.160 0.0000000000
113404  -6.509  36.628  -8.492 0.0000000000
113407  -2.284  36.498  -9.649 0.0000000000
113408  -4.888  35.821  -10.137 0.0000000000
113409  -5.280  36.625  -9.924 0.0000000000
113413  -1.644  36.521  -11.019 0.0000000000
113414  -1.972  36.672  -10.300 0.0000000000
113415  -3.975  35.799  -11.039 0.0000000000
113416  -4.484  36.656  -10.682 0.0000000000
113417  -4.998  37.165  -10.294 0.0000000000
113421  -1.281  36.848  -11.856 0.0000000000
113422  -3.679  36.554  -11.731 0.0000000000
113423  -4.061  37.174  -11.225 0.0000000000
113426  -0.993  36.677  -12.856 0.0000000000
113427  -2.431  36.610  -13.810 0.0000000000
113428  -3.084  36.632  -12.926 0.0000000000
113432  -1.026  36.461  -14.088 0.0000000000
113433  -1.716  36.334  -14.569 0.0000000000
113436  -1.179  35.885  -14.842 0.0000000000
113437  -1.466  35.730  -15.113 0.0000000000
114028  -2.582  37.395  -9.180 0.0000000000
114036  -1.637  37.801  -10.464 0.0000000000
114037  -2.039  37.477  -9.949 0.0000000000
114038  -5.754  37.400  -9.472 0.0000000000
114042  -1.353  37.530  -11.181 0.0000000000
114043  -1.718  37.195  -10.551 0.0000000000
114044  -4.827  37.733  -10.501 0.0000000000
114049  -0.987  37.550  -12.307 0.0000000000
114050  -3.865  37.713  -11.617 0.0000000000
114051  -4.354  37.749  -11.031 0.0000000000
114055  -2.754  37.545  -13.369 0.0000000000
114056  -3.395  37.593  -12.444 0.0000000000
130301  -3.105  28.238  -12.153 0.0000000000
130302  -3.449  28.395  -11.725 0.0000000000
130303  -3.638  28.583  -11.755 0.0000000000
130304  -3.484  28.231  -12.010 0.0000000000
130305  -3.312  28.188  -11.828 0.0000000000
130306  -3.561  29.409  -11.736 0.0000000000
130307  -3.669  28.463  -11.534 0.0000000000
130308  -2.485  31.030  -11.296 0.0000000000
130309  -3.532  29.011  -11.631 0.0000000000
130310  -3.774  29.545  -11.454 0.0000000000
130311  -2.435  31.392  -11.131 0.0000000000
130312  -3.652  30.554  -11.754 0.0000000000
130313  -2.469  31.525  -11.465 0.0000000000
130314  -3.862  31.059  -11.470 0.0000000000
130315  -2.496  31.919  -12.314 0.0000000000
130316  -3.718  31.332  -11.732 0.0000000000
130317  -2.181  32.944  -12.853 0.0000000000
130318  -2.030  32.859  -13.016 0.0000000000
130319  -3.472  31.737  -12.308 0.0000000000
