#!ascii label  , from subject FREESURFER vox2ras=TkReg 
693
82197  -45.978  -5.223  -13.641 0.0000000000
82198  -46.760  -4.587  -13.376 0.0000000000
82199  -47.350  -3.947  -13.070 0.0000000000
82214  -44.465  -4.897  -14.855 0.0000000000
82215  -45.598  -4.823  -14.399 0.0000000000
82216  -46.460  -4.094  -14.447 0.0000000000
82229  -43.384  -4.154  -15.329 0.0000000000
82230  -44.021  -4.402  -15.511 0.0000000000
82231  -44.997  -4.340  -15.612 0.0000000000
82232  -45.972  -3.886  -15.328 0.0000000000
82233  -46.502  -3.654  -14.953 0.0000000000
82236  -45.536  -3.762  -15.945 0.0000000000
82237  -45.868  -3.577  -15.846 0.0000000000
82296  -51.513  -4.587  -23.889 0.0000000000
82297  -52.335  -4.235  -24.101 0.0000000000
82312  -52.228  -4.947  -24.349 0.0000000000
82313  -53.037  -4.708  -24.455 0.0000000000
82314  -53.905  -4.820  -24.680 0.0000000000
82315  -54.591  -4.748  -24.965 0.0000000000
82331  -49.233  -3.930  -25.700 0.0000000000
82332  -49.798  -3.697  -25.870 0.0000000000
82333  -55.003  -4.568  -25.566 0.0000000000
82348  -50.187  -4.044  -26.502 0.0000000000
82349  -51.360  -3.622  -27.109 0.0000000000
82350  -51.935  -3.436  -27.377 0.0000000000
82351  -54.913  -4.288  -26.265 0.0000000000
82361  -51.133  -4.265  -27.660 0.0000000000
82362  -52.253  -3.780  -27.841 0.0000000000
82363  -53.370  -3.769  -28.140 0.0000000000
83191  -47.616  -3.674  -12.928 0.0000000000
83192  -48.125  -3.248  -12.693 0.0000000000
83209  -46.921  -3.888  -13.996 0.0000000000
83210  -47.539  -3.306  -13.629 0.0000000000
83211  -48.117  -2.757  -13.227 0.0000000000
83225  -46.915  -3.484  -14.532 0.0000000000
83226  -47.374  -2.776  -14.678 0.0000000000
83233  -42.933  -3.456  -15.528 0.0000000000
83234  -43.606  -3.791  -15.909 0.0000000000
83235  -44.273  -3.970  -16.074 0.0000000000
83236  -46.108  -3.448  -15.764 0.0000000000
83237  -46.692  -3.070  -15.500 0.0000000000
83238  -47.288  -2.482  -15.229 0.0000000000
83241  -43.289  -3.223  -16.245 0.0000000000
83242  -43.921  -3.373  -16.614 0.0000000000
83243  -44.908  -3.614  -16.454 0.0000000000
83244  -45.906  -3.144  -16.328 0.0000000000
83245  -46.469  -2.765  -16.129 0.0000000000
83247  -50.170  -3.087  -17.274 0.0000000000
83249  -44.484  -3.038  -17.031 0.0000000000
83250  -45.208  -2.979  -16.995 0.0000000000
83251  -45.668  -2.838  -16.893 0.0000000000
83253  -50.145  -3.123  -17.989 0.0000000000
83257  -50.089  -3.127  -18.900 0.0000000000
83261  -50.099  -3.163  -19.896 0.0000000000
83269  -50.214  -3.201  -20.880 0.0000000000
83285  -50.406  -3.330  -21.800 0.0000000000
83300  -50.624  -3.700  -22.674 0.0000000000
83301  -51.381  -3.288  -22.904 0.0000000000
83310  -46.859  -3.155  -23.650 0.0000000000
83311  -51.162  -3.890  -23.318 0.0000000000
83312  -51.995  -3.521  -23.535 0.0000000000
83313  -53.029  -3.660  -23.915 0.0000000000
83314  -53.858  -3.437  -24.042 0.0000000000
83315  -54.316  -3.262  -24.326 0.0000000000
83330  -47.468  -3.338  -24.102 0.0000000000
83331  -48.247  -3.050  -24.385 0.0000000000
83332  -48.839  -2.784  -24.735 0.0000000000
83333  -53.620  -4.096  -24.354 0.0000000000
83334  -54.184  -3.977  -24.569 0.0000000000
83335  -54.692  -3.630  -24.900 0.0000000000
83353  -47.972  -3.570  -24.705 0.0000000000
83354  -48.656  -3.457  -25.032 0.0000000000
83355  -49.670  -3.044  -25.403 0.0000000000
83356  -50.346  -2.420  -25.626 0.0000000000
83357  -54.699  -3.510  -25.735 0.0000000000
83375  -50.118  -3.524  -25.962 0.0000000000
83376  -50.745  -3.018  -26.229 0.0000000000
83377  -51.925  -2.916  -27.044 0.0000000000
83378  -52.500  -2.649  -27.190 0.0000000000
83379  -53.975  -3.012  -27.005 0.0000000000
83380  -54.407  -3.431  -26.572 0.0000000000
83392  -52.230  -3.334  -27.440 0.0000000000
83393  -52.754  -3.103  -27.499 0.0000000000
83394  -53.604  -3.228  -27.462 0.0000000000
83395  -54.215  -3.658  -27.241 0.0000000000
84203  -48.728  -2.653  -12.371 0.0000000000
84216  -48.592  -2.103  -13.007 0.0000000000
84217  -48.967  -2.101  -12.463 0.0000000000
84229  -47.876  -2.151  -14.188 0.0000000000
84230  -48.149  -2.318  -13.588 0.0000000000
84244  -47.670  -1.955  -14.923 0.0000000000
84252  -46.753  -2.543  -16.021 0.0000000000
84253  -47.281  -2.022  -15.770 0.0000000000
84255  -50.320  -2.134  -16.151 0.0000000000
84259  -42.853  -2.532  -16.287 0.0000000000
84260  -43.381  -2.812  -16.720 0.0000000000
84261  -45.962  -2.721  -16.848 0.0000000000
84262  -46.609  -2.299  -16.714 0.0000000000
84263  -47.258  -1.699  -16.393 0.0000000000
84265  -50.363  -2.422  -16.761 0.0000000000
84268  -43.207  -2.254  -17.022 0.0000000000
84269  -43.825  -2.576  -17.291 0.0000000000
84270  -44.654  -2.478  -17.647 0.0000000000
84271  -45.689  -2.517  -17.436 0.0000000000
84272  -46.336  -2.085  -17.689 0.0000000000
84273  -50.582  -2.452  -17.538 0.0000000000
84276  -45.160  -2.094  -18.157 0.0000000000
84277  -45.843  -2.002  -18.181 0.0000000000
84278  -46.274  -1.881  -18.161 0.0000000000
84279  -50.821  -2.414  -18.324 0.0000000000
84280  -51.417  -2.107  -18.840 0.0000000000
84284  -50.797  -2.592  -19.285 0.0000000000
84285  -51.487  -2.135  -19.639 0.0000000000
84293  -50.827  -2.607  -20.246 0.0000000000
84294  -51.593  -2.148  -20.560 0.0000000000
84303  -50.971  -2.663  -21.224 0.0000000000
84304  -51.929  -2.181  -21.562 0.0000000000
84305  -52.679  -2.007  -22.104 0.0000000000
84322  -45.622  -2.253  -22.789 0.0000000000
84323  -51.171  -2.883  -22.186 0.0000000000
84324  -52.112  -2.642  -22.679 0.0000000000
84325  -53.206  -2.270  -22.757 0.0000000000
84326  -53.951  -2.149  -23.215 0.0000000000
84327  -54.341  -2.096  -23.670 0.0000000000
84337  -46.375  -2.606  -23.139 0.0000000000
84338  -47.245  -2.442  -23.518 0.0000000000
84339  -47.835  -1.986  -23.697 0.0000000000
84340  -52.769  -2.952  -23.298 0.0000000000
84341  -53.529  -2.866  -23.491 0.0000000000
84342  -54.149  -2.737  -23.822 0.0000000000
84343  -54.470  -2.550  -24.385 0.0000000000
84355  -47.882  -2.639  -23.919 0.0000000000
84356  -48.474  -2.185  -24.122 0.0000000000
84357  -49.225  -2.090  -24.686 0.0000000000
84358  -54.540  -2.753  -25.195 0.0000000000
84372  -49.925  -1.945  -25.153 0.0000000000
84373  -50.494  -1.713  -25.580 0.0000000000
84374  -50.983  -1.602  -25.934 0.0000000000
84375  -53.731  -2.011  -26.280 0.0000000000
84376  -54.119  -2.395  -26.010 0.0000000000
84390  -50.849  -2.195  -25.896 0.0000000000
84391  -51.477  -2.022  -26.374 0.0000000000
84392  -52.387  -2.079  -26.885 0.0000000000
84393  -53.389  -2.202  -26.778 0.0000000000
84394  -54.016  -2.734  -26.639 0.0000000000
84408  -52.859  -2.508  -27.228 0.0000000000
84409  -53.172  -2.726  -27.312 0.0000000000
85207  -48.840  -1.325  -13.228 0.0000000000
85208  -49.312  -1.277  -12.699 0.0000000000
85221  -48.024  -1.374  -14.503 0.0000000000
85222  -48.479  -1.244  -13.869 0.0000000000
85223  -49.017  -0.850  -13.401 0.0000000000
85229  -47.869  -0.875  -15.138 0.0000000000
85230  -48.239  -0.877  -14.511 0.0000000000
85237  -47.654  -1.071  -16.123 0.0000000000
85238  -50.120  -1.132  -15.575 0.0000000000
85239  -50.257  -1.728  -15.915 0.0000000000
85243  -42.487  -1.617  -15.977 0.0000000000
85244  -46.858  -1.786  -17.482 0.0000000000
85245  -47.408  -1.384  -17.005 0.0000000000
85246  -50.070  -0.838  -16.109 0.0000000000
85247  -50.253  -1.378  -16.409 0.0000000000
85251  -42.829  -1.618  -16.865 0.0000000000
85252  -43.462  -1.596  -17.707 0.0000000000
85253  -44.025  -2.110  -17.823 0.0000000000
85254  -46.682  -1.749  -18.106 0.0000000000
85255  -47.314  -1.445  -17.958 0.0000000000
85256  -50.674  -1.539  -17.390 0.0000000000
85257  -51.021  -1.102  -17.770 0.0000000000
85260  -43.760  -1.073  -18.331 0.0000000000
85261  -44.377  -1.566  -18.326 0.0000000000
85262  -45.357  -1.422  -18.729 0.0000000000
85263  -46.254  -1.609  -18.644 0.0000000000
85264  -47.004  -1.486  -18.664 0.0000000000
85265  -50.967  -1.973  -17.793 0.0000000000
85266  -51.461  -1.396  -18.258 0.0000000000
85267  -52.603  -0.915  -18.858 0.0000000000
85268  -53.284  -0.682  -19.294 0.0000000000
85271  -45.952  -1.163  -19.258 0.0000000000
85272  -46.684  -1.258  -19.237 0.0000000000
85273  -47.199  -1.239  -19.111 0.0000000000
85274  -52.011  -1.585  -19.127 0.0000000000
85275  -52.768  -1.197  -19.517 0.0000000000
85276  -53.511  -0.894  -19.835 0.0000000000
85285  -52.175  -1.687  -19.961 0.0000000000
85286  -52.932  -1.353  -20.311 0.0000000000
85287  -53.871  -0.990  -20.605 0.0000000000
85288  -54.490  -0.691  -21.158 0.0000000000
85303  -52.282  -1.732  -20.747 0.0000000000
85304  -52.983  -1.588  -21.290 0.0000000000
85305  -53.922  -1.299  -21.593 0.0000000000
85306  -54.564  -0.973  -22.022 0.0000000000
85323  -45.195  -1.531  -22.498 0.0000000000
85324  -46.099  -1.495  -22.716 0.0000000000
85325  -46.747  -1.086  -22.895 0.0000000000
85326  -53.339  -1.705  -22.066 0.0000000000
85327  -53.927  -1.614  -22.460 0.0000000000
85328  -54.432  -1.376  -23.048 0.0000000000
85338  -46.784  -1.810  -23.083 0.0000000000
85339  -47.368  -1.329  -23.312 0.0000000000
85340  -48.134  -1.244  -23.718 0.0000000000
85341  -54.373  -1.588  -23.988 0.0000000000
85355  -48.839  -1.227  -24.190 0.0000000000
85356  -49.490  -1.145  -24.740 0.0000000000
85357  -53.773  -1.046  -25.305 0.0000000000
85358  -54.125  -1.714  -25.041 0.0000000000
85373  -50.079  -1.032  -25.300 0.0000000000
85374  -50.671  -0.956  -25.796 0.0000000000
85375  -51.279  -1.048  -26.194 0.0000000000
85376  -53.645  -1.461  -25.947 0.0000000000
85377  -53.982  -1.864  -25.675 0.0000000000
85390  -51.861  -1.141  -26.627 0.0000000000
85391  -52.554  -1.132  -26.723 0.0000000000
85392  -53.117  -1.042  -26.552 0.0000000000
86159  -49.939  -0.505  -12.848 0.0000000000
86166  -48.971  -0.403  -13.852 0.0000000000
86167  -49.584  -0.431  -13.446 0.0000000000
86175  -48.306  -0.222  -15.238 0.0000000000
86176  -48.628  -0.294  -14.617 0.0000000000
86177  -49.497  -0.230  -14.236 0.0000000000
86185  -48.147  -0.281  -15.837 0.0000000000
86186  -48.826  -0.081  -15.532 0.0000000000
86187  -49.504  -0.323  -15.096 0.0000000000
86194  -48.044  -0.505  -16.744 0.0000000000
86195  -48.818  -0.196  -16.451 0.0000000000
86196  -49.659  -0.450  -16.159 0.0000000000
86197  -50.078  -0.783  -16.421 0.0000000000
86200  -42.621  -0.818  -16.516 0.0000000000
86201  -42.891  -0.745  -17.323 0.0000000000
86202  -47.957  -0.820  -17.717 0.0000000000
86203  -48.749  -0.305  -17.449 0.0000000000
86204  -49.560  -0.275  -17.206 0.0000000000
86205  -50.241  -0.779  -17.152 0.0000000000
86206  -50.758  -0.972  -17.568 0.0000000000
86209  -43.376  -0.528  -18.080 0.0000000000
86210  -44.191  -0.425  -18.733 0.0000000000
86211  -44.779  -0.948  -18.829 0.0000000000
86212  -47.696  -1.047  -18.739 0.0000000000
86213  -48.555  -0.453  -18.487 0.0000000000
86214  -49.552  -0.073  -18.302 0.0000000000
86215  -50.346  -0.191  -17.951 0.0000000000
86216  -51.141  -0.571  -18.086 0.0000000000
86217  -52.302  -0.401  -18.633 0.0000000000
86218  -53.524  -0.085  -18.885 0.0000000000
86219  -54.109  0.476  -18.953 0.0000000000
86224  -44.558  0.127  -19.156 0.0000000000
86225  -45.260  -0.310  -19.424 0.0000000000
86226  -46.361  -0.677  -19.733 0.0000000000
86227  -47.313  -0.851  -19.643 0.0000000000
86228  -48.225  -0.508  -19.448 0.0000000000
86229  -49.112  -0.113  -19.331 0.0000000000
86230  -54.013  -0.388  -19.508 0.0000000000
86231  -54.523  0.377  -19.213 0.0000000000
86232  -55.021  0.739  -19.138 0.0000000000
86240  -45.600  0.299  -19.929 0.0000000000
86241  -46.059  0.041  -20.152 0.0000000000
86242  -46.948  -0.152  -20.335 0.0000000000
86243  -47.901  -0.191  -20.258 0.0000000000
86244  -48.687  -0.111  -20.070 0.0000000000
86245  -54.102  -0.642  -19.999 0.0000000000
86246  -54.857  -0.157  -20.143 0.0000000000
86247  -55.124  0.581  -19.456 0.0000000000
86263  -55.177  -0.122  -21.398 0.0000000000
86275  -44.792  -0.829  -22.151 0.0000000000
86276  -45.489  -0.598  -22.414 0.0000000000
86277  -46.279  -0.415  -22.699 0.0000000000
86278  -47.032  -0.335  -22.965 0.0000000000
86279  -54.713  -0.352  -22.505 0.0000000000
86288  -47.696  -0.337  -23.434 0.0000000000
86289  -48.389  -0.310  -23.889 0.0000000000
86290  -53.915  -0.044  -24.053 0.0000000000
86291  -54.226  -0.545  -23.612 0.0000000000
86307  -49.046  -0.271  -24.409 0.0000000000
86308  -49.655  -0.209  -24.994 0.0000000000
86309  -53.857  -0.507  -24.678 0.0000000000
86310  -54.131  -1.124  -24.296 0.0000000000
86324  -50.290  -0.144  -25.564 0.0000000000
86325  -50.921  -0.140  -26.176 0.0000000000
86326  -51.513  -0.459  -26.402 0.0000000000
86327  -53.494  -0.459  -25.537 0.0000000000
86340  -51.396  0.139  -26.439 0.0000000000
86341  -51.932  -0.195  -26.620 0.0000000000
86342  -52.537  -0.268  -26.412 0.0000000000
86343  -53.115  -0.395  -26.119 0.0000000000
87115  -42.745  -0.161  -16.851 0.0000000000
87116  -43.093  0.312  -17.395 0.0000000000
87119  -43.638  0.456  -18.269 0.0000000000
87120  -44.188  0.619  -18.897 0.0000000000
87121  -50.408  0.182  -18.630 0.0000000000
87122  -51.129  0.143  -18.576 0.0000000000
87123  -52.059  0.162  -18.711 0.0000000000
87124  -53.042  0.365  -18.867 0.0000000000
87125  -53.896  0.756  -18.915 0.0000000000
87126  -54.415  0.819  -18.883 0.0000000000
87131  -44.716  0.689  -19.391 0.0000000000
87132  -45.275  0.749  -19.820 0.0000000000
87133  -50.039  0.274  -19.320 0.0000000000
87134  -50.927  0.487  -19.262 0.0000000000
87135  -51.803  0.535  -19.229 0.0000000000
87136  -52.823  0.806  -19.298 0.0000000000
87137  -53.509  0.966  -19.072 0.0000000000
87138  -54.913  0.946  -18.858 0.0000000000
87139  -55.316  1.069  -19.148 0.0000000000
87148  -45.843  0.810  -20.225 0.0000000000
87149  -46.591  0.733  -20.541 0.0000000000
87150  -47.586  0.690  -20.868 0.0000000000
87151  -48.565  0.361  -20.717 0.0000000000
87152  -49.511  0.367  -20.277 0.0000000000
87153  -50.683  0.705  -20.203 0.0000000000
87154  -51.514  0.817  -19.886 0.0000000000
87155  -52.316  0.972  -19.777 0.0000000000
87156  -55.423  0.531  -20.590 0.0000000000
87157  -55.583  0.920  -19.810 0.0000000000
87174  -47.872  1.221  -21.184 0.0000000000
87175  -48.373  1.068  -21.185 0.0000000000
87176  -49.265  0.930  -21.077 0.0000000000
87177  -50.136  0.962  -20.854 0.0000000000
87178  -55.388  0.979  -21.159 0.0000000000
87179  -55.514  1.243  -20.448 0.0000000000
87190  -44.756  0.248  -22.025 0.0000000000
87191  -45.683  0.460  -22.523 0.0000000000
87192  -46.532  0.559  -22.786 0.0000000000
87193  -47.294  0.597  -23.125 0.0000000000
87194  -54.902  0.686  -22.030 0.0000000000
87198  -47.933  0.610  -23.650 0.0000000000
87199  -48.580  0.630  -24.167 0.0000000000
87200  -54.057  0.451  -23.669 0.0000000000
87201  -54.467  0.440  -22.956 0.0000000000
87215  -49.223  0.668  -24.707 0.0000000000
87216  -49.889  0.729  -25.256 0.0000000000
87217  -53.686  0.525  -24.372 0.0000000000
87232  -50.524  0.772  -25.861 0.0000000000
87233  -51.024  0.738  -26.382 0.0000000000
87234  -52.933  0.719  -25.586 0.0000000000
87235  -53.378  0.432  -25.202 0.0000000000
87251  -51.521  0.681  -26.459 0.0000000000
87252  -52.063  0.659  -26.478 0.0000000000
87253  -52.628  0.543  -26.042 0.0000000000
87254  -53.111  0.175  -25.744 0.0000000000
88019  -43.490  1.326  -17.667 0.0000000000
88022  -43.937  1.400  -18.447 0.0000000000
88023  -44.391  1.487  -19.079 0.0000000000
88024  -54.294  1.123  -18.843 0.0000000000
88025  -54.602  1.244  -18.839 0.0000000000
88030  -44.926  1.537  -19.591 0.0000000000
88031  -45.506  1.578  -20.069 0.0000000000
88032  -53.476  1.286  -19.336 0.0000000000
88033  -54.203  1.627  -19.130 0.0000000000
88034  -55.030  1.650  -18.907 0.0000000000
88035  -55.371  1.770  -19.376 0.0000000000
88045  -46.202  1.610  -20.491 0.0000000000
88046  -46.975  1.587  -20.919 0.0000000000
88047  -47.557  1.436  -21.134 0.0000000000
88048  -51.357  1.034  -20.418 0.0000000000
88049  -52.028  1.312  -20.348 0.0000000000
88050  -53.290  1.779  -19.934 0.0000000000
88051  -54.153  2.246  -19.582 0.0000000000
88052  -55.536  1.933  -19.988 0.0000000000
88069  -47.408  1.974  -21.185 0.0000000000
88070  -48.022  1.823  -21.322 0.0000000000
88071  -48.966  1.729  -21.417 0.0000000000
88072  -49.997  1.626  -21.327 0.0000000000
88073  -51.234  1.443  -21.053 0.0000000000
88074  -52.505  2.003  -20.743 0.0000000000
88075  -53.133  2.320  -20.474 0.0000000000
88076  -55.047  1.772  -21.579 0.0000000000
88077  -55.363  1.931  -20.716 0.0000000000
88093  -45.056  1.445  -22.342 0.0000000000
88094  -45.975  1.494  -22.657 0.0000000000
88095  -46.849  1.522  -22.852 0.0000000000
88096  -53.787  2.078  -23.181 0.0000000000
88097  -54.347  1.582  -22.648 0.0000000000
88103  -47.538  1.540  -23.354 0.0000000000
88104  -48.211  1.551  -23.864 0.0000000000
88105  -53.673  1.432  -23.734 0.0000000000
88106  -54.168  0.967  -23.261 0.0000000000
88116  -48.864  1.563  -24.398 0.0000000000
88117  -49.491  1.605  -24.955 0.0000000000
88118  -52.717  1.738  -25.035 0.0000000000
88119  -53.072  1.361  -24.787 0.0000000000
88129  -50.115  1.688  -25.557 0.0000000000
88130  -50.819  1.734  -26.160 0.0000000000
88131  -51.179  2.253  -26.156 0.0000000000
88132  -52.576  1.447  -25.452 0.0000000000
88133  -52.995  0.995  -25.295 0.0000000000
88147  -51.210  1.178  -26.393 0.0000000000
88148  -51.489  1.509  -26.264 0.0000000000
88149  -52.077  1.445  -26.116 0.0000000000
88940  -43.872  2.190  -17.972 0.0000000000
88941  -44.239  2.277  -18.637 0.0000000000
88946  -44.687  2.341  -19.216 0.0000000000
88947  -45.225  2.361  -19.716 0.0000000000
88948  -54.560  2.542  -19.378 0.0000000000
88949  -54.924  2.433  -19.066 0.0000000000
88950  -55.206  2.187  -19.166 0.0000000000
88957  -45.829  2.430  -20.215 0.0000000000
88958  -46.633  2.582  -20.691 0.0000000000
88959  -47.022  3.224  -20.762 0.0000000000
88960  -53.590  2.606  -20.333 0.0000000000
88961  -54.276  2.902  -19.927 0.0000000000
88962  -54.900  3.156  -19.369 0.0000000000
88963  -55.299  2.701  -19.540 0.0000000000
88975  -47.103  2.244  -21.034 0.0000000000
88976  -47.535  2.830  -21.137 0.0000000000
88977  -48.574  2.661  -21.433 0.0000000000
88978  -49.626  2.528  -21.569 0.0000000000
88979  -50.785  2.467  -21.483 0.0000000000
88980  -52.064  2.580  -21.302 0.0000000000
88981  -53.240  2.845  -20.804 0.0000000000
88982  -53.897  3.086  -20.416 0.0000000000
88983  -55.196  2.754  -20.993 0.0000000000
88984  -55.358  2.831  -20.188 0.0000000000
89003  -45.411  2.490  -22.519 0.0000000000
89004  -46.343  2.485  -22.711 0.0000000000
89005  -47.178  2.473  -23.018 0.0000000000
89006  -53.973  2.718  -22.680 0.0000000000
89007  -54.602  2.646  -21.774 0.0000000000
89018  -47.874  2.480  -23.546 0.0000000000
89019  -48.636  2.488  -24.027 0.0000000000
89020  -52.735  3.112  -24.267 0.0000000000
89021  -53.238  2.626  -23.705 0.0000000000
89032  -49.261  2.453  -24.584 0.0000000000
89033  -49.754  2.527  -25.158 0.0000000000
89034  -52.566  2.417  -24.803 0.0000000000
89035  -53.081  1.939  -24.242 0.0000000000
89044  -50.369  2.709  -25.684 0.0000000000
89045  -50.890  2.861  -26.037 0.0000000000
89046  -51.272  2.852  -25.970 0.0000000000
89047  -51.823  2.417  -25.728 0.0000000000
89056  -51.465  2.197  -26.072 0.0000000000
89057  -51.683  1.897  -26.066 0.0000000000
89848  -44.000  3.087  -17.618 0.0000000000
89849  -44.393  3.851  -17.694 0.0000000000
89853  -44.154  2.755  -18.250 0.0000000000
89854  -44.648  3.401  -18.678 0.0000000000
89855  -45.309  3.956  -19.099 0.0000000000
89861  -44.996  2.883  -19.355 0.0000000000
89862  -45.583  3.358  -19.680 0.0000000000
89863  -46.136  4.003  -19.765 0.0000000000
89872  -46.110  3.029  -20.276 0.0000000000
89873  -46.561  3.646  -20.280 0.0000000000
89874  -47.471  3.764  -20.770 0.0000000000
89875  -47.962  4.213  -20.872 0.0000000000
89876  -54.814  3.618  -19.866 0.0000000000
89877  -55.233  3.382  -19.773 0.0000000000
89878  -55.327  3.168  -19.872 0.0000000000
89888  -47.706  3.435  -21.063 0.0000000000
89889  -48.216  3.663  -21.182 0.0000000000
89890  -49.228  3.451  -21.466 0.0000000000
89891  -50.303  3.407  -21.542 0.0000000000
89892  -51.539  3.463  -21.429 0.0000000000
89893  -52.910  3.644  -21.115 0.0000000000
89894  -54.236  3.797  -20.548 0.0000000000
89895  -55.121  3.452  -20.350 0.0000000000
89896  -55.304  3.337  -20.055 0.0000000000
89912  -45.827  3.493  -22.606 0.0000000000
89913  -46.812  3.448  -22.690 0.0000000000
89914  -47.614  3.386  -23.129 0.0000000000
89915  -54.138  3.644  -21.745 0.0000000000
89916  -54.738  3.321  -21.069 0.0000000000
89931  -48.368  3.399  -23.635 0.0000000000
89932  -49.227  3.519  -24.342 0.0000000000
89933  -49.685  4.097  -24.691 0.0000000000
89934  -52.895  3.720  -23.894 0.0000000000
89935  -53.513  3.657  -22.949 0.0000000000
89945  -49.563  3.030  -24.785 0.0000000000
89946  -49.987  3.605  -25.115 0.0000000000
89947  -52.363  3.667  -24.644 0.0000000000
89957  -50.641  3.693  -25.740 0.0000000000
89958  -51.060  3.739  -26.076 0.0000000000
89959  -51.404  3.542  -25.748 0.0000000000
89960  -51.861  3.469  -25.294 0.0000000000
90739  -44.747  4.324  -17.987 0.0000000000
90740  -45.361  4.657  -18.554 0.0000000000
90741  -46.019  5.000  -19.115 0.0000000000
90746  -45.815  4.295  -19.348 0.0000000000
90747  -46.569  4.713  -19.798 0.0000000000
90748  -47.258  4.943  -20.224 0.0000000000
90758  -47.105  4.366  -20.341 0.0000000000
90759  -47.746  4.685  -20.541 0.0000000000
90760  -48.550  4.656  -20.909 0.0000000000
90761  -49.287  4.709  -21.153 0.0000000000
90762  -54.158  5.173  -19.945 0.0000000000
90763  -54.268  5.147  -20.353 0.0000000000
90772  -48.989  4.162  -21.254 0.0000000000
90773  -49.812  4.291  -21.382 0.0000000000
90774  -50.965  4.301  -21.338 0.0000000000
90775  -52.300  4.464  -21.225 0.0000000000
90776  -53.651  4.673  -20.467 0.0000000000
90777  -54.214  4.731  -21.122 0.0000000000
90794  -46.337  4.486  -22.583 0.0000000000
90795  -47.436  4.442  -22.764 0.0000000000
90796  -48.205  4.791  -23.143 0.0000000000
90797  -53.687  4.577  -22.303 0.0000000000
90816  -48.079  4.091  -23.245 0.0000000000
90817  -48.794  4.459  -23.696 0.0000000000
90818  -49.504  4.592  -24.378 0.0000000000
90819  -52.444  4.586  -24.299 0.0000000000
90820  -53.048  4.580  -23.356 0.0000000000
90831  -49.994  4.605  -24.954 0.0000000000
90832  -51.495  5.021  -25.471 0.0000000000
90833  -51.804  4.584  -25.170 0.0000000000
90843  -50.473  4.506  -25.475 0.0000000000
90844  -50.862  4.541  -25.911 0.0000000000
90845  -51.294  4.558  -25.760 0.0000000000
90846  -51.546  4.076  -25.555 0.0000000000
91690  -45.884  5.633  -18.617 0.0000000000
91695  -46.434  5.732  -19.324 0.0000000000
91696  -47.311  5.728  -20.018 0.0000000000
91697  -48.031  6.146  -20.094 0.0000000000
91704  -47.654  5.221  -20.305 0.0000000000
91705  -48.333  5.584  -20.407 0.0000000000
91706  -49.552  5.451  -20.835 0.0000000000
91707  -50.941  5.775  -20.573 0.0000000000
91708  -52.326  5.929  -20.411 0.0000000000
91709  -53.551  5.603  -19.948 0.0000000000
91710  -54.249  5.697  -20.018 0.0000000000
91716  -49.730  4.888  -21.173 0.0000000000
91717  -50.405  5.011  -21.125 0.0000000000
91718  -51.623  5.194  -21.063 0.0000000000
91719  -52.805  5.223  -20.704 0.0000000000
91720  -54.238  5.654  -20.764 0.0000000000
91728  -46.903  5.500  -22.521 0.0000000000
91729  -47.943  5.543  -22.861 0.0000000000
91730  -48.762  5.441  -23.343 0.0000000000
91731  -52.992  5.796  -22.597 0.0000000000
91732  -53.700  5.522  -21.855 0.0000000000
91753  -49.396  5.376  -23.944 0.0000000000
91754  -49.928  5.374  -24.634 0.0000000000
91755  -51.789  6.072  -24.258 0.0000000000
91756  -52.381  5.588  -23.743 0.0000000000
91757  -53.185  5.221  -22.777 0.0000000000
91774  -50.371  5.226  -25.251 0.0000000000
91775  -50.768  5.626  -25.393 0.0000000000
91776  -51.480  5.709  -25.067 0.0000000000
91777  -52.026  5.160  -24.635 0.0000000000
91785  -50.712  5.091  -25.651 0.0000000000
91786  -51.069  5.222  -25.758 0.0000000000
91787  -51.296  5.192  -25.621 0.0000000000
92620  -46.313  6.587  -18.620 0.0000000000
92625  -46.904  6.653  -19.481 0.0000000000
92626  -47.793  6.684  -19.847 0.0000000000
92627  -48.710  6.626  -20.172 0.0000000000
92628  -49.578  6.730  -20.245 0.0000000000
92629  -51.946  7.359  -19.535 0.0000000000
92630  -52.574  7.195  -19.394 0.0000000000
92631  -53.338  7.077  -19.393 0.0000000000
92639  -49.254  6.182  -20.445 0.0000000000
92640  -50.215  6.429  -20.347 0.0000000000
92641  -51.622  6.747  -19.936 0.0000000000
92642  -52.963  6.454  -19.607 0.0000000000
92643  -53.909  6.477  -19.638 0.0000000000
92644  -54.267  6.364  -20.247 0.0000000000
92650  -53.058  7.062  -21.779 0.0000000000
92651  -53.640  6.482  -21.326 0.0000000000
92659  -47.547  6.535  -22.444 0.0000000000
92660  -48.907  6.531  -22.991 0.0000000000
92661  -49.695  7.148  -23.394 0.0000000000
92662  -51.756  6.846  -23.484 0.0000000000
92663  -52.607  6.611  -22.654 0.0000000000
92664  -53.273  6.112  -22.108 0.0000000000
92681  -49.292  5.936  -23.563 0.0000000000
92682  -49.986  6.386  -24.064 0.0000000000
92683  -50.820  6.738  -24.378 0.0000000000
92684  -51.401  6.485  -24.257 0.0000000000
92685  -51.959  6.340  -23.714 0.0000000000
92701  -50.367  5.804  -24.917 0.0000000000
92702  -50.738  6.208  -24.902 0.0000000000
92703  -51.119  6.391  -24.786 0.0000000000
93522  -46.468  7.562  -18.112 0.0000000000
93533  -46.766  7.502  -18.943 0.0000000000
93534  -47.475  7.479  -19.439 0.0000000000
93535  -48.445  7.510  -19.780 0.0000000000
93536  -49.763  7.440  -19.978 0.0000000000
93537  -51.179  7.602  -19.552 0.0000000000
93538  -52.187  7.826  -19.244 0.0000000000
93539  -52.970  7.783  -19.315 0.0000000000
93551  -50.025  6.914  -20.150 0.0000000000
93552  -50.555  7.002  -19.926 0.0000000000
93553  -53.613  7.488  -19.844 0.0000000000
93554  -54.106  6.837  -19.913 0.0000000000
93559  -53.239  7.504  -21.026 0.0000000000
93560  -53.948  6.971  -20.409 0.0000000000
93569  -48.150  7.752  -22.327 0.0000000000
93570  -49.286  7.750  -22.847 0.0000000000
93571  -50.139  7.812  -23.283 0.0000000000
93572  -50.964  7.867  -23.266 0.0000000000
93573  -51.787  7.542  -22.890 0.0000000000
93574  -52.560  7.573  -22.073 0.0000000000
93587  -50.086  7.181  -23.688 0.0000000000
93588  -50.527  7.234  -23.803 0.0000000000
93589  -51.209  7.185  -23.769 0.0000000000
94412  -46.752  8.056  -16.900 0.0000000000
94413  -47.140  8.664  -16.587 0.0000000000
94420  -46.705  8.436  -17.563 0.0000000000
94421  -46.911  9.000  -17.266 0.0000000000
94430  -46.858  8.440  -18.518 0.0000000000
94431  -47.393  8.720  -18.940 0.0000000000
94441  -47.199  8.136  -19.111 0.0000000000
94442  -47.935  8.399  -19.376 0.0000000000
94443  -49.119  8.447  -19.667 0.0000000000
94444  -50.437  8.447  -19.531 0.0000000000
94445  -51.589  8.504  -19.182 0.0000000000
94446  -52.477  8.578  -19.068 0.0000000000
94447  -52.992  8.531  -19.538 0.0000000000
94460  -53.020  8.426  -20.400 0.0000000000
94473  -49.337  9.248  -22.286 0.0000000000
94474  -51.774  8.903  -21.911 0.0000000000
94475  -52.368  8.468  -21.571 0.0000000000
94487  -48.912  8.545  -22.414 0.0000000000
94488  -49.828  8.711  -22.712 0.0000000000
94489  -50.620  8.557  -22.845 0.0000000000
94490  -51.486  8.506  -22.465 0.0000000000
94491  -52.059  8.051  -22.293 0.0000000000
95233  -47.582  9.667  -16.181 0.0000000000
95244  -46.971  9.135  -17.748 0.0000000000
95245  -47.255  9.601  -17.244 0.0000000000
95256  -46.885  8.924  -18.115 0.0000000000
95257  -47.517  9.468  -18.436 0.0000000000
95258  -48.198  9.890  -18.816 0.0000000000
95259  -51.446  9.968  -18.823 0.0000000000
95260  -52.151  9.954  -18.649 0.0000000000
95261  -52.392  10.105  -18.819 0.0000000000
95269  -47.756  9.036  -19.064 0.0000000000
95270  -48.453  9.382  -19.208 0.0000000000
95271  -49.783  9.323  -19.379 0.0000000000
95272  -50.988  9.278  -19.134 0.0000000000
95273  -51.944  9.286  -18.826 0.0000000000
95274  -52.521  9.544  -19.121 0.0000000000
95283  -52.213  9.802  -20.465 0.0000000000
95284  -52.772  9.308  -19.932 0.0000000000
95300  -49.175  9.966  -21.855 0.0000000000
95301  -50.154  9.717  -22.131 0.0000000000
95302  -51.096  9.775  -21.792 0.0000000000
95303  -51.850  9.366  -21.388 0.0000000000
95304  -52.506  9.098  -20.740 0.0000000000
95319  -50.387  9.065  -22.573 0.0000000000
95320  -50.902  9.233  -22.469 0.0000000000
95321  -51.420  9.183  -22.059 0.0000000000
96029  -47.532  10.659  -15.245 0.0000000000
96042  -47.597  10.607  -16.012 0.0000000000
96054  -47.538  10.468  -16.811 0.0000000000
96065  -47.684  10.459  -17.676 0.0000000000
96066  -48.455  10.606  -18.491 0.0000000000
96067  -49.805  10.891  -18.744 0.0000000000
96068  -50.990  10.679  -18.889 0.0000000000
96069  -51.800  10.448  -18.619 0.0000000000
96070  -52.233  10.418  -18.676 0.0000000000
96076  -48.553  10.013  -18.931 0.0000000000
96077  -49.222  10.109  -19.080 0.0000000000
96078  -50.420  10.078  -19.088 0.0000000000
96079  -52.054  10.794  -19.375 0.0000000000
96080  -52.436  10.357  -19.011 0.0000000000
96087  -51.149  10.852  -20.492 0.0000000000
96088  -51.825  10.513  -20.108 0.0000000000
96089  -52.375  10.085  -19.629 0.0000000000
96104  -49.727  10.793  -21.536 0.0000000000
96105  -50.647  10.717  -21.294 0.0000000000
96106  -51.482  10.189  -20.954 0.0000000000
96822  -47.026  11.169  -15.034 0.0000000000
96823  -47.228  11.258  -15.020 0.0000000000
96832  -47.112  11.333  -15.434 0.0000000000
96833  -47.185  11.141  -15.227 0.0000000000
96848  -47.465  11.743  -16.150 0.0000000000
96849  -48.045  12.717  -16.551 0.0000000000
96866  -47.620  11.343  -16.767 0.0000000000
96867  -48.307  12.373  -16.933 0.0000000000
96868  -48.954  12.699  -17.205 0.0000000000
96881  -47.694  10.948  -17.202 0.0000000000
96882  -48.082  11.369  -17.545 0.0000000000
96883  -49.141  11.992  -17.928 0.0000000000
96884  -50.458  11.635  -18.698 0.0000000000
96885  -51.547  10.904  -18.787 0.0000000000
96886  -52.031  10.672  -18.623 0.0000000000
96893  -50.698  11.962  -19.289 0.0000000000
96894  -51.435  11.231  -19.079 0.0000000000
96895  -52.104  10.841  -18.827 0.0000000000
96905  -50.500  11.754  -20.346 0.0000000000
96906  -51.261  11.120  -19.741 0.0000000000
96923  -50.089  11.537  -21.133 0.0000000000
97648  -47.380  12.454  -16.531 0.0000000000
97649  -47.878  13.105  -16.473 0.0000000000
97650  -48.693  13.385  -16.502 0.0000000000
97651  -49.262  13.854  -16.477 0.0000000000
97669  -48.884  12.961  -16.884 0.0000000000
97670  -49.473  13.254  -17.277 0.0000000000
97671  -49.912  13.488  -17.821 0.0000000000
97686  -49.769  12.487  -18.126 0.0000000000
97687  -50.104  12.893  -18.405 0.0000000000
98399  -49.007  14.333  -16.212 0.0000000000
98400  -49.535  14.298  -16.650 0.0000000000
98414  -49.911  14.088  -17.641 0.0000000000
98415  -50.014  13.549  -18.090 0.0000000000
