#!ascii label  , from subject FREESURFER vox2ras=TkReg 
421
50844  -13.148  -32.309  66.111 0.0000000000
50845  -13.513  -32.477  66.348 0.0000000000
50853  -13.658  -32.544  65.898 0.0000000000
50854  -14.097  -32.361  65.901 0.0000000000
50859  -13.211  -32.734  65.336 0.0000000000
50860  -14.135  -32.529  65.608 0.0000000000
50861  -14.677  -32.415  65.590 0.0000000000
50866  -13.965  -32.849  64.965 0.0000000000
50867  -14.894  -32.505  65.164 0.0000000000
50868  -15.445  -32.431  64.972 0.0000000000
50872  -13.737  -32.987  64.143 0.0000000000
50873  -14.711  -32.681  64.382 0.0000000000
50874  -15.450  -32.440  64.560 0.0000000000
50878  -13.677  -33.100  63.211 0.0000000000
50879  -14.657  -32.806  63.485 0.0000000000
50880  -15.459  -32.549  63.711 0.0000000000
50883  -13.735  -33.202  62.202 0.0000000000
50884  -14.687  -32.903  62.504 0.0000000000
50885  -15.522  -32.761  62.778 0.0000000000
50889  -14.766  -33.054  61.462 0.0000000000
50890  -15.589  -32.892  61.774 0.0000000000
51974  -13.023  -32.032  66.743 0.0000000000
51975  -13.310  -31.981  66.759 0.0000000000
51981  -12.673  -32.222  66.407 0.0000000000
51982  -13.656  -32.223  66.591 0.0000000000
51983  -14.744  -31.897  66.197 0.0000000000
51984  -15.329  -31.775  66.118 0.0000000000
51988  -13.556  -32.320  66.187 0.0000000000
51989  -14.340  -32.182  66.043 0.0000000000
51990  -15.582  -31.986  66.012 0.0000000000
51991  -16.091  -31.646  65.951 0.0000000000
51993  -14.472  -32.327  65.796 0.0000000000
51994  -15.190  -32.220  65.603 0.0000000000
51995  -16.179  -31.643  65.576 0.0000000000
51996  -16.655  -31.286  65.294 0.0000000000
51999  -15.376  -32.366  65.239 0.0000000000
52000  -15.918  -32.108  64.883 0.0000000000
52001  -16.792  -31.357  64.800 0.0000000000
52002  -17.345  -31.091  64.459 0.0000000000
52004  -16.065  -32.176  63.929 0.0000000000
52005  -16.674  -31.678  64.067 0.0000000000
52006  -17.286  -31.271  64.111 0.0000000000
52009  -16.159  -32.386  63.031 0.0000000000
52010  -16.693  -31.840  63.240 0.0000000000
52011  -17.430  -31.343  63.358 0.0000000000
52012  -17.898  -31.090  62.928 0.0000000000
52014  -16.180  -32.458  62.071 0.0000000000
52015  -16.638  -31.873  62.339 0.0000000000
52016  -17.265  -31.494  62.529 0.0000000000
52017  -17.740  -31.209  62.619 0.0000000000
52019  -16.216  -32.426  61.052 0.0000000000
52020  -16.633  -31.834  61.343 0.0000000000
52021  -17.271  -31.490  61.567 0.0000000000
52022  -17.823  -31.214  61.840 0.0000000000
52026  -17.264  -31.452  60.497 0.0000000000
52027  -17.974  -31.160  60.705 0.0000000000
52028  -18.340  -30.952  60.384 0.0000000000
52033  -17.799  -31.113  59.621 0.0000000000
52034  -18.276  -30.888  59.840 0.0000000000
53007  -12.690  -32.007  66.757 0.0000000000
53008  -13.179  -31.837  66.773 0.0000000000
53009  -13.683  -31.974  66.560 0.0000000000
53013  -13.507  -32.021  66.731 0.0000000000
53014  -14.279  -31.803  66.330 0.0000000000
53015  -15.414  -31.537  66.247 0.0000000000
53016  -15.993  -31.270  66.273 0.0000000000
53019  -15.631  -31.706  66.118 0.0000000000
53020  -16.184  -31.416  66.060 0.0000000000
53021  -16.706  -31.040  66.029 0.0000000000
53024  -16.351  -31.480  65.825 0.0000000000
53025  -16.786  -31.035  65.530 0.0000000000
53026  -17.434  -30.736  65.271 0.0000000000
53029  -16.997  -31.077  65.081 0.0000000000
53030  -17.559  -30.797  64.814 0.0000000000
53031  -18.159  -30.460  64.548 0.0000000000
53033  -17.737  -30.977  64.105 0.0000000000
53034  -18.305  -30.495  64.015 0.0000000000
53035  -18.745  -30.185  63.610 0.0000000000
53038  -17.656  -31.125  63.760 0.0000000000
53039  -18.111  -30.863  63.305 0.0000000000
53040  -18.726  -30.359  63.232 0.0000000000
53042  -18.238  -30.930  62.278 0.0000000000
53043  -18.803  -30.544  62.442 0.0000000000
53045  -18.353  -30.977  61.216 0.0000000000
53046  -18.831  -30.651  61.422 0.0000000000
53048  -18.362  -30.975  60.661 0.0000000000
53049  -18.656  -30.729  60.344 0.0000000000
53051  -18.585  -30.538  59.221 0.0000000000
54046  -12.855  -31.742  66.712 0.0000000000
54047  -13.407  -31.697  66.577 0.0000000000
54051  -14.147  -31.527  66.439 0.0000000000
54052  -14.983  -31.191  66.459 0.0000000000
54053  -15.940  -30.953  66.451 0.0000000000
54054  -16.444  -30.884  66.243 0.0000000000
54057  -16.312  -31.089  66.226 0.0000000000
54058  -16.938  -30.978  66.143 0.0000000000
54059  -17.187  -30.555  65.676 0.0000000000
54062  -16.932  -30.714  65.787 0.0000000000
54063  -17.559  -30.492  65.468 0.0000000000
54064  -18.016  -30.162  65.254 0.0000000000
54066  -17.850  -30.504  65.155 0.0000000000
54067  -18.274  -30.191  64.875 0.0000000000
54068  -18.666  -29.823  64.463 0.0000000000
54071  -18.433  -30.188  64.382 0.0000000000
54072  -18.858  -29.868  63.897 0.0000000000
54073  -19.327  -29.605  63.380 0.0000000000
54076  -19.097  -29.974  63.271 0.0000000000
54077  -19.579  -29.710  62.846 0.0000000000
54079  -19.279  -30.119  62.619 0.0000000000
54080  -19.758  -29.736  62.115 0.0000000000
54082  -19.403  -30.130  61.621 0.0000000000
54083  -19.775  -29.537  61.389 0.0000000000
54085  -19.237  -30.240  60.539 0.0000000000
54086  -19.654  -29.602  60.668 0.0000000000
54088  -19.029  -30.258  59.494 0.0000000000
54089  -19.503  -29.672  59.655 0.0000000000
55114  -13.021  -31.338  66.645 0.0000000000
55121  -12.897  -30.980  66.531 0.0000000000
55122  -13.769  -31.041  66.496 0.0000000000
55123  -14.759  -30.907  66.475 0.0000000000
55124  -15.684  -30.718  66.388 0.0000000000
55125  -16.415  -30.542  66.293 0.0000000000
55126  -16.932  -30.217  66.053 0.0000000000
55130  -16.684  -30.701  66.050 0.0000000000
55131  -17.221  -30.179  65.913 0.0000000000
55132  -18.129  -30.012  65.647 0.0000000000
55135  -17.625  -30.215  65.537 0.0000000000
55136  -18.129  -29.834  65.370 0.0000000000
55137  -18.662  -29.502  65.154 0.0000000000
55140  -18.384  -29.779  65.138 0.0000000000
55141  -18.761  -29.383  64.780 0.0000000000
55142  -19.150  -29.111  64.239 0.0000000000
55145  -18.969  -29.469  64.243 0.0000000000
55146  -19.325  -29.236  63.749 0.0000000000
55148  -19.741  -29.263  63.101 0.0000000000
55150  -19.980  -29.290  62.404 0.0000000000
55152  -20.059  -29.156  61.619 0.0000000000
55154  -20.054  -29.004  60.807 0.0000000000
55156  -20.006  -28.990  59.899 0.0000000000
56158  -13.373  -30.727  66.276 0.0000000000
56159  -14.414  -30.358  66.244 0.0000000000
56160  -15.412  -30.192  66.282 0.0000000000
56161  -16.160  -29.957  66.134 0.0000000000
56162  -16.859  -29.938  66.045 0.0000000000
56163  -17.334  -29.754  65.834 0.0000000000
56170  -12.915  -30.528  65.921 0.0000000000
56171  -13.824  -30.249  65.991 0.0000000000
56172  -14.329  -30.044  66.047 0.0000000000
56173  -17.760  -29.510  65.676 0.0000000000
56174  -18.213  -29.354  65.474 0.0000000000
56178  -18.497  -29.324  65.255 0.0000000000
56179  -18.710  -29.082  65.057 0.0000000000
56182  -18.945  -28.815  64.772 0.0000000000
56183  -19.177  -28.774  64.412 0.0000000000
56185  -19.420  -28.697  63.944 0.0000000000
56187  -11.452  -28.776  63.114 0.0000000000
56188  -11.765  -28.851  63.035 0.0000000000
56189  -12.402  -28.901  62.867 0.0000000000
56193  -10.931  -28.572  62.666 0.0000000000
56194  -11.245  -28.708  62.789 0.0000000000
56195  -11.941  -28.829  62.428 0.0000000000
56196  -12.712  -28.784  62.246 0.0000000000
56200  -10.937  -28.564  62.415 0.0000000000
56201  -11.380  -28.649  62.004 0.0000000000
56202  -12.184  -28.677  61.684 0.0000000000
56203  -12.892  -28.642  61.546 0.0000000000
56207  -20.322  -28.412  61.042 0.0000000000
57136  -14.598  -29.908  66.053 0.0000000000
57137  -15.213  -29.635  65.903 0.0000000000
57138  -16.106  -29.558  65.823 0.0000000000
57139  -16.821  -29.387  65.817 0.0000000000
57140  -17.087  -29.273  65.958 0.0000000000
57146  -12.415  -30.241  65.555 0.0000000000
57147  -13.407  -30.053  65.568 0.0000000000
57148  -14.448  -29.676  65.684 0.0000000000
57149  -15.425  -28.931  65.315 0.0000000000
57150  -17.297  -28.929  65.695 0.0000000000
57151  -17.731  -28.939  65.654 0.0000000000
57152  -18.247  -28.831  65.465 0.0000000000
57159  -11.876  -29.844  65.215 0.0000000000
57160  -12.869  -29.772  65.157 0.0000000000
57161  -13.887  -29.480  65.179 0.0000000000
57162  -14.852  -28.959  65.062 0.0000000000
57163  -15.671  -28.195  64.910 0.0000000000
57164  -18.555  -28.760  65.235 0.0000000000
57165  -18.845  -28.433  64.896 0.0000000000
57171  -10.315  -29.505  64.581 0.0000000000
57172  -11.329  -29.493  64.767 0.0000000000
57173  -12.318  -29.413  64.804 0.0000000000
57174  -13.354  -29.311  64.746 0.0000000000
57175  -14.354  -28.940  64.695 0.0000000000
57176  -15.278  -28.279  64.583 0.0000000000
57177  -15.918  -27.695  64.618 0.0000000000
57178  -19.162  -28.247  64.482 0.0000000000
57183  -8.679  -28.477  63.583 0.0000000000
57184  -9.799  -28.980  63.908 0.0000000000
57185  -10.812  -29.182  64.120 0.0000000000
57186  -11.788  -29.123  64.231 0.0000000000
57187  -12.820  -29.158  64.161 0.0000000000
57188  -13.905  -28.906  64.129 0.0000000000
57189  -14.791  -28.432  64.216 0.0000000000
57193  -8.813  -28.036  63.092 0.0000000000
57194  -9.542  -28.332  63.089 0.0000000000
57195  -10.466  -28.781  63.452 0.0000000000
57196  -11.323  -28.888  63.454 0.0000000000
57197  -12.234  -28.981  63.503 0.0000000000
57198  -13.358  -28.894  63.072 0.0000000000
57199  -14.714  -28.385  63.402 0.0000000000
57200  -15.206  -27.895  63.080 0.0000000000
57204  -9.921  -28.091  62.418 0.0000000000
57205  -10.566  -28.501  62.756 0.0000000000
57206  -10.900  -28.714  63.138 0.0000000000
57207  -13.508  -28.652  61.885 0.0000000000
57208  -14.399  -28.366  62.248 0.0000000000
57209  -14.998  -28.031  62.691 0.0000000000
57212  -9.986  -27.871  61.984 0.0000000000
57213  -10.593  -28.215  61.847 0.0000000000
57214  -11.610  -28.187  61.102 0.0000000000
57215  -12.630  -28.392  60.983 0.0000000000
57216  -13.407  -28.419  61.023 0.0000000000
57217  -14.119  -28.243  61.235 0.0000000000
57225  -11.854  -27.642  60.603 0.0000000000
57226  -12.415  -27.921  60.487 0.0000000000
57227  -13.259  -28.044  60.267 0.0000000000
57228  -13.938  -28.112  60.430 0.0000000000
57240  -13.666  -27.782  59.921 0.0000000000
57241  -13.811  -27.992  60.016 0.0000000000
58099  -16.083  -28.855  65.454 0.0000000000
58100  -16.724  -28.777  65.601 0.0000000000
58101  -17.088  -28.784  65.669 0.0000000000
58102  -16.195  -28.001  65.111 0.0000000000
58103  -16.723  -28.025  65.312 0.0000000000
58104  -17.433  -28.064  65.439 0.0000000000
58105  -18.300  -27.943  65.270 0.0000000000
58106  -18.498  -28.369  65.245 0.0000000000
58109  -16.328  -27.356  64.752 0.0000000000
58110  -16.189  -27.027  64.999 0.0000000000
58111  -18.643  -27.369  65.060 0.0000000000
58112  -18.721  -27.826  65.004 0.0000000000
58113  -19.073  -27.631  64.627 0.0000000000
58117  -15.813  -27.628  64.392 0.0000000000
58118  -16.352  -27.021  64.450 0.0000000000
58119  -16.457  -26.986  64.871 0.0000000000
58125  -8.403  -27.521  63.074 0.0000000000
58126  -15.387  -27.874  64.154 0.0000000000
58127  -15.989  -27.212  64.013 0.0000000000
58132  -8.964  -27.506  62.634 0.0000000000
58133  -9.422  -27.925  62.559 0.0000000000
58134  -15.079  -28.050  63.911 0.0000000000
58135  -15.519  -27.569  63.507 0.0000000000
58140  -9.196  -27.007  62.327 0.0000000000
58141  -9.524  -27.437  62.141 0.0000000000
58142  -15.041  -27.829  62.104 0.0000000000
58143  -15.458  -27.436  62.594 0.0000000000
58151  -10.116  -27.438  61.652 0.0000000000
58152  -10.840  -27.368  61.077 0.0000000000
58153  -11.421  -27.620  60.807 0.0000000000
58154  -14.814  -27.846  61.387 0.0000000000
58155  -15.469  -27.322  61.604 0.0000000000
58169  -11.107  -26.787  60.886 0.0000000000
58170  -11.520  -27.046  60.641 0.0000000000
58171  -12.390  -27.191  60.153 0.0000000000
58172  -12.829  -27.681  60.101 0.0000000000
58173  -14.560  -27.810  60.575 0.0000000000
58174  -15.222  -27.370  60.656 0.0000000000
58187  -12.858  -26.858  59.798 0.0000000000
58188  -13.306  -27.323  59.806 0.0000000000
58189  -14.216  -27.579  59.868 0.0000000000
58190  -14.850  -27.444  60.130 0.0000000000
59069  -16.647  -27.439  65.137 0.0000000000
59070  -17.106  -27.063  65.303 0.0000000000
59071  -17.534  -27.045  65.352 0.0000000000
59072  -18.032  -27.129  65.319 0.0000000000
59073  -16.473  -27.379  64.967 0.0000000000
59074  -16.666  -26.894  65.014 0.0000000000
59075  -18.516  -26.949  65.105 0.0000000000
59077  -18.965  -27.220  64.746 0.0000000000
59080  -16.497  -26.244  64.388 0.0000000000
59081  -16.502  -26.695  64.688 0.0000000000
59087  -8.107  -26.646  63.267 0.0000000000
59088  -16.227  -26.326  64.022 0.0000000000
59093  -8.773  -26.444  62.770 0.0000000000
59094  -9.232  -25.877  62.655 0.0000000000
59095  -16.058  -26.550  63.534 0.0000000000
59100  -9.041  -26.807  62.474 0.0000000000
59101  -9.507  -26.329  62.208 0.0000000000
59102  -10.118  -25.889  61.900 0.0000000000
59103  -15.880  -26.783  62.958 0.0000000000
59115  -9.748  -26.912  61.766 0.0000000000
59116  -10.305  -26.500  61.539 0.0000000000
59117  -10.927  -26.055  61.413 0.0000000000
59118  -15.932  -26.511  62.096 0.0000000000
59119  -16.164  -25.941  61.525 0.0000000000
59131  -10.874  -26.559  61.131 0.0000000000
59132  -11.382  -26.250  61.012 0.0000000000
59133  -11.994  -26.362  60.422 0.0000000000
59134  -15.943  -26.610  60.874 0.0000000000
59135  -16.233  -25.778  60.893 0.0000000000
59144  -12.599  -26.386  59.908 0.0000000000
59145  -13.194  -26.453  59.528 0.0000000000
59146  -14.015  -26.691  59.363 0.0000000000
59147  -15.156  -26.764  59.740 0.0000000000
60113  -17.035  -26.475  65.427 0.0000000000
60114  -17.315  -26.555  65.330 0.0000000000
60115  -17.731  -26.583  65.339 0.0000000000
60116  -17.120  -26.302  65.200 0.0000000000
60117  -17.612  -26.108  65.193 0.0000000000
60118  -18.217  -26.284  65.148 0.0000000000
60120  -16.553  -25.851  64.330 0.0000000000
60121  -16.716  -25.984  64.707 0.0000000000
60128  -7.983  -25.555  63.401 0.0000000000
60129  -8.679  -25.057  63.363 0.0000000000
60130  -16.370  -25.738  64.101 0.0000000000
60137  -8.504  -25.783  63.169 0.0000000000
60138  -9.198  -25.346  63.029 0.0000000000
60139  -9.776  -25.084  62.815 0.0000000000
60140  -16.154  -25.667  63.665 0.0000000000
60150  -9.560  -25.552  62.595 0.0000000000
60151  -10.167  -25.322  62.311 0.0000000000
60152  -10.812  -25.087  62.047 0.0000000000
60153  -16.031  -25.754  62.880 0.0000000000
60154  -16.128  -25.277  62.418 0.0000000000
60165  -10.627  -25.670  61.770 0.0000000000
60166  -11.276  -25.403  61.586 0.0000000000
60167  -16.121  -25.691  62.125 0.0000000000
60168  -16.380  -25.275  61.605 0.0000000000
60174  -11.902  -25.546  60.841 0.0000000000
60175  -12.372  -25.677  60.119 0.0000000000
60176  -15.925  -25.911  60.115 0.0000000000
60177  -16.363  -25.304  60.508 0.0000000000
60183  -12.863  -25.699  59.561 0.0000000000
60184  -13.598  -25.723  58.938 0.0000000000
60185  -14.628  -26.034  59.021 0.0000000000
60186  -15.444  -25.711  59.290 0.0000000000
60187  -16.078  -25.390  59.761 0.0000000000
60195  -13.842  -25.244  58.459 0.0000000000
60196  -14.454  -25.519  58.586 0.0000000000
60197  -14.988  -25.640  58.802 0.0000000000
61125  -17.385  -25.662  64.809 0.0000000000
61134  -16.554  -25.489  64.190 0.0000000000
61135  -17.069  -25.256  64.356 0.0000000000
61146  -9.334  -24.274  63.419 0.0000000000
61147  -10.031  -23.387  63.416 0.0000000000
61148  -10.482  -23.170  63.257 0.0000000000
61149  -16.184  -25.153  63.873 0.0000000000
61150  -16.760  -25.018  63.871 0.0000000000
61160  -9.651  -24.795  63.074 0.0000000000
61161  -10.204  -24.461  62.837 0.0000000000
61162  -10.694  -23.595  62.952 0.0000000000
61163  -16.038  -25.134  63.216 0.0000000000
61164  -16.530  -24.911  63.306 0.0000000000
61173  -10.653  -24.816  62.389 0.0000000000
61174  -11.123  -24.397  62.270 0.0000000000
61175  -16.014  -25.151  62.784 0.0000000000
61176  -16.386  -24.918  62.500 0.0000000000
61177  -17.180  -24.507  62.728 0.0000000000
61182  -11.774  -24.630  61.319 0.0000000000
61183  -16.715  -24.836  61.732 0.0000000000
61184  -17.103  -24.564  61.986 0.0000000000
61190  -12.286  -24.756  60.213 0.0000000000
61191  -12.612  -25.222  59.762 0.0000000000
61192  -16.834  -24.763  60.958 0.0000000000
61193  -17.030  -24.607  61.472 0.0000000000
61198  -12.414  -24.333  59.664 0.0000000000
61199  -12.787  -24.762  59.069 0.0000000000
61200  -13.392  -25.128  58.627 0.0000000000
61201  -15.950  -25.217  59.236 0.0000000000
61202  -16.468  -24.860  59.872 0.0000000000
61211  -12.816  -24.228  58.021 0.0000000000
61212  -13.488  -24.789  58.128 0.0000000000
61213  -14.389  -25.113  58.124 0.0000000000
61214  -15.323  -25.250  58.568 0.0000000000
61215  -16.173  -24.807  58.906 0.0000000000
61224  -12.819  -23.957  57.526 0.0000000000
61225  -13.312  -24.223  57.261 0.0000000000
61226  -14.213  -24.704  57.506 0.0000000000
61227  -15.099  -24.873  57.829 0.0000000000
61228  -15.806  -24.818  58.204 0.0000000000
61234  -13.568  -24.046  56.669 0.0000000000
61235  -14.105  -24.322  56.808 0.0000000000
61236  -15.019  -24.527  57.111 0.0000000000
61237  -15.736  -24.596  57.610 0.0000000000
62166  -10.815  -22.813  63.269 0.0000000000
62173  -11.308  -23.254  62.660 0.0000000000
62180  -11.648  -23.601  61.781 0.0000000000
62181  -17.571  -23.848  62.189 0.0000000000
62187  -11.995  -23.809  60.748 0.0000000000
62188  -17.120  -24.470  60.855 0.0000000000
62189  -17.398  -24.126  61.174 0.0000000000
62194  -12.249  -23.956  59.992 0.0000000000
62195  -12.367  -23.852  59.379 0.0000000000
62196  -17.042  -24.415  60.389 0.0000000000
62197  -17.457  -23.844  60.071 0.0000000000
62206  -12.514  -23.753  58.618 0.0000000000
62207  -16.847  -24.338  59.401 0.0000000000
62208  -17.382  -23.799  58.961 0.0000000000
62217  -12.604  -23.495  57.753 0.0000000000
62218  -12.826  -23.736  57.176 0.0000000000
62219  -16.510  -24.363  58.219 0.0000000000
62225  -12.678  -23.222  57.035 0.0000000000
62226  -13.127  -23.572  56.506 0.0000000000
62227  -13.856  -23.908  56.214 0.0000000000
62228  -14.778  -24.145  56.280 0.0000000000
62234  -13.548  -23.358  55.855 0.0000000000
63185  -11.322  -22.237  63.018 0.0000000000
63193  -11.700  -22.528  62.187 0.0000000000
63198  -11.915  -22.750  61.129 0.0000000000
63199  -17.989  -23.224  60.767 0.0000000000
63205  -12.156  -23.038  59.906 0.0000000000
63206  -12.368  -23.244  59.104 0.0000000000
63216  -12.325  -22.740  59.144 0.0000000000
63217  -12.378  -22.872  58.482 0.0000000000
63228  -12.478  -22.621  57.536 0.0000000000
63238  -12.797  -22.575  56.419 0.0000000000
63239  -13.182  -23.044  55.968 0.0000000000
63246  -12.923  -22.095  55.853 0.0000000000
64204  -12.254  -22.190  59.374 0.0000000000
64214  -12.339  -22.400  58.862 0.0000000000
64215  -12.377  -21.818  58.473 0.0000000000
64222  -12.543  -21.699  57.236 0.0000000000
64231  -12.794  -21.623  56.359 0.0000000000
