#!ascii label  , from subject FREESURFER vox2ras=TkReg 
494
70792  -42.454  -15.112  40.285 0.0000000000
71753  -44.049  -14.714  42.896 0.0000000000
71766  -43.470  -14.895  41.845 0.0000000000
71767  -43.860  -14.066  42.325 0.0000000000
71776  -42.612  -14.153  40.222 0.0000000000
71777  -42.719  -14.424  40.653 0.0000000000
71786  -41.169  -14.522  39.913 0.0000000000
71787  -42.198  -14.357  40.162 0.0000000000
71788  -42.515  -14.684  40.262 0.0000000000
72719  -43.465  -13.800  44.110 0.0000000000
72720  -43.889  -13.188  44.018 0.0000000000
72738  -44.006  -13.934  43.625 0.0000000000
72739  -44.078  -13.035  43.664 0.0000000000
72756  -44.037  -13.553  43.024 0.0000000000
72757  -44.111  -12.767  43.352 0.0000000000
72768  -43.384  -13.752  41.565 0.0000000000
72769  -43.928  -13.207  42.265 0.0000000000
72774  -42.680  -13.817  40.149 0.0000000000
72775  -42.946  -13.295  40.679 0.0000000000
72781  -41.421  -13.605  39.776 0.0000000000
72782  -42.194  -13.304  40.006 0.0000000000
72791  -41.687  -12.856  39.569 0.0000000000
73697  -42.748  -12.887  44.366 0.0000000000
73698  -43.446  -12.586  44.348 0.0000000000
73699  -43.976  -12.312  44.155 0.0000000000
73715  -44.254  -12.186  43.775 0.0000000000
73739  -44.092  -12.806  42.874 0.0000000000
73740  -44.225  -12.107  43.234 0.0000000000
73761  -43.642  -12.582  41.404 0.0000000000
73762  -44.113  -12.230  42.416 0.0000000000
73763  -44.229  -11.786  42.883 0.0000000000
73768  -42.834  -12.964  39.989 0.0000000000
73769  -43.224  -12.377  40.432 0.0000000000
73773  -42.381  -12.403  39.593 0.0000000000
73774  -42.985  -12.219  39.873 0.0000000000
74702  -43.557  -10.979  45.009 0.0000000000
74703  -43.784  -10.929  44.938 0.0000000000
74717  -42.054  -12.016  44.158 0.0000000000
74718  -42.786  -11.772  44.587 0.0000000000
74719  -43.486  -11.339  44.758 0.0000000000
74720  -44.188  -11.238  44.400 0.0000000000
74721  -44.532  -10.840  44.299 0.0000000000
74734  -41.400  -11.198  43.724 0.0000000000
74735  -44.450  -11.382  43.835 0.0000000000
74736  -44.658  -10.762  44.088 0.0000000000
74754  -44.341  -11.340  43.246 0.0000000000
74775  -43.698  -11.630  40.832 0.0000000000
74776  -44.073  -11.524  41.689 0.0000000000
74777  -44.270  -11.325  42.551 0.0000000000
74792  -43.388  -11.598  40.118 0.0000000000
74800  -42.291  -11.742  39.115 0.0000000000
74801  -42.895  -11.511  39.509 0.0000000000
74812  -42.549  -11.184  38.972 0.0000000000
75721  -42.906  -10.420  45.433 0.0000000000
75722  -43.353  -10.623  45.282 0.0000000000
75723  -44.089  -10.389  45.149 0.0000000000
75724  -44.601  -10.050  45.113 0.0000000000
75734  -42.102  -10.919  44.277 0.0000000000
75735  -42.738  -10.645  45.062 0.0000000000
75736  -43.216  -10.914  45.124 0.0000000000
75737  -44.477  -10.546  44.692 0.0000000000
75738  -44.775  -10.239  44.572 0.0000000000
75747  -41.380  -10.180  43.854 0.0000000000
75748  -44.582  -10.870  43.663 0.0000000000
75749  -44.844  -10.199  43.899 0.0000000000
75759  -44.672  -10.434  43.033 0.0000000000
75760  -44.925  -9.907  43.467 0.0000000000
75769  -43.792  -11.021  40.421 0.0000000000
75770  -44.150  -10.691  41.042 0.0000000000
75771  -44.432  -10.553  41.996 0.0000000000
75784  -43.609  -10.713  39.849 0.0000000000
75785  -44.074  -10.443  40.383 0.0000000000
75799  -43.104  -10.618  39.172 0.0000000000
76793  -43.039  -9.219  46.013 0.0000000000
76794  -43.511  -8.984  45.979 0.0000000000
76795  -43.833  -8.747  45.909 0.0000000000
76803  -42.130  -9.367  45.093 0.0000000000
76804  -42.701  -9.780  45.579 0.0000000000
76805  -43.517  -9.806  45.774 0.0000000000
76806  -44.178  -9.316  45.576 0.0000000000
76807  -44.821  -9.414  45.085 0.0000000000
76818  -41.833  -9.744  44.586 0.0000000000
76819  -42.330  -9.905  45.113 0.0000000000
76820  -45.032  -9.461  44.459 0.0000000000
76830  -41.265  -9.328  43.961 0.0000000000
76831  -45.093  -9.420  43.793 0.0000000000
76841  -44.942  -9.685  42.309 0.0000000000
76842  -45.090  -9.496  43.111 0.0000000000
76849  -44.408  -10.010  40.695 0.0000000000
76850  -44.711  -9.743  41.389 0.0000000000
76859  -43.674  -10.029  39.416 0.0000000000
76860  -44.237  -9.722  40.040 0.0000000000
76861  -44.663  -9.427  40.742 0.0000000000
76874  -43.893  -9.392  39.416 0.0000000000
77808  -42.334  -8.100  45.981 0.0000000000
77809  -42.889  -8.374  46.252 0.0000000000
77810  -43.512  -8.273  46.184 0.0000000000
77811  -44.056  -8.333  45.860 0.0000000000
77820  -42.084  -8.615  45.448 0.0000000000
77821  -42.618  -8.838  45.870 0.0000000000
77822  -44.637  -8.519  45.428 0.0000000000
77823  -45.119  -8.621  44.889 0.0000000000
77833  -41.667  -8.773  44.825 0.0000000000
77834  -45.265  -8.674  44.202 0.0000000000
77843  -41.046  -8.561  43.691 0.0000000000
77844  -41.355  -8.694  44.282 0.0000000000
77845  -45.322  -8.697  43.475 0.0000000000
77851  -45.179  -9.102  41.851 0.0000000000
77852  -45.319  -8.731  42.592 0.0000000000
77859  -44.992  -8.778  41.235 0.0000000000
77860  -45.274  -8.432  41.895 0.0000000000
77867  -44.229  -8.771  39.806 0.0000000000
77868  -44.639  -8.797  40.491 0.0000000000
78739  -42.175  -6.782  47.195 0.0000000000
78740  -42.632  -6.984  46.993 0.0000000000
78741  -43.148  -7.063  46.754 0.0000000000
78753  -42.191  -7.343  46.679 0.0000000000
78754  -43.020  -7.619  46.615 0.0000000000
78755  -43.703  -7.466  46.331 0.0000000000
78756  -44.415  -7.593  45.783 0.0000000000
78774  -41.243  -7.001  45.774 0.0000000000
78775  -41.647  -7.473  45.834 0.0000000000
78776  -45.027  -7.694  45.230 0.0000000000
78777  -45.382  -7.801  44.513 0.0000000000
78793  -41.159  -7.141  45.259 0.0000000000
78794  -41.496  -7.943  44.986 0.0000000000
78795  -45.516  -8.008  43.876 0.0000000000
78809  -40.974  -7.507  44.156 0.0000000000
78810  -41.424  -8.212  44.512 0.0000000000
78811  -45.578  -7.867  43.189 0.0000000000
78819  -45.423  -7.759  42.380 0.0000000000
78828  -44.845  -8.124  40.918 0.0000000000
78829  -45.110  -7.689  41.550 0.0000000000
78843  -44.793  -7.362  41.003 0.0000000000
79694  -40.897  -5.831  47.521 0.0000000000
79695  -41.549  -6.284  47.309 0.0000000000
79696  -42.360  -6.250  47.252 0.0000000000
79697  -42.865  -6.599  46.881 0.0000000000
79708  -40.898  -6.154  47.018 0.0000000000
79709  -41.423  -6.777  46.510 0.0000000000
79710  -42.867  -6.064  46.820 0.0000000000
79711  -43.406  -6.508  46.535 0.0000000000
79712  -44.056  -6.696  46.061 0.0000000000
79724  -40.921  -6.509  46.010 0.0000000000
79725  -41.300  -6.930  46.032 0.0000000000
79726  -44.679  -6.723  45.492 0.0000000000
79727  -45.218  -6.785  44.743 0.0000000000
79737  -40.139  -6.165  44.638 0.0000000000
79738  -40.544  -6.580  44.918 0.0000000000
79739  -45.680  -6.957  43.836 0.0000000000
79740  -45.744  -6.335  43.264 0.0000000000
79751  -40.645  -6.858  44.334 0.0000000000
79752  -45.692  -6.993  42.908 0.0000000000
79753  -45.673  -6.126  42.623 0.0000000000
79765  -45.344  -6.809  42.145 0.0000000000
79766  -45.498  -5.902  41.885 0.0000000000
79783  -45.116  -6.378  41.351 0.0000000000
79784  -45.391  -5.744  41.484 0.0000000000
80659  -39.764  -4.945  47.890 0.0000000000
80660  -40.143  -4.845  48.131 0.0000000000
80661  -40.429  -4.659  48.181 0.0000000000
80674  -39.813  -5.123  47.275 0.0000000000
80675  -40.386  -5.442  47.552 0.0000000000
80676  -40.872  -5.209  47.862 0.0000000000
80677  -41.753  -5.379  47.481 0.0000000000
80692  -39.765  -5.256  46.455 0.0000000000
80693  -40.366  -5.733  46.721 0.0000000000
80694  -42.467  -5.365  46.961 0.0000000000
80695  -43.229  -5.496  46.314 0.0000000000
80696  -43.703  -6.117  46.160 0.0000000000
80706  -39.651  -5.382  45.574 0.0000000000
80707  -40.269  -5.869  45.798 0.0000000000
80708  -43.501  -4.982  45.790 0.0000000000
80709  -44.056  -5.735  45.694 0.0000000000
80710  -44.768  -5.805  45.024 0.0000000000
80718  -40.057  -5.927  45.108 0.0000000000
80719  -45.421  -5.650  44.152 0.0000000000
80720  -45.719  -6.105  43.642 0.0000000000
80732  -45.517  -4.998  43.661 0.0000000000
80733  -45.725  -5.411  43.215 0.0000000000
80745  -45.697  -5.196  42.274 0.0000000000
81625  -38.867  -4.049  48.049 0.0000000000
81626  -39.467  -4.190  48.206 0.0000000000
81627  -40.094  -4.162  48.355 0.0000000000
81628  -40.665  -4.302  48.156 0.0000000000
81642  -38.751  -4.255  47.538 0.0000000000
81643  -39.295  -4.586  47.720 0.0000000000
81644  -41.266  -4.471  47.719 0.0000000000
81645  -41.948  -4.498  47.181 0.0000000000
81660  -37.108  -3.844  46.282 0.0000000000
81661  -37.698  -4.003  46.561 0.0000000000
81662  -38.471  -4.301  46.892 0.0000000000
81663  -39.228  -4.694  47.030 0.0000000000
81664  -42.559  -4.425  46.365 0.0000000000
81665  -43.086  -4.775  45.983 0.0000000000
81680  -37.477  -4.262  45.779 0.0000000000
81681  -38.281  -4.495  45.977 0.0000000000
81682  -39.076  -4.824  46.210 0.0000000000
81683  -42.560  -3.824  45.904 0.0000000000
81684  -43.065  -4.174  45.504 0.0000000000
81685  -43.912  -4.785  45.329 0.0000000000
81686  -44.369  -5.243  45.210 0.0000000000
81696  -38.926  -4.939  45.276 0.0000000000
81697  -43.246  -3.705  45.067 0.0000000000
81698  -43.687  -3.998  44.904 0.0000000000
81699  -44.586  -4.634  44.668 0.0000000000
81709  -45.226  -4.489  43.932 0.0000000000
81710  -45.580  -4.370  43.335 0.0000000000
81715  -45.802  -4.353  42.641 0.0000000000
81717  -45.980  -4.234  41.866 0.0000000000
82577  -37.864  -2.916  48.801 0.0000000000
82578  -38.555  -3.341  48.570 0.0000000000
82579  -39.533  -3.394  48.560 0.0000000000
82580  -40.350  -3.399  48.280 0.0000000000
82581  -40.922  -3.773  47.914 0.0000000000
82591  -36.042  -2.293  47.541 0.0000000000
82592  -36.638  -2.569  47.633 0.0000000000
82593  -37.575  -3.075  48.131 0.0000000000
82594  -38.338  -3.743  47.894 0.0000000000
82595  -40.795  -3.172  47.738 0.0000000000
82596  -41.417  -3.547  47.274 0.0000000000
82597  -41.981  -3.834  46.777 0.0000000000
82610  -33.529  -2.961  46.596 0.0000000000
82611  -34.596  -2.753  46.756 0.0000000000
82612  -35.715  -2.666  47.123 0.0000000000
82613  -36.987  -3.291  46.948 0.0000000000
82614  -37.920  -3.716  47.339 0.0000000000
82615  -38.369  -4.013  47.439 0.0000000000
82616  -41.795  -3.331  46.737 0.0000000000
82617  -42.186  -3.406  46.282 0.0000000000
82628  -35.162  -3.389  46.300 0.0000000000
82629  -36.149  -3.508  46.369 0.0000000000
82630  -36.722  -3.664  46.342 0.0000000000
82631  -42.575  -3.244  45.591 0.0000000000
82632  -42.964  -3.449  45.162 0.0000000000
82639  -42.859  -2.865  45.129 0.0000000000
82640  -43.341  -3.149  44.778 0.0000000000
82641  -44.171  -3.342  44.385 0.0000000000
82642  -44.802  -3.796  44.110 0.0000000000
82645  -44.727  -3.082  43.957 0.0000000000
82646  -45.248  -3.447  43.593 0.0000000000
82647  -45.798  -3.466  42.981 0.0000000000
82649  -46.181  -3.426  42.330 0.0000000000
82654  -38.394  -3.250  39.847 0.0000000000
82655  -38.693  -3.155  40.181 0.0000000000
82666  -35.811  -3.503  39.203 0.0000000000
82667  -36.503  -3.447  39.165 0.0000000000
82668  -37.240  -3.426  39.143 0.0000000000
82669  -38.040  -3.354  39.347 0.0000000000
82670  -39.080  -3.110  39.484 0.0000000000
82671  -40.115  -2.941  39.218 0.0000000000
82672  -40.593  -2.744  38.999 0.0000000000
82682  -32.619  -3.319  38.123 0.0000000000
82683  -33.374  -3.515  38.283 0.0000000000
82684  -34.246  -3.697  38.439 0.0000000000
82685  -35.199  -3.680  38.657 0.0000000000
82686  -36.138  -3.657  38.493 0.0000000000
82687  -36.972  -3.571  38.429 0.0000000000
82688  -37.805  -3.372  38.421 0.0000000000
82689  -38.676  -3.210  38.499 0.0000000000
82690  -39.620  -2.998  38.453 0.0000000000
82691  -40.290  -2.823  38.648 0.0000000000
82701  -32.166  -3.318  37.435 0.0000000000
82702  -33.049  -3.561  37.405 0.0000000000
82703  -33.938  -3.764  37.493 0.0000000000
82704  -34.854  -3.877  37.606 0.0000000000
82705  -35.788  -3.866  37.643 0.0000000000
82706  -36.700  -3.728  37.599 0.0000000000
82707  -37.570  -3.456  37.558 0.0000000000
82708  -38.493  -3.156  37.517 0.0000000000
82709  -39.156  -3.031  37.813 0.0000000000
82717  -32.632  -3.594  36.510 0.0000000000
82718  -33.613  -3.775  36.530 0.0000000000
83591  -37.547  -2.493  48.596 0.0000000000
83592  -38.101  -2.509  48.868 0.0000000000
83593  -38.956  -2.494  48.677 0.0000000000
83594  -39.784  -2.724  48.461 0.0000000000
83602  -34.196  -1.490  47.294 0.0000000000
83603  -34.654  -1.685  47.381 0.0000000000
83604  -35.465  -2.017  47.597 0.0000000000
83605  -36.318  -2.076  47.726 0.0000000000
83606  -37.072  -2.331  48.091 0.0000000000
83607  -39.520  -2.168  48.189 0.0000000000
83608  -40.351  -2.387  47.809 0.0000000000
83609  -40.978  -2.785  47.290 0.0000000000
83614  -31.961  -2.656  46.057 0.0000000000
83615  -32.868  -2.393  46.583 0.0000000000
83616  -33.982  -2.019  47.040 0.0000000000
83617  -34.962  -2.247  47.316 0.0000000000
83618  -35.384  -2.267  47.366 0.0000000000
83619  -40.766  -2.284  46.988 0.0000000000
83620  -41.533  -2.608  46.550 0.0000000000
83621  -42.174  -2.700  45.964 0.0000000000
83628  -41.940  -2.135  45.860 0.0000000000
83629  -42.476  -2.297  45.381 0.0000000000
83638  -43.059  -2.250  44.806 0.0000000000
83639  -43.703  -2.391  44.345 0.0000000000
83640  -44.374  -2.412  43.934 0.0000000000
83647  -35.664  -2.004  43.330 0.0000000000
83648  -36.102  -2.080  43.376 0.0000000000
83649  -37.035  -2.149  43.411 0.0000000000
83650  -38.009  -2.157  43.396 0.0000000000
83651  -38.943  -2.228  43.384 0.0000000000
83652  -39.732  -2.137  43.314 0.0000000000
83653  -44.930  -2.555  43.610 0.0000000000
83654  -45.463  -2.482  43.113 0.0000000000
83655  -46.031  -2.758  42.700 0.0000000000
83657  -34.777  -2.198  42.538 0.0000000000
83658  -35.333  -2.190  42.822 0.0000000000
83659  -36.291  -2.368  42.581 0.0000000000
83660  -37.260  -2.420  42.517 0.0000000000
83661  -38.240  -2.456  42.519 0.0000000000
83662  -39.204  -2.463  42.575 0.0000000000
83663  -40.222  -2.227  42.672 0.0000000000
83664  -40.977  -2.072  42.373 0.0000000000
83665  -45.850  -2.130  42.630 0.0000000000
83666  -46.365  -2.410  42.170 0.0000000000
83668  -32.931  -2.149  41.258 0.0000000000
83669  -33.387  -2.253  41.416 0.0000000000
83670  -34.459  -2.369  41.930 0.0000000000
83671  -35.520  -2.663  41.742 0.0000000000
83672  -36.508  -2.750  41.621 0.0000000000
83673  -37.506  -2.775  41.548 0.0000000000
83674  -38.532  -2.790  41.630 0.0000000000
83675  -39.523  -2.654  41.759 0.0000000000
83676  -40.433  -2.419  41.728 0.0000000000
83677  -41.321  -2.108  41.696 0.0000000000
83682  -32.189  -2.298  40.450 0.0000000000
83683  -32.707  -2.333  40.788 0.0000000000
83684  -33.759  -2.719  40.813 0.0000000000
83685  -34.784  -3.027  40.837 0.0000000000
83686  -35.792  -3.176  40.754 0.0000000000
83687  -36.756  -3.152  40.657 0.0000000000
83688  -37.876  -3.240  40.409 0.0000000000
83689  -38.949  -3.076  40.898 0.0000000000
83690  -39.819  -2.788  40.945 0.0000000000
83691  -40.705  -2.455  40.823 0.0000000000
83692  -41.669  -2.040  40.795 0.0000000000
83703  -30.480  -2.374  38.768 0.0000000000
83704  -31.030  -2.427  39.139 0.0000000000
83705  -32.023  -2.524  39.866 0.0000000000
83706  -33.165  -2.941  39.947 0.0000000000
83707  -34.163  -3.194  39.948 0.0000000000
83708  -35.181  -3.403  39.772 0.0000000000
83709  -36.134  -3.369  39.875 0.0000000000
83710  -36.943  -3.334  39.808 0.0000000000
83711  -37.465  -3.358  39.669 0.0000000000
83712  -39.293  -3.001  40.313 0.0000000000
83713  -40.019  -2.881  40.081 0.0000000000
83714  -41.032  -2.477  39.648 0.0000000000
83715  -42.148  -1.715  39.923 0.0000000000
83727  -30.217  -2.385  38.200 0.0000000000
83728  -30.889  -2.705  38.276 0.0000000000
83729  -31.799  -2.995  38.501 0.0000000000
83730  -32.762  -3.170  39.000 0.0000000000
83731  -33.704  -3.313  39.136 0.0000000000
83732  -34.489  -3.467  39.195 0.0000000000
83733  -40.264  -2.729  38.118 0.0000000000
83734  -40.926  -2.528  38.494 0.0000000000
83735  -41.936  -1.959  38.798 0.0000000000
83743  -31.357  -2.990  37.505 0.0000000000
83744  -39.197  -2.832  37.190 0.0000000000
83745  -39.854  -2.706  37.478 0.0000000000
83746  -40.685  -2.374  37.587 0.0000000000
84599  -37.284  -2.166  48.313 0.0000000000
84600  -37.613  -2.054  48.454 0.0000000000
84601  -38.237  -1.978  48.539 0.0000000000
84607  -33.800  -1.285  47.190 0.0000000000
84608  -34.295  -1.073  47.322 0.0000000000
84609  -35.005  -1.348  47.298 0.0000000000
84610  -35.834  -1.563  47.378 0.0000000000
84611  -36.883  -1.776  47.775 0.0000000000
84612  -37.767  -1.639  47.865 0.0000000000
84613  -38.754  -1.781  47.896 0.0000000000
84614  -39.597  -1.810  47.588 0.0000000000
84618  -31.787  -2.201  45.933 0.0000000000
84619  -32.268  -1.935  46.171 0.0000000000
84620  -33.180  -1.451  46.658 0.0000000000
84621  -34.647  -0.832  47.081 0.0000000000
84622  -35.196  -0.914  46.929 0.0000000000
84623  -36.083  -1.104  46.980 0.0000000000
84624  -37.065  -1.269  47.030 0.0000000000
84625  -38.064  -1.323  47.015 0.0000000000
84626  -39.053  -1.487  46.905 0.0000000000
84627  -40.073  -1.768  46.802 0.0000000000
84628  -40.809  -1.967  46.386 0.0000000000
84632  -31.457  -1.837  45.515 0.0000000000
84633  -32.474  -1.232  45.771 0.0000000000
84634  -33.080  -1.038  46.287 0.0000000000
84635  -34.553  -0.806  45.580 0.0000000000
84636  -35.168  -0.897  46.048 0.0000000000
84637  -36.257  -1.193  46.070 0.0000000000
84638  -37.297  -1.343  46.067 0.0000000000
84639  -38.316  -1.461  46.025 0.0000000000
84640  -39.318  -1.520  45.924 0.0000000000
84641  -40.251  -1.678  45.770 0.0000000000
84642  -41.217  -1.836  45.662 0.0000000000
84643  -41.928  -1.809  45.283 0.0000000000
84649  -31.669  -1.167  44.819 0.0000000000
84650  -32.282  -1.005  45.208 0.0000000000
84651  -34.632  -1.033  45.100 0.0000000000
84652  -35.398  -1.313  45.044 0.0000000000
84653  -36.480  -1.436  45.044 0.0000000000
84654  -37.549  -1.516  45.102 0.0000000000
84655  -38.553  -1.629  45.080 0.0000000000
84656  -39.511  -1.685  44.979 0.0000000000
84657  -40.445  -1.663  44.828 0.0000000000
84658  -41.388  -1.630  44.667 0.0000000000
84659  -42.413  -1.610  44.569 0.0000000000
84660  -43.314  -1.663  44.146 0.0000000000
84661  -43.969  -1.807  43.860 0.0000000000
84669  -30.906  -1.125  44.004 0.0000000000
84670  -31.445  -0.974  44.229 0.0000000000
84671  -32.584  -1.104  43.267 0.0000000000
84672  -33.156  -1.199  43.487 0.0000000000
84673  -34.344  -1.290  43.992 0.0000000000
84674  -35.545  -1.736  43.749 0.0000000000
84675  -36.759  -1.774  44.166 0.0000000000
84676  -37.789  -1.817  44.230 0.0000000000
84677  -38.758  -1.886  44.199 0.0000000000
84678  -39.669  -1.879  44.082 0.0000000000
84679  -40.598  -1.819  43.773 0.0000000000
84680  -41.666  -1.502  43.708 0.0000000000
84681  -42.796  -1.341  43.331 0.0000000000
84682  -43.724  -1.379  43.371 0.0000000000
84683  -44.639  -1.634  43.172 0.0000000000
84684  -45.384  -1.743  42.746 0.0000000000
84691  -31.714  -1.206  42.265 0.0000000000
84692  -32.376  -1.297  42.614 0.0000000000
84693  -33.487  -1.612  42.786 0.0000000000
84694  -34.566  -1.967  42.837 0.0000000000
84695  -35.141  -1.986  43.159 0.0000000000
84696  -41.051  -1.830  43.045 0.0000000000
84697  -41.808  -1.639  42.627 0.0000000000
84698  -42.715  -1.311  42.402 0.0000000000
84699  -45.132  -1.249  42.481 0.0000000000
84700  -45.816  -1.476  42.290 0.0000000000
84703  -30.857  -1.309  41.206 0.0000000000
84704  -31.532  -1.429  41.589 0.0000000000
84705  -32.725  -1.884  41.579 0.0000000000
84706  -33.808  -2.037  42.140 0.0000000000
84707  -34.269  -2.136  42.302 0.0000000000
84708  -42.192  -1.671  41.704 0.0000000000
84709  -42.909  -1.151  41.642 0.0000000000
84714  -30.134  -1.557  40.150 0.0000000000
84715  -30.722  -1.568  40.556 0.0000000000
84716  -31.898  -2.026  40.667 0.0000000000
84717  -32.433  -2.061  41.010 0.0000000000
84718  -42.501  -1.497  40.900 0.0000000000
84719  -43.088  -0.905  40.916 0.0000000000
84723  -29.278  -1.512  39.088 0.0000000000
84724  -29.903  -1.900  39.388 0.0000000000
84725  -31.188  -2.105  39.977 0.0000000000
84726  -31.684  -2.211  40.179 0.0000000000
84727  -42.748  -1.222  40.326 0.0000000000
85613  -33.527  -1.065  47.004 0.0000000000
85614  -33.787  -0.888  47.112 0.0000000000
85618  -33.468  -0.919  46.672 0.0000000000
85619  -34.017  -0.601  46.761 0.0000000000
85620  -34.610  -0.675  46.674 0.0000000000
85624  -32.594  -0.935  45.417 0.0000000000
85625  -33.197  -0.771  45.863 0.0000000000
85626  -34.250  -0.541  45.946 0.0000000000
85627  -34.820  -0.718  46.438 0.0000000000
85630  -31.733  -0.908  44.394 0.0000000000
85631  -32.368  -0.888  44.779 0.0000000000
85632  -33.365  -0.764  44.987 0.0000000000
85633  -34.128  -0.778  45.103 0.0000000000
85638  -30.332  -0.902  43.216 0.0000000000
85639  -31.442  -0.878  43.714 0.0000000000
85640  -32.559  -0.916  43.807 0.0000000000
85641  -33.632  -0.954  44.345 0.0000000000
85642  -34.202  -0.979  44.642 0.0000000000
85643  -43.125  -1.199  42.698 0.0000000000
85644  -43.529  -1.157  42.753 0.0000000000
85645  -44.087  -1.060  42.776 0.0000000000
85653  -30.544  -0.817  42.547 0.0000000000
85654  -31.622  -1.004  42.731 0.0000000000
85655  -32.279  -1.053  43.113 0.0000000000
85656  -43.325  -1.027  42.213 0.0000000000
85657  -43.924  -0.839  42.132 0.0000000000
85658  -44.601  -0.819  42.217 0.0000000000
85659  -45.314  -0.809  41.992 0.0000000000
85667  -29.673  -0.708  41.494 0.0000000000
85668  -30.729  -1.089  41.649 0.0000000000
85669  -31.378  -1.174  42.077 0.0000000000
85670  -43.540  -0.709  41.542 0.0000000000
85671  -44.239  -0.255  41.334 0.0000000000
85672  -44.965  -0.280  41.545 0.0000000000
85681  -29.847  -1.246  40.441 0.0000000000
85682  -30.535  -1.237  40.963 0.0000000000
85683  -43.627  -0.395  40.819 0.0000000000
85692  -29.521  -1.412  39.736 0.0000000000
86572  -44.805  0.140  40.882 0.0000000000
