#!ascii label  , from subject FREESURFER vox2ras=TkReg 
516
26155  -18.727  -60.108  7.862 0.0000000000
26156  -18.874  -59.705  7.464 0.0000000000
26174  -18.816  -59.995  6.707 0.0000000000
26175  -18.907  -59.541  7.181 0.0000000000
27168  -19.134  -59.084  9.592 0.0000000000
27188  -18.962  -59.630  8.595 0.0000000000
27189  -19.565  -58.831  8.640 0.0000000000
27208  -18.925  -59.680  7.901 0.0000000000
27209  -19.138  -59.180  7.638 0.0000000000
27229  -18.894  -58.965  6.177 0.0000000000
27230  -18.963  -59.249  6.887 0.0000000000
27250  -18.838  -59.313  5.416 0.0000000000
27275  -18.981  -59.483  4.460 0.0000000000
28168  -19.798  -58.385  9.579 0.0000000000
28169  -20.222  -57.971  9.351 0.0000000000
28185  -20.110  -58.060  8.701 0.0000000000
28186  -20.316  -57.719  9.085 0.0000000000
28205  -19.655  -58.155  7.671 0.0000000000
28222  -18.902  -58.262  6.014 0.0000000000
28223  -19.105  -58.465  6.750 0.0000000000
28238  -18.779  -58.388  5.404 0.0000000000
28239  -21.786  -58.542  5.245 0.0000000000
28256  -18.865  -58.543  4.620 0.0000000000
28257  -19.353  -58.482  3.865 0.0000000000
28258  -20.135  -58.795  3.640 0.0000000000
28259  -21.038  -58.522  4.667 0.0000000000
28260  -21.946  -58.055  5.128 0.0000000000
28276  -19.569  -57.838  3.654 0.0000000000
28277  -19.945  -58.042  3.473 0.0000000000
28278  -20.492  -58.062  3.848 0.0000000000
29081  -20.381  -56.997  11.787 0.0000000000
29088  -19.937  -57.913  10.333 0.0000000000
29089  -20.473  -57.283  10.787 0.0000000000
29094  -20.164  -57.989  9.749 0.0000000000
29095  -20.426  -57.451  9.648 0.0000000000
29102  -20.052  -57.563  8.077 0.0000000000
29103  -20.339  -57.277  8.685 0.0000000000
29111  -19.787  -57.203  7.464 0.0000000000
29112  -20.170  -56.997  7.980 0.0000000000
29125  -19.027  -57.863  6.215 0.0000000000
29126  -19.294  -57.493  6.716 0.0000000000
29141  -18.843  -57.573  5.627 0.0000000000
29142  -19.053  -57.436  6.110 0.0000000000
29143  -22.617  -57.395  5.224 0.0000000000
29144  -23.250  -57.808  5.326 0.0000000000
29158  -18.660  -57.548  4.725 0.0000000000
29159  -18.896  -57.868  4.170 0.0000000000
29160  -21.056  -57.435  4.140 0.0000000000
29161  -21.780  -57.414  4.774 0.0000000000
29176  -18.678  -57.197  4.109 0.0000000000
29177  -19.190  -57.428  3.785 0.0000000000
29178  -19.798  -57.342  3.522 0.0000000000
29179  -20.411  -57.390  3.650 0.0000000000
29993  -21.347  -56.278  12.869 0.0000000000
30003  -20.936  -56.611  12.214 0.0000000000
30004  -21.496  -56.095  12.001 0.0000000000
30012  -21.110  -56.413  11.193 0.0000000000
30013  -21.427  -55.873  11.471 0.0000000000
30018  -20.805  -56.548  10.089 0.0000000000
30022  -20.569  -56.524  9.135 0.0000000000
30026  -19.957  -56.412  7.609 0.0000000000
30027  -20.315  -56.440  8.311 0.0000000000
30034  -19.483  -56.526  6.900 0.0000000000
30048  -18.670  -56.634  5.095 0.0000000000
30049  -19.115  -56.742  5.989 0.0000000000
30050  -22.907  -56.532  5.208 0.0000000000
30051  -23.514  -56.903  5.270 0.0000000000
30052  -24.263  -56.949  4.986 0.0000000000
30067  -18.392  -56.379  4.303 0.0000000000
30068  -21.690  -56.435  4.343 0.0000000000
30069  -22.354  -56.690  4.907 0.0000000000
30070  -24.536  -57.144  4.367 0.0000000000
30087  -18.730  -56.496  3.824 0.0000000000
30088  -19.494  -56.536  3.587 0.0000000000
30089  -20.290  -56.576  3.528 0.0000000000
30090  -20.916  -56.724  3.805 0.0000000000
30854  -22.106  -55.646  14.375 0.0000000000
30864  -21.666  -55.860  13.558 0.0000000000
30865  -22.151  -55.257  13.469 0.0000000000
30874  -21.818  -55.462  12.674 0.0000000000
30875  -22.107  -55.048  13.018 0.0000000000
30884  -21.580  -55.448  11.762 0.0000000000
30891  -21.134  -55.810  10.381 0.0000000000
30892  -21.372  -55.471  11.030 0.0000000000
30896  -20.755  -55.600  9.544 0.0000000000
30901  -20.416  -55.724  8.681 0.0000000000
30905  -19.715  -55.627  7.218 0.0000000000
30906  -20.147  -55.671  7.944 0.0000000000
30909  -19.344  -55.690  6.346 0.0000000000
30918  -18.367  -55.625  4.680 0.0000000000
30919  -18.921  -55.721  5.455 0.0000000000
30920  -23.368  -56.083  5.202 0.0000000000
30921  -24.071  -55.967  5.193 0.0000000000
30922  -24.488  -56.330  4.559 0.0000000000
30940  -17.253  -55.164  3.813 0.0000000000
30941  -17.623  -55.459  4.183 0.0000000000
30942  -21.917  -55.388  4.262 0.0000000000
30943  -22.714  -55.705  4.860 0.0000000000
30944  -23.554  -55.435  5.175 0.0000000000
30962  -17.420  -55.055  3.647 0.0000000000
30963  -17.958  -55.552  3.736 0.0000000000
30964  -19.027  -55.604  3.518 0.0000000000
30965  -20.036  -55.610  3.388 0.0000000000
30966  -21.058  -55.714  3.716 0.0000000000
31801  -22.732  -55.064  14.675 0.0000000000
31807  -22.575  -54.708  13.991 0.0000000000
31808  -22.915  -54.474  14.626 0.0000000000
31816  -22.206  -54.696  13.272 0.0000000000
31824  -21.718  -54.805  12.124 0.0000000000
31825  -21.976  -54.730  12.759 0.0000000000
31833  -21.132  -54.393  11.087 0.0000000000
31834  -21.483  -54.879  11.407 0.0000000000
31842  -21.042  -54.844  10.317 0.0000000000
31843  -21.326  -54.883  10.916 0.0000000000
31846  -20.614  -54.739  9.519 0.0000000000
31849  -20.137  -54.579  8.472 0.0000000000
31850  -20.431  -54.990  8.911 0.0000000000
31854  -19.873  -54.750  7.771 0.0000000000
31855  -20.212  -55.131  8.339 0.0000000000
31858  -19.490  -54.744  6.801 0.0000000000
31861  -18.531  -54.781  5.160 0.0000000000
31862  -19.131  -54.805  5.892 0.0000000000
31863  -24.092  -54.935  5.192 0.0000000000
31864  -24.378  -55.386  4.769 0.0000000000
31881  -16.537  -54.100  4.020 0.0000000000
31882  -16.846  -54.706  4.153 0.0000000000
31883  -17.768  -54.746  4.556 0.0000000000
31884  -21.569  -54.567  3.983 0.0000000000
31885  -22.469  -54.550  4.533 0.0000000000
31886  -23.367  -54.674  4.967 0.0000000000
31887  -24.616  -55.634  4.443 0.0000000000
31888  -26.242  -55.104  4.015 0.0000000000
31902  -16.612  -54.131  3.741 0.0000000000
31903  -16.976  -54.574  3.487 0.0000000000
31904  -17.660  -54.775  3.471 0.0000000000
31905  -18.493  -54.801  3.394 0.0000000000
31906  -19.575  -54.479  3.292 0.0000000000
31907  -20.663  -54.606  3.504 0.0000000000
31918  -17.392  -54.278  3.207 0.0000000000
31919  -18.025  -54.190  3.183 0.0000000000
31920  -18.853  -54.050  3.250 0.0000000000
31921  -19.348  -53.909  3.252 0.0000000000
32792  -22.077  -53.243  14.134 0.0000000000
32793  -22.590  -53.618  14.484 0.0000000000
32794  -23.121  -54.196  14.883 0.0000000000
32801  -21.301  -53.048  13.266 0.0000000000
32802  -21.727  -53.288  13.583 0.0000000000
32803  -22.221  -54.079  13.452 0.0000000000
32811  -21.164  -53.220  12.785 0.0000000000
32812  -21.669  -54.011  12.602 0.0000000000
32813  -22.038  -54.378  13.010 0.0000000000
32820  -20.287  -53.147  11.182 0.0000000000
32821  -20.730  -53.499  11.602 0.0000000000
32822  -21.373  -54.306  11.743 0.0000000000
32830  -20.167  -53.276  10.520 0.0000000000
32831  -20.731  -53.996  10.659 0.0000000000
32837  -19.958  -53.542  9.352 0.0000000000
32838  -20.493  -54.077  9.880 0.0000000000
32841  -19.813  -53.870  8.376 0.0000000000
32842  -20.264  -54.270  9.063 0.0000000000
32845  -18.858  -53.247  6.776 0.0000000000
32846  -19.374  -53.783  7.400 0.0000000000
32849  -18.564  -53.387  5.979 0.0000000000
32850  -19.116  -53.963  6.370 0.0000000000
32853  -17.159  -53.518  4.901 0.0000000000
32854  -18.000  -53.752  5.146 0.0000000000
32855  -18.744  -54.097  5.646 0.0000000000
32856  -24.301  -54.700  4.756 0.0000000000
32857  -24.512  -54.990  4.578 0.0000000000
32871  -15.997  -53.184  3.365 0.0000000000
32872  -16.258  -53.547  3.825 0.0000000000
32873  -16.631  -53.793  4.406 0.0000000000
32874  -17.247  -54.135  4.586 0.0000000000
32875  -22.054  -53.429  4.290 0.0000000000
32876  -23.121  -53.662  4.672 0.0000000000
32877  -24.067  -53.995  4.866 0.0000000000
32878  -24.494  -54.361  4.488 0.0000000000
32879  -26.958  -54.192  3.789 0.0000000000
32898  -16.054  -53.193  3.129 0.0000000000
32899  -16.518  -53.579  3.158 0.0000000000
32900  -17.010  -54.089  3.086 0.0000000000
32901  -20.363  -53.504  3.397 0.0000000000
32902  -21.176  -53.748  3.807 0.0000000000
32916  -16.889  -53.183  2.789 0.0000000000
32917  -17.444  -53.591  2.918 0.0000000000
32918  -18.442  -53.491  3.001 0.0000000000
32919  -19.184  -53.470  3.149 0.0000000000
32920  -19.658  -53.667  3.226 0.0000000000
33875  -20.941  -52.071  15.439 0.0000000000
33876  -21.652  -52.341  15.570 0.0000000000
33877  -22.422  -52.962  15.120 0.0000000000
33885  -20.042  -51.838  14.493 0.0000000000
33886  -20.720  -52.177  14.723 0.0000000000
33887  -21.820  -52.880  14.368 0.0000000000
33888  -22.317  -53.127  14.641 0.0000000000
33896  -20.011  -51.974  13.870 0.0000000000
33897  -20.951  -52.712  13.474 0.0000000000
33898  -21.527  -52.932  13.792 0.0000000000
33906  -19.043  -51.884  12.375 0.0000000000
33907  -19.699  -52.187  12.685 0.0000000000
33908  -20.485  -52.878  12.286 0.0000000000
33914  -19.082  -52.060  11.834 0.0000000000
33915  -19.945  -52.733  11.464 0.0000000000
33916  -20.398  -53.014  11.767 0.0000000000
33924  -19.017  -52.226  10.935 0.0000000000
33925  -19.498  -52.669  10.519 0.0000000000
33931  -18.950  -52.266  10.004 0.0000000000
33932  -19.470  -52.875  9.680 0.0000000000
33937  -6.738  -51.554  8.440 0.0000000000
33938  -18.933  -52.405  8.986 0.0000000000
33939  -19.375  -53.135  8.704 0.0000000000
33942  -18.849  -52.769  7.749 0.0000000000
33943  -19.323  -53.390  8.066 0.0000000000
33945  -17.718  -52.139  6.079 0.0000000000
33946  -18.235  -52.475  6.444 0.0000000000
33949  -15.749  -52.427  4.461 0.0000000000
33950  -16.372  -52.465  4.995 0.0000000000
33951  -17.407  -52.661  5.497 0.0000000000
33952  -18.092  -53.033  5.729 0.0000000000
33955  -15.656  -52.731  3.784 0.0000000000
33956  -16.183  -53.046  4.381 0.0000000000
33957  -16.705  -53.128  4.852 0.0000000000
33958  -22.056  -52.344  4.325 0.0000000000
33959  -22.844  -52.601  4.466 0.0000000000
33960  -23.752  -52.909  4.502 0.0000000000
33961  -24.485  -53.219  4.160 0.0000000000
33962  -24.678  -53.586  4.099 0.0000000000
33978  -15.751  -52.627  3.043 0.0000000000
33979  -16.091  -53.084  2.901 0.0000000000
33980  -19.627  -52.253  3.216 0.0000000000
33981  -20.315  -52.400  3.475 0.0000000000
33982  -21.187  -52.642  3.984 0.0000000000
33983  -24.596  -52.906  3.662 0.0000000000
33984  -24.778  -52.987  3.562 0.0000000000
34002  -15.916  -52.149  2.724 0.0000000000
34003  -16.441  -52.626  2.772 0.0000000000
34004  -17.332  -52.733  2.755 0.0000000000
34005  -18.131  -52.849  2.819 0.0000000000
34006  -18.962  -52.731  3.038 0.0000000000
34007  -19.716  -53.003  3.173 0.0000000000
34881  -19.854  -51.521  16.388 0.0000000000
34882  -20.692  -51.808  16.402 0.0000000000
34883  -21.311  -52.017  16.297 0.0000000000
34902  -18.636  -51.164  15.031 0.0000000000
34903  -19.493  -51.457  15.447 0.0000000000
34904  -20.402  -51.773  15.596 0.0000000000
34905  -21.010  -51.969  15.856 0.0000000000
34916  -13.048  -52.003  14.450 0.0000000000
34917  -13.597  -51.762  14.817 0.0000000000
34918  -14.132  -51.552  15.124 0.0000000000
34919  -17.753  -51.144  13.384 0.0000000000
34920  -18.352  -51.300  14.051 0.0000000000
34921  -19.376  -51.592  14.475 0.0000000000
34922  -20.019  -51.730  14.939 0.0000000000
34931  -11.034  -51.901  13.291 0.0000000000
34932  -11.740  -51.841  13.577 0.0000000000
34933  -12.618  -51.780  13.966 0.0000000000
34934  -13.260  -51.572  14.236 0.0000000000
34935  -17.728  -51.218  12.576 0.0000000000
34936  -18.376  -51.481  13.090 0.0000000000
34937  -19.134  -51.675  13.479 0.0000000000
34946  -9.020  -51.666  11.916 0.0000000000
34947  -9.709  -51.977  12.384 0.0000000000
34948  -10.482  -51.925  12.969 0.0000000000
34949  -17.748  -51.269  11.660 0.0000000000
34950  -18.465  -51.624  12.236 0.0000000000
34951  -18.942  -51.746  12.768 0.0000000000
34959  -7.955  -51.236  10.649 0.0000000000
34960  -8.540  -51.844  11.207 0.0000000000
34962  -17.819  -51.323  10.738 0.0000000000
34963  -18.409  -51.721  11.315 0.0000000000
34973  -17.944  -51.399  10.016 0.0000000000
34974  -18.415  -51.769  10.422 0.0000000000
34982  -7.221  -51.336  8.570 0.0000000000
34983  -17.831  -51.222  9.462 0.0000000000
34984  -18.385  -51.701  9.438 0.0000000000
34991  -5.759  -51.325  8.396 0.0000000000
34992  -6.260  -51.322  8.004 0.0000000000
34993  -6.714  -51.047  7.850 0.0000000000
34994  -17.936  -51.271  8.738 0.0000000000
34995  -18.421  -51.865  8.323 0.0000000000
35000  -5.890  -51.042  7.723 0.0000000000
35001  -6.278  -50.923  7.572 0.0000000000
35002  -6.521  -50.784  7.566 0.0000000000
35003  -17.908  -51.318  7.738 0.0000000000
35004  -18.285  -51.931  7.240 0.0000000000
35007  -17.081  -51.200  6.244 0.0000000000
35008  -17.675  -51.571  6.558 0.0000000000
35009  -18.093  -51.963  6.731 0.0000000000
35012  -14.920  -51.388  5.098 0.0000000000
35013  -15.561  -51.763  5.047 0.0000000000
35014  -16.788  -51.666  5.722 0.0000000000
35015  -17.439  -51.961  5.912 0.0000000000
35018  -14.709  -51.497  4.592 0.0000000000
35019  -15.120  -52.045  4.184 0.0000000000
35020  -21.673  -51.552  4.266 0.0000000000
35021  -22.560  -51.579  4.360 0.0000000000
35022  -23.463  -51.856  4.327 0.0000000000
35023  -24.202  -52.235  4.182 0.0000000000
35033  -14.535  -51.529  3.884 0.0000000000
35034  -15.134  -51.799  3.420 0.0000000000
35035  -16.616  -50.799  3.026 0.0000000000
35036  -17.095  -51.021  3.152 0.0000000000
35037  -17.957  -51.262  3.199 0.0000000000
35038  -18.962  -51.659  3.227 0.0000000000
35039  -20.047  -51.488  3.473 0.0000000000
35040  -20.831  -51.556  3.932 0.0000000000
35041  -24.599  -52.392  3.632 0.0000000000
35042  -24.748  -52.702  3.187 0.0000000000
35060  -15.530  -51.692  2.902 0.0000000000
35061  -16.267  -51.429  2.790 0.0000000000
35062  -17.167  -51.887  2.893 0.0000000000
35063  -18.012  -52.139  2.965 0.0000000000
35064  -18.524  -52.356  2.995 0.0000000000
35065  -24.722  -52.044  2.829 0.0000000000
35908  -14.424  -51.374  15.150 0.0000000000
35909  -14.847  -51.125  15.234 0.0000000000
35910  -15.774  -50.847  15.370 0.0000000000
35911  -16.789  -50.751  15.208 0.0000000000
35912  -17.807  -50.844  15.346 0.0000000000
35929  -13.610  -51.378  14.315 0.0000000000
35930  -14.181  -51.199  14.570 0.0000000000
35931  -15.072  -50.791  14.502 0.0000000000
35932  -16.066  -50.642  14.381 0.0000000000
35933  -17.274  -50.834  14.173 0.0000000000
35934  -18.024  -51.016  14.653 0.0000000000
35951  -10.735  -51.427  13.164 0.0000000000
35952  -11.233  -50.985  13.310 0.0000000000
35953  -12.198  -51.061  13.512 0.0000000000
35954  -13.283  -50.957  13.754 0.0000000000
35955  -14.326  -50.701  13.765 0.0000000000
35956  -15.233  -50.585  13.593 0.0000000000
35957  -16.191  -50.672  13.355 0.0000000000
35958  -17.047  -50.859  12.993 0.0000000000
35975  -8.740  -51.270  11.767 0.0000000000
35976  -9.200  -50.854  12.246 0.0000000000
35977  -10.234  -50.980  12.921 0.0000000000
35978  -10.814  -50.468  13.019 0.0000000000
35979  -13.722  -50.374  13.251 0.0000000000
35980  -14.406  -50.299  12.970 0.0000000000
35981  -15.304  -50.283  12.594 0.0000000000
35982  -16.264  -50.482  12.376 0.0000000000
35983  -17.061  -50.766  12.011 0.0000000000
35998  -7.908  -50.473  10.854 0.0000000000
35999  -8.399  -50.719  11.473 0.0000000000
36000  -8.882  -50.247  11.842 0.0000000000
36001  -15.686  -49.984  11.912 0.0000000000
36002  -16.334  -50.109  11.341 0.0000000000
36003  -17.117  -50.779  10.982 0.0000000000
36017  -7.681  -50.554  10.054 0.0000000000
36018  -16.621  -49.976  10.132 0.0000000000
36019  -17.417  -50.820  9.931 0.0000000000
36032  -5.475  -50.645  8.870 0.0000000000
36033  -7.391  -50.560  8.958 0.0000000000
36034  -16.952  -50.212  8.925 0.0000000000
36035  -17.562  -50.821  9.089 0.0000000000
36049  -5.635  -50.628  7.972 0.0000000000
36050  -7.155  -50.532  7.970 0.0000000000
36051  -16.882  -50.261  7.782 0.0000000000
36052  -17.485  -50.729  8.271 0.0000000000
36066  -5.981  -50.539  7.583 0.0000000000
36067  -6.403  -50.455  7.550 0.0000000000
36068  -6.707  -50.558  7.633 0.0000000000
36069  -16.762  -50.475  6.932 0.0000000000
36070  -17.399  -50.779  7.290 0.0000000000
36076  -14.904  -50.588  6.009 0.0000000000
36077  -15.725  -50.690  6.095 0.0000000000
36078  -16.541  -50.887  6.247 0.0000000000
36079  -17.166  -50.885  6.598 0.0000000000
36083  -13.641  -50.440  4.904 0.0000000000
36084  -14.399  -51.017  5.203 0.0000000000
36085  -15.213  -51.126  5.534 0.0000000000
36086  -15.958  -51.218  5.726 0.0000000000
36091  -13.656  -50.289  3.967 0.0000000000
36092  -14.015  -51.076  4.255 0.0000000000
36093  -22.179  -50.580  4.231 0.0000000000
36094  -23.168  -50.681  4.096 0.0000000000
36095  -24.105  -51.286  4.097 0.0000000000
36096  -24.412  -51.832  3.891 0.0000000000
36104  -13.876  -50.049  3.516 0.0000000000
36105  -14.381  -50.690  3.260 0.0000000000
36106  -15.010  -51.274  2.972 0.0000000000
36107  -16.923  -50.263  3.327 0.0000000000
36108  -17.778  -50.323  3.441 0.0000000000
36109  -18.736  -50.462  3.485 0.0000000000
36110  -19.730  -50.540  3.559 0.0000000000
36111  -20.670  -50.555  3.791 0.0000000000
36112  -21.378  -50.720  4.094 0.0000000000
36113  -23.349  -50.168  3.660 0.0000000000
36114  -23.984  -50.387  3.351 0.0000000000
36115  -24.501  -51.462  3.433 0.0000000000
36124  -14.852  -50.186  2.877 0.0000000000
36125  -15.376  -50.678  2.812 0.0000000000
36126  -16.251  -50.411  2.908 0.0000000000
36900  -11.813  -50.561  13.298 0.0000000000
36901  -12.385  -50.382  13.249 0.0000000000
36902  -13.076  -50.211  13.139 0.0000000000
36906  -9.847  -50.404  12.478 0.0000000000
36907  -10.420  -50.125  12.640 0.0000000000
36908  -11.425  -49.989  12.976 0.0000000000
36909  -12.470  -49.697  12.794 0.0000000000
36910  -13.489  -49.745  12.631 0.0000000000
36911  -14.399  -49.681  12.247 0.0000000000
36912  -15.056  -49.701  11.905 0.0000000000
36915  -8.079  -50.147  11.183 0.0000000000
36916  -8.518  -49.770  11.415 0.0000000000
36917  -9.555  -49.787  12.003 0.0000000000
36918  -10.704  -49.410  12.189 0.0000000000
36919  -11.738  -49.307  12.168 0.0000000000
36920  -12.688  -49.201  12.029 0.0000000000
36921  -13.552  -49.144  11.688 0.0000000000
36922  -14.430  -49.253  11.424 0.0000000000
36923  -15.331  -49.506  11.141 0.0000000000
36924  -15.933  -49.586  10.555 0.0000000000
36927  -7.847  -49.753  10.670 0.0000000000
36928  -8.261  -49.114  10.901 0.0000000000
36929  -13.649  -48.931  10.845 0.0000000000
36930  -14.381  -49.067  10.465 0.0000000000
36931  -15.209  -49.278  10.120 0.0000000000
36932  -15.892  -49.416  9.843 0.0000000000
36934  -5.475  -49.691  9.466 0.0000000000
36935  -7.523  -49.633  9.574 0.0000000000
36936  -12.587  -48.977  9.389 0.0000000000
36937  -13.176  -48.932  9.757 0.0000000000
36938  -14.318  -49.083  9.425 0.0000000000
36939  -15.237  -49.292  9.195 0.0000000000
36940  -16.116  -49.553  9.080 0.0000000000
36942  -5.624  -49.803  8.367 0.0000000000
36943  -5.874  -49.556  7.852 0.0000000000
36944  -7.270  -49.498  8.317 0.0000000000
36945  -12.591  -49.024  8.931 0.0000000000
36946  -13.416  -49.120  8.646 0.0000000000
36947  -14.401  -49.258  8.418 0.0000000000
36948  -15.358  -49.405  8.249 0.0000000000
36949  -16.256  -49.679  8.070 0.0000000000
36958  -5.782  -50.105  7.760 0.0000000000
36959  -6.183  -49.799  7.576 0.0000000000
36960  -6.809  -49.802  7.508 0.0000000000
36961  -12.571  -49.070  7.830 0.0000000000
36962  -13.549  -49.381  7.588 0.0000000000
36963  -14.523  -49.579  7.470 0.0000000000
36964  -15.451  -49.717  7.340 0.0000000000
36965  -16.222  -50.010  7.186 0.0000000000
36970  -12.832  -49.301  6.579 0.0000000000
36971  -13.752  -49.842  6.652 0.0000000000
36972  -14.688  -50.032  6.650 0.0000000000
36973  -15.540  -50.163  6.605 0.0000000000
36974  -16.179  -50.379  6.579 0.0000000000
36978  -12.822  -49.096  5.391 0.0000000000
36979  -13.324  -49.805  5.644 0.0000000000
36980  -14.036  -50.374  5.868 0.0000000000
36984  -12.805  -48.955  4.785 0.0000000000
36985  -13.141  -49.487  4.527 0.0000000000
36986  -22.308  -50.002  3.991 0.0000000000
36987  -22.602  -50.258  4.022 0.0000000000
36992  -13.560  -49.523  3.681 0.0000000000
36993  -14.011  -49.608  3.233 0.0000000000
36994  -15.744  -49.092  3.179 0.0000000000
36995  -16.488  -49.442  3.378 0.0000000000
36996  -17.495  -49.410  3.634 0.0000000000
36997  -18.484  -49.436  3.630 0.0000000000
36998  -19.473  -49.503  3.614 0.0000000000
36999  -20.448  -49.576  3.588 0.0000000000
37000  -21.680  -49.561  3.708 0.0000000000
37001  -22.825  -49.812  3.658 0.0000000000
37002  -23.413  -49.886  3.390 0.0000000000
37010  -14.603  -49.589  2.971 0.0000000000
37011  -15.235  -49.673  2.850 0.0000000000
37012  -15.835  -49.842  2.827 0.0000000000
37014  -22.594  -48.964  3.213 0.0000000000
37786  -9.027  -48.985  11.275 0.0000000000
37787  -10.080  -48.960  11.401 0.0000000000
37788  -11.121  -48.887  11.437 0.0000000000
37789  -12.035  -49.045  11.316 0.0000000000
37790  -12.798  -48.940  11.222 0.0000000000
37791  -13.250  -48.900  11.095 0.0000000000
37794  -7.744  -48.855  10.225 0.0000000000
37795  -8.566  -48.554  10.486 0.0000000000
37796  -9.539  -48.475  10.636 0.0000000000
37797  -10.586  -48.512  10.640 0.0000000000
37798  -11.564  -48.741  10.545 0.0000000000
37799  -12.340  -48.924  10.544 0.0000000000
37800  -12.969  -48.853  10.586 0.0000000000
37802  -5.621  -48.932  9.055 0.0000000000
37803  -7.544  -48.690  9.172 0.0000000000
37804  -8.033  -48.086  9.755 0.0000000000
37805  -9.019  -47.994  9.905 0.0000000000
37806  -10.061  -48.119  9.879 0.0000000000
37807  -11.088  -48.347  9.710 0.0000000000
37808  -12.094  -48.957  9.579 0.0000000000
37809  -12.633  -48.896  10.103 0.0000000000
37811  -5.814  -48.748  8.234 0.0000000000
37812  -6.107  -49.081  7.680 0.0000000000
37813  -7.366  -48.445  8.243 0.0000000000
37814  -11.471  -48.411  8.954 0.0000000000
37815  -11.927  -48.855  8.500 0.0000000000
37822  -6.058  -48.371  7.630 0.0000000000
37823  -6.473  -48.770  7.311 0.0000000000
37824  -7.178  -48.622  7.350 0.0000000000
37825  -11.559  -48.187  8.271 0.0000000000
37826  -11.946  -48.369  7.730 0.0000000000
37830  -12.356  -48.433  6.995 0.0000000000
37847  -17.166  -48.452  3.731 0.0000000000
37848  -18.190  -48.421  3.646 0.0000000000
37849  -19.201  -48.477  3.553 0.0000000000
37850  -20.170  -48.575  3.429 0.0000000000
37851  -20.910  -48.836  3.368 0.0000000000
38655  -7.688  -47.828  8.808 0.0000000000
38656  -8.526  -47.552  9.149 0.0000000000
38657  -9.577  -47.589  9.181 0.0000000000
38658  -10.552  -47.822  9.151 0.0000000000
38659  -11.088  -48.080  9.115 0.0000000000
38663  -7.446  -47.618  7.741 0.0000000000
38664  -8.039  -47.142  8.394 0.0000000000
38665  -9.035  -47.053  8.549 0.0000000000
38667  -11.113  -47.772  8.613 0.0000000000
