#!ascii label  , from subject FREESURFER vox2ras=TkReg 
500
52099  -29.436  -31.792  52.043 0.0000000000
52100  -29.529  -32.094  52.175 0.0000000000
52101  -30.007  -32.511  52.100 0.0000000000
52112  -28.780  -31.979  51.880 0.0000000000
52113  -29.087  -32.018  51.997 0.0000000000
52114  -29.592  -32.595  51.682 0.0000000000
52115  -30.241  -32.935  51.544 0.0000000000
52131  -28.776  -32.159  51.560 0.0000000000
52132  -29.076  -32.610  51.200 0.0000000000
52133  -29.740  -32.962  50.994 0.0000000000
52134  -30.382  -33.049  50.703 0.0000000000
52150  -29.357  -32.890  50.535 0.0000000000
52151  -29.886  -32.919  50.231 0.0000000000
53064  -31.346  -29.523  54.650 0.0000000000
53065  -31.867  -29.455  54.741 0.0000000000
53066  -32.104  -29.445  54.811 0.0000000000
53074  -30.582  -29.974  53.917 0.0000000000
53075  -31.091  -29.934  53.956 0.0000000000
53076  -31.625  -29.757  54.075 0.0000000000
53077  -32.163  -29.559  54.310 0.0000000000
53078  -32.399  -29.601  54.242 0.0000000000
53086  -29.837  -30.337  52.964 0.0000000000
53087  -30.296  -30.424  53.320 0.0000000000
53088  -30.876  -30.641  53.406 0.0000000000
53089  -31.433  -30.518  53.538 0.0000000000
53090  -31.948  -30.132  53.644 0.0000000000
53091  -32.340  -29.782  53.895 0.0000000000
53100  -29.624  -30.549  52.394 0.0000000000
53101  -30.187  -30.957  52.566 0.0000000000
53102  -30.537  -31.454  52.989 0.0000000000
53103  -31.242  -31.604  53.278 0.0000000000
53104  -31.921  -31.074  53.214 0.0000000000
53105  -32.344  -30.438  53.270 0.0000000000
53115  -28.860  -30.728  51.342 0.0000000000
53116  -29.241  -30.785  51.813 0.0000000000
53117  -29.602  -31.390  52.090 0.0000000000
53118  -30.002  -31.933  52.531 0.0000000000
53119  -30.835  -32.555  52.393 0.0000000000
53120  -31.973  -32.180  52.719 0.0000000000
53121  -32.612  -31.376  52.800 0.0000000000
53133  -28.477  -31.160  50.936 0.0000000000
53134  -28.823  -31.562  51.568 0.0000000000
53135  -29.235  -31.389  51.848 0.0000000000
53136  -30.998  -33.029  51.171 0.0000000000
53137  -31.860  -32.675  51.537 0.0000000000
53138  -32.840  -32.187  51.920 0.0000000000
53150  -27.747  -31.490  50.109 0.0000000000
53151  -27.991  -31.447  50.420 0.0000000000
53152  -28.282  -32.187  50.912 0.0000000000
53153  -28.830  -32.718  50.486 0.0000000000
53165  -27.736  -31.397  49.889 0.0000000000
53166  -27.587  -31.947  50.008 0.0000000000
53167  -28.345  -32.476  49.924 0.0000000000
53168  -29.187  -32.818  49.761 0.0000000000
53180  -27.836  -32.169  49.298 0.0000000000
54093  -31.536  -28.791  56.468 0.0000000000
54094  -32.070  -28.768  56.535 0.0000000000
54095  -32.374  -28.742  56.581 0.0000000000
54098  -30.800  -28.970  55.759 0.0000000000
54099  -31.360  -28.964  55.840 0.0000000000
54100  -31.920  -28.979  55.928 0.0000000000
54101  -32.514  -28.874  56.086 0.0000000000
54102  -32.953  -28.856  55.938 0.0000000000
54103  -33.278  -28.621  55.844 0.0000000000
54107  -29.999  -29.270  55.106 0.0000000000
54108  -30.546  -29.320  55.161 0.0000000000
54109  -31.084  -29.295  55.242 0.0000000000
54110  -31.648  -29.260  55.298 0.0000000000
54111  -32.235  -29.246  55.197 0.0000000000
54112  -32.755  -29.018  55.327 0.0000000000
54113  -33.149  -28.757  55.433 0.0000000000
54122  -29.167  -29.184  54.147 0.0000000000
54123  -29.781  -29.480  54.392 0.0000000000
54124  -30.305  -29.602  54.524 0.0000000000
54125  -30.810  -29.591  54.570 0.0000000000
54126  -32.326  -29.424  54.707 0.0000000000
54127  -32.564  -29.436  54.457 0.0000000000
54128  -33.041  -29.055  54.746 0.0000000000
54137  -28.178  -29.227  53.262 0.0000000000
54138  -28.940  -29.416  53.406 0.0000000000
54139  -29.668  -29.800  53.585 0.0000000000
54140  -30.129  -29.888  53.966 0.0000000000
54141  -32.641  -29.833  53.556 0.0000000000
54142  -33.025  -29.449  53.962 0.0000000000
54153  -28.062  -29.470  52.529 0.0000000000
54154  -28.725  -29.709  52.725 0.0000000000
54155  -29.356  -29.961  52.890 0.0000000000
54156  -32.755  -30.462  52.799 0.0000000000
54157  -32.899  -29.741  53.135 0.0000000000
54167  -27.987  -29.653  51.735 0.0000000000
54168  -28.619  -30.135  51.952 0.0000000000
54169  -29.130  -30.209  52.347 0.0000000000
54170  -33.182  -31.166  52.153 0.0000000000
54171  -33.104  -30.189  52.421 0.0000000000
54183  -27.520  -29.638  50.330 0.0000000000
54184  -27.819  -29.865  50.895 0.0000000000
54185  -28.378  -30.341  51.183 0.0000000000
54187  -33.689  -30.726  51.644 0.0000000000
54198  -27.654  -29.804  49.657 0.0000000000
54199  -28.012  -30.700  50.035 0.0000000000
54200  -28.295  -30.676  50.545 0.0000000000
54210  -27.719  -29.808  48.949 0.0000000000
54211  -27.912  -31.031  49.422 0.0000000000
54212  -27.602  -31.760  49.412 0.0000000000
55157  -30.257  -27.947  57.805 0.0000000000
55158  -30.676  -28.133  57.710 0.0000000000
55159  -31.320  -28.264  57.607 0.0000000000
55160  -31.931  -28.291  57.454 0.0000000000
55161  -32.396  -28.348  57.280 0.0000000000
55164  -29.646  -28.053  57.208 0.0000000000
55165  -30.118  -28.212  57.319 0.0000000000
55166  -30.972  -28.585  57.031 0.0000000000
55167  -31.692  -28.619  57.052 0.0000000000
55168  -32.225  -28.588  57.016 0.0000000000
55169  -32.806  -28.571  56.998 0.0000000000
55170  -33.276  -28.532  56.761 0.0000000000
55174  -28.956  -27.930  56.221 0.0000000000
55175  -29.525  -28.214  56.571 0.0000000000
55176  -30.373  -28.665  56.360 0.0000000000
55177  -31.030  -28.797  56.317 0.0000000000
55178  -32.615  -28.702  56.643 0.0000000000
55179  -32.957  -28.721  56.455 0.0000000000
55180  -33.482  -28.436  56.231 0.0000000000
55181  -33.817  -28.115  56.165 0.0000000000
55187  -28.229  -28.031  55.093 0.0000000000
55188  -29.019  -28.347  55.578 0.0000000000
55189  -29.783  -28.746  55.705 0.0000000000
55190  -30.312  -28.985  55.621 0.0000000000
55191  -33.495  -28.428  55.614 0.0000000000
55192  -33.777  -28.129  55.841 0.0000000000
55202  -27.040  -27.872  54.043 0.0000000000
55203  -27.897  -28.342  54.372 0.0000000000
55204  -28.692  -28.632  54.674 0.0000000000
55205  -29.417  -28.948  54.934 0.0000000000
55206  -33.371  -28.599  54.957 0.0000000000
55207  -33.819  -28.176  55.140 0.0000000000
55217  -26.905  -28.211  53.516 0.0000000000
55218  -27.644  -28.609  53.712 0.0000000000
55219  -28.405  -28.924  53.937 0.0000000000
55220  -33.301  -28.962  54.266 0.0000000000
55221  -33.520  -28.476  54.531 0.0000000000
55231  -26.064  -27.860  52.584 0.0000000000
55232  -26.830  -28.435  52.830 0.0000000000
55233  -27.507  -28.860  53.050 0.0000000000
55234  -33.291  -29.240  53.364 0.0000000000
55235  -33.432  -28.796  54.013 0.0000000000
55242  -26.059  -28.071  51.607 0.0000000000
55243  -26.857  -28.541  51.999 0.0000000000
55244  -27.457  -29.032  52.310 0.0000000000
55245  -33.342  -29.718  52.172 0.0000000000
55252  -26.191  -28.192  50.671 0.0000000000
55253  -26.942  -28.977  51.043 0.0000000000
55254  -27.423  -29.215  51.602 0.0000000000
55263  -26.282  -28.166  49.795 0.0000000000
55264  -26.988  -28.921  50.123 0.0000000000
55273  -26.140  -28.303  48.937 0.0000000000
55274  -27.059  -28.928  49.284 0.0000000000
56208  -20.741  -27.565  60.546 0.0000000000
56209  -29.240  -26.992  58.348 0.0000000000
56210  -29.513  -27.054  58.371 0.0000000000
56211  -30.011  -27.219  58.390 0.0000000000
56212  -30.549  -27.272  58.374 0.0000000000
56213  -31.097  -27.303  58.342 0.0000000000
56215  -20.463  -28.187  60.157 0.0000000000
56216  -20.899  -27.349  60.033 0.0000000000
56217  -28.671  -26.943  57.943 0.0000000000
56218  -29.062  -27.070  58.103 0.0000000000
56219  -29.790  -27.636  57.909 0.0000000000
56220  -30.383  -27.680  58.078 0.0000000000
56221  -30.945  -27.768  58.067 0.0000000000
56222  -31.612  -27.714  57.988 0.0000000000
56223  -32.288  -27.895  57.686 0.0000000000
56224  -32.777  -27.767  57.520 0.0000000000
56227  -20.258  -28.175  59.206 0.0000000000
56228  -27.861  -26.909  57.188 0.0000000000
56229  -28.364  -27.035  57.474 0.0000000000
56230  -29.232  -27.673  57.269 0.0000000000
56231  -29.703  -27.934  57.477 0.0000000000
56232  -32.715  -28.183  57.313 0.0000000000
56233  -33.266  -28.102  57.150 0.0000000000
56234  -33.814  -28.028  56.934 0.0000000000
56239  -20.061  -28.100  58.139 0.0000000000
56240  -26.986  -26.924  56.322 0.0000000000
56241  -27.520  -26.997  56.645 0.0000000000
56242  -28.493  -27.537  56.530 0.0000000000
56243  -29.076  -27.833  56.660 0.0000000000
56244  -33.612  -28.317  56.741 0.0000000000
56245  -33.901  -28.085  56.469 0.0000000000
56250  -20.031  -28.046  56.965 0.0000000000
56251  -26.826  -27.037  55.877 0.0000000000
56252  -27.642  -27.451  55.595 0.0000000000
56253  -28.490  -27.850  55.796 0.0000000000
56254  -33.992  -27.968  56.055 0.0000000000
56258  -20.255  -28.192  55.872 0.0000000000
56259  -25.398  -27.331  54.322 0.0000000000
56260  -26.233  -27.263  54.682 0.0000000000
56261  -27.443  -27.738  54.709 0.0000000000
56262  -33.959  -27.971  55.564 0.0000000000
56270  -25.373  -27.675  54.331 0.0000000000
56271  -26.027  -27.955  54.026 0.0000000000
56272  -33.764  -28.077  54.870 0.0000000000
56280  -24.255  -26.901  53.184 0.0000000000
56281  -25.035  -27.245  53.475 0.0000000000
56282  -26.268  -27.801  53.378 0.0000000000
56283  -33.450  -28.862  53.431 0.0000000000
56284  -33.547  -28.443  53.880 0.0000000000
56289  -24.087  -26.920  52.684 0.0000000000
56290  -25.088  -27.282  52.162 0.0000000000
56291  -33.504  -28.836  52.933 0.0000000000
56292  -33.556  -28.227  53.332 0.0000000000
56299  -23.645  -27.077  51.558 0.0000000000
56300  -25.226  -27.439  51.106 0.0000000000
56301  -33.607  -28.950  51.661 0.0000000000
56311  -22.985  -27.216  50.452 0.0000000000
56312  -24.439  -27.397  50.399 0.0000000000
56313  -25.495  -27.733  50.304 0.0000000000
56329  -24.013  -27.366  49.452 0.0000000000
56330  -25.245  -27.763  49.574 0.0000000000
57219  -29.345  -26.355  58.902 0.0000000000
57220  -29.734  -26.317  59.015 0.0000000000
57221  -30.205  -26.397  58.942 0.0000000000
57222  -30.833  -26.413  58.944 0.0000000000
57223  -31.284  -26.342  58.940 0.0000000000
57229  -21.521  -26.811  60.150 0.0000000000
57230  -28.031  -26.011  58.497 0.0000000000
57231  -28.665  -26.347  58.603 0.0000000000
57232  -29.189  -26.686  58.582 0.0000000000
57233  -29.667  -26.733  58.649 0.0000000000
57234  -30.141  -26.801  58.663 0.0000000000
57235  -30.738  -26.844  58.642 0.0000000000
57236  -31.668  -26.825  58.540 0.0000000000
57237  -32.278  -26.762  58.397 0.0000000000
57242  -20.723  -27.461  59.482 0.0000000000
57243  -21.314  -26.897  59.543 0.0000000000
57244  -27.796  -26.277  58.017 0.0000000000
57245  -28.489  -26.669  58.140 0.0000000000
57246  -28.887  -26.724  58.400 0.0000000000
57247  -32.021  -27.437  58.090 0.0000000000
57248  -32.500  -27.178  58.030 0.0000000000
57249  -33.158  -27.361  57.542 0.0000000000
57253  -20.703  -27.236  58.526 0.0000000000
57254  -21.064  -27.013  59.086 0.0000000000
57255  -26.681  -26.238  57.204 0.0000000000
57256  -27.589  -26.630  57.404 0.0000000000
57257  -28.102  -26.685  57.785 0.0000000000
57258  -33.715  -27.529  57.234 0.0000000000
57259  -34.079  -27.618  56.807 0.0000000000
57264  -20.615  -27.395  57.454 0.0000000000
57265  -25.268  -26.384  56.119 0.0000000000
57266  -26.535  -26.631  56.437 0.0000000000
57267  -27.112  -26.670  56.936 0.0000000000
57268  -34.167  -27.690  56.292 0.0000000000
57272  -21.151  -27.209  56.288 0.0000000000
57273  -22.112  -26.848  56.058 0.0000000000
57274  -25.051  -26.858  55.496 0.0000000000
57275  -25.915  -26.871  55.612 0.0000000000
57276  -34.215  -27.651  55.845 0.0000000000
57279  -21.110  -27.395  55.095 0.0000000000
57280  -22.526  -26.875  55.340 0.0000000000
57281  -23.990  -26.841  54.983 0.0000000000
57282  -25.056  -27.164  54.836 0.0000000000
57283  -25.496  -26.887  55.073 0.0000000000
57284  -34.191  -27.600  55.261 0.0000000000
57292  -20.990  -27.474  54.059 0.0000000000
57293  -22.212  -26.959  54.228 0.0000000000
57294  -23.527  -26.885  54.359 0.0000000000
57295  -24.650  -27.054  54.355 0.0000000000
57296  -33.994  -27.651  54.503 0.0000000000
57305  -21.970  -27.018  53.252 0.0000000000
57306  -23.520  -26.842  53.421 0.0000000000
57307  -24.205  -26.973  53.907 0.0000000000
57308  -33.785  -27.788  53.781 0.0000000000
57317  -21.726  -27.170  52.489 0.0000000000
57318  -22.870  -26.995  52.517 0.0000000000
57319  -33.547  -28.040  52.568 0.0000000000
57320  -33.614  -27.872  53.295 0.0000000000
57333  -22.355  -27.126  51.961 0.0000000000
57334  -33.578  -28.114  51.636 0.0000000000
58145  -29.068  -25.523  59.838 0.0000000000
58146  -29.622  -25.682  59.768 0.0000000000
58147  -30.222  -25.720  59.669 0.0000000000
58148  -30.598  -25.668  59.634 0.0000000000
58156  -22.096  -26.335  60.387 0.0000000000
58157  -22.961  -25.767  60.182 0.0000000000
58158  -23.439  -25.491  60.139 0.0000000000
58159  -27.504  -25.144  59.370 0.0000000000
58160  -28.373  -25.523  59.381 0.0000000000
58161  -29.114  -25.925  59.344 0.0000000000
58162  -29.663  -25.995  59.343 0.0000000000
58163  -30.232  -26.033  59.290 0.0000000000
58164  -30.920  -25.960  59.324 0.0000000000
58165  -31.721  -26.166  58.977 0.0000000000
58166  -32.049  -26.028  58.985 0.0000000000
58175  -22.393  -26.288  60.010 0.0000000000
58176  -22.882  -25.982  60.037 0.0000000000
58177  -23.384  -25.638  59.999 0.0000000000
58178  -26.368  -25.051  58.862 0.0000000000
58179  -27.381  -25.417  58.903 0.0000000000
58180  -28.186  -25.754  58.915 0.0000000000
58181  -28.864  -26.116  58.971 0.0000000000
58182  -31.913  -26.433  58.731 0.0000000000
58183  -32.336  -26.276  58.597 0.0000000000
58184  -32.838  -26.018  58.370 0.0000000000
58191  -22.201  -26.343  59.491 0.0000000000
58192  -23.121  -25.858  59.645 0.0000000000
58193  -23.284  -25.769  59.870 0.0000000000
58194  -26.198  -25.352  58.327 0.0000000000
58195  -27.192  -25.657  58.410 0.0000000000
58196  -32.568  -26.677  58.261 0.0000000000
58197  -33.188  -26.461  57.987 0.0000000000
58198  -33.807  -26.110  57.742 0.0000000000
58202  -21.232  -26.811  58.146 0.0000000000
58203  -21.731  -26.611  58.581 0.0000000000
58204  -23.232  -25.803  58.538 0.0000000000
58205  -24.724  -25.545  57.862 0.0000000000
58206  -25.952  -25.619  57.709 0.0000000000
58207  -26.960  -25.960  57.844 0.0000000000
58208  -33.565  -27.032  57.525 0.0000000000
58209  -34.129  -26.623  57.276 0.0000000000
58210  -34.538  -26.014  56.929 0.0000000000
58214  -20.997  -26.925  57.760 0.0000000000
58215  -21.646  -26.691  57.616 0.0000000000
58216  -22.612  -26.266  57.439 0.0000000000
58217  -24.100  -25.982  56.971 0.0000000000
58218  -25.596  -25.919  56.964 0.0000000000
58219  -34.342  -27.186  56.585 0.0000000000
58220  -34.568  -26.408  56.485 0.0000000000
58223  -21.270  -26.956  57.132 0.0000000000
58224  -22.080  -26.692  56.674 0.0000000000
58225  -23.200  -26.475  56.408 0.0000000000
58226  -24.264  -26.525  55.947 0.0000000000
58227  -34.423  -27.151  56.090 0.0000000000
58228  -34.616  -26.457  55.836 0.0000000000
58231  -22.709  -26.763  56.031 0.0000000000
58232  -23.520  -26.726  55.675 0.0000000000
58233  -24.439  -26.768  55.360 0.0000000000
58234  -34.527  -27.102  55.578 0.0000000000
58235  -34.670  -26.445  55.343 0.0000000000
58243  -34.575  -26.909  54.933 0.0000000000
58244  -34.683  -26.415  55.100 0.0000000000
58254  -34.184  -27.060  54.142 0.0000000000
58263  -33.650  -27.303  52.522 0.0000000000
58264  -33.763  -27.310  53.307 0.0000000000
58275  -33.587  -27.580  51.961 0.0000000000
59108  -26.824  -24.409  60.422 0.0000000000
59109  -27.540  -24.555  60.329 0.0000000000
59110  -28.217  -24.840  60.204 0.0000000000
59111  -28.939  -25.130  60.266 0.0000000000
59112  -29.641  -25.300  60.174 0.0000000000
59113  -30.321  -25.388  59.985 0.0000000000
59123  -24.856  -24.787  60.190 0.0000000000
59124  -26.375  -24.640  59.872 0.0000000000
59125  -27.682  -24.856  59.888 0.0000000000
59126  -28.544  -25.333  59.744 0.0000000000
59127  -30.883  -25.455  59.690 0.0000000000
59128  -31.512  -25.558  59.383 0.0000000000
59129  -31.947  -25.768  59.127 0.0000000000
59136  -23.998  -25.202  59.968 0.0000000000
59137  -25.288  -24.822  59.509 0.0000000000
59138  -26.636  -24.898  59.279 0.0000000000
59139  -31.991  -25.372  59.223 0.0000000000
59140  -32.315  -25.603  58.913 0.0000000000
59141  -32.727  -25.676  58.565 0.0000000000
59148  -23.520  -25.647  59.587 0.0000000000
59149  -23.888  -25.376  59.546 0.0000000000
59150  -25.159  -24.926  58.863 0.0000000000
59151  -33.149  -25.630  58.293 0.0000000000
59152  -33.747  -25.506  57.987 0.0000000000
59153  -34.235  -25.165  57.684 0.0000000000
59157  -23.588  -25.601  59.300 0.0000000000
59158  -24.282  -25.373  58.781 0.0000000000
59159  -25.256  -25.247  58.293 0.0000000000
59160  -34.097  -25.780  57.608 0.0000000000
59161  -34.475  -25.440  57.231 0.0000000000
59164  -34.683  -25.403  56.634 0.0000000000
59165  -34.771  -24.971  56.312 0.0000000000
59167  -34.727  -25.580  56.062 0.0000000000
59168  -34.838  -24.820  56.068 0.0000000000
59171  -34.673  -25.700  55.550 0.0000000000
59180  -34.692  -26.363  54.913 0.0000000000
59181  -34.680  -25.825  55.079 0.0000000000
59191  -34.589  -26.215  54.525 0.0000000000
59192  -34.641  -25.497  54.719 0.0000000000
59198  -33.732  -26.684  52.870 0.0000000000
59199  -34.096  -26.273  53.673 0.0000000000
60160  -28.178  -24.484  60.713 0.0000000000
60161  -28.973  -24.634  60.816 0.0000000000
60162  -29.817  -24.779  60.477 0.0000000000
60163  -30.621  -24.918  60.137 0.0000000000
60169  -29.391  -24.501  60.820 0.0000000000
60170  -29.601  -24.525  60.715 0.0000000000
60171  -31.222  -24.979  59.746 0.0000000000
60172  -31.754  -24.950  59.420 0.0000000000
60178  -32.289  -24.838  59.068 0.0000000000
60179  -32.742  -25.125  58.661 0.0000000000
60180  -33.036  -25.267  58.405 0.0000000000
60188  -32.472  -24.358  58.970 0.0000000000
60189  -32.815  -24.486  58.784 0.0000000000
60190  -33.444  -24.761  58.381 0.0000000000
60191  -34.182  -24.565  57.995 0.0000000000
60192  -34.599  -24.554  57.506 0.0000000000
60198  -33.818  -24.280  58.304 0.0000000000
60199  -33.944  -24.459  58.195 0.0000000000
60200  -34.972  -24.483  56.970 0.0000000000
60201  -35.329  -23.985  56.800 0.0000000000
60204  -34.846  -24.772  56.583 0.0000000000
60205  -35.134  -24.322  56.447 0.0000000000
60208  -34.786  -24.927  55.741 0.0000000000
60209  -35.092  -24.319  55.955 0.0000000000
60212  -34.876  -24.681  55.395 0.0000000000
60213  -35.020  -24.405  55.668 0.0000000000
60219  -34.750  -24.909  55.024 0.0000000000
60229  -34.474  -25.287  54.217 0.0000000000
60230  -34.629  -25.046  54.688 0.0000000000
60236  -33.674  -25.649  52.837 0.0000000000
60237  -34.082  -25.516  53.632 0.0000000000
61178  -29.210  -24.185  61.158 0.0000000000
61179  -30.208  -24.235  60.458 0.0000000000
61180  -30.900  -24.293  59.988 0.0000000000
61185  -29.553  -24.293  60.895 0.0000000000
61186  -29.788  -24.400  60.664 0.0000000000
61187  -31.440  -24.393  59.579 0.0000000000
61188  -31.889  -24.414  59.310 0.0000000000
61194  -32.122  -23.727  59.176 0.0000000000
61195  -32.209  -24.211  59.104 0.0000000000
61203  -32.292  -23.472  59.150 0.0000000000
61204  -32.580  -23.807  58.968 0.0000000000
61205  -33.311  -23.891  58.631 0.0000000000
61206  -33.613  -24.209  58.420 0.0000000000
61207  -34.450  -23.973  58.071 0.0000000000
61208  -34.705  -23.999  57.840 0.0000000000
61216  -33.623  -23.523  58.520 0.0000000000
61217  -33.837  -23.796  58.372 0.0000000000
61218  -34.135  -24.089  58.180 0.0000000000
61219  -35.134  -23.855  57.465 0.0000000000
61220  -35.439  -23.673  57.065 0.0000000000
61229  -35.556  -23.473  56.631 0.0000000000
61230  -35.732  -22.977  56.476 0.0000000000
61238  -35.387  -23.792  56.179 0.0000000000
61239  -35.651  -23.175  56.141 0.0000000000
61242  -35.140  -24.114  55.429 0.0000000000
61243  -35.351  -23.698  55.662 0.0000000000
61244  -35.805  -23.252  55.960 0.0000000000
61248  -35.205  -23.927  55.193 0.0000000000
61249  -35.461  -23.392  55.306 0.0000000000
61258  -34.454  -24.414  54.176 0.0000000000
61259  -34.736  -24.322  54.681 0.0000000000
61265  -33.559  -24.423  53.056 0.0000000000
61266  -34.065  -24.734  53.694 0.0000000000
62177  -29.818  -23.518  60.725 0.0000000000
62178  -30.502  -23.528  60.212 0.0000000000
62182  -29.521  -23.913  61.024 0.0000000000
62183  -29.794  -24.082  60.785 0.0000000000
62184  -31.189  -23.607  59.708 0.0000000000
62185  -31.631  -24.008  59.413 0.0000000000
62190  -31.727  -23.551  59.400 0.0000000000
62191  -31.912  -23.993  59.229 0.0000000000
62198  -32.014  -23.175  59.301 0.0000000000
62199  -32.430  -23.067  59.154 0.0000000000
62200  -32.991  -23.057  58.894 0.0000000000
62201  -33.439  -22.761  58.775 0.0000000000
62202  -34.429  -23.763  58.151 0.0000000000
62203  -34.635  -23.714  58.040 0.0000000000
62209  -33.451  -23.273  58.647 0.0000000000
62210  -33.840  -23.047  58.520 0.0000000000
62211  -34.430  -23.392  58.212 0.0000000000
62212  -35.072  -23.257  57.872 0.0000000000
62213  -35.562  -23.058  57.329 0.0000000000
62214  -35.803  -22.766  57.040 0.0000000000
62221  -35.636  -23.128  57.044 0.0000000000
62222  -35.827  -22.750  56.728 0.0000000000
62231  -35.906  -22.553  56.349 0.0000000000
62239  -35.688  -23.111  55.839 0.0000000000
62240  -35.827  -22.555  55.897 0.0000000000
62247  -35.502  -23.150  55.012 0.0000000000
62248  -35.639  -22.814  55.453 0.0000000000
62249  -35.835  -22.064  55.582 0.0000000000
62254  -34.316  -23.262  54.012 0.0000000000
62255  -34.532  -23.464  54.276 0.0000000000
62256  -35.172  -23.057  54.865 0.0000000000
62262  -33.999  -23.538  53.711 0.0000000000
62263  -34.300  -24.072  53.980 0.0000000000
63191  -30.119  -22.780  60.427 0.0000000000
63196  -30.675  -22.753  59.982 0.0000000000
63202  -31.411  -22.666  59.581 0.0000000000
63210  -32.065  -22.435  59.371 0.0000000000
63211  -32.583  -22.336  59.224 0.0000000000
63212  -33.127  -22.180  59.047 0.0000000000
63213  -33.697  -22.183  58.784 0.0000000000
63221  -34.288  -22.303  58.485 0.0000000000
63222  -34.945  -22.336  58.163 0.0000000000
63223  -35.529  -22.209  57.618 0.0000000000
63224  -35.872  -22.358  57.174 0.0000000000
63225  -35.993  -22.369  56.892 0.0000000000
63234  -36.148  -22.005  56.591 0.0000000000
63243  -36.176  -21.856  56.158 0.0000000000
63261  -35.495  -22.409  55.111 0.0000000000
63262  -35.705  -21.914  55.310 0.0000000000
63271  -34.322  -22.735  54.035 0.0000000000
63272  -34.817  -22.167  54.423 0.0000000000
