#!ascii label  , from subject FREESURFER vox2ras=TkReg 
445
33235  -19.245  -52.123  62.073 0.0000000000
33236  -19.463  -52.096  62.162 0.0000000000
33237  -19.845  -52.075  62.178 0.0000000000
34281  -19.146  -51.117  62.918 0.0000000000
34282  -19.506  -51.051  62.995 0.0000000000
34283  -18.549  -51.491  62.178 0.0000000000
34284  -19.068  -51.773  62.301 0.0000000000
34285  -19.653  -51.473  62.671 0.0000000000
34286  -20.208  -51.571  62.246 0.0000000000
34287  -10.913  -51.028  61.172 0.0000000000
34292  -20.457  -51.611  61.461 0.0000000000
34300  -20.521  -51.612  60.567 0.0000000000
34305  -20.442  -51.618  59.671 0.0000000000
34310  -19.944  -51.035  58.362 0.0000000000
34311  -20.216  -51.591  58.714 0.0000000000
35324  -18.051  -50.536  62.964 0.0000000000
35325  -18.595  -50.535  63.238 0.0000000000
35326  -19.406  -50.551  63.250 0.0000000000
35327  -19.792  -50.200  63.231 0.0000000000
35328  -11.560  -50.132  62.015 0.0000000000
35329  -12.031  -49.883  62.171 0.0000000000
35330  -12.434  -49.555  62.274 0.0000000000
35331  -18.041  -50.874  62.278 0.0000000000
35332  -18.565  -51.106  62.714 0.0000000000
35333  -19.719  -50.979  63.016 0.0000000000
35334  -20.078  -50.723  62.876 0.0000000000
35335  -9.703  -50.590  60.831 0.0000000000
35336  -10.399  -50.673  61.173 0.0000000000
35337  -11.150  -50.541  61.647 0.0000000000
35338  -11.823  -50.518  61.483 0.0000000000
35339  -12.460  -49.793  61.889 0.0000000000
35341  -20.566  -50.777  62.074 0.0000000000
35348  -20.691  -50.731  61.170 0.0000000000
35349  -8.464  -50.702  59.464 0.0000000000
35350  -8.658  -50.227  59.318 0.0000000000
35354  -20.308  -50.407  59.724 0.0000000000
35355  -20.490  -50.735  60.215 0.0000000000
35358  -8.537  -50.266  58.777 0.0000000000
35361  -20.023  -50.549  58.990 0.0000000000
35362  -20.350  -50.973  59.454 0.0000000000
35366  -8.353  -50.222  58.077 0.0000000000
35369  -19.651  -50.419  58.046 0.0000000000
35374  -19.556  -50.361  56.953 0.0000000000
36388  -14.470  -48.566  63.689 0.0000000000
36389  -14.901  -48.643  63.825 0.0000000000
36390  -15.852  -48.787  64.058 0.0000000000
36391  -16.952  -48.986  64.201 0.0000000000
36392  -18.060  -49.097  64.121 0.0000000000
36393  -18.839  -49.175  63.946 0.0000000000
36394  -11.814  -49.105  62.851 0.0000000000
36395  -12.124  -49.112  62.976 0.0000000000
36396  -12.906  -48.952  63.038 0.0000000000
36397  -14.083  -48.613  63.335 0.0000000000
36398  -15.262  -48.769  63.431 0.0000000000
36399  -16.370  -49.096  63.531 0.0000000000
36400  -17.662  -49.695  63.446 0.0000000000
36401  -18.709  -49.847  63.709 0.0000000000
36402  -19.468  -49.638  63.525 0.0000000000
36403  -20.041  -49.852  63.042 0.0000000000
36404  -11.041  -49.288  62.220 0.0000000000
36405  -11.542  -49.392  62.485 0.0000000000
36406  -12.349  -49.385  62.587 0.0000000000
36407  -13.137  -49.028  62.408 0.0000000000
36408  -14.540  -48.653  62.770 0.0000000000
36409  -15.683  -48.940  62.927 0.0000000000
36410  -16.703  -49.367  62.840 0.0000000000
36411  -17.594  -49.963  62.643 0.0000000000
36412  -20.446  -50.018  62.530 0.0000000000
36413  -9.879  -50.082  61.129 0.0000000000
36414  -10.653  -49.662  61.795 0.0000000000
36415  -11.227  -50.022  62.090 0.0000000000
36419  -20.704  -49.932  61.779 0.0000000000
36420  -9.035  -50.678  60.216 0.0000000000
36421  -9.259  -50.191  60.557 0.0000000000
36425  -20.183  -49.467  60.367 0.0000000000
36426  -20.449  -49.742  60.744 0.0000000000
36427  -8.873  -50.544  60.041 0.0000000000
36428  -8.935  -50.008  59.807 0.0000000000
36429  -9.196  -49.581  59.455 0.0000000000
36434  -20.096  -49.701  59.813 0.0000000000
36435  -20.386  -50.134  60.127 0.0000000000
36436  -8.946  -49.916  59.033 0.0000000000
36437  -9.404  -49.404  58.804 0.0000000000
36442  -19.593  -49.602  58.691 0.0000000000
36446  -8.197  -49.603  57.305 0.0000000000
36447  -8.988  -49.674  57.964 0.0000000000
36448  -9.577  -49.111  58.117 0.0000000000
36453  -19.348  -49.281  57.525 0.0000000000
36456  -8.722  -49.000  57.252 0.0000000000
36457  -9.106  -49.034  57.438 0.0000000000
36461  -19.368  -49.285  56.328 0.0000000000
37275  -14.681  -48.080  64.794 0.0000000000
37276  -15.649  -48.011  65.059 0.0000000000
37277  -16.576  -47.797  65.083 0.0000000000
37278  -17.010  -47.614  65.015 0.0000000000
37279  -12.796  -48.048  63.718 0.0000000000
37280  -13.544  -48.247  63.999 0.0000000000
37281  -14.343  -48.467  64.037 0.0000000000
37282  -15.296  -48.466  64.440 0.0000000000
37283  -16.307  -48.397  64.640 0.0000000000
37284  -17.413  -48.193  64.670 0.0000000000
37285  -18.492  -48.490  64.229 0.0000000000
37286  -19.186  -48.730  63.784 0.0000000000
37287  -11.812  -48.611  62.975 0.0000000000
37288  -12.506  -48.591  63.254 0.0000000000
37289  -13.278  -48.546  63.500 0.0000000000
37290  -13.823  -48.491  63.688 0.0000000000
37291  -19.875  -48.959  63.060 0.0000000000
37292  -20.215  -49.542  62.739 0.0000000000
37293  -11.044  -48.658  62.236 0.0000000000
37294  -11.436  -48.741  62.653 0.0000000000
37299  -20.105  -48.629  62.224 0.0000000000
37300  -20.361  -49.357  62.342 0.0000000000
37301  -9.688  -49.407  61.063 0.0000000000
37302  -10.229  -48.625  61.423 0.0000000000
37307  -19.962  -48.664  61.406 0.0000000000
37308  -20.366  -49.216  61.612 0.0000000000
37309  -9.298  -49.431  60.310 0.0000000000
37310  -9.672  -48.650  60.541 0.0000000000
37315  -19.870  -48.970  60.474 0.0000000000
37316  -20.204  -49.138  61.086 0.0000000000
37319  -9.191  -49.502  59.855 0.0000000000
37320  -9.525  -49.048  59.634 0.0000000000
37325  -19.449  -48.823  59.294 0.0000000000
37329  -9.966  -48.799  58.693 0.0000000000
37334  -19.325  -48.728  58.318 0.0000000000
37339  -9.387  -48.944  57.631 0.0000000000
37340  -9.976  -48.504  57.669 0.0000000000
37346  -19.215  -48.282  57.618 0.0000000000
37350  -9.322  -48.416  57.015 0.0000000000
37351  -10.063  -47.840  56.805 0.0000000000
37356  -19.363  -48.300  56.715 0.0000000000
37365  -19.691  -48.303  55.749 0.0000000000
37366  -20.194  -47.966  55.322 0.0000000000
38112  -13.595  -47.192  64.713 0.0000000000
38113  -14.029  -47.401  64.881 0.0000000000
38114  -15.018  -47.382  65.218 0.0000000000
38115  -16.015  -47.258  65.221 0.0000000000
38116  -16.756  -47.212  65.282 0.0000000000
38117  -11.921  -46.967  63.394 0.0000000000
38118  -12.278  -47.223  63.638 0.0000000000
38119  -13.204  -47.360  64.374 0.0000000000
38120  -13.915  -48.030  64.505 0.0000000000
38121  -17.281  -47.353  64.826 0.0000000000
38122  -18.174  -47.673  64.377 0.0000000000
38123  -18.883  -48.070  64.057 0.0000000000
38124  -11.581  -47.107  62.886 0.0000000000
38125  -11.754  -47.304  63.120 0.0000000000
38126  -12.208  -47.974  63.307 0.0000000000
38127  -18.731  -47.609  63.909 0.0000000000
38128  -19.269  -48.130  63.526 0.0000000000
38129  -11.391  -47.469  62.564 0.0000000000
38130  -11.447  -48.177  62.735 0.0000000000
38131  -18.943  -47.612  63.298 0.0000000000
38132  -19.606  -48.059  62.805 0.0000000000
38133  -10.893  -47.755  61.676 0.0000000000
38134  -18.975  -47.616  62.486 0.0000000000
38135  -19.533  -48.080  61.934 0.0000000000
38136  -10.247  -47.832  60.781 0.0000000000
38137  -18.874  -47.544  61.527 0.0000000000
38138  -19.360  -48.120  60.974 0.0000000000
38142  -10.209  -48.105  59.587 0.0000000000
38143  -10.767  -47.709  58.989 0.0000000000
38144  -18.686  -47.419  60.456 0.0000000000
38145  -19.143  -48.055  59.853 0.0000000000
38149  -10.471  -48.095  58.414 0.0000000000
38150  -10.997  -47.438  58.217 0.0000000000
38151  -18.559  -47.234  59.328 0.0000000000
38152  -19.010  -47.756  58.432 0.0000000000
38156  -10.593  -47.738  57.431 0.0000000000
38157  -11.174  -47.025  57.189 0.0000000000
38161  -19.194  -47.469  57.105 0.0000000000
38170  -19.771  -47.383  56.060 0.0000000000
38171  -20.170  -46.971  55.716 0.0000000000
38181  -20.049  -47.704  55.621 0.0000000000
38182  -20.469  -47.347  55.343 0.0000000000
38972  -15.918  -46.044  65.401 0.0000000000
38973  -16.430  -46.187  65.253 0.0000000000
38974  -16.585  -46.236  65.158 0.0000000000
38975  -13.608  -46.685  64.796 0.0000000000
38976  -14.429  -46.596  65.108 0.0000000000
38977  -15.425  -46.501  65.292 0.0000000000
38978  -16.293  -46.608  65.316 0.0000000000
38979  -16.830  -46.548  65.097 0.0000000000
38980  -11.798  -46.164  63.386 0.0000000000
38981  -11.949  -46.458  63.566 0.0000000000
38982  -12.488  -46.482  64.149 0.0000000000
38983  -13.016  -46.457  64.550 0.0000000000
38984  -17.595  -46.866  64.395 0.0000000000
38985  -18.245  -47.328  64.124 0.0000000000
38986  -11.685  -46.613  62.986 0.0000000000
38987  -11.776  -46.589  63.254 0.0000000000
38988  -17.227  -46.339  63.263 0.0000000000
38989  -17.670  -46.647  63.673 0.0000000000
38990  -18.331  -47.186  63.787 0.0000000000
38991  -11.593  -46.708  62.074 0.0000000000
38992  -11.953  -46.278  61.746 0.0000000000
38993  -17.014  -46.285  62.542 0.0000000000
38994  -17.642  -46.780  62.742 0.0000000000
38995  -18.292  -47.272  63.056 0.0000000000
38996  -11.014  -47.157  61.014 0.0000000000
38997  -11.677  -46.516  61.136 0.0000000000
38998  -16.868  -46.140  61.924 0.0000000000
38999  -17.465  -46.464  61.651 0.0000000000
39000  -18.275  -47.130  62.104 0.0000000000
39001  -10.766  -47.426  60.070 0.0000000000
39002  -11.405  -46.763  60.175 0.0000000000
39003  -17.633  -46.405  60.661 0.0000000000
39004  -18.214  -46.902  61.058 0.0000000000
39009  -10.743  -47.603  59.483 0.0000000000
39010  -11.176  -47.137  59.188 0.0000000000
39011  -17.586  -46.238  60.057 0.0000000000
39012  -18.034  -46.613  59.867 0.0000000000
39016  -11.527  -46.743  58.160 0.0000000000
39017  -18.239  -46.566  58.869 0.0000000000
39018  -18.595  -46.904  58.433 0.0000000000
39023  -18.385  -46.378  58.063 0.0000000000
39024  -18.847  -46.674  57.498 0.0000000000
39028  -19.376  -46.598  56.486 0.0000000000
39029  -19.880  -46.726  55.892 0.0000000000
39035  -19.723  -46.282  55.843 0.0000000000
39036  -20.225  -46.599  55.413 0.0000000000
39042  -20.897  -46.789  54.885 0.0000000000
39047  -21.137  -46.591  54.189 0.0000000000
39057  -21.099  -46.533  53.316 0.0000000000
39885  -13.374  -44.617  65.593 0.0000000000
39886  -14.047  -44.907  65.441 0.0000000000
39887  -14.787  -45.182  65.241 0.0000000000
39888  -15.502  -45.538  65.178 0.0000000000
39889  -16.127  -45.794  65.225 0.0000000000
39890  -16.554  -46.016  65.134 0.0000000000
39891  -13.005  -45.201  65.192 0.0000000000
39892  -13.788  -45.652  65.086 0.0000000000
39893  -14.661  -45.772  65.179 0.0000000000
39894  -15.312  -45.811  65.248 0.0000000000
39895  -16.619  -45.650  64.624 0.0000000000
39896  -16.911  -46.111  64.798 0.0000000000
39897  -11.891  -45.625  63.776 0.0000000000
39898  -12.229  -45.624  64.122 0.0000000000
39899  -12.732  -45.715  64.566 0.0000000000
39900  -13.250  -45.926  64.769 0.0000000000
39901  -15.966  -45.185  63.790 0.0000000000
39902  -16.669  -45.628  64.088 0.0000000000
39903  -17.215  -46.058  64.296 0.0000000000
39904  -11.826  -45.797  63.409 0.0000000000
39905  -15.812  -45.238  62.876 0.0000000000
39906  -16.597  -45.820  63.283 0.0000000000
39907  -17.171  -46.014  63.773 0.0000000000
39908  -11.815  -45.897  62.921 0.0000000000
39909  -12.177  -45.660  62.279 0.0000000000
39910  -12.436  -45.030  62.160 0.0000000000
39911  -15.867  -45.150  61.898 0.0000000000
39912  -16.450  -45.755  62.303 0.0000000000
39913  -12.239  -45.934  61.326 0.0000000000
39914  -12.529  -45.189  61.608 0.0000000000
39915  -15.912  -44.985  60.995 0.0000000000
39916  -16.662  -45.763  61.264 0.0000000000
39917  -17.251  -46.182  60.986 0.0000000000
39918  -12.034  -46.055  60.352 0.0000000000
39919  -12.548  -45.321  60.666 0.0000000000
39920  -15.933  -44.720  60.482 0.0000000000
39921  -16.357  -45.275  60.039 0.0000000000
39922  -17.164  -45.997  60.381 0.0000000000
39927  -11.834  -46.201  59.131 0.0000000000
39928  -12.430  -45.394  59.609 0.0000000000
39929  -16.655  -45.183  58.811 0.0000000000
39930  -17.402  -45.914  59.325 0.0000000000
39931  -17.938  -46.274  59.118 0.0000000000
39936  -16.837  -44.991  58.201 0.0000000000
39937  -17.417  -45.360  58.006 0.0000000000
39938  -17.958  -46.052  58.412 0.0000000000
39944  -17.798  -45.198  57.281 0.0000000000
39945  -18.426  -45.692  57.203 0.0000000000
39946  -18.973  -46.153  56.850 0.0000000000
39952  -18.742  -45.520  56.453 0.0000000000
39953  -19.167  -45.806  56.237 0.0000000000
39958  -19.752  -45.903  55.160 0.0000000000
39959  -20.364  -46.393  55.004 0.0000000000
39966  -19.918  -45.730  54.280 0.0000000000
39967  -20.455  -46.267  54.558 0.0000000000
39972  -19.829  -45.383  53.493 0.0000000000
39973  -20.504  -46.073  53.797 0.0000000000
39979  -19.755  -45.144  52.501 0.0000000000
39980  -20.399  -45.889  52.846 0.0000000000
40795  -12.995  -43.458  66.259 0.0000000000
40796  -13.163  -43.481  66.211 0.0000000000
40797  -13.077  -43.771  66.124 0.0000000000
40798  -13.584  -43.933  65.872 0.0000000000
40799  -14.204  -44.216  65.439 0.0000000000
40800  -14.960  -44.858  65.104 0.0000000000
40801  -15.697  -45.328  65.043 0.0000000000
40802  -16.239  -45.629  65.065 0.0000000000
40803  -12.821  -44.277  65.664 0.0000000000
40804  -14.551  -44.034  65.188 0.0000000000
40805  -15.188  -44.712  64.877 0.0000000000
40806  -15.997  -45.266  64.815 0.0000000000
40807  -16.515  -45.713  64.948 0.0000000000
40808  -11.910  -45.110  63.994 0.0000000000
40809  -12.147  -44.953  64.128 0.0000000000
40810  -12.535  -44.656  64.842 0.0000000000
40811  -14.848  -43.995  64.874 0.0000000000
40812  -15.356  -44.527  64.381 0.0000000000
40813  -16.137  -45.262  64.402 0.0000000000
40814  -11.888  -45.199  63.722 0.0000000000
40815  -11.949  -44.929  63.581 0.0000000000
40816  -15.365  -44.449  63.427 0.0000000000
40817  -11.851  -45.375  63.418 0.0000000000
40818  -11.989  -44.980  63.057 0.0000000000
40819  -12.298  -44.720  62.591 0.0000000000
40820  -15.401  -44.420  62.469 0.0000000000
40821  -12.609  -44.464  61.974 0.0000000000
40822  -15.548  -44.344  61.579 0.0000000000
40826  -12.844  -44.517  61.062 0.0000000000
40827  -15.713  -44.247  60.829 0.0000000000
40828  -15.966  -44.270  60.144 0.0000000000
40834  -12.933  -44.609  60.002 0.0000000000
40836  -16.229  -44.359  59.297 0.0000000000
40842  -16.581  -44.375  58.345 0.0000000000
40843  -16.962  -44.762  57.829 0.0000000000
40850  -16.803  -44.233  57.636 0.0000000000
40851  -17.355  -44.616  57.201 0.0000000000
40852  -17.967  -45.017  56.834 0.0000000000
40859  -17.656  -44.364  56.237 0.0000000000
40860  -18.440  -45.126  56.257 0.0000000000
40861  -18.837  -45.446  56.133 0.0000000000
40868  -17.750  -44.106  55.581 0.0000000000
40869  -18.308  -44.456  55.321 0.0000000000
40870  -18.941  -45.283  55.582 0.0000000000
40877  -18.521  -44.245  54.645 0.0000000000
40878  -19.111  -44.819  54.374 0.0000000000
40884  -19.387  -44.474  53.092 0.0000000000
41674  -12.933  -43.114  66.282 0.0000000000
41675  -13.521  -43.096  66.203 0.0000000000
41676  -13.812  -42.738  66.251 0.0000000000
41677  -12.504  -42.983  65.918 0.0000000000
41678  -12.754  -43.426  66.007 0.0000000000
41679  -13.865  -43.569  65.822 0.0000000000
41680  -14.092  -43.169  65.802 0.0000000000
41681  -12.394  -43.245  65.379 0.0000000000
41682  -12.568  -43.733  65.526 0.0000000000
41683  -14.575  -43.272  65.264 0.0000000000
41684  -12.105  -44.739  63.933 0.0000000000
41685  -12.348  -43.924  64.555 0.0000000000
41686  -12.482  -43.874  65.090 0.0000000000
41687  -14.858  -43.450  64.696 0.0000000000
41688  -15.052  -43.556  63.936 0.0000000000
41689  -12.034  -44.750  63.707 0.0000000000
41690  -12.203  -44.092  63.657 0.0000000000
41691  -12.354  -43.317  63.371 0.0000000000
41692  -15.191  -43.557  63.004 0.0000000000
41693  -12.182  -44.387  63.040 0.0000000000
41694  -12.457  -43.754  62.716 0.0000000000
41699  -12.991  -43.514  61.587 0.0000000000
41700  -13.312  -42.881  61.360 0.0000000000
41707  -13.089  -43.858  60.453 0.0000000000
41708  -13.381  -43.106  60.719 0.0000000000
41715  -13.050  -43.988  59.838 0.0000000000
41717  -16.412  -43.453  58.867 0.0000000000
41721  -16.679  -43.523  57.953 0.0000000000
41726  -16.883  -43.724  57.152 0.0000000000
41727  -17.212  -44.085  56.746 0.0000000000
41732  -16.902  -43.180  56.933 0.0000000000
41733  -17.102  -43.462  56.504 0.0000000000
41738  -17.441  -43.420  55.700 0.0000000000
41739  -17.816  -43.837  55.212 0.0000000000
41745  -17.682  -43.231  55.048 0.0000000000
41746  -18.109  -43.606  54.639 0.0000000000
41747  -18.582  -43.953  54.230 0.0000000000
41752  -18.446  -43.267  54.063 0.0000000000
41753  -18.850  -43.636  53.504 0.0000000000
42567  -12.163  -42.455  66.791 0.0000000000
42568  -12.425  -42.440  66.549 0.0000000000
42569  -13.031  -42.501  66.459 0.0000000000
42570  -13.608  -42.436  66.379 0.0000000000
42571  -12.190  -42.439  66.512 0.0000000000
42572  -12.551  -42.828  66.299 0.0000000000
42573  -14.017  -42.387  66.225 0.0000000000
42574  -12.097  -42.512  65.918 0.0000000000
42575  -14.523  -42.332  65.662 0.0000000000
42576  -15.028  -42.217  65.193 0.0000000000
42577  -12.143  -42.699  65.122 0.0000000000
42578  -12.066  -42.459  64.646 0.0000000000
42579  -14.809  -42.763  65.122 0.0000000000
42580  -15.071  -42.615  64.503 0.0000000000
42581  -12.248  -43.162  64.397 0.0000000000
42582  -12.238  -42.744  63.937 0.0000000000
42588  -12.632  -42.720  63.151 0.0000000000
42589  -13.003  -42.396  62.694 0.0000000000
42598  -12.845  -42.965  62.412 0.0000000000
42599  -13.259  -42.511  61.985 0.0000000000
42607  -13.572  -42.382  61.178 0.0000000000
42621  -16.749  -42.666  58.426 0.0000000000
42622  -17.194  -41.988  58.081 0.0000000000
42629  -16.942  -42.764  57.371 0.0000000000
42630  -17.343  -41.981  57.307 0.0000000000
42637  -17.010  -42.900  56.771 0.0000000000
42638  -17.382  -42.464  56.469 0.0000000000
42647  -17.882  -42.346  55.305 0.0000000000
42658  -17.857  -42.892  54.747 0.0000000000
42659  -18.303  -42.518  54.422 0.0000000000
43544  -12.092  -42.225  66.812 0.0000000000
43545  -12.530  -41.989  66.585 0.0000000000
43546  -13.274  -42.041  66.432 0.0000000000
43547  -13.821  -42.000  66.356 0.0000000000
43548  -11.961  -41.930  66.457 0.0000000000
43549  -12.349  -41.519  66.384 0.0000000000
43550  -14.188  -41.830  65.979 0.0000000000
43551  -14.578  -41.423  65.640 0.0000000000
43552  -11.904  -41.885  65.709 0.0000000000
43553  -11.991  -41.598  65.330 0.0000000000
43554  -14.576  -41.760  65.743 0.0000000000
43555  -15.051  -41.546  65.424 0.0000000000
43557  -11.920  -42.046  65.094 0.0000000000
43558  -12.202  -41.786  64.651 0.0000000000
43565  -12.612  -41.853  63.755 0.0000000000
43566  -12.962  -41.576  63.384 0.0000000000
43579  -12.910  -42.049  63.150 0.0000000000
43580  -13.244  -41.724  62.769 0.0000000000
43591  -13.573  -41.639  61.878 0.0000000000
43649  -17.850  -41.559  56.937 0.0000000000
43660  -18.033  -41.696  56.105 0.0000000000
44522  -12.929  -41.616  66.235 0.0000000000
44523  -13.601  -41.693  66.128 0.0000000000
44524  -13.924  -41.768  66.075 0.0000000000
44525  -11.955  -41.276  66.093 0.0000000000
44526  -12.703  -41.101  66.017 0.0000000000
44527  -13.403  -41.197  65.875 0.0000000000
44528  -14.147  -41.204  65.750 0.0000000000
44532  -11.985  -41.420  65.664 0.0000000000
44533  -12.402  -41.150  65.417 0.0000000000
44544  -12.839  -41.020  64.404 0.0000000000
44545  -13.262  -40.564  64.112 0.0000000000
44559  -12.878  -41.333  63.758 0.0000000000
44560  -13.142  -40.987  63.527 0.0000000000
44573  -13.525  -40.866  62.704 0.0000000000
45601  -13.289  -40.870  65.687 0.0000000000
45602  -13.858  -40.625  65.614 0.0000000000
45603  -14.626  -40.313  65.434 0.0000000000
45607  -12.990  -40.848  65.595 0.0000000000
45608  -13.489  -40.500  65.416 0.0000000000
45609  -14.203  -39.950  65.308 0.0000000000
45620  -13.015  -40.677  65.176 0.0000000000
45621  -13.469  -40.243  64.739 0.0000000000
45622  -14.253  -39.652  64.551 0.0000000000
45633  -13.646  -40.191  63.712 0.0000000000
