#!ascii label  , from subject FREESURFER vox2ras=TkReg 
512
12306  -6.588  -75.279  28.634 0.0000000000
12317  -5.484  -75.682  27.934 0.0000000000
12318  -6.012  -75.599  28.249 0.0000000000
12319  -7.076  -75.398  28.472 0.0000000000
12329  -5.433  -75.461  27.776 0.0000000000
12330  -5.870  -75.541  27.746 0.0000000000
12331  -6.786  -75.486  27.913 0.0000000000
12332  -7.810  -75.270  28.266 0.0000000000
13119  -5.027  -74.462  27.448 0.0000000000
13120  -5.203  -75.072  27.994 0.0000000000
13121  -5.899  -74.946  28.696 0.0000000000
13132  -5.197  -74.315  27.199 0.0000000000
13133  -5.582  -74.861  27.429 0.0000000000
13134  -6.572  -75.006  27.396 0.0000000000
13135  -7.633  -74.927  27.638 0.0000000000
13983  -4.739  -73.938  27.725 0.0000000000
13984  -5.150  -74.077  28.440 0.0000000000
13997  -4.896  -73.671  26.919 0.0000000000
13998  -5.575  -74.016  26.928 0.0000000000
13999  -6.363  -74.229  27.012 0.0000000000
14000  -7.423  -74.098  27.192 0.0000000000
14001  -8.502  -74.066  27.599 0.0000000000
14014  -5.046  -73.126  26.385 0.0000000000
14015  -5.502  -73.303  26.472 0.0000000000
14016  -6.268  -73.441  26.607 0.0000000000
14017  -6.960  -73.570  26.829 0.0000000000
14846  -4.634  -72.851  28.197 0.0000000000
14847  -5.556  -72.980  28.528 0.0000000000
14863  -4.385  -72.898  27.201 0.0000000000
14864  -7.615  -73.261  26.947 0.0000000000
14865  -8.336  -73.301  27.247 0.0000000000
14866  -9.345  -73.121  27.557 0.0000000000
14880  -4.741  -72.605  26.249 0.0000000000
14881  -5.364  -72.728  26.076 0.0000000000
14882  -6.165  -72.613  26.171 0.0000000000
14883  -7.165  -72.724  26.593 0.0000000000
14884  -8.216  -72.606  26.962 0.0000000000
14885  -8.924  -72.667  27.227 0.0000000000
14897  -4.846  -72.111  25.706 0.0000000000
14898  -5.228  -72.225  25.707 0.0000000000
14899  -5.751  -72.265  25.806 0.0000000000
15724  -4.668  -71.670  28.410 0.0000000000
15725  -5.170  -71.929  28.709 0.0000000000
15744  -4.292  -71.760  27.598 0.0000000000
15745  -9.427  -72.510  27.299 0.0000000000
15746  -10.090  -72.410  27.395 0.0000000000
15759  -4.189  -71.952  26.484 0.0000000000
15760  -6.239  -72.004  25.789 0.0000000000
15761  -6.987  -71.752  26.083 0.0000000000
15762  -8.017  -71.871  26.629 0.0000000000
15763  -9.276  -71.952  26.981 0.0000000000
15764  -10.636  -71.680  27.042 0.0000000000
15777  -4.571  -71.769  25.711 0.0000000000
15778  -5.085  -71.651  25.367 0.0000000000
15779  -5.856  -71.669  25.481 0.0000000000
15780  -6.442  -71.582  25.714 0.0000000000
16567  -4.669  -70.237  29.667 0.0000000000
16568  -5.199  -70.409  29.704 0.0000000000
16584  -4.447  -70.694  28.542 0.0000000000
16585  -4.920  -70.978  29.041 0.0000000000
16598  -4.245  -70.694  27.473 0.0000000000
16609  -4.192  -71.131  26.728 0.0000000000
16610  -7.379  -71.085  26.031 0.0000000000
16611  -7.809  -71.245  26.331 0.0000000000
16612  -8.774  -71.150  26.444 0.0000000000
16613  -10.023  -71.045  26.540 0.0000000000
16614  -11.227  -70.976  26.548 0.0000000000
16624  -4.263  -70.918  25.683 0.0000000000
16625  -4.712  -71.023  25.008 0.0000000000
16626  -5.574  -70.789  24.897 0.0000000000
16627  -6.740  -70.834  25.607 0.0000000000
16628  -8.017  -70.482  26.159 0.0000000000
16629  -9.388  -70.279  26.215 0.0000000000
16630  -10.629  -70.209  26.149 0.0000000000
16631  -11.719  -70.279  25.867 0.0000000000
16641  -4.328  -70.287  24.583 0.0000000000
16642  -4.867  -70.275  24.167 0.0000000000
16643  -5.530  -69.969  24.323 0.0000000000
16654  -4.320  -69.960  23.796 0.0000000000
16655  -4.615  -69.762  23.531 0.0000000000
17439  -4.360  -69.434  30.955 0.0000000000
17440  -4.644  -69.507  30.945 0.0000000000
17456  -4.431  -69.554  30.419 0.0000000000
17457  -4.997  -69.895  30.468 0.0000000000
17475  -4.425  -69.627  29.285 0.0000000000
17491  -4.395  -69.579  27.957 0.0000000000
17504  -4.217  -70.001  26.451 0.0000000000
17515  -4.023  -69.834  25.020 0.0000000000
17516  -6.299  -69.583  24.919 0.0000000000
17517  -7.507  -69.578  25.668 0.0000000000
17518  -8.769  -69.451  25.960 0.0000000000
17519  -10.009  -69.391  25.883 0.0000000000
17520  -11.111  -69.434  25.552 0.0000000000
17521  -12.150  -69.420  25.089 0.0000000000
17532  -3.690  -69.125  23.340 0.0000000000
17533  -3.877  -69.733  23.927 0.0000000000
17534  -5.268  -69.511  23.604 0.0000000000
17535  -5.752  -69.470  24.231 0.0000000000
17536  -12.409  -69.008  24.566 0.0000000000
17549  -3.823  -69.026  22.765 0.0000000000
17550  -4.163  -69.510  23.057 0.0000000000
17551  -4.688  -69.483  23.198 0.0000000000
17559  -3.951  -68.892  22.547 0.0000000000
17560  -4.045  -69.111  22.619 0.0000000000
18360  -4.451  -68.865  31.021 0.0000000000
18379  -4.422  -68.716  29.876 0.0000000000
18400  -4.456  -68.777  28.848 0.0000000000
18414  -4.586  -68.373  28.019 0.0000000000
18425  -4.427  -68.622  26.905 0.0000000000
18436  -4.162  -68.803  25.547 0.0000000000
18437  -6.501  -68.637  24.872 0.0000000000
18438  -7.105  -68.573  25.374 0.0000000000
18439  -8.231  -68.523  25.733 0.0000000000
18440  -9.438  -68.508  25.749 0.0000000000
18441  -10.549  -68.551  25.446 0.0000000000
18442  -11.426  -68.678  24.987 0.0000000000
18457  -3.630  -68.573  23.435 0.0000000000
18458  -3.719  -68.869  24.233 0.0000000000
18459  -5.535  -68.715  23.287 0.0000000000
18460  -6.010  -68.676  24.143 0.0000000000
18461  -12.021  -68.651  24.538 0.0000000000
18462  -12.562  -68.640  24.122 0.0000000000
18477  -3.613  -68.638  22.954 0.0000000000
18478  -4.259  -69.096  22.680 0.0000000000
18479  -4.807  -68.922  22.760 0.0000000000
18492  -3.822  -68.507  22.535 0.0000000000
18493  -4.260  -68.666  22.444 0.0000000000
18494  -4.617  -68.523  22.433 0.0000000000
19325  -4.417  -67.767  30.460 0.0000000000
19344  -4.725  -67.490  28.926 0.0000000000
19345  -5.069  -66.823  28.327 0.0000000000
19358  -4.795  -67.307  27.398 0.0000000000
19359  -4.993  -67.028  28.055 0.0000000000
19371  -4.355  -67.543  26.091 0.0000000000
19382  -3.985  -67.744  24.839 0.0000000000
19383  -6.666  -67.682  24.911 0.0000000000
19384  -7.754  -67.508  25.503 0.0000000000
19385  -8.944  -67.563  25.642 0.0000000000
19386  -10.048  -67.635  25.468 0.0000000000
19387  -11.129  -67.698  24.936 0.0000000000
19388  -11.626  -68.206  24.614 0.0000000000
19402  -3.583  -68.223  23.141 0.0000000000
19403  -3.722  -67.866  23.687 0.0000000000
19404  -5.908  -68.112  23.406 0.0000000000
19405  -6.277  -67.517  23.946 0.0000000000
19406  -11.508  -67.247  24.556 0.0000000000
19407  -12.007  -67.754  24.156 0.0000000000
19408  -12.486  -68.151  23.721 0.0000000000
19418  -3.648  -68.147  22.732 0.0000000000
19419  -3.601  -67.774  23.012 0.0000000000
19420  -5.544  -68.125  22.753 0.0000000000
19421  -6.107  -67.385  23.051 0.0000000000
19422  -12.218  -67.473  23.729 0.0000000000
19423  -12.447  -67.678  23.404 0.0000000000
19438  -3.762  -68.001  22.413 0.0000000000
19439  -4.026  -67.944  22.071 0.0000000000
19440  -4.829  -67.916  22.204 0.0000000000
19441  -5.692  -67.307  22.284 0.0000000000
19456  -4.430  -67.348  21.921 0.0000000000
19457  -4.846  -67.129  21.728 0.0000000000
20313  -4.694  -66.121  30.444 0.0000000000
20333  -4.573  -66.827  29.999 0.0000000000
20334  -5.050  -66.156  29.684 0.0000000000
20354  -4.852  -66.710  29.335 0.0000000000
20355  -5.304  -66.398  28.750 0.0000000000
20356  -5.742  -66.095  28.213 0.0000000000
20368  -4.929  -66.634  27.171 0.0000000000
20369  -5.297  -66.359  27.586 0.0000000000
20370  -5.838  -65.946  27.845 0.0000000000
20382  -4.780  -66.261  26.512 0.0000000000
20383  -5.199  -65.920  26.877 0.0000000000
20393  -4.260  -66.570  25.310 0.0000000000
20394  -6.685  -66.826  24.407 0.0000000000
20395  -7.410  -66.388  24.909 0.0000000000
20396  -8.574  -66.586  25.377 0.0000000000
20397  -9.585  -66.748  25.426 0.0000000000
20398  -10.486  -66.811  25.237 0.0000000000
20409  -3.959  -66.786  24.207 0.0000000000
20410  -6.553  -66.426  23.640 0.0000000000
20411  -6.856  -66.244  24.326 0.0000000000
20412  -11.193  -66.747  24.841 0.0000000000
20413  -11.704  -66.807  24.314 0.0000000000
20423  -3.731  -67.638  22.563 0.0000000000
20424  -3.789  -66.963  23.082 0.0000000000
20425  -6.202  -66.524  22.591 0.0000000000
20426  -12.134  -66.989  23.664 0.0000000000
20427  -12.452  -66.975  22.850 0.0000000000
20439  -3.846  -67.687  22.296 0.0000000000
20440  -3.971  -67.016  22.092 0.0000000000
20441  -5.307  -67.016  21.766 0.0000000000
20442  -5.823  -66.549  21.748 0.0000000000
20443  -12.694  -67.065  22.044 0.0000000000
20454  -4.589  -66.660  21.623 0.0000000000
20455  -5.121  -66.569  21.366 0.0000000000
20456  -5.472  -66.502  21.439 0.0000000000
21249  -5.144  -65.279  30.259 0.0000000000
21276  -5.832  -65.492  29.257 0.0000000000
21277  -6.384  -65.105  28.851 0.0000000000
21295  -5.805  -65.920  28.627 0.0000000000
21296  -6.194  -65.566  28.258 0.0000000000
21309  -5.498  -65.743  26.991 0.0000000000
21310  -5.902  -65.572  27.369 0.0000000000
21321  -4.899  -65.539  26.077 0.0000000000
21322  -5.308  -65.351  26.397 0.0000000000
21323  -5.703  -65.394  26.834 0.0000000000
21334  -4.647  -65.377  25.482 0.0000000000
21335  -4.960  -65.209  25.929 0.0000000000
21336  -7.713  -65.643  24.654 0.0000000000
21337  -8.455  -65.575  24.963 0.0000000000
21338  -9.308  -65.943  25.287 0.0000000000
21339  -10.071  -66.011  25.343 0.0000000000
21349  -4.243  -65.829  24.628 0.0000000000
21350  -6.706  -65.817  23.625 0.0000000000
21351  -7.064  -65.503  24.088 0.0000000000
21352  -7.884  -65.196  24.546 0.0000000000
21353  -10.727  -66.088  25.077 0.0000000000
21354  -11.380  -65.907  24.630 0.0000000000
21355  -11.994  -65.597  24.187 0.0000000000
21364  -4.164  -65.816  23.658 0.0000000000
21365  -6.585  -65.566  23.104 0.0000000000
21366  -6.844  -65.084  23.501 0.0000000000
21367  -11.979  -66.250  24.073 0.0000000000
21368  -12.329  -65.978  23.387 0.0000000000
21375  -4.118  -65.878  22.539 0.0000000000
21376  -6.253  -65.722  21.921 0.0000000000
21377  -12.600  -66.124  22.322 0.0000000000
21378  -12.748  -65.869  21.711 0.0000000000
21385  -4.376  -65.852  21.551 0.0000000000
21386  -4.850  -66.029  21.027 0.0000000000
21387  -5.644  -65.845  20.936 0.0000000000
21388  -12.762  -66.449  21.678 0.0000000000
21399  -4.612  -65.420  20.839 0.0000000000
21400  -5.030  -65.439  20.457 0.0000000000
21401  -5.459  -65.240  20.332 0.0000000000
22155  -5.733  -64.692  29.890 0.0000000000
22156  -6.497  -64.343  29.386 0.0000000000
22170  -6.758  -64.804  28.381 0.0000000000
22171  -7.219  -64.125  28.565 0.0000000000
22183  -6.526  -64.948  27.508 0.0000000000
22184  -7.160  -64.274  27.626 0.0000000000
22193  -5.608  -64.573  26.115 0.0000000000
22194  -6.031  -64.814  26.684 0.0000000000
22195  -6.768  -64.305  26.920 0.0000000000
22204  -4.744  -64.414  25.183 0.0000000000
22205  -5.113  -64.635  25.737 0.0000000000
22206  -8.871  -65.008  24.968 0.0000000000
22207  -9.338  -65.259  25.144 0.0000000000
22208  -9.779  -65.551  25.245 0.0000000000
22215  -4.484  -64.714  24.401 0.0000000000
22216  -7.725  -64.685  24.181 0.0000000000
22217  -8.456  -64.699  24.638 0.0000000000
22218  -9.273  -64.596  24.927 0.0000000000
22219  -10.343  -65.073  25.037 0.0000000000
22220  -11.550  -64.874  24.582 0.0000000000
22221  -12.370  -64.965  23.946 0.0000000000
22228  -4.378  -64.704  23.137 0.0000000000
22229  -6.781  -64.833  23.111 0.0000000000
22230  -7.210  -64.551  23.544 0.0000000000
22231  -12.833  -65.051  22.818 0.0000000000
22232  -13.306  -64.593  22.371 0.0000000000
22240  -4.336  -64.835  21.928 0.0000000000
22241  -6.695  -64.678  22.318 0.0000000000
22242  -6.908  -64.445  22.966 0.0000000000
22243  -12.774  -65.536  22.082 0.0000000000
22244  -13.079  -65.151  21.614 0.0000000000
22251  -4.295  -64.982  21.038 0.0000000000
22252  -6.392  -64.919  21.130 0.0000000000
22263  -4.657  -64.695  20.328 0.0000000000
22264  -5.224  -64.826  19.999 0.0000000000
22265  -6.000  -64.765  20.018 0.0000000000
22279  -4.927  -64.249  19.648 0.0000000000
22280  -5.455  -64.207  19.546 0.0000000000
22281  -5.906  -64.108  19.515 0.0000000000
23020  -7.778  -63.721  27.895 0.0000000000
23021  -8.246  -63.164  27.467 0.0000000000
23027  -5.923  -64.273  26.186 0.0000000000
23028  -6.416  -63.940  26.301 0.0000000000
23029  -7.550  -63.365  26.649 0.0000000000
23030  -8.268  -62.953  26.945 0.0000000000
23036  -5.018  -63.884  25.355 0.0000000000
23037  -5.652  -63.734  25.721 0.0000000000
23038  -6.547  -63.053  25.777 0.0000000000
23039  -7.185  -62.559  25.864 0.0000000000
23053  -4.728  -63.626  24.808 0.0000000000
23054  -7.666  -64.281  23.886 0.0000000000
23055  -8.100  -64.034  24.150 0.0000000000
23056  -8.853  -63.920  24.540 0.0000000000
23057  -9.784  -63.839  24.732 0.0000000000
23058  -10.904  -63.866  24.689 0.0000000000
23059  -12.092  -63.925  24.441 0.0000000000
23060  -12.815  -63.616  24.021 0.0000000000
23072  -4.564  -63.363  23.833 0.0000000000
23073  -7.642  -63.927  23.588 0.0000000000
23074  -8.072  -63.548  23.706 0.0000000000
23075  -12.769  -64.288  23.723 0.0000000000
23076  -13.484  -63.834  23.169 0.0000000000
23077  -14.040  -63.016  23.123 0.0000000000
23090  -4.487  -63.588  22.484 0.0000000000
23091  -6.907  -64.000  22.128 0.0000000000
23092  -7.204  -63.918  22.805 0.0000000000
23093  -13.674  -64.213  21.846 0.0000000000
23094  -14.105  -63.342  22.239 0.0000000000
23103  -4.451  -63.861  21.042 0.0000000000
23104  -6.845  -64.098  21.451 0.0000000000
23105  -7.255  -63.540  21.915 0.0000000000
23120  -4.564  -63.676  19.779 0.0000000000
23121  -6.700  -64.084  20.489 0.0000000000
23122  -7.304  -63.382  20.894 0.0000000000
23139  -5.074  -63.472  18.956 0.0000000000
23140  -5.749  -63.688  19.152 0.0000000000
23141  -6.453  -63.542  19.536 0.0000000000
23142  -6.986  -63.486  20.179 0.0000000000
23161  -5.263  -63.004  18.404 0.0000000000
23162  -5.647  -63.186  18.636 0.0000000000
23163  -6.060  -63.306  18.922 0.0000000000
23932  -7.725  -62.200  26.105 0.0000000000
23933  -8.389  -62.382  26.653 0.0000000000
23940  -5.126  -63.180  25.180 0.0000000000
23941  -5.663  -62.392  25.216 0.0000000000
23942  -6.629  -62.089  25.505 0.0000000000
23943  -7.248  -61.941  25.740 0.0000000000
23959  -4.856  -62.446  24.658 0.0000000000
23960  -5.221  -61.922  24.851 0.0000000000
23961  -8.489  -63.481  24.049 0.0000000000
23962  -9.123  -63.166  24.206 0.0000000000
23963  -10.141  -62.726  24.273 0.0000000000
23964  -11.376  -62.948  24.446 0.0000000000
23965  -12.332  -62.972  24.345 0.0000000000
23966  -13.096  -62.995  24.024 0.0000000000
23978  -4.599  -62.262  23.993 0.0000000000
23979  -7.760  -63.452  23.248 0.0000000000
23980  -8.356  -62.933  23.429 0.0000000000
23981  -9.218  -62.500  23.669 0.0000000000
23982  -9.705  -62.196  23.670 0.0000000000
23983  -13.562  -62.742  23.662 0.0000000000
24000  -4.582  -62.405  23.159 0.0000000000
24001  -7.694  -63.143  22.601 0.0000000000
24002  -8.210  -62.511  22.470 0.0000000000
24021  -4.586  -62.371  21.817 0.0000000000
24022  -7.747  -62.864  21.709 0.0000000000
24023  -8.292  -62.238  21.637 0.0000000000
24042  -4.552  -62.632  20.256 0.0000000000
24043  -7.921  -62.544  20.840 0.0000000000
24044  -8.469  -62.021  20.942 0.0000000000
24060  -4.640  -62.680  18.995 0.0000000000
24061  -6.884  -62.781  19.271 0.0000000000
24062  -7.401  -62.783  19.906 0.0000000000
24063  -8.389  -62.074  20.046 0.0000000000
24079  -4.959  -62.535  17.946 0.0000000000
24080  -5.581  -62.740  18.099 0.0000000000
24081  -6.403  -62.592  18.503 0.0000000000
24082  -7.431  -62.354  19.020 0.0000000000
24083  -7.980  -62.286  19.412 0.0000000000
24101  -5.140  -62.073  17.257 0.0000000000
24102  -5.514  -62.287  17.526 0.0000000000
24103  -5.931  -62.470  17.812 0.0000000000
24860  -7.606  -61.587  25.812 0.0000000000
24870  -5.502  -61.621  24.885 0.0000000000
24871  -6.098  -61.339  25.085 0.0000000000
24872  -7.103  -61.347  25.469 0.0000000000
24873  -7.697  -61.192  25.702 0.0000000000
24890  -4.750  -61.853  24.286 0.0000000000
24891  -5.089  -61.405  24.525 0.0000000000
24892  -5.580  -61.210  24.800 0.0000000000
24893  -10.912  -62.161  24.159 0.0000000000
24894  -11.768  -62.195  24.222 0.0000000000
24895  -12.643  -62.280  24.155 0.0000000000
24896  -13.177  -62.429  23.989 0.0000000000
24914  -4.656  -61.471  23.808 0.0000000000
24915  -4.854  -61.029  24.161 0.0000000000
24916  -8.740  -62.315  23.039 0.0000000000
24917  -9.318  -61.984  23.127 0.0000000000
24918  -10.140  -61.717  23.482 0.0000000000
24919  -11.136  -61.516  23.798 0.0000000000
24920  -12.087  -61.494  23.948 0.0000000000
24940  -4.635  -61.542  22.863 0.0000000000
24941  -8.770  -61.990  22.380 0.0000000000
24942  -9.417  -61.467  22.426 0.0000000000
24943  -10.074  -61.160  22.706 0.0000000000
24965  -4.662  -61.287  22.065 0.0000000000
24966  -8.812  -61.691  21.589 0.0000000000
24967  -9.331  -61.203  21.480 0.0000000000
24988  -4.646  -61.316  20.852 0.0000000000
24989  -8.910  -61.530  20.749 0.0000000000
24990  -9.430  -61.006  20.710 0.0000000000
25012  -4.628  -61.665  19.308 0.0000000000
25013  -9.158  -61.249  19.887 0.0000000000
25014  -9.603  -60.832  20.203 0.0000000000
25033  -4.459  -61.807  17.993 0.0000000000
25034  -6.814  -61.946  17.875 0.0000000000
25035  -7.375  -61.902  18.274 0.0000000000
25036  -8.445  -61.637  18.823 0.0000000000
25057  -4.854  -61.583  16.802 0.0000000000
25058  -5.474  -61.750  16.830 0.0000000000
25059  -6.257  -61.934  17.315 0.0000000000
25060  -7.236  -61.335  17.385 0.0000000000
25061  -7.856  -61.457  18.056 0.0000000000
25081  -4.856  -61.172  15.628 0.0000000000
25082  -5.263  -61.318  15.967 0.0000000000
25083  -6.063  -61.306  16.060 0.0000000000
25084  -6.617  -61.364  16.718 0.0000000000
25093  -4.803  -61.134  15.205 0.0000000000
25094  -5.021  -61.221  15.209 0.0000000000
25095  -5.517  -61.184  15.287 0.0000000000
25875  -6.163  -60.903  24.925 0.0000000000
25876  -6.667  -60.842  25.037 0.0000000000
25887  -5.124  -60.874  24.295 0.0000000000
25888  -5.831  -60.643  24.553 0.0000000000
25889  -7.063  -60.327  24.760 0.0000000000
25904  -4.658  -61.068  23.345 0.0000000000
25905  -4.965  -60.625  23.737 0.0000000000
25906  -5.555  -60.201  23.894 0.0000000000
25907  -10.620  -61.130  23.148 0.0000000000
25908  -11.328  -60.824  23.272 0.0000000000
25927  -4.713  -60.833  22.814 0.0000000000
25928  -4.973  -60.232  22.807 0.0000000000
25929  -9.799  -61.006  22.073 0.0000000000
25930  -10.466  -60.661  22.340 0.0000000000
25931  -11.154  -60.352  22.583 0.0000000000
25945  -4.734  -60.498  21.892 0.0000000000
25946  -4.959  -59.858  22.152 0.0000000000
25947  -9.845  -60.762  21.424 0.0000000000
25948  -10.344  -60.355  21.382 0.0000000000
25961  -4.701  -60.334  20.930 0.0000000000
25962  -9.920  -60.603  20.641 0.0000000000
25963  -10.379  -60.171  20.603 0.0000000000
25975  -4.746  -60.483  19.710 0.0000000000
25976  -9.191  -60.939  19.201 0.0000000000
25977  -9.894  -60.397  19.654 0.0000000000
25978  -10.481  -59.988  20.109 0.0000000000
25996  -4.517  -60.884  18.261 0.0000000000
25997  -9.217  -60.366  18.492 0.0000000000
25998  -9.805  -60.077  18.893 0.0000000000
26016  -4.386  -61.045  17.005 0.0000000000
26017  -7.728  -60.288  16.928 0.0000000000
26018  -8.236  -60.799  17.811 0.0000000000
26030  -4.626  -60.995  15.880 0.0000000000
26031  -6.368  -60.891  15.596 0.0000000000
26032  -6.858  -60.733  16.151 0.0000000000
26038  -4.740  -61.019  14.868 0.0000000000
26039  -5.258  -61.102  14.575 0.0000000000
26040  -6.094  -60.866  14.807 0.0000000000
26041  -6.528  -60.653  15.399 0.0000000000
26047  -4.670  -60.810  14.312 0.0000000000
26048  -4.910  -60.887  13.868 0.0000000000
26049  -5.434  -60.880  13.829 0.0000000000
26054  -4.963  -60.806  13.285 0.0000000000
26055  -5.083  -60.880  13.400 0.0000000000
26895  -5.936  -60.113  24.075 0.0000000000
26896  -6.556  -59.971  24.185 0.0000000000
26906  -5.361  -60.114  23.350 0.0000000000
26907  -5.959  -59.807  23.512 0.0000000000
26926  -5.440  -59.756  22.705 0.0000000000
26927  -6.178  -59.319  22.618 0.0000000000
26929  -10.817  -60.181  22.001 0.0000000000
26945  -4.826  -59.877  21.481 0.0000000000
26946  -5.413  -59.378  21.655 0.0000000000
26947  -6.133  -59.002  21.811 0.0000000000
26962  -4.914  -59.709  20.646 0.0000000000
26963  -5.496  -59.146  20.464 0.0000000000
26984  -5.103  -59.537  19.551 0.0000000000
26985  -5.653  -58.909  19.467 0.0000000000
26986  -10.225  -59.809  19.026 0.0000000000
27008  -4.784  -59.946  18.458 0.0000000000
27009  -5.289  -59.183  18.537 0.0000000000
27010  -9.386  -59.684  17.990 0.0000000000
27011  -9.863  -59.631  18.429 0.0000000000
27030  -4.597  -60.264  17.249 0.0000000000
27031  -5.003  -59.477  17.462 0.0000000000
27032  -8.032  -59.699  16.614 0.0000000000
27033  -8.760  -59.484  17.254 0.0000000000
27034  -9.720  -59.220  17.762 0.0000000000
27044  -4.585  -60.472  16.094 0.0000000000
27045  -4.804  -59.773  16.322 0.0000000000
27046  -7.559  -59.899  16.018 0.0000000000
27047  -8.223  -59.278  16.119 0.0000000000
27055  -4.571  -60.635  15.082 0.0000000000
27056  -4.561  -60.016  15.201 0.0000000000
27057  -6.502  -60.339  14.298 0.0000000000
27058  -6.887  -60.097  15.032 0.0000000000
27059  -7.752  -59.411  15.176 0.0000000000
27068  -4.608  -60.749  14.553 0.0000000000
27069  -4.636  -60.440  14.184 0.0000000000
27070  -6.109  -60.469  13.719 0.0000000000
27071  -6.896  -59.711  13.854 0.0000000000
27072  -7.368  -59.546  14.521 0.0000000000
27082  -4.879  -60.537  13.344 0.0000000000
27083  -5.338  -60.470  13.210 0.0000000000
27084  -6.216  -59.714  12.981 0.0000000000
27100  -5.096  -60.110  12.992 0.0000000000
27101  -5.587  -59.706  12.833 0.0000000000
27987  -5.923  -58.888  21.136 0.0000000000
28006  -6.193  -58.602  20.274 0.0000000000
28024  -6.136  -58.464  19.349 0.0000000000
28040  -5.829  -58.582  18.615 0.0000000000
28041  -6.387  -58.112  18.782 0.0000000000
28060  -5.538  -58.764  17.656 0.0000000000
28061  -6.161  -58.214  17.876 0.0000000000
28062  -9.212  -58.795  16.766 0.0000000000
28076  -5.371  -59.095  16.567 0.0000000000
28077  -5.985  -58.418  16.836 0.0000000000
28078  -8.911  -58.730  16.245 0.0000000000
28090  -5.087  -59.365  15.439 0.0000000000
28091  -5.814  -58.737  15.676 0.0000000000
28092  -8.592  -58.807  15.255 0.0000000000
28098  -4.877  -59.612  14.331 0.0000000000
28099  -5.485  -59.039  14.661 0.0000000000
28100  -7.382  -59.237  13.460 0.0000000000
28111  -4.854  -59.900  13.401 0.0000000000
28126  -5.319  -59.590  12.960 0.0000000000
28990  -6.580  -57.791  17.169 0.0000000000
29008  -6.494  -58.010  16.016 0.0000000000
