#!ascii label  , from subject FREESURFER vox2ras=TkReg 
400
51152  -27.005  -33.985  43.086 0.0000000000
51153  -27.649  -34.074  42.866 0.0000000000
51174  -27.981  -33.695  42.331 0.0000000000
51175  -28.488  -33.943  42.153 0.0000000000
51197  -28.756  -33.670  41.785 0.0000000000
51198  -29.175  -33.780  41.711 0.0000000000
51199  -30.087  -33.981  41.593 0.0000000000
52152  -30.442  -32.982  50.029 0.0000000000
52214  -24.762  -33.341  44.184 0.0000000000
52215  -25.481  -33.729  43.892 0.0000000000
52216  -26.173  -34.058  43.621 0.0000000000
52222  -25.878  -33.193  43.165 0.0000000000
52223  -26.551  -33.503  42.972 0.0000000000
52224  -27.195  -33.708  42.770 0.0000000000
52235  -27.020  -32.911  42.376 0.0000000000
52236  -27.618  -33.244  42.179 0.0000000000
52237  -28.180  -33.543  42.049 0.0000000000
52250  -28.273  -32.743  41.799 0.0000000000
52251  -28.728  -33.183  41.693 0.0000000000
52252  -29.846  -33.140  41.288 0.0000000000
52253  -30.887  -33.231  41.191 0.0000000000
53154  -30.896  -33.067  50.340 0.0000000000
53155  -31.578  -32.852  50.401 0.0000000000
53156  -32.632  -32.389  50.505 0.0000000000
53169  -30.028  -32.812  49.478 0.0000000000
53170  -30.918  -32.829  49.526 0.0000000000
53171  -31.856  -32.527  49.427 0.0000000000
53172  -32.653  -32.081  49.235 0.0000000000
53181  -28.518  -32.451  49.048 0.0000000000
53182  -29.348  -32.598  48.787 0.0000000000
53183  -30.240  -32.592  48.654 0.0000000000
53184  -31.122  -32.441  48.569 0.0000000000
53185  -31.907  -32.178  48.453 0.0000000000
53186  -32.346  -31.621  48.396 0.0000000000
53194  -27.982  -31.983  48.583 0.0000000000
53195  -28.554  -32.129  48.030 0.0000000000
53196  -29.510  -32.306  47.914 0.0000000000
53197  -30.379  -32.353  47.750 0.0000000000
53198  -31.212  -32.163  47.644 0.0000000000
53199  -31.889  -31.903  47.561 0.0000000000
53200  -32.206  -31.275  47.634 0.0000000000
53208  -28.963  -31.846  47.388 0.0000000000
53209  -29.550  -32.108  46.969 0.0000000000
53210  -30.490  -32.162  46.859 0.0000000000
53211  -31.272  -32.035  46.709 0.0000000000
53212  -31.885  -31.572  46.711 0.0000000000
53213  -32.262  -31.051  47.020 0.0000000000
53226  -29.865  -32.012  46.273 0.0000000000
53227  -30.476  -32.052  45.905 0.0000000000
53228  -31.305  -31.805  45.730 0.0000000000
53229  -31.829  -31.385  45.994 0.0000000000
53238  -20.649  -31.973  44.727 0.0000000000
53239  -21.489  -32.283  44.506 0.0000000000
53240  -22.417  -32.326  44.268 0.0000000000
53241  -23.336  -32.591  44.192 0.0000000000
53242  -24.214  -32.894  44.096 0.0000000000
53243  -24.921  -32.927  43.785 0.0000000000
53244  -30.673  -32.036  45.269 0.0000000000
53245  -31.002  -32.033  45.065 0.0000000000
53251  -23.028  -31.962  43.742 0.0000000000
53252  -23.776  -32.123  43.557 0.0000000000
53253  -24.592  -32.318  43.377 0.0000000000
53254  -25.458  -32.607  43.084 0.0000000000
53255  -26.131  -32.811  42.843 0.0000000000
53264  -26.130  -32.219  42.627 0.0000000000
53265  -26.714  -32.407  42.434 0.0000000000
53266  -27.467  -32.327  42.289 0.0000000000
53275  -28.109  -32.311  42.001 0.0000000000
53276  -28.825  -32.262  41.708 0.0000000000
53277  -29.681  -32.270  41.395 0.0000000000
53278  -30.719  -32.321  41.257 0.0000000000
53279  -31.725  -32.418  41.216 0.0000000000
54186  -33.409  -31.607  51.141 0.0000000000
54201  -33.304  -31.612  49.966 0.0000000000
54202  -33.823  -30.929  50.539 0.0000000000
54213  -32.911  -31.273  49.028 0.0000000000
54214  -33.349  -30.842  49.528 0.0000000000
54221  -27.621  -29.730  48.409 0.0000000000
54222  -27.916  -30.525  48.680 0.0000000000
54223  -27.862  -31.468  48.951 0.0000000000
54224  -32.512  -30.985  48.352 0.0000000000
54225  -32.868  -30.571  48.650 0.0000000000
54233  -27.267  -29.457  48.057 0.0000000000
54234  -27.702  -29.877  47.969 0.0000000000
54235  -28.182  -30.939  48.100 0.0000000000
54236  -28.574  -31.292  47.469 0.0000000000
54237  -32.434  -30.555  47.732 0.0000000000
54238  -32.708  -30.137  48.076 0.0000000000
54246  -27.965  -30.053  47.445 0.0000000000
54247  -28.259  -30.515  46.964 0.0000000000
54248  -28.861  -31.258  46.691 0.0000000000
54249  -29.338  -31.641  46.224 0.0000000000
54250  -32.146  -31.150  46.405 0.0000000000
54251  -32.531  -30.636  46.687 0.0000000000
54262  -28.284  -30.657  46.011 0.0000000000
54263  -28.789  -31.260  45.699 0.0000000000
54264  -29.513  -31.803  45.497 0.0000000000
54265  -30.095  -32.038  45.142 0.0000000000
54266  -31.758  -31.577  45.528 0.0000000000
54267  -32.312  -31.178  45.648 0.0000000000
54268  -32.788  -30.491  46.018 0.0000000000
54276  -20.533  -31.117  44.742 0.0000000000
54277  -21.188  -31.308  44.389 0.0000000000
54278  -21.826  -31.675  44.164 0.0000000000
54279  -28.029  -30.908  45.077 0.0000000000
54280  -28.715  -31.393  44.769 0.0000000000
54281  -29.491  -31.731  44.576 0.0000000000
54282  -30.408  -31.951  44.586 0.0000000000
54283  -31.457  -31.751  44.790 0.0000000000
54284  -32.405  -31.273  44.544 0.0000000000
54289  -21.758  -31.082  44.058 0.0000000000
54290  -22.421  -31.343  43.795 0.0000000000
54291  -23.376  -31.250  43.282 0.0000000000
54292  -24.282  -31.578  43.045 0.0000000000
54293  -24.983  -31.810  42.923 0.0000000000
54294  -27.991  -30.967  44.015 0.0000000000
54295  -28.696  -31.345  43.808 0.0000000000
54296  -29.573  -31.664  43.732 0.0000000000
54297  -30.546  -31.783  43.698 0.0000000000
54298  -31.553  -31.604  43.647 0.0000000000
54299  -32.487  -31.198  43.549 0.0000000000
54308  -24.149  -30.786  42.956 0.0000000000
54309  -24.895  -31.052  42.750 0.0000000000
54310  -25.752  -31.503  42.627 0.0000000000
54311  -26.645  -31.608  42.654 0.0000000000
54312  -27.597  -31.487  42.941 0.0000000000
54313  -28.712  -31.523  42.965 0.0000000000
54314  -29.639  -31.672  42.859 0.0000000000
54315  -30.608  -31.665  42.749 0.0000000000
54316  -31.612  -31.516  42.668 0.0000000000
54317  -32.683  -31.187  42.633 0.0000000000
54318  -33.149  -31.250  42.192 0.0000000000
54327  -28.102  -31.850  42.455 0.0000000000
54328  -28.788  -31.726  42.215 0.0000000000
54329  -29.664  -31.689  42.001 0.0000000000
54330  -30.636  -31.715  41.864 0.0000000000
54331  -31.638  -31.724  41.800 0.0000000000
54332  -32.533  -31.725  41.700 0.0000000000
55255  -33.504  -30.040  51.097 0.0000000000
55265  -33.311  -30.192  50.028 0.0000000000
55275  -32.970  -30.199  49.081 0.0000000000
55284  -25.965  -28.517  48.103 0.0000000000
55285  -26.972  -29.076  48.433 0.0000000000
55286  -32.801  -30.086  48.401 0.0000000000
55298  -25.919  -28.541  47.606 0.0000000000
55299  -26.712  -29.110  47.464 0.0000000000
55300  -27.495  -29.668  47.394 0.0000000000
55301  -32.673  -30.054  47.417 0.0000000000
55302  -32.866  -29.831  47.880 0.0000000000
55313  -26.542  -29.134  46.338 0.0000000000
55314  -27.474  -29.703  46.627 0.0000000000
55315  -27.999  -30.137  46.256 0.0000000000
55316  -32.833  -29.956  46.675 0.0000000000
55317  -32.867  -29.734  47.347 0.0000000000
55329  -26.470  -29.102  45.866 0.0000000000
55330  -26.808  -29.396  45.693 0.0000000000
55331  -27.609  -30.079  45.512 0.0000000000
55332  -32.917  -30.575  45.277 0.0000000000
55333  -32.957  -29.914  45.893 0.0000000000
55339  -20.902  -30.497  44.660 0.0000000000
55340  -21.487  -30.507  44.287 0.0000000000
55341  -26.941  -29.662  44.777 0.0000000000
55342  -27.442  -30.335  44.352 0.0000000000
55343  -33.026  -30.517  44.367 0.0000000000
55349  -22.074  -30.508  43.921 0.0000000000
55350  -22.731  -30.484  43.542 0.0000000000
55351  -23.586  -30.254  43.188 0.0000000000
55352  -24.168  -29.987  43.086 0.0000000000
55353  -25.945  -29.872  43.243 0.0000000000
55354  -26.496  -29.921  43.624 0.0000000000
55355  -27.191  -30.787  43.428 0.0000000000
55356  -33.109  -30.436  43.469 0.0000000000
55357  -33.291  -30.176  43.095 0.0000000000
55365  -24.132  -30.311  43.010 0.0000000000
55366  -24.671  -30.285  42.944 0.0000000000
55367  -25.614  -30.257  42.894 0.0000000000
55368  -26.520  -30.839  42.879 0.0000000000
55369  -26.973  -31.215  42.990 0.0000000000
55370  -33.201  -30.643  42.985 0.0000000000
55371  -33.417  -30.507  42.668 0.0000000000
55380  -33.574  -30.927  42.085 0.0000000000
56314  -33.397  -29.280  50.479 0.0000000000
56331  -33.076  -29.450  49.445 0.0000000000
56347  -23.726  -27.513  48.446 0.0000000000
56348  -25.052  -27.840  48.642 0.0000000000
56349  -32.911  -29.609  48.426 0.0000000000
56364  -23.385  -27.870  47.508 0.0000000000
56365  -25.021  -28.199  47.592 0.0000000000
56366  -25.886  -28.559  47.347 0.0000000000
56367  -32.897  -29.201  47.253 0.0000000000
56368  -32.947  -29.562  47.635 0.0000000000
56379  -22.860  -28.161  46.709 0.0000000000
56380  -24.403  -28.233  46.294 0.0000000000
56381  -25.777  -28.640  46.774 0.0000000000
56382  -32.968  -29.393  46.456 0.0000000000
56383  -32.975  -29.576  47.056 0.0000000000
56390  -20.959  -29.653  44.988 0.0000000000
56391  -21.457  -29.296  44.851 0.0000000000
56392  -24.808  -28.659  44.953 0.0000000000
56393  -25.990  -28.842  45.549 0.0000000000
56394  -26.583  -29.236  45.138 0.0000000000
56395  -32.861  -29.502  45.197 0.0000000000
56396  -32.960  -29.451  45.849 0.0000000000
56400  -21.287  -30.057  44.550 0.0000000000
56401  -21.880  -29.637  44.324 0.0000000000
56402  -22.486  -29.204  44.143 0.0000000000
56403  -24.849  -29.052  43.959 0.0000000000
56404  -25.659  -29.025  44.369 0.0000000000
56405  -26.352  -29.271  44.539 0.0000000000
56406  -32.860  -29.528  44.136 0.0000000000
56412  -22.364  -30.040  43.841 0.0000000000
56413  -22.865  -29.583  43.728 0.0000000000
56414  -23.822  -29.537  43.399 0.0000000000
56415  -24.706  -29.646  43.263 0.0000000000
56416  -25.605  -29.566  43.468 0.0000000000
56417  -26.075  -29.381  43.954 0.0000000000
56418  -33.105  -29.385  43.341 0.0000000000
56419  -33.356  -29.854  42.963 0.0000000000
56427  -25.078  -30.000  43.041 0.0000000000
56428  -25.242  -29.875  43.135 0.0000000000
56429  -33.139  -28.844  43.053 0.0000000000
57344  -33.408  -28.354  50.847 0.0000000000
57353  -33.084  -28.606  49.903 0.0000000000
57359  -32.586  -28.203  48.533 0.0000000000
57360  -32.854  -28.716  48.848 0.0000000000
57365  -32.611  -28.591  47.840 0.0000000000
57366  -32.846  -29.208  47.965 0.0000000000
57375  -21.490  -28.626  45.942 0.0000000000
57376  -22.370  -28.347  46.005 0.0000000000
57377  -23.274  -28.190  45.924 0.0000000000
57378  -31.840  -28.397  46.464 0.0000000000
57379  -32.365  -28.715  46.764 0.0000000000
57386  -20.848  -29.286  45.570 0.0000000000
57387  -21.301  -29.010  45.310 0.0000000000
57388  -22.014  -28.641  45.322 0.0000000000
57389  -22.856  -28.441  45.269 0.0000000000
57390  -23.790  -28.424  45.224 0.0000000000
57391  -31.444  -28.112  45.472 0.0000000000
57392  -31.971  -28.496  45.695 0.0000000000
57393  -32.794  -29.041  45.944 0.0000000000
57399  -21.754  -28.997  44.825 0.0000000000
57400  -22.402  -28.834  44.590 0.0000000000
57401  -23.245  -28.672  44.539 0.0000000000
57402  -24.070  -28.712  44.330 0.0000000000
57403  -30.963  -27.801  44.738 0.0000000000
57404  -31.334  -28.015  44.974 0.0000000000
57405  -32.237  -28.690  44.638 0.0000000000
57412  -22.857  -28.946  44.089 0.0000000000
57413  -23.484  -28.977  43.867 0.0000000000
57414  -24.182  -29.098  43.689 0.0000000000
57415  -31.013  -27.900  44.413 0.0000000000
57416  -31.616  -28.247  44.162 0.0000000000
57417  -32.395  -28.670  43.821 0.0000000000
57426  -31.114  -27.966  43.801 0.0000000000
57427  -31.714  -28.088  43.455 0.0000000000
57428  -32.617  -28.351  43.176 0.0000000000
58281  -33.347  -27.549  51.269 0.0000000000
58288  -32.815  -27.383  49.859 0.0000000000
58289  -33.005  -27.597  50.229 0.0000000000
58294  -32.650  -27.697  49.290 0.0000000000
58295  -32.865  -28.178  49.571 0.0000000000
58299  -31.792  -27.565  47.881 0.0000000000
58300  -32.187  -27.684  48.192 0.0000000000
58306  -31.128  -27.680  46.608 0.0000000000
58307  -31.568  -27.841  47.146 0.0000000000
58308  -32.185  -28.251  47.489 0.0000000000
58315  -30.641  -27.416  45.444 0.0000000000
58316  -31.030  -27.731  45.861 0.0000000000
58317  -31.557  -28.187  46.275 0.0000000000
58323  -30.055  -27.272  44.527 0.0000000000
58324  -30.532  -27.470  44.882 0.0000000000
58325  -30.983  -27.776  45.207 0.0000000000
58332  -29.929  -27.385  44.181 0.0000000000
58333  -30.512  -27.757  43.963 0.0000000000
58343  -29.976  -27.494  43.449 0.0000000000
58344  -30.761  -27.858  43.101 0.0000000000
58345  -31.751  -27.880  42.650 0.0000000000
59206  -33.489  -26.780  51.995 0.0000000000
59213  -32.789  -26.521  50.571 0.0000000000
59214  -33.007  -26.702  50.914 0.0000000000
59222  -32.760  -26.842  50.066 0.0000000000
59223  -32.953  -27.051  50.393 0.0000000000
59229  -31.801  -26.620  48.688 0.0000000000
59230  -32.095  -26.801  48.989 0.0000000000
59235  -31.664  -27.043  48.278 0.0000000000
59236  -32.023  -27.207  48.498 0.0000000000
59240  -30.864  -27.231  46.818 0.0000000000
59241  -31.026  -26.863  47.615 0.0000000000
59248  -30.304  -27.025  45.646 0.0000000000
59249  -30.380  -26.721  46.356 0.0000000000
59256  -29.688  -26.933  44.541 0.0000000000
59257  -29.721  -26.532  45.212 0.0000000000
59263  -28.871  -26.329  42.755 0.0000000000
59264  -29.337  -26.756  43.633 0.0000000000
59278  -28.883  -26.432  41.901 0.0000000000
59279  -29.784  -27.158  42.428 0.0000000000
59280  -30.971  -27.658  42.157 0.0000000000
59281  -31.591  -27.732  42.089 0.0000000000
60244  -33.222  -25.891  51.733 0.0000000000
60251  -32.589  -25.892  50.772 0.0000000000
60252  -32.969  -26.004  51.220 0.0000000000
60258  -31.661  -25.324  49.526 0.0000000000
60259  -32.122  -25.956  49.843 0.0000000000
60268  -31.597  -26.001  48.812 0.0000000000
60269  -31.915  -26.021  49.268 0.0000000000
60278  -30.675  -25.527  47.945 0.0000000000
60279  -31.101  -26.223  48.223 0.0000000000
60287  -29.900  -25.312  46.749 0.0000000000
60288  -30.365  -26.136  47.216 0.0000000000
60289  -30.755  -26.241  47.794 0.0000000000
60298  -29.768  -25.854  45.984 0.0000000000
60299  -30.063  -26.048  46.591 0.0000000000
60311  -28.985  -25.764  44.574 0.0000000000
60312  -29.325  -25.727  45.355 0.0000000000
60326  -28.502  -25.612  42.783 0.0000000000
60327  -28.714  -25.711  43.464 0.0000000000
60345  -28.474  -25.886  42.279 0.0000000000
61273  -32.784  -24.452  51.852 0.0000000000
61274  -33.097  -24.731  52.127 0.0000000000
61280  -32.552  -24.666  51.419 0.0000000000
61281  -32.888  -25.464  51.472 0.0000000000
61289  -31.487  -24.569  49.696 0.0000000000
61290  -31.883  -24.607  50.376 0.0000000000
61298  -30.922  -24.268  48.632 0.0000000000
61299  -31.156  -24.539  49.009 0.0000000000
61306  -30.774  -24.507  48.283 0.0000000000
61307  -31.049  -25.379  48.501 0.0000000000
61314  -29.822  -24.555  46.810 0.0000000000
61315  -30.175  -24.558  47.402 0.0000000000
61324  -29.598  -24.571  46.283 0.0000000000
61336  -28.826  -24.659  44.589 0.0000000000
61337  -29.141  -24.587  45.348 0.0000000000
61347  -28.419  -25.020  43.061 0.0000000000
61348  -28.671  -24.579  43.786 0.0000000000
61359  -28.258  -25.038  42.279 0.0000000000
62270  -32.660  -23.812  51.941 0.0000000000
62271  -33.153  -23.273  52.817 0.0000000000
62277  -32.172  -23.416  51.184 0.0000000000
62286  -31.369  -23.679  49.735 0.0000000000
62287  -31.737  -23.025  50.345 0.0000000000
62296  -30.894  -23.779  48.504 0.0000000000
62297  -31.043  -23.144  48.984 0.0000000000
62307  -30.644  -23.483  47.831 0.0000000000
62317  -29.829  -23.788  46.693 0.0000000000
62318  -30.308  -23.127  47.099 0.0000000000
62329  -29.635  -23.307  45.826 0.0000000000
62330  -30.122  -22.861  46.389 0.0000000000
62343  -28.981  -23.758  44.400 0.0000000000
62344  -29.363  -23.149  44.901 0.0000000000
62357  -28.502  -24.159  42.789 0.0000000000
62358  -28.911  -23.079  43.359 0.0000000000
62359  -29.413  -22.847  44.135 0.0000000000
62372  -28.681  -23.321  42.223 0.0000000000
63295  -32.648  -22.159  51.877 0.0000000000
63296  -33.278  -21.897  52.717 0.0000000000
63302  -32.041  -22.121  50.849 0.0000000000
63309  -31.529  -22.176  49.534 0.0000000000
63310  -31.788  -22.121  50.201 0.0000000000
63317  -31.044  -22.816  48.162 0.0000000000
63318  -31.340  -22.093  48.495 0.0000000000
63325  -31.030  -22.309  47.344 0.0000000000
63326  -31.257  -22.143  47.881 0.0000000000
63335  -30.715  -22.240  46.542 0.0000000000
63344  -29.810  -22.481  45.141 0.0000000000
63345  -30.337  -22.142  45.696 0.0000000000
63354  -29.771  -22.320  44.428 0.0000000000
63355  -30.185  -21.820  44.753 0.0000000000
63363  -29.331  -22.252  42.997 0.0000000000
63364  -29.802  -21.992  43.591 0.0000000000
63365  -30.076  -21.833  44.176 0.0000000000
63374  -29.130  -22.484  42.335 0.0000000000
63375  -29.685  -21.794  42.559 0.0000000000
64287  -32.891  -21.128  51.660 0.0000000000
64288  -33.412  -20.805  52.114 0.0000000000
64301  -32.700  -20.987  50.996 0.0000000000
64302  -33.103  -20.728  51.451 0.0000000000
64308  -31.844  -21.334  49.410 0.0000000000
64309  -32.070  -21.227  49.997 0.0000000000
64315  -31.877  -21.106  48.729 0.0000000000
64316  -32.061  -20.968  49.328 0.0000000000
64323  -31.340  -21.640  47.074 0.0000000000
64324  -31.576  -21.374  47.584 0.0000000000
64333  -31.170  -21.734  46.741 0.0000000000
64334  -31.568  -21.184  46.711 0.0000000000
64342  -31.133  -21.378  46.058 0.0000000000
64351  -30.839  -21.265  45.092 0.0000000000
64358  -30.041  -21.383  43.584 0.0000000000
64359  -30.392  -21.097  44.032 0.0000000000
64367  -30.048  -21.082  43.047 0.0000000000
65381  -32.974  -20.432  50.738 0.0000000000
65382  -33.412  -20.103  50.996 0.0000000000
65399  -32.843  -20.256  50.200 0.0000000000
65400  -33.535  -19.592  50.035 0.0000000000
65412  -32.303  -20.348  48.454 0.0000000000
65413  -32.460  -20.354  49.144 0.0000000000
65425  -32.182  -20.473  47.814 0.0000000000
66522  -33.222  -19.592  49.310 0.0000000000
66544  -32.546  -20.025  48.533 0.0000000000
66545  -32.933  -19.601  48.469 0.0000000000
66565  -32.567  -19.948  48.039 0.0000000000
