#!ascii label  , from subject FREESURFER vox2ras=TkReg 
260
74949  -54.644  -11.269  27.651 0.0000000000
74958  -54.871  -11.452  26.717 0.0000000000
74959  -55.343  -11.301  25.949 0.0000000000
75939  -54.863  -10.315  27.741 0.0000000000
75940  -55.189  -10.042  26.986 0.0000000000
75954  -55.037  -10.730  27.114 0.0000000000
75955  -55.417  -10.449  26.365 0.0000000000
75957  -40.475  -10.017  25.785 0.0000000000
75958  -41.139  -10.130  25.668 0.0000000000
75959  -41.906  -10.246  25.611 0.0000000000
75960  -42.675  -10.415  25.547 0.0000000000
75961  -43.568  -10.541  25.396 0.0000000000
75962  -44.616  -10.677  25.534 0.0000000000
75963  -45.610  -10.635  25.543 0.0000000000
75964  -46.580  -10.551  25.579 0.0000000000
75965  -47.500  -10.429  25.596 0.0000000000
75966  -48.371  -10.275  25.587 0.0000000000
75967  -49.182  -10.099  25.581 0.0000000000
75968  -55.601  -10.604  25.353 0.0000000000
75970  -44.086  -10.308  24.811 0.0000000000
75971  -44.883  -10.396  24.532 0.0000000000
75972  -45.906  -10.475  24.699 0.0000000000
75973  -46.789  -10.525  24.720 0.0000000000
75974  -47.679  -10.498  24.737 0.0000000000
75975  -48.532  -10.368  24.752 0.0000000000
75976  -49.401  -10.155  24.728 0.0000000000
75977  -49.949  -10.024  24.390 0.0000000000
75978  -55.656  -10.869  24.331 0.0000000000
75980  -45.409  -10.265  23.896 0.0000000000
75981  -46.147  -10.343  23.906 0.0000000000
75982  -47.006  -10.469  23.747 0.0000000000
75983  -47.878  -10.491  23.943 0.0000000000
75984  -48.655  -10.415  23.920 0.0000000000
75985  -49.402  -10.220  23.831 0.0000000000
75986  -50.120  -9.990  23.789 0.0000000000
75990  -47.455  -10.360  23.344 0.0000000000
75991  -47.956  -10.297  23.212 0.0000000000
75992  -48.732  -10.217  23.136 0.0000000000
75993  -49.531  -10.087  23.087 0.0000000000
75994  -50.262  -9.924  23.104 0.0000000000
77005  -54.769  -9.326  27.862 0.0000000000
77006  -55.215  -9.356  27.243 0.0000000000
77013  -52.516  -9.326  26.486 0.0000000000
77014  -55.491  -9.390  26.525 0.0000000000
77016  -40.066  -9.418  25.766 0.0000000000
77017  -40.791  -9.422  25.471 0.0000000000
77018  -41.537  -9.454  25.257 0.0000000000
77019  -42.262  -9.732  25.199 0.0000000000
77020  -42.862  -9.958  25.051 0.0000000000
77021  -49.977  -9.917  25.645 0.0000000000
77022  -50.784  -9.783  25.651 0.0000000000
77023  -51.669  -9.651  25.557 0.0000000000
77024  -52.542  -9.248  25.482 0.0000000000
77025  -55.613  -9.511  25.625 0.0000000000
77027  -41.978  -9.147  24.896 0.0000000000
77028  -42.529  -9.264  24.593 0.0000000000
77029  -43.376  -9.790  24.511 0.0000000000
77030  -44.083  -9.968  24.132 0.0000000000
77031  -50.157  -9.946  25.007 0.0000000000
77032  -50.754  -9.870  24.660 0.0000000000
77033  -51.740  -9.605  24.566 0.0000000000
77034  -52.583  -9.126  24.486 0.0000000000
77035  -55.641  -9.647  24.546 0.0000000000
77037  -43.029  -9.001  24.026 0.0000000000
77038  -43.693  -9.266  23.714 0.0000000000
77039  -44.644  -9.624  23.387 0.0000000000
77040  -45.617  -9.884  23.265 0.0000000000
77041  -46.329  -10.075  23.206 0.0000000000
77042  -50.936  -9.785  23.710 0.0000000000
77043  -51.853  -9.401  23.569 0.0000000000
77044  -52.657  -8.840  23.585 0.0000000000
77045  -55.624  -9.926  23.258 0.0000000000
77048  -45.301  -9.267  22.790 0.0000000000
77049  -46.037  -9.497  22.715 0.0000000000
77050  -47.075  -9.867  22.680 0.0000000000
77051  -48.049  -9.894  22.577 0.0000000000
77052  -48.879  -9.811  22.478 0.0000000000
77053  -49.791  -9.706  22.459 0.0000000000
77054  -50.913  -9.510  22.674 0.0000000000
77055  -52.120  -8.840  22.608 0.0000000000
77056  -52.768  -8.500  23.044 0.0000000000
77060  -47.617  -9.480  22.260 0.0000000000
77061  -48.191  -9.318  22.081 0.0000000000
77062  -49.100  -9.219  21.937 0.0000000000
77063  -50.127  -9.144  21.841 0.0000000000
77064  -51.169  -8.846  21.877 0.0000000000
77065  -51.896  -8.464  21.908 0.0000000000
77985  -53.822  -8.085  27.361 0.0000000000
77986  -54.546  -8.407  27.598 0.0000000000
77987  -55.038  -8.724  27.335 0.0000000000
77991  -53.217  -8.682  26.413 0.0000000000
77992  -53.767  -8.140  26.200 0.0000000000
77993  -54.957  -8.308  27.026 0.0000000000
77994  -55.274  -8.594  26.749 0.0000000000
77997  -40.391  -8.559  25.426 0.0000000000
77998  -41.028  -8.859  25.198 0.0000000000
77999  -53.233  -8.649  25.380 0.0000000000
78000  -53.779  -8.099  25.219 0.0000000000
78001  -55.424  -8.648  25.900 0.0000000000
78003  -40.905  -8.229  25.150 0.0000000000
78004  -41.494  -8.457  24.907 0.0000000000
78005  -42.075  -8.658  24.617 0.0000000000
78006  -53.249  -8.516  24.409 0.0000000000
78007  -53.771  -7.911  24.281 0.0000000000
78008  -55.553  -8.571  24.873 0.0000000000
78010  -41.882  -8.092  24.528 0.0000000000
78011  -42.423  -8.264  24.089 0.0000000000
78012  -43.290  -8.267  23.417 0.0000000000
78013  -44.004  -8.755  23.117 0.0000000000
78014  -53.237  -8.246  23.528 0.0000000000
78015  -53.718  -7.601  23.421 0.0000000000
78016  -55.525  -8.578  23.734 0.0000000000
78018  -43.910  -8.041  22.841 0.0000000000
78019  -44.710  -8.442  22.525 0.0000000000
78020  -45.663  -8.758  22.342 0.0000000000
78021  -46.419  -9.044  22.246 0.0000000000
78022  -52.370  -8.324  22.157 0.0000000000
78023  -53.074  -7.928  22.521 0.0000000000
78024  -53.701  -7.373  22.883 0.0000000000
78025  -55.456  -8.534  22.528 0.0000000000
78027  -45.442  -8.050  22.042 0.0000000000
78028  -46.209  -8.234  21.895 0.0000000000
78029  -47.278  -8.758  21.871 0.0000000000
78030  -48.382  -8.636  21.549 0.0000000000
78031  -49.403  -8.555  21.344 0.0000000000
78032  -50.472  -8.420  21.257 0.0000000000
78033  -51.482  -8.194  21.333 0.0000000000
78034  -52.421  -7.925  21.681 0.0000000000
78035  -52.958  -7.599  21.870 0.0000000000
78036  -55.178  -7.403  20.811 0.0000000000
78037  -55.303  -8.320  21.060 0.0000000000
78942  -54.175  -7.905  26.696 0.0000000000
78943  -54.324  -8.024  27.104 0.0000000000
78948  -54.216  -7.825  25.937 0.0000000000
78949  -54.642  -8.033  26.643 0.0000000000
78950  -55.011  -8.221  26.682 0.0000000000
78955  -54.238  -7.760  24.976 0.0000000000
78956  -54.662  -7.886  25.618 0.0000000000
78957  -55.067  -8.153  26.184 0.0000000000
78959  -40.538  -7.877  25.320 0.0000000000
78960  -41.013  -7.265  25.086 0.0000000000
78961  -41.481  -6.684  24.727 0.0000000000
78962  -54.147  -7.332  24.115 0.0000000000
78963  -54.645  -7.676  24.596 0.0000000000
78964  -55.113  -8.025  25.220 0.0000000000
78966  -41.564  -7.781  24.707 0.0000000000
78967  -41.874  -7.212  24.353 0.0000000000
78968  -42.744  -7.128  23.550 0.0000000000
78969  -54.147  -6.950  23.228 0.0000000000
78970  -54.618  -7.228  23.773 0.0000000000
78971  -55.099  -7.647  24.020 0.0000000000
78973  -43.534  -7.293  22.960 0.0000000000
78974  -44.219  -7.371  22.440 0.0000000000
78975  -53.282  -7.365  21.980 0.0000000000
78976  -53.742  -7.131  22.385 0.0000000000
78977  -55.300  -7.587  23.075 0.0000000000
78979  -44.972  -7.381  21.955 0.0000000000
78980  -45.784  -7.407  21.613 0.0000000000
78981  -46.803  -7.396  21.310 0.0000000000
78982  -47.792  -7.954  21.270 0.0000000000
78983  -48.725  -7.860  20.991 0.0000000000
78984  -49.824  -7.809  20.791 0.0000000000
78985  -50.927  -7.680  20.804 0.0000000000
78986  -51.977  -7.483  21.013 0.0000000000
78987  -53.028  -7.193  21.375 0.0000000000
78988  -53.548  -7.121  21.830 0.0000000000
78989  -55.202  -7.055  21.309 0.0000000000
78990  -55.284  -7.405  22.137 0.0000000000
78992  -47.128  -6.707  20.826 0.0000000000
78993  -47.934  -7.049  20.728 0.0000000000
78994  -49.194  -7.086  20.414 0.0000000000
78995  -50.368  -7.093  20.365 0.0000000000
78996  -51.475  -7.022  20.499 0.0000000000
78997  -52.462  -6.937  20.730 0.0000000000
78998  -53.000  -6.840  20.915 0.0000000000
78999  -54.892  -6.970  20.641 0.0000000000
79009  -54.623  -7.001  19.742 0.0000000000
79901  -41.797  -6.090  24.501 0.0000000000
79903  -42.357  -6.197  23.957 0.0000000000
79904  -42.888  -6.131  23.520 0.0000000000
79905  -54.534  -6.766  22.981 0.0000000000
79906  -54.676  -6.917  23.253 0.0000000000
79907  -54.865  -7.137  23.563 0.0000000000
79909  -43.323  -6.399  23.108 0.0000000000
79910  -43.863  -6.517  22.563 0.0000000000
79911  -54.387  -6.794  22.550 0.0000000000
79912  -54.795  -6.753  22.822 0.0000000000
79913  -55.013  -7.046  23.253 0.0000000000
79915  -44.519  -6.498  22.012 0.0000000000
79916  -45.419  -6.411  21.416 0.0000000000
79917  -46.063  -6.881  21.261 0.0000000000
79918  -53.412  -6.851  21.037 0.0000000000
79919  -53.949  -6.820  21.675 0.0000000000
79920  -54.861  -6.672  22.070 0.0000000000
79921  -55.146  -6.937  22.694 0.0000000000
79929  -45.769  -5.829  21.036 0.0000000000
79930  -46.399  -6.240  20.845 0.0000000000
79931  -47.457  -6.152  20.342 0.0000000000
79932  -48.621  -6.155  19.955 0.0000000000
79933  -49.827  -6.464  19.909 0.0000000000
79934  -50.985  -6.571  19.963 0.0000000000
79935  -52.083  -6.587  20.181 0.0000000000
79936  -53.068  -6.681  20.521 0.0000000000
79937  -53.867  -6.714  20.845 0.0000000000
79938  -54.530  -6.786  21.203 0.0000000000
79948  -48.799  -5.627  19.595 0.0000000000
79949  -49.382  -5.806  19.509 0.0000000000
79950  -50.436  -6.097  19.435 0.0000000000
79951  -51.634  -6.283  19.396 0.0000000000
79952  -52.779  -6.471  19.781 0.0000000000
79953  -53.782  -6.509  20.063 0.0000000000
79954  -54.364  -6.693  20.521 0.0000000000
80875  -42.938  -5.556  23.948 0.0000000000
80876  -43.466  -5.493  23.479 0.0000000000
80877  -44.113  -5.102  23.045 0.0000000000
80880  -43.703  -5.814  22.835 0.0000000000
80881  -44.204  -5.668  22.361 0.0000000000
80887  -44.782  -5.537  21.726 0.0000000000
80888  -45.408  -5.377  21.234 0.0000000000
80899  -45.970  -5.257  20.698 0.0000000000
80900  -46.886  -5.168  20.114 0.0000000000
80901  -47.967  -5.472  19.819 0.0000000000
80902  -48.530  -5.567  19.667 0.0000000000
80911  -47.060  -4.640  19.672 0.0000000000
80912  -47.609  -4.808  19.521 0.0000000000
80913  -48.703  -5.111  19.175 0.0000000000
80914  -49.919  -5.511  18.964 0.0000000000
80915  -50.876  -5.894  18.933 0.0000000000
80925  -48.863  -4.663  18.550 0.0000000000
80926  -49.514  -4.863  18.246 0.0000000000
81840  -44.700  -4.559  22.388 0.0000000000
81847  -45.100  -4.678  21.596 0.0000000000
81848  -45.462  -4.518  20.870 0.0000000000
81857  -46.057  -4.394  20.102 0.0000000000
81858  -46.684  -4.465  19.748 0.0000000000
81865  -46.415  -4.009  19.544 0.0000000000
81866  -47.064  -4.159  19.189 0.0000000000
81867  -47.928  -4.411  18.936 0.0000000000
81868  -48.479  -4.488  18.636 0.0000000000
81875  -47.546  -3.874  18.648 0.0000000000
81876  -48.086  -4.030  18.370 0.0000000000
81877  -48.739  -4.249  18.010 0.0000000000
81878  -49.314  -4.432  17.696 0.0000000000
81885  -49.050  -4.074  17.405 0.0000000000
82830  -45.018  -4.258  21.883 0.0000000000
82839  -45.540  -3.599  20.404 0.0000000000
82846  -46.006  -3.509  19.702 0.0000000000
82847  -46.513  -3.391  19.188 0.0000000000
82853  -47.033  -3.356  18.652 0.0000000000
82854  -47.603  -3.379  18.115 0.0000000000
82855  -48.174  -3.712  17.866 0.0000000000
82860  -47.881  -3.284  17.541 0.0000000000
82861  -48.497  -3.539  17.237 0.0000000000
83894  -46.143  -2.885  19.350 0.0000000000
83900  -46.038  -2.347  19.333 0.0000000000
83901  -46.459  -2.495  18.680 0.0000000000
83902  -47.071  -2.798  18.182 0.0000000000
83907  -46.811  -2.229  17.920 0.0000000000
83908  -47.337  -2.539  17.487 0.0000000000
83909  -47.880  -2.941  17.070 0.0000000000
