#!ascii label  , from subject FREESURFER vox2ras=TkReg 
400
37359  -9.610  -47.598  56.310 0.0000000000
37360  -10.164  -47.379  56.090 0.0000000000
38165  -10.674  -47.279  56.471 0.0000000000
38166  -11.110  -46.877  56.329 0.0000000000
38174  -9.841  -46.965  55.544 0.0000000000
38175  -10.536  -46.859  55.644 0.0000000000
38176  -10.951  -46.953  56.042 0.0000000000
38184  -9.975  -46.560  55.074 0.0000000000
38185  -10.216  -46.692  55.293 0.0000000000
39032  -9.350  -46.660  55.494 0.0000000000
39033  -10.745  -46.585  55.370 0.0000000000
39034  -11.162  -46.463  55.589 0.0000000000
39038  -9.176  -46.208  55.243 0.0000000000
39039  -9.728  -46.301  54.992 0.0000000000
39040  -10.502  -46.302  54.999 0.0000000000
39041  -11.157  -45.869  54.869 0.0000000000
39961  -9.311  -45.633  54.805 0.0000000000
39962  -10.083  -45.409  54.354 0.0000000000
39963  -10.833  -45.488  54.412 0.0000000000
39969  -10.332  -44.950  54.084 0.0000000000
39970  -10.596  -44.969  54.081 0.0000000000
40872  -8.986  -45.232  54.978 0.0000000000
40873  -9.358  -44.647  54.536 0.0000000000
40880  -10.263  -44.515  53.779 0.0000000000
40881  -10.948  -44.631  53.641 0.0000000000
40887  -10.427  -44.082  53.255 0.0000000000
40888  -10.796  -44.196  53.197 0.0000000000
41742  -9.338  -43.576  54.561 0.0000000000
41749  -9.740  -43.800  53.837 0.0000000000
41756  -10.157  -43.794  53.293 0.0000000000
41757  -10.570  -43.704  52.926 0.0000000000
41758  -11.196  -43.686  52.711 0.0000000000
41765  -11.592  -43.308  52.450 0.0000000000
42654  -9.631  -42.972  53.908 0.0000000000
42655  -9.775  -42.175  54.100 0.0000000000
42666  -9.998  -43.196  53.227 0.0000000000
42667  -10.094  -42.431  53.218 0.0000000000
42678  -10.293  -43.395  52.936 0.0000000000
42679  -10.668  -42.927  52.537 0.0000000000
42680  -11.192  -43.176  52.410 0.0000000000
42690  -11.058  -42.681  52.278 0.0000000000
42691  -11.410  -42.729  52.170 0.0000000000
42692  -12.120  -42.483  51.814 0.0000000000
43669  -9.901  -41.355  54.276 0.0000000000
43680  -10.138  -41.638  53.363 0.0000000000
43691  -10.699  -41.801  52.448 0.0000000000
43692  -11.145  -41.256  51.897 0.0000000000
43704  -11.075  -42.377  52.192 0.0000000000
43705  -11.559  -41.775  51.612 0.0000000000
43706  -12.471  -41.799  51.372 0.0000000000
43718  -11.836  -41.164  51.238 0.0000000000
43719  -12.199  -41.236  51.072 0.0000000000
43720  -12.859  -41.291  50.723 0.0000000000
44703  -10.153  -40.373  54.446 0.0000000000
44704  -10.537  -39.562  54.126 0.0000000000
44723  -10.304  -40.864  53.425 0.0000000000
44724  -10.648  -40.035  53.331 0.0000000000
44742  -10.478  -41.249  52.879 0.0000000000
44743  -10.888  -40.718  52.399 0.0000000000
44763  -11.602  -40.715  51.362 0.0000000000
44764  -11.933  -40.274  51.031 0.0000000000
44782  -12.012  -40.899  51.040 0.0000000000
44783  -12.360  -40.454  50.553 0.0000000000
44784  -13.368  -40.709  50.137 0.0000000000
44785  -14.293  -40.784  50.025 0.0000000000
44800  -12.684  -39.907  50.000 0.0000000000
44801  -13.085  -40.086  49.752 0.0000000000
44802  -13.939  -40.125  49.457 0.0000000000
44803  -14.845  -40.172  49.479 0.0000000000
45720  -10.871  -38.325  55.001 0.0000000000
45731  -10.671  -38.918  54.489 0.0000000000
45732  -11.125  -38.453  54.005 0.0000000000
45744  -10.987  -39.121  53.362 0.0000000000
45745  -11.368  -38.485  53.128 0.0000000000
45757  -11.259  -39.778  52.416 0.0000000000
45758  -11.627  -38.931  52.357 0.0000000000
45771  -11.396  -40.220  51.836 0.0000000000
45772  -11.855  -39.663  51.271 0.0000000000
45787  -12.599  -39.344  50.184 0.0000000000
45788  -13.090  -38.785  49.918 0.0000000000
45801  -12.967  -39.656  49.837 0.0000000000
45802  -13.476  -39.244  49.517 0.0000000000
45803  -14.675  -39.267  48.981 0.0000000000
45804  -15.810  -39.606  49.210 0.0000000000
45818  -15.019  -38.896  48.720 0.0000000000
45819  -15.309  -38.981  48.756 0.0000000000
46754  -11.172  -37.632  56.517 0.0000000000
46761  -11.184  -37.701  55.509 0.0000000000
46768  -11.259  -37.800  54.505 0.0000000000
46775  -11.378  -37.863  53.518 0.0000000000
46783  -11.748  -37.909  52.477 0.0000000000
46784  -12.333  -37.563  51.751 0.0000000000
46795  -12.123  -38.378  51.398 0.0000000000
46796  -12.678  -37.653  51.093 0.0000000000
46810  -12.234  -38.876  50.711 0.0000000000
46811  -12.857  -38.262  50.424 0.0000000000
46825  -13.482  -38.277  49.728 0.0000000000
46826  -14.167  -38.328  49.134 0.0000000000
46827  -16.315  -39.028  48.695 0.0000000000
46841  -15.004  -38.408  48.705 0.0000000000
46842  -15.866  -38.551  48.434 0.0000000000
46843  -16.785  -38.594  48.269 0.0000000000
47774  -11.161  -36.759  57.749 0.0000000000
47787  -11.453  -36.928  56.893 0.0000000000
47800  -11.640  -36.982  55.954 0.0000000000
47801  -11.752  -36.438  55.346 0.0000000000
47813  -11.438  -37.037  54.977 0.0000000000
47814  -11.799  -36.245  54.515 0.0000000000
47824  -11.501  -37.109  54.003 0.0000000000
47825  -11.818  -36.427  53.426 0.0000000000
47834  -11.623  -37.226  53.106 0.0000000000
47835  -12.176  -36.855  52.391 0.0000000000
47843  -12.711  -36.956  51.431 0.0000000000
47854  -13.302  -37.112  50.525 0.0000000000
47855  -13.861  -36.718  50.114 0.0000000000
47868  -13.422  -37.755  50.073 0.0000000000
47869  -13.962  -37.352  49.670 0.0000000000
47880  -14.653  -37.458  48.863 0.0000000000
47881  -15.458  -37.471  48.269 0.0000000000
47882  -16.564  -37.483  47.694 0.0000000000
47883  -17.585  -38.019  47.788 0.0000000000
47892  -17.047  -36.862  47.229 0.0000000000
47893  -17.519  -37.196  47.214 0.0000000000
48750  -11.012  -35.821  58.923 0.0000000000
48761  -11.213  -35.895  58.054 0.0000000000
48773  -11.444  -35.923  57.087 0.0000000000
48774  -11.755  -35.385  56.812 0.0000000000
48782  -11.684  -36.361  56.424 0.0000000000
48783  -11.915  -35.587  56.300 0.0000000000
48796  -11.862  -36.238  55.881 0.0000000000
48797  -12.108  -35.687  55.333 0.0000000000
48812  -12.226  -35.546  54.599 0.0000000000
48825  -12.190  -35.678  53.908 0.0000000000
48839  -12.358  -35.732  52.907 0.0000000000
48840  -12.890  -35.322  52.362 0.0000000000
48853  -12.685  -36.064  51.890 0.0000000000
48854  -13.344  -35.348  51.578 0.0000000000
48870  -13.110  -36.263  51.110 0.0000000000
48871  -13.792  -35.876  50.495 0.0000000000
48872  -14.420  -35.617  49.907 0.0000000000
48887  -14.227  -36.400  49.795 0.0000000000
48888  -14.685  -35.941  49.342 0.0000000000
48901  -14.478  -36.713  49.207 0.0000000000
48902  -15.071  -36.379  48.606 0.0000000000
48903  -15.872  -36.399  47.829 0.0000000000
48914  -16.663  -36.339  47.278 0.0000000000
48915  -17.489  -36.330  46.789 0.0000000000
48916  -17.995  -36.853  46.870 0.0000000000
48929  -17.975  -35.880  46.450 0.0000000000
48930  -18.501  -36.350  46.483 0.0000000000
49779  -11.358  -34.945  59.479 0.0000000000
49780  -11.957  -34.125  60.069 0.0000000000
49786  -11.501  -35.048  58.508 0.0000000000
49787  -12.051  -34.223  59.014 0.0000000000
49798  -11.631  -35.200  57.600 0.0000000000
49799  -12.135  -34.431  57.976 0.0000000000
49811  -11.691  -35.304  57.090 0.0000000000
49812  -12.098  -34.774  56.891 0.0000000000
49824  -12.472  -34.686  55.760 0.0000000000
49825  -12.771  -34.129  55.537 0.0000000000
49845  -12.490  -34.953  54.886 0.0000000000
49846  -12.958  -34.157  55.019 0.0000000000
49847  -13.397  -33.807  54.805 0.0000000000
49866  -12.462  -35.153  54.293 0.0000000000
49867  -12.743  -34.535  54.315 0.0000000000
49868  -13.334  -33.866  54.392 0.0000000000
49885  -12.571  -35.051  53.672 0.0000000000
49886  -12.953  -34.342  53.562 0.0000000000
49887  -13.603  -33.721  53.462 0.0000000000
49903  -12.741  -34.942  52.986 0.0000000000
49904  -13.274  -34.504  52.560 0.0000000000
49905  -14.012  -33.674  52.438 0.0000000000
49906  -14.751  -33.513  52.065 0.0000000000
49919  -13.722  -34.472  51.765 0.0000000000
49920  -14.252  -34.045  51.416 0.0000000000
49921  -15.072  -33.557  51.244 0.0000000000
49935  -13.897  -34.889  51.091 0.0000000000
49936  -14.458  -34.680  50.456 0.0000000000
49937  -15.332  -34.120  50.203 0.0000000000
49952  -14.913  -35.050  49.656 0.0000000000
49953  -15.560  -34.573  49.316 0.0000000000
49968  -15.103  -35.404  48.989 0.0000000000
49969  -15.691  -35.208  48.369 0.0000000000
49985  -16.373  -35.368  47.609 0.0000000000
49986  -16.994  -35.408  46.975 0.0000000000
50002  -17.711  -35.370  46.594 0.0000000000
50003  -18.372  -35.367  46.297 0.0000000000
50887  -12.853  -33.647  60.655 0.0000000000
50888  -13.825  -33.329  61.116 0.0000000000
50895  -12.829  -33.552  59.544 0.0000000000
50896  -13.818  -33.240  60.000 0.0000000000
50897  -14.816  -33.066  60.348 0.0000000000
50898  -15.686  -32.910  60.686 0.0000000000
50904  -12.751  -33.592  58.435 0.0000000000
50905  -13.636  -33.050  58.885 0.0000000000
50906  -14.610  -32.706  59.248 0.0000000000
50907  -15.649  -32.369  59.513 0.0000000000
50908  -16.087  -31.906  59.241 0.0000000000
50918  -12.638  -33.751  57.332 0.0000000000
50919  -13.435  -33.061  57.744 0.0000000000
50920  -14.322  -32.538  58.111 0.0000000000
50921  -15.167  -31.976  58.419 0.0000000000
50922  -16.086  -31.613  58.577 0.0000000000
50923  -16.610  -31.459  58.264 0.0000000000
50932  -12.654  -33.987  56.328 0.0000000000
50933  -13.251  -33.242  56.629 0.0000000000
50934  -14.057  -32.622  56.960 0.0000000000
50935  -14.922  -32.067  57.249 0.0000000000
50936  -15.772  -31.579  57.490 0.0000000000
50937  -16.576  -31.504  57.705 0.0000000000
50945  -12.689  -34.104  55.833 0.0000000000
50946  -13.133  -33.680  55.637 0.0000000000
50947  -13.903  -33.027  55.917 0.0000000000
50948  -14.681  -32.368  56.142 0.0000000000
50949  -15.548  -31.806  56.356 0.0000000000
50950  -16.455  -31.591  56.662 0.0000000000
50962  -13.325  -33.775  55.054 0.0000000000
50963  -13.705  -33.501  55.040 0.0000000000
50964  -14.511  -32.953  55.208 0.0000000000
50965  -15.281  -32.283  55.309 0.0000000000
50966  -16.233  -31.779  55.435 0.0000000000
50976  -14.136  -33.385  54.350 0.0000000000
50977  -14.951  -32.866  54.389 0.0000000000
50978  -15.716  -32.299  54.403 0.0000000000
50979  -16.495  -31.986  54.380 0.0000000000
50990  -14.456  -33.250  53.489 0.0000000000
50991  -15.212  -32.766  53.483 0.0000000000
50992  -15.963  -32.373  53.456 0.0000000000
50993  -16.670  -32.054  53.495 0.0000000000
51005  -14.756  -33.176  52.763 0.0000000000
51006  -15.406  -32.952  52.462 0.0000000000
51007  -16.184  -32.520  52.585 0.0000000000
51008  -16.810  -32.177  52.635 0.0000000000
51021  -15.779  -32.977  51.766 0.0000000000
51022  -16.312  -32.651  51.718 0.0000000000
51023  -16.907  -32.295  51.751 0.0000000000
51037  -15.816  -33.264  50.896 0.0000000000
51038  -16.417  -32.793  50.706 0.0000000000
51039  -16.891  -32.274  51.022 0.0000000000
51053  -16.120  -33.635  49.926 0.0000000000
51054  -16.367  -33.137  50.057 0.0000000000
51068  -16.240  -34.090  48.888 0.0000000000
51069  -16.658  -33.896  48.225 0.0000000000
51082  -16.369  -34.571  48.086 0.0000000000
51083  -17.034  -34.331  47.508 0.0000000000
51084  -17.760  -34.086  47.001 0.0000000000
51096  -17.504  -34.735  46.876 0.0000000000
51097  -18.167  -34.510  46.511 0.0000000000
51098  -18.899  -34.596  46.083 0.0000000000
52024  -16.189  -32.253  60.055 0.0000000000
52025  -16.630  -31.771  60.292 0.0000000000
52030  -16.094  -32.030  59.542 0.0000000000
52031  -16.464  -31.651  59.261 0.0000000000
52032  -17.155  -31.338  59.410 0.0000000000
52039  -16.576  -31.489  58.578 0.0000000000
52040  -17.054  -31.403  58.263 0.0000000000
52041  -17.740  -31.094  58.517 0.0000000000
52042  -18.218  -30.796  58.813 0.0000000000
52048  -17.201  -31.533  57.047 0.0000000000
52049  -17.810  -31.322  57.406 0.0000000000
52050  -18.303  -30.949  57.709 0.0000000000
52057  -17.066  -31.530  55.964 0.0000000000
52058  -17.756  -31.411  56.291 0.0000000000
52059  -18.358  -31.183  56.614 0.0000000000
52068  -16.945  -31.704  55.092 0.0000000000
52069  -17.520  -31.495  55.272 0.0000000000
52070  -18.223  -31.242  55.422 0.0000000000
52079  -17.138  -31.706  54.375 0.0000000000
52080  -17.761  -31.466  54.443 0.0000000000
52081  -18.361  -31.193  54.391 0.0000000000
52088  -17.281  -31.730  53.541 0.0000000000
52089  -17.900  -31.437  53.582 0.0000000000
52090  -18.481  -31.092  53.609 0.0000000000
52096  -17.397  -31.787  52.666 0.0000000000
52097  -18.064  -31.335  52.710 0.0000000000
52098  -18.591  -30.921  53.047 0.0000000000
52110  -17.461  -31.782  51.648 0.0000000000
52111  -18.109  -31.299  51.833 0.0000000000
52127  -16.756  -32.502  50.513 0.0000000000
52128  -17.173  -32.088  50.468 0.0000000000
52144  -16.395  -33.270  49.807 0.0000000000
52145  -16.637  -32.813  49.871 0.0000000000
52146  -17.257  -32.359  49.413 0.0000000000
52161  -16.434  -33.413  49.447 0.0000000000
52162  -16.755  -33.174  48.841 0.0000000000
52163  -17.503  -32.595  48.418 0.0000000000
52175  -17.039  -33.382  48.007 0.0000000000
52176  -17.731  -33.271  47.500 0.0000000000
52186  -18.346  -33.520  46.702 0.0000000000
52187  -18.731  -33.907  46.266 0.0000000000
52198  -18.849  -33.283  46.220 0.0000000000
52199  -19.336  -33.633  45.766 0.0000000000
53054  -18.737  -30.422  58.064 0.0000000000
53055  -19.119  -30.081  57.699 0.0000000000
53058  -18.823  -30.765  56.923 0.0000000000
53059  -19.215  -30.293  57.083 0.0000000000
53062  -18.762  -30.826  55.894 0.0000000000
53063  -19.182  -30.361  56.150 0.0000000000
53072  -18.738  -30.837  54.976 0.0000000000
53073  -19.140  -30.415  55.263 0.0000000000
53084  -18.833  -30.813  54.225 0.0000000000
53085  -19.097  -30.520  54.623 0.0000000000
53098  -18.960  -30.596  53.554 0.0000000000
53099  -19.184  -30.417  54.130 0.0000000000
53113  -18.537  -30.934  52.352 0.0000000000
53114  -18.878  -30.511  52.837 0.0000000000
53130  -17.877  -31.387  50.917 0.0000000000
53131  -18.543  -30.827  51.369 0.0000000000
53132  -18.920  -30.439  52.096 0.0000000000
53147  -17.659  -31.607  49.932 0.0000000000
53148  -18.787  -30.348  51.034 0.0000000000
53149  -18.920  -30.264  51.469 0.0000000000
53164  -17.838  -31.862  49.086 0.0000000000
53179  -17.994  -31.941  48.456 0.0000000000
53193  -18.027  -32.302  47.842 0.0000000000
53206  -18.385  -32.572  47.093 0.0000000000
53207  -18.754  -32.226  46.583 0.0000000000
53219  -18.726  -32.844  46.497 0.0000000000
53220  -19.091  -32.495  45.957 0.0000000000
53221  -19.888  -32.595  45.129 0.0000000000
54091  -18.859  -30.265  58.797 0.0000000000
54092  -19.221  -29.794  58.439 0.0000000000
54097  -19.388  -29.686  57.291 0.0000000000
54106  -19.486  -29.769  56.343 0.0000000000
54121  -19.483  -29.824  55.424 0.0000000000
54136  -19.425  -29.942  54.505 0.0000000000
54151  -19.103  -30.091  53.184 0.0000000000
54152  -19.300  -29.946  53.708 0.0000000000
54165  -19.142  -29.925  52.566 0.0000000000
54166  -19.279  -29.386  53.059 0.0000000000
54179  -18.136  -31.165  50.304 0.0000000000
54180  -18.331  -31.030  50.740 0.0000000000
54181  -19.220  -29.822  51.799 0.0000000000
54182  -19.441  -29.158  52.201 0.0000000000
54194  -18.225  -31.236  49.607 0.0000000000
54195  -18.663  -30.536  50.294 0.0000000000
54196  -19.147  -29.747  50.915 0.0000000000
54197  -19.519  -29.131  51.396 0.0000000000
54208  -18.389  -31.461  48.858 0.0000000000
54209  -18.733  -30.803  49.268 0.0000000000
54219  -18.329  -31.582  48.129 0.0000000000
54220  -18.763  -30.930  48.493 0.0000000000
54231  -18.378  -31.874  47.519 0.0000000000
54232  -18.762  -31.128  47.538 0.0000000000
54244  -18.610  -31.823  47.023 0.0000000000
54245  -19.039  -31.398  46.474 0.0000000000
54260  -19.514  -31.550  45.596 0.0000000000
54261  -20.013  -31.425  45.037 0.0000000000
55163  -19.765  -28.961  58.854 0.0000000000
55173  -19.591  -28.916  57.700 0.0000000000
55186  -19.677  -28.977  56.588 0.0000000000
55201  -19.748  -29.069  55.608 0.0000000000
55216  -19.758  -29.088  54.686 0.0000000000
55230  -19.681  -29.014  53.673 0.0000000000
55241  -19.805  -28.490  52.615 0.0000000000
55251  -20.046  -28.358  51.552 0.0000000000
55260  -19.060  -30.185  49.481 0.0000000000
55261  -19.336  -29.568  49.904 0.0000000000
55262  -19.961  -28.646  50.425 0.0000000000
55270  -19.207  -30.316  48.913 0.0000000000
55271  -19.440  -29.645  49.080 0.0000000000
55272  -20.008  -28.771  49.286 0.0000000000
55281  -19.231  -30.225  48.125 0.0000000000
55282  -19.588  -29.580  48.466 0.0000000000
55283  -19.898  -28.957  48.654 0.0000000000
55295  -19.424  -30.235  46.974 0.0000000000
55296  -19.824  -29.457  47.665 0.0000000000
55297  -20.171  -28.992  48.136 0.0000000000
55311  -19.729  -30.567  45.974 0.0000000000
55312  -20.126  -30.157  45.809 0.0000000000
55327  -19.832  -30.979  45.440 0.0000000000
55328  -20.252  -30.457  45.277 0.0000000000
56269  -20.261  -28.265  54.863 0.0000000000
56279  -20.291  -28.273  53.890 0.0000000000
56288  -20.268  -27.964  52.958 0.0000000000
56297  -20.845  -27.701  51.960 0.0000000000
56298  -22.082  -27.268  51.411 0.0000000000
56310  -21.291  -27.646  50.637 0.0000000000
56325  -19.318  -30.112  48.906 0.0000000000
56326  -19.332  -29.956  49.072 0.0000000000
56327  -21.077  -27.968  49.397 0.0000000000
56328  -22.528  -27.431  49.428 0.0000000000
56343  -19.329  -30.042  48.670 0.0000000000
56344  -19.405  -29.893  48.860 0.0000000000
56345  -20.870  -28.445  48.419 0.0000000000
56346  -22.226  -27.725  48.429 0.0000000000
56360  -19.985  -29.969  46.356 0.0000000000
56361  -20.159  -29.410  46.797 0.0000000000
56362  -20.726  -28.691  47.406 0.0000000000
56363  -21.949  -28.111  47.552 0.0000000000
56375  -20.086  -30.063  46.036 0.0000000000
56376  -20.431  -29.564  45.877 0.0000000000
56377  -20.823  -28.831  46.428 0.0000000000
56378  -21.689  -28.375  46.705 0.0000000000
57304  -20.852  -27.376  53.138 0.0000000000
57316  -20.980  -27.439  52.403 0.0000000000
57331  -21.111  -27.504  52.114 0.0000000000
57332  -21.509  -27.368  52.024 0.0000000000
57373  -20.723  -29.286  45.782 0.0000000000
57374  -20.888  -29.036  45.813 0.0000000000
