#!ascii label  , from subject FREESURFER vox2ras=TkReg 
358
39022  -11.634  -46.438  57.322 0.0000000000
39027  -11.493  -46.454  56.527 0.0000000000
39934  -11.894  -45.961  57.894 0.0000000000
39935  -12.399  -45.409  58.494 0.0000000000
39942  -11.920  -45.893  56.896 0.0000000000
39943  -12.460  -45.387  57.370 0.0000000000
39950  -11.752  -45.830  55.982 0.0000000000
39951  -12.312  -45.317  56.322 0.0000000000
39956  -11.606  -45.635  55.191 0.0000000000
39957  -12.088  -45.228  55.437 0.0000000000
39964  -11.541  -45.129  54.508 0.0000000000
39965  -11.895  -45.161  54.930 0.0000000000
39971  -11.085  -44.953  54.093 0.0000000000
40835  -13.040  -44.151  59.391 0.0000000000
40840  -12.838  -44.743  59.007 0.0000000000
40841  -13.196  -44.071  58.599 0.0000000000
40848  -12.962  -44.783  57.947 0.0000000000
40849  -13.391  -44.049  57.488 0.0000000000
40857  -12.925  -44.667  56.688 0.0000000000
40858  -13.468  -43.932  56.428 0.0000000000
40866  -12.660  -44.812  55.625 0.0000000000
40867  -13.114  -44.272  55.676 0.0000000000
40874  -11.887  -44.687  54.182 0.0000000000
40875  -12.403  -44.677  54.618 0.0000000000
40876  -12.888  -44.474  55.116 0.0000000000
40882  -11.531  -44.580  53.853 0.0000000000
40883  -12.087  -44.370  53.801 0.0000000000
40889  -11.413  -44.180  53.293 0.0000000000
40890  -11.797  -44.213  53.468 0.0000000000
41695  -15.397  -43.563  62.105 0.0000000000
41701  -15.615  -43.576  61.313 0.0000000000
41709  -15.911  -43.516  60.621 0.0000000000
41710  -16.197  -43.437  59.825 0.0000000000
41716  -13.396  -43.436  59.551 0.0000000000
41720  -13.676  -43.314  58.223 0.0000000000
41725  -13.821  -43.325  57.040 0.0000000000
41731  -13.815  -43.369  56.116 0.0000000000
41737  -13.553  -43.753  55.597 0.0000000000
41743  -12.761  -44.273  54.382 0.0000000000
41744  -13.162  -43.944  54.644 0.0000000000
41750  -12.645  -44.133  53.945 0.0000000000
41751  -13.095  -43.553  53.490 0.0000000000
41759  -12.155  -43.721  52.979 0.0000000000
41760  -12.907  -43.135  52.791 0.0000000000
41766  -11.968  -43.075  52.260 0.0000000000
42583  -15.243  -42.719  63.563 0.0000000000
42590  -15.490  -42.664  62.633 0.0000000000
42591  -15.892  -42.282  62.086 0.0000000000
42600  -15.636  -42.877  61.746 0.0000000000
42601  -16.084  -42.403  61.420 0.0000000000
42608  -15.863  -42.985  61.116 0.0000000000
42609  -16.249  -42.637  60.556 0.0000000000
42613  -13.728  -42.462  60.207 0.0000000000
42614  -16.582  -42.453  59.507 0.0000000000
42615  -17.067  -41.970  58.902 0.0000000000
42619  -13.957  -42.443  59.023 0.0000000000
42620  -14.326  -41.884  58.479 0.0000000000
42627  -14.195  -42.464  57.650 0.0000000000
42628  -14.593  -41.563  57.777 0.0000000000
42635  -14.194  -42.719  56.356 0.0000000000
42636  -14.613  -41.874  56.690 0.0000000000
42645  -13.990  -43.082  55.187 0.0000000000
42646  -14.624  -42.135  55.481 0.0000000000
42656  -13.831  -43.102  53.924 0.0000000000
42657  -14.548  -42.374  54.261 0.0000000000
42668  -13.571  -42.910  52.953 0.0000000000
42669  -14.276  -42.456  53.153 0.0000000000
42681  -12.528  -42.878  52.311 0.0000000000
42682  -13.198  -42.629  52.291 0.0000000000
42683  -13.854  -42.303  52.310 0.0000000000
42693  -12.826  -42.286  51.786 0.0000000000
42694  -13.417  -42.120  51.824 0.0000000000
43556  -15.576  -41.258  65.026 0.0000000000
43559  -15.348  -41.802  64.811 0.0000000000
43560  -15.893  -41.337  64.457 0.0000000000
43561  -16.383  -41.166  64.060 0.0000000000
43567  -15.479  -41.980  64.047 0.0000000000
43568  -15.997  -41.563  63.672 0.0000000000
43569  -16.632  -41.181  63.412 0.0000000000
43570  -17.122  -40.950  63.073 0.0000000000
43571  -21.186  -39.767  62.571 0.0000000000
43572  -21.400  -39.725  62.507 0.0000000000
43581  -15.632  -42.125  63.328 0.0000000000
43582  -16.082  -41.811  62.789 0.0000000000
43583  -16.772  -41.303  62.568 0.0000000000
43584  -17.462  -40.987  62.501 0.0000000000
43585  -21.312  -39.895  62.402 0.0000000000
43586  -21.699  -39.832  62.281 0.0000000000
43592  -16.394  -41.821  61.949 0.0000000000
43593  -17.043  -41.363  61.781 0.0000000000
43594  -17.853  -41.063  61.709 0.0000000000
43595  -21.493  -40.105  62.142 0.0000000000
43596  -21.815  -40.102  62.026 0.0000000000
43600  -13.880  -41.585  60.902 0.0000000000
43601  -14.150  -41.173  60.419 0.0000000000
43602  -16.598  -41.891  61.146 0.0000000000
43603  -17.300  -41.437  60.919 0.0000000000
43604  -18.245  -41.028  60.765 0.0000000000
43611  -14.045  -41.751  59.905 0.0000000000
43612  -14.369  -41.145  59.754 0.0000000000
43613  -16.761  -41.929  60.366 0.0000000000
43614  -17.385  -41.522  59.810 0.0000000000
43615  -18.511  -41.085  59.615 0.0000000000
43616  -19.102  -41.030  59.132 0.0000000000
43625  -14.261  -41.693  59.187 0.0000000000
43626  -14.569  -41.171  58.798 0.0000000000
43627  -17.730  -41.482  58.778 0.0000000000
43628  -18.603  -41.127  58.516 0.0000000000
43629  -19.110  -41.020  58.754 0.0000000000
43638  -14.813  -40.911  58.044 0.0000000000
43639  -17.818  -41.482  57.843 0.0000000000
43640  -18.488  -41.135  57.519 0.0000000000
43648  -14.998  -41.035  57.071 0.0000000000
43659  -15.017  -41.317  55.865 0.0000000000
43670  -15.206  -41.414  54.562 0.0000000000
43671  -15.811  -41.126  54.073 0.0000000000
43681  -14.941  -41.831  53.334 0.0000000000
43682  -15.591  -41.341  53.380 0.0000000000
43693  -14.597  -41.916  52.304 0.0000000000
43694  -15.311  -41.460  52.370 0.0000000000
43707  -13.219  -41.769  51.271 0.0000000000
43708  -14.040  -41.751  51.460 0.0000000000
43709  -14.930  -41.393  51.394 0.0000000000
43721  -13.709  -41.293  50.669 0.0000000000
43722  -14.482  -41.233  50.719 0.0000000000
44529  -15.177  -40.728  65.415 0.0000000000
44530  -16.061  -40.031  65.267 0.0000000000
44531  -16.436  -39.750  65.202 0.0000000000
44534  -15.480  -41.038  65.263 0.0000000000
44535  -16.054  -40.710  64.919 0.0000000000
44536  -16.951  -39.944  64.879 0.0000000000
44537  -17.923  -39.502  64.360 0.0000000000
44538  -18.438  -39.238  64.134 0.0000000000
44539  -20.133  -39.009  63.377 0.0000000000
44540  -20.367  -39.029  63.276 0.0000000000
44546  -16.357  -41.002  64.458 0.0000000000
44547  -16.876  -40.666  64.119 0.0000000000
44548  -17.826  -40.039  64.052 0.0000000000
44549  -18.818  -39.445  63.759 0.0000000000
44550  -19.913  -39.298  63.303 0.0000000000
44551  -20.821  -39.094  63.085 0.0000000000
44552  -21.514  -38.978  62.944 0.0000000000
44561  -17.090  -40.852  63.512 0.0000000000
44562  -17.590  -40.569  63.298 0.0000000000
44563  -18.509  -40.055  63.164 0.0000000000
44564  -19.582  -39.807  62.968 0.0000000000
44565  -20.828  -39.734  62.702 0.0000000000
44566  -21.723  -39.386  62.647 0.0000000000
44567  -22.339  -39.398  62.514 0.0000000000
44574  -18.228  -40.628  62.492 0.0000000000
44575  -19.118  -40.270  62.401 0.0000000000
44576  -20.109  -40.154  62.308 0.0000000000
44577  -20.962  -40.151  62.194 0.0000000000
44578  -22.084  -39.781  62.232 0.0000000000
44583  -13.873  -40.767  61.766 0.0000000000
44584  -14.243  -40.399  61.364 0.0000000000
44585  -18.684  -40.720  61.728 0.0000000000
44586  -19.524  -40.480  61.726 0.0000000000
44587  -20.388  -40.424  61.657 0.0000000000
44588  -21.310  -40.363  61.677 0.0000000000
44589  -22.130  -40.219  61.675 0.0000000000
44596  -14.112  -40.887  61.001 0.0000000000
44597  -14.436  -40.515  60.592 0.0000000000
44598  -19.008  -40.629  61.130 0.0000000000
44599  -19.686  -40.595  60.965 0.0000000000
44600  -20.534  -40.576  60.837 0.0000000000
44601  -21.465  -40.547  60.795 0.0000000000
44609  -14.719  -40.502  59.648 0.0000000000
44610  -18.992  -40.754  60.467 0.0000000000
44611  -19.585  -40.751  59.949 0.0000000000
44612  -20.618  -40.671  59.853 0.0000000000
44624  -14.913  -40.464  58.762 0.0000000000
44625  -19.109  -40.980  58.510 0.0000000000
44626  -19.673  -40.899  58.877 0.0000000000
44641  -15.194  -40.427  57.919 0.0000000000
44642  -15.655  -40.228  57.621 0.0000000000
44643  -19.130  -40.896  58.094 0.0000000000
44662  -15.482  -40.582  57.158 0.0000000000
44663  -15.958  -40.248  56.988 0.0000000000
44684  -15.618  -40.750  56.182 0.0000000000
44685  -16.219  -40.180  56.142 0.0000000000
44705  -15.463  -41.033  55.339 0.0000000000
44706  -16.194  -40.584  54.813 0.0000000000
44707  -16.839  -40.092  54.221 0.0000000000
44725  -16.193  -40.873  53.476 0.0000000000
44726  -16.719  -40.323  53.554 0.0000000000
44744  -16.008  -41.041  52.450 0.0000000000
44745  -16.634  -40.547  52.547 0.0000000000
44765  -15.728  -41.038  51.426 0.0000000000
44766  -16.388  -40.587  51.563 0.0000000000
44786  -15.352  -40.722  50.289 0.0000000000
44787  -16.080  -40.530  50.781 0.0000000000
45604  -15.447  -39.893  65.341 0.0000000000
45605  -16.094  -39.610  65.294 0.0000000000
45606  -16.586  -39.586  65.006 0.0000000000
45610  -17.329  -39.402  64.603 0.0000000000
45611  -18.151  -39.099  64.307 0.0000000000
45612  -18.973  -38.968  64.001 0.0000000000
45613  -19.860  -38.807  63.549 0.0000000000
45614  -20.635  -38.724  63.314 0.0000000000
45623  -19.447  -39.079  63.655 0.0000000000
45624  -19.803  -39.026  63.506 0.0000000000
45625  -21.326  -38.711  63.148 0.0000000000
45626  -21.977  -38.799  62.986 0.0000000000
45627  -22.494  -38.798  62.996 0.0000000000
45634  -14.331  -39.496  63.570 0.0000000000
45635  -22.329  -39.072  62.763 0.0000000000
45640  -13.978  -40.118  62.710 0.0000000000
45641  -14.484  -39.524  62.567 0.0000000000
45648  -14.206  -40.088  61.973 0.0000000000
45649  -14.598  -39.744  61.509 0.0000000000
45656  -14.896  -39.749  60.477 0.0000000000
45657  -15.319  -39.494  60.107 0.0000000000
45664  -15.066  -39.920  59.519 0.0000000000
45665  -15.565  -39.534  59.467 0.0000000000
45676  -15.343  -39.988  58.750 0.0000000000
45677  -15.777  -39.563  58.702 0.0000000000
45692  -15.596  -40.003  58.169 0.0000000000
45693  -15.992  -39.696  57.829 0.0000000000
45708  -16.335  -39.651  56.963 0.0000000000
45709  -16.624  -39.416  56.638 0.0000000000
45721  -16.522  -39.743  56.290 0.0000000000
45722  -16.880  -39.470  56.032 0.0000000000
45733  -16.626  -39.965  55.643 0.0000000000
45734  -17.197  -39.585  54.895 0.0000000000
45735  -17.744  -38.846  54.630 0.0000000000
45746  -17.261  -39.757  53.651 0.0000000000
45747  -17.693  -39.044  53.837 0.0000000000
45759  -17.257  -40.026  52.645 0.0000000000
45760  -17.764  -39.324  52.786 0.0000000000
45773  -17.053  -40.146  51.625 0.0000000000
45774  -17.678  -39.579  51.719 0.0000000000
45789  -16.140  -40.153  50.120 0.0000000000
45790  -16.705  -40.106  50.664 0.0000000000
45791  -17.397  -39.687  50.756 0.0000000000
45805  -16.709  -39.756  49.759 0.0000000000
45806  -17.113  -39.736  50.197 0.0000000000
46653  -14.981  -39.731  65.297 0.0000000000
46654  -15.575  -39.419  65.316 0.0000000000
46655  -16.217  -39.306  65.079 0.0000000000
46656  -16.829  -39.306  64.699 0.0000000000
46662  -14.921  -39.370  65.110 0.0000000000
46663  -15.669  -38.994  64.931 0.0000000000
46664  -16.626  -38.813  64.563 0.0000000000
46665  -17.641  -38.831  64.432 0.0000000000
46666  -18.636  -38.638  64.201 0.0000000000
46667  -19.467  -38.538  63.799 0.0000000000
46668  -20.330  -38.445  63.489 0.0000000000
46669  -21.087  -38.406  63.343 0.0000000000
46676  -14.938  -39.041  64.358 0.0000000000
46677  -15.803  -38.571  64.035 0.0000000000
46678  -16.692  -38.275  64.093 0.0000000000
46679  -21.697  -38.399  63.287 0.0000000000
46680  -22.296  -38.432  63.218 0.0000000000
46686  -14.923  -38.873  63.331 0.0000000000
46687  -15.575  -38.469  62.946 0.0000000000
46694  -14.908  -38.930  62.266 0.0000000000
46695  -15.545  -38.648  61.982 0.0000000000
46702  -14.988  -39.034  61.305 0.0000000000
46703  -15.595  -38.832  61.156 0.0000000000
46709  -15.263  -39.179  60.669 0.0000000000
46710  -15.778  -39.043  60.307 0.0000000000
46711  -16.203  -38.806  59.993 0.0000000000
46717  -15.959  -39.083  59.396 0.0000000000
46718  -16.402  -38.738  59.391 0.0000000000
46729  -16.087  -39.036  58.579 0.0000000000
46730  -16.716  -38.721  58.591 0.0000000000
46731  -17.182  -38.466  58.256 0.0000000000
46744  -16.396  -39.192  57.795 0.0000000000
46745  -16.885  -38.902  57.708 0.0000000000
46746  -17.396  -38.465  57.596 0.0000000000
46755  -16.598  -39.229  57.165 0.0000000000
46756  -17.024  -39.004  56.816 0.0000000000
46757  -17.616  -38.456  56.744 0.0000000000
46762  -17.324  -38.943  55.925 0.0000000000
46763  -17.832  -38.375  55.912 0.0000000000
46769  -17.626  -38.821  55.274 0.0000000000
46770  -18.060  -38.292  55.068 0.0000000000
46771  -18.473  -38.017  54.592 0.0000000000
46776  -18.135  -38.420  54.153 0.0000000000
46777  -18.733  -37.982  53.866 0.0000000000
46785  -18.411  -38.591  53.048 0.0000000000
46786  -19.210  -37.915  52.922 0.0000000000
46797  -18.347  -38.980  51.849 0.0000000000
46798  -19.024  -38.332  51.955 0.0000000000
46812  -18.119  -39.158  50.737 0.0000000000
46813  -18.923  -38.602  50.890 0.0000000000
46828  -16.818  -39.239  48.988 0.0000000000
46829  -17.608  -39.312  49.668 0.0000000000
46830  -18.777  -38.721  49.589 0.0000000000
46844  -17.600  -38.792  48.593 0.0000000000
46845  -18.162  -38.827  49.000 0.0000000000
47662  -17.454  -38.264  64.273 0.0000000000
47663  -18.372  -38.232  64.262 0.0000000000
47664  -19.210  -38.243  63.927 0.0000000000
47665  -20.042  -38.097  63.594 0.0000000000
47666  -21.011  -38.048  63.478 0.0000000000
47667  -21.422  -38.205  63.420 0.0000000000
47672  -16.353  -38.136  63.405 0.0000000000
47673  -17.194  -37.923  63.704 0.0000000000
47674  -18.101  -37.837  63.886 0.0000000000
47675  -19.019  -37.906  63.816 0.0000000000
47676  -19.869  -37.958  63.570 0.0000000000
47677  -20.846  -37.850  63.414 0.0000000000
47678  -21.786  -38.036  63.427 0.0000000000
47684  -16.108  -38.131  62.457 0.0000000000
47685  -16.888  -37.911  62.814 0.0000000000
47686  -17.784  -37.824  63.063 0.0000000000
47687  -18.758  -37.724  63.197 0.0000000000
47688  -19.724  -37.617  63.264 0.0000000000
47689  -20.396  -37.638  63.346 0.0000000000
47697  -16.022  -38.399  61.606 0.0000000000
47698  -16.629  -38.099  61.903 0.0000000000
47699  -17.418  -37.898  62.117 0.0000000000
47700  -18.357  -37.733  62.272 0.0000000000
47701  -19.519  -37.513  62.386 0.0000000000
47702  -20.061  -37.292  61.993 0.0000000000
47709  -15.984  -38.634  60.955 0.0000000000
47710  -16.428  -38.424  61.116 0.0000000000
47711  -17.054  -38.120  61.203 0.0000000000
47712  -17.861  -37.857  61.303 0.0000000000
47713  -18.803  -37.669  61.362 0.0000000000
47714  -19.797  -37.508  61.325 0.0000000000
47715  -20.611  -37.425  61.013 0.0000000000
47722  -16.194  -38.652  60.545 0.0000000000
47723  -16.668  -38.492  60.317 0.0000000000
47724  -17.380  -38.059  60.381 0.0000000000
47725  -18.201  -37.852  60.410 0.0000000000
47726  -19.098  -37.712  60.382 0.0000000000
47727  -19.991  -37.581  60.275 0.0000000000
47736  -16.997  -38.384  59.513 0.0000000000
47737  -17.637  -37.996  59.525 0.0000000000
47738  -18.436  -37.840  59.460 0.0000000000
47739  -19.318  -37.727  59.405 0.0000000000
47740  -20.219  -37.714  59.336 0.0000000000
47755  -17.232  -38.276  58.875 0.0000000000
47756  -17.746  -38.017  58.529 0.0000000000
47757  -18.634  -37.806  58.499 0.0000000000
47758  -19.517  -37.745  58.454 0.0000000000
47775  -18.024  -37.983  57.590 0.0000000000
47776  -18.834  -37.793  57.566 0.0000000000
47777  -19.694  -37.739  57.520 0.0000000000
47788  -18.238  -37.980  56.708 0.0000000000
47789  -19.008  -37.811  56.665 0.0000000000
47790  -19.835  -37.748  56.592 0.0000000000
47802  -18.440  -37.998  55.873 0.0000000000
47803  -19.150  -37.865  55.785 0.0000000000
47804  -19.941  -37.718  55.651 0.0000000000
47815  -18.616  -37.963  55.204 0.0000000000
47816  -19.178  -37.829  54.798 0.0000000000
47817  -20.076  -37.664  54.718 0.0000000000
47826  -19.511  -37.780  53.885 0.0000000000
48708  -21.665  -37.698  63.303 0.0000000000
48715  -20.369  -37.429  63.075 0.0000000000
48716  -21.102  -37.382  63.150 0.0000000000
48724  -20.045  -37.411  62.860 0.0000000000
48725  -20.540  -37.273  62.457 0.0000000000
48733  -20.433  -37.318  61.714 0.0000000000
