#!ascii label  , from subject FREESURFER vox2ras=TkReg 
314
67358  -28.403  -19.269  -16.817 0.0000000000
67375  -27.173  -19.186  -17.181 0.0000000000
67376  -27.729  -19.194  -17.059 0.0000000000
68385  -28.519  -18.328  -17.123 0.0000000000
68386  -29.202  -18.470  -16.834 0.0000000000
68387  -30.151  -18.508  -16.625 0.0000000000
68408  -25.727  -18.493  -17.916 0.0000000000
68409  -26.766  -18.570  -17.564 0.0000000000
68410  -27.735  -18.590  -17.309 0.0000000000
68424  -24.822  -18.289  -18.489 0.0000000000
68425  -25.423  -17.995  -18.451 0.0000000000
68432  -22.244  -17.937  -19.355 0.0000000000
69382  -28.565  -17.987  -17.225 0.0000000000
69383  -28.882  -17.881  -17.139 0.0000000000
69384  -29.751  -17.600  -17.099 0.0000000000
69385  -30.694  -17.688  -16.728 0.0000000000
69386  -31.620  -17.585  -16.397 0.0000000000
69387  -32.597  -17.507  -16.065 0.0000000000
69388  -33.637  -17.509  -15.875 0.0000000000
69400  -26.440  -18.104  -17.910 0.0000000000
69401  -27.148  -17.734  -17.834 0.0000000000
69402  -28.262  -17.768  -17.462 0.0000000000
69403  -28.997  -17.320  -17.464 0.0000000000
69404  -29.512  -17.072  -17.483 0.0000000000
69414  -23.978  -17.922  -18.939 0.0000000000
69415  -24.989  -17.514  -18.979 0.0000000000
69416  -26.053  -17.618  -18.350 0.0000000000
69417  -26.725  -17.243  -18.294 0.0000000000
69423  -20.142  -17.700  -19.642 0.0000000000
69424  -21.054  -17.714  -19.869 0.0000000000
69425  -21.817  -17.604  -19.855 0.0000000000
69426  -22.849  -17.648  -19.489 0.0000000000
69427  -23.950  -17.282  -19.613 0.0000000000
69428  -24.645  -17.080  -19.489 0.0000000000
69433  -20.530  -17.333  -20.451 0.0000000000
69434  -21.216  -17.430  -20.608 0.0000000000
69435  -22.030  -17.244  -20.580 0.0000000000
69436  -22.997  -17.011  -20.249 0.0000000000
69437  -23.757  -16.843  -20.234 0.0000000000
69442  -20.748  -17.182  -21.057 0.0000000000
69443  -21.300  -17.146  -21.264 0.0000000000
69444  -21.857  -16.900  -21.256 0.0000000000
70408  -30.382  -17.170  -17.035 0.0000000000
70409  -31.027  -16.739  -16.898 0.0000000000
70410  -32.044  -16.835  -16.543 0.0000000000
70411  -33.005  -16.776  -16.358 0.0000000000
70412  -34.044  -16.675  -16.277 0.0000000000
70421  -27.793  -17.325  -17.842 0.0000000000
70422  -28.333  -17.025  -17.850 0.0000000000
70423  -29.152  -16.668  -17.845 0.0000000000
70424  -30.067  -16.705  -17.470 0.0000000000
70425  -30.672  -16.261  -17.394 0.0000000000
70437  -25.621  -17.115  -18.836 0.0000000000
70438  -26.260  -16.810  -18.724 0.0000000000
70439  -27.382  -16.837  -18.324 0.0000000000
70440  -28.347  -16.365  -18.338 0.0000000000
70441  -29.061  -16.088  -18.325 0.0000000000
70446  -19.452  -16.695  -19.516 0.0000000000
70447  -19.941  -17.027  -20.221 0.0000000000
70448  -24.377  -16.861  -19.879 0.0000000000
70449  -25.214  -16.627  -19.474 0.0000000000
70450  -26.092  -16.198  -19.226 0.0000000000
70454  -19.695  -16.361  -20.235 0.0000000000
70455  -20.170  -16.706  -20.883 0.0000000000
70456  -22.452  -16.873  -20.929 0.0000000000
70457  -23.194  -16.642  -20.846 0.0000000000
70458  -24.261  -16.376  -20.540 0.0000000000
70459  -25.125  -16.035  -20.212 0.0000000000
70465  -20.727  -16.663  -21.477 0.0000000000
70466  -21.400  -16.539  -21.703 0.0000000000
70467  -22.308  -16.364  -21.438 0.0000000000
70468  -23.339  -16.043  -21.348 0.0000000000
70469  -24.132  -15.762  -21.197 0.0000000000
71394  -31.674  -16.343  -16.878 0.0000000000
71395  -32.307  -16.165  -16.775 0.0000000000
71396  -33.260  -16.035  -16.638 0.0000000000
71397  -34.017  -15.937  -16.616 0.0000000000
71406  -29.627  -16.175  -17.986 0.0000000000
71407  -30.265  -15.906  -17.786 0.0000000000
71408  -31.310  -15.709  -17.350 0.0000000000
71409  -32.514  -15.394  -16.985 0.0000000000
71410  -33.528  -15.291  -16.801 0.0000000000
71419  -18.534  -15.547  -18.139 0.0000000000
71420  -18.995  -15.912  -18.931 0.0000000000
71421  -26.787  -16.277  -18.933 0.0000000000
71422  -27.550  -15.978  -18.864 0.0000000000
71423  -28.487  -15.584  -18.768 0.0000000000
71424  -29.517  -15.502  -18.402 0.0000000000
71425  -30.444  -15.167  -18.163 0.0000000000
71426  -31.100  -14.808  -17.885 0.0000000000
71430  -18.751  -15.161  -18.823 0.0000000000
71431  -19.210  -15.538  -19.665 0.0000000000
71432  -25.674  -15.877  -19.707 0.0000000000
71433  -26.600  -15.574  -19.536 0.0000000000
71434  -27.647  -15.287  -19.354 0.0000000000
71435  -28.313  -14.929  -19.238 0.0000000000
71439  -19.716  -15.633  -20.708 0.0000000000
71440  -20.246  -16.063  -21.350 0.0000000000
71441  -24.801  -15.814  -20.815 0.0000000000
71442  -25.647  -15.405  -20.500 0.0000000000
71443  -26.492  -15.011  -20.241 0.0000000000
71447  -20.047  -15.346  -21.401 0.0000000000
71448  -20.720  -15.663  -21.989 0.0000000000
71449  -21.684  -15.724  -21.997 0.0000000000
71450  -22.545  -15.466  -21.848 0.0000000000
71451  -23.535  -15.164  -21.755 0.0000000000
71452  -24.703  -15.188  -21.370 0.0000000000
71453  -25.600  -14.868  -21.257 0.0000000000
71458  -21.383  -15.117  -22.426 0.0000000000
71459  -22.084  -15.074  -22.565 0.0000000000
71460  -22.844  -14.778  -22.505 0.0000000000
71461  -23.505  -14.509  -22.429 0.0000000000
72400  -18.386  -14.761  -17.427 0.0000000000
72407  -31.882  -14.738  -17.500 0.0000000000
72408  -32.871  -14.576  -17.191 0.0000000000
72414  -18.390  -14.488  -18.264 0.0000000000
72415  -28.925  -14.927  -18.856 0.0000000000
72416  -29.702  -14.544  -18.732 0.0000000000
72417  -30.602  -14.346  -18.399 0.0000000000
72418  -31.340  -14.071  -17.979 0.0000000000
72423  -18.733  -14.397  -19.209 0.0000000000
72424  -19.185  -14.551  -20.183 0.0000000000
72425  -27.109  -14.988  -19.897 0.0000000000
72426  -27.788  -14.630  -19.778 0.0000000000
72427  -28.740  -14.187  -19.429 0.0000000000
72428  -29.600  -13.809  -19.158 0.0000000000
72433  -19.569  -14.610  -21.048 0.0000000000
72434  -26.218  -14.828  -20.834 0.0000000000
72435  -27.031  -14.433  -20.567 0.0000000000
72436  -27.953  -13.949  -20.202 0.0000000000
72437  -28.557  -13.504  -19.973 0.0000000000
72442  -20.115  -14.566  -21.760 0.0000000000
72443  -20.836  -14.394  -22.421 0.0000000000
72444  -24.121  -14.597  -21.951 0.0000000000
72445  -25.032  -14.327  -21.797 0.0000000000
72446  -26.220  -14.181  -21.394 0.0000000000
72447  -26.929  -13.941  -21.104 0.0000000000
72452  -21.766  -14.377  -22.751 0.0000000000
72453  -22.494  -14.316  -22.980 0.0000000000
72454  -23.216  -14.038  -23.134 0.0000000000
72455  -24.151  -13.976  -22.658 0.0000000000
72456  -25.022  -13.686  -22.258 0.0000000000
72457  -25.613  -13.771  -21.877 0.0000000000
72463  -23.439  -13.643  -23.540 0.0000000000
72464  -23.699  -13.706  -23.317 0.0000000000
73381  -18.629  -14.342  -16.917 0.0000000000
73382  -19.080  -13.806  -16.720 0.0000000000
73397  -18.397  -13.742  -17.513 0.0000000000
73398  -18.822  -13.102  -17.188 0.0000000000
73408  -32.206  -13.860  -17.564 0.0000000000
73409  -33.210  -13.700  -17.342 0.0000000000
73414  -18.408  -13.457  -18.602 0.0000000000
73415  -30.170  -13.877  -18.810 0.0000000000
73416  -30.840  -13.490  -18.596 0.0000000000
73417  -31.677  -13.230  -18.117 0.0000000000
73422  -18.724  -13.304  -19.864 0.0000000000
73423  -19.144  -13.852  -20.668 0.0000000000
73424  -29.265  -13.234  -19.642 0.0000000000
73425  -30.186  -13.166  -19.165 0.0000000000
73426  -30.735  -12.926  -18.888 0.0000000000
73429  -19.074  -13.150  -20.744 0.0000000000
73430  -19.572  -13.575  -21.388 0.0000000000
73431  -27.448  -13.661  -20.836 0.0000000000
73432  -28.173  -13.155  -20.522 0.0000000000
73433  -28.745  -12.944  -20.082 0.0000000000
73437  -20.231  -13.628  -22.073 0.0000000000
73438  -20.724  -13.472  -22.442 0.0000000000
73439  -26.190  -13.494  -21.782 0.0000000000
73440  -26.988  -13.341  -21.501 0.0000000000
73441  -27.674  -13.032  -21.063 0.0000000000
73446  -21.390  -13.547  -22.777 0.0000000000
73447  -22.305  -13.540  -23.390 0.0000000000
73448  -22.792  -13.875  -23.374 0.0000000000
73449  -24.124  -13.469  -23.210 0.0000000000
73450  -24.746  -13.155  -22.770 0.0000000000
73451  -25.721  -13.120  -22.245 0.0000000000
73452  -26.491  -13.000  -21.964 0.0000000000
73458  -22.714  -13.039  -23.911 0.0000000000
73459  -23.132  -13.428  -23.883 0.0000000000
73460  -23.862  -13.262  -23.707 0.0000000000
73461  -24.344  -12.989  -23.320 0.0000000000
74404  -18.458  -12.548  -17.920 0.0000000000
74416  -32.561  -12.985  -17.715 0.0000000000
74423  -18.514  -12.391  -19.061 0.0000000000
74424  -31.245  -12.725  -18.648 0.0000000000
74425  -32.104  -12.324  -18.324 0.0000000000
74426  -32.887  -12.262  -17.873 0.0000000000
74431  -18.633  -12.193  -19.942 0.0000000000
74432  -29.172  -12.552  -19.937 0.0000000000
74433  -29.876  -12.338  -19.617 0.0000000000
74434  -30.785  -12.325  -19.159 0.0000000000
74435  -31.502  -12.077  -18.825 0.0000000000
74438  -18.867  -12.439  -20.576 0.0000000000
74439  -19.269  -12.539  -21.223 0.0000000000
74440  -28.094  -12.558  -20.897 0.0000000000
74441  -28.743  -12.253  -20.454 0.0000000000
74442  -29.410  -12.007  -20.054 0.0000000000
74445  -19.927  -12.582  -22.083 0.0000000000
74446  -20.415  -13.089  -22.294 0.0000000000
74447  -27.033  -12.658  -21.928 0.0000000000
74448  -27.699  -12.331  -21.492 0.0000000000
74449  -28.344  -12.003  -21.033 0.0000000000
74453  -20.437  -12.013  -22.515 0.0000000000
74454  -20.869  -12.631  -22.648 0.0000000000
74455  -21.654  -12.734  -23.284 0.0000000000
74456  -24.806  -12.575  -23.163 0.0000000000
74457  -25.572  -12.375  -22.827 0.0000000000
74458  -26.571  -12.341  -22.384 0.0000000000
74459  -27.308  -12.065  -22.082 0.0000000000
74464  -22.338  -12.584  -23.855 0.0000000000
74465  -23.030  -12.440  -24.368 0.0000000000
74466  -23.793  -12.533  -24.201 0.0000000000
74467  -24.501  -12.382  -23.684 0.0000000000
74468  -25.197  -12.102  -23.353 0.0000000000
74478  -23.366  -11.888  -24.491 0.0000000000
74479  -23.572  -12.053  -24.414 0.0000000000
75436  -18.564  -11.478  -18.694 0.0000000000
75446  -32.007  -11.461  -18.670 0.0000000000
75447  -32.879  -11.459  -18.207 0.0000000000
75455  -18.554  -11.389  -19.629 0.0000000000
75456  -29.922  -11.654  -19.975 0.0000000000
75457  -30.626  -11.483  -19.662 0.0000000000
75458  -31.367  -11.481  -19.161 0.0000000000
75462  -18.716  -11.430  -20.692 0.0000000000
75463  -18.945  -11.998  -21.050 0.0000000000
75464  -28.810  -11.553  -20.868 0.0000000000
75465  -29.528  -11.320  -20.477 0.0000000000
75466  -30.257  -11.148  -20.140 0.0000000000
75469  -18.849  -10.980  -21.282 0.0000000000
75470  -19.267  -11.497  -21.589 0.0000000000
75471  -27.816  -11.619  -21.953 0.0000000000
75472  -28.501  -11.315  -21.505 0.0000000000
75473  -29.139  -10.982  -21.036 0.0000000000
75477  -20.014  -11.445  -22.465 0.0000000000
75478  -20.916  -11.492  -23.125 0.0000000000
75479  -21.322  -12.155  -23.163 0.0000000000
75480  -25.747  -11.737  -23.211 0.0000000000
75481  -26.384  -11.685  -22.864 0.0000000000
75482  -27.367  -11.247  -22.532 0.0000000000
75483  -28.182  -11.066  -22.091 0.0000000000
75486  -21.353  -11.164  -23.801 0.0000000000
75487  -21.731  -11.788  -23.774 0.0000000000
75488  -22.474  -11.765  -24.296 0.0000000000
75489  -24.003  -11.870  -24.425 0.0000000000
75490  -24.485  -11.817  -24.159 0.0000000000
75491  -25.376  -11.377  -23.769 0.0000000000
75492  -26.257  -11.165  -23.250 0.0000000000
75493  -26.756  -11.184  -22.942 0.0000000000
75501  -23.128  -11.519  -24.587 0.0000000000
75502  -23.778  -11.446  -24.617 0.0000000000
75503  -24.474  -11.309  -24.438 0.0000000000
75504  -24.907  -11.316  -24.208 0.0000000000
76480  -31.831  -10.872  -18.972 0.0000000000
76481  -32.507  -10.582  -18.627 0.0000000000
76497  -18.316  -10.491  -19.342 0.0000000000
76507  -30.758  -10.784  -19.981 0.0000000000
76508  -31.426  -10.602  -19.528 0.0000000000
76509  -32.053  -10.337  -19.084 0.0000000000
76517  -18.363  -10.434  -20.308 0.0000000000
76518  -29.651  -10.567  -20.878 0.0000000000
76519  -30.384  -10.416  -20.473 0.0000000000
76520  -31.077  -10.257  -20.059 0.0000000000
76527  -18.595  -10.440  -21.123 0.0000000000
76528  -18.947  -10.501  -21.671 0.0000000000
76529  -28.672  -10.647  -21.913 0.0000000000
76530  -29.342  -10.258  -21.559 0.0000000000
76531  -30.022  -10.035  -21.020 0.0000000000
76536  -19.522  -10.518  -22.293 0.0000000000
76537  -20.373  -10.442  -22.968 0.0000000000
76538  -27.721  -10.090  -22.772 0.0000000000
76539  -28.359  -10.331  -22.316 0.0000000000
76540  -28.924  -10.241  -22.048 0.0000000000
76545  -21.056  -10.391  -24.017 0.0000000000
76546  -21.716  -10.973  -24.282 0.0000000000
76547  -22.092  -11.349  -24.312 0.0000000000
76548  -25.679  -10.685  -23.876 0.0000000000
76549  -26.293  -10.387  -23.620 0.0000000000
76550  -26.974  -10.610  -23.088 0.0000000000
76559  -22.555  -10.771  -24.741 0.0000000000
76560  -23.570  -10.686  -24.961 0.0000000000
76561  -24.427  -10.588  -24.709 0.0000000000
76562  -25.259  -10.638  -24.216 0.0000000000
76563  -25.829  -10.341  -23.921 0.0000000000
77482  -32.438  -9.833  -18.917 0.0000000000
77495  -18.029  -9.655  -19.141 0.0000000000
77506  -31.540  -9.731  -19.791 0.0000000000
77507  -32.026  -9.821  -19.358 0.0000000000
77520  -30.585  -9.521  -20.816 0.0000000000
77521  -31.083  -9.663  -20.324 0.0000000000
77531  -29.690  -9.373  -21.808 0.0000000000
77532  -30.095  -9.425  -21.348 0.0000000000
77542  -27.919  -9.519  -22.949 0.0000000000
77543  -28.474  -9.450  -22.748 0.0000000000
77544  -29.155  -9.630  -22.250 0.0000000000
77552  -26.678  -9.696  -23.668 0.0000000000
77553  -27.377  -9.539  -23.347 0.0000000000
77554  -28.143  -9.167  -23.112 0.0000000000
77566  -25.151  -9.636  -24.460 0.0000000000
77567  -26.127  -9.663  -23.999 0.0000000000
77568  -26.912  -9.244  -23.760 0.0000000000
78432  -32.345  -9.442  -19.171 0.0000000000
78453  -31.454  -9.109  -19.987 0.0000000000
78469  -30.630  -8.698  -21.084 0.0000000000
78470  -31.089  -8.838  -20.495 0.0000000000
78477  -29.631  -8.911  -22.149 0.0000000000
78478  -30.114  -8.622  -21.671 0.0000000000
78485  -28.628  -8.835  -23.093 0.0000000000
78486  -29.229  -8.611  -22.721 0.0000000000
78487  -29.795  -8.268  -22.187 0.0000000000
78496  -27.456  -8.646  -23.722 0.0000000000
78497  -28.200  -8.559  -23.429 0.0000000000
78498  -28.846  -8.293  -23.221 0.0000000000
78514  -26.831  -8.681  -24.019 0.0000000000
79450  -29.659  -7.654  -22.601 0.0000000000
