#!ascii label  , from subject FREESURFER vox2ras=TkReg 
664
125030  -8.276  58.524  23.393 0.0000000000
125101  -6.850  57.933  14.804 0.0000000000
125115  -6.750  57.834  14.296 0.0000000000
125132  -6.534  57.808  13.708 0.0000000000
125452  -8.490  58.982  23.900 0.0000000000
125454  -8.225  58.546  22.690 0.0000000000
125455  -8.570  59.078  23.067 0.0000000000
125457  -8.241  58.617  21.975 0.0000000000
125458  -8.597  59.130  22.220 0.0000000000
125465  -8.625  58.997  21.370 0.0000000000
125473  -8.487  58.843  20.474 0.0000000000
125484  -8.347  58.766  19.519 0.0000000000
125495  -8.199  58.761  18.557 0.0000000000
125507  -8.078  58.777  17.600 0.0000000000
125519  -8.032  58.670  16.638 0.0000000000
125534  -8.040  58.488  15.621 0.0000000000
125546  -7.334  58.127  14.396 0.0000000000
125547  -8.003  58.466  14.604 0.0000000000
125560  -6.605  58.053  13.077 0.0000000000
125561  -7.229  58.315  13.408 0.0000000000
125562  -7.818  58.598  13.840 0.0000000000
125570  -6.271  58.353  12.461 0.0000000000
125571  -6.817  58.632  12.704 0.0000000000
125862  -8.576  59.672  24.441 0.0000000000
125864  -8.591  59.760  23.535 0.0000000000
125866  -8.708  59.838  22.627 0.0000000000
125869  -9.031  59.920  21.576 0.0000000000
125870  -9.309  60.466  21.186 0.0000000000
125873  -9.119  59.477  20.620 0.0000000000
125874  -9.459  60.235  20.712 0.0000000000
125877  -9.080  59.287  19.680 0.0000000000
125878  -9.652  59.949  19.873 0.0000000000
125883  -9.009  59.190  18.709 0.0000000000
125884  -9.644  59.797  18.909 0.0000000000
125892  -8.927  59.155  17.731 0.0000000000
125893  -9.663  59.685  17.923 0.0000000000
125901  -8.861  59.119  16.763 0.0000000000
125902  -9.612  59.644  16.930 0.0000000000
125910  -8.839  59.044  15.794 0.0000000000
125911  -9.506  59.632  15.970 0.0000000000
125922  -8.831  59.162  14.693 0.0000000000
125923  -9.336  59.620  15.185 0.0000000000
125931  -7.712  59.240  13.233 0.0000000000
125932  -8.314  59.224  13.804 0.0000000000
125937  -6.134  59.409  11.998 0.0000000000
125938  -6.545  59.379  12.316 0.0000000000
125939  -7.162  59.267  12.696 0.0000000000
126220  -8.481  60.541  24.038 0.0000000000
126223  -8.622  60.623  23.145 0.0000000000
126227  -8.834  60.696  22.272 0.0000000000
126228  -9.147  60.868  21.548 0.0000000000
126231  -9.452  60.964  20.902 0.0000000000
126234  -9.741  60.908  20.047 0.0000000000
126235  -9.913  61.224  19.335 0.0000000000
126239  -9.900  60.565  19.164 0.0000000000
126240  -10.041  61.221  18.694 0.0000000000
126247  -10.014  60.564  18.155 0.0000000000
126248  -10.157  61.461  17.977 0.0000000000
126256  -10.074  60.359  17.176 0.0000000000
126257  -10.274  61.129  17.326 0.0000000000
126267  -9.985  60.507  16.148 0.0000000000
126268  -10.250  61.004  16.654 0.0000000000
126279  -9.196  60.198  14.533 0.0000000000
126280  -9.615  60.410  15.224 0.0000000000
126287  -7.120  60.508  12.900 0.0000000000
126288  -7.842  60.237  13.291 0.0000000000
126289  -8.652  60.121  13.939 0.0000000000
126292  -6.085  60.372  12.139 0.0000000000
126293  -6.714  60.244  12.517 0.0000000000
126294  -7.367  59.916  12.849 0.0000000000
126553  -7.476  61.850  24.917 0.0000000000
126554  -8.128  61.271  24.525 0.0000000000
126557  -7.567  61.856  24.171 0.0000000000
126558  -8.132  61.501  23.595 0.0000000000
126562  -8.436  61.475  22.725 0.0000000000
126566  -8.699  61.585  21.957 0.0000000000
126567  -9.032  61.683  21.226 0.0000000000
126570  -9.441  61.742  20.514 0.0000000000
126576  -9.735  61.854  19.700 0.0000000000
126577  -9.924  61.682  19.065 0.0000000000
126584  -9.819  62.191  19.102 0.0000000000
126585  -10.002  61.978  18.508 0.0000000000
126589  -10.134  62.088  17.887 0.0000000000
126597  -10.263  61.903  17.331 0.0000000000
126609  -10.006  61.510  16.113 0.0000000000
126610  -10.227  61.671  16.691 0.0000000000
126619  -8.388  61.818  14.358 0.0000000000
126620  -9.047  61.277  14.620 0.0000000000
126621  -9.672  61.359  15.433 0.0000000000
126628  -5.213  62.326  13.476 0.0000000000
126629  -5.858  61.911  13.292 0.0000000000
126630  -6.964  61.264  13.192 0.0000000000
126631  -8.130  61.212  13.869 0.0000000000
126632  -8.771  60.703  14.223 0.0000000000
126635  -5.002  62.052  13.149 0.0000000000
126636  -5.929  61.293  12.619 0.0000000000
126637  -6.665  60.825  12.783 0.0000000000
126880  -4.835  63.698  25.826 0.0000000000
126886  -4.993  63.527  25.513 0.0000000000
126887  -5.580  62.995  25.283 0.0000000000
126888  -6.619  62.412  25.184 0.0000000000
126891  -6.059  62.895  24.560 0.0000000000
126892  -6.887  62.406  24.358 0.0000000000
126895  -6.350  63.007  23.801 0.0000000000
126896  -7.255  62.421  23.516 0.0000000000
126897  -7.869  62.109  22.960 0.0000000000
126901  -6.624  63.142  23.128 0.0000000000
126902  -7.331  62.857  22.639 0.0000000000
126903  -8.161  62.290  22.355 0.0000000000
126907  -7.821  62.908  22.059 0.0000000000
126908  -8.440  62.523  21.597 0.0000000000
126909  -8.922  62.482  20.835 0.0000000000
126910  -15.356  63.030  20.978 0.0000000000
126917  -9.354  62.551  20.209 0.0000000000
126918  -14.660  62.936  19.880 0.0000000000
126919  -15.279  62.722  20.324 0.0000000000
126928  -9.586  62.710  19.514 0.0000000000
126929  -15.082  62.807  19.312 0.0000000000
126939  -9.815  62.776  18.725 0.0000000000
126940  -10.003  62.490  18.134 0.0000000000
126941  -15.587  62.770  18.675 0.0000000000
126950  -9.925  63.001  18.074 0.0000000000
126951  -10.047  62.638  17.502 0.0000000000
126953  -9.773  62.821  16.391 0.0000000000
126954  -10.041  62.450  16.657 0.0000000000
126961  -8.882  62.978  15.381 0.0000000000
126962  -9.562  62.468  15.795 0.0000000000
126963  -9.995  62.032  16.273 0.0000000000
126967  -4.768  63.149  14.319 0.0000000000
126968  -5.394  63.055  14.238 0.0000000000
126969  -6.446  62.845  14.158 0.0000000000
126970  -7.634  62.322  14.184 0.0000000000
126971  -8.645  62.404  14.885 0.0000000000
126972  -9.257  61.888  15.150 0.0000000000
126976  -4.545  62.763  13.853 0.0000000000
126977  -5.651  62.512  13.747 0.0000000000
126978  -6.661  62.147  13.636 0.0000000000
126979  -7.369  61.762  13.670 0.0000000000
127243  -4.787  63.970  25.406 0.0000000000
127244  -4.786  64.055  26.039 0.0000000000
127245  -9.121  64.096  26.023 0.0000000000
127246  -9.880  63.921  25.986 0.0000000000
127247  -10.681  64.012  25.815 0.0000000000
127248  -11.108  64.120  25.620 0.0000000000
127251  -5.132  63.764  24.671 0.0000000000
127252  -5.542  63.262  24.658 0.0000000000
127253  -8.601  64.217  25.630 0.0000000000
127254  -9.351  64.062  25.486 0.0000000000
127255  -10.151  64.016  25.276 0.0000000000
127256  -10.816  64.086  25.372 0.0000000000
127259  -5.364  64.093  23.709 0.0000000000
127260  -5.658  63.462  24.102 0.0000000000
127261  -8.226  64.347  25.271 0.0000000000
127262  -8.732  64.271  25.092 0.0000000000
127263  -9.450  64.201  24.961 0.0000000000
127266  -5.472  64.212  23.303 0.0000000000
127267  -5.842  63.780  23.241 0.0000000000
127271  -6.576  63.689  22.626 0.0000000000
127272  -7.350  63.553  22.137 0.0000000000
127273  -16.041  64.227  22.359 0.0000000000
127282  -7.962  63.317  21.701 0.0000000000
127283  -8.499  63.386  21.089 0.0000000000
127284  -8.962  63.097  20.531 0.0000000000
127285  -14.685  64.156  21.206 0.0000000000
127286  -15.344  63.728  21.442 0.0000000000
127295  -8.896  63.669  20.569 0.0000000000
127296  -9.285  63.423  20.066 0.0000000000
127297  -13.764  64.225  20.011 0.0000000000
127298  -14.433  63.671  20.442 0.0000000000
127299  -15.061  63.221  20.830 0.0000000000
127305  -9.561  63.522  19.279 0.0000000000
127306  -13.803  63.856  19.374 0.0000000000
127307  -14.393  63.223  19.293 0.0000000000
127312  -9.761  63.581  18.473 0.0000000000
127313  -14.029  63.584  18.410 0.0000000000
127314  -14.898  63.150  18.350 0.0000000000
127324  -9.825  63.520  17.568 0.0000000000
127325  -9.959  63.020  16.951 0.0000000000
127326  -14.490  63.671  17.700 0.0000000000
127333  -9.601  63.435  16.557 0.0000000000
127334  -9.846  62.930  16.627 0.0000000000
127341  -6.394  64.159  15.123 0.0000000000
127342  -7.097  63.951  15.131 0.0000000000
127343  -8.170  63.454  15.221 0.0000000000
127344  -8.996  63.510  15.782 0.0000000000
127349  -4.304  63.396  14.507 0.0000000000
127350  -5.083  63.530  14.569 0.0000000000
127351  -6.087  63.651  14.717 0.0000000000
127352  -7.252  63.216  14.641 0.0000000000
127353  -7.948  62.869  14.706 0.0000000000
127615  -11.091  64.822  27.049 0.0000000000
127616  -12.230  64.819  26.874 0.0000000000
127617  -13.295  64.854  26.767 0.0000000000
127618  -13.826  64.986  26.635 0.0000000000
127623  -5.012  64.370  25.500 0.0000000000
127624  -5.470  64.570  26.016 0.0000000000
127625  -6.795  64.632  26.234 0.0000000000
127626  -8.253  64.369  26.375 0.0000000000
127627  -9.420  64.376  26.549 0.0000000000
127628  -10.441  64.328  26.463 0.0000000000
127629  -11.534  64.261  26.095 0.0000000000
127630  -12.790  64.515  26.110 0.0000000000
127631  -13.850  64.821  26.125 0.0000000000
127632  -14.323  65.186  25.810 0.0000000000
127634  -5.231  64.369  24.857 0.0000000000
127635  -5.617  64.670  25.112 0.0000000000
127636  -6.566  64.650  25.370 0.0000000000
127637  -7.706  64.411  25.596 0.0000000000
127638  -10.690  64.236  24.974 0.0000000000
127639  -11.349  64.302  25.222 0.0000000000
127640  -12.273  64.520  25.352 0.0000000000
127641  -13.295  64.863  25.331 0.0000000000
127642  -14.014  65.125  25.524 0.0000000000
127644  -5.161  64.675  23.951 0.0000000000
127645  -5.511  65.058  24.392 0.0000000000
127646  -6.382  65.039  24.600 0.0000000000
127647  -7.708  64.672  24.781 0.0000000000
127648  -8.912  64.693  24.639 0.0000000000
127649  -9.996  64.605  24.683 0.0000000000
127650  -10.962  64.754  24.674 0.0000000000
127651  -11.848  64.818  24.719 0.0000000000
127652  -12.635  64.981  24.813 0.0000000000
127659  -5.414  64.635  23.205 0.0000000000
127660  -5.581  64.305  23.078 0.0000000000
127669  -5.514  64.851  22.984 0.0000000000
127670  -5.916  64.516  22.780 0.0000000000
127671  -6.906  64.332  22.339 0.0000000000
127672  -15.219  65.256  22.426 0.0000000000
127673  -15.764  65.100  22.866 0.0000000000
127682  -7.786  64.172  21.707 0.0000000000
127683  -8.774  64.435  20.917 0.0000000000
127684  -9.204  64.982  20.519 0.0000000000
127685  -14.156  65.155  21.373 0.0000000000
127686  -14.781  64.871  21.756 0.0000000000
127687  -15.438  64.626  22.154 0.0000000000
127692  -9.079  63.990  20.355 0.0000000000
127693  -9.391  64.421  19.939 0.0000000000
127694  -13.698  64.878  20.642 0.0000000000
127695  -14.323  64.514  21.097 0.0000000000
127699  -9.580  64.241  18.993 0.0000000000
127700  -12.768  65.327  19.473 0.0000000000
127701  -13.271  64.660  19.557 0.0000000000
127705  -9.638  64.417  18.232 0.0000000000
127706  -12.754  64.952  18.687 0.0000000000
127707  -13.381  64.251  18.504 0.0000000000
127715  -9.438  64.474  17.300 0.0000000000
127716  -12.869  64.639  17.626 0.0000000000
127717  -13.775  64.131  17.478 0.0000000000
127726  -8.247  64.998  16.232 0.0000000000
127727  -8.798  64.492  16.363 0.0000000000
127728  -13.294  64.651  16.815 0.0000000000
127739  -4.584  64.595  15.329 0.0000000000
127740  -5.630  64.408  15.238 0.0000000000
127741  -6.708  64.592  15.450 0.0000000000
127742  -7.838  64.570  15.734 0.0000000000
127743  -8.499  64.031  15.737 0.0000000000
127749  -4.806  63.974  14.927 0.0000000000
127750  -5.385  63.886  14.870 0.0000000000
128009  -12.861  65.447  27.458 0.0000000000
128010  -14.036  65.393  27.118 0.0000000000
128011  -15.191  65.792  27.151 0.0000000000
128012  -16.001  66.258  27.136 0.0000000000
128013  -16.343  66.591  27.060 0.0000000000
128018  -14.100  65.089  26.540 0.0000000000
128019  -14.695  65.408  26.288 0.0000000000
128020  -15.687  66.158  26.472 0.0000000000
128021  -16.163  66.531  26.779 0.0000000000
128023  -13.863  65.443  25.098 0.0000000000
128024  -14.559  65.800  25.382 0.0000000000
128025  -15.321  66.077  25.779 0.0000000000
128029  -5.471  65.297  23.734 0.0000000000
128030  -6.072  65.557  23.933 0.0000000000
128031  -7.067  65.571  24.136 0.0000000000
128032  -8.185  65.435  24.232 0.0000000000
128033  -9.267  65.385  24.333 0.0000000000
128034  -10.348  65.531  24.399 0.0000000000
128035  -11.349  65.499  24.466 0.0000000000
128036  -12.239  65.648  24.533 0.0000000000
128037  -13.224  65.746  24.726 0.0000000000
128038  -14.024  66.106  24.820 0.0000000000
128046  -5.401  65.092  23.287 0.0000000000
128047  -5.921  65.399  23.268 0.0000000000
128048  -6.758  65.702  23.384 0.0000000000
128049  -7.676  66.167  23.635 0.0000000000
128050  -8.592  66.216  24.067 0.0000000000
128051  -9.505  66.126  24.236 0.0000000000
128052  -15.906  66.026  23.412 0.0000000000
128058  -5.362  65.031  23.061 0.0000000000
128059  -5.689  65.079  22.918 0.0000000000
128060  -6.683  65.202  22.653 0.0000000000
128061  -7.528  65.929  22.871 0.0000000000
128062  -14.814  65.849  22.439 0.0000000000
128063  -15.349  65.931  22.913 0.0000000000
128068  -7.378  64.738  22.253 0.0000000000
128069  -8.111  65.305  22.103 0.0000000000
128070  -9.100  65.543  21.117 0.0000000000
128071  -13.757  65.805  21.402 0.0000000000
128072  -14.299  65.812  21.918 0.0000000000
128076  -9.449  65.523  20.176 0.0000000000
128077  -12.787  66.083  20.505 0.0000000000
128078  -13.223  65.884  20.893 0.0000000000
128079  -9.550  65.265  19.100 0.0000000000
128080  -12.552  65.975  19.886 0.0000000000
128081  -12.993  65.421  20.188 0.0000000000
128082  -9.395  65.386  18.049 0.0000000000
128083  -12.372  65.752  19.030 0.0000000000
128088  -8.316  65.880  16.824 0.0000000000
128089  -8.842  65.466  17.206 0.0000000000
128090  -11.844  65.832  17.238 0.0000000000
128091  -12.221  65.483  17.952 0.0000000000
128097  -4.148  65.783  15.900 0.0000000000
128098  -4.659  65.869  16.075 0.0000000000
128099  -5.546  65.901  16.178 0.0000000000
128100  -6.612  65.833  16.252 0.0000000000
128101  -7.727  65.579  16.359 0.0000000000
128102  -8.425  65.287  16.588 0.0000000000
128103  -11.706  66.003  16.475 0.0000000000
128104  -12.476  65.254  16.575 0.0000000000
128105  -13.542  65.099  16.053 0.0000000000
128114  -4.266  65.182  15.774 0.0000000000
128115  -5.069  65.229  15.687 0.0000000000
128116  -6.110  65.230  15.721 0.0000000000
128117  -7.032  65.175  15.881 0.0000000000
128118  -11.556  66.213  15.917 0.0000000000
128119  -12.014  65.867  15.560 0.0000000000
128120  -13.020  65.594  15.316 0.0000000000
128127  -12.038  65.990  15.012 0.0000000000
128128  -12.410  65.953  14.962 0.0000000000
128383  -16.525  66.861  27.543 0.0000000000
128387  -16.204  66.904  26.428 0.0000000000
128388  -16.545  66.938  26.844 0.0000000000
128392  -15.173  66.891  25.402 0.0000000000
128393  -15.751  66.906  25.945 0.0000000000
128398  -8.397  67.589  24.251 0.0000000000
128399  -8.765  67.738  24.358 0.0000000000
128400  -10.932  66.105  24.360 0.0000000000
128401  -11.609  66.454  24.379 0.0000000000
128402  -12.605  66.739  24.483 0.0000000000
128403  -13.623  66.932  24.654 0.0000000000
128404  -14.475  66.946  24.946 0.0000000000
128409  -8.027  67.087  23.949 0.0000000000
128410  -9.065  67.102  24.264 0.0000000000
128411  -10.244  66.571  24.314 0.0000000000
128412  -10.995  66.651  24.361 0.0000000000
128413  -15.035  67.252  23.076 0.0000000000
128414  -15.561  66.914  23.308 0.0000000000
128415  -16.170  66.932  23.796 0.0000000000
128416  -7.964  66.887  22.948 0.0000000000
128417  -8.512  67.211  22.555 0.0000000000
128418  -13.930  67.147  22.096 0.0000000000
128419  -14.497  66.858  22.475 0.0000000000
128420  -15.040  66.562  22.849 0.0000000000
128421  -8.174  66.151  22.575 0.0000000000
128422  -8.803  66.609  22.001 0.0000000000
128423  -12.869  67.094  21.115 0.0000000000
128424  -13.413  66.797  21.503 0.0000000000
128425  -13.981  66.481  21.879 0.0000000000
128426  -9.438  66.549  20.741 0.0000000000
128427  -12.508  66.791  20.468 0.0000000000
128428  -12.927  66.514  20.929 0.0000000000
128429  -9.518  66.397  19.676 0.0000000000
128430  -11.732  66.915  19.037 0.0000000000
128431  -12.103  66.633  19.542 0.0000000000
128432  -8.801  66.894  18.230 0.0000000000
128433  -9.345  66.424  18.726 0.0000000000
128434  -11.599  66.876  18.322 0.0000000000
128435  -11.961  66.295  18.633 0.0000000000
128439  -7.643  66.787  17.091 0.0000000000
128440  -8.349  66.618  17.400 0.0000000000
128441  -9.023  66.176  17.887 0.0000000000
128442  -11.447  66.645  17.311 0.0000000000
128443  -11.834  66.220  17.884 0.0000000000
128449  -4.393  66.533  16.209 0.0000000000
128450  -5.034  66.637  16.544 0.0000000000
128451  -6.038  66.603  16.670 0.0000000000
128452  -7.130  66.477  16.752 0.0000000000
128453  -7.908  66.328  16.789 0.0000000000
128454  -11.265  66.645  16.319 0.0000000000
128463  -10.951  66.917  15.005 0.0000000000
128464  -11.371  66.513  15.360 0.0000000000
128465  -11.826  66.136  15.110 0.0000000000
128474  -10.905  67.170  14.712 0.0000000000
128475  -11.317  66.932  14.643 0.0000000000
128476  -12.037  66.429  14.642 0.0000000000
128477  -13.053  66.401  14.645 0.0000000000
128703  -16.551  67.340  26.548 0.0000000000
128708  -15.602  67.782  25.580 0.0000000000
128709  -16.362  67.731  26.102 0.0000000000
128710  -16.847  68.067  26.238 0.0000000000
128714  -8.514  68.158  24.329 0.0000000000
128715  -9.336  68.125  24.420 0.0000000000
128716  -10.486  68.156  24.523 0.0000000000
128717  -11.692  67.758  24.494 0.0000000000
128718  -13.025  68.000  24.632 0.0000000000
128719  -14.045  68.018  24.965 0.0000000000
128720  -14.883  67.907  25.232 0.0000000000
128721  -15.622  68.312  24.241 0.0000000000
128722  -16.222  67.909  24.256 0.0000000000
128725  -8.001  67.888  24.074 0.0000000000
128726  -9.981  67.428  24.384 0.0000000000
128727  -10.798  67.249  24.381 0.0000000000
128728  -11.291  67.009  24.368 0.0000000000
128729  -14.640  67.859  23.111 0.0000000000
128730  -15.341  67.932  23.729 0.0000000000
128731  -15.849  67.485  23.734 0.0000000000
128732  -8.090  67.633  23.503 0.0000000000
128733  -8.370  67.634  22.957 0.0000000000
128734  -13.545  67.748  22.117 0.0000000000
128735  -14.088  67.805  22.607 0.0000000000
128736  -8.830  67.694  22.294 0.0000000000
128737  -12.573  67.699  20.966 0.0000000000
128738  -13.002  67.692  21.614 0.0000000000
128739  -9.234  67.649  21.306 0.0000000000
128740  -11.590  68.244  19.855 0.0000000000
128741  -11.975  67.630  20.150 0.0000000000
128742  -9.015  68.071  19.757 0.0000000000
128743  -9.310  67.567  20.069 0.0000000000
128744  -11.498  67.717  19.088 0.0000000000
128745  -11.784  67.208  19.486 0.0000000000
128746  -8.897  67.665  19.080 0.0000000000
128747  -9.407  67.037  19.348 0.0000000000
128748  -11.246  67.559  17.951 0.0000000000
128751  -5.685  68.304  17.605 0.0000000000
128752  -6.356  68.011  17.564 0.0000000000
128753  -7.421  67.493  17.518 0.0000000000
128754  -8.214  67.614  18.142 0.0000000000
128755  -10.391  68.173  16.748 0.0000000000
128756  -10.786  67.559  16.964 0.0000000000
128759  -4.644  67.416  16.769 0.0000000000
128760  -5.450  67.583  17.159 0.0000000000
128761  -6.593  67.177  17.137 0.0000000000
128762  -7.214  66.976  17.123 0.0000000000
128763  -10.398  67.796  16.096 0.0000000000
128764  -10.849  67.106  15.872 0.0000000000
128769  -4.306  67.415  16.159 0.0000000000
128771  -10.537  67.399  15.111 0.0000000000
128772  -10.931  66.969  15.337 0.0000000000
128779  -10.891  67.561  14.132 0.0000000000
128780  -11.841  67.238  14.087 0.0000000000
128781  -12.779  67.158  14.243 0.0000000000
128787  -11.007  68.104  13.512 0.0000000000
128788  -11.634  68.003  13.622 0.0000000000
128789  -12.533  67.898  13.842 0.0000000000
128982  -15.376  68.360  25.170 0.0000000000
128983  -16.059  68.325  25.433 0.0000000000
128984  -16.812  68.277  25.742 0.0000000000
128987  -8.222  68.523  24.131 0.0000000000
128988  -8.869  69.071  24.364 0.0000000000
128989  -9.970  69.171  24.599 0.0000000000
128990  -11.117  69.105  24.760 0.0000000000
128991  -12.323  69.038  24.953 0.0000000000
128992  -13.486  68.963  24.898 0.0000000000
128993  -14.592  68.654  24.639 0.0000000000
128994  -15.681  68.480  24.733 0.0000000000
128995  -16.572  68.346  25.033 0.0000000000
128997  -8.157  68.260  23.661 0.0000000000
128998  -8.516  69.014  23.722 0.0000000000
128999  -13.905  69.099  23.679 0.0000000000
129000  -14.448  68.704  23.769 0.0000000000
129001  -15.166  68.483  24.255 0.0000000000
129002  -8.278  67.973  23.323 0.0000000000
129003  -8.658  68.391  23.022 0.0000000000
129004  -12.913  68.930  22.459 0.0000000000
129005  -13.480  68.725  22.885 0.0000000000
129006  -14.170  68.286  23.134 0.0000000000
129007  -9.059  68.644  21.980 0.0000000000
129008  -12.053  68.940  21.259 0.0000000000
129009  -12.547  68.665  21.729 0.0000000000
129010  -13.142  68.206  22.110 0.0000000000
129011  -8.750  69.124  20.404 0.0000000000
129012  -9.035  68.810  20.758 0.0000000000
129013  -11.809  68.694  20.654 0.0000000000
129014  -12.285  68.201  20.846 0.0000000000
129015  -8.642  68.774  19.898 0.0000000000
129016  -9.043  68.301  20.094 0.0000000000
129017  -10.821  69.322  19.138 0.0000000000
129018  -11.156  68.962  19.467 0.0000000000
129019  -6.341  69.224  18.543 0.0000000000
129020  -6.761  69.139  18.547 0.0000000000
129021  -7.764  68.745  18.867 0.0000000000
129022  -10.668  69.156  18.707 0.0000000000
129023  -10.944  68.373  18.415 0.0000000000
129024  -4.741  68.909  17.412 0.0000000000
129025  -5.081  68.644  17.615 0.0000000000
129026  -6.038  68.915  18.229 0.0000000000
129027  -7.038  68.477  18.028 0.0000000000
129028  -7.641  68.085  18.110 0.0000000000
129029  -9.924  69.200  17.262 0.0000000000
129030  -10.299  68.821  17.527 0.0000000000
129031  -10.811  68.064  17.724 0.0000000000
129032  -4.502  68.501  17.004 0.0000000000
129033  -4.813  67.999  17.194 0.0000000000
129034  -9.732  69.103  16.863 0.0000000000
129035  -10.006  68.505  16.423 0.0000000000
129039  -4.424  68.610  16.090 0.0000000000
129041  -8.833  69.131  15.534 0.0000000000
129042  -9.220  68.956  15.858 0.0000000000
129043  -9.877  68.163  15.454 0.0000000000
129049  -8.737  69.008  15.118 0.0000000000
129050  -9.269  68.558  14.787 0.0000000000
129051  -10.002  68.058  14.410 0.0000000000
129057  -8.736  68.999  14.239 0.0000000000
129058  -9.361  68.760  13.690 0.0000000000
129059  -10.369  68.430  13.483 0.0000000000
129060  -11.261  68.809  13.129 0.0000000000
129061  -12.310  68.829  13.434 0.0000000000
129067  -9.826  69.059  13.044 0.0000000000
129068  -10.513  69.265  12.853 0.0000000000
129069  -11.135  69.601  12.815 0.0000000000
129230  -9.559  70.202  24.516 0.0000000000
129231  -10.510  70.059  24.827 0.0000000000
129232  -11.571  69.960  24.865 0.0000000000
129233  -12.683  69.721  24.386 0.0000000000
129234  -13.807  69.232  24.340 0.0000000000
129235  -14.265  69.078  24.232 0.0000000000
129236  -8.849  70.033  23.936 0.0000000000
129237  -12.775  69.820  23.522 0.0000000000
129238  -13.508  69.464  23.762 0.0000000000
129239  -14.070  69.259  23.999 0.0000000000
129240  -8.906  69.656  22.839 0.0000000000
129241  -11.915  69.914  22.313 0.0000000000
129242  -12.693  69.395  22.671 0.0000000000
129243  -13.165  69.408  23.247 0.0000000000
129244  -8.932  69.656  21.651 0.0000000000
129245  -11.763  69.460  21.381 0.0000000000
129246  -12.248  69.365  22.032 0.0000000000
129247  -8.512  69.775  20.595 0.0000000000
129248  -8.839  69.635  21.061 0.0000000000
129249  -10.772  70.204  20.094 0.0000000000
129250  -11.279  69.541  20.370 0.0000000000
129251  -7.250  70.195  19.650 0.0000000000
129252  -7.883  69.667  19.813 0.0000000000
129253  -10.611  69.813  19.233 0.0000000000
129254  -10.975  69.658  19.784 0.0000000000
129255  -5.821  70.163  18.791 0.0000000000
129256  -6.324  69.672  18.810 0.0000000000
129257  -7.048  69.616  19.084 0.0000000000
129258  -7.473  69.559  19.375 0.0000000000
129259  -9.799  70.157  18.159 0.0000000000
129260  -10.253  69.674  18.379 0.0000000000
129261  -4.856  69.657  17.532 0.0000000000
129262  -5.420  69.592  18.256 0.0000000000
129263  -5.853  69.570  18.559 0.0000000000
129264  -8.888  70.136  17.190 0.0000000000
129265  -9.661  69.634  17.425 0.0000000000
129266  -10.025  69.593  17.869 0.0000000000
129267  -4.548  69.656  16.563 0.0000000000
129268  -8.615  69.856  16.407 0.0000000000
129269  -9.169  69.508  16.664 0.0000000000
129275  -7.689  70.069  15.152 0.0000000000
129276  -8.516  69.478  15.610 0.0000000000
129277  -8.886  69.440  16.145 0.0000000000
129284  -7.666  70.151  14.054 0.0000000000
129285  -8.207  69.471  14.554 0.0000000000
129293  -7.870  70.380  13.446 0.0000000000
129294  -8.543  69.826  13.259 0.0000000000
129295  -9.340  69.362  13.101 0.0000000000
129296  -11.273  70.602  12.748 0.0000000000
129297  -11.841  69.996  13.027 0.0000000000
129305  -9.088  70.554  12.598 0.0000000000
129306  -9.782  70.029  12.602 0.0000000000
129307  -10.786  70.111  12.645 0.0000000000
129308  -11.259  70.049  12.759 0.0000000000
129446  -9.672  70.881  24.491 0.0000000000
129447  -10.079  70.711  24.625 0.0000000000
129448  -10.807  70.627  24.533 0.0000000000
129449  -11.607  70.331  24.324 0.0000000000
129450  -9.245  70.918  24.168 0.0000000000
129451  -10.007  71.299  24.156 0.0000000000
129452  -11.129  71.017  23.922 0.0000000000
129453  -11.970  70.305  23.736 0.0000000000
129454  -8.955  70.809  23.298 0.0000000000
129455  -10.411  71.353  23.159 0.0000000000
129456  -11.389  70.717  22.873 0.0000000000
129457  -12.177  70.064  23.062 0.0000000000
129458  -8.551  71.027  21.568 0.0000000000
129459  -8.724  70.810  22.007 0.0000000000
129460  -10.551  71.237  22.043 0.0000000000
129461  -11.255  70.474  21.706 0.0000000000
129462  -8.486  70.815  21.176 0.0000000000
129463  -8.726  70.212  21.284 0.0000000000
129464  -10.466  70.885  20.827 0.0000000000
129465  -11.135  70.157  20.864 0.0000000000
129466  -5.959  70.990  19.381 0.0000000000
129467  -6.212  70.990  19.529 0.0000000000
129468  -6.694  70.859  19.869 0.0000000000
129469  -7.732  70.809  20.349 0.0000000000
129470  -9.547  71.126  19.256 0.0000000000
129471  -9.989  70.906  19.579 0.0000000000
129472  -5.939  70.878  19.176 0.0000000000
129473  -6.267  70.511  19.261 0.0000000000
129474  -6.742  70.168  19.344 0.0000000000
129475  -8.785  71.126  18.431 0.0000000000
129476  -9.317  70.981  18.702 0.0000000000
129477  -10.042  70.371  18.785 0.0000000000
129478  -5.005  70.667  17.648 0.0000000000
129479  -5.422  70.745  18.356 0.0000000000
129480  -7.923  71.154  17.653 0.0000000000
129481  -8.438  70.949  17.878 0.0000000000
129482  -9.252  70.405  17.872 0.0000000000
129483  -4.755  70.685  17.018 0.0000000000
129484  -7.710  71.017  17.164 0.0000000000
129485  -8.162  70.495  16.774 0.0000000000
129490  -6.955  71.322  15.690 0.0000000000
129491  -7.271  70.917  15.951 0.0000000000
129492  -8.052  70.154  15.981 0.0000000000
129498  -6.931  71.336  15.345 0.0000000000
129499  -7.137  70.923  14.664 0.0000000000
129507  -7.454  71.000  13.575 0.0000000000
129508  -7.976  70.711  13.047 0.0000000000
129509  -11.265  71.044  12.727 0.0000000000
129510  -11.623  71.221  12.990 0.0000000000
129518  -7.836  71.434  12.935 0.0000000000
129519  -8.601  71.191  12.654 0.0000000000
129520  -9.633  71.326  12.523 0.0000000000
129521  -10.830  71.283  12.575 0.0000000000
129522  -11.454  72.028  12.983 0.0000000000
129624  -9.306  71.366  23.631 0.0000000000
129625  -9.678  71.552  23.287 0.0000000000
129626  -9.161  71.405  22.770 0.0000000000
129627  -9.743  71.546  22.401 0.0000000000
129628  -8.638  71.221  21.447 0.0000000000
129629  -9.017  71.506  21.669 0.0000000000
129630  -9.763  71.424  21.304 0.0000000000
129631  -8.556  71.219  20.876 0.0000000000
129632  -9.096  71.472  20.600 0.0000000000
129633  -9.719  71.289  20.260 0.0000000000
129634  -6.123  71.178  19.387 0.0000000000
129635  -6.383  71.336  19.509 0.0000000000
129636  -7.089  71.506  19.767 0.0000000000
129637  -8.225  71.380  19.861 0.0000000000
129638  -9.273  71.285  19.524 0.0000000000
129639  -9.670  71.238  19.785 0.0000000000
129640  -5.947  71.373  19.083 0.0000000000
129641  -6.456  71.800  19.078 0.0000000000
129642  -7.380  71.702  18.949 0.0000000000
129643  -8.498  71.341  18.715 0.0000000000
129644  -9.070  71.279  18.985 0.0000000000
129645  -5.052  71.537  17.571 0.0000000000
129646  -5.720  71.876  18.347 0.0000000000
129647  -6.487  71.996  18.086 0.0000000000
129648  -7.582  71.450  17.842 0.0000000000
129649  -8.177  71.277  18.175 0.0000000000
129650  -4.665  71.713  16.624 0.0000000000
129651  -6.542  71.910  16.958 0.0000000000
129652  -7.104  71.393  16.660 0.0000000000
129654  -6.739  71.734  15.790 0.0000000000
129655  -7.006  71.348  16.135 0.0000000000
129659  -6.829  71.880  14.690 0.0000000000
129660  -7.084  71.620  14.031 0.0000000000
129667  -6.999  72.233  14.043 0.0000000000
129668  -7.437  72.067  13.388 0.0000000000
129677  -8.240  72.172  12.717 0.0000000000
129678  -9.230  72.221  12.514 0.0000000000
129679  -10.286  72.289  12.598 0.0000000000
129680  -11.167  72.403  12.832 0.0000000000
129731  -4.937  72.317  17.019 0.0000000000
129732  -5.472  72.244  17.478 0.0000000000
129733  -5.886  72.231  17.837 0.0000000000
129735  -5.368  72.736  16.688 0.0000000000
129736  -5.953  72.414  17.216 0.0000000000
129739  -6.070  72.826  15.988 0.0000000000
129741  -6.602  72.760  14.770 0.0000000000
129744  -6.878  72.499  14.347 0.0000000000
