#!ascii label  , from subject FREESURFER vox2ras=TkReg 
409
46112  -56.188  -39.810  31.023 0.0000000000
46125  -56.105  -39.681  30.326 0.0000000000
47093  -55.765  -38.755  31.860 0.0000000000
47102  -54.199  -38.421  30.436 0.0000000000
47103  -54.990  -38.780  30.730 0.0000000000
47104  -55.684  -39.248  31.035 0.0000000000
47105  -56.086  -39.525  31.584 0.0000000000
47113  -54.261  -38.319  29.542 0.0000000000
47114  -54.963  -38.716  29.867 0.0000000000
47115  -55.605  -39.143  30.133 0.0000000000
47119  -54.386  -38.027  28.693 0.0000000000
47120  -55.030  -38.577  28.978 0.0000000000
47121  -55.623  -39.017  29.321 0.0000000000
47125  -54.552  -37.743  28.276 0.0000000000
48095  -52.128  -36.871  31.376 0.0000000000
48096  -52.675  -37.166  31.632 0.0000000000
48097  -53.726  -37.465  31.863 0.0000000000
48098  -54.946  -37.812  32.081 0.0000000000
48099  -55.995  -37.893  32.632 0.0000000000
48107  -52.371  -37.192  30.859 0.0000000000
48108  -53.271  -37.911  30.946 0.0000000000
48109  -54.349  -38.262  31.323 0.0000000000
48110  -55.157  -38.617  31.449 0.0000000000
48119  -52.740  -37.518  29.889 0.0000000000
48120  -53.562  -38.077  30.023 0.0000000000
48125  -53.013  -37.181  28.847 0.0000000000
48126  -53.598  -37.808  29.194 0.0000000000
48130  -53.276  -36.852  28.391 0.0000000000
48131  -54.023  -37.227  28.226 0.0000000000
48132  -54.673  -37.603  28.033 0.0000000000
48135  -54.491  -36.787  27.626 0.0000000000
49085  -56.248  -35.801  33.344 0.0000000000
49095  -51.244  -35.842  31.691 0.0000000000
49096  -51.813  -36.396  31.892 0.0000000000
49097  -52.985  -36.680  32.418 0.0000000000
49098  -54.155  -36.767  32.533 0.0000000000
49099  -55.280  -36.686  32.635 0.0000000000
49100  -56.100  -36.383  32.856 0.0000000000
49107  -50.298  -35.684  30.984 0.0000000000
49108  -50.940  -35.925  31.152 0.0000000000
49109  -51.687  -36.598  30.973 0.0000000000
49118  -48.191  -35.768  29.878 0.0000000000
49119  -48.745  -35.887  30.080 0.0000000000
49120  -49.931  -35.963  30.408 0.0000000000
49121  -51.013  -36.272  30.248 0.0000000000
49122  -51.860  -36.820  30.114 0.0000000000
49129  -46.236  -35.753  28.901 0.0000000000
49130  -46.746  -35.964  29.146 0.0000000000
49131  -47.893  -36.081  29.436 0.0000000000
49132  -49.039  -36.367  29.463 0.0000000000
49133  -50.190  -36.371  29.424 0.0000000000
49134  -51.261  -36.398  29.332 0.0000000000
49135  -52.215  -36.733  29.197 0.0000000000
49138  -45.382  -35.814  28.195 0.0000000000
49139  -46.001  -36.002  28.446 0.0000000000
49140  -47.046  -36.459  28.521 0.0000000000
49141  -48.209  -36.548  28.522 0.0000000000
49142  -49.391  -36.494  28.457 0.0000000000
49143  -50.575  -36.317  28.378 0.0000000000
49144  -51.695  -36.193  28.397 0.0000000000
49145  -52.725  -36.459  28.337 0.0000000000
49146  -53.441  -36.562  28.044 0.0000000000
49149  -44.505  -35.928  27.379 0.0000000000
49150  -45.137  -36.106  27.653 0.0000000000
49151  -46.242  -36.529  27.597 0.0000000000
49152  -47.390  -36.654  27.536 0.0000000000
49153  -48.578  -36.576  27.445 0.0000000000
49154  -49.812  -36.297  27.311 0.0000000000
49155  -51.143  -35.793  27.211 0.0000000000
49156  -52.337  -35.808  27.624 0.0000000000
49157  -53.260  -35.986  27.639 0.0000000000
49158  -54.071  -36.317  27.559 0.0000000000
49165  -45.449  -36.563  26.647 0.0000000000
49166  -46.589  -36.661  26.516 0.0000000000
49167  -47.762  -36.566  26.428 0.0000000000
49168  -48.945  -36.292  26.290 0.0000000000
49169  -50.223  -35.745  26.043 0.0000000000
49170  -51.005  -35.530  26.380 0.0000000000
49183  -48.148  -36.315  25.323 0.0000000000
49184  -49.176  -35.844  25.193 0.0000000000
49185  -50.033  -35.542  24.901 0.0000000000
50195  -56.102  -35.008  33.696 0.0000000000
50209  -52.782  -35.160  33.001 0.0000000000
50210  -53.087  -35.383  33.085 0.0000000000
50211  -53.676  -35.425  33.097 0.0000000000
50212  -56.182  -34.824  33.253 0.0000000000
50220  -50.777  -34.910  31.888 0.0000000000
50221  -51.267  -35.383  32.044 0.0000000000
50222  -52.419  -35.594  32.742 0.0000000000
50223  -53.445  -36.008  32.959 0.0000000000
50224  -54.459  -35.727  32.937 0.0000000000
50225  -55.524  -35.486  32.852 0.0000000000
50226  -56.099  -35.172  32.948 0.0000000000
50235  -49.668  -34.846  31.160 0.0000000000
50236  -50.321  -35.242  31.429 0.0000000000
50237  -50.970  -35.593  31.574 0.0000000000
50245  -47.708  -35.050  30.075 0.0000000000
50246  -48.202  -35.324  30.171 0.0000000000
50247  -49.349  -35.240  30.681 0.0000000000
50248  -49.966  -35.570  30.910 0.0000000000
50256  -45.772  -34.929  28.974 0.0000000000
50257  -46.268  -35.287  29.153 0.0000000000
50258  -47.373  -35.374  29.688 0.0000000000
50259  -47.910  -35.674  29.816 0.0000000000
50262  -44.741  -34.948  28.243 0.0000000000
50263  -45.391  -35.293  28.512 0.0000000000
50264  -45.968  -35.614  28.771 0.0000000000
50269  -44.392  -35.407  27.758 0.0000000000
50270  -45.058  -35.690  28.054 0.0000000000
50271  -51.536  -35.421  26.441 0.0000000000
50272  -52.206  -35.409  26.796 0.0000000000
50281  -44.215  -35.853  27.266 0.0000000000
50282  -50.640  -35.406  25.224 0.0000000000
51321  -55.932  -34.100  34.131 0.0000000000
51339  -52.966  -35.025  33.111 0.0000000000
51340  -53.362  -34.957  33.133 0.0000000000
51341  -54.025  -34.998  33.139 0.0000000000
51342  -56.124  -33.918  33.469 0.0000000000
51348  -51.085  -34.518  32.171 0.0000000000
51349  -51.780  -34.656  32.542 0.0000000000
51350  -52.743  -34.604  32.932 0.0000000000
51351  -53.730  -34.327  33.037 0.0000000000
51352  -54.801  -34.551  32.956 0.0000000000
51353  -55.744  -34.387  32.785 0.0000000000
51354  -56.125  -34.151  32.993 0.0000000000
51361  -49.881  -34.357  31.394 0.0000000000
51362  -50.508  -34.401  31.805 0.0000000000
51370  -47.920  -34.630  30.217 0.0000000000
51371  -48.575  -34.602  30.496 0.0000000000
51372  -49.256  -34.382  30.916 0.0000000000
51381  -46.078  -34.437  29.117 0.0000000000
51382  -46.870  -34.584  29.531 0.0000000000
51383  -47.475  -34.703  29.916 0.0000000000
51387  -44.954  -34.381  28.434 0.0000000000
51388  -45.551  -34.574  28.791 0.0000000000
51392  -43.720  -34.508  27.674 0.0000000000
51393  -44.350  -34.607  28.088 0.0000000000
52365  -55.730  -33.178  34.629 0.0000000000
52366  -55.970  -33.146  33.987 0.0000000000
52383  -56.149  -32.944  33.540 0.0000000000
52392  -51.428  -34.095  32.371 0.0000000000
52393  -51.993  -33.657  32.550 0.0000000000
52394  -53.147  -33.478  32.822 0.0000000000
52395  -54.292  -33.475  32.780 0.0000000000
52396  -55.307  -33.497  32.680 0.0000000000
52397  -55.958  -33.386  32.731 0.0000000000
52398  -56.208  -33.094  33.073 0.0000000000
52404  -50.239  -33.731  31.582 0.0000000000
52405  -50.987  -33.551  32.055 0.0000000000
52406  -51.645  -32.819  32.189 0.0000000000
52413  -48.166  -34.185  30.312 0.0000000000
52414  -48.651  -33.702  30.455 0.0000000000
52415  -49.580  -33.413  31.069 0.0000000000
52422  -46.076  -34.011  29.060 0.0000000000
52423  -46.533  -33.830  29.186 0.0000000000
52424  -47.659  -33.796  29.815 0.0000000000
52425  -48.399  -32.981  29.962 0.0000000000
52427  -44.959  -33.730  28.357 0.0000000000
52428  -45.699  -33.781  28.729 0.0000000000
52429  -46.372  -33.190  28.791 0.0000000000
52432  -43.339  -33.804  27.381 0.0000000000
52433  -44.236  -33.693  27.925 0.0000000000
53348  -51.775  -32.546  35.670 0.0000000000
53349  -52.439  -32.120  36.016 0.0000000000
53350  -55.901  -32.124  35.148 0.0000000000
53351  -56.205  -31.558  34.828 0.0000000000
53368  -51.785  -32.112  34.965 0.0000000000
53369  -52.153  -32.110  35.482 0.0000000000
53370  -55.930  -32.624  34.431 0.0000000000
53371  -56.194  -32.177  34.118 0.0000000000
53388  -56.261  -32.420  33.360 0.0000000000
53401  -52.531  -32.501  32.388 0.0000000000
53402  -53.761  -32.487  32.560 0.0000000000
53403  -54.882  -32.587  32.471 0.0000000000
53404  -55.699  -32.590  32.524 0.0000000000
53405  -56.096  -32.485  32.773 0.0000000000
53406  -56.288  -32.303  33.038 0.0000000000
53412  -50.362  -32.907  31.464 0.0000000000
53413  -51.143  -32.385  31.648 0.0000000000
53414  -51.844  -32.143  31.950 0.0000000000
53421  -49.077  -32.541  30.374 0.0000000000
53422  -49.915  -32.292  30.910 0.0000000000
53423  -50.558  -32.144  31.242 0.0000000000
53430  -47.065  -32.983  29.141 0.0000000000
53431  -47.952  -32.515  29.417 0.0000000000
53432  -48.602  -32.281  29.816 0.0000000000
53434  -45.068  -33.104  28.170 0.0000000000
53435  -45.907  -32.811  28.352 0.0000000000
53436  -46.681  -32.511  28.535 0.0000000000
53437  -47.416  -32.215  28.755 0.0000000000
53440  -43.502  -33.044  27.207 0.0000000000
53441  -44.477  -32.561  27.407 0.0000000000
53442  -45.454  -32.319  27.734 0.0000000000
53443  -46.286  -32.057  27.962 0.0000000000
53447  -43.696  -32.240  26.714 0.0000000000
53448  -44.446  -31.878  26.779 0.0000000000
54370  -55.769  -31.059  36.658 0.0000000000
54371  -55.997  -30.474  36.218 0.0000000000
54378  -52.998  -31.670  36.267 0.0000000000
54379  -53.510  -31.219  36.509 0.0000000000
54380  -55.893  -31.527  35.924 0.0000000000
54381  -56.177  -30.937  35.575 0.0000000000
54395  -51.779  -31.328  34.434 0.0000000000
54396  -52.582  -31.538  35.375 0.0000000000
54397  -53.165  -31.309  35.938 0.0000000000
54398  -56.392  -31.081  34.470 0.0000000000
54413  -51.337  -31.151  34.119 0.0000000000
54414  -56.359  -31.582  33.416 0.0000000000
54431  -52.334  -31.711  31.988 0.0000000000
54432  -53.258  -31.427  32.141 0.0000000000
54433  -54.495  -31.662  32.266 0.0000000000
54434  -55.446  -31.781  32.245 0.0000000000
54435  -56.016  -31.765  32.455 0.0000000000
54436  -56.229  -31.815  32.819 0.0000000000
54443  -50.979  -31.732  31.262 0.0000000000
54444  -51.705  -31.348  31.490 0.0000000000
54445  -52.504  -31.246  31.816 0.0000000000
54453  -49.002  -31.811  29.923 0.0000000000
54454  -49.645  -31.407  30.210 0.0000000000
54455  -50.512  -31.466  30.832 0.0000000000
54456  -51.061  -31.337  31.107 0.0000000000
54461  -47.980  -31.819  28.931 0.0000000000
54462  -48.647  -31.581  29.348 0.0000000000
54463  -49.189  -31.365  29.728 0.0000000000
54465  -47.066  -31.829  28.165 0.0000000000
54466  -47.725  -31.604  28.393 0.0000000000
54467  -48.280  -31.315  28.637 0.0000000000
54469  -45.137  -31.799  27.084 0.0000000000
54470  -45.929  -31.635  27.350 0.0000000000
54471  -46.764  -31.375  27.492 0.0000000000
54472  -47.534  -31.274  27.809 0.0000000000
54473  -48.036  -31.155  28.117 0.0000000000
54476  -43.172  -31.745  26.071 0.0000000000
54477  -44.054  -31.513  26.267 0.0000000000
54478  -44.894  -31.265  26.422 0.0000000000
54479  -45.693  -31.215  26.744 0.0000000000
54480  -46.304  -31.155  26.996 0.0000000000
54489  -44.447  -31.013  25.919 0.0000000000
55413  -55.334  -30.372  37.247 0.0000000000
55414  -55.775  -30.127  36.512 0.0000000000
55421  -54.150  -30.690  36.775 0.0000000000
55422  -54.591  -30.018  36.773 0.0000000000
55423  -56.199  -29.970  35.971 0.0000000000
55432  -52.026  -30.881  34.284 0.0000000000
55433  -52.607  -30.655  34.578 0.0000000000
55434  -53.456  -30.732  35.715 0.0000000000
55435  -56.437  -29.925  35.034 0.0000000000
55448  -51.671  -30.624  33.949 0.0000000000
55449  -52.393  -30.202  34.119 0.0000000000
55450  -56.484  -30.333  33.828 0.0000000000
55469  -53.569  -30.741  31.871 0.0000000000
55470  -54.268  -30.865  31.947 0.0000000000
55471  -55.218  -31.007  31.905 0.0000000000
55472  -55.899  -31.033  32.092 0.0000000000
55473  -56.278  -30.761  32.661 0.0000000000
55484  -51.777  -30.291  31.108 0.0000000000
55485  -52.806  -30.516  31.635 0.0000000000
55486  -53.995  -30.204  31.698 0.0000000000
55487  -54.999  -30.254  31.620 0.0000000000
55488  -55.815  -30.335  31.718 0.0000000000
55489  -56.161  -30.446  32.027 0.0000000000
55496  -49.873  -30.781  29.922 0.0000000000
55497  -50.440  -30.630  30.159 0.0000000000
55498  -51.132  -30.822  30.818 0.0000000000
55500  -48.786  -30.948  28.835 0.0000000000
55501  -49.490  -30.714  29.410 0.0000000000
55502  -50.024  -30.529  29.757 0.0000000000
55504  -48.499  -30.811  28.221 0.0000000000
55505  -49.081  -30.410  28.500 0.0000000000
55507  -46.797  -30.875  26.936 0.0000000000
55508  -47.411  -30.850  27.194 0.0000000000
55509  -48.115  -30.766  27.567 0.0000000000
55510  -48.749  -30.335  27.666 0.0000000000
55513  -44.960  -30.743  25.928 0.0000000000
55514  -45.567  -30.744  26.160 0.0000000000
55515  -46.333  -30.690  26.457 0.0000000000
55516  -47.162  -30.356  26.492 0.0000000000
55517  -48.000  -30.403  26.876 0.0000000000
55518  -48.449  -30.342  27.190 0.0000000000
55524  -45.392  -30.426  25.589 0.0000000000
55525  -46.151  -30.238  25.724 0.0000000000
55526  -46.651  -30.257  26.122 0.0000000000
56459  -54.972  -29.808  37.009 0.0000000000
56460  -55.413  -29.689  36.541 0.0000000000
56461  -55.869  -29.543  36.201 0.0000000000
56465  -54.257  -30.093  36.058 0.0000000000
56466  -54.838  -29.340  36.143 0.0000000000
56467  -55.625  -29.101  35.977 0.0000000000
56468  -56.155  -29.162  35.658 0.0000000000
56476  -52.810  -29.984  34.316 0.0000000000
56477  -53.749  -29.608  34.901 0.0000000000
56478  -54.750  -28.775  35.260 0.0000000000
56479  -56.318  -29.009  35.054 0.0000000000
56491  -51.183  -29.958  33.263 0.0000000000
56492  -52.494  -29.502  33.697 0.0000000000
56493  -53.547  -28.778  34.050 0.0000000000
56494  -56.505  -29.208  34.310 0.0000000000
56512  -51.506  -29.176  32.834 0.0000000000
56513  -52.265  -28.690  32.952 0.0000000000
56514  -56.520  -29.444  33.207 0.0000000000
56527  -51.762  -29.866  30.867 0.0000000000
56528  -52.321  -29.572  31.091 0.0000000000
56529  -53.570  -29.492  31.395 0.0000000000
56530  -54.717  -29.481  31.422 0.0000000000
56531  -55.654  -29.498  31.425 0.0000000000
56532  -56.366  -29.498  31.998 0.0000000000
56537  -50.661  -30.144  30.003 0.0000000000
56538  -51.308  -29.771  30.328 0.0000000000
56539  -52.275  -28.829  30.522 0.0000000000
56541  -49.817  -30.246  29.269 0.0000000000
56542  -50.291  -30.050  29.498 0.0000000000
56543  -50.963  -29.101  29.222 0.0000000000
56545  -49.688  -30.038  28.860 0.0000000000
56546  -50.300  -29.412  28.371 0.0000000000
56547  -50.972  -28.780  28.349 0.0000000000
56549  -49.453  -29.866  27.878 0.0000000000
56550  -50.099  -29.391  27.177 0.0000000000
56555  -47.314  -30.049  26.183 0.0000000000
56556  -47.779  -30.034  26.234 0.0000000000
56557  -48.922  -29.840  26.643 0.0000000000
56563  -46.424  -29.978  25.462 0.0000000000
56564  -46.997  -29.880  25.732 0.0000000000
56565  -48.157  -29.622  25.474 0.0000000000
57466  -55.337  -28.714  35.567 0.0000000000
57467  -55.896  -28.470  35.373 0.0000000000
57468  -56.180  -28.692  35.262 0.0000000000
57475  -54.350  -28.469  34.543 0.0000000000
57476  -55.296  -28.084  34.774 0.0000000000
57477  -55.962  -27.851  34.900 0.0000000000
57478  -56.319  -28.320  34.742 0.0000000000
57491  -53.046  -28.271  33.344 0.0000000000
57492  -53.964  -28.041  33.846 0.0000000000
57493  -54.635  -27.764  34.196 0.0000000000
57494  -56.534  -28.426  33.822 0.0000000000
57511  -51.689  -28.289  32.505 0.0000000000
57512  -52.434  -28.064  32.765 0.0000000000
57513  -56.573  -28.440  32.788 0.0000000000
57527  -51.176  -28.166  32.213 0.0000000000
57528  -53.235  -28.647  30.947 0.0000000000
57529  -54.402  -28.694  31.130 0.0000000000
57530  -55.384  -28.744  31.145 0.0000000000
57531  -56.141  -28.454  31.218 0.0000000000
57532  -56.449  -28.311  31.923 0.0000000000
57534  -51.804  -28.543  29.764 0.0000000000
57535  -52.923  -27.772  30.222 0.0000000000
57536  -54.134  -27.904  30.648 0.0000000000
57537  -55.181  -28.062  30.825 0.0000000000
57538  -55.760  -28.256  30.887 0.0000000000
58427  -55.746  -27.512  34.413 0.0000000000
58428  -56.165  -27.619  34.363 0.0000000000
58429  -56.394  -27.902  34.179 0.0000000000
58446  -53.651  -27.570  33.379 0.0000000000
58447  -54.327  -27.363  33.694 0.0000000000
58448  -55.155  -27.113  33.838 0.0000000000
58449  -55.907  -27.071  33.941 0.0000000000
58450  -56.353  -27.496  33.516 0.0000000000
58464  -52.192  -27.724  32.418 0.0000000000
58465  -52.978  -27.315  32.707 0.0000000000
58466  -53.951  -26.956  33.227 0.0000000000
58467  -54.543  -26.906  33.509 0.0000000000
58468  -56.460  -27.540  32.394 0.0000000000
58481  -51.545  -27.541  31.964 0.0000000000
58482  -52.317  -27.309  32.257 0.0000000000
58483  -56.245  -27.801  31.070 0.0000000000
58484  -56.360  -27.601  31.482 0.0000000000
58491  -54.968  -27.156  30.327 0.0000000000
58492  -55.944  -27.607  30.705 0.0000000000
58493  -56.253  -27.478  31.060 0.0000000000
59440  -55.228  -26.451  33.454 0.0000000000
59441  -55.616  -26.553  33.437 0.0000000000
59442  -56.030  -26.765  33.426 0.0000000000
59449  -53.016  -26.792  32.456 0.0000000000
59450  -53.538  -26.478  32.623 0.0000000000
59451  -54.640  -26.281  33.229 0.0000000000
59452  -55.861  -26.360  33.097 0.0000000000
59453  -56.183  -26.685  32.788 0.0000000000
59466  -52.536  -26.594  32.016 0.0000000000
59467  -53.355  -25.832  32.132 0.0000000000
59468  -56.363  -26.810  31.974 0.0000000000
59475  -55.570  -26.552  30.229 0.0000000000
59476  -56.213  -26.694  31.073 0.0000000000
60476  -55.376  -26.025  33.164 0.0000000000
60477  -55.674  -26.158  33.094 0.0000000000
60484  -54.188  -25.632  32.472 0.0000000000
60485  -55.039  -25.281  32.750 0.0000000000
60486  -55.807  -25.800  32.563 0.0000000000
60487  -56.191  -26.319  32.310 0.0000000000
60499  -51.904  -25.846  31.390 0.0000000000
60500  -52.728  -25.393  31.584 0.0000000000
60501  -53.753  -25.069  31.869 0.0000000000
60502  -54.494  -24.887  32.197 0.0000000000
60503  -55.914  -25.451  31.667 0.0000000000
60504  -56.203  -26.136  31.833 0.0000000000
60513  -52.106  -25.294  31.308 0.0000000000
60514  -55.765  -25.336  30.459 0.0000000000
60515  -56.071  -25.925  31.281 0.0000000000
61484  -55.435  -24.964  32.255 0.0000000000
61485  -55.708  -25.124  32.078 0.0000000000
61495  -53.197  -24.318  31.303 0.0000000000
61496  -54.164  -24.210  31.716 0.0000000000
61497  -54.971  -24.223  32.160 0.0000000000
61498  -55.507  -24.448  31.499 0.0000000000
61506  -52.268  -24.707  31.091 0.0000000000
61507  -55.639  -24.056  30.479 0.0000000000
62516  -53.143  -23.769  31.058 0.0000000000
62517  -53.609  -23.446  31.255 0.0000000000
62518  -54.502  -23.273  31.615 0.0000000000
62519  -55.130  -23.221  31.601 0.0000000000
62529  -55.525  -23.184  30.966 0.0000000000
