#!ascii label  , from subject FREESURFER vox2ras=TkReg 
357
53570  -29.162  -32.389  12.532 0.0000000000
54619  -29.246  -31.494  12.841 0.0000000000
54627  -29.312  -31.572  11.979 0.0000000000
54636  -29.508  -31.535  10.965 0.0000000000
54637  -29.885  -31.211  10.296 0.0000000000
55652  -29.378  -30.635  13.138 0.0000000000
55653  -29.818  -30.106  12.639 0.0000000000
55664  -29.588  -30.792  12.405 0.0000000000
55665  -30.090  -30.201  11.960 0.0000000000
55676  -29.668  -30.865  11.643 0.0000000000
55677  -30.102  -30.467  10.908 0.0000000000
55678  -30.714  -30.255  10.425 0.0000000000
55691  -30.382  -30.794  10.035 0.0000000000
55692  -30.974  -30.358  9.766 0.0000000000
56687  -29.138  -30.282  13.355 0.0000000000
56700  -29.445  -29.666  13.063 0.0000000000
56701  -30.558  -29.365  12.444 0.0000000000
56702  -31.278  -28.885  12.466 0.0000000000
56714  -30.762  -29.795  11.501 0.0000000000
56715  -31.649  -29.152  11.975 0.0000000000
56716  -32.326  -28.861  11.842 0.0000000000
56727  -30.742  -30.039  10.866 0.0000000000
56728  -31.397  -29.738  10.675 0.0000000000
56729  -32.298  -29.150  11.207 0.0000000000
56742  -31.637  -29.906  9.469 0.0000000000
56743  -32.228  -29.281  10.096 0.0000000000
57687  -28.957  -28.728  12.647 0.0000000000
57688  -30.029  -28.716  12.730 0.0000000000
57689  -31.038  -28.464  12.650 0.0000000000
57690  -31.752  -28.158  12.707 0.0000000000
57700  -28.986  -28.164  12.124 0.0000000000
57701  -31.674  -28.645  12.557 0.0000000000
57702  -32.349  -28.395  12.329 0.0000000000
57703  -32.950  -28.022  11.843 0.0000000000
57711  -32.746  -28.594  11.574 0.0000000000
57712  -33.278  -28.091  11.104 0.0000000000
57720  -32.870  -28.751  10.676 0.0000000000
57721  -33.345  -28.192  10.036 0.0000000000
57730  -32.786  -28.782  9.689 0.0000000000
57731  -33.332  -28.541  8.799 0.0000000000
57732  -33.943  -28.300  8.173 0.0000000000
57742  -34.213  -28.420  7.427 0.0000000000
58633  -29.589  -28.219  12.495 0.0000000000
58634  -30.330  -27.929  12.576 0.0000000000
58635  -31.297  -27.592  12.588 0.0000000000
58636  -32.142  -27.642  12.636 0.0000000000
58646  -29.520  -27.708  11.862 0.0000000000
58647  -30.463  -27.248  11.956 0.0000000000
58648  -31.237  -26.946  12.105 0.0000000000
58649  -32.719  -27.557  12.233 0.0000000000
58650  -33.398  -27.308  11.570 0.0000000000
58651  -33.951  -26.809  11.089 0.0000000000
58660  -28.832  -27.285  10.973 0.0000000000
58661  -29.735  -27.128  11.194 0.0000000000
58662  -30.275  -26.934  11.337 0.0000000000
58663  -33.871  -27.384  10.470 0.0000000000
58664  -34.379  -26.616  10.460 0.0000000000
58671  -33.975  -27.757  9.292 0.0000000000
58672  -34.770  -26.969  9.475 0.0000000000
58673  -35.423  -26.692  9.109 0.0000000000
58681  -33.966  -28.020  8.634 0.0000000000
58682  -34.659  -27.712  8.299 0.0000000000
58683  -35.440  -26.965  8.612 0.0000000000
58691  -34.871  -27.895  6.993 0.0000000000
58692  -35.700  -27.092  7.534 0.0000000000
58693  -36.326  -26.730  7.256 0.0000000000
58703  -35.578  -27.552  6.388 0.0000000000
58704  -36.254  -26.940  6.734 0.0000000000
58716  -36.117  -27.088  5.764 0.0000000000
59689  -31.942  -26.997  12.401 0.0000000000
59690  -32.387  -27.241  12.362 0.0000000000
59699  -30.785  -26.736  11.432 0.0000000000
59700  -31.683  -26.461  11.533 0.0000000000
59701  -32.686  -26.687  11.904 0.0000000000
59702  -33.533  -26.427  11.374 0.0000000000
59703  -34.189  -26.170  11.041 0.0000000000
59713  -29.147  -26.855  10.314 0.0000000000
59714  -30.126  -26.743  10.591 0.0000000000
59715  -30.956  -26.366  10.654 0.0000000000
59716  -34.647  -25.980  10.514 0.0000000000
59717  -35.051  -25.864  10.038 0.0000000000
59724  -29.491  -26.520  9.568 0.0000000000
59725  -30.383  -26.378  9.666 0.0000000000
59726  -31.117  -26.049  9.813 0.0000000000
59727  -34.854  -26.337  9.994 0.0000000000
59728  -35.491  -26.193  9.467 0.0000000000
59729  -36.192  -26.045  9.026 0.0000000000
59735  -29.001  -26.213  8.863 0.0000000000
59736  -29.783  -26.162  8.715 0.0000000000
59737  -30.690  -25.984  8.831 0.0000000000
59738  -31.247  -25.796  9.261 0.0000000000
59739  -35.877  -26.486  8.842 0.0000000000
59740  -36.525  -26.129  8.451 0.0000000000
59741  -37.003  -26.098  8.075 0.0000000000
59749  -30.138  -25.969  8.320 0.0000000000
59750  -30.389  -25.800  8.158 0.0000000000
59751  -35.988  -26.592  8.239 0.0000000000
59752  -36.523  -26.432  7.738 0.0000000000
59753  -37.311  -26.004  7.574 0.0000000000
59754  -37.836  -25.648  7.199 0.0000000000
59762  -36.829  -26.505  7.084 0.0000000000
59763  -37.435  -26.045  6.833 0.0000000000
59764  -38.058  -25.518  6.734 0.0000000000
59774  -36.785  -26.446  6.306 0.0000000000
59775  -37.497  -25.791  6.063 0.0000000000
59776  -38.229  -25.274  6.281 0.0000000000
59785  -36.676  -26.325  5.206 0.0000000000
59786  -37.323  -25.625  5.212 0.0000000000
60705  -31.891  -26.203  11.194 0.0000000000
60706  -32.242  -26.110  11.228 0.0000000000
60707  -33.041  -25.839  11.193 0.0000000000
60708  -33.779  -25.694  11.146 0.0000000000
60717  -31.706  -26.035  10.705 0.0000000000
60718  -32.339  -25.487  10.563 0.0000000000
60719  -33.008  -25.261  10.687 0.0000000000
60720  -34.328  -25.451  10.818 0.0000000000
60721  -34.905  -25.331  10.387 0.0000000000
60730  -31.653  -25.610  9.791 0.0000000000
60731  -32.188  -25.089  9.624 0.0000000000
60732  -35.436  -25.400  9.828 0.0000000000
60733  -36.176  -25.423  9.321 0.0000000000
60734  -36.940  -25.177  9.012 0.0000000000
60741  -29.095  -25.804  8.356 0.0000000000
60742  -30.790  -25.688  8.329 0.0000000000
60743  -31.448  -25.405  8.651 0.0000000000
60744  -32.238  -24.786  8.863 0.0000000000
60745  -36.644  -25.662  8.824 0.0000000000
60746  -37.386  -25.489  8.353 0.0000000000
60747  -38.189  -25.049  7.950 0.0000000000
60748  -38.805  -24.699  7.609 0.0000000000
60756  -29.671  -25.599  7.771 0.0000000000
60757  -30.635  -25.517  7.716 0.0000000000
60758  -31.385  -25.135  7.487 0.0000000000
60759  -37.835  -25.456  7.655 0.0000000000
60760  -38.429  -25.197  7.281 0.0000000000
60761  -39.218  -24.750  7.117 0.0000000000
60767  -30.023  -25.300  7.036 0.0000000000
60768  -30.683  -25.182  6.812 0.0000000000
60769  -31.370  -24.936  6.726 0.0000000000
60770  -38.728  -25.064  6.692 0.0000000000
60771  -39.380  -24.672  6.587 0.0000000000
60779  -37.950  -25.178  5.640 0.0000000000
60780  -38.809  -24.757  6.035 0.0000000000
60790  -38.339  -24.727  5.303 0.0000000000
61671  -33.448  -25.319  10.902 0.0000000000
61672  -33.880  -25.076  10.874 0.0000000000
61681  -32.711  -24.936  10.223 0.0000000000
61682  -33.378  -24.716  10.402 0.0000000000
61683  -34.332  -24.535  10.371 0.0000000000
61684  -35.187  -24.727  10.044 0.0000000000
61695  -32.765  -24.409  9.526 0.0000000000
61696  -33.539  -23.795  9.694 0.0000000000
61697  -34.314  -23.661  9.804 0.0000000000
61698  -35.803  -24.719  9.675 0.0000000000
61699  -36.609  -24.566  9.365 0.0000000000
61700  -37.586  -24.509  8.794 0.0000000000
61701  -38.081  -24.126  8.540 0.0000000000
61712  -32.056  -24.779  8.006 0.0000000000
61713  -32.636  -24.182  8.454 0.0000000000
61714  -33.016  -23.751  9.018 0.0000000000
61715  -37.915  -24.857  8.347 0.0000000000
61716  -38.428  -24.358  8.175 0.0000000000
61717  -39.670  -24.089  7.571 0.0000000000
61732  -32.020  -24.758  7.074 0.0000000000
61733  -32.537  -24.307  7.501 0.0000000000
61734  -40.030  -24.443  6.910 0.0000000000
61747  -30.937  -24.843  6.065 0.0000000000
61748  -31.815  -24.690  6.234 0.0000000000
61749  -32.649  -24.256  6.551 0.0000000000
61750  -33.108  -23.832  6.220 0.0000000000
61765  -31.486  -24.505  5.479 0.0000000000
61766  -32.271  -24.390  5.670 0.0000000000
61767  -32.888  -24.072  5.671 0.0000000000
61781  -31.243  -24.171  4.771 0.0000000000
61782  -32.063  -24.267  4.978 0.0000000000
61783  -32.536  -24.175  5.244 0.0000000000
62689  -34.980  -24.044  9.828 0.0000000000
62690  -35.447  -24.332  9.750 0.0000000000
62699  -33.970  -22.820  9.438 0.0000000000
62700  -34.836  -23.134  9.623 0.0000000000
62701  -35.846  -23.718  9.600 0.0000000000
62702  -37.009  -23.649  9.264 0.0000000000
62703  -37.917  -23.559  8.610 0.0000000000
62704  -38.324  -23.923  8.396 0.0000000000
62713  -32.975  -23.514  8.418 0.0000000000
62714  -33.282  -22.958  8.852 0.0000000000
62715  -38.323  -23.098  8.301 0.0000000000
62716  -38.858  -23.459  8.066 0.0000000000
62717  -40.100  -23.180  7.750 0.0000000000
62729  -32.878  -23.735  7.741 0.0000000000
62730  -33.123  -23.001  7.922 0.0000000000
62742  -32.867  -23.975  7.180 0.0000000000
62743  -33.183  -23.427  6.922 0.0000000000
62757  -33.491  -23.379  5.751 0.0000000000
62758  -33.885  -22.859  5.287 0.0000000000
62776  -31.851  -23.991  4.199 0.0000000000
62777  -32.883  -23.962  4.697 0.0000000000
62778  -33.719  -23.274  4.691 0.0000000000
62796  -32.444  -23.695  3.605 0.0000000000
62797  -33.344  -23.538  3.785 0.0000000000
62798  -34.103  -23.161  3.899 0.0000000000
62814  -32.903  -23.375  2.931 0.0000000000
62815  -33.755  -23.204  3.100 0.0000000000
62816  -34.263  -22.991  3.319 0.0000000000
63702  -34.047  -22.343  9.192 0.0000000000
63703  -34.490  -22.218  9.182 0.0000000000
63704  -35.474  -22.516  9.375 0.0000000000
63705  -36.409  -22.734  9.276 0.0000000000
63706  -37.217  -22.719  8.904 0.0000000000
63715  -33.877  -22.148  8.799 0.0000000000
63716  -34.251  -21.808  8.835 0.0000000000
63717  -37.904  -22.581  8.408 0.0000000000
63718  -38.612  -22.578  8.056 0.0000000000
63719  -39.550  -22.483  7.782 0.0000000000
63731  -33.434  -22.235  8.154 0.0000000000
63743  -33.479  -22.380  7.349 0.0000000000
63744  -33.789  -22.137  6.805 0.0000000000
63755  -33.623  -22.750  6.584 0.0000000000
63756  -34.042  -22.400  5.981 0.0000000000
63768  -34.355  -22.453  4.816 0.0000000000
63769  -34.924  -22.057  4.324 0.0000000000
63782  -34.608  -22.635  3.753 0.0000000000
63783  -35.234  -22.130  3.556 0.0000000000
63795  -33.259  -22.855  2.305 0.0000000000
63796  -34.434  -22.721  2.618 0.0000000000
63797  -35.361  -22.072  2.511 0.0000000000
63815  -33.555  -22.314  1.442 0.0000000000
63816  -34.611  -22.157  1.534 0.0000000000
63817  -35.371  -21.871  1.731 0.0000000000
64708  -34.598  -21.606  8.827 0.0000000000
64709  -35.207  -21.681  8.998 0.0000000000
64710  -36.053  -21.786  9.061 0.0000000000
64711  -36.700  -22.062  8.951 0.0000000000
64719  -33.774  -21.693  8.187 0.0000000000
64720  -34.284  -21.442  8.419 0.0000000000
64721  -36.545  -21.452  8.777 0.0000000000
64722  -37.240  -21.653  8.509 0.0000000000
64723  -38.164  -21.665  7.984 0.0000000000
64724  -38.888  -21.932  7.781 0.0000000000
64733  -33.723  -21.676  7.677 0.0000000000
64734  -34.001  -21.458  7.371 0.0000000000
64735  -38.681  -21.312  7.675 0.0000000000
64748  -33.773  -21.780  7.231 0.0000000000
64749  -34.204  -21.544  6.747 0.0000000000
64761  -34.631  -21.538  5.720 0.0000000000
64762  -35.076  -21.176  5.302 0.0000000000
64773  -34.865  -21.687  4.929 0.0000000000
64774  -35.424  -21.332  4.515 0.0000000000
64785  -35.903  -21.355  3.445 0.0000000000
64786  -36.302  -21.006  3.096 0.0000000000
64797  -35.959  -21.478  2.335 0.0000000000
64798  -36.521  -20.889  2.555 0.0000000000
64815  -35.044  -21.747  1.060 0.0000000000
64816  -35.692  -21.549  1.394 0.0000000000
64817  -36.238  -21.212  1.673 0.0000000000
64833  -35.488  -21.359  0.601 0.0000000000
64834  -35.947  -21.316  1.094 0.0000000000
65817  -35.012  -21.113  8.531 0.0000000000
65818  -35.761  -21.108  8.707 0.0000000000
65819  -36.218  -21.222  8.763 0.0000000000
65826  -34.134  -21.316  7.808 0.0000000000
65827  -34.860  -20.645  7.876 0.0000000000
65828  -35.667  -20.488  8.191 0.0000000000
65829  -36.554  -20.623  8.451 0.0000000000
65830  -37.682  -20.477  7.887 0.0000000000
65831  -38.272  -20.981  7.715 0.0000000000
65838  -34.040  -21.359  7.555 0.0000000000
65839  -34.422  -20.910  7.289 0.0000000000
65840  -38.070  -19.832  7.569 0.0000000000
65854  -34.848  -20.670  6.394 0.0000000000
65855  -35.303  -20.131  6.202 0.0000000000
65868  -34.989  -20.933  5.751 0.0000000000
65869  -35.411  -20.436  5.492 0.0000000000
65880  -36.120  -20.333  4.323 0.0000000000
65881  -36.502  -19.763  4.036 0.0000000000
65892  -36.255  -20.744  3.588 0.0000000000
65893  -36.551  -20.253  3.425 0.0000000000
65903  -36.909  -20.266  2.737 0.0000000000
65904  -37.124  -20.214  2.294 0.0000000000
65919  -36.785  -20.713  1.949 0.0000000000
65920  -37.182  -20.246  1.651 0.0000000000
65935  -35.743  -21.124  0.359 0.0000000000
65936  -36.315  -20.952  0.784 0.0000000000
65937  -37.175  -20.221  0.552 0.0000000000
65949  -36.414  -20.525  -0.299 0.0000000000
66995  -35.296  -20.180  7.515 0.0000000000
66996  -35.666  -20.027  7.669 0.0000000000
66997  -36.380  -19.624  7.856 0.0000000000
66998  -37.082  -19.547  8.023 0.0000000000
67007  -35.056  -20.288  7.301 0.0000000000
67008  -35.658  -19.759  7.267 0.0000000000
67009  -36.113  -19.420  7.453 0.0000000000
67010  -37.714  -19.220  7.626 0.0000000000
67026  -34.851  -20.378  6.982 0.0000000000
67027  -35.373  -19.887  6.753 0.0000000000
67042  -35.631  -19.644  6.041 0.0000000000
67056  -35.979  -19.509  5.297 0.0000000000
67057  -36.392  -19.276  4.568 0.0000000000
67071  -36.828  -19.277  3.804 0.0000000000
67072  -37.161  -18.854  3.538 0.0000000000
67085  -36.904  -19.824  3.215 0.0000000000
67086  -37.288  -19.482  2.781 0.0000000000
67100  -37.805  -19.360  1.491 0.0000000000
67101  -38.245  -18.756  1.326 0.0000000000
67110  -37.733  -19.610  0.202 0.0000000000
67111  -38.273  -19.032  0.664 0.0000000000
68064  -36.960  -18.907  7.873 0.0000000000
68065  -37.302  -18.945  7.814 0.0000000000
68072  -36.146  -19.166  7.178 0.0000000000
68073  -36.674  -18.603  7.341 0.0000000000
68074  -37.512  -18.427  7.452 0.0000000000
68088  -35.891  -19.329  6.956 0.0000000000
68089  -36.258  -18.751  6.870 0.0000000000
68107  -35.932  -19.168  6.496 0.0000000000
68108  -36.229  -18.482  6.262 0.0000000000
68125  -35.970  -19.012  5.904 0.0000000000
68126  -36.295  -18.562  5.387 0.0000000000
68143  -36.629  -18.460  4.574 0.0000000000
68144  -37.005  -18.332  4.011 0.0000000000
68158  -37.359  -18.287  3.299 0.0000000000
68159  -37.718  -17.974  2.742 0.0000000000
68174  -37.704  -18.695  2.507 0.0000000000
68175  -38.157  -18.269  1.996 0.0000000000
68184  -38.579  -18.242  1.101 0.0000000000
68185  -38.956  -17.964  0.562 0.0000000000
69045  -36.876  -18.033  7.088 0.0000000000
69046  -37.395  -17.658  6.946 0.0000000000
69060  -36.681  -18.026  6.763 0.0000000000
69061  -37.148  -17.374  6.348 0.0000000000
69077  -36.559  -17.817  5.967 0.0000000000
69078  -37.021  -17.245  5.674 0.0000000000
69094  -36.629  -17.778  5.170 0.0000000000
69095  -36.987  -17.182  4.942 0.0000000000
69111  -36.854  -17.802  4.559 0.0000000000
69112  -37.191  -17.403  4.096 0.0000000000
69128  -37.572  -17.355  3.301 0.0000000000
69129  -38.010  -17.338  2.637 0.0000000000
69145  -38.459  -17.278  1.795 0.0000000000
69146  -38.897  -16.929  1.325 0.0000000000
69158  -38.830  -17.527  1.080 0.0000000000
70034  -37.705  -16.764  6.517 0.0000000000
70049  -37.447  -16.733  6.074 0.0000000000
70065  -37.341  -16.615  5.468 0.0000000000
70081  -37.337  -16.550  4.715 0.0000000000
70097  -37.531  -16.505  3.867 0.0000000000
70098  -37.953  -16.187  3.452 0.0000000000
70110  -37.857  -16.747  3.204 0.0000000000
70111  -38.273  -16.398  2.703 0.0000000000
70122  -38.693  -16.312  1.848 0.0000000000
70123  -39.279  -16.322  1.286 0.0000000000
71092  -37.705  -16.011  5.325 0.0000000000
71107  -37.741  -15.905  4.586 0.0000000000
71108  -38.240  -15.366  4.425 0.0000000000
71124  -37.873  -15.838  3.947 0.0000000000
71125  -38.368  -15.520  3.499 0.0000000000
71136  -38.749  -15.475  2.511 0.0000000000
71142  -39.046  -15.675  1.773 0.0000000000
