#!ascii label  , from subject FREESURFER vox2ras=TkReg 
2013
52481  -28.714  -33.176  18.632 0.0000000000
52492  -28.483  -33.269  17.823 0.0000000000
52502  -28.500  -33.262  16.814 0.0000000000
52512  -28.617  -33.076  15.865 0.0000000000
52528  -28.811  -32.822  15.004 0.0000000000
52544  -28.871  -32.704  14.170 0.0000000000
52553  -28.935  -32.539  13.692 0.0000000000
53511  -27.575  -31.917  18.179 0.0000000000
53512  -27.993  -32.320  18.480 0.0000000000
53520  -27.393  -31.845  17.685 0.0000000000
53521  -27.861  -32.640  17.343 0.0000000000
53529  -27.456  -31.986  16.736 0.0000000000
53530  -28.015  -32.573  16.382 0.0000000000
53542  -27.655  -31.984  16.030 0.0000000000
53543  -28.194  -32.239  15.483 0.0000000000
53560  -28.534  -32.109  14.597 0.0000000000
53567  -28.781  -32.063  13.896 0.0000000000
53568  -28.973  -32.185  13.298 0.0000000000
54536  -28.685  -31.864  19.463 0.0000000000
54545  -27.566  -31.452  18.243 0.0000000000
54546  -28.095  -31.206  18.899 0.0000000000
54558  -26.880  -30.583  17.302 0.0000000000
54559  -27.101  -30.835  17.599 0.0000000000
54573  -26.767  -30.685  17.048 0.0000000000
54574  -27.009  -31.302  16.933 0.0000000000
54588  -26.714  -30.829  16.475 0.0000000000
54589  -27.053  -31.356  15.992 0.0000000000
54590  -27.636  -31.655  15.532 0.0000000000
54607  -27.340  -31.213  15.262 0.0000000000
54608  -27.925  -31.457  14.852 0.0000000000
54613  -28.498  -31.327  14.109 0.0000000000
54614  -28.963  -31.402  13.493 0.0000000000
55572  -28.845  -30.738  19.491 0.0000000000
55587  -27.634  -30.386  18.364 0.0000000000
55588  -28.291  -30.354  18.953 0.0000000000
55603  -26.792  -30.178  17.272 0.0000000000
55604  -27.164  -30.045  17.757 0.0000000000
55616  -26.560  -30.183  16.598 0.0000000000
55626  -26.555  -30.423  15.796 0.0000000000
55627  -26.930  -30.825  15.328 0.0000000000
55637  -26.664  -30.312  15.013 0.0000000000
55638  -27.280  -30.672  14.644 0.0000000000
55639  -27.940  -30.917  14.319 0.0000000000
55643  -27.675  -30.486  14.099 0.0000000000
55644  -28.241  -30.590  13.878 0.0000000000
55645  -28.861  -30.723  13.598 0.0000000000
56627  -28.760  -29.961  19.175 0.0000000000
56628  -29.379  -29.920  19.501 0.0000000000
56641  -27.509  -29.299  17.940 0.0000000000
56642  -28.296  -29.487  18.649 0.0000000000
56643  -29.126  -29.378  19.104 0.0000000000
56644  -29.632  -29.430  19.398 0.0000000000
56652  -26.669  -29.324  16.876 0.0000000000
56653  -27.003  -29.475  17.462 0.0000000000
56660  -26.375  -29.496  16.051 0.0000000000
56666  -26.317  -29.643  15.178 0.0000000000
56675  -26.680  -29.771  14.249 0.0000000000
56676  -27.281  -30.254  14.112 0.0000000000
56684  -26.781  -29.220  13.363 0.0000000000
56685  -27.586  -29.990  13.533 0.0000000000
56686  -28.657  -30.130  13.434 0.0000000000
56697  -26.835  -28.881  12.904 0.0000000000
56698  -27.364  -29.204  12.873 0.0000000000
56699  -28.341  -29.474  12.955 0.0000000000
57622  -30.293  -28.645  19.477 0.0000000000
57632  -27.548  -28.752  17.776 0.0000000000
57633  -27.981  -28.428  18.085 0.0000000000
57634  -28.907  -28.621  18.791 0.0000000000
57635  -29.735  -28.886  19.173 0.0000000000
57643  -26.764  -28.804  16.869 0.0000000000
57644  -27.187  -28.520  17.267 0.0000000000
57645  -27.710  -27.965  17.614 0.0000000000
57654  -26.594  -28.568  16.398 0.0000000000
57655  -26.900  -28.090  16.673 0.0000000000
57661  -26.192  -28.705  15.399 0.0000000000
57670  -26.064  -28.956  14.621 0.0000000000
57678  -26.163  -28.711  13.846 0.0000000000
57684  -26.424  -28.471  13.092 0.0000000000
57685  -26.936  -28.481  12.500 0.0000000000
57686  -27.876  -28.781  12.446 0.0000000000
57698  -27.426  -28.206  12.068 0.0000000000
57699  -28.191  -28.253  12.010 0.0000000000
58571  -28.992  -27.080  19.068 0.0000000000
58572  -29.355  -27.268  19.236 0.0000000000
58573  -30.265  -27.748  19.492 0.0000000000
58574  -31.202  -27.576  19.899 0.0000000000
58581  -28.778  -27.474  18.678 0.0000000000
58582  -29.515  -28.064  19.088 0.0000000000
58583  -29.966  -28.342  19.294 0.0000000000
58590  -27.560  -27.578  17.313 0.0000000000
58591  -28.019  -27.313  17.850 0.0000000000
58601  -26.722  -27.802  16.299 0.0000000000
58602  -27.119  -27.466  16.721 0.0000000000
58614  -26.373  -27.773  15.648 0.0000000000
58621  -25.695  -27.345  14.155 0.0000000000
58622  -25.845  -27.717  14.508 0.0000000000
58625  -25.672  -27.306  13.863 0.0000000000
58626  -25.909  -27.856  13.508 0.0000000000
58630  -25.726  -27.219  13.293 0.0000000000
58631  -26.155  -27.583  12.614 0.0000000000
58632  -26.811  -27.880  12.018 0.0000000000
58643  -26.478  -27.285  11.802 0.0000000000
58644  -27.332  -27.611  11.444 0.0000000000
58645  -28.474  -27.790  11.487 0.0000000000
58659  -27.863  -27.221  10.844 0.0000000000
59595  -30.245  -25.933  20.244 0.0000000000
59596  -31.123  -26.081  20.332 0.0000000000
59597  -31.931  -26.229  20.272 0.0000000000
59614  -28.932  -26.466  19.175 0.0000000000
59615  -29.790  -26.673  19.713 0.0000000000
59616  -30.694  -26.809  19.932 0.0000000000
59617  -31.514  -26.811  20.065 0.0000000000
59630  -28.358  -26.554  18.322 0.0000000000
59640  -27.627  -26.608  17.187 0.0000000000
59641  -28.029  -26.587  17.777 0.0000000000
59654  -26.686  -27.127  16.030 0.0000000000
59655  -27.021  -26.543  16.332 0.0000000000
59669  -26.372  -26.720  15.254 0.0000000000
59670  -26.703  -26.541  15.799 0.0000000000
59679  -25.665  -27.030  14.119 0.0000000000
59680  -25.898  -26.660  14.462 0.0000000000
59682  -25.623  -26.651  13.653 0.0000000000
59683  -25.685  -26.562  14.043 0.0000000000
59687  -25.694  -26.664  12.962 0.0000000000
59688  -25.994  -26.578  12.142 0.0000000000
59697  -26.571  -26.572  11.151 0.0000000000
59698  -27.201  -27.027  10.886 0.0000000000
59710  -26.722  -26.113  10.634 0.0000000000
59711  -27.236  -26.469  10.390 0.0000000000
59712  -28.204  -26.771  10.266 0.0000000000
59722  -27.736  -26.277  9.766 0.0000000000
59723  -28.496  -26.377  9.470 0.0000000000
60605  -29.936  -24.962  20.369 0.0000000000
60606  -30.752  -25.150  20.616 0.0000000000
60607  -31.641  -25.359  20.569 0.0000000000
60608  -32.495  -25.552  20.354 0.0000000000
60621  -28.891  -25.271  19.302 0.0000000000
60622  -29.463  -25.658  19.841 0.0000000000
60634  -28.437  -25.600  18.573 0.0000000000
60646  -27.777  -25.753  17.175 0.0000000000
60647  -28.039  -25.884  17.765 0.0000000000
60662  -27.403  -25.789  16.549 0.0000000000
60673  -26.526  -26.193  15.185 0.0000000000
60674  -26.833  -25.858  15.515 0.0000000000
60684  -26.377  -26.042  14.788 0.0000000000
60685  -26.717  -25.501  14.847 0.0000000000
60691  -25.662  -26.279  13.668 0.0000000000
60692  -25.815  -26.002  13.919 0.0000000000
60695  -25.683  -26.252  13.411 0.0000000000
60696  -25.771  -25.742  12.886 0.0000000000
60704  -26.103  -25.598  11.759 0.0000000000
60715  -26.493  -25.534  10.823 0.0000000000
60716  -26.809  -25.817  10.317 0.0000000000
60727  -26.727  -25.288  10.223 0.0000000000
60728  -27.188  -25.590  9.742 0.0000000000
60729  -27.816  -25.865  9.293 0.0000000000
60739  -27.606  -25.291  9.122 0.0000000000
60740  -28.284  -25.585  8.642 0.0000000000
60755  -28.831  -25.281  7.984 0.0000000000
61571  -30.648  -23.747  20.961 0.0000000000
61572  -30.862  -23.793  21.076 0.0000000000
61581  -29.829  -24.292  20.313 0.0000000000
61582  -30.411  -24.047  20.748 0.0000000000
61583  -31.305  -24.346  20.946 0.0000000000
61584  -32.210  -24.643  20.718 0.0000000000
61585  -33.078  -24.686  20.430 0.0000000000
61596  -28.915  -24.659  19.291 0.0000000000
61597  -29.327  -24.510  19.779 0.0000000000
61607  -28.644  -24.678  18.792 0.0000000000
61615  -27.992  -25.385  17.406 0.0000000000
61616  -28.240  -24.768  17.762 0.0000000000
61627  -27.834  -25.153  16.936 0.0000000000
61628  -28.096  -24.338  16.667 0.0000000000
61637  -27.527  -24.965  16.017 0.0000000000
61638  -27.953  -24.087  15.660 0.0000000000
61647  -26.476  -25.450  14.381 0.0000000000
61648  -27.192  -24.729  14.705 0.0000000000
61649  -28.003  -23.795  14.843 0.0000000000
61655  -26.395  -25.095  13.643 0.0000000000
61656  -27.029  -24.199  13.443 0.0000000000
61659  -26.404  -24.655  12.500 0.0000000000
61660  -27.050  -23.821  12.610 0.0000000000
61670  -26.392  -24.676  11.349 0.0000000000
61680  -26.579  -24.708  10.504 0.0000000000
61693  -26.820  -24.790  9.870 0.0000000000
61694  -27.210  -24.725  9.371 0.0000000000
61710  -27.641  -24.637  8.685 0.0000000000
61711  -28.262  -24.685  8.005 0.0000000000
61730  -28.872  -24.694  7.207 0.0000000000
61731  -29.562  -25.060  7.038 0.0000000000
61745  -28.872  -24.082  6.485 0.0000000000
61746  -29.724  -24.595  6.192 0.0000000000
61763  -29.884  -24.042  5.080 0.0000000000
61764  -30.602  -24.404  5.335 0.0000000000
61779  -30.062  -23.711  4.639 0.0000000000
61780  -30.490  -23.935  4.663 0.0000000000
62591  -30.686  -23.378  21.039 0.0000000000
62592  -31.374  -23.331  21.207 0.0000000000
62593  -32.280  -23.178  21.227 0.0000000000
62594  -33.016  -23.147  21.066 0.0000000000
62598  -29.731  -23.613  20.215 0.0000000000
62599  -30.198  -23.014  20.708 0.0000000000
62600  -31.971  -23.885  21.022 0.0000000000
62601  -32.699  -23.877  20.837 0.0000000000
62602  -33.571  -23.605  20.436 0.0000000000
62611  -28.897  -24.169  19.193 0.0000000000
62612  -29.181  -23.409  19.415 0.0000000000
62624  -28.681  -23.622  18.497 0.0000000000
62625  -28.964  -23.068  18.905 0.0000000000
62634  -28.427  -23.586  17.329 0.0000000000
62640  -28.362  -23.441  16.328 0.0000000000
62647  -28.431  -23.255  15.402 0.0000000000
62653  -27.808  -23.717  13.999 0.0000000000
62654  -28.498  -23.141  14.471 0.0000000000
62659  -27.638  -23.455  13.090 0.0000000000
62660  -28.378  -22.951  13.462 0.0000000000
62667  -26.847  -23.881  11.779 0.0000000000
62668  -27.555  -23.091  12.195 0.0000000000
62669  -28.000  -22.989  12.816 0.0000000000
62678  -26.689  -23.938  10.848 0.0000000000
62679  -27.144  -23.162  11.218 0.0000000000
62687  -26.710  -24.094  10.020 0.0000000000
62688  -26.924  -23.258  10.281 0.0000000000
62697  -26.974  -24.326  9.636 0.0000000000
62698  -27.165  -23.726  9.277 0.0000000000
62711  -27.787  -23.670  8.082 0.0000000000
62712  -28.252  -24.176  7.557 0.0000000000
62727  -27.886  -23.138  7.598 0.0000000000
62728  -28.262  -23.562  7.077 0.0000000000
62740  -28.736  -23.368  6.170 0.0000000000
62741  -29.082  -23.936  6.026 0.0000000000
62755  -28.872  -23.063  5.767 0.0000000000
62756  -29.258  -23.480  5.510 0.0000000000
62773  -29.725  -23.374  4.723 0.0000000000
62774  -30.266  -23.322  4.237 0.0000000000
62775  -30.997  -23.681  4.141 0.0000000000
62794  -30.718  -23.156  3.683 0.0000000000
62795  -31.470  -23.331  3.450 0.0000000000
62813  -32.099  -23.218  2.939 0.0000000000
63607  -30.795  -22.297  21.122 0.0000000000
63608  -31.830  -22.327  21.339 0.0000000000
63609  -32.716  -22.358  21.277 0.0000000000
63610  -33.461  -22.487  20.860 0.0000000000
63614  -29.653  -22.379  20.061 0.0000000000
63615  -30.185  -22.326  20.670 0.0000000000
63616  -34.159  -22.611  20.211 0.0000000000
63621  -29.108  -22.492  19.129 0.0000000000
63632  -28.669  -22.650  17.816 0.0000000000
63633  -28.872  -22.746  18.553 0.0000000000
63645  -28.548  -22.739  16.880 0.0000000000
63653  -28.607  -22.635  16.030 0.0000000000
63660  -28.919  -22.325  15.092 0.0000000000
63661  -29.151  -21.688  14.879 0.0000000000
63665  -28.925  -22.449  14.094 0.0000000000
63666  -29.194  -21.869  14.348 0.0000000000
63672  -28.933  -22.126  13.374 0.0000000000
63673  -29.155  -21.995  13.844 0.0000000000
63680  -27.849  -22.505  12.001 0.0000000000
63681  -28.309  -22.372  12.552 0.0000000000
63686  -27.630  -22.554  11.500 0.0000000000
63687  -28.023  -22.080  11.694 0.0000000000
63694  -27.495  -22.378  10.698 0.0000000000
63695  -27.793  -22.139  11.190 0.0000000000
63701  -27.245  -22.584  9.748 0.0000000000
63713  -27.452  -22.603  8.725 0.0000000000
63714  -27.696  -22.173  8.094 0.0000000000
63729  -27.712  -22.813  7.955 0.0000000000
63730  -27.903  -22.516  7.366 0.0000000000
63742  -28.358  -22.651  6.537 0.0000000000
63753  -28.701  -22.731  5.979 0.0000000000
63754  -28.948  -22.657  5.523 0.0000000000
63766  -29.355  -22.640  4.835 0.0000000000
63767  -29.794  -22.835  4.287 0.0000000000
63779  -29.615  -22.280  4.166 0.0000000000
63780  -30.155  -22.502  3.597 0.0000000000
63781  -30.867  -22.740  3.237 0.0000000000
63792  -30.644  -22.168  2.914 0.0000000000
63793  -31.412  -22.498  2.639 0.0000000000
63794  -32.328  -22.778  2.387 0.0000000000
63813  -31.841  -22.217  2.044 0.0000000000
63814  -32.526  -22.253  1.700 0.0000000000
63815  -33.555  -22.314  1.442 0.0000000000
63831  -33.939  -21.942  0.933 0.0000000000
63832  -34.391  -21.784  0.818 0.0000000000
64603  -30.784  -21.050  21.026 0.0000000000
64604  -31.507  -21.331  21.300 0.0000000000
64605  -32.362  -21.428  21.352 0.0000000000
64606  -33.200  -21.512  21.184 0.0000000000
64611  -29.735  -21.099  20.057 0.0000000000
64612  -30.223  -21.606  20.605 0.0000000000
64613  -33.933  -21.594  20.677 0.0000000000
64619  -29.319  -21.487  19.273 0.0000000000
64627  -28.756  -21.984  17.772 0.0000000000
64628  -28.922  -21.902  18.390 0.0000000000
64639  -28.657  -22.027  17.212 0.0000000000
64640  -28.891  -21.391  17.611 0.0000000000
64650  -28.681  -22.141  16.537 0.0000000000
64651  -28.852  -21.373  16.596 0.0000000000
64659  -28.847  -21.967  15.952 0.0000000000
64660  -29.059  -21.324  15.473 0.0000000000
64667  -29.278  -21.172  14.574 0.0000000000
64675  -29.128  -21.779  13.268 0.0000000000
64676  -29.300  -21.398  13.563 0.0000000000
64683  -28.993  -21.725  12.876 0.0000000000
64684  -29.287  -21.012  12.593 0.0000000000
64690  -28.652  -21.452  11.979 0.0000000000
64691  -29.178  -20.754  11.892 0.0000000000
64699  -27.728  -21.952  10.587 0.0000000000
64700  -28.110  -21.610  10.858 0.0000000000
64706  -27.643  -21.926  10.196 0.0000000000
64707  -27.998  -21.307  9.825 0.0000000000
64717  -27.572  -21.948  9.441 0.0000000000
64718  -27.774  -21.500  8.776 0.0000000000
64732  -27.893  -21.560  7.769 0.0000000000
64747  -28.145  -21.789  6.872 0.0000000000
64759  -28.603  -21.982  5.931 0.0000000000
64760  -29.000  -22.111  5.202 0.0000000000
64771  -28.834  -21.619  5.200 0.0000000000
64772  -29.257  -21.761  4.532 0.0000000000
64783  -29.678  -21.665  3.687 0.0000000000
64784  -30.134  -21.626  2.976 0.0000000000
64795  -30.828  -21.403  2.298 0.0000000000
64796  -31.425  -21.902  2.129 0.0000000000
64811  -31.152  -20.941  1.756 0.0000000000
64812  -31.686  -21.460  1.596 0.0000000000
64813  -32.731  -21.470  0.900 0.0000000000
64814  -33.459  -21.782  0.870 0.0000000000
64830  -32.967  -20.956  0.470 0.0000000000
64831  -33.701  -21.262  0.386 0.0000000000
64832  -34.679  -21.495  0.444 0.0000000000
64844  -33.966  -20.839  -0.173 0.0000000000
64845  -34.491  -21.106  -0.056 0.0000000000
64846  -35.009  -21.287  0.147 0.0000000000
65719  -30.751  -20.198  21.035 0.0000000000
65720  -31.294  -20.383  21.261 0.0000000000
65721  -32.040  -20.478  21.390 0.0000000000
65722  -32.863  -20.547  21.299 0.0000000000
65728  -29.760  -20.236  20.112 0.0000000000
65729  -30.256  -20.471  20.574 0.0000000000
65730  -33.618  -20.616  20.950 0.0000000000
65739  -29.522  -20.415  19.443 0.0000000000
65750  -29.175  -20.651  18.406 0.0000000000
65756  -28.946  -20.423  17.243 0.0000000000
65766  -28.956  -20.351  16.119 0.0000000000
65776  -29.182  -20.309  15.056 0.0000000000
65784  -29.519  -20.334  14.075 0.0000000000
65791  -29.587  -20.304  13.095 0.0000000000
65799  -29.522  -20.204  12.225 0.0000000000
65802  -28.854  -20.784  11.252 0.0000000000
65803  -29.310  -20.178  11.477 0.0000000000
65809  -28.660  -20.412  10.382 0.0000000000
65810  -29.038  -20.224  10.989 0.0000000000
65816  -28.231  -20.529  9.335 0.0000000000
65825  -28.088  -20.694  8.345 0.0000000000
65837  -28.187  -20.966  7.361 0.0000000000
65853  -28.346  -21.274  6.511 0.0000000000
65867  -28.559  -21.209  5.705 0.0000000000
65878  -28.934  -21.141  4.726 0.0000000000
65879  -29.416  -21.046  3.924 0.0000000000
65890  -29.803  -20.822  3.090 0.0000000000
65891  -30.214  -21.070  2.668 0.0000000000
65901  -29.908  -20.254  2.707 0.0000000000
65902  -30.270  -20.485  2.401 0.0000000000
65916  -30.808  -20.460  1.831 0.0000000000
65917  -31.391  -20.453  1.365 0.0000000000
65918  -31.974  -20.805  1.014 0.0000000000
65932  -31.801  -20.174  0.892 0.0000000000
65933  -32.444  -20.396  0.525 0.0000000000
65934  -33.088  -20.603  0.245 0.0000000000
65945  -32.881  -20.043  0.107 0.0000000000
65946  -33.491  -20.327  -0.204 0.0000000000
65947  -34.306  -20.437  -0.550 0.0000000000
65948  -35.374  -20.914  -0.201 0.0000000000
65957  -34.859  -20.186  -0.900 0.0000000000
65958  -35.621  -20.156  -0.993 0.0000000000
66890  -31.061  -19.662  21.201 0.0000000000
66891  -31.699  -19.581  21.338 0.0000000000
66892  -32.527  -19.601  21.352 0.0000000000
66893  -33.357  -19.646  21.151 0.0000000000
66900  -29.975  -19.675  20.392 0.0000000000
66901  -30.501  -19.415  20.847 0.0000000000
66911  -29.646  -19.507  19.833 0.0000000000
66922  -29.386  -19.481  18.940 0.0000000000
66932  -29.066  -19.434  17.891 0.0000000000
66940  -28.936  -19.353  16.752 0.0000000000
66948  -29.032  -19.298  15.606 0.0000000000
66955  -29.367  -19.306  14.534 0.0000000000
66962  -29.648  -19.331  13.509 0.0000000000
66971  -29.755  -19.376  12.578 0.0000000000
66973  -29.624  -19.442  11.753 0.0000000000
66978  -28.897  -19.634  10.295 0.0000000000
66979  -29.217  -19.485  10.890 0.0000000000
66987  -28.652  -19.656  9.768 0.0000000000
66994  -28.327  -19.757  8.946 0.0000000000
67006  -28.287  -20.085  7.999 0.0000000000
67025  -28.388  -20.613  6.784 0.0000000000
67041  -28.671  -20.825  5.248 0.0000000000
67054  -29.300  -20.547  3.955 0.0000000000
67055  -29.535  -20.572  3.499 0.0000000000
67069  -29.560  -19.966  3.247 0.0000000000
67070  -29.687  -20.044  3.000 0.0000000000
67083  -30.055  -19.797  2.377 0.0000000000
67084  -30.493  -19.770  1.888 0.0000000000
67098  -30.996  -19.753  1.460 0.0000000000
67099  -31.431  -19.662  1.038 0.0000000000
67108  -31.879  -19.595  0.592 0.0000000000
67109  -32.395  -19.502  0.170 0.0000000000
67116  -32.937  -19.472  -0.316 0.0000000000
67117  -33.735  -19.462  -0.874 0.0000000000
67118  -34.387  -19.866  -0.976 0.0000000000
67127  -33.913  -18.953  -1.317 0.0000000000
67128  -34.674  -19.336  -1.521 0.0000000000
67129  -35.912  -19.578  -1.591 0.0000000000
67141  -34.876  -18.715  -2.065 0.0000000000
67142  -35.489  -18.966  -2.084 0.0000000000
67961  -31.140  -18.704  21.317 0.0000000000
67962  -32.136  -18.661  21.524 0.0000000000
67963  -33.078  -18.717  21.465 0.0000000000
67971  -29.903  -18.726  20.434 0.0000000000
67972  -30.400  -18.476  21.006 0.0000000000
67979  -29.494  -18.492  19.542 0.0000000000
67984  -29.177  -18.360  18.501 0.0000000000
67992  -28.956  -18.296  17.370 0.0000000000
67999  -28.910  -18.270  16.212 0.0000000000
68008  -29.200  -18.149  15.041 0.0000000000
68019  -29.506  -18.306  13.920 0.0000000000
68027  -29.942  -18.241  12.829 0.0000000000
68028  -30.167  -17.641  12.414 0.0000000000
68036  -29.938  -18.630  12.025 0.0000000000
68037  -30.213  -17.869  12.084 0.0000000000
68040  -29.674  -18.671  11.359 0.0000000000
68041  -30.022  -18.048  11.548 0.0000000000
68046  -28.950  -19.009  10.233 0.0000000000
68047  -29.440  -18.300  10.699 0.0000000000
68048  -29.811  -18.161  11.165 0.0000000000
68055  -28.668  -18.694  9.586 0.0000000000
68056  -29.026  -18.436  10.154 0.0000000000
68063  -28.385  -19.143  8.697 0.0000000000
68071  -28.352  -19.591  8.007 0.0000000000
68087  -28.744  -18.306  6.215 0.0000000000
68106  -28.859  -18.540  5.512 0.0000000000
68123  -29.085  -18.550  4.637 0.0000000000
68124  -29.296  -18.150  4.071 0.0000000000
68141  -29.253  -18.737  4.044 0.0000000000
68142  -29.723  -19.484  2.734 0.0000000000
68156  -29.920  -19.291  2.378 0.0000000000
68157  -30.297  -19.174  1.936 0.0000000000
68172  -30.771  -19.109  1.428 0.0000000000
68173  -31.140  -19.238  1.144 0.0000000000
68181  -31.075  -18.911  1.049 0.0000000000
68182  -31.396  -18.923  0.685 0.0000000000
68183  -31.933  -18.998  0.291 0.0000000000
68190  -31.729  -18.488  0.204 0.0000000000
68191  -32.311  -18.621  -0.239 0.0000000000
68192  -32.975  -18.827  -0.708 0.0000000000
68199  -32.684  -18.203  -0.788 0.0000000000
68200  -33.340  -18.371  -1.215 0.0000000000
68201  -33.952  -18.607  -1.599 0.0000000000
68210  -33.669  -18.011  -1.727 0.0000000000
68211  -34.299  -18.258  -2.053 0.0000000000
68212  -35.084  -18.206  -2.489 0.0000000000
68219  -35.614  -17.947  -2.896 0.0000000000
68914  -32.461  -17.060  22.291 0.0000000000
68925  -29.885  -17.223  21.002 0.0000000000
68926  -30.547  -17.580  21.409 0.0000000000
68927  -31.668  -17.560  21.857 0.0000000000
68928  -32.718  -17.880  21.968 0.0000000000
68938  -29.632  -17.522  20.256 0.0000000000
68939  -29.998  -17.926  20.892 0.0000000000
68951  -29.349  -17.316  19.156 0.0000000000
68964  -29.060  -17.079  17.953 0.0000000000
68977  -28.945  -17.231  16.784 0.0000000000
68987  -29.001  -17.254  15.754 0.0000000000
68995  -29.178  -17.139  14.996 0.0000000000
69005  -29.425  -17.342  14.297 0.0000000000
69010  -29.762  -17.360  13.421 0.0000000000
69011  -30.132  -17.238  12.686 0.0000000000
69015  -30.428  -17.190  12.136 0.0000000000
69019  -30.354  -17.313  11.569 0.0000000000
69022  -29.758  -17.283  10.570 0.0000000000
69023  -30.053  -17.645  11.048 0.0000000000
69028  -28.844  -17.753  9.670 0.0000000000
69029  -29.149  -17.864  10.133 0.0000000000
69036  -28.506  -18.319  9.133 0.0000000000
69044  -28.431  -18.747  8.670 0.0000000000
69059  -28.782  -17.532  6.543 0.0000000000
69075  -28.933  -17.524  5.677 0.0000000000
69076  -29.139  -17.237  5.031 0.0000000000
69092  -29.023  -17.865  5.047 0.0000000000
69093  -29.273  -17.525  4.456 0.0000000000
69110  -29.537  -17.537  3.765 0.0000000000
69126  -29.959  -18.900  2.293 0.0000000000
69127  -30.185  -18.710  1.938 0.0000000000
69144  -30.512  -18.686  1.520 0.0000000000
69156  -30.919  -18.505  0.973 0.0000000000
69157  -31.311  -18.168  0.355 0.0000000000
69166  -31.749  -17.932  -0.139 0.0000000000
69167  -32.203  -17.727  -0.631 0.0000000000
69175  -32.702  -17.541  -1.100 0.0000000000
69176  -33.223  -17.401  -1.538 0.0000000000
69185  -33.754  -17.326  -2.002 0.0000000000
69186  -34.414  -17.330  -2.466 0.0000000000
69187  -35.077  -17.349  -2.865 0.0000000000
69194  -35.673  -17.323  -3.178 0.0000000000
69195  -36.455  -17.266  -3.447 0.0000000000
69916  -31.847  -16.258  22.246 0.0000000000
69917  -32.893  -16.296  22.464 0.0000000000
69925  -29.750  -16.696  20.635 0.0000000000
69926  -30.187  -16.330  21.231 0.0000000000
69927  -30.958  -16.697  21.875 0.0000000000
69939  -29.589  -16.218  19.854 0.0000000000
69940  -29.798  -16.190  20.608 0.0000000000
69951  -29.371  -16.205  18.670 0.0000000000
69961  -29.267  -16.016  17.859 0.0000000000
69970  -29.115  -16.178  17.129 0.0000000000
69979  -29.112  -16.294  16.207 0.0000000000
69988  -29.221  -16.398  15.358 0.0000000000
69997  -29.423  -16.499  14.611 0.0000000000
70002  -29.708  -16.516  13.874 0.0000000000
70003  -30.099  -16.454  13.110 0.0000000000
70007  -30.479  -16.468  12.408 0.0000000000
70009  -30.699  -16.417  11.679 0.0000000000
70010  -30.886  -15.992  11.398 0.0000000000
70013  -30.043  -16.404  10.488 0.0000000000
70014  -30.472  -16.633  10.974 0.0000000000
70015  -30.767  -16.209  11.264 0.0000000000
70018  -29.044  -17.236  9.776 0.0000000000
70019  -29.428  -16.966  10.129 0.0000000000
70025  -28.674  -17.809  9.355 0.0000000000
70033  -28.490  -18.163  8.947 0.0000000000
70048  -28.866  -16.756  6.885 0.0000000000
70063  -28.998  -16.690  6.136 0.0000000000
70064  -29.215  -16.603  5.375 0.0000000000
70080  -29.365  -16.748  4.732 0.0000000000
70095  -29.622  -16.661  4.097 0.0000000000
70096  -29.908  -16.303  3.599 0.0000000000
70108  -29.799  -16.926  3.465 0.0000000000
70109  -30.184  -18.472  1.922 0.0000000000
70121  -30.600  -18.222  1.312 0.0000000000
70135  -30.964  -17.841  0.518 0.0000000000
70136  -31.352  -17.552  -0.037 0.0000000000
70151  -31.792  -17.258  -0.457 0.0000000000
70152  -32.265  -16.934  -0.907 0.0000000000
70165  -32.806  -16.676  -1.295 0.0000000000
70166  -33.314  -16.507  -1.731 0.0000000000
70179  -33.836  -16.412  -2.303 0.0000000000
70180  -34.601  -16.360  -2.919 0.0000000000
70181  -35.189  -16.855  -3.125 0.0000000000
70189  -34.833  -15.820  -3.265 0.0000000000
70190  -35.482  -16.340  -3.491 0.0000000000
70191  -36.649  -16.339  -4.081 0.0000000000
70200  -36.719  -15.766  -4.370 0.0000000000
70950  -31.713  -15.109  22.121 0.0000000000
70951  -32.518  -15.370  22.423 0.0000000000
70960  -30.403  -15.108  21.159 0.0000000000
70961  -30.990  -15.656  21.797 0.0000000000
70971  -29.709  -15.014  19.788 0.0000000000
70972  -29.885  -15.541  20.553 0.0000000000
70981  -29.553  -15.283  18.984 0.0000000000
70990  -29.493  -15.338  18.112 0.0000000000
70998  -29.469  -15.372  17.340 0.0000000000
71006  -29.514  -15.336  16.518 0.0000000000
71007  -29.830  -14.906  15.896 0.0000000000
71016  -29.473  -15.560  15.696 0.0000000000
71017  -29.892  -14.963  15.224 0.0000000000
71025  -29.540  -15.708  14.928 0.0000000000
71026  -29.996  -15.169  14.477 0.0000000000
71033  -29.720  -15.879  14.295 0.0000000000
71034  -30.132  -15.583  13.695 0.0000000000
71038  -30.564  -15.556  12.818 0.0000000000
71039  -30.970  -15.206  12.299 0.0000000000
71041  -30.835  -15.868  12.166 0.0000000000
71042  -31.034  -15.519  11.668 0.0000000000
71044  -30.164  -16.001  10.447 0.0000000000
71045  -30.453  -15.765  10.600 0.0000000000
71046  -30.898  -15.752  11.075 0.0000000000
71048  -29.490  -16.666  10.023 0.0000000000
71049  -30.038  -15.879  10.272 0.0000000000
71050  -30.371  -15.409  10.428 0.0000000000
71054  -29.241  -16.060  8.708 0.0000000000
71055  -29.468  -15.445  8.348 0.0000000000
71061  -29.097  -16.024  7.952 0.0000000000
71062  -29.316  -15.432  7.457 0.0000000000
71076  -29.026  -16.074  7.175 0.0000000000
71077  -29.232  -15.614  6.755 0.0000000000
71090  -29.054  -16.138  6.544 0.0000000000
71091  -29.340  -15.757  6.000 0.0000000000
71105  -29.631  -15.810  4.881 0.0000000000
71106  -29.948  -15.305  4.374 0.0000000000
71122  -29.854  -15.898  4.074 0.0000000000
71123  -30.114  -15.511  3.644 0.0000000000
71135  -30.385  -15.574  2.703 0.0000000000
71141  -30.870  -17.662  0.651 0.0000000000
71148  -31.230  -17.267  0.012 0.0000000000
71149  -31.528  -17.100  -0.288 0.0000000000
71162  -31.125  -14.947  0.356 0.0000000000
71163  -31.973  -16.573  -0.623 0.0000000000
71164  -32.620  -16.054  -0.997 0.0000000000
71181  -33.041  -15.791  -1.354 0.0000000000
71182  -33.429  -15.534  -1.889 0.0000000000
71201  -33.942  -15.397  -2.498 0.0000000000
71202  -34.458  -15.266  -3.028 0.0000000000
71215  -34.998  -15.258  -3.491 0.0000000000
71216  -35.835  -15.283  -4.040 0.0000000000
71217  -36.427  -15.656  -4.284 0.0000000000
71228  -36.041  -14.736  -4.374 0.0000000000
71229  -36.628  -15.132  -4.561 0.0000000000
71955  -31.701  -14.527  21.987 0.0000000000
71956  -32.239  -14.417  22.222 0.0000000000
71957  -33.042  -14.660  22.519 0.0000000000
71967  -30.461  -14.241  21.040 0.0000000000
71968  -31.141  -14.495  21.610 0.0000000000
71969  -31.726  -14.129  21.905 0.0000000000
71979  -29.734  -14.207  19.714 0.0000000000
71980  -29.997  -14.461  20.425 0.0000000000
71989  -29.644  -14.400  19.097 0.0000000000
71996  -29.620  -14.546  18.310 0.0000000000
72004  -29.679  -14.644  17.481 0.0000000000
72005  -29.809  -14.410  16.906 0.0000000000
72014  -29.742  -14.845  16.929 0.0000000000
72015  -29.949  -14.486  16.374 0.0000000000
72023  -30.238  -14.337  15.612 0.0000000000
72030  -30.416  -14.369  14.757 0.0000000000
72031  -30.662  -14.220  14.251 0.0000000000
72035  -30.420  -14.707  14.049 0.0000000000
72036  -30.835  -14.222  13.771 0.0000000000
72038  -30.558  -14.880  13.417 0.0000000000
72039  -31.024  -14.492  12.924 0.0000000000
72041  -31.361  -14.579  12.084 0.0000000000
72043  -30.884  -15.268  10.781 0.0000000000
72044  -31.316  -14.678  11.150 0.0000000000
72046  -30.362  -15.198  10.296 0.0000000000
72047  -30.767  -14.809  10.466 0.0000000000
72048  -31.394  -14.023  10.539 0.0000000000
72050  -30.470  -15.004  10.246 0.0000000000
72051  -30.898  -14.205  10.039 0.0000000000
72056  -29.720  -14.815  7.875 0.0000000000
72070  -29.616  -14.907  6.839 0.0000000000
72084  -29.805  -14.790  5.765 0.0000000000
72085  -30.067  -14.315  5.308 0.0000000000
72098  -29.925  -14.917  4.937 0.0000000000
72099  -30.176  -14.494  4.516 0.0000000000
72113  -30.364  -14.507  3.543 0.0000000000
72123  -30.531  -14.519  2.579 0.0000000000
72134  -30.710  -14.492  1.635 0.0000000000
72144  -30.887  -14.376  0.839 0.0000000000
72154  -31.169  -14.367  0.167 0.0000000000
72155  -32.753  -15.158  -1.029 0.0000000000
72156  -32.895  -15.399  -1.127 0.0000000000
72169  -33.003  -14.382  -1.170 0.0000000000
72170  -33.188  -14.735  -1.378 0.0000000000
72171  -33.630  -14.495  -2.030 0.0000000000
72184  -34.137  -14.358  -2.632 0.0000000000
72185  -34.556  -14.385  -3.262 0.0000000000
72200  -35.088  -14.393  -3.769 0.0000000000
72201  -35.595  -14.293  -4.256 0.0000000000
72217  -36.175  -14.187  -4.705 0.0000000000
72218  -37.078  -14.277  -5.153 0.0000000000
72960  -32.374  -14.006  22.193 0.0000000000
72961  -32.707  -13.992  22.304 0.0000000000
72971  -30.756  -13.618  21.182 0.0000000000
72972  -31.421  -13.634  21.576 0.0000000000
72973  -32.180  -13.657  21.963 0.0000000000
72974  -32.955  -13.385  22.093 0.0000000000
72985  -29.730  -13.572  19.974 0.0000000000
72986  -30.205  -13.588  20.604 0.0000000000
72996  -29.563  -13.615  19.250 0.0000000000
73005  -29.560  -13.752  18.510 0.0000000000
73014  -29.657  -13.860  17.656 0.0000000000
73015  -29.801  -14.127  17.143 0.0000000000
73024  -29.746  -13.736  17.019 0.0000000000
73025  -29.988  -13.978  16.695 0.0000000000
73033  -29.816  -13.506  16.585 0.0000000000
73034  -30.206  -13.672  16.066 0.0000000000
73042  -30.499  -13.636  15.217 0.0000000000
73043  -30.805  -13.650  14.372 0.0000000000
73047  -31.345  -13.494  13.583 0.0000000000
73048  -31.904  -13.030  13.181 0.0000000000
73050  -31.643  -13.704  12.697 0.0000000000
73051  -32.201  -13.003  12.525 0.0000000000
73053  -31.851  -13.732  11.864 0.0000000000
73054  -32.485  -12.942  11.781 0.0000000000
73056  -32.030  -13.506  10.991 0.0000000000
73057  -32.710  -12.822  11.157 0.0000000000
73059  -31.196  -13.877  10.102 0.0000000000
73060  -31.865  -13.286  10.055 0.0000000000
73062  -30.114  -14.329  8.328 0.0000000000
73063  -31.416  -13.185  9.434 0.0000000000
73064  -31.834  -12.682  9.365 0.0000000000
73068  -30.064  -14.171  7.593 0.0000000000
73069  -31.381  -12.422  8.510 0.0000000000
73084  -30.050  -14.074  6.670 0.0000000000
73085  -31.258  -11.945  7.938 0.0000000000
73102  -30.117  -13.980  5.939 0.0000000000
73103  -30.357  -13.518  5.492 0.0000000000
73118  -30.452  -13.500  4.460 0.0000000000
73131  -30.531  -13.500  3.474 0.0000000000
73141  -30.598  -13.495  2.507 0.0000000000
73153  -30.678  -13.464  1.589 0.0000000000
73162  -30.829  -13.436  0.750 0.0000000000
73169  -31.129  -13.426  -0.031 0.0000000000
73170  -32.985  -14.055  -1.203 0.0000000000
73181  -33.167  -13.744  -1.375 0.0000000000
73182  -33.478  -13.625  -1.698 0.0000000000
73183  -33.886  -13.470  -2.208 0.0000000000
73192  -34.301  -13.203  -3.074 0.0000000000
73193  -34.693  -13.821  -3.549 0.0000000000
73201  -34.515  -12.705  -3.612 0.0000000000
73202  -35.003  -13.292  -4.127 0.0000000000
73203  -35.630  -13.769  -4.536 0.0000000000
73213  -35.294  -12.814  -4.735 0.0000000000
73214  -35.883  -13.231  -5.070 0.0000000000
73215  -36.478  -13.792  -5.115 0.0000000000
73229  -36.404  -12.921  -5.626 0.0000000000
73230  -36.868  -13.392  -5.544 0.0000000000
73960  -31.063  -12.970  21.232 0.0000000000
73961  -31.679  -13.012  21.499 0.0000000000
73962  -32.361  -12.865  21.671 0.0000000000
73963  -33.170  -12.706  21.729 0.0000000000
73973  -29.812  -12.826  20.233 0.0000000000
73974  -30.434  -12.866  20.793 0.0000000000
73984  -29.172  -12.339  19.156 0.0000000000
73985  -29.414  -12.758  19.438 0.0000000000
73996  -29.127  -12.514  18.938 0.0000000000
73997  -29.282  -13.044  18.756 0.0000000000
74007  -28.986  -12.479  18.400 0.0000000000
74008  -29.255  -13.138  17.994 0.0000000000
74021  -28.867  -12.446  17.594 0.0000000000
74022  -29.400  -13.155  17.083 0.0000000000
74035  -28.885  -12.382  16.668 0.0000000000
74036  -29.632  -12.917  16.140 0.0000000000
74037  -30.227  -13.048  15.530 0.0000000000
74050  -28.961  -12.290  15.832 0.0000000000
74051  -29.617  -12.485  15.181 0.0000000000
74052  -30.532  -12.864  14.781 0.0000000000
74053  -31.101  -12.942  14.177 0.0000000000
74056  -29.995  -12.310  14.466 0.0000000000
74057  -30.675  -12.374  14.079 0.0000000000
74058  -31.513  -12.530  13.624 0.0000000000
74059  -32.176  -12.391  13.011 0.0000000000
74061  -32.810  -12.247  12.422 0.0000000000
74062  -33.326  -11.724  12.077 0.0000000000
74064  -33.133  -12.329  11.684 0.0000000000
74065  -33.612  -11.638  11.596 0.0000000000
74067  -32.474  -12.872  10.552 0.0000000000
74068  -33.215  -12.253  10.842 0.0000000000
74069  -33.849  -11.431  11.026 0.0000000000
74071  -32.563  -12.400  9.829 0.0000000000
74072  -33.423  -11.662  10.227 0.0000000000
74073  -33.973  -11.105  10.569 0.0000000000
74075  -31.551  -12.457  8.816 0.0000000000
74076  -32.001  -11.955  8.854 0.0000000000
74086  -31.407  -11.860  8.133 0.0000000000
74087  -31.690  -11.396  8.183 0.0000000000
74103  -31.176  -11.408  7.346 0.0000000000
74117  -30.942  -10.979  6.682 0.0000000000
74126  -30.743  -11.099  5.132 0.0000000000
74136  -30.740  -10.940  4.648 0.0000000000
74149  -30.634  -12.487  2.410 0.0000000000
74160  -30.640  -12.461  1.460 0.0000000000
74168  -30.748  -12.465  0.554 0.0000000000
74173  -31.041  -12.390  -0.318 0.0000000000
74174  -33.155  -13.127  -1.533 0.0000000000
74185  -33.396  -12.806  -1.668 0.0000000000
74186  -33.702  -12.720  -1.926 0.0000000000
74187  -33.986  -12.582  -2.334 0.0000000000
74198  -34.191  -12.197  -2.751 0.0000000000
74206  -34.365  -12.141  -3.313 0.0000000000
74207  -34.592  -12.207  -4.017 0.0000000000
74213  -34.988  -12.330  -4.621 0.0000000000
74214  -35.406  -12.353  -5.169 0.0000000000
74222  -36.116  -12.261  -5.884 0.0000000000
74223  -36.851  -12.709  -5.995 0.0000000000
74236  -36.454  -11.739  -6.454 0.0000000000
74237  -36.888  -12.054  -6.497 0.0000000000
74973  -31.313  -12.617  21.274 0.0000000000
74974  -31.702  -12.393  21.326 0.0000000000
74975  -32.437  -12.145  21.385 0.0000000000
74976  -33.300  -11.999  21.350 0.0000000000
74985  -30.023  -12.120  20.459 0.0000000000
74986  -30.842  -12.167  20.993 0.0000000000
74987  -31.617  -11.706  21.009 0.0000000000
74988  -32.475  -11.468  20.949 0.0000000000
74989  -33.386  -11.362  20.847 0.0000000000
75000  -29.229  -12.169  19.354 0.0000000000
75001  -29.503  -12.117  19.840 0.0000000000
75016  -28.924  -12.019  18.952 0.0000000000
75027  -28.659  -11.766  18.199 0.0000000000
75038  -28.473  -11.635  17.261 0.0000000000
75050  -28.478  -11.582  16.244 0.0000000000
75064  -28.686  -11.681  15.160 0.0000000000
75065  -29.340  -11.974  14.542 0.0000000000
75068  -28.866  -11.444  14.276 0.0000000000
75069  -29.697  -11.804  13.748 0.0000000000
75070  -30.843  -11.933  13.426 0.0000000000
75071  -31.781  -11.858  13.164 0.0000000000
75072  -32.453  -11.829  12.777 0.0000000000
75074  -30.098  -11.537  13.005 0.0000000000
75075  -31.002  -11.520  12.695 0.0000000000
75076  -32.135  -11.377  12.624 0.0000000000
75077  -33.082  -11.407  12.422 0.0000000000
75078  -33.787  -11.233  12.104 0.0000000000
75080  -34.118  -11.101  11.690 0.0000000000
75082  -34.207  -10.786  11.134 0.0000000000
75084  -32.828  -11.497  9.425 0.0000000000
75085  -33.697  -10.933  9.926 0.0000000000
75086  -34.180  -10.587  10.553 0.0000000000
75088  -32.335  -11.033  8.628 0.0000000000
75089  -33.091  -10.824  9.248 0.0000000000
75099  -31.338  -11.182  7.561 0.0000000000
75100  -31.745  -10.803  7.877 0.0000000000
75108  -31.080  -10.795  6.793 0.0000000000
75109  -31.438  -10.638  7.246 0.0000000000
75121  -30.924  -10.606  6.099 0.0000000000
75122  -30.960  -10.476  5.760 0.0000000000
75133  -30.710  -10.697  4.811 0.0000000000
75134  -31.108  -10.283  5.712 0.0000000000
75147  -30.736  -10.585  4.405 0.0000000000
75159  -30.671  -11.454  2.236 0.0000000000
75167  -30.388  -10.943  0.570 0.0000000000
75168  -30.553  -11.396  1.174 0.0000000000
75176  -30.427  -11.038  0.031 0.0000000000
75177  -30.607  -11.599  0.253 0.0000000000
75183  -30.463  -10.877  -0.256 0.0000000000
75184  -30.856  -11.258  -0.622 0.0000000000
75185  -31.210  -11.977  -0.800 0.0000000000
75193  -31.236  -11.029  -1.325 0.0000000000
75194  -33.416  -12.043  -1.788 0.0000000000
75195  -33.669  -11.882  -2.013 0.0000000000
75196  -33.863  -12.224  -2.069 0.0000000000
75206  -33.753  -11.232  -2.664 0.0000000000
75207  -34.042  -11.925  -2.394 0.0000000000
75217  -33.788  -10.881  -3.086 0.0000000000
75218  -34.160  -11.327  -3.016 0.0000000000
75219  -34.341  -11.380  -3.768 0.0000000000
75224  -34.707  -11.386  -4.740 0.0000000000
75225  -35.075  -11.891  -5.033 0.0000000000
75230  -34.858  -10.991  -5.382 0.0000000000
75231  -35.290  -11.460  -5.642 0.0000000000
75239  -36.015  -11.370  -6.459 0.0000000000
75240  -36.814  -11.241  -7.012 0.0000000000
75250  -37.191  -10.731  -7.464 0.0000000000
76004  -30.305  -11.689  20.507 0.0000000000
76005  -30.752  -11.348  20.568 0.0000000000
76006  -31.590  -10.991  20.550 0.0000000000
76007  -32.519  -10.790  20.465 0.0000000000
76008  -33.475  -10.734  20.349 0.0000000000
76017  -29.223  -11.717  19.409 0.0000000000
76018  -29.732  -11.224  19.940 0.0000000000
76019  -30.653  -10.586  20.120 0.0000000000
76020  -31.597  -10.257  20.065 0.0000000000
76021  -32.584  -10.096  19.988 0.0000000000
76022  -33.578  -10.091  19.872 0.0000000000
76039  -28.876  -11.166  18.954 0.0000000000
76040  -29.353  -10.514  19.158 0.0000000000
76056  -28.509  -10.855  17.951 0.0000000000
76063  -28.252  -10.673  16.909 0.0000000000
76075  -28.275  -10.673  15.777 0.0000000000
76087  -28.407  -10.685  14.698 0.0000000000
76090  -28.766  -10.755  13.526 0.0000000000
76091  -29.495  -11.244  13.124 0.0000000000
76093  -28.755  -10.191  12.918 0.0000000000
76094  -29.646  -10.688  12.369 0.0000000000
76095  -31.377  -10.951  12.084 0.0000000000
76096  -32.711  -10.880  12.157 0.0000000000
76097  -33.668  -10.841  12.174 0.0000000000
76098  -34.076  -10.919  12.040 0.0000000000
76100  -29.688  -10.032  11.631 0.0000000000
76101  -30.561  -10.242  11.362 0.0000000000
76102  -32.067  -10.522  11.445 0.0000000000
76103  -33.372  -10.452  11.630 0.0000000000
76104  -34.064  -10.653  11.698 0.0000000000
76106  -30.658  -9.851  10.937 0.0000000000
76107  -31.363  -9.975  10.810 0.0000000000
76108  -32.774  -10.036  10.827 0.0000000000
76109  -34.296  -9.898  10.957 0.0000000000
76110  -34.636  -9.418  10.380 0.0000000000
76112  -33.698  -10.437  9.462 0.0000000000
76113  -34.345  -10.194  10.053 0.0000000000
76114  -34.722  -9.540  10.233 0.0000000000
76116  -32.318  -10.433  8.139 0.0000000000
76117  -33.166  -10.195  8.752 0.0000000000
76118  -34.108  -9.869  9.406 0.0000000000
76119  -34.658  -9.654  9.803 0.0000000000
76127  -31.994  -10.125  7.481 0.0000000000
76128  -32.672  -9.909  8.039 0.0000000000
76138  -31.052  -10.431  6.231 0.0000000000
76139  -31.430  -10.182  6.669 0.0000000000
76150  -30.979  -10.411  5.936 0.0000000000
76151  -31.219  -10.048  5.935 0.0000000000
76160  -30.685  -10.269  4.473 0.0000000000
76161  -31.388  -9.786  5.637 0.0000000000
76172  -30.730  -10.076  4.321 0.0000000000
76173  -30.745  -9.858  4.470 0.0000000000
76185  -30.702  -10.425  1.956 0.0000000000
76194  -30.331  -10.524  0.560 0.0000000000
76195  -30.474  -10.311  1.013 0.0000000000
76204  -30.334  -10.644  0.190 0.0000000000
76205  -30.399  -10.086  0.323 0.0000000000
76212  -30.356  -10.757  -0.091 0.0000000000
76213  -30.531  -10.350  -0.410 0.0000000000
76219  -31.084  -10.270  -1.516 0.0000000000
76220  -33.350  -11.253  -2.184 0.0000000000
76221  -33.490  -11.509  -2.011 0.0000000000
76230  -31.281  -9.752  -2.195 0.0000000000
76231  -33.338  -10.800  -2.822 0.0000000000
76232  -33.494  -11.150  -2.445 0.0000000000
76244  -33.120  -10.385  -3.448 0.0000000000
76245  -33.322  -10.532  -3.465 0.0000000000
76246  -33.857  -10.681  -3.507 0.0000000000
76247  -34.142  -10.913  -3.568 0.0000000000
76260  -33.024  -10.236  -4.232 0.0000000000
76261  -33.477  -10.314  -4.098 0.0000000000
76262  -34.105  -10.495  -4.287 0.0000000000
76274  -34.487  -10.409  -5.405 0.0000000000
76275  -34.964  -10.726  -5.824 0.0000000000
76286  -34.831  -10.192  -6.145 0.0000000000
76287  -35.462  -10.523  -6.548 0.0000000000
76288  -36.197  -10.761  -6.981 0.0000000000
76301  -36.042  -10.169  -7.247 0.0000000000
76302  -36.731  -10.389  -7.530 0.0000000000
77070  -29.928  -10.308  19.554 0.0000000000
77071  -30.650  -9.855  19.532 0.0000000000
77072  -31.647  -9.571  19.532 0.0000000000
77073  -32.661  -9.389  19.519 0.0000000000
77084  -28.931  -10.348  18.517 0.0000000000
77085  -29.567  -9.643  18.787 0.0000000000
77086  -30.720  -9.220  18.870 0.0000000000
77087  -31.677  -8.959  19.124 0.0000000000
77088  -32.386  -8.823  19.258 0.0000000000
77107  -28.701  -9.670  17.705 0.0000000000
77108  -29.241  -9.136  18.142 0.0000000000
77118  -28.333  -9.657  16.434 0.0000000000
77128  -28.308  -9.705  15.347 0.0000000000
77134  -28.343  -9.696  14.343 0.0000000000
77140  -28.529  -9.557  13.456 0.0000000000
77142  -28.767  -9.554  12.661 0.0000000000
77143  -29.187  -9.493  11.975 0.0000000000
77145  -29.794  -9.333  11.254 0.0000000000
77146  -30.334  -9.730  11.015 0.0000000000
77148  -29.996  -8.874  10.944 0.0000000000
77149  -30.534  -9.285  10.688 0.0000000000
77150  -31.774  -9.274  10.130 0.0000000000
77151  -33.316  -9.441  10.222 0.0000000000
77152  -34.417  -9.103  10.312 0.0000000000
77153  -34.989  -9.112  10.245 0.0000000000
77155  -31.893  -8.772  9.783 0.0000000000
77156  -32.579  -8.875  9.743 0.0000000000
77157  -33.609  -8.911  9.828 0.0000000000
77158  -35.031  -9.262  9.853 0.0000000000
77160  -33.361  -9.604  8.230 0.0000000000
77161  -34.085  -9.400  8.825 0.0000000000
77162  -34.590  -9.369  9.441 0.0000000000
77164  -32.027  -9.640  6.912 0.0000000000
77165  -32.971  -9.362  7.450 0.0000000000
77166  -33.925  -9.100  8.120 0.0000000000
77174  -31.773  -9.556  6.288 0.0000000000
77175  -32.490  -9.201  6.591 0.0000000000
77188  -31.809  -9.357  5.689 0.0000000000
77189  -32.250  -9.077  6.029 0.0000000000
77200  -31.728  -9.396  5.454 0.0000000000
77212  -31.171  -9.642  3.045 0.0000000000
77213  -30.888  -9.493  4.427 0.0000000000
77220  -31.051  -9.484  2.486 0.0000000000
77221  -31.375  -9.173  3.014 0.0000000000
77229  -30.743  -9.461  1.606 0.0000000000
77237  -30.547  -9.211  0.694 0.0000000000
77243  -30.505  -9.342  -0.226 0.0000000000
77249  -30.713  -9.386  -1.136 0.0000000000
77256  -31.034  -9.297  -1.983 0.0000000000
77257  -31.401  -9.268  -2.637 0.0000000000
77265  -31.805  -9.339  -3.160 0.0000000000
77266  -32.719  -9.797  -4.137 0.0000000000
77276  -32.732  -9.476  -4.501 0.0000000000
77277  -33.030  -9.881  -4.696 0.0000000000
77278  -33.516  -9.960  -4.684 0.0000000000
77290  -32.794  -9.084  -5.039 0.0000000000
77291  -33.195  -9.346  -5.174 0.0000000000
77292  -33.811  -9.570  -5.301 0.0000000000
77303  -34.407  -9.421  -6.231 0.0000000000
77304  -34.992  -9.792  -6.669 0.0000000000
77319  -34.920  -9.134  -6.988 0.0000000000
77320  -35.546  -9.547  -7.268 0.0000000000
77321  -36.327  -9.537  -7.811 0.0000000000
77322  -37.044  -9.778  -8.036 0.0000000000
77343  -36.908  -9.133  -8.277 0.0000000000
78042  -33.016  -8.997  19.302 0.0000000000
78047  -29.778  -8.646  18.376 0.0000000000
78048  -30.797  -8.406  18.784 0.0000000000
78049  -31.786  -8.388  19.141 0.0000000000
78050  -32.816  -8.473  19.247 0.0000000000
78069  -28.579  -8.605  16.990 0.0000000000
78070  -29.004  -8.597  17.835 0.0000000000
78089  -28.398  -8.676  15.895 0.0000000000
78096  -28.446  -8.883  14.996 0.0000000000
78102  -28.572  -8.642  14.213 0.0000000000
78108  -28.820  -8.555  13.279 0.0000000000
78109  -29.109  -8.166  12.773 0.0000000000
78111  -28.958  -8.806  12.525 0.0000000000
78112  -29.315  -8.373  12.017 0.0000000000
78114  -29.793  -8.269  11.253 0.0000000000
78115  -30.120  -7.942  10.820 0.0000000000
78117  -30.175  -8.538  10.769 0.0000000000
78118  -30.707  -8.279  10.229 0.0000000000
78119  -31.457  -8.556  9.847 0.0000000000
78120  -34.870  -8.814  10.135 0.0000000000
78121  -35.059  -8.859  9.895 0.0000000000
78123  -31.277  -8.003  9.821 0.0000000000
78124  -31.942  -8.251  9.561 0.0000000000
78125  -33.066  -8.333  9.281 0.0000000000
78126  -34.364  -8.671  9.648 0.0000000000
78127  -34.738  -8.964  9.506 0.0000000000
78129  -33.887  -8.021  9.091 0.0000000000
78130  -34.472  -8.473  8.749 0.0000000000
78131  -34.558  -9.061  9.133 0.0000000000
78133  -33.300  -8.857  6.792 0.0000000000
78134  -34.206  -8.412  7.463 0.0000000000
78135  -34.499  -7.855  7.231 0.0000000000
78138  -32.924  -8.686  6.171 0.0000000000
78139  -33.901  -8.422  6.360 0.0000000000
78140  -34.368  -7.954  6.823 0.0000000000
78151  -32.206  -8.920  5.339 0.0000000000
78152  -32.647  -8.688  5.502 0.0000000000
78153  -33.471  -8.402  5.662 0.0000000000
78164  -31.532  -8.749  4.564 0.0000000000
78165  -33.001  -8.310  4.818 0.0000000000
78166  -33.414  -8.225  4.984 0.0000000000
78175  -31.800  -8.751  3.338 0.0000000000
78176  -33.581  -7.901  4.016 0.0000000000
78177  -33.590  -8.002  4.330 0.0000000000
78181  -31.054  -8.813  2.005 0.0000000000
78182  -31.552  -8.464  2.592 0.0000000000
78183  -32.115  -8.163  3.115 0.0000000000
78191  -30.835  -8.467  1.343 0.0000000000
78192  -31.218  -8.180  1.911 0.0000000000
78199  -30.608  -8.295  0.675 0.0000000000
78206  -30.511  -8.437  0.024 0.0000000000
78212  -30.564  -8.482  -0.838 0.0000000000
78216  -30.790  -8.468  -1.743 0.0000000000
78217  -31.126  -8.516  -2.525 0.0000000000
78225  -31.560  -8.492  -3.251 0.0000000000
78226  -31.913  -8.924  -3.534 0.0000000000
78235  -31.688  -7.938  -3.680 0.0000000000
78236  -32.436  -8.243  -4.771 0.0000000000
78245  -32.560  -8.192  -5.079 0.0000000000
78246  -33.025  -8.240  -5.483 0.0000000000
78247  -33.395  -8.901  -5.499 0.0000000000
78257  -33.275  -7.756  -5.830 0.0000000000
78258  -33.673  -8.380  -6.033 0.0000000000
78269  -34.524  -8.298  -6.927 0.0000000000
78270  -35.360  -8.486  -7.638 0.0000000000
78271  -35.853  -9.044  -7.784 0.0000000000
78294  -35.719  -7.984  -8.192 0.0000000000
78295  -36.250  -8.524  -8.281 0.0000000000
78296  -37.207  -8.374  -8.724 0.0000000000
79001  -29.895  -6.898  19.172 0.0000000000
79002  -30.435  -7.082  19.303 0.0000000000
79003  -31.387  -7.239  19.489 0.0000000000
79004  -32.384  -7.353  19.548 0.0000000000
79011  -28.985  -6.957  18.236 0.0000000000
79012  -29.698  -7.452  18.689 0.0000000000
79013  -31.027  -7.750  19.066 0.0000000000
79014  -32.081  -7.849  19.226 0.0000000000
79027  -28.766  -7.517  17.687 0.0000000000
79028  -29.288  -8.052  18.125 0.0000000000
79047  -28.502  -7.564  16.428 0.0000000000
79061  -28.542  -7.710  15.178 0.0000000000
79068  -28.927  -7.490  14.040 0.0000000000
79069  -29.373  -7.097  13.456 0.0000000000
79076  -29.151  -7.752  13.278 0.0000000000
79077  -29.493  -7.437  12.745 0.0000000000
79082  -29.799  -7.384  11.944 0.0000000000
79083  -30.182  -6.952  11.545 0.0000000000
79085  -30.023  -7.534  11.279 0.0000000000
79086  -30.404  -7.195  10.812 0.0000000000
79088  -31.072  -7.264  10.117 0.0000000000
79089  -31.559  -7.042  9.698 0.0000000000
79091  -31.545  -7.599  9.668 0.0000000000
79092  -32.128  -7.435  9.264 0.0000000000
79093  -33.073  -7.478  8.828 0.0000000000
79095  -33.955  -7.449  8.603 0.0000000000
79096  -34.558  -7.472  8.116 0.0000000000
79097  -34.607  -7.107  7.594 0.0000000000
79099  -34.584  -7.649  7.515 0.0000000000
79100  -34.560  -7.324  7.025 0.0000000000
79103  -34.038  -8.245  5.790 0.0000000000
79104  -34.367  -7.595  6.021 0.0000000000
79111  -34.022  -8.049  5.270 0.0000000000
79112  -34.314  -7.306  4.971 0.0000000000
79123  -33.989  -7.763  4.497 0.0000000000
79124  -34.464  -7.194  4.079 0.0000000000
79135  -33.808  -7.539  3.561 0.0000000000
79136  -34.077  -7.393  3.570 0.0000000000
79137  -34.440  -7.078  3.566 0.0000000000
79142  -31.635  -7.604  2.084 0.0000000000
79143  -33.976  -7.214  3.162 0.0000000000
79144  -34.115  -7.005  2.979 0.0000000000
79152  -30.742  -7.741  0.922 0.0000000000
79153  -31.122  -7.575  1.449 0.0000000000
79161  -30.550  -7.628  0.309 0.0000000000
79167  -30.469  -7.643  -0.477 0.0000000000
79171  -30.576  -7.571  -1.375 0.0000000000
79175  -30.891  -7.478  -2.446 0.0000000000
79176  -31.207  -7.988  -2.921 0.0000000000
79181  -30.989  -6.932  -2.989 0.0000000000
79182  -31.317  -7.404  -3.341 0.0000000000
79189  -32.578  -6.732  -4.813 0.0000000000
79190  -32.533  -6.998  -5.026 0.0000000000
79198  -32.748  -7.079  -5.375 0.0000000000
79199  -33.063  -7.152  -5.754 0.0000000000
79212  -33.452  -7.278  -6.143 0.0000000000
79213  -33.971  -7.422  -6.685 0.0000000000
79229  -34.521  -7.326  -7.389 0.0000000000
79230  -34.897  -7.885  -7.512 0.0000000000
79252  -34.704  -6.936  -7.828 0.0000000000
79253  -35.191  -7.405  -8.071 0.0000000000
79254  -36.112  -7.466  -8.690 0.0000000000
79255  -36.634  -7.953  -8.757 0.0000000000
79274  -36.411  -7.030  -9.064 0.0000000000
79275  -36.975  -7.366  -9.210 0.0000000000
79923  -31.212  -6.085  20.425 0.0000000000
79924  -32.079  -6.136  20.540 0.0000000000
79925  -33.083  -6.167  20.507 0.0000000000
79940  -29.985  -6.509  19.593 0.0000000000
79941  -30.710  -6.525  19.912 0.0000000000
79942  -31.732  -6.738  19.988 0.0000000000
79943  -32.714  -6.812  19.999 0.0000000000
79956  -29.147  -6.406  18.502 0.0000000000
79957  -29.586  -6.420  19.085 0.0000000000
79967  -28.771  -6.394  17.843 0.0000000000
79981  -28.487  -6.466  16.964 0.0000000000
79999  -28.543  -6.464  15.867 0.0000000000
80010  -28.734  -6.316  14.810 0.0000000000
80011  -29.254  -6.343  13.939 0.0000000000
80018  -29.803  -6.386  13.078 0.0000000000
80019  -30.154  -5.926  12.740 0.0000000000
80024  -29.875  -6.913  12.536 0.0000000000
80025  -30.247  -6.392  12.247 0.0000000000
80030  -30.542  -6.338  11.393 0.0000000000
80032  -30.909  -6.389  10.656 0.0000000000
80033  -31.399  -6.405  10.012 0.0000000000
80035  -31.843  -6.544  9.438 0.0000000000
80036  -32.409  -6.658  8.939 0.0000000000
80039  -33.226  -6.643  8.478 0.0000000000
80040  -34.078  -6.665  8.245 0.0000000000
80041  -34.468  -6.597  7.852 0.0000000000
80044  -34.615  -6.486  7.289 0.0000000000
80047  -34.600  -6.542  6.499 0.0000000000
80049  -34.487  -6.536  5.536 0.0000000000
80058  -34.463  -6.468  4.533 0.0000000000
80071  -34.420  -6.916  3.287 0.0000000000
80072  -34.570  -6.459  3.526 0.0000000000
80076  -32.012  -7.171  2.176 0.0000000000
80077  -34.079  -6.660  2.704 0.0000000000
80078  -34.383  -6.406  2.739 0.0000000000
80079  -34.749  -6.128  2.968 0.0000000000
80085  -30.503  -6.255  0.413 0.0000000000
80086  -30.770  -6.789  0.701 0.0000000000
80087  -31.709  -6.724  1.586 0.0000000000
80088  -33.967  -5.854  2.051 0.0000000000
80089  -34.236  -5.735  2.093 0.0000000000
80097  -30.397  -6.338  0.103 0.0000000000
80098  -30.426  -6.916  -0.100 0.0000000000
80104  -30.309  -6.337  -0.474 0.0000000000
80105  -30.396  -6.851  -0.876 0.0000000000
80111  -30.351  -6.198  -1.050 0.0000000000
80112  -30.533  -6.491  -1.761 0.0000000000
80117  -30.777  -6.379  -2.716 0.0000000000
80121  -31.065  -6.421  -3.343 0.0000000000
80122  -32.891  -5.839  -4.536 0.0000000000
80129  -32.878  -6.034  -4.707 0.0000000000
80130  -33.014  -6.084  -5.020 0.0000000000
80138  -33.233  -6.143  -5.479 0.0000000000
80139  -33.305  -6.557  -5.980 0.0000000000
80150  -33.464  -5.930  -5.940 0.0000000000
80151  -33.709  -6.417  -6.562 0.0000000000
80152  -34.040  -6.815  -7.107 0.0000000000
80168  -33.978  -6.338  -7.149 0.0000000000
80169  -34.365  -6.480  -7.558 0.0000000000
80191  -34.848  -6.471  -8.186 0.0000000000
80192  -35.601  -6.514  -8.829 0.0000000000
80193  -36.132  -6.860  -8.992 0.0000000000
80213  -35.850  -6.068  -9.271 0.0000000000
80214  -36.402  -6.407  -9.367 0.0000000000
80884  -31.583  -4.778  21.208 0.0000000000
80885  -31.979  -4.815  21.262 0.0000000000
80886  -32.698  -4.816  21.198 0.0000000000
80891  -29.794  -5.333  20.205 0.0000000000
80892  -30.316  -5.553  20.403 0.0000000000
80893  -31.383  -5.186  20.995 0.0000000000
80894  -32.441  -5.442  20.960 0.0000000000
80895  -33.455  -5.245  20.855 0.0000000000
80905  -29.631  -5.634  19.748 0.0000000000
80906  -30.094  -6.110  19.989 0.0000000000
80919  -28.860  -5.578  18.239 0.0000000000
80920  -29.199  -5.615  18.889 0.0000000000
80932  -28.644  -5.468  17.438 0.0000000000
80942  -28.550  -5.431  16.454 0.0000000000
80958  -28.760  -5.345  15.378 0.0000000000
80959  -29.100  -4.849  15.046 0.0000000000
80974  -28.834  -5.657  14.918 0.0000000000
80975  -29.184  -5.347  14.581 0.0000000000
80990  -29.711  -5.474  13.691 0.0000000000
80991  -30.126  -5.463  13.070 0.0000000000
80997  -30.385  -5.474  12.511 0.0000000000
81002  -30.603  -5.560  11.858 0.0000000000
81005  -30.790  -5.539  11.081 0.0000000000
81006  -31.133  -5.582  10.327 0.0000000000
81009  -31.637  -5.610  9.500 0.0000000000
81010  -32.087  -6.111  9.180 0.0000000000
81013  -31.862  -5.074  9.067 0.0000000000
81014  -32.435  -5.641  8.714 0.0000000000
81015  -33.574  -5.764  8.043 0.0000000000
81016  -34.171  -6.176  7.984 0.0000000000
81018  -33.846  -5.383  7.681 0.0000000000
81019  -34.278  -5.749  7.574 0.0000000000
81021  -34.696  -5.699  6.930 0.0000000000
81023  -34.473  -5.665  6.094 0.0000000000
81029  -34.406  -5.590  5.098 0.0000000000
81042  -34.508  -5.568  4.076 0.0000000000
81055  -34.693  -5.774  2.675 0.0000000000
81056  -34.771  -5.534  3.152 0.0000000000
81062  -30.708  -6.082  0.507 0.0000000000
81063  -31.255  -5.988  0.810 0.0000000000
81064  -33.700  -4.977  1.345 0.0000000000
81065  -34.046  -5.136  1.587 0.0000000000
81066  -34.581  -5.408  2.101 0.0000000000
81067  -34.848  -5.162  2.551 0.0000000000
81076  -30.497  -5.906  0.126 0.0000000000
81077  -30.914  -5.563  0.247 0.0000000000
81078  -33.440  -4.344  0.609 0.0000000000
81079  -33.670  -4.642  1.025 0.0000000000
81085  -30.351  -5.944  -0.267 0.0000000000
81086  -30.613  -5.358  -0.472 0.0000000000
81087  -31.111  -5.008  -0.103 0.0000000000
81093  -30.347  -5.856  -0.726 0.0000000000
81094  -30.461  -5.488  -1.379 0.0000000000
81100  -30.549  -5.460  -2.357 0.0000000000
81106  -30.810  -5.440  -3.234 0.0000000000
81107  -32.970  -5.366  -4.444 0.0000000000
81113  -32.899  -4.946  -4.343 0.0000000000
81114  -32.995  -5.134  -4.518 0.0000000000
81115  -33.277  -5.337  -4.510 0.0000000000
81124  -33.658  -5.347  -4.916 0.0000000000
81134  -33.753  -5.312  -5.522 0.0000000000
81135  -33.662  -5.392  -6.305 0.0000000000
81152  -33.994  -5.602  -7.279 0.0000000000
81153  -34.466  -5.869  -7.973 0.0000000000
81176  -34.262  -5.235  -8.114 0.0000000000
81177  -34.858  -5.556  -8.736 0.0000000000
81178  -35.495  -5.789  -9.191 0.0000000000
81195  -35.329  -5.212  -9.359 0.0000000000
81196  -35.955  -5.504  -9.609 0.0000000000
81197  -36.864  -5.491  -9.958 0.0000000000
81843  -30.903  -3.871  21.239 0.0000000000
81844  -31.441  -4.280  21.277 0.0000000000
81845  -32.379  -4.158  21.333 0.0000000000
81850  -29.646  -4.691  20.266 0.0000000000
81851  -30.594  -4.432  20.962 0.0000000000
81852  -31.114  -4.654  21.127 0.0000000000
81860  -28.691  -3.989  18.714 0.0000000000
81861  -29.006  -4.584  19.206 0.0000000000
81870  -28.699  -4.507  18.137 0.0000000000
81871  -28.915  -5.077  18.620 0.0000000000
81881  -28.652  -4.453  17.018 0.0000000000
81891  -28.764  -4.449  16.085 0.0000000000
81899  -29.083  -4.364  15.394 0.0000000000
81900  -29.423  -4.336  14.797 0.0000000000
81908  -29.873  -4.479  14.044 0.0000000000
81909  -30.257  -4.228  13.416 0.0000000000
81924  -30.128  -4.867  13.444 0.0000000000
81925  -30.397  -4.633  12.835 0.0000000000
81938  -30.570  -4.858  12.190 0.0000000000
81949  -30.606  -4.714  11.500 0.0000000000
81955  -30.719  -4.643  10.554 0.0000000000
81956  -31.119  -4.934  9.913 0.0000000000
81958  -30.781  -4.289  9.787 0.0000000000
81959  -31.342  -4.558  9.267 0.0000000000
81961  -31.918  -4.575  8.591 0.0000000000
81962  -32.820  -4.715  7.825 0.0000000000
81963  -33.527  -5.201  7.698 0.0000000000
81965  -33.004  -4.302  6.929 0.0000000000
81966  -33.832  -4.897  7.282 0.0000000000
81967  -34.462  -5.224  7.186 0.0000000000
81969  -33.025  -3.979  6.465 0.0000000000
81970  -33.651  -4.249  6.273 0.0000000000
81971  -34.435  -4.945  6.632 0.0000000000
81973  -33.846  -4.167  5.332 0.0000000000
81974  -34.275  -4.799  5.701 0.0000000000
81976  -33.887  -3.983  4.818 0.0000000000
81977  -34.257  -4.539  4.611 0.0000000000
81983  -34.548  -4.738  3.578 0.0000000000
81996  -34.861  -4.640  2.760 0.0000000000
82003  -33.961  -4.551  1.085 0.0000000000
82004  -34.452  -4.642  1.475 0.0000000000
82005  -35.085  -4.538  1.920 0.0000000000
82014  -33.332  -4.063  0.307 0.0000000000
82015  -33.623  -4.144  0.530 0.0000000000
82016  -34.291  -4.101  0.836 0.0000000000
82017  -34.846  -4.080  1.224 0.0000000000
82027  -30.990  -4.673  -0.556 0.0000000000
82028  -33.319  -3.711  0.063 0.0000000000
82029  -33.336  -3.868  0.171 0.0000000000
82036  -30.547  -3.914  -1.808 0.0000000000
82037  -30.718  -4.465  -1.192 0.0000000000
82038  -31.135  -4.164  -0.785 0.0000000000
82043  -30.395  -3.807  -2.368 0.0000000000
82044  -30.476  -4.583  -2.014 0.0000000000
82051  -30.329  -3.686  -2.779 0.0000000000
82052  -30.485  -4.349  -2.885 0.0000000000
82059  -32.689  -4.565  -4.216 0.0000000000
82060  -32.825  -4.602  -4.301 0.0000000000
82061  -33.193  -4.605  -4.188 0.0000000000
82068  -33.701  -4.527  -4.552 0.0000000000
82074  -34.105  -4.517  -5.086 0.0000000000
82075  -33.741  -4.529  -5.888 0.0000000000
82088  -33.699  -4.597  -6.811 0.0000000000
82103  -33.888  -4.493  -7.828 0.0000000000
82104  -34.342  -4.575  -8.626 0.0000000000
82120  -34.868  -4.589  -9.287 0.0000000000
82121  -35.569  -4.552  -9.846 0.0000000000
82122  -36.279  -4.895  -10.083 0.0000000000
82141  -36.115  -4.271  -10.417 0.0000000000
82826  -31.138  -3.166  21.402 0.0000000000
82827  -32.057  -3.316  21.426 0.0000000000
82833  -29.815  -3.453  20.740 0.0000000000
82834  -30.526  -3.538  21.155 0.0000000000
82841  -28.713  -3.422  19.122 0.0000000000
82842  -29.156  -3.572  19.919 0.0000000000
82849  -28.648  -3.401  18.342 0.0000000000
82857  -28.729  -3.471  17.496 0.0000000000
82866  -28.947  -3.431  16.523 0.0000000000
82867  -29.247  -3.058  15.839 0.0000000000
82874  -29.081  -3.749  15.810 0.0000000000
82875  -29.438  -3.448  15.206 0.0000000000
82883  -29.859  -3.515  14.448 0.0000000000
82884  -30.245  -3.512  13.716 0.0000000000
82895  -30.482  -3.632  12.974 0.0000000000
82905  -30.517  -3.888  12.101 0.0000000000
82917  -30.471  -3.731  11.082 0.0000000000
82926  -30.499  -3.590  10.116 0.0000000000
82930  -30.817  -3.541  9.182 0.0000000000
82931  -31.337  -3.919  8.671 0.0000000000
82935  -31.114  -3.271  8.446 0.0000000000
82936  -31.731  -3.608  7.874 0.0000000000
82937  -32.411  -3.901  7.256 0.0000000000
82939  -31.949  -3.224  6.954 0.0000000000
82940  -32.561  -3.738  6.637 0.0000000000
82942  -32.297  -3.270  6.295 0.0000000000
82943  -32.931  -3.674  5.972 0.0000000000
82944  -33.400  -3.821  5.532 0.0000000000
82946  -32.681  -3.359  5.486 0.0000000000
82947  -33.013  -3.466  5.031 0.0000000000
82948  -33.523  -3.748  4.943 0.0000000000
82950  -33.304  -3.451  4.592 0.0000000000
82951  -33.799  -3.622  4.271 0.0000000000
82952  -34.380  -4.049  3.844 0.0000000000
82954  -34.118  -3.548  3.398 0.0000000000
82955  -34.643  -4.014  3.117 0.0000000000
82968  -34.439  -3.420  2.710 0.0000000000
82969  -35.078  -3.670  2.290 0.0000000000
82979  -35.166  -3.451  1.375 0.0000000000
82980  -35.401  -2.975  0.800 0.0000000000
82987  -33.532  -3.757  0.214 0.0000000000
82988  -33.989  -3.474  0.278 0.0000000000
82989  -34.856  -3.386  0.627 0.0000000000
82990  -35.272  -2.817  0.427 0.0000000000
83000  -30.735  -2.739  -1.876 0.0000000000
83001  -31.007  -2.847  -1.591 0.0000000000
83002  -33.503  -2.851  -0.370 0.0000000000
83003  -33.526  -3.392  -0.036 0.0000000000
83004  -33.975  -2.451  -0.352 0.0000000000
83010  -30.573  -3.125  -2.024 0.0000000000
83011  -30.851  -3.605  -1.423 0.0000000000
83012  -31.020  -3.911  -1.069 0.0000000000
83017  -30.317  -3.228  -2.622 0.0000000000
83022  -30.385  -3.412  -3.145 0.0000000000
83023  -30.546  -3.942  -3.371 0.0000000000
83032  -30.474  -3.112  -3.448 0.0000000000
83033  -32.802  -4.149  -4.078 0.0000000000
83034  -33.043  -3.935  -4.034 0.0000000000
83035  -33.457  -3.750  -4.338 0.0000000000
83044  -33.915  -3.642  -4.778 0.0000000000
83054  -33.854  -3.640  -5.574 0.0000000000
83055  -33.721  -3.761  -6.414 0.0000000000
83070  -33.695  -3.778  -7.209 0.0000000000
83085  -33.711  -3.525  -8.150 0.0000000000
83086  -33.981  -4.052  -8.497 0.0000000000
83104  -33.636  -3.031  -8.710 0.0000000000
83105  -34.213  -3.553  -9.306 0.0000000000
83106  -35.008  -4.023  -9.734 0.0000000000
83135  -34.404  -2.946  -10.173 0.0000000000
83136  -35.314  -3.436  -10.552 0.0000000000
83137  -36.544  -3.763  -10.940 0.0000000000
83167  -35.687  -2.755  -11.187 0.0000000000
83168  -36.275  -2.985  -11.343 0.0000000000
83870  -30.999  -2.048  21.439 0.0000000000
83871  -31.855  -2.320  21.440 0.0000000000
83877  -29.212  -1.910  20.304 0.0000000000
83878  -29.717  -2.304  20.762 0.0000000000
83879  -30.355  -2.694  21.192 0.0000000000
83887  -28.865  -2.435  19.653 0.0000000000
83888  -29.301  -2.747  20.309 0.0000000000
83896  -28.626  -2.458  18.708 0.0000000000
83904  -28.666  -2.532  17.863 0.0000000000
83913  -28.916  -2.494  17.109 0.0000000000
83914  -29.219  -2.326  16.282 0.0000000000
83922  -29.641  -2.358  15.403 0.0000000000
83923  -30.071  -2.117  14.743 0.0000000000
83930  -29.863  -2.792  14.786 0.0000000000
83931  -30.234  -2.517  14.093 0.0000000000
83940  -30.535  -2.671  13.238 0.0000000000
83948  -30.660  -2.827  12.442 0.0000000000
83957  -30.601  -2.805  11.557 0.0000000000
83964  -30.548  -2.682  10.576 0.0000000000
83966  -30.624  -2.546  9.572 0.0000000000
83970  -30.874  -2.437  8.591 0.0000000000
83971  -31.202  -2.762  8.011 0.0000000000
83973  -31.064  -2.083  7.873 0.0000000000
83974  -31.408  -2.400  7.282 0.0000000000
83976  -31.641  -2.313  6.476 0.0000000000
83978  -32.063  -2.280  5.350 0.0000000000
83979  -32.718  -2.997  4.646 0.0000000000
83982  -32.423  -2.159  3.963 0.0000000000
83983  -33.021  -2.950  4.081 0.0000000000
83984  -33.574  -3.117  3.549 0.0000000000
83987  -32.656  -2.165  3.497 0.0000000000
83988  -33.206  -2.430  3.102 0.0000000000
83989  -33.883  -2.970  2.839 0.0000000000
83999  -33.779  -2.296  2.480 0.0000000000
84000  -34.554  -2.652  2.062 0.0000000000
84001  -35.108  -2.936  1.613 0.0000000000
84012  -35.146  -2.316  1.387 0.0000000000
84013  -35.470  -2.542  1.069 0.0000000000
84014  -35.568  -2.452  0.491 0.0000000000
84022  -32.016  -1.747  -1.218 0.0000000000
84023  -34.513  -2.925  0.114 0.0000000000
84024  -34.959  -2.803  0.197 0.0000000000
84025  -35.385  -2.433  0.057 0.0000000000
84035  -33.572  -1.799  -1.086 0.0000000000
84036  -35.494  -2.123  -0.114 0.0000000000
84043  -30.379  -2.686  -2.480 0.0000000000
84049  -30.276  -2.801  -2.867 0.0000000000
84055  -30.396  -2.785  -3.226 0.0000000000
84063  -30.637  -2.817  -3.535 0.0000000000
84064  -32.945  -3.335  -3.865 0.0000000000
84065  -33.255  -3.040  -3.976 0.0000000000
84066  -33.573  -2.850  -4.498 0.0000000000
84075  -33.837  -2.714  -5.218 0.0000000000
84089  -33.669  -2.724  -6.353 0.0000000000
84090  -33.695  -3.312  -6.808 0.0000000000
84102  -33.464  -2.188  -7.378 0.0000000000
84103  -33.623  -3.021  -7.324 0.0000000000
84116  -33.319  -1.911  -8.250 0.0000000000
84117  -33.501  -2.660  -8.149 0.0000000000
84139  -33.271  -1.767  -8.715 0.0000000000
84140  -33.477  -2.275  -9.169 0.0000000000
84141  -34.008  -2.734  -9.770 0.0000000000
84169  -33.573  -1.703  -9.769 0.0000000000
84170  -34.076  -2.086  -10.363 0.0000000000
84171  -34.707  -2.695  -10.597 0.0000000000
84196  -34.543  -1.492  -11.036 0.0000000000
84197  -35.150  -2.201  -11.123 0.0000000000
84198  -36.050  -2.303  -11.564 0.0000000000
84851  -30.906  -1.170  21.386 0.0000000000
84858  -29.144  -1.162  20.383 0.0000000000
84859  -29.572  -1.390  20.708 0.0000000000
84860  -30.235  -1.569  21.135 0.0000000000
84868  -28.843  -1.373  19.913 0.0000000000
84877  -28.644  -1.482  19.145 0.0000000000
84886  -28.709  -1.430  18.075 0.0000000000
84887  -28.881  -0.851  17.606 0.0000000000
84895  -28.801  -1.929  17.495 0.0000000000
84896  -29.047  -1.264  16.970 0.0000000000
84905  -29.514  -1.367  15.862 0.0000000000
84906  -29.981  -1.384  15.016 0.0000000000
84913  -30.278  -1.493  14.258 0.0000000000
84922  -30.612  -1.502  13.419 0.0000000000
84923  -30.912  -0.835  13.100 0.0000000000
84933  -30.728  -2.008  12.718 0.0000000000
84934  -30.996  -1.122  12.499 0.0000000000
84944  -30.824  -1.925  11.967 0.0000000000
84945  -31.186  -1.025  11.466 0.0000000000
84953  -30.818  -1.805  11.027 0.0000000000
84954  -31.388  -0.944  10.466 0.0000000000
84956  -30.866  -1.667  10.033 0.0000000000
84957  -31.421  -0.836  9.516 0.0000000000
84961  -30.987  -1.411  8.982 0.0000000000
84962  -31.380  -0.774  8.974 0.0000000000
84966  -30.996  -1.448  8.166 0.0000000000
84967  -31.246  -1.376  7.387 0.0000000000
84971  -31.456  -1.366  6.506 0.0000000000
84975  -31.674  -1.136  5.541 0.0000000000
84979  -32.039  -1.104  4.278 0.0000000000
84982  -32.337  -1.370  3.372 0.0000000000
84983  -32.704  -1.804  2.961 0.0000000000
84991  -32.633  -1.275  2.674 0.0000000000
84992  -33.271  -1.565  2.352 0.0000000000
84993  -34.039  -1.897  1.963 0.0000000000
85004  -33.851  -1.358  1.606 0.0000000000
85005  -34.757  -1.607  1.297 0.0000000000
85006  -35.539  -1.827  0.957 0.0000000000
85007  -35.688  -2.024  0.578 0.0000000000
85013  -35.413  -1.249  0.680 0.0000000000
85014  -35.716  -1.462  0.352 0.0000000000
85015  -35.703  -1.934  0.019 0.0000000000
85033  -30.395  -2.439  -2.916 0.0000000000
85034  -33.238  -0.369  -3.258 0.0000000000
85041  -30.665  -2.380  -3.250 0.0000000000
85042  -32.906  -1.556  -3.296 0.0000000000
85043  -33.187  -1.237  -4.191 0.0000000000
85049  -30.857  -2.451  -3.530 0.0000000000
85050  -32.988  -2.077  -3.447 0.0000000000
85051  -33.333  -2.101  -4.036 0.0000000000
85052  -33.557  -1.878  -4.726 0.0000000000
85058  -33.592  -1.693  -5.651 0.0000000000
85074  -33.497  -1.506  -6.679 0.0000000000
85087  -33.431  -1.293  -7.643 0.0000000000
85104  -33.375  -1.208  -8.533 0.0000000000
85105  -33.376  -0.821  -8.877 0.0000000000
85134  -33.279  -1.621  -8.935 0.0000000000
85135  -33.372  -1.199  -9.306 0.0000000000
85159  -33.636  -1.168  -10.149 0.0000000000
85160  -34.060  -1.128  -10.767 0.0000000000
85178  -34.444  -0.925  -11.173 0.0000000000
85179  -35.113  -1.035  -11.545 0.0000000000
85180  -35.883  -1.622  -11.739 0.0000000000
85202  -35.481  -0.592  -11.857 0.0000000000
85816  -29.735  -0.236  21.099 0.0000000000
85817  -30.384  -0.480  21.282 0.0000000000
85818  -31.304  -0.408  21.446 0.0000000000
85825  -28.880  -0.583  20.235 0.0000000000
85826  -29.309  -0.543  20.737 0.0000000000
85827  -29.842  -0.842  20.984 0.0000000000
85835  -28.676  -0.604  19.615 0.0000000000
85842  -28.603  -0.537  18.818 0.0000000000
85849  -28.793  -0.382  18.030 0.0000000000
85850  -28.994  -0.349  17.374 0.0000000000
85858  -29.203  -0.276  16.845 0.0000000000
85868  -29.490  -0.436  16.236 0.0000000000
85869  -29.879  -0.497  15.368 0.0000000000
85879  -30.346  -0.493  14.400 0.0000000000
85880  -30.663  -0.065  13.995 0.0000000000
85889  -30.423  -0.959  13.882 0.0000000000
85890  -30.720  -0.423  13.590 0.0000000000
85900  -31.053  -0.267  12.815 0.0000000000
85912  -31.303  -0.236  11.915 0.0000000000
85921  -31.824  -0.149  10.894 0.0000000000
85926  -32.033  -0.106  9.804 0.0000000000
85927  -32.356  0.382  9.417 0.0000000000
85930  -31.320  -0.755  8.601 0.0000000000
85931  -31.895  -0.120  8.793 0.0000000000
85932  -32.273  0.207  9.220 0.0000000000
85935  -31.114  -1.010  8.399 0.0000000000
85936  -31.431  -0.503  7.867 0.0000000000
85938  -31.648  -0.490  6.753 0.0000000000
85940  -31.784  -0.444  5.771 0.0000000000
85942  -31.844  -0.391  4.754 0.0000000000
85944  -32.013  -0.452  3.697 0.0000000000
85953  -32.370  -0.588  2.474 0.0000000000
85954  -32.861  -0.990  2.281 0.0000000000
85965  -32.666  -0.294  1.732 0.0000000000
85966  -33.268  -0.627  1.535 0.0000000000
85967  -34.159  -0.954  1.094 0.0000000000
85974  -34.077  -0.370  0.677 0.0000000000
85975  -34.911  -0.701  0.592 0.0000000000
85976  -35.582  -0.801  0.200 0.0000000000
85977  -35.433  -1.140  -0.380 0.0000000000
85996  -30.456  -2.362  -2.587 0.0000000000
85997  -33.251  -0.072  -3.533 0.0000000000
85998  -33.425  0.006  -3.072 0.0000000000
86002  -33.125  -0.335  -4.146 0.0000000000
86009  -33.338  -0.730  -4.997 0.0000000000
86015  -33.383  -0.623  -6.094 0.0000000000
86030  -33.423  -0.494  -7.102 0.0000000000
86045  -33.485  -0.414  -8.033 0.0000000000
86046  -33.445  -0.086  -8.560 0.0000000000
86061  -33.428  -0.568  -8.609 0.0000000000
86062  -33.406  -0.298  -9.115 0.0000000000
86087  -33.417  -0.233  -9.901 0.0000000000
86088  -33.450  -0.471  -9.855 0.0000000000
86108  -33.482  -0.181  -10.130 0.0000000000
86109  -33.815  -0.337  -10.593 0.0000000000
86110  -34.167  -0.665  -10.991 0.0000000000
86129  -34.048  0.144  -11.019 0.0000000000
86130  -34.462  -0.252  -11.324 0.0000000000
86131  -35.190  -0.230  -11.779 0.0000000000
86761  -29.322  0.282  20.999 0.0000000000
86762  -29.940  0.427  21.342 0.0000000000
86763  -30.803  0.454  21.539 0.0000000000
86771  -28.646  0.063  20.072 0.0000000000
86772  -28.927  0.164  20.556 0.0000000000
86778  -28.494  0.299  19.446 0.0000000000
86785  -28.493  0.395  18.552 0.0000000000
86792  -28.712  0.418  17.649 0.0000000000
86793  -29.036  0.196  17.083 0.0000000000
86799  -28.861  0.693  17.022 0.0000000000
86800  -29.296  0.416  16.530 0.0000000000
86806  -29.717  0.310  15.737 0.0000000000
86807  -30.131  0.307  14.929 0.0000000000
86815  -30.608  0.455  14.132 0.0000000000
86816  -30.763  0.133  13.777 0.0000000000
86827  -30.800  0.922  13.734 0.0000000000
86828  -30.940  0.491  13.329 0.0000000000
86838  -31.234  0.516  12.376 0.0000000000
86850  -31.598  0.619  11.467 0.0000000000
86863  -32.040  0.777  10.577 0.0000000000
86864  -32.297  1.094  10.157 0.0000000000
86876  -32.127  0.280  10.274 0.0000000000
86877  -32.391  0.707  9.796 0.0000000000
86882  -32.366  0.544  8.388 0.0000000000
86883  -32.728  0.711  8.871 0.0000000000
86884  -32.918  1.298  8.530 0.0000000000
86886  -32.155  0.409  7.886 0.0000000000
86887  -32.843  0.949  7.962 0.0000000000
86888  -32.953  1.275  8.250 0.0000000000
86890  -32.109  0.289  7.050 0.0000000000
86891  -32.717  0.908  7.254 0.0000000000
86893  -32.240  0.437  6.034 0.0000000000
86894  -32.685  0.907  6.571 0.0000000000
86896  -31.952  0.393  5.102 0.0000000000
86898  -31.870  0.413  4.176 0.0000000000
86908  -31.885  0.339  3.121 0.0000000000
86916  -32.401  0.195  1.726 0.0000000000
86917  -32.914  -0.055  1.301 0.0000000000
86924  -32.907  0.657  0.578 0.0000000000
86925  -33.566  0.522  0.322 0.0000000000
86926  -34.549  0.059  0.203 0.0000000000
86927  -35.224  -0.222  -0.029 0.0000000000
86928  -35.445  -0.544  -0.208 0.0000000000
86936  -35.207  -0.128  -0.700 0.0000000000
86941  -34.005  -0.899  -1.436 0.0000000000
86944  -33.700  0.527  -3.262 0.0000000000
86945  -33.964  0.364  -2.597 0.0000000000
86946  -34.493  0.518  -1.953 0.0000000000
86950  -30.871  -2.340  -2.054 0.0000000000
86951  -33.316  0.495  -3.887 0.0000000000
86952  -34.268  0.736  -2.696 0.0000000000
86953  -34.400  0.776  -2.489 0.0000000000
86960  -33.211  0.379  -4.686 0.0000000000
86965  -33.224  0.334  -5.628 0.0000000000
86977  -33.269  0.399  -6.634 0.0000000000
86995  -33.337  0.498  -7.670 0.0000000000
86996  -33.445  0.277  -8.271 0.0000000000
87010  -33.352  0.807  -8.328 0.0000000000
87011  -33.425  0.576  -8.850 0.0000000000
87035  -33.414  0.008  -9.981 0.0000000000
87036  -33.485  0.473  -9.806 0.0000000000
87058  -33.558  0.115  -10.255 0.0000000000
87059  -33.787  0.585  -10.708 0.0000000000
87072  -34.257  0.601  -11.381 0.0000000000
87073  -34.849  0.496  -11.907 0.0000000000
87698  -28.851  1.692  20.856 0.0000000000
87699  -29.294  1.232  21.145 0.0000000000
87700  -30.282  1.349  21.529 0.0000000000
87710  -28.613  1.092  20.345 0.0000000000
87711  -29.022  0.692  20.778 0.0000000000
87720  -27.634  1.988  19.009 0.0000000000
87721  -28.095  1.383  19.200 0.0000000000
87731  -27.687  1.768  18.462 0.0000000000
87732  -28.199  1.113  18.138 0.0000000000
87738  -27.841  1.592  17.643 0.0000000000
87739  -28.458  1.133  17.343 0.0000000000
87746  -28.127  1.508  17.019 0.0000000000
87747  -28.736  1.219  16.545 0.0000000000
87748  -29.367  0.907  15.956 0.0000000000
87755  -29.080  1.387  15.643 0.0000000000
87756  -29.798  1.008  15.246 0.0000000000
87757  -30.285  0.916  14.630 0.0000000000
87763  -29.497  1.486  14.966 0.0000000000
87764  -30.015  1.346  14.570 0.0000000000
87765  -30.495  1.240  14.047 0.0000000000
87773  -30.849  1.353  13.262 0.0000000000
87774  -31.143  1.090  12.726 0.0000000000
87780  -31.076  1.593  12.552 0.0000000000
87781  -31.328  1.357  11.957 0.0000000000
87787  -31.766  1.464  11.061 0.0000000000
87796  -32.153  1.515  10.373 0.0000000000
87797  -32.418  1.446  9.840 0.0000000000
87811  -32.686  1.289  9.356 0.0000000000
87820  -32.833  1.560  8.782 0.0000000000
87821  -33.031  1.682  8.230 0.0000000000
87826  -33.197  1.378  7.332 0.0000000000
87827  -33.265  1.647  7.694 0.0000000000
87829  -33.251  1.410  6.730 0.0000000000
87830  -33.804  1.787  7.025 0.0000000000
87832  -32.382  1.063  5.306 0.0000000000
87833  -33.019  1.552  5.844 0.0000000000
87834  -33.719  1.934  6.315 0.0000000000
87836  -32.139  1.178  4.627 0.0000000000
87837  -32.713  1.760  4.993 0.0000000000
87839  -31.976  1.373  3.828 0.0000000000
87840  -32.480  1.910  4.388 0.0000000000
87850  -31.907  1.151  3.122 0.0000000000
87856  -32.012  1.693  1.660 0.0000000000
87864  -33.078  1.430  -0.104 0.0000000000
87873  -32.789  3.143  -0.970 0.0000000000
87874  -33.314  2.452  -1.118 0.0000000000
87877  -34.084  0.837  -3.235 0.0000000000
87878  -34.068  0.703  -3.032 0.0000000000
87879  -34.833  1.181  -1.652 0.0000000000
87884  -33.820  1.166  -3.516 0.0000000000
87885  -34.338  1.004  -2.904 0.0000000000
87886  -34.623  1.134  -2.343 0.0000000000
87892  -33.218  1.276  -4.263 0.0000000000
87896  -33.194  1.314  -5.216 0.0000000000
87903  -33.149  1.340  -6.210 0.0000000000
87919  -33.088  1.371  -7.200 0.0000000000
87929  -33.108  1.530  -8.253 0.0000000000
87930  -33.342  1.155  -8.665 0.0000000000
87950  -33.052  2.111  -8.815 0.0000000000
87951  -33.324  1.686  -9.296 0.0000000000
87968  -33.605  1.575  -10.406 0.0000000000
87977  -34.072  1.540  -11.391 0.0000000000
87978  -34.469  1.137  -11.869 0.0000000000
88596  -29.083  2.068  21.105 0.0000000000
88597  -29.784  2.307  21.364 0.0000000000
88605  -27.994  2.676  20.161 0.0000000000
88606  -28.565  2.369  20.658 0.0000000000
88607  -29.154  2.703  21.105 0.0000000000
88616  -27.670  2.423  19.528 0.0000000000
88617  -28.109  1.970  20.030 0.0000000000
88627  -26.874  2.726  18.311 0.0000000000
88628  -27.237  2.446  18.802 0.0000000000
88638  -26.747  2.666  17.679 0.0000000000
88639  -27.245  2.145  17.973 0.0000000000
88647  -26.652  2.740  16.950 0.0000000000
88648  -27.469  1.971  16.988 0.0000000000
88649  -28.150  1.622  16.659 0.0000000000
88657  -27.385  2.378  16.182 0.0000000000
88658  -28.262  1.746  16.153 0.0000000000
88664  -27.790  2.300  15.721 0.0000000000
88665  -28.830  1.891  15.070 0.0000000000
88666  -29.755  1.711  14.355 0.0000000000
88667  -30.158  1.552  14.149 0.0000000000
88673  -29.457  2.130  14.049 0.0000000000
88674  -29.738  2.074  13.843 0.0000000000
88675  -30.305  1.795  13.583 0.0000000000
88684  -29.849  2.299  13.254 0.0000000000
88685  -30.235  2.347  12.726 0.0000000000
88686  -30.806  2.065  12.615 0.0000000000
88687  -31.167  1.955  12.098 0.0000000000
88696  -30.618  2.530  11.964 0.0000000000
88697  -30.977  2.366  11.791 0.0000000000
88698  -31.403  2.168  11.396 0.0000000000
88705  -31.826  2.293  10.458 0.0000000000
88706  -32.255  1.997  9.981 0.0000000000
88720  -32.074  2.516  9.769 0.0000000000
88721  -32.474  2.116  9.300 0.0000000000
88730  -32.788  2.341  8.323 0.0000000000
88731  -33.204  2.113  7.840 0.0000000000
88736  -33.017  2.584  7.631 0.0000000000
88737  -33.511  2.402  7.264 0.0000000000
88739  -33.861  2.548  6.457 0.0000000000
88741  -33.247  2.129  5.222 0.0000000000
88742  -33.924  2.590  5.465 0.0000000000
88743  -34.231  3.150  5.026 0.0000000000
88745  -33.334  2.551  4.587 0.0000000000
88746  -34.036  3.009  4.722 0.0000000000
88747  -34.236  3.299  4.688 0.0000000000
88749  -32.164  1.767  3.566 0.0000000000
88750  -32.621  2.455  3.920 0.0000000000
88759  -32.251  2.022  3.567 0.0000000000
88760  -32.635  2.680  3.711 0.0000000000
88766  -31.989  2.496  1.450 0.0000000000
88777  -33.143  3.190  -1.403 0.0000000000
88778  -33.827  2.661  -1.643 0.0000000000
88779  -34.535  2.025  -1.731 0.0000000000
88782  -34.146  2.567  -2.362 0.0000000000
88783  -34.584  1.758  -2.306 0.0000000000
88786  -33.362  2.090  -3.765 0.0000000000
88787  -34.106  2.026  -3.047 0.0000000000
88788  -34.453  1.470  -2.627 0.0000000000
88794  -33.098  2.264  -4.728 0.0000000000
88799  -32.964  2.306  -5.785 0.0000000000
88807  -32.850  2.282  -6.817 0.0000000000
88823  -32.803  2.166  -7.663 0.0000000000
88833  -32.755  2.514  -8.421 0.0000000000
88851  -32.961  2.693  -9.327 0.0000000000
88852  -33.235  2.348  -9.562 0.0000000000
88871  -33.044  3.181  -9.876 0.0000000000
88872  -33.301  2.627  -10.113 0.0000000000
88892  -33.727  2.546  -11.122 0.0000000000
89512  -29.647  3.296  21.190 0.0000000000
89524  -27.657  3.310  19.978 0.0000000000
89525  -28.205  3.335  20.418 0.0000000000
89526  -28.883  3.408  20.851 0.0000000000
89534  -26.615  3.778  19.114 0.0000000000
89535  -27.159  3.217  19.398 0.0000000000
89543  -26.436  3.340  18.341 0.0000000000
89544  -26.841  3.094  18.797 0.0000000000
89577  -27.950  3.320  14.450 0.0000000000
89587  -28.125  3.688  13.761 0.0000000000
89598  -28.785  3.709  12.711 0.0000000000
89599  -30.124  2.583  12.460 0.0000000000
89610  -28.898  4.133  12.052 0.0000000000
89611  -30.448  3.097  11.461 0.0000000000
89612  -30.877  2.867  11.327 0.0000000000
89613  -31.142  2.592  11.350 0.0000000000
89624  -30.434  3.724  10.653 0.0000000000
89625  -30.811  3.541  10.452 0.0000000000
89626  -31.290  2.844  10.797 0.0000000000
89639  -31.021  3.860  9.772 0.0000000000
89640  -31.554  3.314  9.601 0.0000000000
89641  -32.125  2.758  9.398 0.0000000000
89645  -31.875  3.772  8.521 0.0000000000
89646  -32.247  2.976  8.816 0.0000000000
89648  -32.002  4.095  8.007 0.0000000000
89649  -32.508  3.446  7.643 0.0000000000
89650  -33.084  2.881  7.261 0.0000000000
89652  -32.685  3.823  6.829 0.0000000000
89653  -33.276  3.307  6.644 0.0000000000
89655  -34.088  3.423  5.898 0.0000000000
89656  -34.295  3.539  5.162 0.0000000000
89658  -33.894  3.212  4.283 0.0000000000
89659  -34.191  3.442  4.408 0.0000000000
89660  -34.348  3.618  4.625 0.0000000000
89662  -33.591  3.406  3.903 0.0000000000
89663  -34.083  3.776  3.944 0.0000000000
89664  -34.300  3.782  4.217 0.0000000000
89673  -32.158  3.175  2.277 0.0000000000
89674  -33.239  3.432  3.626 0.0000000000
89678  -32.054  3.282  1.663 0.0000000000
89679  -32.288  3.726  2.107 0.0000000000
89684  -32.032  3.087  0.964 0.0000000000
89689  -33.027  3.741  -1.604 0.0000000000
89690  -33.401  3.394  -1.778 0.0000000000
89693  -33.197  3.869  -1.983 0.0000000000
89694  -33.582  3.436  -2.306 0.0000000000
89698  -33.478  2.671  -3.427 0.0000000000
89699  -33.586  3.315  -3.101 0.0000000000
89703  -33.287  3.308  -4.113 0.0000000000
89704  -33.433  3.821  -3.645 0.0000000000
89708  -32.968  3.337  -5.336 0.0000000000
89719  -32.688  3.316  -6.433 0.0000000000
89736  -32.585  3.219  -7.625 0.0000000000
89754  -32.627  3.512  -8.751 0.0000000000
89770  -32.880  3.714  -9.619 0.0000000000
89785  -33.202  3.730  -10.377 0.0000000000
89786  -33.489  3.305  -10.883 0.0000000000
89805  -33.408  3.977  -11.116 0.0000000000
89806  -33.642  3.620  -11.745 0.0000000000
90401  -27.878  3.853  20.206 0.0000000000
90402  -28.439  4.369  20.397 0.0000000000
90403  -29.560  4.253  20.836 0.0000000000
90414  -27.357  4.384  19.822 0.0000000000
90415  -28.016  4.983  20.065 0.0000000000
90504  -30.275  3.909  10.592 0.0000000000
90513  -30.740  4.149  9.815 0.0000000000
90522  -31.032  4.363  9.201 0.0000000000
90523  -31.437  4.158  8.822 0.0000000000
90528  -31.632  4.567  8.218 0.0000000000
90531  -32.037  4.506  7.615 0.0000000000
90532  -32.387  4.381  6.994 0.0000000000
90535  -32.896  4.359  6.286 0.0000000000
90536  -33.626  4.038  5.948 0.0000000000
90538  -33.364  4.629  5.615 0.0000000000
90539  -34.067  4.423  5.214 0.0000000000
90540  -34.392  4.094  4.721 0.0000000000
90542  -34.176  4.707  4.325 0.0000000000
90543  -34.289  4.113  4.246 0.0000000000
90546  -33.648  3.997  3.567 0.0000000000
90547  -33.982  4.526  3.664 0.0000000000
90548  -34.220  4.037  3.995 0.0000000000
90552  -33.602  4.645  3.209 0.0000000000
90553  -33.809  5.082  3.256 0.0000000000
90556  -32.051  3.690  1.163 0.0000000000
90557  -32.273  4.205  1.481 0.0000000000
90560  -32.375  4.060  -0.393 0.0000000000
90561  -32.322  4.732  0.965 0.0000000000
90563  -32.564  3.601  -0.689 0.0000000000
90564  -32.690  3.916  -1.104 0.0000000000
90566  -32.792  4.408  -1.700 0.0000000000
90569  -33.176  4.407  -2.474 0.0000000000
90570  -33.526  3.833  -2.723 0.0000000000
90574  -33.352  4.746  -3.218 0.0000000000
90575  -33.546  4.121  -2.982 0.0000000000
90579  -33.370  4.524  -3.975 0.0000000000
90580  -33.469  4.111  -3.392 0.0000000000
90585  -33.119  4.429  -4.964 0.0000000000
90597  -32.784  4.400  -6.006 0.0000000000
90615  -32.636  4.381  -7.095 0.0000000000
90637  -32.614  4.437  -8.181 0.0000000000
90651  -32.695  4.557  -9.197 0.0000000000
90662  -32.986  4.638  -10.098 0.0000000000
90680  -33.231  4.660  -10.941 0.0000000000
90681  -33.469  4.570  -11.636 0.0000000000
90700  -33.645  4.678  -12.375 0.0000000000
91329  -29.254  5.051  20.416 0.0000000000
91453  -32.080  5.024  7.143 0.0000000000
91458  -32.378  5.100  6.545 0.0000000000
91463  -32.787  5.359  5.673 0.0000000000
91464  -33.446  5.089  5.138 0.0000000000
91469  -33.745  5.408  4.451 0.0000000000
91473  -33.887  5.552  3.701 0.0000000000
91476  -32.850  5.091  2.278 0.0000000000
91477  -33.886  6.011  2.761 0.0000000000
91480  -33.383  6.072  1.822 0.0000000000
91481  -33.693  6.446  2.090 0.0000000000
91484  -32.366  4.414  -0.392 0.0000000000
91485  -32.500  5.433  0.077 0.0000000000
91488  -32.411  4.526  -0.611 0.0000000000
91489  -32.410  5.238  -0.962 0.0000000000
91491  -32.626  5.397  -1.932 0.0000000000
91494  -32.871  5.507  -2.816 0.0000000000
91501  -33.062  5.575  -3.687 0.0000000000
91512  -33.026  5.506  -4.622 0.0000000000
91523  -32.972  5.464  -5.623 0.0000000000
91535  -32.765  5.439  -6.643 0.0000000000
91555  -32.650  5.447  -7.680 0.0000000000
91576  -32.637  5.492  -8.714 0.0000000000
91588  -32.798  5.556  -9.723 0.0000000000
91600  -33.063  5.598  -10.715 0.0000000000
91617  -33.390  5.457  -11.631 0.0000000000
91618  -33.558  5.031  -11.968 0.0000000000
91638  -33.541  6.199  -12.344 0.0000000000
91639  -33.611  5.405  -12.243 0.0000000000
92355  -32.611  6.484  -3.243 0.0000000000
92368  -32.787  6.502  -4.213 0.0000000000
92385  -32.768  6.464  -5.201 0.0000000000
92407  -32.770  6.455  -6.204 0.0000000000
92431  -32.538  6.434  -7.199 0.0000000000
92455  -32.474  6.445  -8.224 0.0000000000
92475  -32.582  6.485  -9.260 0.0000000000
92495  -32.795  6.552  -10.319 0.0000000000
92514  -33.122  6.707  -11.528 0.0000000000
92539  -33.407  7.128  -12.509 0.0000000000
93295  -32.632  7.427  -4.754 0.0000000000
93316  -32.710  7.419  -5.758 0.0000000000
93340  -32.484  7.395  -6.736 0.0000000000
93365  -32.305  7.393  -7.733 0.0000000000
93384  -32.362  7.407  -8.752 0.0000000000
93398  -32.476  7.442  -9.793 0.0000000000
93414  -32.698  7.505  -10.829 0.0000000000
93426  -32.862  7.617  -11.588 0.0000000000
93442  -32.942  8.088  -12.386 0.0000000000
93443  -33.081  7.563  -12.136 0.0000000000
93454  -33.011  8.308  -12.901 0.0000000000
93455  -33.251  7.769  -12.624 0.0000000000
94261  -32.556  8.326  -6.304 0.0000000000
94278  -32.290  8.296  -7.264 0.0000000000
94288  -32.057  8.896  -8.763 0.0000000000
94289  -32.242  8.369  -8.260 0.0000000000
94299  -31.906  9.068  -9.476 0.0000000000
94300  -32.213  8.275  -9.227 0.0000000000
94314  -31.898  9.314  -10.285 0.0000000000
94315  -32.270  8.428  -10.308 0.0000000000
94329  -32.179  9.118  -11.101 0.0000000000
94330  -32.575  8.260  -11.339 0.0000000000
94347  -32.458  8.777  -12.128 0.0000000000
94348  -32.805  8.061  -11.949 0.0000000000
94360  -32.476  9.186  -12.981 0.0000000000
95117  -32.163  9.125  -6.825 0.0000000000
95129  -31.717  9.831  -7.411 0.0000000000
95130  -32.166  9.105  -7.776 0.0000000000
95138  -31.720  9.636  -8.553 0.0000000000
95139  -32.121  9.040  -8.335 0.0000000000
95146  -31.496  9.873  -9.709 0.0000000000
95154  -31.611  10.012  -10.774 0.0000000000
95165  -31.893  9.732  -11.699 0.0000000000
95177  -32.032  9.713  -12.417 0.0000000000
95189  -31.923  9.968  -12.949 0.0000000000
95949  -31.401  10.571  -8.018 0.0000000000
95957  -31.038  10.669  -9.020 0.0000000000
95963  -30.585  11.100  -9.758 0.0000000000
95964  -31.036  10.581  -10.133 0.0000000000
95973  -30.643  11.197  -10.583 0.0000000000
95974  -31.130  10.742  -10.889 0.0000000000
95984  -30.798  11.219  -11.384 0.0000000000
95985  -31.381  10.504  -11.531 0.0000000000
95994  -31.067  10.954  -12.245 0.0000000000
95995  -31.618  10.252  -12.114 0.0000000000
96007  -31.288  10.734  -13.179 0.0000000000
96008  -31.601  10.324  -12.594 0.0000000000
130057  -31.248  -2.052  -1.753 0.0000000000
130058  -31.953  -1.766  -1.239 0.0000000000
130059  -30.280  -2.514  -2.720 0.0000000000
130060  -31.268  -1.942  -1.895 0.0000000000
130061  -33.664  -1.429  -1.306 0.0000000000
130062  -33.661  -1.575  -1.112 0.0000000000
130063  -31.101  -1.899  -2.293 0.0000000000
130064  -33.722  -1.874  -0.835 0.0000000000
130065  -32.990  -1.682  -2.820 0.0000000000
130066  -34.894  -2.397  -0.147 0.0000000000
130067  -32.680  2.750  -0.530 0.0000000000
130068  -33.523  -1.639  -1.301 0.0000000000
130069  -30.801  -2.108  -2.749 0.0000000000
130070  -35.315  -2.255  -0.120 0.0000000000
130071  -33.319  -0.600  -2.832 0.0000000000
130072  -33.065  -0.769  -3.559 0.0000000000
130073  -33.054  -1.510  -3.642 0.0000000000
130074  -32.682  3.553  -0.896 0.0000000000
130075  -32.750  2.851  -0.751 0.0000000000
130076  -33.332  1.297  -0.198 0.0000000000
130077  -32.957  -1.383  -2.734 0.0000000000
130078  -32.845  -1.714  -3.047 0.0000000000
130079  -33.286  -1.403  -1.997 0.0000000000
130080  -35.285  -2.040  -0.228 0.0000000000
130081  -33.951  -1.666  -0.796 0.0000000000
130082  -33.028  -1.190  -3.230 0.0000000000
130083  -32.946  2.566  -0.904 0.0000000000
130084  -32.669  3.199  -0.762 0.0000000000
130085  -33.568  1.300  -0.350 0.0000000000
130086  -35.532  -1.906  -0.164 0.0000000000
130087  -34.715  -1.731  -0.466 0.0000000000
130088  -33.163  1.953  -0.656 0.0000000000
130089  -34.342  0.464  -0.011 0.0000000000
130090  -35.387  -1.776  -0.221 0.0000000000
130091  -34.949  0.300  -1.390 0.0000000000
130092  -35.013  0.736  -0.957 0.0000000000
130093  -34.241  0.694  -0.258 0.0000000000
130094  -34.157  1.418  -0.845 0.0000000000
130095  -34.734  0.435  -0.383 0.0000000000
