#!ascii label  , from subject FREESURFER vox2ras=TkReg 
1775
21601  -4.665  -65.455  6.121 0.0000000000
21602  -5.242  -65.304  5.394 0.0000000000
21635  -3.441  -64.865  3.371 0.0000000000
22416  -3.705  -63.858  7.586 0.0000000000
22428  -3.936  -65.391  7.484 0.0000000000
22429  -4.133  -64.507  6.810 0.0000000000
22445  -4.823  -64.391  5.740 0.0000000000
22446  -5.423  -64.381  4.952 0.0000000000
22460  -2.963  -64.430  4.581 0.0000000000
22461  -3.227  -64.231  4.233 0.0000000000
22462  -6.022  -64.461  4.265 0.0000000000
22481  -3.036  -64.702  4.097 0.0000000000
22482  -3.420  -64.407  3.706 0.0000000000
22495  -3.706  -64.469  3.100 0.0000000000
22496  -4.043  -64.541  2.510 0.0000000000
22507  -4.455  -64.420  1.661 0.0000000000
22522  -4.699  -64.058  0.992 0.0000000000
22523  -5.245  -64.136  0.686 0.0000000000
23285  -3.075  -64.245  8.731 0.0000000000
23295  -3.402  -63.652  8.139 0.0000000000
23296  -3.666  -63.133  7.632 0.0000000000
23314  -2.553  -64.264  6.081 0.0000000000
23315  -4.112  -63.087  7.003 0.0000000000
23329  -2.943  -63.703  4.957 0.0000000000
23330  -3.393  -63.196  4.682 0.0000000000
23331  -4.534  -63.338  6.088 0.0000000000
23332  -5.093  -63.355  5.246 0.0000000000
23345  -3.148  -63.977  4.498 0.0000000000
23346  -3.514  -63.599  4.227 0.0000000000
23347  -5.694  -63.414  4.488 0.0000000000
23348  -6.357  -63.561  3.845 0.0000000000
23361  -3.833  -63.646  3.267 0.0000000000
23362  -4.031  -63.504  2.692 0.0000000000
23363  -7.127  -63.727  3.356 0.0000000000
23374  -3.943  -63.961  2.718 0.0000000000
23375  -4.207  -63.625  2.144 0.0000000000
23381  -12.644  -63.196  1.818 0.0000000000
23382  -13.225  -63.083  1.538 0.0000000000
23388  -4.592  -63.447  1.272 0.0000000000
23389  -4.911  -63.109  0.886 0.0000000000
23392  -13.743  -63.468  1.256 0.0000000000
23393  -14.438  -63.406  0.907 0.0000000000
23401  -4.877  -63.597  0.821 0.0000000000
23402  -5.245  -63.245  0.664 0.0000000000
23403  -5.821  -63.377  0.445 0.0000000000
23404  -6.588  -63.459  0.197 0.0000000000
23405  -14.964  -63.542  0.670 0.0000000000
23406  -15.554  -63.490  0.593 0.0000000000
23407  -16.382  -63.549  0.557 0.0000000000
24200  -2.806  -63.576  8.457 0.0000000000
24201  -3.139  -63.232  8.387 0.0000000000
24212  -2.690  -63.325  7.811 0.0000000000
24213  -3.417  -62.802  7.908 0.0000000000
24214  -3.838  -62.428  7.402 0.0000000000
24230  -2.720  -63.247  6.695 0.0000000000
24231  -4.179  -62.142  6.850 0.0000000000
24243  -2.829  -63.001  5.654 0.0000000000
24244  -3.295  -62.770  5.006 0.0000000000
24245  -4.478  -62.339  6.318 0.0000000000
24246  -5.008  -62.402  5.712 0.0000000000
24259  -3.722  -62.730  4.482 0.0000000000
24260  -5.605  -62.255  4.945 0.0000000000
24261  -6.179  -62.520  4.172 0.0000000000
24275  -3.909  -62.772  3.723 0.0000000000
24276  -4.187  -62.783  2.711 0.0000000000
24277  -6.845  -62.704  3.609 0.0000000000
24278  -7.804  -62.814  2.973 0.0000000000
24279  -8.935  -62.376  2.915 0.0000000000
24280  -9.967  -62.156  2.959 0.0000000000
24281  -10.989  -62.031  2.948 0.0000000000
24282  -11.943  -61.992  2.882 0.0000000000
24283  -12.634  -61.816  2.536 0.0000000000
24284  -12.947  -61.629  2.318 0.0000000000
24295  -4.559  -62.705  1.769 0.0000000000
24296  -8.167  -63.507  2.789 0.0000000000
24297  -8.668  -63.256  2.740 0.0000000000
24298  -9.539  -63.059  2.729 0.0000000000
24299  -10.482  -62.927  2.726 0.0000000000
24300  -11.418  -62.811  2.611 0.0000000000
24301  -12.276  -62.595  2.323 0.0000000000
24302  -13.177  -62.221  1.853 0.0000000000
24303  -13.784  -61.931  1.517 0.0000000000
24310  -4.897  -62.630  1.177 0.0000000000
24311  -5.223  -62.674  0.856 0.0000000000
24312  -13.555  -62.817  1.461 0.0000000000
24313  -14.076  -62.537  1.249 0.0000000000
24327  -5.672  -62.614  0.615 0.0000000000
24328  -6.315  -62.671  0.370 0.0000000000
24329  -7.154  -62.655  0.103 0.0000000000
24330  -7.953  -62.282  -0.110 0.0000000000
24335  -14.948  -62.788  0.737 0.0000000000
24336  -15.864  -62.720  0.587 0.0000000000
24337  -16.769  -62.749  0.467 0.0000000000
24338  -17.731  -62.735  0.373 0.0000000000
24339  -18.761  -62.737  0.234 0.0000000000
24366  -20.029  -62.121  -0.167 0.0000000000
24367  -20.523  -61.864  -0.178 0.0000000000
24411  -21.870  -62.599  -5.649 0.0000000000
24412  -22.726  -62.397  -5.504 0.0000000000
24413  -23.761  -62.551  -5.527 0.0000000000
24423  -21.352  -62.421  -5.872 0.0000000000
25161  -2.872  -62.914  8.234 0.0000000000
25162  -3.155  -62.580  8.071 0.0000000000
25177  -2.934  -62.286  7.780 0.0000000000
25178  -3.445  -62.066  7.468 0.0000000000
25179  -4.020  -61.608  6.996 0.0000000000
25191  -2.843  -62.011  6.952 0.0000000000
25192  -4.653  -61.392  6.471 0.0000000000
25193  -5.070  -60.892  6.304 0.0000000000
25206  -2.889  -61.910  5.833 0.0000000000
25207  -3.184  -62.336  5.365 0.0000000000
25208  -4.902  -61.852  6.054 0.0000000000
25209  -5.431  -61.297  5.642 0.0000000000
25210  -6.031  -60.810  5.338 0.0000000000
25221  -3.348  -61.359  5.491 0.0000000000
25222  -3.670  -61.726  4.818 0.0000000000
25223  -4.022  -61.113  4.100 0.0000000000
25224  -5.804  -61.619  5.066 0.0000000000
25225  -6.347  -61.300  4.595 0.0000000000
25226  -7.046  -61.121  4.060 0.0000000000
25227  -9.774  -60.674  3.371 0.0000000000
25228  -10.290  -60.594  3.333 0.0000000000
25239  -3.869  -62.216  4.126 0.0000000000
25240  -4.139  -61.667  3.477 0.0000000000
25241  -6.607  -62.022  3.958 0.0000000000
25242  -7.254  -61.684  3.717 0.0000000000
25243  -8.325  -61.646  3.258 0.0000000000
25244  -9.388  -61.459  3.203 0.0000000000
25245  -10.477  -61.107  3.238 0.0000000000
25246  -11.593  -61.173  3.120 0.0000000000
25247  -12.424  -61.262  2.918 0.0000000000
25248  -12.889  -61.262  2.609 0.0000000000
25261  -4.713  -61.639  2.043 0.0000000000
25262  -5.198  -61.193  1.573 0.0000000000
25263  -13.157  -61.351  2.161 0.0000000000
25264  -13.578  -61.447  1.724 0.0000000000
25275  -4.891  -62.172  1.495 0.0000000000
25276  -5.441  -61.788  1.136 0.0000000000
25277  -6.369  -61.533  0.842 0.0000000000
25278  -6.899  -61.635  0.706 0.0000000000
25279  -14.312  -61.544  1.255 0.0000000000
25280  -14.806  -61.198  0.950 0.0000000000
25297  -6.065  -62.070  0.587 0.0000000000
25298  -6.697  -62.041  0.503 0.0000000000
25299  -7.418  -61.770  0.416 0.0000000000
25300  -8.262  -61.628  0.332 0.0000000000
25305  -14.634  -62.145  0.962 0.0000000000
25306  -15.262  -61.763  0.759 0.0000000000
25307  -16.225  -62.006  0.525 0.0000000000
25308  -17.044  -61.842  0.353 0.0000000000
25309  -18.079  -61.778  0.276 0.0000000000
25310  -19.166  -61.790  0.012 0.0000000000
25331  -19.902  -61.391  -0.254 0.0000000000
25332  -20.756  -61.165  -0.198 0.0000000000
25333  -21.463  -60.769  -0.151 0.0000000000
25384  -22.121  -61.731  -5.615 0.0000000000
25385  -22.953  -61.445  -5.506 0.0000000000
25386  -23.652  -61.588  -5.523 0.0000000000
25387  -24.466  -61.676  -5.700 0.0000000000
25388  -25.129  -61.550  -6.035 0.0000000000
25395  -20.625  -61.466  -6.258 0.0000000000
25396  -21.351  -61.582  -5.898 0.0000000000
26146  -3.244  -61.729  7.160 0.0000000000
26147  -3.746  -61.097  6.762 0.0000000000
26148  -4.353  -60.660  6.737 0.0000000000
26166  -3.310  -61.219  6.701 0.0000000000
26167  -3.572  -60.297  6.404 0.0000000000
26168  -4.893  -60.510  6.638 0.0000000000
26169  -5.273  -60.404  6.242 0.0000000000
26184  -3.196  -61.034  6.168 0.0000000000
26185  -3.429  -60.233  5.911 0.0000000000
26186  -5.825  -60.217  5.743 0.0000000000
26187  -6.359  -60.371  5.199 0.0000000000
26202  -3.232  -61.214  5.760 0.0000000000
26203  -3.529  -60.670  5.415 0.0000000000
26204  -3.928  -60.538  4.474 0.0000000000
26205  -6.750  -60.411  4.784 0.0000000000
26206  -7.329  -60.560  4.259 0.0000000000
26207  -8.369  -60.218  3.984 0.0000000000
26208  -9.337  -60.022  3.655 0.0000000000
26209  -10.294  -60.049  3.342 0.0000000000
26210  -10.783  -59.764  3.262 0.0000000000
26228  -4.241  -60.591  3.656 0.0000000000
26229  -7.402  -61.093  3.964 0.0000000000
26230  -7.948  -61.034  3.856 0.0000000000
26231  -8.855  -60.838  3.552 0.0000000000
26232  -10.565  -60.500  3.314 0.0000000000
26233  -11.148  -60.212  3.234 0.0000000000
26234  -12.321  -60.359  2.938 0.0000000000
26235  -12.739  -60.888  2.800 0.0000000000
26254  -4.604  -60.669  2.816 0.0000000000
26255  -5.354  -60.578  2.024 0.0000000000
26256  -5.994  -60.320  2.066 0.0000000000
26257  -12.681  -60.029  2.570 0.0000000000
26258  -13.014  -60.568  2.269 0.0000000000
26259  -13.338  -61.004  1.940 0.0000000000
26274  -5.513  -61.051  1.497 0.0000000000
26275  -6.151  -60.793  1.483 0.0000000000
26276  -7.132  -61.180  1.091 0.0000000000
26277  -7.989  -60.626  1.307 0.0000000000
26278  -8.875  -60.325  1.430 0.0000000000
26279  -9.642  -60.172  1.442 0.0000000000
26280  -13.315  -60.360  1.832 0.0000000000
26281  -13.739  -60.662  1.637 0.0000000000
26282  -14.543  -60.713  1.136 0.0000000000
26297  -7.857  -61.203  0.709 0.0000000000
26298  -8.565  -61.070  0.911 0.0000000000
26299  -9.434  -60.900  1.113 0.0000000000
26303  -15.172  -60.795  0.793 0.0000000000
26304  -16.162  -60.982  0.569 0.0000000000
26305  -17.317  -60.840  0.358 0.0000000000
26306  -18.399  -60.772  0.215 0.0000000000
26307  -19.226  -60.931  -0.068 0.0000000000
26327  -18.900  -60.300  -0.080 0.0000000000
26328  -19.756  -60.404  -0.280 0.0000000000
26329  -20.791  -60.174  -0.340 0.0000000000
26330  -21.866  -60.028  -0.266 0.0000000000
26331  -22.531  -59.509  0.012 0.0000000000
26384  -21.961  -60.951  -5.651 0.0000000000
26385  -22.741  -60.740  -5.571 0.0000000000
26386  -23.546  -60.800  -5.584 0.0000000000
26387  -24.412  -60.695  -5.790 0.0000000000
26388  -24.862  -61.111  -5.895 0.0000000000
26396  -20.568  -60.423  -6.387 0.0000000000
26397  -21.489  -60.503  -5.992 0.0000000000
26398  -22.292  -60.319  -5.774 0.0000000000
26399  -24.896  -60.055  -6.089 0.0000000000
26400  -25.358  -60.531  -6.252 0.0000000000
27182  -4.239  -59.514  7.080 0.0000000000
27183  -4.303  -59.416  6.975 0.0000000000
27202  -4.132  -59.800  6.756 0.0000000000
27203  -4.747  -59.732  6.847 0.0000000000
27204  -5.020  -59.353  6.728 0.0000000000
27223  -3.810  -59.517  6.380 0.0000000000
27224  -5.103  -60.039  6.607 0.0000000000
27225  -5.327  -59.536  6.205 0.0000000000
27226  -5.683  -58.893  5.832 0.0000000000
27243  -3.664  -59.488  5.864 0.0000000000
27244  -3.979  -59.070  5.417 0.0000000000
27245  -5.823  -59.708  5.811 0.0000000000
27246  -6.315  -59.410  5.395 0.0000000000
27247  -7.350  -59.037  4.698 0.0000000000
27248  -8.076  -58.867  4.246 0.0000000000
27249  -8.454  -58.681  4.138 0.0000000000
27267  -3.599  -59.945  5.560 0.0000000000
27268  -3.929  -59.557  4.969 0.0000000000
27269  -6.661  -60.018  5.089 0.0000000000
27270  -7.048  -59.839  4.772 0.0000000000
27271  -7.832  -59.613  4.325 0.0000000000
27272  -8.785  -59.150  4.017 0.0000000000
27273  -9.902  -59.198  3.589 0.0000000000
27274  -10.527  -59.456  3.308 0.0000000000
27292  -4.312  -59.751  3.967 0.0000000000
27293  -4.839  -59.317  3.484 0.0000000000
27294  -5.423  -59.218  3.277 0.0000000000
27295  -10.545  -58.981  3.296 0.0000000000
27296  -11.074  -59.330  3.154 0.0000000000
27297  -11.810  -59.418  3.077 0.0000000000
27309  -4.544  -59.990  3.288 0.0000000000
27310  -5.098  -59.877  2.878 0.0000000000
27311  -5.993  -59.647  2.684 0.0000000000
27312  -6.877  -59.424  2.447 0.0000000000
27313  -7.584  -59.301  2.320 0.0000000000
27314  -12.501  -59.364  2.627 0.0000000000
27315  -12.850  -59.805  2.235 0.0000000000
27326  -6.445  -60.108  2.093 0.0000000000
27327  -7.212  -60.195  1.832 0.0000000000
27328  -8.309  -59.612  1.922 0.0000000000
27329  -9.296  -59.468  1.686 0.0000000000
27330  -10.127  -59.542  1.503 0.0000000000
27331  -12.945  -59.190  2.057 0.0000000000
27332  -13.423  -59.783  1.728 0.0000000000
27333  -14.320  -59.886  1.217 0.0000000000
27334  -14.829  -60.219  0.868 0.0000000000
27351  -14.819  -59.750  0.850 0.0000000000
27352  -15.436  -59.913  0.653 0.0000000000
27353  -16.545  -59.782  0.348 0.0000000000
27354  -17.601  -59.947  0.215 0.0000000000
27355  -18.325  -59.928  0.048 0.0000000000
27356  -23.140  -59.289  0.524 0.0000000000
27357  -23.738  -58.972  1.153 0.0000000000
27372  -17.103  -59.232  0.036 0.0000000000
27373  -17.843  -59.242  -0.092 0.0000000000
27374  -18.843  -59.440  -0.231 0.0000000000
27375  -19.925  -59.341  -0.406 0.0000000000
27376  -20.955  -59.206  -0.461 0.0000000000
27377  -21.878  -58.994  -0.332 0.0000000000
27378  -22.628  -58.730  0.027 0.0000000000
27423  -22.887  -59.987  -5.808 0.0000000000
27424  -23.506  -60.114  -5.769 0.0000000000
27425  -23.973  -60.291  -5.759 0.0000000000
27444  -20.493  -59.422  -6.670 0.0000000000
27445  -21.430  -59.453  -6.426 0.0000000000
27446  -22.444  -59.505  -6.122 0.0000000000
27447  -23.458  -59.330  -5.998 0.0000000000
27448  -24.404  -59.561  -5.979 0.0000000000
27449  -25.386  -59.414  -6.268 0.0000000000
27450  -26.160  -59.539  -6.611 0.0000000000
28180  -4.370  -59.199  7.054 0.0000000000
28181  -4.537  -59.335  6.965 0.0000000000
28200  -4.368  -59.251  6.835 0.0000000000
28201  -4.796  -59.129  6.772 0.0000000000
28202  -5.075  -59.150  6.575 0.0000000000
28218  -3.993  -59.074  6.522 0.0000000000
28219  -4.578  -58.753  6.270 0.0000000000
28220  -5.168  -58.696  6.191 0.0000000000
28221  -5.540  -58.353  5.654 0.0000000000
28232  -3.824  -59.145  6.192 0.0000000000
28233  -4.172  -58.767  5.787 0.0000000000
28234  -6.067  -58.342  5.343 0.0000000000
28235  -6.851  -58.282  4.858 0.0000000000
28236  -7.829  -58.198  4.364 0.0000000000
28237  -8.253  -58.484  4.179 0.0000000000
28252  -4.362  -58.685  4.969 0.0000000000
28253  -8.235  -57.835  4.147 0.0000000000
28254  -8.628  -58.190  4.104 0.0000000000
28255  -9.486  -58.364  3.852 0.0000000000
28270  -4.582  -58.741  4.126 0.0000000000
28271  -5.179  -58.510  3.548 0.0000000000
28272  -5.894  -58.559  3.351 0.0000000000
28273  -10.194  -58.407  3.408 0.0000000000
28274  -10.983  -58.522  2.880 0.0000000000
28275  -11.505  -58.938  3.006 0.0000000000
28287  -6.616  -58.567  2.981 0.0000000000
28288  -7.324  -58.517  2.651 0.0000000000
28289  -8.112  -58.530  2.407 0.0000000000
28290  -11.435  -58.128  2.671 0.0000000000
28291  -11.896  -58.458  2.763 0.0000000000
28306  -8.916  -58.524  1.937 0.0000000000
28307  -9.775  -58.625  1.592 0.0000000000
28308  -10.504  -58.822  1.402 0.0000000000
28309  -12.653  -58.355  2.116 0.0000000000
28310  -13.396  -58.662  1.588 0.0000000000
28311  -14.007  -59.152  1.322 0.0000000000
28326  -11.079  -58.541  0.942 0.0000000000
28328  -13.983  -58.511  1.098 0.0000000000
28329  -14.708  -58.985  0.765 0.0000000000
28330  -15.681  -58.944  0.285 0.0000000000
28331  -16.395  -58.749  -0.025 0.0000000000
28332  -23.332  -58.308  0.538 0.0000000000
28333  -24.126  -58.173  1.334 0.0000000000
28334  -24.454  -57.985  1.929 0.0000000000
28342  -17.120  -58.513  -0.318 0.0000000000
28343  -18.085  -58.437  -0.340 0.0000000000
28344  -19.115  -58.411  -0.371 0.0000000000
28345  -20.143  -58.339  -0.447 0.0000000000
28346  -21.128  -58.231  -0.444 0.0000000000
28347  -22.031  -58.102  -0.317 0.0000000000
28348  -22.702  -58.009  0.012 0.0000000000
28393  -24.379  -57.717  -5.984 0.0000000000
28394  -24.756  -57.776  -5.873 0.0000000000
28413  -20.344  -58.611  -6.996 0.0000000000
28414  -21.286  -58.381  -6.852 0.0000000000
28415  -22.265  -58.460  -6.502 0.0000000000
28416  -23.229  -58.451  -6.243 0.0000000000
28417  -24.216  -58.367  -6.027 0.0000000000
28418  -25.314  -58.229  -6.029 0.0000000000
28419  -26.139  -58.557  -6.452 0.0000000000
28432  -20.110  -57.944  -7.338 0.0000000000
28433  -20.793  -57.873  -7.189 0.0000000000
29122  -5.009  -58.224  5.771 0.0000000000
29123  -5.348  -58.157  5.585 0.0000000000
29124  -5.757  -57.889  5.229 0.0000000000
29137  -4.740  -58.347  5.630 0.0000000000
29138  -6.391  -57.451  4.938 0.0000000000
29139  -7.335  -57.324  4.591 0.0000000000
29140  -7.941  -57.551  4.200 0.0000000000
29153  -4.811  -58.210  5.044 0.0000000000
29154  -7.897  -57.017  4.124 0.0000000000
29155  -8.498  -57.341  4.030 0.0000000000
29156  -9.241  -57.459  3.844 0.0000000000
29157  -9.808  -57.819  3.546 0.0000000000
29170  -4.887  -58.016  4.392 0.0000000000
29171  -5.076  -57.798  3.832 0.0000000000
29172  -5.660  -57.718  3.532 0.0000000000
29173  -9.672  -57.270  3.370 0.0000000000
29174  -10.301  -57.577  2.944 0.0000000000
29175  -11.049  -57.845  2.628 0.0000000000
29192  -6.244  -57.627  3.220 0.0000000000
29193  -6.956  -57.477  2.790 0.0000000000
29194  -7.705  -57.766  2.558 0.0000000000
29195  -10.923  -57.235  2.502 0.0000000000
29196  -11.577  -57.595  2.469 0.0000000000
29197  -12.158  -57.584  2.239 0.0000000000
29210  -7.564  -57.061  2.410 0.0000000000
29211  -8.365  -57.418  2.075 0.0000000000
29212  -9.303  -57.592  1.382 0.0000000000
29213  -10.274  -57.950  1.182 0.0000000000
29214  -12.584  -57.479  1.846 0.0000000000
29215  -13.038  -57.745  1.512 0.0000000000
29224  -9.806  -57.265  0.794 0.0000000000
29225  -10.583  -57.439  0.208 0.0000000000
29226  -11.339  -57.821  -0.323 0.0000000000
29227  -13.572  -57.924  1.140 0.0000000000
29228  -14.179  -57.838  0.637 0.0000000000
29229  -15.139  -57.928  0.013 0.0000000000
29230  -15.811  -58.353  -0.092 0.0000000000
29231  -23.071  -57.570  0.189 0.0000000000
29232  -23.721  -57.287  0.653 0.0000000000
29233  -24.409  -57.325  1.710 0.0000000000
29241  -10.985  -57.285  -0.548 0.0000000000
29244  -15.425  -57.361  -0.259 0.0000000000
29245  -16.111  -57.731  -0.386 0.0000000000
29246  -17.295  -57.563  -0.559 0.0000000000
29247  -18.359  -57.479  -0.503 0.0000000000
29248  -19.394  -57.426  -0.454 0.0000000000
29249  -20.405  -57.367  -0.443 0.0000000000
29250  -21.390  -57.294  -0.416 0.0000000000
29251  -22.373  -57.232  -0.160 0.0000000000
29252  -23.081  -56.939  0.117 0.0000000000
29259  -11.772  -57.009  -1.346 0.0000000000
29306  -24.597  -57.232  -5.894 0.0000000000
29307  -25.206  -57.301  -5.841 0.0000000000
29327  -21.374  -57.261  -7.108 0.0000000000
29328  -22.116  -57.390  -6.763 0.0000000000
29329  -22.990  -57.495  -6.445 0.0000000000
29330  -23.909  -57.505  -6.165 0.0000000000
29331  -25.778  -57.273  -6.022 0.0000000000
29332  -26.348  -57.521  -6.370 0.0000000000
29333  -26.853  -57.437  -6.739 0.0000000000
29347  -19.811  -57.213  -7.774 0.0000000000
29348  -20.686  -56.990  -7.418 0.0000000000
29349  -26.667  -57.961  -6.721 0.0000000000
30031  -5.268  -57.996  5.360 0.0000000000
30032  -5.564  -57.755  5.083 0.0000000000
30033  -5.956  -57.282  5.035 0.0000000000
30044  -5.238  -57.915  5.085 0.0000000000
30045  -5.797  -56.973  4.551 0.0000000000
30046  -6.241  -56.744  4.685 0.0000000000
30047  -6.821  -56.599  4.695 0.0000000000
30062  -5.258  -57.361  4.372 0.0000000000
30063  -5.800  -56.449  3.993 0.0000000000
30064  -7.459  -56.401  4.244 0.0000000000
30065  -8.393  -56.429  3.835 0.0000000000
30066  -8.910  -56.907  3.882 0.0000000000
30081  -5.029  -57.418  3.968 0.0000000000
30082  -5.735  -56.856  3.623 0.0000000000
30083  -5.985  -57.160  3.359 0.0000000000
30084  -8.772  -56.139  3.641 0.0000000000
30085  -9.262  -56.425  3.413 0.0000000000
30086  -9.840  -56.921  3.031 0.0000000000
30103  -5.981  -56.219  3.161 0.0000000000
30104  -6.257  -56.627  2.947 0.0000000000
30105  -6.982  -56.477  2.471 0.0000000000
30106  -9.614  -55.845  2.873 0.0000000000
30107  -10.341  -56.285  2.582 0.0000000000
30108  -11.393  -56.797  2.264 0.0000000000
30109  -11.921  -57.085  2.305 0.0000000000
30117  -7.784  -56.373  2.040 0.0000000000
30118  -8.632  -56.496  1.209 0.0000000000
30119  -9.310  -56.950  0.888 0.0000000000
30120  -10.692  -55.629  2.121 0.0000000000
30121  -11.200  -55.972  1.945 0.0000000000
30122  -12.223  -56.595  1.710 0.0000000000
30123  -12.759  -57.175  1.481 0.0000000000
30124  -25.852  -55.488  1.439 0.0000000000
30133  -8.796  -55.953  0.725 0.0000000000
30134  -9.587  -56.423  0.317 0.0000000000
30135  -10.203  -56.781  -0.026 0.0000000000
30136  -12.650  -56.166  1.068 0.0000000000
30137  -13.245  -56.864  0.883 0.0000000000
30138  -14.483  -56.808  0.072 0.0000000000
30139  -15.109  -57.169  -0.144 0.0000000000
30140  -24.144  -56.360  0.687 0.0000000000
30141  -24.371  -56.163  0.915 0.0000000000
30150  -9.921  -55.998  -0.280 0.0000000000
30151  -10.429  -56.581  -0.536 0.0000000000
30152  -11.038  -56.978  -0.855 0.0000000000
30153  -14.776  -56.217  -0.256 0.0000000000
30154  -15.389  -56.625  -0.393 0.0000000000
30155  -16.539  -56.606  -0.648 0.0000000000
30156  -17.646  -56.546  -0.701 0.0000000000
30157  -18.703  -56.498  -0.635 0.0000000000
30158  -19.727  -56.454  -0.517 0.0000000000
30159  -20.732  -56.410  -0.449 0.0000000000
30160  -21.719  -56.354  -0.326 0.0000000000
30161  -22.649  -56.273  -0.096 0.0000000000
30162  -23.496  -56.275  0.215 0.0000000000
30168  -10.578  -56.041  -1.079 0.0000000000
30169  -11.129  -56.472  -1.327 0.0000000000
30170  -11.816  -56.639  -1.616 0.0000000000
30178  -11.513  -56.113  -1.847 0.0000000000
30179  -12.202  -56.326  -2.067 0.0000000000
30180  -12.981  -56.402  -2.416 0.0000000000
30217  -20.216  -55.779  -5.038 0.0000000000
30218  -24.274  -56.612  -6.060 0.0000000000
30219  -25.034  -56.499  -5.769 0.0000000000
30220  -25.720  -56.185  -5.779 0.0000000000
30237  -21.321  -56.608  -7.301 0.0000000000
30238  -21.957  -56.231  -7.172 0.0000000000
30239  -22.794  -56.494  -6.667 0.0000000000
30240  -23.564  -56.648  -6.344 0.0000000000
30241  -25.632  -56.767  -5.822 0.0000000000
30242  -26.300  -56.542  -6.048 0.0000000000
30243  -27.191  -56.615  -6.648 0.0000000000
30244  -27.970  -56.019  -6.892 0.0000000000
30256  -19.582  -56.646  -8.073 0.0000000000
30257  -20.169  -56.066  -7.967 0.0000000000
30258  -21.199  -55.907  -7.550 0.0000000000
30259  -21.740  -55.540  -7.434 0.0000000000
30277  -19.315  -55.983  -8.306 0.0000000000
30278  -19.826  -55.699  -8.223 0.0000000000
30915  -5.982  -56.055  4.053 0.0000000000
30916  -6.253  -56.155  4.292 0.0000000000
30917  -6.491  -56.253  4.461 0.0000000000
30936  -5.976  -55.715  3.823 0.0000000000
30937  -6.142  -55.298  4.003 0.0000000000
30938  -6.777  -55.593  4.264 0.0000000000
30939  -7.683  -55.553  3.881 0.0000000000
30945  -24.679  -57.160  3.593 0.0000000000
30958  -5.943  -55.913  3.505 0.0000000000
30959  -6.008  -55.166  3.471 0.0000000000
30960  -8.534  -55.609  3.516 0.0000000000
30961  -9.163  -55.348  3.020 0.0000000000
30976  -5.921  -56.048  3.309 0.0000000000
30977  -6.142  -55.541  2.818 0.0000000000
30978  -6.522  -56.036  2.522 0.0000000000
30979  -9.810  -55.229  2.627 0.0000000000
30980  -10.367  -55.155  2.222 0.0000000000
30988  -6.539  -55.082  2.280 0.0000000000
30989  -6.950  -55.603  2.067 0.0000000000
30990  -7.808  -55.770  1.546 0.0000000000
30991  -10.879  -55.065  1.730 0.0000000000
30992  -11.680  -55.330  1.384 0.0000000000
30993  -12.319  -55.726  1.130 0.0000000000
30994  -26.251  -55.543  0.648 0.0000000000
30995  -26.633  -55.419  0.646 0.0000000000
31005  -8.264  -55.495  1.076 0.0000000000
31006  -8.822  -55.329  0.516 0.0000000000
31007  -12.172  -55.092  0.875 0.0000000000
31008  -12.827  -55.489  0.544 0.0000000000
31009  -13.708  -55.917  0.134 0.0000000000
31010  -14.374  -55.934  -0.171 0.0000000000
31011  -24.265  -55.758  0.652 0.0000000000
31012  -24.365  -55.344  0.573 0.0000000000
31013  -26.606  -55.104  0.387 0.0000000000
31022  -9.529  -55.347  -0.052 0.0000000000
31023  -10.195  -55.537  -0.721 0.0000000000
31024  -13.426  -55.103  0.009 0.0000000000
31025  -14.045  -55.240  -0.298 0.0000000000
31026  -14.876  -55.523  -0.509 0.0000000000
31027  -15.898  -55.583  -0.774 0.0000000000
31028  -16.989  -55.565  -0.815 0.0000000000
31029  -18.066  -55.555  -0.851 0.0000000000
31030  -19.106  -55.526  -0.715 0.0000000000
31031  -20.121  -55.491  -0.538 0.0000000000
31032  -21.130  -55.454  -0.402 0.0000000000
31033  -22.135  -55.416  -0.273 0.0000000000
31034  -23.130  -55.402  -0.129 0.0000000000
31035  -24.065  -55.380  0.217 0.0000000000
31036  -24.406  -54.940  0.386 0.0000000000
31043  -10.678  -55.491  -1.500 0.0000000000
31044  -11.110  -55.736  -1.839 0.0000000000
31055  -10.931  -55.201  -2.049 0.0000000000
31056  -11.523  -55.408  -2.261 0.0000000000
31057  -12.412  -55.424  -2.594 0.0000000000
31058  -13.213  -55.700  -2.765 0.0000000000
31059  -13.864  -55.746  -2.870 0.0000000000
31067  -12.808  -55.027  -2.930 0.0000000000
31068  -13.394  -55.077  -3.122 0.0000000000
31069  -14.373  -55.341  -3.150 0.0000000000
31070  -15.424  -55.398  -3.316 0.0000000000
31071  -16.447  -55.457  -3.416 0.0000000000
31072  -17.474  -55.494  -3.476 0.0000000000
31073  -18.418  -55.461  -3.586 0.0000000000
31074  -19.318  -55.469  -3.827 0.0000000000
31075  -19.983  -55.197  -4.039 0.0000000000
31080  -19.793  -55.662  -4.340 0.0000000000
31081  -20.314  -55.322  -4.633 0.0000000000
31086  -20.317  -55.185  -5.522 0.0000000000
31087  -24.506  -55.773  -5.908 0.0000000000
31088  -25.293  -55.559  -5.676 0.0000000000
31089  -26.258  -55.512  -5.737 0.0000000000
31090  -27.085  -55.150  -5.911 0.0000000000
31102  -19.524  -54.926  -6.354 0.0000000000
31103  -20.259  -54.406  -6.179 0.0000000000
31104  -22.720  -55.451  -6.917 0.0000000000
31105  -23.387  -55.775  -6.491 0.0000000000
31106  -23.944  -56.011  -6.206 0.0000000000
31107  -26.925  -55.839  -6.159 0.0000000000
31108  -27.685  -55.332  -6.429 0.0000000000
31109  -28.227  -55.341  -6.987 0.0000000000
31123  -20.780  -54.946  -7.851 0.0000000000
31124  -21.558  -54.953  -7.580 0.0000000000
31125  -22.126  -55.116  -7.327 0.0000000000
31144  -18.982  -54.880  -8.595 0.0000000000
31145  -19.900  -55.029  -8.300 0.0000000000
31878  -6.562  -54.608  3.841 0.0000000000
31879  -7.168  -54.519  3.773 0.0000000000
31880  -7.881  -54.846  3.529 0.0000000000
31889  -26.711  -55.488  2.858 0.0000000000
31898  -6.283  -54.555  3.501 0.0000000000
31899  -7.644  -54.153  3.226 0.0000000000
31900  -8.442  -54.478  3.046 0.0000000000
31901  -9.277  -54.404  2.637 0.0000000000
31915  -6.067  -54.546  2.971 0.0000000000
31916  -9.960  -54.350  2.268 0.0000000000
31917  -10.487  -54.362  1.842 0.0000000000
31922  -27.169  -55.228  1.556 0.0000000000
31929  -6.442  -54.638  2.478 0.0000000000
31930  -6.827  -54.653  1.925 0.0000000000
31931  -7.462  -55.040  1.440 0.0000000000
31932  -10.822  -54.386  1.585 0.0000000000
31933  -11.193  -54.419  1.338 0.0000000000
31934  -27.270  -54.885  0.438 0.0000000000
31945  -7.255  -54.278  1.437 0.0000000000
31946  -8.036  -54.444  1.002 0.0000000000
31947  -8.891  -54.223  0.303 0.0000000000
31948  -11.728  -54.423  0.881 0.0000000000
31949  -12.333  -54.479  0.460 0.0000000000
31950  -24.444  -54.679  0.485 0.0000000000
31951  -26.401  -54.376  0.176 0.0000000000
31960  -9.746  -54.480  -0.379 0.0000000000
31961  -10.398  -54.612  -1.079 0.0000000000
31962  -12.951  -54.479  0.052 0.0000000000
31963  -13.602  -54.413  -0.387 0.0000000000
31964  -14.400  -54.505  -0.689 0.0000000000
31965  -15.315  -54.571  -0.949 0.0000000000
31966  -16.374  -54.564  -1.052 0.0000000000
31967  -17.473  -54.580  -1.003 0.0000000000
31968  -18.536  -54.585  -0.925 0.0000000000
31969  -19.562  -54.562  -0.722 0.0000000000
31970  -20.584  -54.527  -0.521 0.0000000000
31971  -21.622  -54.505  -0.416 0.0000000000
31972  -22.664  -54.515  -0.375 0.0000000000
31973  -23.649  -54.536  -0.232 0.0000000000
31974  -24.338  -54.449  0.201 0.0000000000
31975  -24.539  -54.113  0.463 0.0000000000
31985  -10.716  -54.630  -1.835 0.0000000000
31998  -11.086  -54.559  -2.365 0.0000000000
31999  -11.897  -54.368  -2.735 0.0000000000
32000  -12.448  -54.735  -2.849 0.0000000000
32007  -12.158  -53.790  -3.117 0.0000000000
32008  -12.670  -54.228  -3.194 0.0000000000
32009  -13.652  -54.287  -3.376 0.0000000000
32010  -14.665  -54.386  -3.456 0.0000000000
32011  -15.710  -54.444  -3.499 0.0000000000
32012  -16.759  -54.510  -3.531 0.0000000000
32013  -17.782  -54.553  -3.498 0.0000000000
32014  -18.763  -54.585  -3.500 0.0000000000
32015  -19.673  -54.577  -3.662 0.0000000000
32016  -20.422  -54.602  -4.084 0.0000000000
32021  -21.011  -54.444  -4.852 0.0000000000
32022  -21.457  -53.926  -5.057 0.0000000000
32025  -20.796  -54.180  -5.823 0.0000000000
32026  -21.245  -53.949  -5.407 0.0000000000
32027  -24.577  -54.701  -5.736 0.0000000000
32028  -25.643  -54.640  -5.475 0.0000000000
32029  -26.655  -54.526  -5.530 0.0000000000
32030  -27.697  -54.417  -5.885 0.0000000000
32031  -28.261  -53.879  -6.089 0.0000000000
32036  -18.766  -53.738  -7.243 0.0000000000
32037  -19.885  -53.845  -6.659 0.0000000000
32038  -20.445  -53.963  -6.361 0.0000000000
32039  -22.562  -54.360  -6.974 0.0000000000
32040  -23.287  -54.829  -6.559 0.0000000000
32041  -23.913  -55.246  -6.163 0.0000000000
32042  -27.923  -54.758  -6.290 0.0000000000
32043  -28.291  -54.471  -6.580 0.0000000000
32054  -20.390  -53.931  -7.995 0.0000000000
32055  -21.330  -54.145  -7.648 0.0000000000
32056  -21.953  -54.378  -7.446 0.0000000000
32057  -28.429  -54.727  -7.342 0.0000000000
32074  -18.682  -54.008  -8.549 0.0000000000
32075  -19.479  -53.995  -8.412 0.0000000000
32869  -6.648  -54.136  3.446 0.0000000000
32870  -6.865  -54.146  3.556 0.0000000000
32894  -6.494  -53.919  3.095 0.0000000000
32895  -7.126  -53.397  3.172 0.0000000000
32896  -7.937  -53.439  2.834 0.0000000000
32897  -8.726  -53.480  2.592 0.0000000000
32903  -27.546  -53.734  2.807 0.0000000000
32912  -6.537  -54.047  2.568 0.0000000000
32913  -6.950  -53.407  2.529 0.0000000000
32914  -9.467  -53.474  2.218 0.0000000000
32915  -10.154  -53.476  1.822 0.0000000000
32921  -27.683  -54.074  1.442 0.0000000000
32922  -27.529  -54.525  2.584 0.0000000000
32932  -6.653  -54.248  2.234 0.0000000000
32933  -6.964  -53.826  1.960 0.0000000000
32934  -10.767  -53.684  1.434 0.0000000000
32935  -11.267  -53.614  0.964 0.0000000000
32936  -27.180  -54.000  0.310 0.0000000000
32949  -7.452  -53.519  1.277 0.0000000000
32950  -8.108  -53.364  0.776 0.0000000000
32951  -8.692  -53.145  0.383 0.0000000000
32952  -11.899  -53.509  0.434 0.0000000000
32953  -12.515  -53.841  0.094 0.0000000000
32954  -26.750  -53.612  -0.104 0.0000000000
32962  -9.360  -53.418  -0.059 0.0000000000
32963  -10.070  -53.634  -0.652 0.0000000000
32964  -12.413  -53.167  -0.038 0.0000000000
32965  -13.008  -53.560  -0.406 0.0000000000
32966  -13.897  -53.543  -0.845 0.0000000000
32967  -14.734  -53.720  -1.078 0.0000000000
32968  -15.707  -53.456  -1.356 0.0000000000
32969  -16.922  -53.596  -1.292 0.0000000000
32970  -18.013  -53.642  -1.152 0.0000000000
32971  -19.052  -53.641  -0.973 0.0000000000
32972  -20.077  -53.605  -0.736 0.0000000000
32973  -21.136  -53.571  -0.582 0.0000000000
32974  -22.216  -53.600  -0.590 0.0000000000
32975  -23.243  -53.669  -0.481 0.0000000000
32976  -24.103  -53.752  -0.181 0.0000000000
32977  -24.611  -53.762  0.332 0.0000000000
32978  -24.685  -53.616  0.580 0.0000000000
32986  -10.641  -53.710  -1.399 0.0000000000
32987  -10.916  -53.331  -1.944 0.0000000000
32988  -14.333  -53.205  -1.178 0.0000000000
32989  -14.800  -53.000  -1.404 0.0000000000
32990  -15.353  -52.731  -1.540 0.0000000000
33005  -10.895  -53.988  -2.073 0.0000000000
33006  -11.250  -53.561  -2.508 0.0000000000
33014  -11.794  -53.368  -3.061 0.0000000000
33015  -12.279  -53.296  -3.477 0.0000000000
33016  -13.052  -53.294  -3.666 0.0000000000
33017  -13.963  -53.484  -3.736 0.0000000000
33018  -14.956  -53.418  -3.788 0.0000000000
33019  -16.036  -53.508  -3.635 0.0000000000
33020  -17.079  -53.554  -3.579 0.0000000000
33021  -18.116  -53.644  -3.497 0.0000000000
33022  -19.109  -53.684  -3.501 0.0000000000
33023  -20.139  -53.705  -3.665 0.0000000000
33024  -20.858  -53.366  -3.820 0.0000000000
33027  -13.525  -52.837  -3.967 0.0000000000
33028  -14.164  -52.770  -4.133 0.0000000000
33029  -14.826  -52.613  -4.173 0.0000000000
33030  -20.849  -53.974  -4.138 0.0000000000
33031  -21.459  -53.492  -4.490 0.0000000000
33032  -22.175  -53.115  -4.857 0.0000000000
33035  -21.202  -53.818  -5.894 0.0000000000
33036  -21.707  -53.643  -5.585 0.0000000000
33037  -22.551  -53.167  -5.666 0.0000000000
33038  -23.228  -53.109  -6.011 0.0000000000
33039  -24.023  -53.547  -5.848 0.0000000000
33040  -25.014  -53.710  -5.396 0.0000000000
33041  -26.029  -53.726  -5.147 0.0000000000
33042  -27.064  -53.590  -5.257 0.0000000000
33043  -28.067  -53.261  -5.593 0.0000000000
33046  -19.098  -53.242  -7.641 0.0000000000
33047  -19.623  -53.340  -7.302 0.0000000000
33048  -20.754  -53.624  -6.600 0.0000000000
33049  -21.791  -53.524  -6.526 0.0000000000
33050  -22.554  -53.577  -6.513 0.0000000000
33051  -23.247  -53.903  -6.415 0.0000000000
33052  -23.807  -54.418  -6.165 0.0000000000
33053  -28.710  -53.218  -6.471 0.0000000000
33054  -29.088  -52.596  -6.793 0.0000000000
33060  -18.652  -53.404  -8.003 0.0000000000
33061  -19.340  -53.268  -7.832 0.0000000000
33062  -20.114  -53.421  -7.578 0.0000000000
33063  -21.074  -53.616  -7.320 0.0000000000
33064  -21.927  -53.772  -7.192 0.0000000000
33065  -28.738  -53.759  -7.419 0.0000000000
33066  -29.098  -52.822  -7.237 0.0000000000
33079  -18.629  -53.683  -8.321 0.0000000000
33080  -19.076  -53.504  -8.241 0.0000000000
33081  -19.666  -53.472  -8.056 0.0000000000
33083  -29.041  -52.947  -7.845 0.0000000000
33975  -7.534  -52.597  2.588 0.0000000000
33976  -7.705  -52.643  2.660 0.0000000000
33977  -8.278  -52.581  2.525 0.0000000000
33999  -7.428  -52.682  2.390 0.0000000000
34000  -8.984  -52.558  2.229 0.0000000000
34001  -9.747  -52.502  1.903 0.0000000000
34008  -26.996  -53.353  2.047 0.0000000000
34022  -7.406  -52.839  1.817 0.0000000000
34023  -10.539  -52.423  1.357 0.0000000000
34024  -10.924  -53.068  1.098 0.0000000000
34025  -26.745  -53.429  0.781 0.0000000000
34038  -7.671  -52.583  1.142 0.0000000000
34039  -8.227  -52.377  0.666 0.0000000000
34040  -8.893  -52.400  0.144 0.0000000000
34041  -10.873  -51.996  1.003 0.0000000000
34042  -11.236  -52.519  0.740 0.0000000000
34043  -24.723  -53.106  0.745 0.0000000000
34053  -9.689  -52.596  -0.346 0.0000000000
34054  -10.369  -52.885  -0.807 0.0000000000
34055  -12.034  -52.442  0.200 0.0000000000
34056  -12.686  -52.455  -0.430 0.0000000000
34057  -13.314  -52.862  -0.837 0.0000000000
34058  -15.788  -52.743  -1.563 0.0000000000
34059  -16.439  -52.567  -1.587 0.0000000000
34060  -17.553  -52.707  -1.412 0.0000000000
34061  -18.577  -52.726  -1.191 0.0000000000
34062  -19.593  -52.714  -0.990 0.0000000000
34063  -20.665  -52.666  -0.873 0.0000000000
34064  -21.790  -52.670  -0.876 0.0000000000
34065  -22.892  -52.745  -0.752 0.0000000000
34066  -23.838  -52.923  -0.426 0.0000000000
34067  -24.419  -53.166  0.154 0.0000000000
34068  -24.702  -53.330  0.601 0.0000000000
34081  -10.734  -52.668  -1.387 0.0000000000
34082  -11.058  -52.595  -2.110 0.0000000000
34083  -13.187  -52.153  -0.957 0.0000000000
34084  -13.957  -52.508  -1.302 0.0000000000
34085  -14.836  -52.221  -1.594 0.0000000000
34086  -15.664  -52.166  -1.687 0.0000000000
34087  -16.156  -52.008  -1.741 0.0000000000
34101  -11.485  -52.582  -2.748 0.0000000000
34108  -11.923  -52.502  -3.335 0.0000000000
34109  -12.546  -52.391  -3.743 0.0000000000
34110  -13.094  -52.530  -3.952 0.0000000000
34111  -15.464  -52.790  -3.963 0.0000000000
34112  -16.319  -52.428  -3.917 0.0000000000
34113  -17.475  -52.699  -3.637 0.0000000000
34114  -18.444  -52.764  -3.559 0.0000000000
34115  -19.391  -52.775  -3.572 0.0000000000
34116  -20.279  -52.723  -3.627 0.0000000000
34117  -21.124  -52.665  -3.726 0.0000000000
34119  -12.970  -51.980  -4.072 0.0000000000
34120  -13.561  -52.120  -4.245 0.0000000000
34121  -14.375  -52.024  -4.422 0.0000000000
34122  -15.276  -52.013  -4.342 0.0000000000
34123  -15.867  -51.746  -4.333 0.0000000000
34124  -21.877  -52.514  -4.161 0.0000000000
34125  -22.752  -52.431  -4.664 0.0000000000
34126  -23.412  -52.127  -4.973 0.0000000000
34129  -23.174  -52.642  -5.403 0.0000000000
34130  -23.811  -52.473  -5.556 0.0000000000
34131  -24.551  -52.777  -5.430 0.0000000000
34132  -25.410  -52.843  -5.121 0.0000000000
34133  -26.371  -52.808  -4.855 0.0000000000
34134  -27.355  -52.591  -4.979 0.0000000000
34135  -28.139  -52.181  -5.318 0.0000000000
34136  -28.678  -51.851  -5.716 0.0000000000
34139  -28.577  -52.559  -5.867 0.0000000000
34140  -29.005  -52.137  -6.387 0.0000000000
34144  -29.379  -52.136  -7.062 0.0000000000
34154  -29.356  -52.157  -7.792 0.0000000000
35030  -7.734  -52.276  2.491 0.0000000000
35031  -7.978  -51.846  2.334 0.0000000000
35032  -8.508  -51.756  2.184 0.0000000000
35056  -7.747  -52.108  2.274 0.0000000000
35057  -7.922  -51.353  1.994 0.0000000000
35058  -9.251  -51.592  2.029 0.0000000000
35059  -10.028  -51.532  1.680 0.0000000000
35066  -24.772  -52.499  2.541 0.0000000000
35082  -7.715  -51.903  1.823 0.0000000000
35083  -7.961  -50.925  1.563 0.0000000000
35084  -10.432  -51.523  1.380 0.0000000000
35085  -24.609  -51.855  1.749 0.0000000000
35086  -24.669  -52.401  1.533 0.0000000000
35098  -7.678  -52.176  1.486 0.0000000000
35099  -7.841  -51.491  1.103 0.0000000000
35100  -8.385  -51.446  0.434 0.0000000000
35101  -10.709  -51.519  1.159 0.0000000000
35102  -11.071  -51.516  0.844 0.0000000000
35103  -24.526  -52.277  0.871 0.0000000000
35104  -24.653  -52.729  0.969 0.0000000000
35114  -9.137  -51.502  -0.126 0.0000000000
35115  -10.159  -51.762  -0.679 0.0000000000
35116  -11.593  -51.516  0.427 0.0000000000
35117  -12.254  -51.503  -0.063 0.0000000000
35118  -16.526  -51.838  -1.764 0.0000000000
35119  -17.195  -51.902  -1.671 0.0000000000
35120  -18.170  -51.762  -1.399 0.0000000000
35121  -19.114  -51.884  -1.155 0.0000000000
35122  -20.137  -51.768  -0.992 0.0000000000
35123  -21.317  -51.726  -1.149 0.0000000000
35124  -22.550  -51.742  -1.075 0.0000000000
35125  -23.622  -51.936  -0.664 0.0000000000
35126  -24.382  -52.338  0.008 0.0000000000
35127  -24.651  -52.856  0.618 0.0000000000
35141  -10.796  -51.671  -1.492 0.0000000000
35142  -11.224  -51.664  -2.257 0.0000000000
35143  -12.802  -51.433  -0.646 0.0000000000
35144  -13.420  -51.417  -1.200 0.0000000000
35145  -14.209  -51.426  -1.631 0.0000000000
35146  -15.090  -51.409  -1.890 0.0000000000
35147  -16.004  -51.412  -1.906 0.0000000000
35148  -16.836  -51.244  -1.868 0.0000000000
35149  -17.577  -51.207  -1.622 0.0000000000
35157  -11.627  -51.629  -2.939 0.0000000000
35165  -12.137  -51.551  -3.460 0.0000000000
35166  -12.667  -51.409  -3.884 0.0000000000
35167  -17.084  -51.928  -3.926 0.0000000000
35168  -17.851  -51.955  -3.732 0.0000000000
35169  -18.678  -51.870  -3.699 0.0000000000
35170  -19.585  -51.913  -3.641 0.0000000000
35171  -20.437  -51.870  -3.580 0.0000000000
35172  -21.276  -51.714  -3.627 0.0000000000
35175  -13.213  -51.306  -4.269 0.0000000000
35176  -13.890  -51.268  -4.582 0.0000000000
35177  -14.693  -51.231  -4.685 0.0000000000
35178  -15.509  -51.174  -4.607 0.0000000000
35179  -16.428  -51.348  -4.373 0.0000000000
35180  -17.411  -51.329  -4.205 0.0000000000
35181  -18.088  -51.415  -3.997 0.0000000000
35182  -22.197  -51.549  -3.868 0.0000000000
35183  -23.089  -51.440  -4.392 0.0000000000
35184  -24.037  -51.529  -4.958 0.0000000000
35185  -25.042  -51.187  -4.954 0.0000000000
35186  -25.974  -51.078  -4.708 0.0000000000
35187  -26.889  -50.947  -4.577 0.0000000000
35188  -27.714  -50.747  -4.616 0.0000000000
35189  -28.165  -50.525  -4.737 0.0000000000
35191  -24.307  -52.165  -5.379 0.0000000000
35192  -24.848  -52.047  -5.205 0.0000000000
35193  -25.696  -51.983  -4.849 0.0000000000
35194  -26.649  -51.861  -4.677 0.0000000000
35195  -27.573  -51.606  -4.775 0.0000000000
35196  -28.432  -51.099  -5.105 0.0000000000
35197  -29.090  -51.180  -5.951 0.0000000000
35199  -29.394  -51.321  -6.787 0.0000000000
35204  -29.450  -51.525  -7.425 0.0000000000
35213  -29.462  -51.339  -7.914 0.0000000000
36102  -8.108  -51.124  2.057 0.0000000000
36103  -8.230  -51.343  2.110 0.0000000000
36121  -8.100  -50.549  1.717 0.0000000000
36122  -8.596  -50.772  1.949 0.0000000000
36123  -9.537  -50.622  1.723 0.0000000000
36127  -24.099  -50.153  2.076 0.0000000000
36128  -24.507  -51.077  2.486 0.0000000000
36137  -8.053  -50.340  1.451 0.0000000000
36138  -10.439  -50.636  1.322 0.0000000000
36139  -10.772  -49.977  1.078 0.0000000000
36140  -24.085  -50.161  1.214 0.0000000000
36141  -24.347  -50.817  1.403 0.0000000000
36149  -7.974  -50.343  1.103 0.0000000000
36150  -8.105  -50.694  0.720 0.0000000000
36151  -10.857  -51.042  1.028 0.0000000000
36152  -11.156  -50.513  0.758 0.0000000000
36153  -23.830  -50.218  -0.427 0.0000000000
36154  -24.139  -50.297  0.231 0.0000000000
36155  -24.402  -51.418  0.728 0.0000000000
36167  -8.126  -50.115  0.670 0.0000000000
36168  -8.486  -50.433  0.236 0.0000000000
36169  -9.397  -50.493  -0.322 0.0000000000
36170  -11.854  -50.603  0.185 0.0000000000
36171  -12.376  -50.579  -0.290 0.0000000000
36172  -18.779  -51.311  -1.247 0.0000000000
36173  -19.465  -51.024  -1.091 0.0000000000
36174  -20.725  -50.721  -1.329 0.0000000000
36175  -22.091  -50.776  -1.394 0.0000000000
36176  -23.406  -50.583  -0.804 0.0000000000
36177  -24.200  -51.370  -0.142 0.0000000000
36178  -24.441  -51.846  0.352 0.0000000000
36192  -10.296  -50.616  -0.960 0.0000000000
36193  -10.952  -50.707  -1.664 0.0000000000
36194  -12.939  -50.459  -0.847 0.0000000000
36195  -13.621  -50.441  -1.494 0.0000000000
36196  -14.482  -50.445  -1.993 0.0000000000
36197  -15.416  -50.629  -2.157 0.0000000000
36198  -16.352  -50.500  -2.129 0.0000000000
36199  -17.302  -50.550  -1.877 0.0000000000
36200  -18.422  -50.600  -1.479 0.0000000000
36201  -19.722  -50.068  -1.444 0.0000000000
36202  -20.740  -49.800  -1.604 0.0000000000
36210  -11.405  -50.714  -2.357 0.0000000000
36211  -14.964  -49.988  -2.292 0.0000000000
36212  -15.632  -49.892  -2.345 0.0000000000
36213  -16.306  -49.768  -2.317 0.0000000000
36220  -11.804  -50.628  -3.016 0.0000000000
36221  -12.337  -50.548  -3.556 0.0000000000
36222  -18.439  -51.284  -3.996 0.0000000000
36223  -18.923  -51.178  -3.873 0.0000000000
36224  -19.758  -51.093  -3.690 0.0000000000
36225  -20.554  -51.083  -3.571 0.0000000000
36230  -12.881  -50.470  -4.064 0.0000000000
36231  -13.512  -50.407  -4.518 0.0000000000
36232  -14.240  -50.360  -4.936 0.0000000000
36233  -15.022  -50.475  -5.009 0.0000000000
36234  -15.938  -50.252  -4.892 0.0000000000
36235  -16.930  -50.564  -4.602 0.0000000000
36236  -18.040  -50.675  -4.298 0.0000000000
36237  -19.067  -50.350  -4.129 0.0000000000
36238  -20.061  -50.284  -3.846 0.0000000000
36239  -21.239  -50.523  -3.636 0.0000000000
36240  -22.438  -50.458  -3.882 0.0000000000
36241  -23.427  -50.464  -4.331 0.0000000000
36242  -24.386  -50.412  -4.576 0.0000000000
36243  -25.331  -50.285  -4.643 0.0000000000
36244  -26.257  -50.201  -4.532 0.0000000000
36245  -27.139  -50.107  -4.529 0.0000000000
36246  -27.898  -50.040  -4.594 0.0000000000
36249  -14.693  -49.906  -5.224 0.0000000000
36250  -15.242  -49.792  -5.321 0.0000000000
36251  -15.728  -49.620  -5.311 0.0000000000
36252  -28.478  -50.137  -4.919 0.0000000000
36253  -28.993  -50.269  -5.518 0.0000000000
36256  -29.429  -50.198  -6.426 0.0000000000
37007  -8.448  -49.981  1.542 0.0000000000
37008  -9.066  -49.720  1.510 0.0000000000
37009  -9.783  -49.701  1.445 0.0000000000
37013  -22.027  -48.720  3.254 0.0000000000
37015  -23.429  -49.410  2.683 0.0000000000
37019  -8.202  -49.824  1.282 0.0000000000
37020  -8.667  -49.355  1.239 0.0000000000
37021  -10.418  -49.457  1.222 0.0000000000
37022  -11.008  -49.386  0.895 0.0000000000
37023  -23.696  -49.518  1.189 0.0000000000
37035  -8.190  -49.669  0.797 0.0000000000
37036  -8.473  -49.088  0.919 0.0000000000
37037  -11.653  -49.500  0.308 0.0000000000
37038  -11.934  -48.967  0.094 0.0000000000
37039  -23.739  -49.825  -0.488 0.0000000000
37040  -23.798  -49.326  0.007 0.0000000000
37054  -8.312  -49.833  0.517 0.0000000000
37055  -8.783  -49.403  0.272 0.0000000000
37056  -9.771  -49.498  -0.503 0.0000000000
37057  -12.041  -50.029  -0.050 0.0000000000
37058  -12.336  -49.449  -0.311 0.0000000000
37059  -21.678  -49.916  -1.598 0.0000000000
37060  -22.680  -49.837  -1.391 0.0000000000
37061  -23.392  -49.358  -1.053 0.0000000000
37062  -23.675  -49.284  -0.600 0.0000000000
37073  -10.513  -49.687  -1.260 0.0000000000
37074  -11.066  -49.918  -1.859 0.0000000000
37075  -13.052  -49.421  -1.141 0.0000000000
37076  -13.826  -49.411  -1.881 0.0000000000
37077  -14.465  -49.658  -2.188 0.0000000000
37078  -16.899  -49.976  -2.167 0.0000000000
37079  -17.681  -49.772  -1.991 0.0000000000
37080  -18.860  -49.292  -1.936 0.0000000000
37081  -20.214  -49.205  -1.904 0.0000000000
37082  -21.383  -49.177  -1.942 0.0000000000
37083  -22.388  -49.183  -1.702 0.0000000000
37084  -22.937  -49.224  -1.429 0.0000000000
37093  -11.484  -49.677  -2.374 0.0000000000
37094  -14.294  -49.156  -2.195 0.0000000000
37095  -14.894  -49.228  -2.397 0.0000000000
37096  -15.814  -49.204  -2.562 0.0000000000
37097  -16.829  -49.271  -2.439 0.0000000000
37098  -17.832  -49.024  -2.371 0.0000000000
37099  -18.521  -48.764  -2.387 0.0000000000
37108  -12.019  -49.543  -3.023 0.0000000000
37109  -12.550  -49.500  -3.670 0.0000000000
37116  -13.122  -49.469  -4.256 0.0000000000
37117  -13.775  -49.420  -4.867 0.0000000000
37118  -14.318  -49.620  -5.219 0.0000000000
37119  -16.593  -49.980  -4.922 0.0000000000
37120  -17.237  -49.828  -4.844 0.0000000000
37121  -18.239  -49.480  -4.650 0.0000000000
37122  -19.374  -49.436  -4.407 0.0000000000
37123  -20.447  -49.402  -4.094 0.0000000000
37124  -21.615  -49.409  -3.902 0.0000000000
37125  -22.731  -49.437  -4.108 0.0000000000
37126  -23.742  -49.462  -4.363 0.0000000000
37127  -24.715  -49.439  -4.477 0.0000000000
37128  -25.663  -49.391  -4.481 0.0000000000
37129  -26.589  -49.342  -4.469 0.0000000000
37130  -27.472  -49.311  -4.526 0.0000000000
37131  -28.271  -49.336  -4.732 0.0000000000
37134  -14.192  -49.049  -5.313 0.0000000000
37135  -14.751  -49.234  -5.527 0.0000000000
37136  -15.495  -49.158  -5.643 0.0000000000
37137  -16.374  -49.357  -5.411 0.0000000000
37138  -17.396  -49.070  -5.350 0.0000000000
37139  -18.082  -48.763  -5.312 0.0000000000
37140  -28.846  -49.450  -5.192 0.0000000000
37141  -29.279  -49.418  -5.735 0.0000000000
37144  -29.555  -49.068  -6.374 0.0000000000
37855  -9.196  -49.349  1.367 0.0000000000
37856  -9.436  -49.285  1.334 0.0000000000
37860  -20.775  -48.155  3.175 0.0000000000
37861  -21.489  -48.333  3.052 0.0000000000
37862  -22.250  -48.362  2.638 0.0000000000
37863  -22.834  -48.707  2.452 0.0000000000
37869  -9.144  -49.137  1.263 0.0000000000
37870  -9.750  -48.786  1.139 0.0000000000
37871  -10.604  -48.570  0.974 0.0000000000
37872  -22.599  -48.301  1.927 0.0000000000
37873  -23.119  -48.768  1.654 0.0000000000
37883  -8.978  -48.683  1.054 0.0000000000
37884  -9.565  -48.421  0.524 0.0000000000
37885  -11.228  -48.501  0.616 0.0000000000
37886  -11.657  -48.657  0.272 0.0000000000
37887  -22.773  -48.238  1.154 0.0000000000
37888  -23.296  -48.610  0.491 0.0000000000
37896  -8.983  -48.698  0.569 0.0000000000
37897  -9.522  -48.492  -0.077 0.0000000000
37898  -11.495  -48.099  0.318 0.0000000000
37899  -11.926  -48.327  -0.067 0.0000000000
37900  -23.440  -48.854  -1.086 0.0000000000
37901  -23.555  -48.691  -0.643 0.0000000000
37904  -10.219  -48.693  -0.839 0.0000000000
37905  -10.878  -48.865  -1.643 0.0000000000
37906  -12.562  -48.376  -0.686 0.0000000000
37907  -13.199  -48.362  -1.464 0.0000000000
37908  -18.991  -48.726  -2.321 0.0000000000
37909  -19.695  -48.505  -2.394 0.0000000000
37910  -20.969  -48.471  -2.375 0.0000000000
37911  -22.217  -48.369  -2.081 0.0000000000
37912  -23.159  -48.553  -1.367 0.0000000000
37913  -23.532  -48.245  -1.015 0.0000000000
37920  -11.452  -48.408  -2.420 0.0000000000
37921  -14.105  -48.284  -2.152 0.0000000000
37922  -15.143  -48.343  -2.621 0.0000000000
37923  -16.133  -48.480  -2.849 0.0000000000
37924  -17.111  -48.476  -2.755 0.0000000000
37925  -18.026  -48.408  -2.766 0.0000000000
37926  -18.960  -48.324  -2.719 0.0000000000
37927  -19.503  -48.112  -2.707 0.0000000000
37935  -12.062  -48.438  -3.260 0.0000000000
37936  -12.619  -48.457  -3.938 0.0000000000
37944  -13.246  -48.457  -4.517 0.0000000000
37945  -13.859  -48.401  -5.038 0.0000000000
37946  -18.776  -48.716  -4.984 0.0000000000
37947  -19.671  -48.450  -4.806 0.0000000000
37948  -20.826  -48.504  -4.390 0.0000000000
37949  -21.968  -48.447  -4.268 0.0000000000
37950  -23.077  -48.474  -4.366 0.0000000000
37951  -24.116  -48.518  -4.420 0.0000000000
37952  -25.093  -48.521  -4.445 0.0000000000
37953  -26.050  -48.500  -4.447 0.0000000000
37954  -26.991  -48.490  -4.461 0.0000000000
37955  -27.913  -48.502  -4.569 0.0000000000
37956  -28.868  -48.519  -4.903 0.0000000000
37957  -29.277  -48.028  -5.158 0.0000000000
37959  -14.457  -48.384  -5.483 0.0000000000
37960  -15.094  -48.462  -5.884 0.0000000000
37961  -15.926  -48.432  -6.254 0.0000000000
37962  -16.874  -48.566  -5.969 0.0000000000
37963  -17.680  -48.494  -5.862 0.0000000000
37964  -18.448  -48.199  -5.758 0.0000000000
37965  -19.034  -48.260  -5.299 0.0000000000
37966  -29.140  -48.972  -5.349 0.0000000000
37967  -29.436  -48.458  -5.636 0.0000000000
37969  -16.147  -47.896  -6.684 0.0000000000
37970  -16.616  -48.019  -6.555 0.0000000000
37971  -17.377  -48.067  -6.354 0.0000000000
37972  -17.915  -48.103  -6.165 0.0000000000
37973  -29.743  -48.255  -6.365 0.0000000000
38708  -19.887  -47.754  3.128 0.0000000000
38709  -20.421  -47.907  3.130 0.0000000000
38716  -19.752  -47.129  2.592 0.0000000000
38717  -20.778  -47.388  2.419 0.0000000000
38718  -21.849  -47.778  2.220 0.0000000000
38719  -22.290  -48.013  2.104 0.0000000000
38731  -10.272  -47.975  0.575 0.0000000000
38732  -10.850  -47.890  0.636 0.0000000000
38733  -21.056  -46.893  1.586 0.0000000000
38734  -21.759  -47.139  1.307 0.0000000000
38735  -22.336  -47.828  1.504 0.0000000000
38747  -10.017  -47.906  0.004 0.0000000000
38748  -11.165  -47.741  0.465 0.0000000000
38749  -22.190  -46.929  0.594 0.0000000000
38750  -22.791  -47.535  0.310 0.0000000000
38751  -23.368  -48.172  -0.110 0.0000000000
38758  -10.261  -47.954  -0.509 0.0000000000
38759  -11.464  -47.515  0.088 0.0000000000
38760  -11.999  -47.418  -0.430 0.0000000000
38761  -23.317  -47.317  -0.771 0.0000000000
38762  -23.440  -47.941  -0.590 0.0000000000
38768  -10.526  -48.092  -1.128 0.0000000000
38769  -10.963  -47.771  -1.574 0.0000000000
38770  -12.695  -47.375  -0.965 0.0000000000
38771  -13.359  -47.301  -1.587 0.0000000000
38772  -19.793  -48.008  -2.682 0.0000000000
38773  -20.441  -47.846  -2.685 0.0000000000
38774  -21.763  -47.423  -2.553 0.0000000000
38775  -23.025  -47.260  -1.691 0.0000000000
38776  -23.407  -47.842  -1.147 0.0000000000
38779  -11.261  -47.284  -2.098 0.0000000000
38780  -13.936  -47.108  -2.059 0.0000000000
38781  -14.635  -47.310  -2.527 0.0000000000
38782  -15.572  -47.444  -2.965 0.0000000000
38783  -16.503  -47.758  -3.097 0.0000000000
38784  -17.426  -47.823  -3.148 0.0000000000
38785  -18.419  -47.784  -3.177 0.0000000000
38786  -19.610  -47.547  -3.064 0.0000000000
38787  -20.866  -47.060  -3.019 0.0000000000
38788  -21.685  -46.578  -2.803 0.0000000000
38791  -11.560  -47.366  -2.864 0.0000000000
38792  -12.089  -47.410  -3.585 0.0000000000
38793  -16.114  -47.055  -3.309 0.0000000000
38794  -16.829  -47.139  -3.515 0.0000000000
38795  -17.809  -47.182  -3.537 0.0000000000
38796  -18.764  -47.088  -3.522 0.0000000000
38797  -19.533  -46.794  -3.551 0.0000000000
38804  -12.673  -47.453  -4.242 0.0000000000
38805  -13.373  -47.470  -4.747 0.0000000000
38806  -19.681  -47.978  -5.100 0.0000000000
38807  -20.144  -47.843  -4.915 0.0000000000
38808  -21.197  -47.678  -4.770 0.0000000000
38809  -22.371  -47.440  -4.679 0.0000000000
38810  -23.542  -47.575  -4.539 0.0000000000
38811  -24.549  -47.625  -4.493 0.0000000000
38812  -25.521  -47.609  -4.471 0.0000000000
38813  -26.495  -47.607  -4.463 0.0000000000
38814  -27.449  -47.652  -4.499 0.0000000000
38815  -28.341  -47.678  -4.650 0.0000000000
38816  -29.061  -47.581  -4.877 0.0000000000
38821  -14.051  -47.482  -5.261 0.0000000000
38822  -14.777  -47.507  -5.808 0.0000000000
38823  -15.332  -47.859  -6.243 0.0000000000
38824  -18.612  -47.800  -5.967 0.0000000000
38825  -19.270  -47.661  -5.602 0.0000000000
38826  -20.435  -47.146  -5.374 0.0000000000
38827  -21.484  -46.846  -5.236 0.0000000000
38828  -22.295  -46.551  -5.131 0.0000000000
38829  -29.488  -47.511  -5.436 0.0000000000
38830  -29.847  -47.244  -5.869 0.0000000000
38833  -15.256  -47.205  -6.288 0.0000000000
38834  -15.744  -47.505  -6.704 0.0000000000
38835  -16.383  -47.487  -7.053 0.0000000000
38836  -17.107  -47.581  -6.899 0.0000000000
38837  -18.145  -47.478  -6.488 0.0000000000
38838  -18.977  -46.913  -6.413 0.0000000000
38839  -29.737  -47.792  -5.937 0.0000000000
38848  -16.794  -47.169  -7.329 0.0000000000
38849  -17.386  -47.008  -7.341 0.0000000000
38850  -18.009  -46.710  -7.320 0.0000000000
39639  -19.613  -46.566  2.161 0.0000000000
39640  -20.163  -46.840  2.168 0.0000000000
39651  -10.764  -47.557  0.475 0.0000000000
39652  -11.002  -47.569  0.522 0.0000000000
39654  -19.392  -46.061  1.688 0.0000000000
39655  -20.457  -46.428  1.374 0.0000000000
39656  -21.220  -46.707  1.175 0.0000000000
39664  -10.584  -47.343  0.131 0.0000000000
39665  -11.018  -47.325  0.282 0.0000000000
39666  -20.834  -46.048  0.613 0.0000000000
39667  -21.633  -46.373  0.425 0.0000000000
39668  -22.407  -46.782  0.208 0.0000000000
39674  -10.667  -47.348  -0.475 0.0000000000
39675  -11.235  -46.661  -0.486 0.0000000000
39676  -12.117  -46.522  -0.768 0.0000000000
39677  -22.121  -45.932  -0.291 0.0000000000
39678  -22.788  -46.422  -0.574 0.0000000000
39684  -10.713  -47.530  -0.941 0.0000000000
39685  -11.022  -46.681  -1.340 0.0000000000
39686  -12.916  -46.418  -1.078 0.0000000000
39687  -13.544  -46.340  -1.669 0.0000000000
39688  -22.457  -46.196  -2.310 0.0000000000
39689  -22.978  -46.278  -1.543 0.0000000000
39693  -11.305  -46.376  -2.368 0.0000000000
39694  -14.178  -46.321  -2.301 0.0000000000
39695  -15.001  -46.319  -3.121 0.0000000000
39696  -15.655  -46.785  -3.331 0.0000000000
39697  -20.304  -46.626  -3.378 0.0000000000
39698  -21.234  -46.105  -3.154 0.0000000000
39699  -21.852  -46.057  -2.785 0.0000000000
39702  -11.629  -46.363  -3.181 0.0000000000
39703  -12.254  -46.397  -3.797 0.0000000000
39704  -15.242  -45.757  -3.698 0.0000000000
39705  -16.005  -46.282  -4.014 0.0000000000
39706  -17.276  -46.629  -4.093 0.0000000000
39707  -18.255  -46.611  -3.959 0.0000000000
39708  -19.088  -46.499  -3.899 0.0000000000
39709  -19.939  -46.033  -3.804 0.0000000000
39710  -20.611  -46.034  -3.432 0.0000000000
39713  -12.851  -46.463  -4.453 0.0000000000
39714  -13.546  -46.504  -4.992 0.0000000000
39715  -16.420  -45.715  -4.607 0.0000000000
39716  -16.983  -45.946  -4.613 0.0000000000
39717  -17.939  -46.104  -4.573 0.0000000000
39718  -18.788  -46.110  -4.340 0.0000000000
39719  -19.313  -46.090  -4.122 0.0000000000
39720  -23.103  -46.665  -4.832 0.0000000000
39721  -24.066  -46.744  -4.677 0.0000000000
39722  -25.000  -46.763  -4.577 0.0000000000
39723  -25.986  -46.625  -4.521 0.0000000000
39724  -27.019  -46.767  -4.500 0.0000000000
39725  -27.945  -46.869  -4.545 0.0000000000
39726  -28.703  -46.931  -4.720 0.0000000000
39727  -29.243  -46.818  -5.049 0.0000000000
39731  -14.215  -46.532  -5.558 0.0000000000
39732  -14.840  -46.517  -6.119 0.0000000000
39733  -19.804  -46.663  -6.095 0.0000000000
39734  -20.807  -46.342  -5.846 0.0000000000
39735  -21.788  -45.925  -5.645 0.0000000000
39736  -22.755  -45.880  -5.338 0.0000000000
39737  -23.658  -45.901  -5.016 0.0000000000
39738  -24.581  -45.946  -4.802 0.0000000000
39739  -25.338  -46.044  -4.661 0.0000000000
39740  -29.718  -46.657  -5.556 0.0000000000
39741  -30.077  -46.766  -6.074 0.0000000000
39743  -15.393  -46.585  -6.713 0.0000000000
39744  -16.019  -46.758  -7.252 0.0000000000
39745  -16.463  -46.998  -7.339 0.0000000000
39746  -18.534  -46.646  -6.968 0.0000000000
39747  -19.239  -46.146  -6.941 0.0000000000
39748  -20.208  -45.854  -6.509 0.0000000000
39749  -21.105  -45.575  -6.199 0.0000000000
39758  -16.188  -46.152  -7.448 0.0000000000
39759  -16.695  -46.487  -7.655 0.0000000000
39760  -17.571  -46.261  -7.892 0.0000000000
39761  -18.453  -46.028  -7.692 0.0000000000
39762  -19.018  -45.527  -7.500 0.0000000000
40571  -19.707  -45.765  1.099 0.0000000000
40579  -19.277  -45.354  0.589 0.0000000000
40580  -20.267  -45.596  0.445 0.0000000000
40581  -21.013  -45.764  0.221 0.0000000000
40586  -11.305  -45.768  -0.828 0.0000000000
40587  -11.667  -45.845  -0.866 0.0000000000
40588  -20.777  -45.336  -0.138 0.0000000000
40589  -21.538  -45.486  -0.303 0.0000000000
40590  -22.326  -45.529  -0.708 0.0000000000
40594  -11.052  -45.611  -1.132 0.0000000000
40595  -12.283  -45.736  -1.082 0.0000000000
40596  -13.017  -45.513  -1.361 0.0000000000
40597  -22.417  -45.319  -2.123 0.0000000000
40598  -22.595  -45.510  -1.404 0.0000000000
40601  -11.227  -45.496  -2.004 0.0000000000
40602  -13.682  -45.476  -1.957 0.0000000000
40603  -14.279  -45.388  -2.621 0.0000000000
40604  -21.425  -45.617  -3.178 0.0000000000
40605  -21.840  -45.364  -2.789 0.0000000000
40608  -11.356  -45.418  -2.788 0.0000000000
40609  -11.804  -45.320  -3.414 0.0000000000
40610  -14.774  -45.093  -3.417 0.0000000000
40611  -15.366  -45.218  -4.152 0.0000000000
40612  -20.163  -45.091  -4.055 0.0000000000
40613  -21.008  -45.347  -3.448 0.0000000000
40614  -21.570  -44.886  -3.166 0.0000000000
40617  -12.417  -45.422  -4.039 0.0000000000
40618  -13.051  -45.490  -4.684 0.0000000000
40619  -16.000  -45.279  -4.767 0.0000000000
40620  -16.797  -45.212  -4.946 0.0000000000
40621  -17.695  -45.342  -5.050 0.0000000000
40622  -18.680  -45.389  -4.778 0.0000000000
40623  -19.417  -45.555  -4.306 0.0000000000
40624  -25.895  -45.745  -4.652 0.0000000000
40625  -26.664  -45.875  -4.563 0.0000000000
40626  -27.603  -46.020  -4.577 0.0000000000
40627  -28.489  -46.218  -4.670 0.0000000000
40628  -28.983  -46.433  -4.790 0.0000000000
40632  -13.700  -45.542  -5.292 0.0000000000
40633  -14.358  -45.576  -5.874 0.0000000000
40634  -21.743  -45.284  -6.071 0.0000000000
40635  -22.383  -45.084  -5.913 0.0000000000
40636  -23.284  -45.137  -5.512 0.0000000000
40637  -24.239  -45.158  -5.255 0.0000000000
40638  -25.268  -45.219  -4.971 0.0000000000
40639  -26.251  -45.055  -4.748 0.0000000000
40640  -27.221  -45.123  -4.646 0.0000000000
40641  -28.249  -45.317  -4.678 0.0000000000
40642  -29.308  -45.790  -5.015 0.0000000000
40643  -30.224  -45.811  -5.919 0.0000000000
40646  -14.957  -45.631  -6.530 0.0000000000
40647  -15.698  -45.727  -7.151 0.0000000000
40648  -19.626  -45.183  -7.133 0.0000000000
40649  -20.595  -45.081  -6.704 0.0000000000
40650  -21.459  -44.958  -6.431 0.0000000000
40651  -21.950  -44.942  -6.224 0.0000000000
40662  -16.378  -45.532  -7.648 0.0000000000
40663  -16.997  -45.574  -8.225 0.0000000000
40664  -17.853  -45.247  -8.280 0.0000000000
40665  -18.614  -45.027  -7.952 0.0000000000
40666  -19.122  -45.081  -7.558 0.0000000000
40676  -18.012  -44.726  -8.435 0.0000000000
40677  -18.181  -44.851  -8.296 0.0000000000
41454  -19.703  -44.997  -0.111 0.0000000000
41455  -20.362  -45.148  -0.169 0.0000000000
41460  -11.500  -45.291  -1.123 0.0000000000
41461  -11.882  -45.455  -1.168 0.0000000000
41463  -19.376  -44.263  -0.456 0.0000000000
41464  -20.742  -44.515  -0.738 0.0000000000
41465  -22.020  -44.863  -0.800 0.0000000000
41466  -22.428  -45.183  -0.994 0.0000000000
41471  -11.418  -44.616  -1.795 0.0000000000
41472  -12.140  -44.876  -1.559 0.0000000000
41473  -13.097  -44.666  -1.871 0.0000000000
41474  -21.135  -43.949  -1.470 0.0000000000
41475  -21.934  -44.514  -1.739 0.0000000000
41476  -22.296  -45.015  -1.218 0.0000000000
41478  -11.383  -44.597  -2.506 0.0000000000
41479  -13.754  -44.733  -2.302 0.0000000000
41480  -14.187  -44.418  -2.828 0.0000000000
41481  -21.682  -44.433  -2.796 0.0000000000
41483  -11.539  -44.612  -3.173 0.0000000000
41484  -11.746  -44.776  -3.392 0.0000000000
41485  -14.533  -44.136  -3.421 0.0000000000
41486  -14.998  -44.291  -4.015 0.0000000000
41487  -20.237  -44.529  -4.187 0.0000000000
41488  -20.722  -44.502  -3.847 0.0000000000
41489  -21.339  -44.429  -3.400 0.0000000000
41491  -11.676  -44.091  -3.310 0.0000000000
41492  -11.945  -44.448  -3.618 0.0000000000
41493  -12.554  -44.479  -4.368 0.0000000000
41494  -15.596  -44.361  -4.707 0.0000000000
41495  -16.454  -44.318  -5.230 0.0000000000
41496  -17.389  -44.526  -5.324 0.0000000000
41497  -18.481  -44.391  -5.241 0.0000000000
41498  -19.620  -44.473  -4.577 0.0000000000
41500  -13.211  -44.522  -4.978 0.0000000000
41501  -13.878  -44.562  -5.558 0.0000000000
41502  -17.174  -43.846  -5.539 0.0000000000
41503  -17.902  -43.789  -5.546 0.0000000000
41504  -18.573  -43.557  -5.470 0.0000000000
41505  -22.451  -44.625  -6.061 0.0000000000
41506  -22.824  -44.406  -5.889 0.0000000000
41507  -23.777  -44.331  -5.595 0.0000000000
41508  -24.787  -44.333  -5.409 0.0000000000
41509  -25.764  -44.284  -5.113 0.0000000000
41510  -26.745  -44.246  -4.812 0.0000000000
41511  -27.798  -44.321  -4.728 0.0000000000
41512  -28.876  -44.487  -4.908 0.0000000000
41513  -29.833  -44.605  -5.482 0.0000000000
41516  -14.543  -44.597  -6.147 0.0000000000
41517  -15.224  -44.628  -6.761 0.0000000000
41518  -19.624  -44.715  -7.247 0.0000000000
41519  -19.993  -44.443  -7.034 0.0000000000
41520  -21.007  -44.305  -6.667 0.0000000000
41521  -22.103  -44.366  -6.327 0.0000000000
41522  -22.619  -43.831  -6.100 0.0000000000
41523  -30.576  -44.478  -6.346 0.0000000000
41535  -15.936  -44.596  -7.373 0.0000000000
41536  -16.673  -44.529  -8.025 0.0000000000
41537  -17.261  -44.798  -8.378 0.0000000000
41538  -18.737  -44.473  -8.019 0.0000000000
41539  -19.272  -44.487  -7.592 0.0000000000
41540  -19.695  -43.860  -7.341 0.0000000000
41550  -17.111  -44.145  -8.472 0.0000000000
41551  -17.689  -44.342  -8.475 0.0000000000
41552  -18.309  -44.336  -8.344 0.0000000000
42360  -19.795  -43.661  -0.839 0.0000000000
42365  -11.614  -43.842  -2.187 0.0000000000
42366  -11.829  -43.923  -1.964 0.0000000000
42367  -12.474  -43.858  -2.097 0.0000000000
42369  -19.248  -43.018  -1.151 0.0000000000
42370  -20.481  -43.129  -1.510 0.0000000000
42371  -21.301  -43.641  -1.863 0.0000000000
42373  -11.567  -43.838  -2.380 0.0000000000
42374  -13.365  -43.806  -2.510 0.0000000000
42375  -14.090  -43.445  -3.089 0.0000000000
42376  -21.162  -43.122  -2.178 0.0000000000
42377  -21.464  -43.686  -2.509 0.0000000000
42379  -11.551  -43.869  -3.034 0.0000000000
42380  -14.654  -43.364  -3.769 0.0000000000
42381  -15.250  -43.422  -4.478 0.0000000000
42382  -20.441  -44.007  -4.211 0.0000000000
42383  -21.071  -43.602  -3.717 0.0000000000
42384  -21.486  -43.861  -3.124 0.0000000000
42386  -11.809  -43.554  -3.441 0.0000000000
42387  -12.197  -43.516  -4.018 0.0000000000
42388  -12.719  -43.515  -4.688 0.0000000000
42389  -15.899  -43.412  -5.190 0.0000000000
42390  -16.724  -43.291  -5.618 0.0000000000
42391  -19.376  -43.307  -5.211 0.0000000000
42392  -20.212  -43.447  -4.583 0.0000000000
42393  -20.643  -43.458  -4.197 0.0000000000
42395  -13.344  -43.533  -5.278 0.0000000000
42396  -14.048  -43.533  -5.791 0.0000000000
42397  -17.553  -43.161  -5.822 0.0000000000
42398  -18.330  -43.094  -5.723 0.0000000000
42399  -18.819  -43.110  -5.527 0.0000000000
42400  -23.156  -43.439  -5.813 0.0000000000
42401  -24.244  -43.439  -5.534 0.0000000000
42402  -25.251  -43.432  -5.392 0.0000000000
42403  -26.223  -43.400  -5.093 0.0000000000
42404  -27.243  -43.383  -4.786 0.0000000000
42405  -28.346  -43.428  -4.850 0.0000000000
42406  -29.316  -43.546  -5.277 0.0000000000
42407  -30.158  -43.498  -5.739 0.0000000000
42409  -14.730  -43.543  -6.375 0.0000000000
42410  -15.425  -43.546  -6.991 0.0000000000
42411  -20.313  -43.436  -6.977 0.0000000000
42412  -21.455  -43.453  -6.535 0.0000000000
42413  -22.280  -43.459  -6.290 0.0000000000
42414  -22.654  -43.458  -6.054 0.0000000000
42415  -30.732  -43.212  -6.419 0.0000000000
42427  -16.096  -43.488  -7.663 0.0000000000
42428  -16.738  -43.437  -8.244 0.0000000000
42429  -18.828  -43.993  -8.117 0.0000000000
42430  -19.244  -43.479  -7.823 0.0000000000
42431  -19.710  -43.418  -7.368 0.0000000000
42439  -17.328  -43.445  -8.553 0.0000000000
42440  -17.951  -43.540  -8.608 0.0000000000
42441  -18.493  -43.556  -8.404 0.0000000000
42442  -18.847  -43.530  -8.215 0.0000000000
43322  -11.655  -43.633  -2.321 0.0000000000
43323  -11.753  -43.478  -2.263 0.0000000000
43324  -12.042  -43.350  -2.291 0.0000000000
43328  -19.394  -42.279  -1.657 0.0000000000
43329  -20.130  -42.188  -1.992 0.0000000000
43332  -11.728  -43.466  -2.448 0.0000000000
43333  -11.897  -42.955  -2.625 0.0000000000
43334  -12.562  -42.754  -2.622 0.0000000000
43335  -13.455  -42.822  -2.884 0.0000000000
43336  -20.755  -42.476  -2.456 0.0000000000
43337  -21.334  -42.965  -2.716 0.0000000000
43340  -11.717  -43.266  -2.750 0.0000000000
43341  -11.755  -42.485  -3.021 0.0000000000
43342  -13.136  -42.030  -2.981 0.0000000000
43343  -14.037  -42.220  -3.537 0.0000000000
43344  -14.849  -42.619  -4.220 0.0000000000
43345  -21.080  -42.628  -3.340 0.0000000000
43346  -21.440  -43.292  -3.107 0.0000000000
43349  -11.740  -43.100  -3.162 0.0000000000
43350  -11.965  -42.481  -3.661 0.0000000000
43351  -12.368  -42.739  -4.335 0.0000000000
43352  -14.721  -41.662  -4.419 0.0000000000
43353  -15.439  -42.366  -4.999 0.0000000000
43354  -16.304  -42.445  -5.609 0.0000000000
43355  -19.754  -42.268  -5.221 0.0000000000
43356  -20.223  -42.599  -4.807 0.0000000000
43357  -20.729  -42.817  -4.196 0.0000000000
43360  -12.261  -41.960  -4.295 0.0000000000
43361  -12.760  -42.332  -5.016 0.0000000000
43362  -13.480  -42.711  -5.576 0.0000000000
43363  -17.193  -42.365  -5.956 0.0000000000
43364  -18.113  -42.315  -5.870 0.0000000000
43365  -18.976  -42.422  -5.550 0.0000000000
43366  -22.319  -42.010  -6.001 0.0000000000
43367  -22.820  -42.398  -5.880 0.0000000000
43368  -23.742  -42.523  -5.640 0.0000000000
43369  -24.688  -42.547  -5.462 0.0000000000
43370  -25.648  -42.530  -5.304 0.0000000000
43371  -26.626  -42.494  -5.012 0.0000000000
43372  -27.708  -42.449  -4.852 0.0000000000
43373  -28.804  -42.473  -5.215 0.0000000000
43374  -29.631  -42.789  -5.525 0.0000000000
43377  -13.228  -41.913  -5.617 0.0000000000
43378  -13.992  -42.249  -6.142 0.0000000000
43379  -14.897  -42.642  -6.638 0.0000000000
43380  -20.095  -42.495  -7.009 0.0000000000
43381  -20.883  -42.555  -6.632 0.0000000000
43382  -21.961  -42.526  -6.268 0.0000000000
43383  -22.599  -43.068  -6.096 0.0000000000
43384  -29.455  -42.089  -5.534 0.0000000000
43385  -30.236  -42.311  -5.857 0.0000000000
43386  -30.982  -42.049  -6.619 0.0000000000
43399  -14.595  -41.582  -6.684 0.0000000000
43400  -15.438  -42.300  -7.264 0.0000000000
43401  -16.207  -42.430  -7.962 0.0000000000
43402  -19.091  -42.545  -7.989 0.0000000000
43403  -19.650  -42.876  -7.432 0.0000000000
43410  -16.869  -42.483  -8.486 0.0000000000
43411  -17.587  -42.613  -8.611 0.0000000000
43412  -18.244  -42.822  -8.571 0.0000000000
43413  -18.782  -43.057  -8.316 0.0000000000
44311  -18.519  -41.492  -1.953 0.0000000000
44312  -19.527  -41.611  -2.197 0.0000000000
44313  -20.201  -41.767  -2.478 0.0000000000
44316  -12.000  -41.997  -2.850 0.0000000000
44317  -12.485  -41.564  -2.940 0.0000000000
44318  -18.998  -41.040  -2.463 0.0000000000
44319  -19.771  -41.116  -2.886 0.0000000000
44320  -20.519  -41.811  -3.121 0.0000000000
44323  -11.912  -41.590  -3.334 0.0000000000
44324  -13.128  -41.034  -3.370 0.0000000000
44325  -14.019  -40.901  -3.999 0.0000000000
44326  -20.230  -41.209  -3.734 0.0000000000
44327  -20.690  -41.964  -3.936 0.0000000000
44330  -11.961  -41.262  -3.935 0.0000000000
44331  -14.560  -40.727  -4.658 0.0000000000
44332  -15.224  -41.106  -5.261 0.0000000000
44333  -15.927  -41.677  -5.596 0.0000000000
44334  -19.529  -41.474  -5.237 0.0000000000
44335  -20.197  -41.612  -4.638 0.0000000000
44336  -20.499  -42.221  -4.412 0.0000000000
44339  -12.354  -41.150  -4.593 0.0000000000
44340  -12.747  -41.163  -5.307 0.0000000000
44341  -16.003  -40.919  -5.777 0.0000000000
44342  -16.756  -41.369  -6.002 0.0000000000
44343  -17.818  -41.373  -6.016 0.0000000000
44344  -18.741  -41.379  -5.662 0.0000000000
44345  -22.551  -41.531  -5.786 0.0000000000
44346  -23.303  -41.635  -5.647 0.0000000000
44347  -24.148  -41.679  -5.560 0.0000000000
44348  -25.034  -41.663  -5.420 0.0000000000
44349  -25.974  -41.617  -5.235 0.0000000000
44350  -26.985  -41.564  -5.111 0.0000000000
44351  -28.020  -41.548  -5.183 0.0000000000
44352  -28.877  -41.508  -5.401 0.0000000000
44359  -13.292  -41.099  -5.814 0.0000000000
44360  -13.825  -40.884  -6.297 0.0000000000
44361  -20.253  -41.700  -6.781 0.0000000000
44362  -21.156  -41.640  -6.420 0.0000000000
44363  -21.905  -41.539  -6.063 0.0000000000
44364  -29.620  -41.356  -5.623 0.0000000000
44365  -30.417  -41.154  -6.107 0.0000000000
44366  -30.935  -41.268  -6.575 0.0000000000
44378  -14.309  -40.564  -6.641 0.0000000000
44379  -14.973  -40.857  -7.176 0.0000000000
44380  -15.671  -41.520  -7.718 0.0000000000
44381  -18.232  -41.282  -8.402 0.0000000000
44382  -18.666  -41.635  -8.172 0.0000000000
44383  -19.455  -41.851  -7.448 0.0000000000
44384  -30.834  -40.721  -6.558 0.0000000000
44385  -31.315  -41.107  -7.074 0.0000000000
44387  -15.482  -40.682  -7.765 0.0000000000
44388  -16.255  -41.304  -8.216 0.0000000000
44389  -17.121  -41.555  -8.677 0.0000000000
44390  -17.986  -41.746  -8.567 0.0000000000
44391  -18.566  -42.366  -8.385 0.0000000000
45405  -18.321  -40.764  -2.397 0.0000000000
45409  -12.039  -41.192  -3.098 0.0000000000
45410  -12.377  -40.809  -3.256 0.0000000000
45412  -17.711  -40.222  -2.612 0.0000000000
45413  -18.776  -40.350  -3.058 0.0000000000
45414  -19.603  -40.659  -3.572 0.0000000000
45417  -12.020  -40.502  -3.630 0.0000000000
45418  -12.556  -40.155  -3.638 0.0000000000
45419  -13.282  -40.061  -3.999 0.0000000000
45420  -19.213  -40.106  -3.982 0.0000000000
45421  -19.804  -40.753  -4.309 0.0000000000
45425  -11.966  -40.312  -4.217 0.0000000000
45426  -14.011  -39.989  -4.553 0.0000000000
45427  -14.653  -40.055  -5.213 0.0000000000
45428  -19.291  -40.372  -5.057 0.0000000000
45429  -19.750  -41.020  -4.821 0.0000000000
45434  -12.443  -40.154  -4.884 0.0000000000
45435  -12.842  -40.402  -5.483 0.0000000000
45436  -15.490  -40.125  -5.795 0.0000000000
45437  -16.498  -40.239  -6.165 0.0000000000
45438  -17.504  -40.353  -6.251 0.0000000000
45439  -18.419  -40.368  -5.826 0.0000000000
45440  -22.865  -40.819  -5.581 0.0000000000
45441  -23.624  -40.895  -5.536 0.0000000000
45442  -24.411  -40.855  -5.495 0.0000000000
45443  -25.284  -40.772  -5.431 0.0000000000
45444  -26.248  -40.706  -5.366 0.0000000000
45445  -27.281  -40.616  -5.351 0.0000000000
45446  -28.250  -40.773  -5.399 0.0000000000
45447  -28.977  -40.791  -5.445 0.0000000000
45453  -12.754  -39.738  -5.335 0.0000000000
45454  -13.277  -40.006  -5.750 0.0000000000
45455  -13.834  -39.854  -6.252 0.0000000000
45456  -20.497  -40.770  -6.578 0.0000000000
45457  -21.333  -40.741  -6.201 0.0000000000
45458  -22.093  -40.734  -5.808 0.0000000000
45459  -27.761  -40.103  -5.474 0.0000000000
45460  -28.472  -40.067  -5.527 0.0000000000
45461  -29.496  -40.261  -5.703 0.0000000000
45462  -30.315  -40.098  -6.252 0.0000000000
45469  -14.370  -39.784  -6.754 0.0000000000
45470  -14.909  -39.678  -7.384 0.0000000000
45471  -18.351  -40.800  -8.274 0.0000000000
45472  -18.908  -40.841  -7.744 0.0000000000
45473  -19.627  -40.828  -7.065 0.0000000000
45474  -30.946  -39.958  -6.882 0.0000000000
45477  -15.745  -40.042  -8.055 0.0000000000
45478  -16.635  -40.390  -8.538 0.0000000000
45479  -17.454  -40.706  -8.644 0.0000000000
45480  -17.963  -40.940  -8.492 0.0000000000
46453  -17.825  -39.552  -3.224 0.0000000000
46454  -18.546  -39.691  -3.654 0.0000000000
46458  -11.846  -39.837  -3.959 0.0000000000
46459  -12.129  -39.530  -3.827 0.0000000000
46460  -12.751  -39.470  -4.000 0.0000000000
46461  -18.127  -39.201  -3.762 0.0000000000
46462  -18.628  -39.405  -4.398 0.0000000000
46466  -12.067  -39.559  -4.381 0.0000000000
46467  -12.590  -39.221  -4.460 0.0000000000
46468  -13.370  -39.239  -4.573 0.0000000000
46469  -14.157  -39.291  -5.006 0.0000000000
46470  -18.561  -39.494  -5.345 0.0000000000
46473  -12.518  -39.299  -4.969 0.0000000000
46474  -13.007  -38.769  -5.094 0.0000000000
46475  -13.760  -39.012  -5.376 0.0000000000
46476  -14.710  -39.187  -5.847 0.0000000000
46477  -15.929  -39.273  -6.246 0.0000000000
46478  -17.089  -39.325  -6.419 0.0000000000
46479  -18.011  -39.349  -6.051 0.0000000000
46480  -23.188  -40.269  -5.510 0.0000000000
46481  -23.793  -40.170  -5.533 0.0000000000
46482  -24.554  -40.017  -5.546 0.0000000000
46483  -25.465  -39.826  -5.611 0.0000000000
46484  -26.441  -39.888  -5.570 0.0000000000
46485  -27.140  -39.801  -5.557 0.0000000000
46491  -12.936  -39.276  -5.416 0.0000000000
46492  -13.441  -39.231  -5.682 0.0000000000
46493  -14.077  -39.128  -6.189 0.0000000000
46494  -14.627  -38.716  -6.556 0.0000000000
46495  -20.832  -39.890  -6.500 0.0000000000
46496  -21.601  -39.912  -6.067 0.0000000000
46497  -22.478  -39.878  -5.652 0.0000000000
46498  -25.893  -39.266  -5.781 0.0000000000
46499  -26.589  -39.173  -5.781 0.0000000000
46500  -27.599  -39.297  -5.712 0.0000000000
46501  -28.641  -39.255  -5.769 0.0000000000
46502  -29.561  -39.277  -6.084 0.0000000000
46503  -30.294  -39.242  -6.497 0.0000000000
46511  -14.337  -39.064  -6.859 0.0000000000
46512  -14.677  -38.663  -7.174 0.0000000000
46513  -18.532  -39.971  -8.145 0.0000000000
46514  -19.164  -39.954  -7.520 0.0000000000
46515  -19.935  -39.868  -6.892 0.0000000000
46516  -30.728  -39.073  -6.900 0.0000000000
46517  -31.244  -39.199  -7.391 0.0000000000
46520  -15.274  -38.958  -7.762 0.0000000000
46521  -16.128  -39.235  -8.315 0.0000000000
46522  -17.115  -39.448  -8.826 0.0000000000
46523  -17.896  -40.129  -8.501 0.0000000000
47445  -17.692  -39.028  -3.608 0.0000000000
47454  -18.322  -38.836  -4.936 0.0000000000
47458  -17.784  -38.339  -5.140 0.0000000000
47459  -18.093  -38.857  -5.612 0.0000000000
47462  -15.367  -38.543  -6.464 0.0000000000
47463  -16.443  -38.453  -6.461 0.0000000000
47464  -17.562  -38.331  -6.096 0.0000000000
47465  -17.950  -38.848  -5.938 0.0000000000
47466  -23.204  -39.687  -5.572 0.0000000000
47467  -23.786  -39.403  -5.692 0.0000000000
47468  -24.583  -39.193  -5.789 0.0000000000
47469  -25.262  -39.024  -5.875 0.0000000000
47478  -14.984  -38.092  -6.845 0.0000000000
47479  -21.220  -39.279  -6.474 0.0000000000
47480  -21.877  -39.117  -6.159 0.0000000000
47481  -22.844  -38.940  -5.941 0.0000000000
47482  -23.783  -38.606  -6.083 0.0000000000
47483  -24.682  -38.483  -6.217 0.0000000000
47484  -25.713  -38.539  -6.208 0.0000000000
47485  -26.778  -38.444  -6.183 0.0000000000
47486  -27.810  -38.428  -6.091 0.0000000000
47487  -28.776  -38.442  -6.175 0.0000000000
47488  -29.650  -38.441  -6.440 0.0000000000
47489  -30.311  -38.626  -6.700 0.0000000000
47496  -15.108  -38.095  -7.444 0.0000000000
47497  -18.805  -39.261  -7.938 0.0000000000
47498  -19.439  -39.042  -7.412 0.0000000000
47499  -20.448  -38.883  -6.857 0.0000000000
47500  -30.051  -38.089  -6.749 0.0000000000
47501  -30.669  -38.316  -7.127 0.0000000000
47504  -15.624  -38.213  -8.062 0.0000000000
47505  -16.464  -38.358  -8.528 0.0000000000
47506  -17.201  -38.362  -8.839 0.0000000000
47507  -18.087  -38.853  -8.516 0.0000000000
48491  -15.787  -37.848  -6.701 0.0000000000
48492  -16.637  -37.644  -6.460 0.0000000000
48493  -17.093  -37.260  -6.081 0.0000000000
48501  -15.396  -37.513  -7.143 0.0000000000
48502  -16.038  -37.174  -6.846 0.0000000000
48503  -16.595  -37.007  -6.488 0.0000000000
48504  -21.292  -38.645  -6.591 0.0000000000
48505  -22.004  -38.293  -6.526 0.0000000000
48506  -22.961  -38.020  -6.511 0.0000000000
48507  -23.926  -37.821  -6.559 0.0000000000
48508  -24.898  -37.770  -6.690 0.0000000000
48509  -25.955  -37.589  -6.688 0.0000000000
48510  -27.079  -37.668  -6.542 0.0000000000
48511  -28.053  -37.628  -6.474 0.0000000000
48512  -28.922  -37.730  -6.471 0.0000000000
48513  -29.539  -37.737  -6.652 0.0000000000
48516  -15.452  -37.394  -7.706 0.0000000000
48517  -18.868  -38.508  -7.909 0.0000000000
48518  -19.679  -37.915  -7.530 0.0000000000
48519  -20.971  -37.744  -6.925 0.0000000000
48520  -22.132  -37.363  -6.914 0.0000000000
48521  -23.172  -37.202  -7.005 0.0000000000
48522  -24.149  -37.122  -7.081 0.0000000000
48523  -25.057  -36.998  -7.083 0.0000000000
48524  -25.765  -36.823  -7.109 0.0000000000
48525  -28.431  -37.208  -6.711 0.0000000000
48526  -29.065  -37.137  -6.801 0.0000000000
48527  -29.970  -37.406  -7.056 0.0000000000
48528  -30.820  -37.489  -7.519 0.0000000000
48536  -15.948  -37.337  -8.356 0.0000000000
48537  -16.746  -37.564  -8.814 0.0000000000
48538  -17.612  -37.511  -8.852 0.0000000000
48539  -18.672  -37.571  -8.353 0.0000000000
49536  -15.574  -36.699  -7.335 0.0000000000
49537  -16.235  -36.526  -6.773 0.0000000000
49538  -16.731  -36.571  -6.238 0.0000000000
49539  -26.541  -36.937  -6.943 0.0000000000
49540  -27.459  -37.011  -6.820 0.0000000000
49541  -28.013  -37.084  -6.772 0.0000000000
49545  -15.424  -36.589  -8.018 0.0000000000
49551  -25.273  -36.311  -7.404 0.0000000000
49552  -26.114  -36.290  -7.344 0.0000000000
49553  -27.040  -36.346  -7.245 0.0000000000
49554  -28.182  -36.538  -7.097 0.0000000000
49555  -29.333  -36.499  -7.254 0.0000000000
49556  -30.269  -36.677  -7.460 0.0000000000
50628  -15.859  -35.968  -7.175 0.0000000000
50629  -16.474  -35.877  -6.522 0.0000000000
50640  -15.435  -35.948  -7.693 0.0000000000
50646  -26.555  -35.640  -7.573 0.0000000000
50647  -27.541  -35.636  -7.539 0.0000000000
50648  -28.730  -35.462  -7.641 0.0000000000
50649  -29.864  -35.889  -7.588 0.0000000000
51771  -16.100  -35.410  -7.113 0.0000000000
51785  -15.687  -35.486  -7.499 0.0000000000
129857  -3.641  -64.720  7.904 0.0000000000
129859  -3.348  -65.085  8.725 0.0000000000
129861  -3.261  -64.513  8.711 0.0000000000
129862  -3.370  -64.364  8.413 0.0000000000
129863  -3.532  -64.132  8.035 0.0000000000
129867  -24.535  -57.674  2.634 0.0000000000
129869  -26.576  -55.857  1.993 0.0000000000
129870  -24.475  -57.740  2.172 0.0000000000
