#!ascii label  , from subject FREESURFER vox2ras=TkReg 
1961
80896  -34.533  -5.286  20.507 0.0000000000
80897  -35.562  -5.326  20.165 0.0000000000
80898  -36.106  -4.758  20.156 0.0000000000
80908  -36.603  -5.557  19.538 0.0000000000
80909  -37.701  -5.204  19.128 0.0000000000
80910  -38.244  -4.937  18.962 0.0000000000
80923  -38.499  -5.457  18.123 0.0000000000
80924  -39.131  -4.977  17.875 0.0000000000
80934  -39.405  -5.256  17.206 0.0000000000
80935  -39.996  -5.047  16.950 0.0000000000
80945  -40.190  -5.480  16.334 0.0000000000
81846  -33.215  -4.258  21.180 0.0000000000
81853  -34.078  -4.388  20.886 0.0000000000
81854  -34.926  -4.442  20.591 0.0000000000
81855  -35.603  -4.311  20.390 0.0000000000
81856  -36.068  -4.083  20.246 0.0000000000
81862  -36.556  -4.341  19.998 0.0000000000
81863  -37.236  -4.468  19.666 0.0000000000
81864  -37.999  -4.411  19.399 0.0000000000
81872  -38.583  -4.447  18.919 0.0000000000
81873  -39.140  -4.455  18.361 0.0000000000
81874  -39.645  -4.188  18.085 0.0000000000
81882  -39.481  -4.695  17.816 0.0000000000
81883  -40.048  -4.511  17.520 0.0000000000
81884  -40.654  -4.341  17.169 0.0000000000
81892  -40.386  -4.842  16.863 0.0000000000
81893  -41.069  -4.697  16.473 0.0000000000
81894  -41.730  -4.419  16.064 0.0000000000
81901  -41.520  -4.914  15.707 0.0000000000
81902  -42.157  -4.594  15.421 0.0000000000
81910  -42.763  -4.534  14.891 0.0000000000
81911  -43.257  -4.506  14.549 0.0000000000
82718  -33.613  -3.775  36.530 0.0000000000
82719  -34.566  -3.842  36.582 0.0000000000
82720  -35.491  -3.857  36.637 0.0000000000
82721  -36.427  -3.750  36.631 0.0000000000
82722  -37.311  -3.511  36.648 0.0000000000
82723  -38.140  -3.161  36.608 0.0000000000
82733  -33.229  -3.716  35.553 0.0000000000
82734  -34.268  -3.757  35.563 0.0000000000
82735  -35.233  -3.691  35.632 0.0000000000
82736  -36.130  -3.603  35.694 0.0000000000
82737  -37.090  -3.354  35.605 0.0000000000
82738  -37.808  -3.138  35.904 0.0000000000
82745  -32.826  -3.405  34.625 0.0000000000
82746  -33.866  -3.522  34.616 0.0000000000
82747  -34.982  -3.357  34.530 0.0000000000
82748  -35.887  -3.294  34.848 0.0000000000
82749  -36.592  -3.155  34.968 0.0000000000
82755  -32.477  -2.905  33.889 0.0000000000
82756  -33.443  -3.088  33.800 0.0000000000
82757  -34.350  -3.101  33.858 0.0000000000
82770  -49.717  -2.791  32.217 0.0000000000
82771  -50.087  -2.553  31.978 0.0000000000
82781  -50.184  -2.805  31.463 0.0000000000
82785  -50.192  -3.011  30.655 0.0000000000
82828  -32.905  -3.384  21.312 0.0000000000
82829  -33.741  -3.451  21.103 0.0000000000
82835  -34.562  -3.551  20.782 0.0000000000
82836  -35.197  -3.710  20.545 0.0000000000
82837  -35.736  -3.487  20.338 0.0000000000
82838  -36.316  -3.508  20.119 0.0000000000
82843  -36.863  -3.574  19.840 0.0000000000
82844  -37.549  -3.546  19.577 0.0000000000
82845  -38.301  -3.568  19.288 0.0000000000
82850  -38.914  -3.600  18.875 0.0000000000
82851  -39.441  -3.567  18.463 0.0000000000
82852  -39.970  -3.603  18.061 0.0000000000
82858  -40.533  -3.693  17.655 0.0000000000
82859  -41.099  -3.776  17.203 0.0000000000
82868  -41.631  -3.803  16.663 0.0000000000
82869  -42.217  -3.803  16.122 0.0000000000
82876  -42.786  -3.775  15.432 0.0000000000
82877  -43.274  -3.452  15.044 0.0000000000
82885  -43.108  -4.027  14.835 0.0000000000
82886  -43.657  -3.743  14.541 0.0000000000
82887  -44.297  -3.708  14.068 0.0000000000
82896  -44.896  -3.669  13.707 0.0000000000
82897  -45.580  -3.666  13.351 0.0000000000
82898  -46.129  -3.891  13.049 0.0000000000
82906  -46.040  -3.436  13.052 0.0000000000
82907  -46.607  -3.635  12.838 0.0000000000
82908  -47.422  -3.589  12.661 0.0000000000
83747  -41.467  -1.906  37.791 0.0000000000
83756  -38.927  -2.790  36.534 0.0000000000
83757  -39.637  -2.466  36.625 0.0000000000
83758  -40.432  -2.112  36.716 0.0000000000
83759  -41.087  -1.891  37.080 0.0000000000
83770  -37.778  -2.793  35.256 0.0000000000
83771  -38.559  -2.552  35.521 0.0000000000
83772  -39.405  -2.222  35.850 0.0000000000
83773  -39.997  -1.945  36.082 0.0000000000
83779  -48.865  -1.654  35.533 0.0000000000
83785  -35.773  -2.844  34.162 0.0000000000
83786  -36.438  -2.687  34.376 0.0000000000
83787  -37.284  -2.498  34.597 0.0000000000
83788  -38.090  -2.307  34.769 0.0000000000
83794  -49.007  -1.732  35.056 0.0000000000
83798  -33.076  -2.191  33.243 0.0000000000
83799  -34.084  -2.484  33.296 0.0000000000
83800  -35.197  -2.461  33.477 0.0000000000
83801  -36.182  -2.237  33.759 0.0000000000
83802  -36.804  -2.058  34.028 0.0000000000
83808  -49.375  -2.010  33.886 0.0000000000
83809  -49.860  -1.888  33.382 0.0000000000
83811  -33.364  -1.682  32.980 0.0000000000
83812  -33.811  -1.790  32.922 0.0000000000
83813  -34.565  -1.891  32.955 0.0000000000
83819  -49.326  -2.591  33.030 0.0000000000
83820  -49.959  -2.220  32.694 0.0000000000
83825  -50.529  -2.250  31.580 0.0000000000
83826  -50.927  -2.001  31.236 0.0000000000
83829  -50.748  -2.649  30.818 0.0000000000
83830  -51.024  -2.167  30.915 0.0000000000
83838  -50.838  -2.805  29.985 0.0000000000
83839  -51.208  -2.274  30.213 0.0000000000
83844  -50.679  -2.602  29.119 0.0000000000
83845  -51.144  -2.210  29.378 0.0000000000
83847  -50.567  -2.233  28.175 0.0000000000
83848  -50.984  -2.013  28.677 0.0000000000
83872  -32.648  -2.525  21.332 0.0000000000
83873  -33.368  -2.571  21.156 0.0000000000
83880  -34.216  -2.552  20.816 0.0000000000
83881  -35.153  -2.773  20.435 0.0000000000
83882  -36.056  -2.590  20.013 0.0000000000
83883  -36.550  -3.045  19.918 0.0000000000
83889  -36.366  -1.998  19.550 0.0000000000
83890  -36.961  -2.573  19.565 0.0000000000
83891  -37.908  -2.719  19.315 0.0000000000
83892  -38.581  -2.730  18.993 0.0000000000
83897  -39.119  -2.823  18.692 0.0000000000
83898  -39.658  -2.733  18.347 0.0000000000
83899  -40.293  -2.880  17.956 0.0000000000
83905  -40.865  -2.909  17.604 0.0000000000
83906  -41.439  -2.947  17.194 0.0000000000
83915  -41.981  -2.966  16.707 0.0000000000
83916  -42.568  -2.874  16.139 0.0000000000
83924  -43.160  -2.779  15.500 0.0000000000
83925  -43.680  -2.840  14.974 0.0000000000
83932  -44.203  -2.922  14.536 0.0000000000
83933  -44.711  -2.945  14.091 0.0000000000
83941  -45.204  -2.967  13.684 0.0000000000
83942  -45.692  -2.895  13.287 0.0000000000
83949  -46.233  -2.917  12.967 0.0000000000
83950  -46.893  -2.915  12.797 0.0000000000
83951  -47.679  -2.827  12.561 0.0000000000
83952  -48.576  -2.752  12.301 0.0000000000
84741  -42.455  -1.370  38.740 0.0000000000
84742  -43.023  -0.809  39.010 0.0000000000
84743  -43.453  -0.064  39.228 0.0000000000
84755  -42.283  -1.068  38.029 0.0000000000
84756  -42.755  -0.409  38.226 0.0000000000
84765  -41.016  -1.552  36.542 0.0000000000
84766  -41.638  -1.194  36.973 0.0000000000
84767  -48.684  -1.333  36.219 0.0000000000
84768  -48.893  -1.189  35.773 0.0000000000
84773  -39.190  -1.767  35.223 0.0000000000
84774  -39.866  -1.398  35.436 0.0000000000
84775  -40.578  -1.360  35.938 0.0000000000
84776  -41.234  -1.010  36.197 0.0000000000
84777  -48.795  -1.539  35.736 0.0000000000
84778  -48.975  -1.432  35.439 0.0000000000
84783  -37.937  -1.841  34.289 0.0000000000
84784  -38.662  -1.500  34.563 0.0000000000
84785  -39.420  -1.126  34.847 0.0000000000
84786  -49.304  -1.514  34.547 0.0000000000
84790  -32.536  -1.287  33.099 0.0000000000
84791  -33.105  -1.587  33.008 0.0000000000
84792  -35.954  -1.748  33.246 0.0000000000
84793  -36.682  -1.426  33.490 0.0000000000
84794  -37.403  -1.496  33.898 0.0000000000
84795  -38.069  -1.166  34.029 0.0000000000
84796  -49.730  -1.534  33.735 0.0000000000
84797  -50.085  -1.600  33.025 0.0000000000
84799  -32.973  -0.761  32.825 0.0000000000
84800  -33.419  -1.145  32.724 0.0000000000
84801  -34.348  -1.196  32.584 0.0000000000
84802  -35.325  -1.341  32.814 0.0000000000
84803  -36.187  -1.076  33.005 0.0000000000
84804  -50.357  -1.666  32.220 0.0000000000
84809  -50.833  -1.520  31.348 0.0000000000
84810  -51.054  -1.856  31.017 0.0000000000
84812  -50.958  -1.049  30.813 0.0000000000
84813  -51.184  -1.554  30.509 0.0000000000
84821  -51.317  -1.603  29.628 0.0000000000
84823  -51.240  -1.485  28.792 0.0000000000
84825  -50.715  -1.552  27.548 0.0000000000
84826  -51.072  -1.384  27.962 0.0000000000
84828  -50.680  -1.270  27.006 0.0000000000
84829  -50.952  -0.898  27.198 0.0000000000
84833  -50.339  -1.220  26.291 0.0000000000
84834  -50.985  -0.711  26.602 0.0000000000
84839  -50.140  -0.904  25.483 0.0000000000
84852  -31.673  -1.317  21.422 0.0000000000
84853  -32.646  -1.510  21.286 0.0000000000
84854  -33.060  -2.031  21.176 0.0000000000
84861  -33.088  -1.074  21.121 0.0000000000
84862  -33.576  -1.514  20.908 0.0000000000
84863  -34.835  -1.509  20.269 0.0000000000
84864  -35.468  -2.071  20.113 0.0000000000
84869  -35.302  -0.942  19.730 0.0000000000
84870  -35.798  -1.476  19.610 0.0000000000
84871  -36.750  -1.364  19.080 0.0000000000
84872  -37.742  -1.866  19.075 0.0000000000
84873  -38.282  -2.200  19.009 0.0000000000
84875  -46.000  -1.349  19.846 0.0000000000
84878  -37.050  -0.767  18.547 0.0000000000
84879  -37.628  -1.110  18.510 0.0000000000
84880  -38.832  -1.659  18.367 0.0000000000
84881  -40.065  -2.078  17.995 0.0000000000
84882  -40.533  -2.402  17.726 0.0000000000
84883  -45.911  -2.110  19.630 0.0000000000
84884  -46.079  -1.564  19.254 0.0000000000
84888  -39.223  -1.003  17.550 0.0000000000
84889  -39.848  -1.381  17.594 0.0000000000
84890  -40.937  -1.867  17.293 0.0000000000
84891  -41.591  -2.408  16.978 0.0000000000
84892  -46.577  -1.291  17.976 0.0000000000
84893  -46.888  -1.878  17.538 0.0000000000
84897  -41.377  -1.424  16.645 0.0000000000
84898  -41.986  -1.962  16.613 0.0000000000
84899  -42.701  -1.975  15.884 0.0000000000
84900  -46.749  -0.851  17.366 0.0000000000
84901  -47.025  -1.356  16.993 0.0000000000
84907  -43.442  -1.790  15.056 0.0000000000
84908  -43.944  -2.321  14.720 0.0000000000
84909  -47.637  -1.327  16.186 0.0000000000
84914  -43.600  -1.327  14.449 0.0000000000
84915  -44.315  -1.864  14.206 0.0000000000
84916  -44.846  -2.467  13.860 0.0000000000
84924  -44.610  -1.526  13.543 0.0000000000
84925  -45.126  -2.122  13.486 0.0000000000
84926  -45.827  -2.207  13.107 0.0000000000
84935  -46.394  -2.285  12.923 0.0000000000
84936  -47.014  -2.066  12.747 0.0000000000
84937  -47.899  -1.925  12.429 0.0000000000
84938  -48.874  -1.835  12.222 0.0000000000
84939  -49.606  -2.041  11.875 0.0000000000
84946  -49.336  -1.473  11.825 0.0000000000
84947  -50.185  -1.623  11.496 0.0000000000
84948  -51.358  -1.500  11.044 0.0000000000
85701  -43.214  0.111  38.565 0.0000000000
85702  -43.639  0.433  39.106 0.0000000000
85714  -42.507  -0.392  37.803 0.0000000000
85715  -42.767  0.133  37.821 0.0000000000
85716  -48.088  -0.418  37.525 0.0000000000
85717  -48.597  -0.703  36.911 0.0000000000
85727  -42.251  -0.194  37.188 0.0000000000
85728  -42.583  0.399  37.348 0.0000000000
85729  -48.755  -0.738  35.931 0.0000000000
85730  -49.009  -1.037  35.485 0.0000000000
85734  -40.373  -0.887  35.408 0.0000000000
85735  -40.937  -0.337  35.550 0.0000000000
85736  -41.681  -0.334  36.346 0.0000000000
85737  -48.831  -0.535  35.154 0.0000000000
85738  -49.170  -1.058  34.894 0.0000000000
85743  -39.163  -0.459  34.405 0.0000000000
85744  -39.991  -0.339  34.958 0.0000000000
85745  -40.524  0.166  35.103 0.0000000000
85746  -48.920  -0.482  34.336 0.0000000000
85747  -49.431  -1.034  34.101 0.0000000000
85751  -32.652  -0.298  32.945 0.0000000000
85752  -37.204  -0.948  33.490 0.0000000000
85753  -37.776  -0.479  33.504 0.0000000000
85754  -38.524  -0.490  33.970 0.0000000000
85755  -49.148  -0.485  33.646 0.0000000000
85756  -49.755  -0.798  33.162 0.0000000000
85757  -50.204  -1.164  32.596 0.0000000000
85759  -33.306  -0.249  32.656 0.0000000000
85760  -34.029  -0.341  32.381 0.0000000000
85761  -34.940  -0.373  32.431 0.0000000000
85762  -35.905  -0.348  32.654 0.0000000000
85763  -36.950  -0.403  33.034 0.0000000000
85764  -37.564  -0.026  33.123 0.0000000000
85765  -49.984  -0.637  32.383 0.0000000000
85766  -50.405  -0.980  31.958 0.0000000000
85771  -49.987  -0.320  31.795 0.0000000000
85772  -50.516  -0.531  31.139 0.0000000000
85775  -50.991  -0.529  30.190 0.0000000000
85776  -51.274  -1.111  29.858 0.0000000000
85784  -50.862  -0.080  29.522 0.0000000000
85785  -51.188  -0.655  29.156 0.0000000000
85789  -51.246  -0.744  28.149 0.0000000000
85791  -51.073  -0.521  27.337 0.0000000000
85793  -51.214  -0.226  26.578 0.0000000000
85795  -50.806  -0.474  25.520 0.0000000000
85796  -51.481  -0.204  25.822 0.0000000000
85797  -51.914  0.045  25.446 0.0000000000
85799  -49.728  -0.553  24.558 0.0000000000
85800  -50.464  -0.294  24.798 0.0000000000
85801  -51.382  0.020  25.087 0.0000000000
85802  -51.851  0.125  25.306 0.0000000000
85806  -49.417  -0.377  23.996 0.0000000000
85807  -50.097  -0.068  24.234 0.0000000000
85812  -48.435  -0.225  23.181 0.0000000000
85813  -49.088  -0.096  23.439 0.0000000000
85819  -32.359  -0.417  21.349 0.0000000000
85820  -32.845  0.086  21.256 0.0000000000
85828  -32.850  -0.850  21.227 0.0000000000
85829  -33.238  -0.396  21.020 0.0000000000
85830  -34.137  -0.472  20.449 0.0000000000
85836  -34.934  -0.391  19.851 0.0000000000
85837  -35.674  -0.406  19.252 0.0000000000
85838  -36.148  -0.892  19.132 0.0000000000
85839  -45.977  -1.285  20.108 0.0000000000
85840  -46.174  -0.726  19.982 0.0000000000
85843  -35.990  0.035  18.879 0.0000000000
85844  -36.476  -0.327  18.674 0.0000000000
85845  -37.443  -0.277  17.968 0.0000000000
85846  -38.113  -0.798  18.050 0.0000000000
85847  -46.425  -0.473  18.904 0.0000000000
85851  -37.836  0.162  17.469 0.0000000000
85852  -38.566  -0.299  17.189 0.0000000000
85853  -39.714  -0.757  16.980 0.0000000000
85854  -40.323  -1.159  17.106 0.0000000000
85855  -46.711  -0.149  17.986 0.0000000000
85856  -47.051  0.302  17.711 0.0000000000
85859  -38.940  0.286  16.355 0.0000000000
85860  -39.642  -0.050  15.938 0.0000000000
85861  -40.797  -0.800  16.394 0.0000000000
85862  -41.822  -1.171  16.198 0.0000000000
85863  -42.284  -1.527  16.113 0.0000000000
85864  -46.724  -0.609  17.590 0.0000000000
85865  -46.965  -0.109  17.164 0.0000000000
85870  -40.026  0.153  15.126 0.0000000000
85871  -40.698  -0.084  15.081 0.0000000000
85872  -41.769  -0.584  15.430 0.0000000000
85873  -42.532  -1.204  15.572 0.0000000000
85874  -47.470  -0.358  16.362 0.0000000000
85875  -47.968  -0.423  15.730 0.0000000000
85881  -41.105  0.029  14.380 0.0000000000
85882  -41.709  -0.156  14.573 0.0000000000
85883  -42.920  -0.658  14.406 0.0000000000
85884  -43.722  -1.124  14.119 0.0000000000
85885  -48.502  -0.449  15.142 0.0000000000
85886  -49.090  -0.447  14.554 0.0000000000
85891  -43.202  -0.436  13.557 0.0000000000
85892  -43.973  -0.834  13.367 0.0000000000
85893  -44.975  -1.401  13.102 0.0000000000
85894  -45.470  -1.753  13.105 0.0000000000
85895  -49.636  -0.360  13.981 0.0000000000
85896  -50.276  -0.368  13.656 0.0000000000
85901  -44.244  -0.411  12.631 0.0000000000
85902  -44.853  -0.744  12.646 0.0000000000
85903  -45.970  -1.336  12.758 0.0000000000
85904  -47.142  -1.169  12.469 0.0000000000
85905  -48.132  -0.886  12.140 0.0000000000
85906  -48.874  -1.207  11.949 0.0000000000
85913  -48.320  -0.203  11.832 0.0000000000
85914  -49.208  -0.628  11.632 0.0000000000
85915  -50.510  -0.590  11.152 0.0000000000
85916  -51.662  -0.367  10.695 0.0000000000
85917  -52.805  -0.548  10.744 0.0000000000
85922  -51.794  0.309  10.546 0.0000000000
85923  -52.338  0.151  10.546 0.0000000000
85924  -52.899  0.103  10.754 0.0000000000
86588  -44.022  0.905  39.349 0.0000000000
86589  -44.421  0.957  39.672 0.0000000000
86596  -43.174  0.597  38.097 0.0000000000
86597  -43.583  0.925  38.533 0.0000000000
86598  -46.615  1.125  38.658 0.0000000000
86608  -42.924  0.880  37.587 0.0000000000
86609  -43.322  1.009  37.995 0.0000000000
86610  -46.756  1.195  38.014 0.0000000000
86611  -47.324  0.553  37.770 0.0000000000
86612  -48.032  -0.015  37.038 0.0000000000
86625  -42.057  0.220  36.524 0.0000000000
86626  -42.425  0.813  36.790 0.0000000000
86627  -47.593  0.756  36.616 0.0000000000
86628  -48.259  -0.025  36.294 0.0000000000
86637  -40.925  0.672  35.183 0.0000000000
86638  -41.756  0.683  35.893 0.0000000000
86639  -42.217  1.271  36.239 0.0000000000
86640  -47.780  0.752  35.667 0.0000000000
86641  -48.338  0.024  35.453 0.0000000000
86648  -38.887  0.087  34.021 0.0000000000
86649  -39.357  0.660  34.279 0.0000000000
86650  -40.218  0.692  34.833 0.0000000000
86651  -47.892  0.688  34.989 0.0000000000
86652  -48.282  0.294  34.540 0.0000000000
86657  -37.872  0.184  33.208 0.0000000000
86658  -38.430  0.648  33.507 0.0000000000
86659  -38.955  1.219  33.859 0.0000000000
86660  -48.593  0.378  33.534 0.0000000000
86661  -49.090  -0.084  33.062 0.0000000000
86663  -33.049  0.561  32.822 0.0000000000
86664  -33.737  0.575  32.401 0.0000000000
86665  -34.540  0.551  32.265 0.0000000000
86666  -35.471  0.572  32.330 0.0000000000
86667  -36.479  0.616  32.585 0.0000000000
86668  -37.527  0.690  32.950 0.0000000000
86669  -38.023  1.186  33.050 0.0000000000
86670  -48.788  0.595  32.756 0.0000000000
86671  -49.305  0.174  32.273 0.0000000000
86675  -49.703  0.535  31.218 0.0000000000
86676  -50.310  0.144  30.521 0.0000000000
86678  -39.326  1.185  30.213 0.0000000000
86679  -39.812  1.004  30.144 0.0000000000
86680  -40.655  0.823  29.963 0.0000000000
86681  -41.455  0.737  29.750 0.0000000000
86682  -49.896  0.986  30.330 0.0000000000
86683  -50.466  0.356  29.842 0.0000000000
86690  -38.329  1.045  29.422 0.0000000000
86691  -38.972  0.857  29.622 0.0000000000
86692  -39.941  0.572  29.326 0.0000000000
86693  -40.881  0.460  29.143 0.0000000000
86694  -41.868  0.502  29.025 0.0000000000
86695  -42.504  0.548  28.624 0.0000000000
86696  -50.126  1.142  29.680 0.0000000000
86697  -50.589  0.585  28.988 0.0000000000
86698  -51.016  -0.100  28.317 0.0000000000
86702  -37.578  1.258  28.274 0.0000000000
86703  -38.137  0.909  28.695 0.0000000000
86704  -39.149  0.480  28.531 0.0000000000
86705  -40.157  0.252  28.383 0.0000000000
86706  -41.123  0.202  28.254 0.0000000000
86707  -41.976  0.346  28.081 0.0000000000
86708  -42.742  0.507  27.938 0.0000000000
86709  -50.737  0.658  27.939 0.0000000000
86710  -51.045  -0.048  27.555 0.0000000000
86712  -37.790  1.127  27.879 0.0000000000
86713  -38.440  0.784  27.556 0.0000000000
86714  -39.442  0.375  27.497 0.0000000000
86715  -40.401  0.125  27.412 0.0000000000
86716  -41.328  0.202  27.320 0.0000000000
86717  -42.139  0.440  27.231 0.0000000000
86718  -42.867  0.592  27.099 0.0000000000
86719  -50.910  0.626  27.191 0.0000000000
86720  -51.347  0.292  26.750 0.0000000000
86722  -38.897  0.767  26.599 0.0000000000
86723  -39.745  0.450  26.565 0.0000000000
86724  -40.642  0.320  26.485 0.0000000000
86725  -41.529  0.387  26.462 0.0000000000
86726  -42.317  0.548  26.426 0.0000000000
86727  -43.003  0.725  26.372 0.0000000000
86728  -51.878  0.316  26.086 0.0000000000
86729  -52.198  0.465  25.630 0.0000000000
86731  -39.242  0.822  25.911 0.0000000000
86732  -39.948  0.720  25.608 0.0000000000
86733  -40.905  0.577  25.677 0.0000000000
86734  -41.752  0.578  25.674 0.0000000000
86735  -42.537  0.680  25.690 0.0000000000
86736  -43.189  0.867  25.723 0.0000000000
86737  -52.022  0.156  25.619 0.0000000000
86738  -52.117  0.328  25.269 0.0000000000
86740  -40.415  0.874  24.981 0.0000000000
86741  -41.169  0.823  24.932 0.0000000000
86742  -42.027  0.754  24.910 0.0000000000
86743  -42.853  0.837  25.035 0.0000000000
86744  -43.326  0.992  25.245 0.0000000000
86745  -50.521  0.243  24.230 0.0000000000
86746  -51.108  0.658  24.294 0.0000000000
86747  -51.819  0.481  24.909 0.0000000000
86749  -49.561  0.215  23.437 0.0000000000
86750  -50.298  0.632  23.530 0.0000000000
86751  -50.935  1.088  23.619 0.0000000000
86756  -48.099  0.260  22.459 0.0000000000
86757  -49.344  0.689  22.711 0.0000000000
86758  -50.102  1.039  22.844 0.0000000000
86764  -31.731  0.501  21.492 0.0000000000
86765  -32.531  0.591  21.356 0.0000000000
86767  -47.600  0.584  21.445 0.0000000000
86768  -48.569  0.911  21.921 0.0000000000
86769  -49.149  1.216  21.978 0.0000000000
86773  -33.168  0.586  21.146 0.0000000000
86774  -33.785  0.508  20.683 0.0000000000
86775  -46.683  0.131  20.705 0.0000000000
86776  -47.289  0.699  20.430 0.0000000000
86779  -34.555  0.508  20.177 0.0000000000
86780  -35.295  0.542  19.533 0.0000000000
86781  -35.799  0.881  19.168 0.0000000000
86782  -46.729  0.254  19.722 0.0000000000
86783  -47.449  0.947  19.629 0.0000000000
86786  -35.782  0.319  19.086 0.0000000000
86787  -36.212  0.619  18.739 0.0000000000
86788  -36.873  0.572  18.183 0.0000000000
86789  -46.951  0.403  18.815 0.0000000000
86790  -47.555  1.082  18.683 0.0000000000
86794  -37.462  0.631  17.630 0.0000000000
86795  -37.977  0.666  17.146 0.0000000000
86796  -47.139  0.517  18.148 0.0000000000
86797  -47.521  0.916  17.679 0.0000000000
86801  -38.502  0.824  16.514 0.0000000000
86802  -39.074  0.703  15.731 0.0000000000
86803  -47.906  0.765  16.571 0.0000000000
86804  -48.509  1.166  16.234 0.0000000000
86808  -39.721  0.557  14.762 0.0000000000
86809  -40.221  0.223  14.743 0.0000000000
86810  -47.944  0.192  16.013 0.0000000000
86811  -48.666  0.652  15.592 0.0000000000
86812  -49.352  1.094  15.255 0.0000000000
86817  -39.996  0.829  13.567 0.0000000000
86818  -40.621  0.309  14.011 0.0000000000
86819  -41.607  0.155  13.909 0.0000000000
86820  -42.229  -0.064  14.093 0.0000000000
86821  -48.896  0.144  14.903 0.0000000000
86822  -49.578  0.638  14.548 0.0000000000
86823  -50.152  1.085  14.239 0.0000000000
86829  -40.100  1.073  12.650 0.0000000000
86830  -40.592  0.639  12.763 0.0000000000
86831  -41.490  0.333  12.979 0.0000000000
86832  -42.592  -0.052  13.329 0.0000000000
86833  -43.338  -0.315  13.161 0.0000000000
86834  -49.900  0.184  13.812 0.0000000000
86835  -50.510  0.587  13.737 0.0000000000
86836  -51.499  0.510  13.039 0.0000000000
86839  -40.071  1.255  12.191 0.0000000000
86840  -40.384  1.020  11.668 0.0000000000
86841  -41.339  0.587  11.806 0.0000000000
86842  -42.425  0.368  12.125 0.0000000000
86843  -43.595  -0.021  12.443 0.0000000000
86844  -44.599  -0.077  12.183 0.0000000000
86845  -45.524  -0.236  12.253 0.0000000000
86846  -46.565  -0.379  12.307 0.0000000000
86847  -47.309  -0.520  12.263 0.0000000000
86848  -52.305  0.514  12.231 0.0000000000
86849  -52.926  0.511  11.515 0.0000000000
86851  -40.589  1.300  10.878 0.0000000000
86852  -41.206  0.989  10.549 0.0000000000
86853  -42.272  0.588  10.933 0.0000000000
86854  -43.303  0.423  11.288 0.0000000000
86855  -44.272  0.316  11.474 0.0000000000
86856  -45.144  0.344  11.621 0.0000000000
86857  -46.093  0.414  11.709 0.0000000000
86858  -47.416  0.222  11.929 0.0000000000
86859  -48.525  0.381  11.481 0.0000000000
86860  -49.817  0.527  11.096 0.0000000000
86861  -50.784  0.076  10.916 0.0000000000
86862  -52.969  0.573  10.939 0.0000000000
86865  -41.579  1.217  9.798 0.0000000000
86866  -42.327  0.943  9.799 0.0000000000
86867  -43.203  0.718  10.362 0.0000000000
86868  -44.090  0.649  10.594 0.0000000000
86869  -44.927  0.661  10.908 0.0000000000
86870  -45.555  0.715  11.184 0.0000000000
86871  -50.228  1.207  10.770 0.0000000000
86872  -51.098  0.734  10.715 0.0000000000
86873  -51.993  0.736  10.509 0.0000000000
86874  -52.537  0.630  10.644 0.0000000000
86878  -42.910  1.302  9.623 0.0000000000
86879  -43.357  1.013  9.781 0.0000000000
86880  -43.862  0.816  10.057 0.0000000000
87513  -44.311  1.393  39.290 0.0000000000
87514  -44.724  1.453  39.475 0.0000000000
87515  -45.238  1.469  39.570 0.0000000000
87516  -45.892  1.428  39.366 0.0000000000
87520  -44.029  1.704  38.719 0.0000000000
87521  -44.426  1.853  39.000 0.0000000000
87522  -46.053  1.832  38.620 0.0000000000
87529  -42.895  1.482  37.153 0.0000000000
87530  -43.480  1.701  37.784 0.0000000000
87531  -46.412  1.877  37.897 0.0000000000
87532  -46.844  1.340  37.690 0.0000000000
87542  -42.559  1.858  36.525 0.0000000000
87543  -43.113  2.136  37.034 0.0000000000
87544  -46.507  2.375  37.361 0.0000000000
87545  -46.889  1.776  37.028 0.0000000000
87557  -40.644  1.298  34.833 0.0000000000
87558  -41.314  1.610  35.171 0.0000000000
87559  -42.028  1.763  35.831 0.0000000000
87560  -47.239  1.720  35.878 0.0000000000
87566  -39.336  1.711  33.984 0.0000000000
87567  -40.027  1.601  34.423 0.0000000000
87568  -40.731  1.902  34.597 0.0000000000
87569  -47.538  1.655  34.802 0.0000000000
87570  -47.837  1.008  34.516 0.0000000000
87573  -38.204  1.709  33.169 0.0000000000
87574  -38.737  1.787  33.560 0.0000000000
87575  -47.631  2.131  34.191 0.0000000000
87576  -47.893  1.518  33.845 0.0000000000
87579  -33.484  1.548  32.485 0.0000000000
87580  -34.117  1.440  32.140 0.0000000000
87581  -34.968  1.474  32.128 0.0000000000
87582  -35.943  1.564  32.321 0.0000000000
87583  -36.913  1.667  32.671 0.0000000000
87584  -37.682  1.715  32.955 0.0000000000
87585  -48.492  1.667  32.729 0.0000000000
87586  -48.786  0.997  32.338 0.0000000000
87590  -33.696  1.963  32.234 0.0000000000
87591  -33.837  1.788  32.159 0.0000000000
87592  -40.293  2.045  31.188 0.0000000000
87593  -41.071  1.871  31.207 0.0000000000
87594  -42.040  1.525  31.195 0.0000000000
87595  -43.143  1.542  31.017 0.0000000000
87596  -44.190  1.694  30.935 0.0000000000
87597  -44.733  1.863  30.853 0.0000000000
87598  -48.747  2.275  32.236 0.0000000000
87599  -48.931  1.648  31.836 0.0000000000
87601  -38.144  2.025  30.418 0.0000000000
87602  -38.751  1.837  30.594 0.0000000000
87603  -39.555  1.700  30.714 0.0000000000
87604  -40.456  1.421  30.641 0.0000000000
87605  -41.354  1.139  30.516 0.0000000000
87606  -42.461  0.873  30.013 0.0000000000
87607  -43.748  1.241  30.049 0.0000000000
87608  -44.808  1.742  30.161 0.0000000000
87609  -45.362  2.066  29.814 0.0000000000
87610  -49.409  1.899  30.912 0.0000000000
87617  -36.915  2.029  29.406 0.0000000000
87618  -37.578  1.832  29.849 0.0000000000
87619  -38.364  1.413  29.955 0.0000000000
87620  -38.977  1.340  30.263 0.0000000000
87621  -42.553  0.648  29.149 0.0000000000
87622  -43.285  0.824  28.842 0.0000000000
87623  -44.353  1.436  29.078 0.0000000000
87624  -45.175  1.914  29.176 0.0000000000
87625  -49.865  2.004  30.143 0.0000000000
87626  -50.120  1.904  29.360 0.0000000000
87632  -36.666  2.210  28.546 0.0000000000
87633  -37.342  1.495  28.848 0.0000000000
87634  -37.912  1.263  29.371 0.0000000000
87635  -43.411  0.829  27.663 0.0000000000
87636  -44.087  1.261  28.015 0.0000000000
87637  -44.922  1.744  28.180 0.0000000000
87638  -50.362  1.865  28.439 0.0000000000
87640  -36.817  2.259  27.871 0.0000000000
87641  -37.212  1.760  27.718 0.0000000000
87642  -37.809  1.300  27.256 0.0000000000
87643  -43.367  0.864  26.924 0.0000000000
87644  -43.871  1.171  27.089 0.0000000000
87645  -44.584  1.569  27.186 0.0000000000
87646  -50.733  1.507  27.494 0.0000000000
87647  -51.157  1.258  26.777 0.0000000000
87649  -37.635  1.848  26.676 0.0000000000
87650  -38.180  1.254  26.591 0.0000000000
87651  -43.553  1.046  26.354 0.0000000000
87652  -44.152  1.378  26.333 0.0000000000
87653  -44.901  1.738  26.245 0.0000000000
87654  -51.730  1.148  26.129 0.0000000000
87655  -52.092  0.926  25.847 0.0000000000
87657  -38.038  1.793  26.021 0.0000000000
87658  -38.596  1.429  25.668 0.0000000000
87659  -39.229  1.130  25.296 0.0000000000
87660  -43.684  1.155  25.621 0.0000000000
87661  -44.307  1.466  25.424 0.0000000000
87662  -45.081  1.819  25.249 0.0000000000
87663  -51.934  1.348  25.396 0.0000000000
87664  -52.158  0.782  25.286 0.0000000000
87666  -38.944  1.615  24.919 0.0000000000
87667  -39.630  1.381  24.586 0.0000000000
87668  -40.541  1.251  24.314 0.0000000000
87669  -41.421  1.180  24.171 0.0000000000
87670  -42.390  1.107  24.187 0.0000000000
87671  -43.496  1.169  24.579 0.0000000000
87672  -44.475  1.589  24.438 0.0000000000
87673  -45.221  1.933  24.341 0.0000000000
87674  -51.750  1.239  24.623 0.0000000000
87675  -52.074  0.665  24.974 0.0000000000
87677  -40.011  1.706  23.863 0.0000000000
87678  -40.713  1.735  23.528 0.0000000000
87679  -41.743  1.717  23.367 0.0000000000
87680  -42.777  1.547  23.343 0.0000000000
87681  -43.841  1.604  23.557 0.0000000000
87682  -44.777  1.894  23.481 0.0000000000
87683  -45.334  2.072  23.794 0.0000000000
87684  -50.792  1.295  23.308 0.0000000000
87685  -51.133  1.759  23.365 0.0000000000
87686  -51.261  2.330  22.521 0.0000000000
87688  -41.111  2.096  22.991 0.0000000000
87689  -41.533  2.149  22.957 0.0000000000
87690  -43.336  1.921  22.819 0.0000000000
87691  -44.106  2.002  22.837 0.0000000000
87692  -44.587  2.119  22.879 0.0000000000
87693  -49.982  1.266  22.502 0.0000000000
87694  -50.532  1.543  22.623 0.0000000000
87695  -51.075  2.113  22.055 0.0000000000
87696  -51.316  2.298  22.213 0.0000000000
87701  -31.237  1.383  21.601 0.0000000000
87702  -32.126  1.421  21.449 0.0000000000
87703  -32.889  1.380  21.295 0.0000000000
87704  -48.263  1.126  21.392 0.0000000000
87705  -48.829  1.413  21.395 0.0000000000
87706  -49.756  1.655  21.735 0.0000000000
87707  -50.713  2.131  21.418 0.0000000000
87708  -51.273  2.442  21.068 0.0000000000
87712  -33.515  1.382  21.000 0.0000000000
87713  -34.201  1.452  20.559 0.0000000000
87714  -48.070  1.299  20.647 0.0000000000
87715  -49.050  1.923  20.524 0.0000000000
87716  -50.197  2.348  20.351 0.0000000000
87717  -50.991  2.385  20.559 0.0000000000
87718  -51.347  2.613  20.478 0.0000000000
87722  -34.952  1.456  20.028 0.0000000000
87723  -35.585  1.508  19.506 0.0000000000
87724  -36.142  1.509  19.038 0.0000000000
87725  -48.245  1.651  19.528 0.0000000000
87726  -49.311  2.277  19.219 0.0000000000
87727  -50.071  2.468  19.514 0.0000000000
87728  -51.160  2.502  20.312 0.0000000000
87729  -51.281  2.598  20.165 0.0000000000
87733  -36.709  1.448  18.523 0.0000000000
87734  -37.280  1.425  17.956 0.0000000000
87735  -48.274  1.728  18.409 0.0000000000
87736  -48.970  2.249  18.009 0.0000000000
87740  -37.728  1.381  17.418 0.0000000000
87741  -38.150  1.457  17.000 0.0000000000
87742  -48.328  1.624  17.376 0.0000000000
87743  -49.072  2.117  17.094 0.0000000000
87744  -49.490  2.220  16.544 0.0000000000
87749  -38.511  1.705  16.579 0.0000000000
87750  -38.913  1.536  15.988 0.0000000000
87751  -48.539  1.503  16.669 0.0000000000
87752  -48.987  1.642  16.200 0.0000000000
87753  -49.549  1.985  15.903 0.0000000000
87758  -39.346  1.437  15.136 0.0000000000
87759  -49.274  1.426  15.624 0.0000000000
87760  -49.733  1.685  15.204 0.0000000000
87761  -50.137  1.919  14.814 0.0000000000
87766  -39.694  1.443  14.136 0.0000000000
87767  -50.025  1.409  14.584 0.0000000000
87768  -50.535  1.623  14.253 0.0000000000
87769  -51.069  1.916  13.715 0.0000000000
87775  -39.908  1.478  13.217 0.0000000000
87776  -51.093  1.213  13.531 0.0000000000
87777  -51.586  1.521  12.801 0.0000000000
87782  -39.975  1.508  12.533 0.0000000000
87783  -40.026  1.622  11.892 0.0000000000
87784  -52.210  1.518  11.713 0.0000000000
87785  -52.713  1.159  11.136 0.0000000000
87788  -40.290  1.833  10.976 0.0000000000
87789  -40.682  1.565  10.379 0.0000000000
87790  -45.976  0.858  11.177 0.0000000000
87791  -46.606  1.009  11.273 0.0000000000
87792  -47.700  1.097  11.215 0.0000000000
87793  -48.708  1.154  11.083 0.0000000000
87794  -52.201  1.753  11.004 0.0000000000
87795  -52.465  1.118  10.792 0.0000000000
87798  -40.462  2.264  9.930 0.0000000000
87799  -41.108  1.688  9.658 0.0000000000
87800  -41.782  1.475  9.411 0.0000000000
87801  -44.274  0.859  10.128 0.0000000000
87802  -44.768  0.957  10.287 0.0000000000
87803  -45.702  1.250  10.625 0.0000000000
87804  -46.896  1.653  10.644 0.0000000000
87805  -48.089  1.814  10.657 0.0000000000
87806  -49.396  1.729  10.734 0.0000000000
87807  -50.566  1.798  10.601 0.0000000000
87808  -51.718  1.530  10.664 0.0000000000
87809  -52.233  1.009  10.631 0.0000000000
87812  -40.755  2.610  8.968 0.0000000000
87813  -41.549  2.120  8.943 0.0000000000
87814  -42.491  1.793  9.289 0.0000000000
87815  -43.431  1.546  9.721 0.0000000000
87816  -44.298  1.266  9.911 0.0000000000
87817  -45.152  1.453  10.123 0.0000000000
87818  -45.568  1.648  10.178 0.0000000000
87822  -41.265  2.826  8.750 0.0000000000
87823  -41.622  2.737  8.843 0.0000000000
87824  -42.003  2.421  8.947 0.0000000000
88422  -44.986  1.880  39.259 0.0000000000
88423  -45.300  2.026  39.101 0.0000000000
88424  -45.652  2.102  38.803 0.0000000000
88427  -44.330  2.202  38.653 0.0000000000
88428  -44.754  2.481  38.711 0.0000000000
88429  -45.348  2.608  38.591 0.0000000000
88430  -45.809  2.590  38.234 0.0000000000
88434  -44.097  2.703  38.065 0.0000000000
88435  -44.493  3.167  38.172 0.0000000000
88436  -46.216  2.895  37.569 0.0000000000
88447  -42.826  2.829  36.674 0.0000000000
88448  -43.417  2.824  37.299 0.0000000000
88449  -46.507  2.905  36.904 0.0000000000
88450  -46.880  2.815  36.143 0.0000000000
88465  -41.764  2.496  35.364 0.0000000000
88466  -42.304  2.640  36.034 0.0000000000
88467  -47.245  2.804  35.199 0.0000000000
88473  -39.728  2.167  34.039 0.0000000000
88474  -40.312  2.554  34.125 0.0000000000
88475  -41.194  2.455  34.712 0.0000000000
88476  -47.606  2.774  34.405 0.0000000000
88479  -37.811  2.873  33.105 0.0000000000
88480  -38.211  2.590  33.186 0.0000000000
88481  -39.211  2.658  33.671 0.0000000000
88482  -39.875  3.102  33.693 0.0000000000
88483  -47.794  2.552  33.864 0.0000000000
88484  -48.179  2.756  33.279 0.0000000000
88487  -33.657  2.397  32.324 0.0000000000
88488  -34.357  2.282  32.080 0.0000000000
88489  -35.385  2.414  32.198 0.0000000000
88490  -36.324  2.548  32.480 0.0000000000
88491  -37.399  2.692  32.901 0.0000000000
88492  -37.891  2.214  33.059 0.0000000000
88493  -41.365  3.043  32.301 0.0000000000
88494  -42.216  2.888  32.460 0.0000000000
88495  -43.209  2.699  32.574 0.0000000000
88496  -44.262  2.691  32.523 0.0000000000
88497  -45.271  2.917  32.437 0.0000000000
88498  -46.058  3.364  32.339 0.0000000000
88499  -46.439  3.729  32.188 0.0000000000
88500  -48.802  3.085  32.489 0.0000000000
88501  -49.200  3.707  32.228 0.0000000000
88505  -33.886  2.067  32.089 0.0000000000
88506  -34.041  1.879  32.029 0.0000000000
88507  -38.268  2.972  31.348 0.0000000000
88508  -38.973  2.833  31.493 0.0000000000
88509  -39.749  2.564  31.479 0.0000000000
88510  -40.684  2.685  31.770 0.0000000000
88511  -41.658  2.398  31.806 0.0000000000
88512  -42.649  2.136  31.880 0.0000000000
88513  -43.723  2.095  31.789 0.0000000000
88514  -44.871  2.192  31.486 0.0000000000
88515  -45.882  2.751  31.621 0.0000000000
88516  -46.496  3.402  31.721 0.0000000000
88517  -48.918  2.559  32.034 0.0000000000
88518  -49.260  3.094  31.694 0.0000000000
88520  -36.838  2.885  30.384 0.0000000000
88521  -37.615  2.654  30.680 0.0000000000
88522  -38.468  2.454  30.945 0.0000000000
88523  -39.090  2.278  31.069 0.0000000000
88524  -45.036  1.974  30.770 0.0000000000
88525  -45.610  2.341  30.504 0.0000000000
88526  -46.469  3.073  30.871 0.0000000000
88527  -49.659  3.085  30.724 0.0000000000
88530  -35.852  3.135  29.333 0.0000000000
88531  -36.364  2.718  29.632 0.0000000000
88532  -37.019  2.375  30.025 0.0000000000
88533  -45.772  2.412  29.417 0.0000000000
88534  -46.431  2.949  29.847 0.0000000000
88535  -50.003  2.978  29.944 0.0000000000
88536  -50.236  2.933  29.222 0.0000000000
88542  -35.676  3.333  28.990 0.0000000000
88543  -36.075  3.000  28.664 0.0000000000
88544  -45.638  2.368  28.415 0.0000000000
88545  -46.347  2.956  28.801 0.0000000000
88546  -50.373  3.083  28.594 0.0000000000
88548  -36.619  2.835  27.745 0.0000000000
88549  -36.944  2.373  27.552 0.0000000000
88550  -45.423  2.235  27.203 0.0000000000
88551  -46.230  2.906  27.735 0.0000000000
88552  -50.557  2.683  27.852 0.0000000000
88553  -50.926  2.318  27.095 0.0000000000
88555  -36.772  3.171  27.158 0.0000000000
88556  -37.117  2.668  26.896 0.0000000000
88557  -45.618  2.272  25.994 0.0000000000
88558  -46.227  2.821  26.645 0.0000000000
88559  -51.257  2.146  26.393 0.0000000000
88561  -37.796  2.568  25.786 0.0000000000
88562  -38.191  2.035  25.542 0.0000000000
88563  -45.749  2.269  24.979 0.0000000000
88564  -46.344  2.729  25.588 0.0000000000
88565  -51.502  2.169  25.649 0.0000000000
88567  -37.902  2.926  25.094 0.0000000000
88568  -38.449  2.436  24.783 0.0000000000
88569  -39.023  1.904  24.443 0.0000000000
88570  -45.780  2.291  24.079 0.0000000000
88571  -46.426  2.675  24.555 0.0000000000
88572  -51.648  2.226  24.820 0.0000000000
88574  -38.687  2.923  24.038 0.0000000000
88575  -39.317  2.419  23.728 0.0000000000
88576  -40.056  2.077  23.478 0.0000000000
88577  -41.867  2.201  22.931 0.0000000000
88578  -42.199  1.942  22.997 0.0000000000
88579  -44.945  2.258  22.889 0.0000000000
88580  -45.514  2.342  23.277 0.0000000000
88581  -46.355  2.723  23.512 0.0000000000
88582  -51.518  2.380  23.859 0.0000000000
88583  -51.491  2.559  22.954 0.0000000000
88585  -39.615  2.959  23.113 0.0000000000
88586  -40.304  2.627  23.028 0.0000000000
88587  -41.410  2.720  22.769 0.0000000000
88588  -42.473  2.508  22.617 0.0000000000
88589  -43.544  2.652  22.398 0.0000000000
88590  -44.462  2.619  22.495 0.0000000000
88591  -45.273  2.726  22.549 0.0000000000
88592  -46.025  2.836  22.744 0.0000000000
88593  -51.399  2.369  22.041 0.0000000000
88594  -51.498  2.586  22.334 0.0000000000
88598  -30.776  2.279  21.537 0.0000000000
88599  -31.673  2.273  21.446 0.0000000000
88600  -32.631  2.391  21.266 0.0000000000
88601  -33.212  1.922  21.200 0.0000000000
88602  -51.538  2.618  21.541 0.0000000000
88603  -51.564  2.634  21.965 0.0000000000
88608  -33.009  3.040  21.028 0.0000000000
88609  -33.589  2.473  20.828 0.0000000000
88610  -34.530  2.422  20.283 0.0000000000
88611  -50.867  2.463  20.092 0.0000000000
88612  -51.116  2.395  20.264 0.0000000000
88613  -51.662  3.032  20.664 0.0000000000
88614  -51.758  3.181  20.141 0.0000000000
88618  -35.279  2.381  19.810 0.0000000000
88619  -35.935  2.356  19.358 0.0000000000
88620  -36.591  2.332  18.925 0.0000000000
88621  -50.038  2.520  18.989 0.0000000000
88622  -50.576  2.478  19.428 0.0000000000
88623  -51.131  2.520  19.772 0.0000000000
88624  -51.475  2.786  19.957 0.0000000000
88625  -51.719  3.031  19.920 0.0000000000
88629  -37.252  2.307  18.407 0.0000000000
88630  -37.834  2.267  17.732 0.0000000000
88631  -38.192  2.706  17.589 0.0000000000
88632  -49.689  2.515  18.286 0.0000000000
88633  -50.383  2.561  18.439 0.0000000000
88634  -51.015  2.478  18.776 0.0000000000
88635  -51.437  2.765  19.063 0.0000000000
88636  -51.649  2.960  19.441 0.0000000000
88640  -37.988  1.865  17.301 0.0000000000
88641  -38.390  2.349  17.157 0.0000000000
88642  -49.421  2.429  17.677 0.0000000000
88643  -49.929  2.579  17.341 0.0000000000
88644  -50.817  2.565  17.783 0.0000000000
88645  -51.347  2.729  18.186 0.0000000000
88650  -38.906  2.378  16.391 0.0000000000
88651  -39.353  2.328  15.607 0.0000000000
88652  -49.956  2.406  16.276 0.0000000000
88653  -50.577  2.613  16.721 0.0000000000
88654  -51.280  2.739  17.229 0.0000000000
88659  -39.718  2.301  14.669 0.0000000000
88660  -49.864  2.197  15.698 0.0000000000
88661  -50.290  2.372  15.528 0.0000000000
88662  -51.000  2.826  16.129 0.0000000000
88668  -39.976  2.339  13.534 0.0000000000
88669  -40.199  2.840  12.991 0.0000000000
88670  -50.428  2.162  14.811 0.0000000000
88671  -50.803  2.735  14.662 0.0000000000
88676  -39.922  1.910  12.862 0.0000000000
88677  -40.061  2.446  12.642 0.0000000000
88678  -43.485  3.341  12.763 0.0000000000
88679  -43.829  3.058  12.771 0.0000000000
88680  -44.489  2.952  12.624 0.0000000000
88681  -51.283  2.579  13.361 0.0000000000
88688  -39.902  1.961  12.327 0.0000000000
88689  -40.091  2.505  11.701 0.0000000000
88690  -43.512  3.270  12.268 0.0000000000
88691  -44.031  2.959  12.025 0.0000000000
88692  -44.827  2.952  11.835 0.0000000000
88693  -51.609  2.485  12.323 0.0000000000
88699  -40.136  2.930  10.500 0.0000000000
88700  -43.463  3.132  11.468 0.0000000000
88701  -44.118  2.779  11.148 0.0000000000
88702  -45.033  2.791  10.885 0.0000000000
88703  -51.125  3.281  11.021 0.0000000000
88704  -51.601  2.658  11.336 0.0000000000
88707  -40.194  3.276  9.411 0.0000000000
88708  -42.637  3.130  9.925 0.0000000000
88709  -43.163  2.868  10.432 0.0000000000
88710  -44.202  2.436  10.384 0.0000000000
88711  -45.224  2.407  10.257 0.0000000000
88712  -45.997  2.101  10.113 0.0000000000
88713  -47.312  2.541  10.369 0.0000000000
88714  -48.565  2.738  10.533 0.0000000000
88715  -49.784  2.738  10.568 0.0000000000
88716  -50.982  2.741  10.689 0.0000000000
88717  -51.694  2.187  10.865 0.0000000000
88722  -40.598  3.621  8.708 0.0000000000
88723  -42.114  3.514  9.256 0.0000000000
88724  -42.377  2.832  9.400 0.0000000000
88725  -43.329  2.205  9.799 0.0000000000
88726  -44.284  1.938  9.935 0.0000000000
88727  -45.085  1.817  10.004 0.0000000000
88728  -45.426  1.787  10.025 0.0000000000
88732  -40.979  3.237  8.571 0.0000000000
88733  -41.553  3.628  8.752 0.0000000000
88734  -41.876  2.870  8.923 0.0000000000
89331  -44.765  3.408  38.187 0.0000000000
89332  -45.174  3.248  38.295 0.0000000000
89333  -45.497  3.067  38.272 0.0000000000
89342  -43.806  3.383  37.409 0.0000000000
89343  -44.359  3.902  37.611 0.0000000000
89344  -45.100  3.989  37.971 0.0000000000
89345  -45.640  3.595  37.719 0.0000000000
89358  -42.635  3.248  36.213 0.0000000000
89359  -43.325  3.930  36.614 0.0000000000
89360  -44.150  4.452  36.977 0.0000000000
89361  -46.232  3.761  37.050 0.0000000000
89362  -46.640  3.791  36.422 0.0000000000
89378  -41.578  2.926  34.976 0.0000000000
89379  -42.236  3.341  35.441 0.0000000000
89380  -42.947  4.228  35.379 0.0000000000
89381  -47.136  3.859  35.648 0.0000000000
89387  -40.410  3.096  33.879 0.0000000000
89388  -41.221  3.136  34.319 0.0000000000
89389  -42.258  3.634  34.533 0.0000000000
89390  -43.154  4.117  34.557 0.0000000000
89391  -43.787  4.195  34.337 0.0000000000
89392  -47.621  3.871  34.655 0.0000000000
89393  -48.068  4.256  33.957 0.0000000000
89396  -37.871  3.117  33.019 0.0000000000
89397  -38.416  3.239  33.095 0.0000000000
89398  -39.269  3.372  33.226 0.0000000000
89399  -40.291  3.356  33.432 0.0000000000
89400  -41.406  3.446  33.622 0.0000000000
89401  -42.433  3.618  33.828 0.0000000000
89402  -43.338  3.778  33.865 0.0000000000
89403  -44.270  3.975  33.849 0.0000000000
89404  -45.106  4.049  33.615 0.0000000000
89405  -45.847  4.289  33.437 0.0000000000
89406  -47.962  3.426  33.880 0.0000000000
89407  -48.502  3.990  33.277 0.0000000000
89410  -34.049  3.293  32.167 0.0000000000
89411  -34.928  3.192  32.111 0.0000000000
89412  -35.758  3.210  32.274 0.0000000000
89413  -36.523  3.386  32.353 0.0000000000
89414  -37.565  3.382  32.482 0.0000000000
89415  -38.512  3.436  32.498 0.0000000000
89416  -39.478  3.441  32.628 0.0000000000
89417  -40.571  3.353  32.581 0.0000000000
89418  -41.769  3.420  32.979 0.0000000000
89419  -42.760  3.293  33.198 0.0000000000
89420  -43.746  3.300  33.237 0.0000000000
89421  -44.709  3.404  33.161 0.0000000000
89422  -45.572  3.672  32.988 0.0000000000
89423  -46.356  4.123  32.715 0.0000000000
89424  -49.068  4.212  32.600 0.0000000000
89425  -49.457  4.247  32.054 0.0000000000
89429  -36.650  3.679  31.734 0.0000000000
89430  -37.590  3.374  31.530 0.0000000000
89431  -38.738  3.362  31.913 0.0000000000
89432  -39.597  3.192  32.013 0.0000000000
89433  -40.135  3.033  31.956 0.0000000000
89434  -46.850  4.047  31.958 0.0000000000
89435  -47.262  4.297  31.508 0.0000000000
89436  -49.697  4.175  31.319 0.0000000000
89438  -35.430  3.924  30.229 0.0000000000
89439  -36.222  3.489  30.625 0.0000000000
89440  -37.070  3.163  30.819 0.0000000000
89441  -46.975  3.769  31.198 0.0000000000
89442  -47.452  4.359  30.830 0.0000000000
89443  -50.044  4.134  30.475 0.0000000000
89444  -50.289  4.467  29.931 0.0000000000
89447  -35.485  3.667  29.530 0.0000000000
89448  -35.921  3.213  29.818 0.0000000000
89449  -47.043  3.660  30.294 0.0000000000
89450  -47.562  4.461  29.819 0.0000000000
89451  -50.214  3.725  29.779 0.0000000000
89452  -50.344  4.059  29.199 0.0000000000
89458  -35.685  3.772  28.513 0.0000000000
89459  -36.160  3.435  27.997 0.0000000000
89460  -46.995  3.654  29.265 0.0000000000
89461  -47.547  4.430  28.718 0.0000000000
89462  -50.481  3.912  28.258 0.0000000000
89464  -35.980  3.944  27.769 0.0000000000
89465  -36.471  3.659  27.325 0.0000000000
89466  -46.883  3.625  28.210 0.0000000000
89467  -47.474  4.230  27.651 0.0000000000
89468  -50.772  3.559  27.383 0.0000000000
89469  -51.049  3.008  26.780 0.0000000000
89471  -36.958  3.578  26.734 0.0000000000
89472  -37.412  3.466  26.090 0.0000000000
89473  -46.795  3.547  27.162 0.0000000000
89474  -47.490  4.006  26.649 0.0000000000
89475  -50.966  3.799  26.844 0.0000000000
89476  -51.192  3.363  26.182 0.0000000000
89478  -37.738  3.475  25.309 0.0000000000
89479  -46.904  3.357  26.146 0.0000000000
89480  -47.657  3.811  25.663 0.0000000000
89481  -48.125  4.063  25.162 0.0000000000
89482  -51.387  3.305  25.239 0.0000000000
89484  -37.984  3.365  24.689 0.0000000000
89485  -38.325  3.385  24.189 0.0000000000
89486  -47.071  3.168  25.128 0.0000000000
89487  -47.741  3.657  24.671 0.0000000000
89488  -48.292  4.191  24.462 0.0000000000
89489  -51.418  3.341  24.293 0.0000000000
89491  -38.726  3.492  23.545 0.0000000000
89492  -39.258  3.261  23.182 0.0000000000
89493  -47.127  3.207  23.991 0.0000000000
89494  -47.905  3.933  23.547 0.0000000000
89495  -48.401  4.340  23.862 0.0000000000
89496  -51.530  3.423  23.240 0.0000000000
89497  -51.556  3.057  22.596 0.0000000000
89499  -39.018  3.858  22.962 0.0000000000
89500  -39.717  3.660  22.770 0.0000000000
89501  -40.756  3.724  22.513 0.0000000000
89502  -41.857  3.740  22.328 0.0000000000
89503  -42.970  3.672  21.913 0.0000000000
89504  -43.984  3.398  21.991 0.0000000000
89505  -44.868  3.313  21.991 0.0000000000
89506  -45.807  3.338  22.112 0.0000000000
89507  -46.950  3.630  22.599 0.0000000000
89508  -47.682  4.120  22.813 0.0000000000
89509  -51.488  3.620  22.333 0.0000000000
89510  -51.615  3.066  22.140 0.0000000000
89513  -30.426  3.136  21.395 0.0000000000
89514  -31.280  3.137  21.401 0.0000000000
89515  -31.957  2.985  21.288 0.0000000000
89516  -43.708  4.191  21.720 0.0000000000
89517  -44.442  4.134  21.692 0.0000000000
89518  -45.329  4.073  21.651 0.0000000000
89519  -46.266  4.062  21.752 0.0000000000
89520  -46.783  4.169  21.950 0.0000000000
89521  -51.652  3.434  21.360 0.0000000000
89522  -51.656  2.856  21.748 0.0000000000
89527  -31.741  3.557  21.163 0.0000000000
89528  -32.397  3.493  20.984 0.0000000000
89529  -33.224  3.646  20.607 0.0000000000
89530  -34.042  3.397  20.223 0.0000000000
89531  -51.703  3.549  20.112 0.0000000000
89532  -51.772  3.236  19.873 0.0000000000
89536  -34.866  3.324  19.880 0.0000000000
89537  -35.595  3.220  19.520 0.0000000000
89538  -36.295  3.227  19.171 0.0000000000
89539  -51.766  3.686  19.500 0.0000000000
89540  -51.760  3.326  19.404 0.0000000000
89545  -37.028  3.241  18.777 0.0000000000
89546  -37.761  3.286  18.160 0.0000000000
89547  -38.086  2.892  17.813 0.0000000000
89548  -51.635  2.958  18.442 0.0000000000
89549  -51.697  3.110  18.867 0.0000000000
89553  -38.019  3.843  17.827 0.0000000000
89554  -38.365  3.355  17.551 0.0000000000
89555  -51.659  3.142  17.802 0.0000000000
89556  -51.720  3.236  18.341 0.0000000000
89560  -38.875  3.237  16.816 0.0000000000
89561  -39.277  3.231  16.049 0.0000000000
89562  -45.389  3.946  15.946 0.0000000000
89563  -45.803  4.081  16.025 0.0000000000
89564  -51.518  3.308  16.811 0.0000000000
89568  -39.750  3.264  15.221 0.0000000000
89569  -44.225  3.718  14.935 0.0000000000
89570  -44.985  3.677  15.283 0.0000000000
89571  -46.004  3.953  15.448 0.0000000000
89572  -46.527  4.268  15.215 0.0000000000
89573  -51.243  3.493  15.714 0.0000000000
89578  -40.079  3.237  14.268 0.0000000000
89579  -40.210  3.354  13.363 0.0000000000
89580  -43.834  3.627  14.239 0.0000000000
89581  -44.747  3.413  14.230 0.0000000000
89582  -45.729  3.654  14.352 0.0000000000
89583  -46.474  4.126  14.618 0.0000000000
89584  -51.242  3.753  14.764 0.0000000000
89588  -40.173  3.370  12.385 0.0000000000
89589  -42.953  3.909  13.021 0.0000000000
89590  -43.440  3.557  13.310 0.0000000000
89591  -44.281  3.178  13.404 0.0000000000
89592  -45.420  3.284  12.958 0.0000000000
89593  -46.632  4.034  13.417 0.0000000000
89594  -47.155  4.434  12.922 0.0000000000
89595  -50.994  4.015  13.144 0.0000000000
89596  -51.206  3.616  13.802 0.0000000000
89600  -39.935  3.634  11.202 0.0000000000
89601  -42.731  4.028  12.369 0.0000000000
89602  -43.169  3.571  12.626 0.0000000000
89603  -45.743  3.348  11.484 0.0000000000
89604  -46.552  3.861  12.158 0.0000000000
89605  -46.959  4.270  12.580 0.0000000000
89606  -50.912  4.008  12.420 0.0000000000
89607  -51.221  3.312  12.842 0.0000000000
89614  -39.784  4.267  10.016 0.0000000000
89615  -42.535  3.980  11.351 0.0000000000
89616  -42.999  3.499  11.891 0.0000000000
89617  -45.869  3.122  10.523 0.0000000000
89618  -46.804  3.871  10.939 0.0000000000
89619  -47.514  4.264  10.702 0.0000000000
89620  -50.891  3.783  11.511 0.0000000000
89621  -51.332  3.271  12.050 0.0000000000
89627  -42.338  3.689  9.809 0.0000000000
89628  -42.485  3.614  10.313 0.0000000000
89629  -42.887  3.365  11.101 0.0000000000
89630  -45.924  2.693  10.252 0.0000000000
89631  -46.605  3.058  10.293 0.0000000000
89632  -47.784  3.726  10.365 0.0000000000
89633  -49.075  3.664  10.458 0.0000000000
89634  -50.037  3.601  10.643 0.0000000000
89635  -50.577  3.734  10.929 0.0000000000
89642  -42.397  3.402  9.664 0.0000000000
90252  -44.646  4.716  37.105 0.0000000000
90253  -45.149  4.579  37.408 0.0000000000
90254  -45.443  4.261  37.501 0.0000000000
90266  -43.668  4.723  35.848 0.0000000000
90267  -44.345  4.949  36.463 0.0000000000
90268  -45.315  5.184  36.797 0.0000000000
90269  -46.003  4.757  37.016 0.0000000000
90270  -46.417  4.333  36.666 0.0000000000
90280  -43.721  4.579  35.116 0.0000000000
90281  -44.517  4.977  35.518 0.0000000000
90282  -45.277  5.411  35.995 0.0000000000
90283  -46.354  5.158  36.474 0.0000000000
90284  -46.757  4.756  36.182 0.0000000000
90291  -43.769  4.394  34.683 0.0000000000
90292  -44.504  4.533  34.615 0.0000000000
90293  -45.705  5.226  34.925 0.0000000000
90294  -46.565  5.294  34.581 0.0000000000
90295  -47.397  4.703  35.219 0.0000000000
90296  -47.845  4.725  34.374 0.0000000000
90299  -44.829  4.294  34.068 0.0000000000
90300  -45.474  4.537  34.111 0.0000000000
90301  -46.721  4.947  33.681 0.0000000000
90302  -47.594  5.129  33.375 0.0000000000
90303  -48.328  4.753  33.699 0.0000000000
90307  -34.607  3.978  31.895 0.0000000000
90308  -35.428  3.697  31.986 0.0000000000
90309  -35.934  3.592  32.151 0.0000000000
90310  -47.154  4.540  32.488 0.0000000000
90311  -47.677  4.987  32.787 0.0000000000
90312  -48.854  4.820  33.071 0.0000000000
90313  -49.345  4.930  32.446 0.0000000000
90318  -34.287  4.728  31.259 0.0000000000
90319  -35.259  4.113  31.537 0.0000000000
90320  -35.967  3.807  31.881 0.0000000000
90321  -47.275  4.428  31.913 0.0000000000
90322  -47.743  4.844  31.691 0.0000000000
90323  -49.740  4.991  31.814 0.0000000000
90326  -34.547  4.890  30.347 0.0000000000
90327  -35.270  4.300  30.768 0.0000000000
90328  -35.900  3.962  31.341 0.0000000000
90329  -48.068  5.089  30.540 0.0000000000
90330  -50.101  5.082  31.100 0.0000000000
90331  -50.231  5.144  30.345 0.0000000000
90334  -34.620  5.062  29.557 0.0000000000
90335  -34.922  4.328  29.873 0.0000000000
90336  -48.384  5.441  29.329 0.0000000000
90337  -48.932  6.190  29.027 0.0000000000
90338  -50.329  5.141  29.652 0.0000000000
90344  -34.727  5.266  29.062 0.0000000000
90345  -35.016  4.621  28.816 0.0000000000
90346  -48.113  5.081  28.098 0.0000000000
90347  -48.750  5.927  28.388 0.0000000000
90348  -50.497  5.057  28.814 0.0000000000
90350  -35.694  4.532  27.966 0.0000000000
90351  -36.290  4.459  27.341 0.0000000000
90352  -48.086  4.724  27.081 0.0000000000
90353  -48.688  5.530  27.444 0.0000000000
90354  -50.827  4.944  27.762 0.0000000000
90355  -51.097  5.516  27.335 0.0000000000
90357  -36.844  4.312  26.828 0.0000000000
90358  -37.294  4.282  26.331 0.0000000000
90359  -48.116  4.411  26.143 0.0000000000
90360  -48.715  5.122  26.448 0.0000000000
90361  -50.911  4.286  27.195 0.0000000000
90362  -51.173  4.787  26.799 0.0000000000
90364  -37.596  4.316  25.622 0.0000000000
90365  -48.130  4.227  25.590 0.0000000000
90366  -48.603  4.714  25.307 0.0000000000
90367  -51.320  4.505  25.767 0.0000000000
90369  -37.774  4.266  24.650 0.0000000000
90370  -38.020  3.816  24.317 0.0000000000
90371  -48.766  4.742  24.183 0.0000000000
90372  -51.394  4.447  24.878 0.0000000000
90374  -37.762  4.725  24.088 0.0000000000
90375  -38.096  4.277  23.831 0.0000000000
90376  -48.073  4.379  22.891 0.0000000000
90377  -48.526  4.670  23.292 0.0000000000
90378  -51.451  4.567  23.962 0.0000000000
90380  -38.590  4.445  23.197 0.0000000000
90381  -39.222  4.662  22.803 0.0000000000
90382  -40.135  4.772  22.481 0.0000000000
90383  -41.231  4.992  22.147 0.0000000000
90384  -42.311  4.818  21.886 0.0000000000
90385  -47.106  4.392  22.039 0.0000000000
90386  -47.754  4.702  22.304 0.0000000000
90387  -48.304  4.778  22.709 0.0000000000
90388  -51.465  4.847  22.931 0.0000000000
90390  -30.208  3.843  21.202 0.0000000000
90391  -30.918  3.824  21.229 0.0000000000
90392  -31.398  3.739  21.187 0.0000000000
90393  -43.189  4.853  21.582 0.0000000000
90394  -44.012  4.964  21.513 0.0000000000
90395  -44.872  4.952  21.437 0.0000000000
90396  -45.811  4.892  21.434 0.0000000000
90397  -46.705  4.805  21.700 0.0000000000
90398  -47.253  4.853  21.892 0.0000000000
90399  -51.388  4.595  21.815 0.0000000000
90404  -30.570  4.431  20.802 0.0000000000
90405  -31.592  4.303  20.751 0.0000000000
90406  -32.520  4.324  20.481 0.0000000000
90407  -33.137  4.425  20.228 0.0000000000
90408  -33.673  4.154  20.132 0.0000000000
90409  -50.995  5.302  20.249 0.0000000000
90410  -51.380  4.638  20.602 0.0000000000
90416  -32.040  4.882  20.167 0.0000000000
90417  -32.676  4.976  19.918 0.0000000000
90418  -33.493  4.808  19.756 0.0000000000
90419  -34.368  4.365  19.681 0.0000000000
90420  -35.237  4.069  19.494 0.0000000000
90421  -35.886  3.920  19.266 0.0000000000
90422  -50.999  4.993  19.658 0.0000000000
90423  -51.523  4.190  19.454 0.0000000000
90424  -51.764  3.771  19.082 0.0000000000
90428  -34.952  4.749  19.259 0.0000000000
90429  -35.622  4.665  19.032 0.0000000000
90430  -36.504  4.252  18.756 0.0000000000
90431  -37.220  3.979  18.427 0.0000000000
90432  -51.056  4.714  18.747 0.0000000000
90433  -51.598  4.138  18.581 0.0000000000
90434  -51.747  3.557  18.559 0.0000000000
90437  -36.956  4.565  18.190 0.0000000000
90438  -37.580  4.358  17.892 0.0000000000
90439  -38.181  4.279  17.472 0.0000000000
90440  -43.692  5.093  16.915 0.0000000000
90441  -44.165  4.893  17.012 0.0000000000
90442  -45.058  4.810  17.115 0.0000000000
90443  -45.959  4.991  17.168 0.0000000000
90444  -51.305  4.527  18.077 0.0000000000
90445  -51.663  3.964  17.646 0.0000000000
90446  -51.728  3.460  18.075 0.0000000000
90450  -38.636  4.198  16.918 0.0000000000
90451  -39.037  3.929  16.356 0.0000000000
90452  -43.692  4.774  16.406 0.0000000000
90453  -44.527  4.217  16.207 0.0000000000
90454  -45.628  4.400  16.494 0.0000000000
90455  -46.514  4.888  16.584 0.0000000000
90456  -47.091  5.125  16.200 0.0000000000
90457  -51.534  4.151  16.412 0.0000000000
90461  -38.791  4.607  16.185 0.0000000000
90462  -39.319  4.282  15.620 0.0000000000
90463  -42.774  4.988  15.017 0.0000000000
90464  -43.434  4.366  15.286 0.0000000000
90465  -44.254  3.899  15.475 0.0000000000
90466  -46.159  4.292  16.108 0.0000000000
90467  -46.698  4.542  15.749 0.0000000000
90468  -47.359  5.188  15.476 0.0000000000
90469  -51.408  4.397  15.356 0.0000000000
90473  -39.789  4.261  14.657 0.0000000000
90474  -40.145  4.019  13.870 0.0000000000
90475  -42.789  4.855  14.360 0.0000000000
90476  -43.153  4.124  14.005 0.0000000000
90477  -46.943  4.589  14.976 0.0000000000
90478  -47.526  5.118  14.490 0.0000000000
90479  -50.971  5.487  13.703 0.0000000000
90480  -51.219  4.735  14.194 0.0000000000
90484  -39.852  4.734  13.859 0.0000000000
90485  -40.096  4.400  13.019 0.0000000000
90486  -42.721  4.623  13.215 0.0000000000
90487  -42.997  4.001  13.427 0.0000000000
90488  -47.027  4.491  14.201 0.0000000000
90489  -47.471  4.813  13.412 0.0000000000
90490  -50.925  4.957  13.050 0.0000000000
90491  -51.109  4.324  13.545 0.0000000000
90495  -39.956  4.527  11.841 0.0000000000
90496  -42.504  4.832  11.907 0.0000000000
90497  -46.984  4.333  12.155 0.0000000000
90498  -47.479  4.781  12.258 0.0000000000
90499  -48.048  5.214  11.681 0.0000000000
90500  -50.588  4.886  11.971 0.0000000000
90505  -47.060  4.334  11.692 0.0000000000
90506  -47.581  4.677  11.196 0.0000000000
90507  -48.424  5.283  11.029 0.0000000000
90508  -49.333  5.241  10.781 0.0000000000
90509  -50.184  4.771  11.093 0.0000000000
90514  -42.186  4.030  9.805 0.0000000000
90515  -47.950  4.589  10.630 0.0000000000
90516  -48.679  4.552  10.518 0.0000000000
90517  -49.594  4.385  10.600 0.0000000000
90518  -50.121  4.153  10.764 0.0000000000
91204  -45.866  5.315  36.726 0.0000000000
91205  -46.141  5.339  36.564 0.0000000000
91215  -45.873  5.536  36.369 0.0000000000
91216  -46.435  5.400  36.040 0.0000000000
91217  -46.993  5.209  35.493 0.0000000000
91225  -46.008  5.578  35.726 0.0000000000
91226  -46.635  5.465  35.145 0.0000000000
91227  -47.395  5.167  34.654 0.0000000000
91228  -47.964  5.067  34.005 0.0000000000
91231  -47.032  5.336  34.400 0.0000000000
91232  -47.638  5.228  33.819 0.0000000000
91233  -48.298  5.051  33.367 0.0000000000
91237  -48.107  5.206  33.051 0.0000000000
91238  -48.806  5.234  32.578 0.0000000000
91239  -49.338  5.329  32.022 0.0000000000
91245  -48.355  5.295  32.204 0.0000000000
91246  -49.017  5.560  31.750 0.0000000000
91247  -49.543  5.446  31.348 0.0000000000
91252  -48.570  5.399  31.235 0.0000000000
91253  -49.219  5.730  30.816 0.0000000000
91254  -49.873  5.819  30.510 0.0000000000
91255  -50.219  5.778  29.994 0.0000000000
91260  -48.723  5.698  30.340 0.0000000000
91261  -49.387  6.333  29.661 0.0000000000
91262  -50.027  6.311  29.776 0.0000000000
91263  -50.366  6.018  29.366 0.0000000000
91270  -34.930  5.608  28.626 0.0000000000
91271  -35.479  5.290  28.091 0.0000000000
91272  -49.391  6.631  28.654 0.0000000000
91273  -49.702  6.979  28.404 0.0000000000
91274  -50.655  6.006  28.487 0.0000000000
91276  -36.099  5.145  27.574 0.0000000000
91277  -37.019  5.169  27.034 0.0000000000
91278  -37.965  5.678  26.991 0.0000000000
91279  -38.304  5.927  27.015 0.0000000000
91280  -49.256  6.307  27.748 0.0000000000
91281  -49.685  6.856  27.944 0.0000000000
91282  -51.005  6.094  27.695 0.0000000000
91283  -51.193  6.013  26.959 0.0000000000
91285  -37.273  4.738  26.631 0.0000000000
91286  -37.687  5.339  26.305 0.0000000000
91287  -38.092  5.874  26.786 0.0000000000
91288  -49.315  5.929  26.813 0.0000000000
91289  -49.781  6.654  27.128 0.0000000000
91290  -51.428  5.688  26.170 0.0000000000
91292  -37.553  5.179  25.133 0.0000000000
91293  -49.319  5.636  25.743 0.0000000000
91294  -49.957  6.393  26.154 0.0000000000
91295  -51.510  5.343  25.410 0.0000000000
91297  -37.607  5.079  24.362 0.0000000000
91298  -49.279  5.464  24.619 0.0000000000
91299  -49.970  6.250  25.022 0.0000000000
91300  -51.532  5.550  24.700 0.0000000000
91302  -37.737  5.342  23.636 0.0000000000
91303  -38.203  4.902  23.379 0.0000000000
91304  -49.148  5.373  23.559 0.0000000000
91305  -49.805  6.126  23.869 0.0000000000
91306  -51.529  5.789  23.845 0.0000000000
91308  -37.762  5.990  23.079 0.0000000000
91309  -38.457  5.561  22.957 0.0000000000
91310  -39.538  5.762  22.645 0.0000000000
91311  -40.484  5.922  22.341 0.0000000000
91312  -41.242  6.150  22.129 0.0000000000
91313  -41.969  5.923  21.966 0.0000000000
91314  -48.062  5.428  22.028 0.0000000000
91315  -48.713  5.521  22.517 0.0000000000
91316  -49.475  5.980  23.023 0.0000000000
91317  -51.404  6.092  23.134 0.0000000000
91319  -42.770  5.797  21.689 0.0000000000
91320  -43.554  5.817  21.540 0.0000000000
91321  -44.407  5.884  21.448 0.0000000000
91322  -45.350  5.842  21.343 0.0000000000
91323  -46.327  5.764  21.427 0.0000000000
91324  -47.382  5.634  21.748 0.0000000000
91325  -48.268  6.017  21.839 0.0000000000
91326  -51.127  6.229  21.587 0.0000000000
91327  -51.353  5.886  22.264 0.0000000000
91330  -30.107  5.068  20.334 0.0000000000
91331  -31.047  5.067  20.223 0.0000000000
91332  -31.618  5.009  20.164 0.0000000000
91333  -50.917  5.865  20.794 0.0000000000
91334  -51.197  5.422  21.436 0.0000000000
91340  -29.626  5.762  19.908 0.0000000000
91341  -30.590  5.730  19.690 0.0000000000
91342  -31.791  5.667  19.436 0.0000000000
91343  -33.056  5.575  19.315 0.0000000000
91344  -33.998  5.217  19.167 0.0000000000
91345  -34.556  4.979  19.214 0.0000000000
91346  -50.676  5.863  19.899 0.0000000000
91349  -31.988  6.273  18.688 0.0000000000
91350  -32.580  6.160  18.715 0.0000000000
91351  -33.640  6.074  18.401 0.0000000000
91352  -34.883  5.447  18.632 0.0000000000
91353  -36.047  5.167  18.350 0.0000000000
91354  -36.597  4.845  18.236 0.0000000000
91355  -44.175  5.949  18.090 0.0000000000
91356  -45.030  6.137  18.143 0.0000000000
91357  -45.989  6.352  18.063 0.0000000000
91358  -46.450  6.663  17.755 0.0000000000
91359  -50.640  5.665  18.939 0.0000000000
91362  -33.878  6.417  17.739 0.0000000000
91363  -34.482  6.217  17.785 0.0000000000
91364  -35.584  5.992  17.458 0.0000000000
91365  -36.836  5.270  17.585 0.0000000000
91366  -37.845  4.990  17.227 0.0000000000
91367  -38.271  4.654  17.063 0.0000000000
91368  -43.024  5.582  17.130 0.0000000000
91369  -43.647  5.514  17.433 0.0000000000
91370  -44.591  5.413  17.637 0.0000000000
91371  -45.581  5.527  17.683 0.0000000000
91372  -46.701  6.000  17.243 0.0000000000
91373  -47.342  6.491  16.810 0.0000000000
91374  -50.970  5.417  17.789 0.0000000000
91375  -51.335  4.655  17.633 0.0000000000
91378  -35.845  6.347  16.762 0.0000000000
91379  -36.444  6.115  16.782 0.0000000000
91380  -37.537  5.837  16.414 0.0000000000
91381  -38.343  5.038  16.578 0.0000000000
91382  -42.814  5.541  16.507 0.0000000000
91383  -43.332  5.252  16.759 0.0000000000
91384  -46.963  5.469  16.599 0.0000000000
91385  -47.518  5.951  16.274 0.0000000000
91386  -51.177  5.885  16.579 0.0000000000
91387  -51.390  4.849  17.011 0.0000000000
91391  -37.879  6.154  15.702 0.0000000000
91392  -38.640  5.565  15.447 0.0000000000
91393  -39.315  4.856  15.051 0.0000000000
91394  -42.737  5.370  15.580 0.0000000000
91395  -43.187  5.046  16.119 0.0000000000
91396  -48.099  6.101  14.997 0.0000000000
91397  -48.591  6.738  14.663 0.0000000000
91398  -51.150  6.092  15.480 0.0000000000
91399  -51.541  5.141  15.981 0.0000000000
91403  -38.931  6.035  14.200 0.0000000000
91404  -39.407  5.227  14.432 0.0000000000
91405  -42.607  5.607  14.708 0.0000000000
91406  -48.074  5.723  13.782 0.0000000000
91407  -48.574  6.527  14.030 0.0000000000
91408  -50.952  6.033  14.343 0.0000000000
91409  -51.312  5.289  15.058 0.0000000000
91413  -39.029  6.260  13.625 0.0000000000
91414  -39.590  5.675  13.234 0.0000000000
91415  -39.980  5.045  12.536 0.0000000000
91416  -42.564  5.664  13.762 0.0000000000
91417  -48.068  5.484  12.749 0.0000000000
91418  -48.555  6.303  13.037 0.0000000000
91419  -50.724  6.130  13.284 0.0000000000
91423  -39.600  6.042  12.380 0.0000000000
91424  -39.783  5.509  12.053 0.0000000000
91425  -42.489  5.729  12.646 0.0000000000
91426  -48.050  5.374  12.130 0.0000000000
91427  -48.508  5.996  11.938 0.0000000000
91428  -50.493  5.885  12.351 0.0000000000
91433  -39.696  5.978  11.989 0.0000000000
91434  -42.329  5.842  11.429 0.0000000000
91435  -49.195  5.956  11.311 0.0000000000
91436  -49.824  5.821  11.198 0.0000000000
91437  -50.238  5.752  11.587 0.0000000000
92119  -49.716  6.809  29.290 0.0000000000
92120  -49.948  6.743  29.390 0.0000000000
92121  -50.191  6.538  29.431 0.0000000000
92129  -35.728  6.176  28.207 0.0000000000
92130  -36.863  6.449  27.963 0.0000000000
92131  -37.930  6.584  27.924 0.0000000000
92134  -49.593  6.792  29.132 0.0000000000
92135  -49.881  6.917  28.782 0.0000000000
92136  -50.264  6.601  28.958 0.0000000000
92138  -35.935  5.590  27.872 0.0000000000
92139  -36.529  5.727  27.677 0.0000000000
92140  -37.518  5.949  27.464 0.0000000000
92141  -38.473  6.306  27.387 0.0000000000
92143  -49.959  6.970  28.138 0.0000000000
92144  -50.440  6.707  27.947 0.0000000000
92145  -51.098  6.732  27.250 0.0000000000
92147  -37.819  6.151  26.302 0.0000000000
92148  -38.330  6.209  26.827 0.0000000000
92150  -50.179  6.930  27.437 0.0000000000
92151  -50.819  7.163  26.804 0.0000000000
92152  -51.336  6.753  26.398 0.0000000000
92154  -37.004  6.732  25.200 0.0000000000
92155  -37.328  6.308  25.528 0.0000000000
92156  -50.370  6.990  26.495 0.0000000000
92157  -50.803  7.474  25.852 0.0000000000
92158  -51.508  6.369  25.506 0.0000000000
92160  -36.898  6.683  24.815 0.0000000000
92161  -37.234  5.924  24.408 0.0000000000
92162  -50.453  7.007  25.467 0.0000000000
92163  -50.827  7.430  24.938 0.0000000000
92164  -51.498  6.559  24.614 0.0000000000
92166  -36.888  6.741  24.110 0.0000000000
92167  -37.374  6.506  23.504 0.0000000000
92168  -50.502  7.040  24.200 0.0000000000
92169  -50.843  7.450  24.367 0.0000000000
92170  -51.450  6.852  23.750 0.0000000000
92172  -37.999  6.768  22.819 0.0000000000
92173  -38.992  6.757  22.690 0.0000000000
92174  -39.941  6.890  22.453 0.0000000000
92175  -40.838  6.955  22.248 0.0000000000
92176  -41.706  6.928  22.113 0.0000000000
92177  -42.556  6.814  21.874 0.0000000000
92178  -43.126  7.125  21.705 0.0000000000
92179  -49.343  6.291  22.542 0.0000000000
92180  -49.961  6.790  22.871 0.0000000000
92181  -51.383  6.836  22.851 0.0000000000
92183  -43.160  6.503  21.651 0.0000000000
92184  -43.838  6.855  21.547 0.0000000000
92185  -44.885  6.820  21.431 0.0000000000
92186  -45.849  6.736  21.339 0.0000000000
92187  -46.814  6.740  21.417 0.0000000000
92188  -47.879  6.833  21.456 0.0000000000
92189  -49.093  6.810  21.878 0.0000000000
92190  -49.732  7.357  22.197 0.0000000000
92191  -50.670  6.877  21.317 0.0000000000
92192  -51.155  6.880  22.089 0.0000000000
92194  -50.406  6.852  20.320 0.0000000000
92201  -30.106  6.629  19.303 0.0000000000
92202  -30.916  6.294  19.076 0.0000000000
92203  -50.381  6.797  19.278 0.0000000000
92206  -30.727  6.934  18.679 0.0000000000
92207  -31.471  6.651  18.420 0.0000000000
92208  -32.182  6.585  18.187 0.0000000000
92209  -32.832  6.519  18.073 0.0000000000
92210  -41.741  6.848  18.086 0.0000000000
92211  -42.254  6.651  18.146 0.0000000000
92212  -43.280  6.325  18.196 0.0000000000
92213  -44.415  6.793  18.478 0.0000000000
92214  -45.424  7.077  18.402 0.0000000000
92215  -46.290  7.204  18.097 0.0000000000
92216  -50.510  6.708  18.187 0.0000000000
92219  -31.868  6.962  17.781 0.0000000000
92220  -32.467  6.917  17.481 0.0000000000
92221  -33.332  6.692  17.527 0.0000000000
92222  -34.072  6.638  17.237 0.0000000000
92223  -34.776  6.513  17.122 0.0000000000
92224  -41.730  6.636  17.527 0.0000000000
92225  -42.428  6.021  17.273 0.0000000000
92226  -43.066  5.816  17.545 0.0000000000
92227  -46.805  7.104  17.577 0.0000000000
92228  -47.293  7.026  17.110 0.0000000000
92229  -50.714  6.744  17.093 0.0000000000
92232  -32.959  7.176  17.037 0.0000000000
92233  -33.591  7.090  16.768 0.0000000000
92234  -34.434  6.966  16.532 0.0000000000
92235  -35.304  6.661  16.565 0.0000000000
92236  -36.055  6.600  16.272 0.0000000000
92237  -36.755  6.436  16.136 0.0000000000
92238  -41.702  6.536  16.578 0.0000000000
92239  -42.268  6.033  16.112 0.0000000000
92240  -47.834  6.989  16.539 0.0000000000
92241  -48.379  7.240  16.085 0.0000000000
92242  -50.796  6.912  16.032 0.0000000000
92246  -34.902  7.144  16.023 0.0000000000
92247  -35.562  7.080  15.802 0.0000000000
92248  -36.436  6.918  15.592 0.0000000000
92249  -37.278  6.547  15.575 0.0000000000
92250  -37.947  6.414  15.261 0.0000000000
92251  -41.799  6.699  15.538 0.0000000000
92252  -42.351  6.205  15.182 0.0000000000
92253  -48.122  6.666  15.855 0.0000000000
92254  -48.644  7.069  15.302 0.0000000000
92255  -50.643  6.994  14.993 0.0000000000
92259  -36.916  7.041  15.125 0.0000000000
92260  -37.524  6.964  14.821 0.0000000000
92261  -38.263  6.517  14.628 0.0000000000
92262  -42.015  6.816  14.804 0.0000000000
92263  -42.350  6.485  14.279 0.0000000000
92264  -49.018  7.136  14.368 0.0000000000
92265  -49.553  7.269  13.912 0.0000000000
92266  -50.308  7.133  13.865 0.0000000000
92270  -37.893  7.089  14.208 0.0000000000
92271  -38.499  6.800  13.727 0.0000000000
92272  -39.039  6.478  13.282 0.0000000000
92273  -42.482  6.624  13.250 0.0000000000
92274  -49.069  6.948  13.432 0.0000000000
92275  -49.689  7.119  13.012 0.0000000000
92276  -50.260  6.740  12.671 0.0000000000
92280  -38.752  6.955  13.075 0.0000000000
92281  -39.199  6.591  12.654 0.0000000000
92282  -42.418  6.715  12.166 0.0000000000
92283  -49.120  6.739  12.493 0.0000000000
92284  -49.739  6.835  12.124 0.0000000000
92285  -50.172  6.451  11.840 0.0000000000
92290  -39.494  6.425  11.929 0.0000000000
92291  -39.727  5.947  11.584 0.0000000000
92292  -42.376  6.749  11.210 0.0000000000
92293  -49.264  6.499  11.799 0.0000000000
92294  -49.741  6.421  11.515 0.0000000000
92295  -50.048  6.225  11.431 0.0000000000
92300  -39.611  6.406  11.132 0.0000000000
92301  -39.779  5.433  10.840 0.0000000000
92302  -42.180  6.135  10.180 0.0000000000
92306  -39.687  6.305  10.357 0.0000000000
92307  -42.074  6.212  9.297 0.0000000000
92311  -40.897  4.956  8.230 0.0000000000
92312  -41.129  5.255  8.326 0.0000000000
93047  -36.957  7.586  26.124 0.0000000000
93048  -37.829  6.945  26.433 0.0000000000
93049  -38.807  6.976  26.933 0.0000000000
93051  -51.221  7.361  25.941 0.0000000000
93052  -51.387  7.001  25.810 0.0000000000
93054  -36.716  7.191  25.315 0.0000000000
93055  -37.198  6.975  25.856 0.0000000000
93056  -51.109  7.464  25.194 0.0000000000
93057  -51.354  7.096  25.287 0.0000000000
93059  -36.535  7.374  24.357 0.0000000000
93060  -51.044  7.521  24.488 0.0000000000
93061  -51.285  7.226  24.562 0.0000000000
93063  -36.904  7.409  23.646 0.0000000000
93064  -37.405  7.437  23.080 0.0000000000
93065  -50.524  7.302  23.250 0.0000000000
93066  -50.895  7.501  23.793 0.0000000000
93067  -51.178  7.361  23.981 0.0000000000
93069  -37.922  7.656  22.680 0.0000000000
93070  -38.587  7.571  22.589 0.0000000000
93071  -39.430  7.851  22.468 0.0000000000
93072  -40.372  7.940  22.376 0.0000000000
93073  -41.264  7.753  22.136 0.0000000000
93074  -42.267  7.796  21.903 0.0000000000
93075  -42.815  7.435  21.783 0.0000000000
93076  -50.228  7.372  22.427 0.0000000000
93077  -50.774  7.441  22.924 0.0000000000
93078  -51.186  7.341  23.324 0.0000000000
93080  -39.628  8.338  22.199 0.0000000000
93081  -39.908  8.250  22.300 0.0000000000
93082  -42.721  8.222  21.565 0.0000000000
93083  -43.315  7.849  21.600 0.0000000000
93084  -44.461  7.779  21.482 0.0000000000
93085  -45.449  7.670  21.425 0.0000000000
93086  -46.268  7.506  21.307 0.0000000000
93087  -47.140  7.912  21.162 0.0000000000
93088  -48.415  7.908  21.161 0.0000000000
93089  -49.577  7.944  21.534 0.0000000000
93090  -50.497  7.390  21.991 0.0000000000
93091  -51.076  7.306  22.638 0.0000000000
93093  -47.176  8.540  20.909 0.0000000000
93094  -47.653  8.462  20.866 0.0000000000
93095  -49.614  8.365  20.895 0.0000000000
93096  -50.148  7.946  20.768 0.0000000000
93103  -30.322  7.657  18.845 0.0000000000
93104  -40.626  7.760  19.139 0.0000000000
93105  -41.409  7.831  19.306 0.0000000000
93106  -42.310  7.918  19.377 0.0000000000
93107  -43.247  8.024  19.412 0.0000000000
93108  -44.119  8.252  19.354 0.0000000000
93109  -44.601  8.445  19.317 0.0000000000
93110  -50.020  8.336  19.144 0.0000000000
93111  -50.171  7.865  19.650 0.0000000000
93114  -31.098  7.684  18.090 0.0000000000
93115  -31.555  7.221  17.851 0.0000000000
93116  -40.176  7.531  18.347 0.0000000000
93117  -40.962  7.392  18.532 0.0000000000
93118  -41.802  7.262  18.617 0.0000000000
93119  -42.755  7.200  18.864 0.0000000000
93120  -43.771  7.412  18.904 0.0000000000
93121  -44.857  7.944  18.958 0.0000000000
93122  -46.004  7.981  18.665 0.0000000000
93123  -47.079  7.995  18.058 0.0000000000
93124  -47.800  8.303  17.965 0.0000000000
93125  -49.918  8.467  18.776 0.0000000000
93126  -50.226  7.933  18.557 0.0000000000
93129  -31.448  8.219  17.667 0.0000000000
93130  -31.987  7.780  17.314 0.0000000000
93131  -32.578  7.408  17.051 0.0000000000
93132  -39.939  7.530  17.270 0.0000000000
93133  -40.633  7.254  17.636 0.0000000000
93134  -41.283  6.985  17.942 0.0000000000
93135  -47.304  7.499  17.502 0.0000000000
93136  -48.076  7.817  17.262 0.0000000000
93137  -48.742  8.187  16.935 0.0000000000
93138  -50.174  8.225  16.888 0.0000000000
93139  -50.380  7.772  17.465 0.0000000000
93142  -32.394  8.301  16.716 0.0000000000
93143  -32.948  7.862  16.368 0.0000000000
93144  -33.954  7.441  16.045 0.0000000000
93145  -34.494  7.303  15.956 0.0000000000
93146  -39.893  7.790  16.309 0.0000000000
93147  -40.511  7.401  16.621 0.0000000000
93148  -41.139  6.968  17.050 0.0000000000
93149  -48.317  7.502  16.524 0.0000000000
93150  -48.916  7.908  16.173 0.0000000000
93151  -49.823  8.169  16.277 0.0000000000
93152  -50.417  7.677  16.538 0.0000000000
93155  -33.276  8.279  15.674 0.0000000000
93156  -33.660  7.925  15.515 0.0000000000
93157  -34.705  7.613  15.189 0.0000000000
93158  -35.939  7.375  15.073 0.0000000000
93159  -36.521  7.223  15.085 0.0000000000
93160  -39.866  8.038  15.747 0.0000000000
93161  -40.442  7.812  15.518 0.0000000000
93162  -41.161  7.160  15.984 0.0000000000
93163  -49.270  7.535  15.005 0.0000000000
93164  -49.716  7.881  15.355 0.0000000000
93165  -50.340  7.701  15.621 0.0000000000
93169  -34.926  8.024  14.420 0.0000000000
93170  -35.659  7.915  14.244 0.0000000000
93171  -36.754  7.419  14.471 0.0000000000
93172  -37.434  7.271  14.243 0.0000000000
93173  -40.715  7.992  14.822 0.0000000000
93174  -41.391  7.502  14.621 0.0000000000
93175  -42.006  7.038  14.381 0.0000000000
93176  -49.409  7.449  14.419 0.0000000000
93177  -49.748  7.623  14.503 0.0000000000
93178  -50.213  7.642  14.804 0.0000000000
93182  -35.967  8.194  13.669 0.0000000000
93183  -36.496  7.965  13.723 0.0000000000
93184  -37.599  7.616  13.467 0.0000000000
93185  -38.374  7.265  13.200 0.0000000000
93186  -41.771  7.842  13.493 0.0000000000
93187  -42.115  7.235  13.806 0.0000000000
93191  -37.824  7.953  12.712 0.0000000000
93192  -38.540  7.516  12.440 0.0000000000
93193  -39.150  6.923  12.162 0.0000000000
93194  -41.843  8.063  12.913 0.0000000000
93195  -42.240  7.626  12.711 0.0000000000
93199  -38.845  7.792  11.341 0.0000000000
93200  -39.238  7.081  11.597 0.0000000000
93201  -42.391  7.510  11.622 0.0000000000
93205  -38.990  7.927  10.813 0.0000000000
93206  -39.427  7.255  10.538 0.0000000000
93207  -42.442  7.381  10.574 0.0000000000
93211  -40.042  6.239  9.092 0.0000000000
93212  -40.987  6.056  8.076 0.0000000000
93213  -41.734  6.177  8.546 0.0000000000
93214  -42.315  7.152  9.335 0.0000000000
93218  -40.270  7.374  8.143 0.0000000000
93219  -40.746  7.152  7.891 0.0000000000
93220  -41.548  7.208  7.878 0.0000000000
93221  -42.172  7.443  8.312 0.0000000000
93951  -36.172  8.045  25.773 0.0000000000
93953  -35.505  8.831  24.408 0.0000000000
93954  -36.018  8.035  24.801 0.0000000000
93956  -35.572  8.984  23.760 0.0000000000
93957  -36.216  8.343  23.477 0.0000000000
93958  -36.946  7.871  23.198 0.0000000000
93960  -36.506  8.697  22.363 0.0000000000
93961  -37.313  8.210  22.611 0.0000000000
93962  -38.288  8.079  22.323 0.0000000000
93963  -38.850  8.057  22.392 0.0000000000
93964  -40.466  8.346  22.151 0.0000000000
93965  -40.821  8.315  22.048 0.0000000000
93966  -41.510  8.259  21.864 0.0000000000
93968  -36.440  8.803  21.712 0.0000000000
93969  -37.028  8.621  21.767 0.0000000000
93970  -37.894  8.400  21.756 0.0000000000
93971  -39.001  8.323  21.870 0.0000000000
93972  -40.125  8.530  21.857 0.0000000000
93973  -41.093  8.561  21.503 0.0000000000
93974  -42.107  8.477  21.413 0.0000000000
93975  -43.186  8.555  21.188 0.0000000000
93976  -44.165  8.544  21.324 0.0000000000
93977  -45.125  8.574  21.377 0.0000000000
93978  -46.072  8.346  21.155 0.0000000000
93979  -46.751  8.610  20.942 0.0000000000
93980  -48.932  8.351  21.032 0.0000000000
93981  -49.208  8.479  20.871 0.0000000000
93987  -36.527  8.719  21.099 0.0000000000
93988  -37.277  8.480  20.926 0.0000000000
93989  -38.257  8.313  20.843 0.0000000000
93990  -39.352  8.313  20.771 0.0000000000
93991  -40.454  8.493  20.737 0.0000000000
93992  -41.489  8.637  20.752 0.0000000000
93993  -42.486  8.654  20.693 0.0000000000
93994  -43.425  8.787  20.549 0.0000000000
93995  -45.614  8.911  21.117 0.0000000000
93996  -46.148  8.981  20.746 0.0000000000
93997  -47.119  8.939  20.573 0.0000000000
93998  -48.370  8.739  20.543 0.0000000000
93999  -49.378  8.606  20.266 0.0000000000
94000  -49.905  8.392  19.897 0.0000000000
94008  -36.481  8.683  20.077 0.0000000000
94009  -37.456  8.280  19.867 0.0000000000
94010  -38.491  8.063  19.697 0.0000000000
94011  -39.731  7.920  19.424 0.0000000000
94012  -40.935  8.181  19.956 0.0000000000
94013  -41.892  8.459  19.999 0.0000000000
94014  -42.841  8.510  20.008 0.0000000000
94015  -43.765  8.744  19.883 0.0000000000
94016  -44.499  8.815  19.654 0.0000000000
94017  -45.189  9.052  19.744 0.0000000000
94018  -46.130  9.261  19.988 0.0000000000
94019  -47.449  9.118  19.675 0.0000000000
94020  -48.577  8.907  19.467 0.0000000000
94021  -49.546  8.621  19.220 0.0000000000
94022  -50.007  8.424  19.491 0.0000000000
94026  -36.732  8.579  18.900 0.0000000000
94027  -37.631  8.143  18.686 0.0000000000
94028  -38.572  7.902  18.422 0.0000000000
94029  -39.338  7.669  17.925 0.0000000000
94030  -44.945  8.650  19.352 0.0000000000
94031  -45.619  8.717  19.233 0.0000000000
94032  -46.638  8.901  18.908 0.0000000000
94033  -47.788  8.772  18.597 0.0000000000
94034  -48.787  8.729  18.475 0.0000000000
94035  -49.637  8.578  18.189 0.0000000000
94036  -50.117  8.367  17.742 0.0000000000
94042  -37.826  8.284  17.544 0.0000000000
94043  -38.607  8.058  17.218 0.0000000000
94044  -39.290  7.855  16.801 0.0000000000
94045  -48.261  8.473  17.951 0.0000000000
94046  -48.879  8.496  17.504 0.0000000000
94047  -49.663  8.429  17.150 0.0000000000
94048  -50.142  8.317  17.294 0.0000000000
94054  -37.974  8.563  16.451 0.0000000000
94055  -38.787  8.301  16.268 0.0000000000
94056  -39.416  8.126  15.958 0.0000000000
94057  -49.110  8.333  16.850 0.0000000000
94058  -49.376  8.271  16.598 0.0000000000
94063  -33.878  8.133  14.832 0.0000000000
94064  -38.437  8.693  15.735 0.0000000000
94065  -39.069  8.526  15.552 0.0000000000
94066  -39.747  8.358  15.222 0.0000000000
94067  -40.329  8.216  14.884 0.0000000000
94073  -34.401  8.365  14.300 0.0000000000
94074  -35.039  8.331  14.002 0.0000000000
94075  -40.094  8.520  14.628 0.0000000000
94076  -40.674  8.362  14.278 0.0000000000
94077  -41.299  8.165  13.784 0.0000000000
94083  -34.732  8.837  13.575 0.0000000000
94084  -35.539  8.554  13.445 0.0000000000
94085  -36.222  8.421  13.294 0.0000000000
94086  -36.838  8.257  13.189 0.0000000000
94087  -40.959  8.635  13.378 0.0000000000
94088  -41.501  8.311  13.105 0.0000000000
94093  -35.978  8.795  12.980 0.0000000000
94094  -36.529  8.728  12.707 0.0000000000
94095  -37.289  8.362  12.636 0.0000000000
94096  -37.878  8.226  12.297 0.0000000000
94097  -41.260  8.716  12.746 0.0000000000
94098  -41.746  8.415  12.337 0.0000000000
94099  -42.201  8.100  11.885 0.0000000000
94104  -36.916  8.893  12.209 0.0000000000
94105  -37.464  8.750  11.874 0.0000000000
94106  -38.202  8.313  11.717 0.0000000000
94107  -42.035  8.555  11.616 0.0000000000
94108  -42.403  8.264  11.105 0.0000000000
94114  -37.875  8.857  11.328 0.0000000000
94115  -38.505  8.516  10.886 0.0000000000
94116  -39.073  8.098  10.434 0.0000000000
94117  -42.632  8.292  9.997 0.0000000000
94122  -38.857  8.615  10.251 0.0000000000
94123  -39.436  8.120  9.624 0.0000000000
94124  -42.418  8.370  8.822 0.0000000000
94128  -39.913  8.029  8.402 0.0000000000
94129  -40.531  8.205  7.634 0.0000000000
94130  -41.291  8.095  7.492 0.0000000000
94131  -42.140  8.441  7.711 0.0000000000
94137  -41.029  8.767  7.349 0.0000000000
94138  -41.579  8.972  7.356 0.0000000000
94139  -42.009  9.128  7.400 0.0000000000
94875  -35.444  9.276  23.141 0.0000000000
94876  -35.940  8.964  22.634 0.0000000000
94879  -35.466  9.355  22.223 0.0000000000
94880  -35.970  9.001  21.934 0.0000000000
94883  -35.467  9.398  21.338 0.0000000000
94884  -36.040  8.931  21.353 0.0000000000
94885  -44.052  9.046  20.954 0.0000000000
94886  -44.790  9.099  21.170 0.0000000000
94887  -45.254  9.045  21.199 0.0000000000
94894  -35.910  9.015  20.695 0.0000000000
94895  -44.143  9.086  20.366 0.0000000000
94896  -44.732  9.233  20.639 0.0000000000
94897  -45.435  9.217  20.801 0.0000000000
94898  -45.852  9.199  20.500 0.0000000000
94905  -35.774  9.153  19.953 0.0000000000
94906  -44.251  9.046  19.976 0.0000000000
94907  -44.677  9.168  20.102 0.0000000000
94908  -45.309  9.250  20.291 0.0000000000
94909  -45.660  9.265  20.390 0.0000000000
94935  -38.756  8.909  15.086 0.0000000000
94936  -39.272  8.662  15.071 0.0000000000
94944  -39.570  8.910  14.494 0.0000000000
94945  -40.157  8.689  14.288 0.0000000000
94950  -35.162  9.175  12.921 0.0000000000
94951  -35.652  8.952  12.955 0.0000000000
94953  -39.578  9.548  13.508 0.0000000000
94954  -40.281  8.926  13.764 0.0000000000
94961  -35.928  9.275  12.432 0.0000000000
94962  -36.540  9.105  12.240 0.0000000000
94963  -39.956  9.709  12.837 0.0000000000
94964  -40.665  9.303  12.607 0.0000000000
94965  -41.327  8.895  12.296 0.0000000000
94971  -35.767  9.891  11.738 0.0000000000
94972  -36.757  9.505  11.578 0.0000000000
94973  -37.468  9.169  11.395 0.0000000000
94974  -40.964  9.538  11.807 0.0000000000
94975  -41.595  9.174  11.520 0.0000000000
94976  -42.122  8.758  11.233 0.0000000000
94981  -37.052  9.904  10.914 0.0000000000
94982  -37.743  9.496  10.669 0.0000000000
94983  -38.474  9.005  10.441 0.0000000000
94984  -41.952  9.503  10.475 0.0000000000
94985  -42.292  8.956  10.667 0.0000000000
94988  -38.053  9.894  9.899 0.0000000000
94989  -38.689  9.287  9.794 0.0000000000
94990  -39.366  9.124  8.815 0.0000000000
94992  -42.370  9.422  9.539 0.0000000000
94995  -40.045  9.304  7.663 0.0000000000
94996  -40.658  8.964  7.385 0.0000000000
94997  -42.216  9.855  7.832 0.0000000000
94998  -42.337  9.370  8.353 0.0000000000
95002  -40.371  10.011  7.160 0.0000000000
95003  -40.968  9.627  7.139 0.0000000000
95004  -41.814  9.755  7.387 0.0000000000
95005  -42.174  9.328  7.671 0.0000000000
95779  -40.112  9.779  12.460 0.0000000000
95790  -41.129  9.701  11.437 0.0000000000
95808  -38.875  9.694  9.075 0.0000000000
95811  -42.313  9.928  8.849 0.0000000000
130219  -41.071  4.044  8.447 0.0000000000
130220  -40.176  4.368  8.987 0.0000000000
130221  -40.978  3.809  8.495 0.0000000000
130222  -41.710  4.340  8.775 0.0000000000
130223  -41.889  4.223  8.968 0.0000000000
130224  -41.458  4.822  8.568 0.0000000000
130225  -42.056  4.023  9.240 0.0000000000
130226  -42.053  4.589  9.378 0.0000000000
130227  -41.124  5.005  8.241 0.0000000000
130228  -39.832  4.434  10.936 0.0000000000
130229  -41.195  4.260  8.454 0.0000000000
130230  -40.855  4.735  8.418 0.0000000000
130231  -42.234  3.735  9.514 0.0000000000
130232  -42.125  4.367  9.657 0.0000000000
130233  -41.894  4.719  9.003 0.0000000000
130234  -42.159  4.805  10.341 0.0000000000
130235  -42.091  5.433  9.940 0.0000000000
130236  -41.977  5.363  9.353 0.0000000000
