#!ascii label  , from subject FREESURFER vox2ras=TkReg 
1748
18182  -9.523  -68.201  45.126 0.0000000000
18186  -9.553  -68.183  44.805 0.0000000000
19118  -8.831  -67.365  44.801 0.0000000000
19119  -9.047  -67.589  45.019 0.0000000000
19120  -9.915  -67.925  45.626 0.0000000000
19121  -10.518  -67.413  45.777 0.0000000000
19124  -8.828  -67.314  44.609 0.0000000000
19125  -9.203  -67.717  44.633 0.0000000000
19126  -9.738  -67.951  44.515 0.0000000000
19132  -8.812  -67.257  44.233 0.0000000000
19133  -9.280  -67.433  44.048 0.0000000000
19134  -10.146  -67.436  44.023 0.0000000000
19135  -11.149  -67.361  43.967 0.0000000000
20062  -11.315  -67.256  46.098 0.0000000000
20063  -12.366  -66.686  46.320 0.0000000000
20064  -13.406  -66.568  46.702 0.0000000000
20065  -14.006  -66.530  47.049 0.0000000000
20068  -8.781  -67.160  44.784 0.0000000000
20069  -9.146  -67.127  45.237 0.0000000000
20070  -9.951  -66.864  45.454 0.0000000000
20071  -10.821  -66.781  45.607 0.0000000000
20072  -11.584  -66.551  45.798 0.0000000000
20075  -8.163  -66.401  43.707 0.0000000000
20076  -8.518  -66.768  44.234 0.0000000000
20077  -8.828  -66.656  44.659 0.0000000000
20078  -9.332  -66.544  44.993 0.0000000000
20083  -7.974  -66.211  43.157 0.0000000000
20084  -8.716  -66.711  43.629 0.0000000000
20085  -9.708  -66.846  43.586 0.0000000000
20086  -10.688  -66.805  43.562 0.0000000000
20087  -11.732  -66.605  43.543 0.0000000000
20093  -7.983  -65.990  42.735 0.0000000000
20094  -8.488  -66.190  42.907 0.0000000000
20095  -9.356  -66.280  43.068 0.0000000000
20096  -10.364  -66.291  43.076 0.0000000000
20097  -11.172  -66.265  43.162 0.0000000000
21043  -15.529  -65.582  48.906 0.0000000000
21055  -14.658  -66.016  47.408 0.0000000000
21056  -15.111  -65.682  47.788 0.0000000000
21061  -12.577  -66.175  46.078 0.0000000000
21062  -13.085  -65.951  46.199 0.0000000000
21063  -14.227  -65.793  46.873 0.0000000000
21064  -14.842  -64.932  47.033 0.0000000000
21067  -10.471  -66.430  45.322 0.0000000000
21068  -11.112  -66.058  45.347 0.0000000000
21069  -12.236  -65.887  45.735 0.0000000000
21070  -12.973  -65.298  45.767 0.0000000000
21072  -8.104  -66.316  43.947 0.0000000000
21073  -8.311  -66.105  44.202 0.0000000000
21074  -9.009  -66.039  44.545 0.0000000000
21075  -10.054  -65.982  44.850 0.0000000000
21076  -10.985  -65.434  44.816 0.0000000000
21079  -7.841  -65.747  43.523 0.0000000000
21080  -8.130  -65.452  43.896 0.0000000000
21081  -11.820  -65.922  43.139 0.0000000000
21082  -12.606  -66.038  43.277 0.0000000000
21086  -6.968  -65.004  41.942 0.0000000000
21087  -7.575  -65.422  42.541 0.0000000000
21088  -8.285  -65.748  42.419 0.0000000000
21089  -9.114  -65.829  42.477 0.0000000000
21090  -10.089  -65.813  42.541 0.0000000000
21091  -11.261  -65.662  42.581 0.0000000000
21092  -12.411  -65.486  42.730 0.0000000000
21093  -13.409  -65.555  42.874 0.0000000000
21097  -7.049  -64.814  41.677 0.0000000000
21098  -7.381  -65.063  41.823 0.0000000000
21099  -8.048  -65.322  41.910 0.0000000000
21100  -8.896  -65.409  41.918 0.0000000000
21101  -9.836  -65.383  41.987 0.0000000000
21102  -10.662  -65.376  42.104 0.0000000000
21900  -10.894  -64.540  52.294 0.0000000000
21901  -11.487  -64.543  51.988 0.0000000000
21915  -14.812  -64.510  50.515 0.0000000000
21916  -15.217  -64.721  50.100 0.0000000000
21924  -15.378  -64.730  49.328 0.0000000000
21932  -15.386  -64.624  48.435 0.0000000000
21945  -15.244  -64.445  47.532 0.0000000000
21955  -13.594  -65.191  46.178 0.0000000000
21956  -14.297  -64.608  46.336 0.0000000000
21957  -15.047  -64.173  46.735 0.0000000000
21960  -11.669  -65.397  45.183 0.0000000000
21961  -12.415  -64.975  45.293 0.0000000000
21962  -13.436  -64.474  45.538 0.0000000000
21963  -14.233  -64.009  45.751 0.0000000000
21965  -8.556  -65.547  44.216 0.0000000000
21966  -9.256  -65.281  44.334 0.0000000000
21967  -10.368  -64.880  44.361 0.0000000000
21968  -11.576  -64.697  44.673 0.0000000000
21969  -12.577  -64.148  44.865 0.0000000000
21970  -13.338  -63.775  44.957 0.0000000000
21973  -7.824  -64.902  43.548 0.0000000000
21974  -8.471  -64.881  43.887 0.0000000000
21975  -9.429  -64.472  43.873 0.0000000000
21976  -10.336  -64.142  43.837 0.0000000000
21978  -6.874  -64.669  42.247 0.0000000000
21979  -7.255  -64.858  42.998 0.0000000000
21980  -11.335  -65.094  41.979 0.0000000000
21981  -12.137  -64.994  42.161 0.0000000000
21982  -13.153  -64.928  42.318 0.0000000000
21983  -14.184  -65.050  42.379 0.0000000000
21986  -6.830  -64.304  41.519 0.0000000000
21987  -7.244  -64.613  41.439 0.0000000000
21988  -7.870  -64.795  41.479 0.0000000000
21989  -8.657  -64.945  41.458 0.0000000000
21990  -9.584  -64.880  41.410 0.0000000000
21991  -10.685  -64.822  41.582 0.0000000000
21992  -11.783  -64.564  41.584 0.0000000000
21993  -12.797  -64.430  41.696 0.0000000000
21994  -13.866  -64.371  41.825 0.0000000000
21998  -6.677  -63.838  41.002 0.0000000000
21999  -6.985  -64.158  40.989 0.0000000000
22000  -7.623  -64.331  40.979 0.0000000000
22001  -8.455  -64.488  40.982 0.0000000000
22002  -9.141  -64.602  41.059 0.0000000000
22719  -10.818  -63.718  54.720 0.0000000000
22730  -10.609  -63.958  53.806 0.0000000000
22746  -10.035  -63.229  51.845 0.0000000000
22747  -10.454  -63.996  52.700 0.0000000000
22761  -9.965  -63.086  51.373 0.0000000000
22762  -10.645  -63.533  51.461 0.0000000000
22763  -11.962  -63.794  51.477 0.0000000000
22764  -13.096  -63.974  51.291 0.0000000000
22765  -14.064  -64.128  50.948 0.0000000000
22766  -14.527  -64.296  50.654 0.0000000000
22774  -10.837  -62.992  50.830 0.0000000000
22775  -11.571  -63.039  50.914 0.0000000000
22776  -12.689  -63.207  50.815 0.0000000000
22777  -13.693  -63.474  50.600 0.0000000000
22778  -14.648  -63.788  50.074 0.0000000000
22779  -15.164  -64.219  49.655 0.0000000000
22784  -14.765  -63.350  49.394 0.0000000000
22785  -15.192  -63.749  49.080 0.0000000000
22788  -15.292  -63.674  48.016 0.0000000000
22797  -15.314  -63.674  47.218 0.0000000000
22812  -14.708  -63.875  46.153 0.0000000000
22813  -15.210  -63.337  46.448 0.0000000000
22823  -13.926  -63.756  45.291 0.0000000000
22824  -14.694  -63.259  45.526 0.0000000000
22825  -15.199  -62.952  45.979 0.0000000000
22827  -11.045  -64.200  44.177 0.0000000000
22828  -11.867  -63.806  44.294 0.0000000000
22829  -12.882  -63.327  44.337 0.0000000000
22830  -13.912  -63.213  44.759 0.0000000000
22831  -14.488  -62.836  44.937 0.0000000000
22834  -8.057  -64.464  43.571 0.0000000000
22835  -8.615  -64.092  43.525 0.0000000000
22836  -9.749  -63.528  43.358 0.0000000000
22837  -11.086  -63.519  43.660 0.0000000000
22838  -12.146  -63.171  43.813 0.0000000000
22839  -12.673  -62.977  43.881 0.0000000000
22841  -6.930  -64.088  42.482 0.0000000000
22842  -7.654  -63.963  43.168 0.0000000000
22843  -8.736  -63.321  43.050 0.0000000000
22844  -9.395  -63.035  42.955 0.0000000000
22846  -6.585  -63.891  41.820 0.0000000000
22847  -9.585  -64.495  40.986 0.0000000000
22848  -10.191  -64.375  40.982 0.0000000000
22849  -11.237  -64.122  41.036 0.0000000000
22850  -12.320  -63.950  41.091 0.0000000000
22851  -13.356  -63.816  41.229 0.0000000000
22854  -5.782  -63.122  40.517 0.0000000000
22855  -6.216  -63.379  40.847 0.0000000000
22856  -6.596  -63.712  40.556 0.0000000000
22857  -7.209  -63.939  40.428 0.0000000000
22858  -8.114  -64.051  40.376 0.0000000000
22859  -9.334  -64.161  40.490 0.0000000000
22860  -10.568  -63.836  40.384 0.0000000000
22861  -11.738  -63.515  40.362 0.0000000000
22862  -12.825  -63.337  40.597 0.0000000000
22870  -5.679  -63.100  40.311 0.0000000000
22871  -6.021  -63.389  40.170 0.0000000000
22872  -6.614  -63.627  39.920 0.0000000000
22873  -7.474  -63.701  39.754 0.0000000000
22874  -8.615  -63.628  39.631 0.0000000000
22875  -9.830  -63.560  39.731 0.0000000000
22876  -10.876  -63.265  39.761 0.0000000000
22877  -11.708  -63.032  39.719 0.0000000000
22888  -5.569  -63.092  39.875 0.0000000000
22889  -5.976  -63.264  39.529 0.0000000000
22890  -6.721  -63.444  39.200 0.0000000000
22891  -7.677  -63.377  39.032 0.0000000000
22892  -8.530  -63.203  38.932 0.0000000000
23613  -10.946  -62.956  55.055 0.0000000000
23624  -10.301  -62.512  53.109 0.0000000000
23625  -10.517  -62.790  53.789 0.0000000000
23635  -10.146  -62.725  52.595 0.0000000000
23636  -10.458  -63.358  53.203 0.0000000000
23645  -9.584  -62.476  51.385 0.0000000000
23646  -9.879  -62.969  51.024 0.0000000000
23654  -9.708  -62.397  50.726 0.0000000000
23655  -10.319  -62.655  50.659 0.0000000000
23656  -11.189  -62.443  50.513 0.0000000000
23657  -12.447  -62.288  50.261 0.0000000000
23658  -13.459  -62.822  50.163 0.0000000000
23659  -14.063  -63.171  50.071 0.0000000000
23667  -12.977  -61.924  49.664 0.0000000000
23668  -13.441  -62.264  49.672 0.0000000000
23669  -14.317  -62.748  49.361 0.0000000000
23670  -14.836  -63.148  49.084 0.0000000000
23676  -14.532  -62.446  48.690 0.0000000000
23677  -14.938  -62.853  48.491 0.0000000000
23684  -15.318  -62.815  47.349 0.0000000000
23697  -15.317  -62.529  46.367 0.0000000000
23715  -14.958  -62.396  45.110 0.0000000000
23716  -15.192  -62.615  45.705 0.0000000000
23726  -13.047  -62.832  43.899 0.0000000000
23727  -13.590  -62.783  44.176 0.0000000000
23728  -14.319  -62.444  44.440 0.0000000000
23733  -9.895  -62.811  42.946 0.0000000000
23734  -10.699  -62.867  43.120 0.0000000000
23735  -11.678  -62.783  43.310 0.0000000000
23736  -12.652  -62.583  43.446 0.0000000000
23737  -13.485  -62.443  43.668 0.0000000000
23738  -13.925  -62.395  43.950 0.0000000000
23741  -6.695  -63.630  42.090 0.0000000000
23742  -7.110  -63.392  42.346 0.0000000000
23743  -8.013  -62.962  42.584 0.0000000000
23744  -9.252  -62.452  42.531 0.0000000000
23745  -10.428  -62.327  42.657 0.0000000000
23746  -11.382  -62.323  42.811 0.0000000000
23747  -12.129  -62.328  42.981 0.0000000000
23749  -6.516  -63.069  41.536 0.0000000000
23750  -7.344  -62.603  41.947 0.0000000000
23751  -8.352  -62.275  42.053 0.0000000000
23752  -8.959  -62.004  42.098 0.0000000000
23754  -5.613  -62.896  40.437 0.0000000000
23755  -5.910  -62.854  40.843 0.0000000000
23756  -12.369  -63.029  40.007 0.0000000000
23764  -5.374  -62.785  39.997 0.0000000000
23765  -9.269  -63.263  39.162 0.0000000000
23766  -10.133  -63.061  39.088 0.0000000000
23767  -11.140  -62.753  39.169 0.0000000000
23778  -5.448  -62.675  39.289 0.0000000000
23779  -6.004  -63.018  38.756 0.0000000000
23780  -6.879  -63.099  38.456 0.0000000000
23781  -7.913  -62.902  38.372 0.0000000000
23782  -9.141  -62.808  38.471 0.0000000000
23783  -10.345  -62.478  38.416 0.0000000000
23800  -5.407  -62.438  38.283 0.0000000000
23801  -6.131  -62.711  37.891 0.0000000000
23802  -7.096  -62.717  37.647 0.0000000000
23803  -8.294  -62.419  37.564 0.0000000000
24540  -11.161  -62.443  55.603 0.0000000000
24541  -11.365  -61.900  56.183 0.0000000000
24551  -10.808  -62.181  54.739 0.0000000000
24559  -10.183  -62.056  53.005 0.0000000000
24560  -10.386  -61.738  53.794 0.0000000000
24570  -9.127  -61.275  51.832 0.0000000000
24571  -9.470  -61.574  52.060 0.0000000000
24578  -8.990  -61.201  51.569 0.0000000000
24579  -9.122  -61.644  51.248 0.0000000000
24587  -8.735  -61.140  50.812 0.0000000000
24588  -9.187  -61.724  50.502 0.0000000000
24589  -9.800  -61.990  50.139 0.0000000000
24590  -10.688  -61.906  50.096 0.0000000000
24591  -11.627  -61.769  50.073 0.0000000000
24601  -7.633  -60.988  49.082 0.0000000000
24602  -8.137  -61.211  49.737 0.0000000000
24603  -9.148  -61.443  49.593 0.0000000000
24604  -10.178  -61.379  49.488 0.0000000000
24605  -11.351  -61.319  49.471 0.0000000000
24606  -12.529  -61.491  49.381 0.0000000000
24607  -13.407  -61.857  49.199 0.0000000000
24608  -13.853  -62.178  49.191 0.0000000000
24616  -7.883  -61.206  48.920 0.0000000000
24617  -8.523  -61.314  49.058 0.0000000000
24618  -9.037  -61.279  49.137 0.0000000000
24619  -10.905  -61.043  49.185 0.0000000000
24620  -11.347  -60.989  49.154 0.0000000000
24621  -12.932  -61.243  48.792 0.0000000000
24622  -13.369  -61.480  48.780 0.0000000000
24623  -14.188  -61.872  48.559 0.0000000000
24624  -14.665  -62.311  48.407 0.0000000000
24627  -14.662  -61.420  47.561 0.0000000000
24628  -14.917  -62.129  47.899 0.0000000000
24634  -14.879  -61.213  47.060 0.0000000000
24635  -15.229  -61.743  46.905 0.0000000000
24649  -15.210  -61.916  45.137 0.0000000000
24650  -15.318  -61.885  45.755 0.0000000000
24666  -14.983  -61.643  44.643 0.0000000000
24667  -15.250  -61.638  45.203 0.0000000000
24676  -12.728  -62.074  42.888 0.0000000000
24677  -13.370  -62.031  43.147 0.0000000000
24678  -14.191  -61.819  43.632 0.0000000000
24684  -9.414  -61.818  42.025 0.0000000000
24685  -10.169  -61.813  42.161 0.0000000000
24686  -11.173  -61.821  42.297 0.0000000000
24687  -12.187  -61.812  42.507 0.0000000000
24688  -13.213  -61.460  42.525 0.0000000000
24689  -13.778  -61.582  42.961 0.0000000000
24692  -6.163  -62.517  40.878 0.0000000000
24693  -6.799  -62.268  41.222 0.0000000000
24694  -7.753  -61.970  41.448 0.0000000000
24695  -8.813  -61.676  41.620 0.0000000000
24696  -9.835  -61.343  41.563 0.0000000000
24697  -10.882  -61.334  41.728 0.0000000000
24698  -11.958  -61.365  41.904 0.0000000000
24699  -12.637  -61.352  42.152 0.0000000000
24702  -5.399  -62.589  40.142 0.0000000000
24703  -5.625  -62.409  40.369 0.0000000000
24704  -6.223  -61.925  40.504 0.0000000000
24705  -7.150  -61.679  40.785 0.0000000000
24706  -8.154  -61.425  40.912 0.0000000000
24707  -9.163  -61.123  41.030 0.0000000000
24713  -5.251  -62.264  39.709 0.0000000000
24714  -5.497  -61.769  39.964 0.0000000000
24715  -6.068  -61.461  39.954 0.0000000000
24724  -4.820  -61.644  38.342 0.0000000000
24725  -4.958  -61.886  38.654 0.0000000000
24738  -4.787  -61.586  38.104 0.0000000000
24739  -4.920  -61.989  37.765 0.0000000000
25512  -11.617  -61.317  56.789 0.0000000000
25518  -11.117  -61.823  55.398 0.0000000000
25519  -11.347  -61.150  55.765 0.0000000000
25529  -10.829  -61.408  54.657 0.0000000000
25530  -11.108  -60.728  54.665 0.0000000000
25539  -9.992  -61.348  52.907 0.0000000000
25540  -10.358  -60.918  53.519 0.0000000000
25541  -10.888  -60.374  53.667 0.0000000000
25552  -9.064  -61.023  51.895 0.0000000000
25553  -9.534  -60.739  52.266 0.0000000000
25554  -10.195  -60.421  52.579 0.0000000000
25555  -10.787  -60.163  52.867 0.0000000000
25567  -8.884  -60.666  51.440 0.0000000000
25568  -9.146  -60.255  51.722 0.0000000000
25569  -10.264  -60.142  52.243 0.0000000000
25570  -10.715  -60.037  52.211 0.0000000000
25581  -7.703  -60.234  49.871 0.0000000000
25582  -8.290  -60.440  50.463 0.0000000000
25597  -7.508  -60.517  49.291 0.0000000000
25598  -7.793  -60.640  49.859 0.0000000000
25599  -9.577  -61.173  49.205 0.0000000000
25600  -9.977  -61.122  49.255 0.0000000000
25601  -11.730  -60.956  49.093 0.0000000000
25602  -12.024  -61.097  49.213 0.0000000000
25622  -6.913  -59.942  47.895 0.0000000000
25623  -7.541  -60.556  48.471 0.0000000000
25624  -8.325  -60.856  48.517 0.0000000000
25625  -9.212  -60.876  48.757 0.0000000000
25626  -10.304  -60.824  48.916 0.0000000000
25627  -11.459  -60.744  48.762 0.0000000000
25628  -12.457  -60.931  48.669 0.0000000000
25629  -13.310  -61.112  48.367 0.0000000000
25630  -13.732  -61.386  48.406 0.0000000000
25646  -7.062  -59.792  47.513 0.0000000000
25647  -7.440  -60.077  47.698 0.0000000000
25648  -8.167  -60.344  47.867 0.0000000000
25649  -9.083  -60.356  48.023 0.0000000000
25650  -10.128  -60.288  48.142 0.0000000000
25651  -11.234  -60.335  48.121 0.0000000000
25652  -12.237  -60.450  48.025 0.0000000000
25653  -13.301  -60.554  47.683 0.0000000000
25654  -13.993  -61.113  47.945 0.0000000000
25658  -13.750  -60.313  47.060 0.0000000000
25659  -14.439  -60.679  46.920 0.0000000000
25660  -14.983  -61.145  46.788 0.0000000000
25668  -14.877  -60.513  45.716 0.0000000000
25669  -15.149  -61.129  46.251 0.0000000000
25686  -15.091  -60.747  44.837 0.0000000000
25687  -15.243  -61.215  45.382 0.0000000000
25700  -14.860  -60.851  43.909 0.0000000000
25710  -13.542  -61.072  42.278 0.0000000000
25711  -14.174  -60.939  42.681 0.0000000000
25718  -9.813  -60.941  41.102 0.0000000000
25719  -10.475  -60.882  41.147 0.0000000000
25720  -11.606  -60.888  41.233 0.0000000000
25721  -13.089  -60.780  41.700 0.0000000000
25722  -14.145  -60.241  41.950 0.0000000000
25726  -6.666  -61.433  40.230 0.0000000000
25727  -7.461  -61.186  40.236 0.0000000000
25728  -8.533  -60.907  40.310 0.0000000000
25729  -9.728  -60.718  40.490 0.0000000000
25730  -10.908  -60.530  40.485 0.0000000000
25731  -12.156  -60.345  40.504 0.0000000000
25732  -13.141  -60.079  40.754 0.0000000000
25738  -5.233  -61.706  39.264 0.0000000000
25739  -5.684  -61.322  39.327 0.0000000000
25740  -6.599  -61.026  39.539 0.0000000000
25741  -7.717  -60.747  39.520 0.0000000000
25742  -8.916  -60.467  39.513 0.0000000000
25743  -10.124  -60.294  39.730 0.0000000000
25744  -11.205  -60.145  39.727 0.0000000000
25745  -12.054  -59.867  39.722 0.0000000000
25749  -4.844  -61.508  38.292 0.0000000000
25750  -5.167  -61.256  38.553 0.0000000000
25751  -5.894  -60.623  38.630 0.0000000000
25752  -6.900  -60.428  38.808 0.0000000000
25753  -7.918  -60.380  38.717 0.0000000000
25754  -8.764  -60.138  38.709 0.0000000000
25760  -4.798  -61.140  37.899 0.0000000000
25761  -5.200  -60.484  37.841 0.0000000000
25762  -5.805  -60.094  37.938 0.0000000000
26537  -11.745  -60.538  56.741 0.0000000000
26538  -12.161  -59.761  56.597 0.0000000000
26540  -11.722  -60.358  55.684 0.0000000000
26541  -12.246  -59.725  55.508 0.0000000000
26544  -11.689  -60.226  54.607 0.0000000000
26545  -12.313  -59.672  54.472 0.0000000000
26546  -12.714  -59.310  54.104 0.0000000000
26549  -11.550  -60.060  53.648 0.0000000000
26550  -12.215  -59.686  53.494 0.0000000000
26551  -12.928  -59.179  53.384 0.0000000000
26557  -9.577  -60.240  51.982 0.0000000000
26558  -9.820  -60.091  51.991 0.0000000000
26559  -11.441  -59.942  52.736 0.0000000000
26560  -12.265  -59.582  52.505 0.0000000000
26561  -13.123  -59.063  52.377 0.0000000000
26568  -8.800  -60.153  51.198 0.0000000000
26569  -9.279  -59.892  51.489 0.0000000000
26570  -10.087  -59.812  51.622 0.0000000000
26571  -11.245  -59.696  51.593 0.0000000000
26572  -12.440  -59.242  51.463 0.0000000000
26573  -13.179  -58.822  51.637 0.0000000000
26578  -7.933  -59.833  50.186 0.0000000000
26579  -8.651  -59.770  50.658 0.0000000000
26580  -9.401  -59.486  50.743 0.0000000000
26581  -10.336  -59.414  50.873 0.0000000000
26582  -11.039  -59.292  50.731 0.0000000000
26583  -11.707  -59.252  50.858 0.0000000000
26588  -7.527  -59.597  49.385 0.0000000000
26589  -8.237  -59.357  50.028 0.0000000000
26590  -8.808  -59.414  50.311 0.0000000000
26600  -6.602  -59.311  47.943 0.0000000000
26601  -7.037  -59.880  48.596 0.0000000000
26620  -6.776  -59.329  47.252 0.0000000000
26621  -7.352  -59.629  47.240 0.0000000000
26622  -8.067  -59.781  47.322 0.0000000000
26623  -8.955  -59.863  47.362 0.0000000000
26624  -9.984  -59.830  47.358 0.0000000000
26625  -11.107  -59.840  47.379 0.0000000000
26626  -12.141  -60.018  47.432 0.0000000000
26627  -12.747  -60.221  47.503 0.0000000000
26641  -6.784  -59.041  46.735 0.0000000000
26642  -7.179  -59.258  46.734 0.0000000000
26643  -7.942  -59.323  46.806 0.0000000000
26644  -8.825  -59.428  46.783 0.0000000000
26645  -9.758  -59.442  46.732 0.0000000000
26646  -10.927  -59.251  46.492 0.0000000000
26647  -12.164  -59.490  46.638 0.0000000000
26648  -13.239  -59.914  46.891 0.0000000000
26649  -13.924  -60.182  46.753 0.0000000000
26652  -11.364  -58.914  45.838 0.0000000000
26653  -12.051  -59.049  45.851 0.0000000000
26654  -13.384  -59.134  45.699 0.0000000000
26655  -14.179  -59.924  46.151 0.0000000000
26666  -13.976  -59.044  44.835 0.0000000000
26667  -14.615  -59.737  44.707 0.0000000000
26679  -14.789  -60.117  43.401 0.0000000000
26689  -14.563  -59.875  42.567 0.0000000000
26699  -13.765  -59.796  41.368 0.0000000000
26700  -14.288  -59.507  41.936 0.0000000000
26709  -12.719  -59.779  40.128 0.0000000000
26710  -13.441  -59.281  40.427 0.0000000000
26717  -9.506  -60.104  39.057 0.0000000000
26718  -10.348  -59.891  39.020 0.0000000000
26719  -11.415  -59.678  39.016 0.0000000000
26720  -12.586  -59.264  39.311 0.0000000000
26721  -13.307  -58.683  39.709 0.0000000000
26725  -6.353  -60.073  38.222 0.0000000000
26726  -7.095  -59.867  38.188 0.0000000000
26727  -8.108  -59.892  38.041 0.0000000000
26728  -9.285  -59.697  38.288 0.0000000000
26729  -10.453  -59.424  38.250 0.0000000000
26730  -11.593  -59.057  38.297 0.0000000000
26731  -12.465  -58.690  38.577 0.0000000000
26735  -5.492  -59.888  37.490 0.0000000000
26736  -6.224  -59.492  37.563 0.0000000000
26737  -7.287  -59.302  37.595 0.0000000000
26738  -8.326  -59.217  37.514 0.0000000000
26739  -9.432  -59.013  37.551 0.0000000000
26740  -10.527  -58.793  37.591 0.0000000000
26741  -11.358  -58.532  37.653 0.0000000000
27591  -12.767  -59.191  57.291 0.0000000000
27592  -13.359  -58.558  57.906 0.0000000000
27596  -12.690  -59.097  56.263 0.0000000000
27597  -13.137  -58.430  56.919 0.0000000000
27600  -12.752  -59.150  55.213 0.0000000000
27601  -13.158  -58.475  55.796 0.0000000000
27604  -12.780  -59.224  54.590 0.0000000000
27605  -13.234  -58.707  54.501 0.0000000000
27608  -13.695  -58.357  53.196 0.0000000000
27609  -14.093  -57.785  52.917 0.0000000000
27612  -13.620  -58.466  52.092 0.0000000000
27613  -13.988  -57.931  52.330 0.0000000000
27618  -12.928  -58.730  51.060 0.0000000000
27619  -13.479  -58.337  51.296 0.0000000000
27620  -13.843  -58.049  51.709 0.0000000000
27627  -9.854  -59.147  50.254 0.0000000000
27628  -10.577  -59.017  50.225 0.0000000000
27629  -11.388  -58.877  50.260 0.0000000000
27630  -12.302  -58.767  50.515 0.0000000000
27631  -13.072  -58.376  50.528 0.0000000000
27637  -7.395  -59.007  49.066 0.0000000000
27638  -7.902  -58.896  49.458 0.0000000000
27639  -8.978  -58.994  49.801 0.0000000000
27640  -9.985  -58.710  49.669 0.0000000000
27641  -10.876  -58.599  49.635 0.0000000000
27642  -11.834  -58.461  49.635 0.0000000000
27643  -12.595  -58.367  49.951 0.0000000000
27649  -6.478  -58.749  47.937 0.0000000000
27650  -6.900  -59.008  48.530 0.0000000000
27651  -7.475  -58.599  48.797 0.0000000000
27652  -8.299  -58.400  49.042 0.0000000000
27653  -9.304  -58.315  49.091 0.0000000000
27654  -10.285  -58.250  49.060 0.0000000000
27655  -11.148  -58.249  49.081 0.0000000000
27669  -6.426  -58.663  47.356 0.0000000000
27687  -6.500  -58.598  46.639 0.0000000000
27688  -6.990  -58.802  46.334 0.0000000000
27689  -7.766  -58.830  46.333 0.0000000000
27690  -8.681  -58.942  46.285 0.0000000000
27691  -9.614  -59.046  46.236 0.0000000000
27692  -10.245  -59.120  46.281 0.0000000000
27705  -6.268  -58.086  46.191 0.0000000000
27706  -6.661  -58.306  45.931 0.0000000000
27707  -7.526  -58.381  45.763 0.0000000000
27708  -8.452  -58.519  45.742 0.0000000000
27709  -9.461  -58.639  45.625 0.0000000000
27710  -10.636  -58.752  45.681 0.0000000000
27711  -11.756  -58.655  45.345 0.0000000000
27712  -12.625  -58.707  45.245 0.0000000000
27720  -8.223  -58.118  45.339 0.0000000000
27721  -9.077  -58.196  45.040 0.0000000000
27722  -10.232  -58.282  44.864 0.0000000000
27723  -11.363  -58.316  44.758 0.0000000000
27724  -12.391  -58.366  44.663 0.0000000000
27725  -13.404  -58.627  44.555 0.0000000000
27726  -14.201  -58.959  44.268 0.0000000000
27735  -13.967  -58.578  43.747 0.0000000000
27736  -14.498  -59.250  43.398 0.0000000000
27742  -14.088  -58.617  42.823 0.0000000000
27743  -14.365  -59.185  42.374 0.0000000000
27746  -14.006  -58.813  41.651 0.0000000000
27747  -14.265  -59.163  41.980 0.0000000000
27750  -13.575  -58.301  40.480 0.0000000000
27753  -12.998  -58.530  39.045 0.0000000000
27754  -13.400  -57.966  39.423 0.0000000000
27757  -12.080  -58.509  37.985 0.0000000000
27758  -12.839  -57.944  38.325 0.0000000000
27759  -13.221  -57.638  38.926 0.0000000000
27761  -6.724  -58.930  37.114 0.0000000000
27762  -7.492  -58.701  37.035 0.0000000000
27763  -8.454  -58.418  37.045 0.0000000000
27764  -9.554  -58.138  37.055 0.0000000000
27765  -10.714  -58.136  37.134 0.0000000000
27766  -11.802  -57.928  37.403 0.0000000000
27767  -12.379  -57.403  37.627 0.0000000000
27779  -8.554  -57.620  36.641 0.0000000000
27780  -9.333  -57.395  36.619 0.0000000000
28548  -13.874  -57.953  58.150 0.0000000000
28549  -14.153  -57.391  57.955 0.0000000000
28552  -13.650  -57.839  57.482 0.0000000000
28553  -14.151  -57.246  57.072 0.0000000000
28556  -13.594  -57.788  56.449 0.0000000000
28557  -14.150  -57.185  55.938 0.0000000000
28560  -13.645  -57.847  55.295 0.0000000000
28561  -14.159  -57.240  54.758 0.0000000000
28564  -13.791  -57.908  54.273 0.0000000000
28565  -14.245  -57.446  53.569 0.0000000000
28568  -14.383  -57.380  52.561 0.0000000000
28571  -13.836  -57.971  51.315 0.0000000000
28572  -14.228  -57.553  51.492 0.0000000000
28578  -13.710  -57.963  50.760 0.0000000000
28579  -14.165  -57.436  50.359 0.0000000000
28584  -12.452  -58.265  49.452 0.0000000000
28585  -13.226  -57.994  49.671 0.0000000000
28586  -14.044  -57.319  49.393 0.0000000000
28592  -6.599  -58.567  48.095 0.0000000000
28593  -6.916  -58.331  48.245 0.0000000000
28594  -7.624  -58.006  48.439 0.0000000000
28595  -8.592  -57.844  48.511 0.0000000000
28596  -9.637  -57.755  48.531 0.0000000000
28597  -10.711  -57.793  48.531 0.0000000000
28598  -12.020  -58.050  48.714 0.0000000000
28599  -13.206  -57.515  48.575 0.0000000000
28600  -14.057  -57.130  48.705 0.0000000000
28610  -6.446  -58.180  47.649 0.0000000000
28611  -6.956  -57.736  47.848 0.0000000000
28612  -7.842  -57.539  47.871 0.0000000000
28613  -8.909  -57.399  47.893 0.0000000000
28614  -10.016  -57.326  47.904 0.0000000000
28615  -11.128  -57.418  47.880 0.0000000000
28616  -12.210  -57.424  47.847 0.0000000000
28617  -13.029  -57.261  47.806 0.0000000000
28627  -5.789  -57.136  45.911 0.0000000000
28628  -6.112  -57.756  46.623 0.0000000000
28643  -5.763  -56.765  45.277 0.0000000000
28644  -6.230  -57.569  45.542 0.0000000000
28645  -7.166  -57.918  45.288 0.0000000000
28646  -7.771  -57.987  45.305 0.0000000000
28661  -5.655  -56.503  44.852 0.0000000000
28662  -6.051  -56.813  44.543 0.0000000000
28663  -6.963  -57.420  44.539 0.0000000000
28664  -8.272  -57.639  44.627 0.0000000000
28665  -9.784  -57.740  44.184 0.0000000000
28666  -11.006  -57.865  44.045 0.0000000000
28667  -12.087  -57.942  44.017 0.0000000000
28668  -13.013  -58.057  44.037 0.0000000000
28669  -13.512  -58.310  43.950 0.0000000000
28679  -6.301  -56.552  43.934 0.0000000000
28680  -6.808  -56.844  43.860 0.0000000000
28681  -7.871  -56.980  43.762 0.0000000000
28682  -9.352  -57.088  43.256 0.0000000000
28683  -10.683  -57.360  43.258 0.0000000000
28684  -11.830  -57.510  43.226 0.0000000000
28685  -12.829  -57.759  43.282 0.0000000000
28686  -13.530  -58.186  43.386 0.0000000000
28694  -9.897  -56.812  42.511 0.0000000000
28695  -10.483  -56.961  42.558 0.0000000000
28696  -11.568  -57.066  42.227 0.0000000000
28697  -12.681  -57.458  42.349 0.0000000000
28698  -13.528  -58.032  42.484 0.0000000000
28703  -11.896  -56.868  41.556 0.0000000000
28704  -12.538  -57.078  41.311 0.0000000000
28705  -13.390  -57.781  41.431 0.0000000000
28708  -12.762  -56.990  40.661 0.0000000000
28709  -13.174  -57.368  40.352 0.0000000000
28712  -13.196  -57.300  39.354 0.0000000000
28715  -12.791  -57.009  38.038 0.0000000000
28716  -13.072  -57.331  38.689 0.0000000000
28718  -10.072  -57.592  36.799 0.0000000000
28719  -10.936  -57.430  36.769 0.0000000000
28720  -11.844  -57.028  37.030 0.0000000000
28721  -12.378  -56.987  37.483 0.0000000000
28732  -8.724  -56.828  36.208 0.0000000000
28733  -9.963  -56.801  36.505 0.0000000000
28734  -11.056  -56.660  36.612 0.0000000000
28735  -11.569  -56.572  36.763 0.0000000000
29496  -14.620  -57.092  58.214 0.0000000000
29497  -15.133  -56.865  58.529 0.0000000000
29500  -14.597  -56.800  57.693 0.0000000000
29501  -14.863  -56.676  58.112 0.0000000000
29504  -14.784  -56.502  56.622 0.0000000000
29505  -15.227  -55.981  56.415 0.0000000000
29508  -14.640  -56.573  55.305 0.0000000000
29509  -15.173  -56.015  55.706 0.0000000000
29512  -14.711  -56.679  54.158 0.0000000000
29513  -15.091  -55.987  54.632 0.0000000000
29515  -14.725  -56.708  53.057 0.0000000000
29516  -15.074  -55.986  53.547 0.0000000000
29518  -14.786  -56.771  52.000 0.0000000000
29519  -15.067  -55.993  52.493 0.0000000000
29521  -14.721  -56.800  50.954 0.0000000000
29522  -15.102  -56.051  51.459 0.0000000000
29527  -14.654  -56.811  50.006 0.0000000000
29528  -15.108  -56.166  50.463 0.0000000000
29534  -14.594  -56.769  49.201 0.0000000000
29535  -15.040  -56.358  49.705 0.0000000000
29545  -13.691  -57.130  48.147 0.0000000000
29546  -14.538  -56.675  48.299 0.0000000000
29547  -15.079  -56.298  49.091 0.0000000000
29560  -6.468  -57.532  47.238 0.0000000000
29561  -7.061  -57.170  47.318 0.0000000000
29562  -8.120  -57.111  47.229 0.0000000000
29563  -9.273  -57.003  47.232 0.0000000000
29564  -10.382  -56.939  47.249 0.0000000000
29565  -11.431  -56.951  47.239 0.0000000000
29566  -12.439  -56.993  47.224 0.0000000000
29567  -13.563  -56.936  47.398 0.0000000000
29568  -14.607  -56.525  47.358 0.0000000000
29569  -15.208  -56.191  47.121 0.0000000000
29577  -5.897  -57.052  46.244 0.0000000000
29578  -6.326  -56.924  46.614 0.0000000000
29579  -7.313  -56.658  46.681 0.0000000000
29580  -8.493  -56.623  46.614 0.0000000000
29581  -9.659  -56.555  46.610 0.0000000000
29582  -10.729  -56.596  46.576 0.0000000000
29583  -11.741  -56.618  46.564 0.0000000000
29584  -12.767  -56.670  46.559 0.0000000000
29585  -13.798  -56.605  46.541 0.0000000000
29586  -14.766  -56.323  46.405 0.0000000000
29587  -15.357  -56.022  46.773 0.0000000000
29595  -5.929  -56.444  45.672 0.0000000000
29596  -6.670  -56.243  45.977 0.0000000000
29597  -7.761  -56.210  45.989 0.0000000000
29598  -8.949  -56.220  45.947 0.0000000000
29599  -10.066  -56.242  45.902 0.0000000000
29600  -11.092  -56.336  45.833 0.0000000000
29601  -12.096  -56.389  45.807 0.0000000000
29602  -13.092  -56.368  45.813 0.0000000000
29603  -14.013  -56.374  45.771 0.0000000000
29604  -14.529  -56.245  45.770 0.0000000000
29619  -5.493  -56.076  44.952 0.0000000000
29620  -5.667  -56.271  44.541 0.0000000000
29635  -5.551  -55.760  44.323 0.0000000000
29636  -5.890  -56.105  43.858 0.0000000000
29637  -6.574  -56.366  43.435 0.0000000000
29638  -7.443  -56.495  43.147 0.0000000000
29639  -8.430  -56.633  42.918 0.0000000000
29645  -6.275  -55.888  43.192 0.0000000000
29646  -6.917  -56.053  42.701 0.0000000000
29647  -8.119  -56.031  42.190 0.0000000000
29648  -9.337  -56.536  42.216 0.0000000000
29649  -10.362  -56.654  41.999 0.0000000000
29650  -10.948  -56.818  42.056 0.0000000000
29656  -8.572  -55.814  41.606 0.0000000000
29657  -9.076  -56.107  41.541 0.0000000000
29658  -10.096  -56.201  41.211 0.0000000000
29659  -11.310  -56.632  41.401 0.0000000000
29660  -12.044  -56.764  41.228 0.0000000000
29664  -10.355  -55.914  40.563 0.0000000000
29665  -11.149  -56.066  40.318 0.0000000000
29666  -12.241  -56.672  40.568 0.0000000000
29667  -12.829  -56.932  40.359 0.0000000000
29670  -11.441  -55.920  39.580 0.0000000000
29671  -12.078  -56.269  39.385 0.0000000000
29672  -12.854  -56.811  39.830 0.0000000000
29675  -12.420  -56.311  38.318 0.0000000000
29676  -12.871  -56.778  38.921 0.0000000000
29679  -11.843  -56.446  36.939 0.0000000000
29680  -12.237  -56.445  37.438 0.0000000000
29692  -9.452  -55.920  36.035 0.0000000000
29693  -10.488  -55.953  36.376 0.0000000000
29694  -11.433  -56.055  36.642 0.0000000000
29695  -11.963  -56.049  36.975 0.0000000000
30404  -15.809  -56.004  58.837 0.0000000000
30405  -16.266  -55.427  59.097 0.0000000000
30408  -14.896  -56.488  57.895 0.0000000000
30409  -15.215  -56.122  58.052 0.0000000000
30412  -14.964  -56.356  57.512 0.0000000000
30413  -15.281  -55.830  57.071 0.0000000000
30415  -15.498  -55.525  56.141 0.0000000000
30418  -15.489  -55.377  55.095 0.0000000000
30421  -15.454  -55.338  53.988 0.0000000000
30424  -15.310  -55.277  52.952 0.0000000000
30426  -15.352  -55.296  51.955 0.0000000000
30433  -15.466  -55.371  50.913 0.0000000000
30443  -15.483  -55.643  49.744 0.0000000000
30454  -15.004  -56.359  47.973 0.0000000000
30455  -15.453  -55.869  48.452 0.0000000000
30468  -15.250  -56.142  47.672 0.0000000000
30469  -15.841  -55.586  47.313 0.0000000000
30470  -16.316  -55.115  46.957 0.0000000000
30480  -14.916  -56.091  45.753 0.0000000000
30481  -15.463  -55.801  46.232 0.0000000000
30482  -16.090  -55.269  46.389 0.0000000000
30490  -5.662  -55.594  45.116 0.0000000000
30491  -6.178  -55.571  45.390 0.0000000000
30492  -7.135  -55.617  45.436 0.0000000000
30493  -8.290  -55.721  45.378 0.0000000000
30494  -9.423  -55.824  45.279 0.0000000000
30495  -10.491  -55.839  45.186 0.0000000000
30496  -11.509  -55.979  45.078 0.0000000000
30497  -12.504  -56.094  45.064 0.0000000000
30498  -13.462  -56.044  45.125 0.0000000000
30499  -14.388  -55.969  45.235 0.0000000000
30500  -15.231  -55.685  45.287 0.0000000000
30501  -15.799  -55.392  45.713 0.0000000000
30509  -5.464  -55.139  44.453 0.0000000000
30510  -5.778  -54.831  44.841 0.0000000000
30511  -6.612  -54.938  44.868 0.0000000000
30512  -7.714  -55.184  44.808 0.0000000000
30513  -8.828  -55.380  44.724 0.0000000000
30514  -9.856  -55.445  44.594 0.0000000000
30515  -10.942  -55.378  44.315 0.0000000000
30516  -12.004  -55.587  44.408 0.0000000000
30517  -12.947  -55.654  44.463 0.0000000000
30518  -13.850  -55.693  44.502 0.0000000000
30519  -14.708  -55.603  44.494 0.0000000000
30536  -5.491  -55.193  43.594 0.0000000000
30537  -5.922  -55.609  43.335 0.0000000000
30538  -11.138  -55.056  43.785 0.0000000000
30539  -11.640  -55.141  43.804 0.0000000000
30540  -12.494  -55.261  43.816 0.0000000000
30541  -13.385  -55.384  43.833 0.0000000000
30542  -14.199  -55.466  43.893 0.0000000000
30557  -5.402  -54.854  42.988 0.0000000000
30558  -6.092  -55.269  42.585 0.0000000000
30559  -7.285  -55.681  42.045 0.0000000000
30560  -7.820  -55.703  41.909 0.0000000000
30566  -6.260  -54.903  41.917 0.0000000000
30567  -6.868  -55.211  41.728 0.0000000000
30568  -8.035  -55.364  41.486 0.0000000000
30569  -8.933  -55.734  41.155 0.0000000000
30570  -9.445  -55.972  41.097 0.0000000000
30576  -8.334  -55.032  41.039 0.0000000000
30577  -8.776  -55.177  40.786 0.0000000000
30578  -9.681  -55.659  40.581 0.0000000000
30579  -10.447  -55.684  40.137 0.0000000000
30583  -9.345  -55.062  40.178 0.0000000000
30584  -10.062  -55.166  39.729 0.0000000000
30585  -10.949  -55.524  39.521 0.0000000000
30586  -11.523  -55.759  39.106 0.0000000000
30589  -10.620  -54.925  39.120 0.0000000000
30590  -11.238  -55.172  38.635 0.0000000000
30591  -11.878  -55.766  38.487 0.0000000000
30593  -11.674  -55.264  37.862 0.0000000000
30594  -12.130  -55.800  37.719 0.0000000000
30602  -10.127  -55.134  36.155 0.0000000000
30603  -10.957  -55.282  36.571 0.0000000000
30604  -11.710  -55.459  37.092 0.0000000000
30605  -12.068  -55.926  37.272 0.0000000000
30612  -9.691  -55.101  35.488 0.0000000000
31281  -16.651  -54.888  59.318 0.0000000000
31285  -15.659  -55.625  58.331 0.0000000000
31286  -16.114  -55.017  58.540 0.0000000000
31289  -15.645  -55.355  57.748 0.0000000000
31290  -16.201  -54.568  57.469 0.0000000000
31293  -15.784  -55.069  56.774 0.0000000000
31294  -16.311  -54.255  56.377 0.0000000000
31297  -15.962  -54.866  55.681 0.0000000000
31298  -16.333  -53.989  55.255 0.0000000000
31301  -15.982  -54.623  54.425 0.0000000000
31302  -16.368  -53.660  54.245 0.0000000000
31304  -15.711  -54.701  53.330 0.0000000000
31305  -16.144  -54.059  53.443 0.0000000000
31308  -15.661  -54.627  52.427 0.0000000000
31309  -15.908  -54.261  52.840 0.0000000000
31315  -15.742  -54.641  51.483 0.0000000000
31326  -16.062  -54.502  50.362 0.0000000000
31327  -16.340  -53.760  50.055 0.0000000000
31339  -16.088  -54.953  49.150 0.0000000000
31340  -16.407  -54.003  49.457 0.0000000000
31353  -16.132  -55.125  48.139 0.0000000000
31354  -16.503  -54.289  48.519 0.0000000000
31366  -16.199  -55.178  47.679 0.0000000000
31367  -16.469  -54.706  47.518 0.0000000000
31377  -16.537  -54.670  46.556 0.0000000000
31387  -15.781  -55.292  45.112 0.0000000000
31388  -16.323  -54.858  45.545 0.0000000000
31397  -5.514  -54.178  44.154 0.0000000000
31398  -6.114  -54.044  44.245 0.0000000000
31399  -7.241  -54.518  44.256 0.0000000000
31400  -8.387  -54.858  44.194 0.0000000000
31401  -9.291  -55.091  44.192 0.0000000000
31402  -10.080  -55.041  43.944 0.0000000000
31403  -10.748  -54.959  43.742 0.0000000000
31404  -15.404  -55.414  44.566 0.0000000000
31405  -16.062  -55.054  44.447 0.0000000000
31416  -5.323  -54.425  43.855 0.0000000000
31417  -6.196  -53.579  43.852 0.0000000000
31418  -6.833  -53.831  43.653 0.0000000000
31419  -7.985  -54.371  43.558 0.0000000000
31420  -9.233  -54.631  43.561 0.0000000000
31421  -10.300  -54.641  43.336 0.0000000000
31422  -11.186  -54.715  43.334 0.0000000000
31423  -12.068  -54.776  43.270 0.0000000000
31424  -12.937  -54.999  43.184 0.0000000000
31425  -13.899  -55.125  43.220 0.0000000000
31426  -15.099  -55.207  43.569 0.0000000000
31427  -16.272  -54.605  43.422 0.0000000000
31444  -5.190  -54.223  43.156 0.0000000000
31445  -5.402  -54.546  42.621 0.0000000000
31446  -7.652  -53.808  43.065 0.0000000000
31447  -8.686  -54.140  42.878 0.0000000000
31448  -9.739  -54.283  42.806 0.0000000000
31449  -10.661  -54.297  42.600 0.0000000000
31450  -11.607  -54.456  42.657 0.0000000000
31451  -12.458  -54.575  42.574 0.0000000000
31452  -13.369  -54.709  42.491 0.0000000000
31453  -14.396  -54.736  42.510 0.0000000000
31454  -15.468  -54.542  42.488 0.0000000000
31455  -16.367  -54.115  42.410 0.0000000000
31469  -5.041  -53.942  42.435 0.0000000000
31470  -5.648  -54.388  41.892 0.0000000000
31471  -6.495  -54.680  41.489 0.0000000000
31472  -7.285  -54.832  41.304 0.0000000000
31473  -11.237  -54.203  42.059 0.0000000000
31474  -11.978  -54.277  42.008 0.0000000000
31475  -12.773  -54.381  41.729 0.0000000000
31476  -13.758  -54.460  41.700 0.0000000000
31477  -14.762  -54.372  41.585 0.0000000000
31478  -15.835  -54.095  41.451 0.0000000000
31479  -16.423  -53.848  41.809 0.0000000000
31491  -6.133  -54.197  41.277 0.0000000000
31492  -6.897  -54.350  40.941 0.0000000000
31493  -8.073  -54.595  40.752 0.0000000000
31494  -8.844  -54.719  40.275 0.0000000000
31495  -13.247  -54.308  41.089 0.0000000000
31496  -14.009  -54.270  40.744 0.0000000000
31497  -15.071  -54.038  40.608 0.0000000000
31498  -15.687  -53.895  40.779 0.0000000000
31508  -8.584  -54.275  40.043 0.0000000000
31509  -9.347  -54.414  39.630 0.0000000000
31510  -10.131  -54.557  39.210 0.0000000000
31511  -14.437  -54.085  40.088 0.0000000000
31512  -14.850  -53.941  40.035 0.0000000000
31519  -9.859  -54.106  38.990 0.0000000000
31520  -10.510  -54.337  38.428 0.0000000000
31521  -11.252  -54.715  37.965 0.0000000000
31524  -10.873  -54.374  37.457 0.0000000000
31525  -11.405  -54.896  37.415 0.0000000000
31532  -9.784  -54.323  35.936 0.0000000000
31533  -10.451  -54.502  36.693 0.0000000000
31534  -11.234  -54.772  36.882 0.0000000000
31542  -9.584  -54.280  34.979 0.0000000000
31575  -8.572  -54.221  31.489 0.0000000000
31587  -8.444  -54.281  31.112 0.0000000000
32229  -16.645  -54.284  58.877 0.0000000000
32230  -17.182  -53.906  59.522 0.0000000000
32236  -16.555  -54.045  58.114 0.0000000000
32237  -16.968  -53.503  58.561 0.0000000000
32244  -16.664  -53.434  57.118 0.0000000000
32245  -16.825  -53.379  57.903 0.0000000000
32252  -16.604  -53.320  55.915 0.0000000000
32258  -16.541  -53.076  54.907 0.0000000000
32261  -16.459  -52.872  54.105 0.0000000000
32264  -16.304  -53.168  53.380 0.0000000000
32266  -15.932  -54.182  52.461 0.0000000000
32267  -16.111  -53.651  52.590 0.0000000000
32277  -15.973  -54.081  51.978 0.0000000000
32278  -16.129  -53.310  51.676 0.0000000000
32290  -16.059  -53.980  51.233 0.0000000000
32291  -16.293  -53.350  50.643 0.0000000000
32303  -16.522  -53.179  49.733 0.0000000000
32315  -16.736  -53.301  48.838 0.0000000000
32326  -16.952  -53.571  47.857 0.0000000000
32327  -17.252  -53.260  47.211 0.0000000000
32337  -17.039  -53.993  46.951 0.0000000000
32338  -17.329  -53.307  46.465 0.0000000000
32349  -16.956  -54.080  45.939 0.0000000000
32350  -17.327  -53.294  45.457 0.0000000000
32362  -5.294  -53.764  44.011 0.0000000000
32363  -5.528  -53.686  44.029 0.0000000000
32364  -16.862  -54.152  44.635 0.0000000000
32365  -17.406  -53.063  44.385 0.0000000000
32375  -5.264  -53.513  43.656 0.0000000000
32376  -5.796  -53.187  43.748 0.0000000000
32377  -6.325  -53.378  43.603 0.0000000000
32378  -17.034  -53.626  43.272 0.0000000000
32379  -17.478  -52.592  43.469 0.0000000000
32387  -4.633  -52.680  42.301 0.0000000000
32388  -4.762  -53.190  42.784 0.0000000000
32389  -5.879  -52.671  43.376 0.0000000000
32390  -6.643  -53.062  42.922 0.0000000000
32391  -8.139  -53.477  42.398 0.0000000000
32392  -9.368  -53.744  42.286 0.0000000000
32393  -10.067  -53.999  42.348 0.0000000000
32394  -16.810  -53.490  42.141 0.0000000000
32395  -17.310  -52.824  42.523 0.0000000000
32404  -4.602  -52.589  42.084 0.0000000000
32405  -4.893  -53.243  41.668 0.0000000000
32406  -5.618  -53.918  41.352 0.0000000000
32407  -6.843  -52.539  42.329 0.0000000000
32408  -7.559  -52.765  42.038 0.0000000000
32409  -8.946  -53.006  41.487 0.0000000000
32410  -10.399  -53.699  41.671 0.0000000000
32411  -11.583  -53.960  41.436 0.0000000000
32412  -12.195  -54.157  41.488 0.0000000000
32413  -16.076  -53.757  40.820 0.0000000000
32414  -16.558  -53.528  41.259 0.0000000000
32415  -17.147  -52.903  41.559 0.0000000000
32427  -5.232  -52.946  40.476 0.0000000000
32428  -6.038  -53.716  40.645 0.0000000000
32429  -7.435  -53.882  40.325 0.0000000000
32430  -8.164  -54.034  40.177 0.0000000000
32431  -9.230  -52.611  40.786 0.0000000000
32432  -10.027  -52.811  40.559 0.0000000000
32433  -11.203  -53.478  40.562 0.0000000000
32434  -12.459  -53.991  40.728 0.0000000000
32435  -13.293  -54.164  40.552 0.0000000000
32436  -15.197  -53.839  39.950 0.0000000000
32437  -15.795  -53.753  40.208 0.0000000000
32438  -16.497  -53.469  40.393 0.0000000000
32439  -17.053  -53.013  40.624 0.0000000000
32451  -5.317  -52.807  39.857 0.0000000000
32452  -5.796  -53.148  39.817 0.0000000000
32453  -6.893  -53.313  39.760 0.0000000000
32454  -8.436  -53.528  39.427 0.0000000000
32455  -9.365  -53.868  39.140 0.0000000000
32456  -10.325  -52.502  39.925 0.0000000000
32457  -10.872  -52.750  39.794 0.0000000000
32458  -12.028  -53.162  39.372 0.0000000000
32459  -13.508  -53.900  39.680 0.0000000000
32460  -14.722  -53.865  39.471 0.0000000000
32461  -15.566  -53.690  39.403 0.0000000000
32462  -16.398  -53.374  39.527 0.0000000000
32463  -16.944  -53.158  39.930 0.0000000000
32475  -8.834  -53.215  38.575 0.0000000000
32476  -9.656  -53.605  38.383 0.0000000000
32477  -10.218  -53.910  38.229 0.0000000000
32478  -12.333  -52.636  38.566 0.0000000000
32479  -13.114  -53.025  38.365 0.0000000000
32480  -14.273  -53.537  38.599 0.0000000000
32481  -15.209  -53.616  38.675 0.0000000000
32482  -16.001  -53.428  38.647 0.0000000000
32492  -9.994  -53.606  37.484 0.0000000000
32493  -10.343  -53.904  37.854 0.0000000000
32494  -13.506  -52.583  37.706 0.0000000000
32495  -14.118  -52.975  37.760 0.0000000000
32496  -15.038  -53.366  37.905 0.0000000000
32497  -15.603  -53.425  38.176 0.0000000000
32508  -9.836  -53.660  36.662 0.0000000000
32509  -10.363  -53.965  37.186 0.0000000000
32522  -8.679  -52.879  35.493 0.0000000000
32523  -9.250  -53.379  35.577 0.0000000000
32538  -8.512  -52.957  34.850 0.0000000000
32539  -9.125  -53.566  34.327 0.0000000000
32553  -7.184  -52.795  33.321 0.0000000000
32554  -8.075  -53.039  33.558 0.0000000000
32555  -9.107  -53.838  33.218 0.0000000000
32565  -6.129  -53.181  32.464 0.0000000000
32566  -6.895  -53.117  32.601 0.0000000000
32567  -8.270  -53.786  32.203 0.0000000000
32578  -6.145  -53.377  32.096 0.0000000000
32579  -6.875  -53.590  31.592 0.0000000000
32580  -7.893  -54.041  31.187 0.0000000000
32581  -8.450  -54.084  30.801 0.0000000000
32592  -7.135  -53.643  30.858 0.0000000000
32593  -7.825  -53.526  30.687 0.0000000000
32594  -8.640  -53.481  30.565 0.0000000000
32598  -12.987  -53.232  30.606 0.0000000000
32605  -14.565  -53.215  29.823 0.0000000000
32606  -15.199  -53.455  29.223 0.0000000000
32612  -15.554  -53.443  28.347 0.0000000000
32628  -15.557  -53.481  27.500 0.0000000000
32647  -14.694  -53.475  26.088 0.0000000000
32648  -15.271  -53.493  26.731 0.0000000000
32669  -13.863  -53.441  25.621 0.0000000000
33262  -17.406  -52.762  59.029 0.0000000000
33268  -16.975  -52.717  56.962 0.0000000000
33269  -17.203  -52.531  57.715 0.0000000000
33276  -16.861  -52.698  56.352 0.0000000000
33277  -17.113  -52.173  56.650 0.0000000000
33285  -16.754  -52.373  55.473 0.0000000000
33286  -16.970  -52.104  56.001 0.0000000000
33292  -16.615  -52.220  54.491 0.0000000000
33298  -16.474  -52.261  53.515 0.0000000000
33309  -16.323  -52.528  52.416 0.0000000000
33322  -16.382  -52.398  51.231 0.0000000000
33335  -16.565  -52.341  50.196 0.0000000000
33348  -16.733  -52.337  49.197 0.0000000000
33360  -17.167  -52.422  48.138 0.0000000000
33361  -17.371  -51.922  47.573 0.0000000000
33372  -17.265  -52.931  47.603 0.0000000000
33373  -17.427  -52.437  47.057 0.0000000000
33382  -17.507  -52.605  46.071 0.0000000000
33389  -17.503  -52.331  45.203 0.0000000000
33396  -17.567  -52.059  44.268 0.0000000000
33408  -5.324  -52.889  43.573 0.0000000000
33409  -5.487  -52.656  43.404 0.0000000000
33410  -17.606  -51.797  43.550 0.0000000000
33421  -4.713  -52.359  42.571 0.0000000000
33422  -5.077  -52.487  43.132 0.0000000000
33423  -5.730  -52.210  42.893 0.0000000000
33424  -6.385  -52.314  42.480 0.0000000000
33425  -17.593  -51.978  42.812 0.0000000000
33430  -4.589  -52.275  42.264 0.0000000000
33431  -4.631  -52.278  41.894 0.0000000000
33432  -6.097  -51.805  42.343 0.0000000000
33433  -6.782  -52.069  41.812 0.0000000000
33434  -7.903  -52.407  41.246 0.0000000000
33435  -8.696  -52.461  40.844 0.0000000000
33436  -17.478  -52.109  41.896 0.0000000000
33445  -4.929  -52.228  41.085 0.0000000000
33446  -7.399  -51.703  41.086 0.0000000000
33447  -8.197  -51.921  40.612 0.0000000000
33448  -9.157  -52.042  40.280 0.0000000000
33449  -9.927  -52.267  39.937 0.0000000000
33450  -17.405  -52.224  40.897 0.0000000000
33459  -4.997  -52.239  39.888 0.0000000000
33460  -5.529  -52.635  39.316 0.0000000000
33461  -6.358  -52.786  39.151 0.0000000000
33462  -7.368  -52.906  39.062 0.0000000000
33463  -9.729  -51.673  39.674 0.0000000000
33464  -10.456  -52.029  39.482 0.0000000000
33465  -11.275  -52.194  39.078 0.0000000000
33466  -11.859  -52.415  38.754 0.0000000000
33467  -16.925  -52.987  39.463 0.0000000000
33468  -17.362  -52.429  39.711 0.0000000000
33480  -5.069  -52.190  38.716 0.0000000000
33481  -5.877  -52.513  38.375 0.0000000000
33482  -6.938  -52.611  38.309 0.0000000000
33483  -8.139  -52.849  38.357 0.0000000000
33484  -9.006  -53.011  38.063 0.0000000000
33485  -11.646  -51.951  38.672 0.0000000000
33486  -12.130  -51.935  38.284 0.0000000000
33487  -12.595  -52.454  38.184 0.0000000000
33488  -16.854  -52.835  38.707 0.0000000000
33489  -17.590  -51.923  38.550 0.0000000000
33498  -5.393  -52.104  37.375 0.0000000000
33499  -6.464  -52.443  37.391 0.0000000000
33500  -7.610  -52.520  37.437 0.0000000000
33501  -8.635  -52.752  37.419 0.0000000000
33502  -9.448  -53.184  37.428 0.0000000000
33503  -12.434  -51.527  37.934 0.0000000000
33504  -12.897  -52.048  37.693 0.0000000000
33505  -13.958  -52.095  37.182 0.0000000000
33506  -14.943  -52.629  37.282 0.0000000000
33507  -16.072  -52.975  37.615 0.0000000000
33508  -17.154  -52.210  37.600 0.0000000000
33518  -5.404  -52.087  36.066 0.0000000000
33519  -6.141  -52.389  36.356 0.0000000000
33520  -7.226  -52.413  36.485 0.0000000000
33521  -8.276  -52.502  36.590 0.0000000000
33522  -9.097  -52.979  36.591 0.0000000000
33523  -14.281  -51.653  36.818 0.0000000000
33524  -14.759  -51.865  36.773 0.0000000000
33525  -15.660  -52.138  36.811 0.0000000000
33526  -16.520  -52.118  36.951 0.0000000000
33540  -4.847  -51.768  34.536 0.0000000000
33541  -5.178  -52.098  35.088 0.0000000000
33542  -5.953  -52.290  35.299 0.0000000000
33543  -6.915  -52.382  35.482 0.0000000000
33544  -8.054  -52.474  35.622 0.0000000000
33545  -8.725  -52.792  35.964 0.0000000000
33560  -4.803  -51.828  33.727 0.0000000000
33561  -5.165  -52.272  34.014 0.0000000000
33562  -5.778  -52.462  34.284 0.0000000000
33563  -6.624  -52.465  34.494 0.0000000000
33564  -7.603  -52.585  34.624 0.0000000000
33577  -4.764  -51.916  32.902 0.0000000000
33578  -5.115  -52.429  33.101 0.0000000000
33579  -5.661  -52.674  33.336 0.0000000000
33580  -6.451  -52.711  33.495 0.0000000000
33581  -7.207  -52.653  33.873 0.0000000000
33593  -4.785  -51.924  32.443 0.0000000000
33594  -5.001  -52.433  32.228 0.0000000000
33595  -5.612  -52.993  32.493 0.0000000000
33596  -6.093  -52.995  32.827 0.0000000000
33608  -5.189  -52.507  31.792 0.0000000000
33609  -5.663  -52.931  31.545 0.0000000000
33610  -6.489  -53.277  30.989 0.0000000000
33620  -6.213  -52.652  30.923 0.0000000000
33621  -6.995  -52.853  30.616 0.0000000000
33622  -7.945  -52.640  30.565 0.0000000000
33623  -8.898  -52.539  30.427 0.0000000000
33624  -9.982  -52.468  30.445 0.0000000000
33625  -11.181  -52.396  30.458 0.0000000000
33626  -12.336  -52.433  30.347 0.0000000000
33627  -13.307  -52.493  30.207 0.0000000000
33628  -13.970  -52.673  30.002 0.0000000000
33639  -13.667  -52.199  29.822 0.0000000000
33640  -14.216  -52.279  29.497 0.0000000000
33641  -14.821  -52.703  29.266 0.0000000000
33648  -14.678  -52.121  29.000 0.0000000000
33649  -15.178  -52.522  28.627 0.0000000000
33657  -15.496  -52.617  27.831 0.0000000000
33671  -15.116  -52.606  26.326 0.0000000000
33672  -15.445  -52.648  27.061 0.0000000000
33696  -12.387  -52.776  25.089 0.0000000000
33697  -13.424  -52.345  25.146 0.0000000000
33698  -14.458  -52.521  25.675 0.0000000000
33716  -12.522  -52.049  24.773 0.0000000000
33717  -13.095  -51.596  24.761 0.0000000000
34309  -17.443  -51.675  58.572 0.0000000000
34316  -17.371  -51.413  57.716 0.0000000000
34323  -17.242  -51.490  56.945 0.0000000000
34330  -16.901  -51.819  55.623 0.0000000000
34331  -17.068  -51.423  55.981 0.0000000000
34338  -16.844  -51.402  55.065 0.0000000000
34339  -16.973  -51.013  55.496 0.0000000000
34353  -16.711  -51.373  53.903 0.0000000000
34370  -16.617  -51.451  52.798 0.0000000000
34384  -16.551  -51.529  51.756 0.0000000000
34397  -16.698  -51.380  50.740 0.0000000000
34407  -16.789  -51.396  49.648 0.0000000000
34417  -17.005  -51.439  48.683 0.0000000000
34418  -17.293  -51.400  47.886 0.0000000000
34427  -17.432  -51.421  47.112 0.0000000000
34436  -17.522  -51.600  46.078 0.0000000000
34446  -17.511  -51.348  44.932 0.0000000000
34453  -17.564  -51.186  44.005 0.0000000000
34462  -17.592  -51.156  43.154 0.0000000000
34468  -4.687  -51.981  42.327 0.0000000000
34469  -4.913  -51.847  42.546 0.0000000000
34470  -5.232  -51.893  42.754 0.0000000000
34471  -17.633  -51.237  42.268 0.0000000000
34477  -4.634  -51.993  42.158 0.0000000000
34478  -4.824  -51.490  41.781 0.0000000000
34479  -5.503  -51.327  42.144 0.0000000000
34480  -6.170  -51.512  41.974 0.0000000000
34481  -17.662  -51.337  41.310 0.0000000000
34486  -4.922  -51.243  40.518 0.0000000000
34487  -5.721  -50.823  41.602 0.0000000000
34488  -6.396  -51.140  41.313 0.0000000000
34489  -7.648  -51.056  40.378 0.0000000000
34490  -8.459  -51.513  40.202 0.0000000000
34491  -17.708  -51.423  40.295 0.0000000000
34494  -4.840  -50.854  38.569 0.0000000000
34495  -4.873  -51.205  39.280 0.0000000000
34496  -7.938  -50.587  39.881 0.0000000000
34497  -8.791  -50.971  39.644 0.0000000000
34498  -10.234  -51.044  39.142 0.0000000000
34499  -10.842  -51.612  39.089 0.0000000000
34500  -17.758  -51.357  39.305 0.0000000000
34508  -4.880  -50.960  38.004 0.0000000000
34509  -4.906  -51.506  38.219 0.0000000000
34510  -10.750  -50.652  38.696 0.0000000000
34511  -11.326  -51.233  38.640 0.0000000000
34512  -12.124  -51.058  38.174 0.0000000000
34513  -17.886  -51.030  38.497 0.0000000000
34514  -18.031  -50.781  38.098 0.0000000000
34522  -4.977  -50.768  37.549 0.0000000000
34523  -4.993  -51.351  37.394 0.0000000000
34524  -12.658  -51.059  37.716 0.0000000000
34525  -13.396  -51.163  37.235 0.0000000000
34526  -13.963  -51.416  36.856 0.0000000000
34527  -17.794  -51.161  37.655 0.0000000000
34528  -18.075  -50.615  37.868 0.0000000000
34536  -4.905  -50.988  36.705 0.0000000000
34537  -5.077  -51.633  36.467 0.0000000000
34538  -13.857  -50.892  36.752 0.0000000000
34539  -14.420  -51.184  36.550 0.0000000000
34540  -15.255  -51.269  36.311 0.0000000000
34541  -16.228  -51.545  36.361 0.0000000000
34542  -17.197  -51.383  36.623 0.0000000000
34548  -4.785  -51.342  35.495 0.0000000000
34549  -5.063  -51.822  35.788 0.0000000000
34550  -8.335  -50.907  35.163 0.0000000000
34551  -8.948  -50.905  35.228 0.0000000000
34552  -9.911  -50.845  35.261 0.0000000000
34553  -10.726  -50.658  35.296 0.0000000000
34554  -15.861  -51.015  35.848 0.0000000000
34555  -16.634  -50.988  35.947 0.0000000000
34556  -17.108  -50.843  36.082 0.0000000000
34568  -4.566  -51.195  34.349 0.0000000000
34569  -8.503  -50.965  34.560 0.0000000000
34570  -9.426  -51.062  34.460 0.0000000000
34571  -10.520  -50.897  34.415 0.0000000000
34572  -11.132  -50.638  34.984 0.0000000000
34582  -4.558  -51.238  33.417 0.0000000000
34583  -8.813  -50.976  33.652 0.0000000000
34584  -9.748  -51.049  33.629 0.0000000000
34585  -10.401  -50.836  33.469 0.0000000000
34597  -4.635  -51.385  32.563 0.0000000000
34598  -4.806  -51.851  32.170 0.0000000000
34599  -9.241  -50.930  32.969 0.0000000000
34600  -9.959  -50.861  32.944 0.0000000000
34601  -10.386  -50.712  32.994 0.0000000000
34613  -4.731  -51.421  32.019 0.0000000000
34614  -5.089  -51.942  31.719 0.0000000000
34615  -5.723  -51.927  31.116 0.0000000000
34626  -6.465  -51.906  30.734 0.0000000000
34627  -7.244  -51.748  30.618 0.0000000000
34628  -8.104  -51.452  30.505 0.0000000000
34629  -9.091  -51.328  30.266 0.0000000000
34630  -10.239  -51.185  30.172 0.0000000000
34631  -11.638  -51.216  30.011 0.0000000000
34632  -12.804  -51.738  30.015 0.0000000000
34633  -13.332  -51.984  29.907 0.0000000000
34644  -11.936  -50.597  29.636 0.0000000000
34645  -12.559  -50.936  29.659 0.0000000000
34646  -13.483  -51.501  29.528 0.0000000000
34647  -14.211  -51.527  28.989 0.0000000000
34657  -14.771  -51.640  28.517 0.0000000000
34658  -15.257  -51.810  28.024 0.0000000000
34666  -15.363  -51.916  27.380 0.0000000000
34674  -14.894  -51.662  26.065 0.0000000000
34675  -15.272  -51.831  26.760 0.0000000000
34698  -13.664  -51.267  24.921 0.0000000000
34699  -14.283  -51.525  25.384 0.0000000000
34718  -12.584  -51.274  24.547 0.0000000000
34719  -13.193  -51.022  24.662 0.0000000000
35360  -17.335  -50.707  58.141 0.0000000000
35368  -17.230  -50.692  57.247 0.0000000000
35373  -17.128  -50.723  56.420 0.0000000000
35379  -17.020  -50.677  55.753 0.0000000000
35384  -16.837  -50.472  54.384 0.0000000000
35385  -16.925  -50.581  55.218 0.0000000000
35399  -16.791  -50.445  53.197 0.0000000000
35415  -16.794  -50.549  52.033 0.0000000000
35416  -16.890  -50.188  51.665 0.0000000000
35432  -16.735  -50.899  51.348 0.0000000000
35433  -16.869  -50.380  51.355 0.0000000000
35446  -16.849  -50.648  50.873 0.0000000000
35447  -16.988  -50.142  50.821 0.0000000000
35456  -16.955  -50.390  50.125 0.0000000000
35457  -17.025  -49.946  50.445 0.0000000000
35464  -16.946  -50.464  49.002 0.0000000000
35465  -17.184  -50.598  48.155 0.0000000000
35472  -17.323  -50.621  47.430 0.0000000000
35478  -17.395  -50.562  46.546 0.0000000000
35487  -17.439  -50.512  45.510 0.0000000000
35496  -17.473  -50.421  44.510 0.0000000000
35503  -17.542  -50.366  43.580 0.0000000000
35506  -17.618  -50.364  42.668 0.0000000000
35510  -5.175  -50.926  41.659 0.0000000000
35511  -5.407  -50.749  41.535 0.0000000000
35512  -17.716  -50.408  41.726 0.0000000000
35518  -5.175  -50.445  40.940 0.0000000000
35519  -5.820  -50.437  41.104 0.0000000000
35520  -6.677  -50.247  40.504 0.0000000000
35521  -7.452  -50.314  40.069 0.0000000000
35522  -17.840  -50.484  40.759 0.0000000000
35528  -4.770  -50.349  39.029 0.0000000000
35529  -4.628  -50.087  39.904 0.0000000000
35530  -7.076  -49.855  39.994 0.0000000000
35531  -7.820  -50.072  39.525 0.0000000000
35532  -8.695  -50.221  39.167 0.0000000000
35533  -9.441  -50.402  39.072 0.0000000000
35534  -17.876  -50.513  39.779 0.0000000000
35535  -18.037  -50.142  39.208 0.0000000000
35541  -4.958  -50.221  38.290 0.0000000000
35542  -5.246  -49.736  38.148 0.0000000000
35543  -8.249  -49.914  38.971 0.0000000000
35544  -9.039  -50.020  38.606 0.0000000000
35545  -10.208  -50.223  38.548 0.0000000000
35546  -11.120  -50.325  38.390 0.0000000000
35547  -11.696  -50.516  38.250 0.0000000000
35548  -17.920  -50.652  39.031 0.0000000000
35549  -18.195  -50.184  38.400 0.0000000000
35553  -5.268  -50.352  37.294 0.0000000000
35554  -5.717  -49.730  37.654 0.0000000000
35555  -6.707  -49.708  37.719 0.0000000000
35556  -7.866  -49.969  37.564 0.0000000000
35557  -8.864  -49.985  37.558 0.0000000000
35558  -9.708  -49.796  37.854 0.0000000000
35559  -10.937  -49.758  37.959 0.0000000000
35560  -11.607  -49.927  38.108 0.0000000000
35561  -12.237  -50.273  37.897 0.0000000000
35562  -12.842  -50.401  37.355 0.0000000000
35563  -17.757  -50.718  36.843 0.0000000000
35564  -18.147  -50.223  37.365 0.0000000000
35568  -4.980  -50.545  35.997 0.0000000000
35569  -5.518  -50.285  36.403 0.0000000000
35570  -6.278  -50.141  36.672 0.0000000000
35571  -7.381  -50.250  36.762 0.0000000000
35572  -8.536  -50.306  36.807 0.0000000000
35573  -9.642  -50.241  36.936 0.0000000000
35574  -10.901  -49.884  36.977 0.0000000000
35575  -11.571  -49.753  36.553 0.0000000000
35576  -13.404  -50.378  36.857 0.0000000000
35577  -14.087  -50.373  36.263 0.0000000000
35578  -14.705  -50.782  36.195 0.0000000000
35579  -17.448  -50.572  36.237 0.0000000000
35580  -17.898  -50.042  36.441 0.0000000000
35584  -4.634  -50.515  34.895 0.0000000000
35585  -5.061  -50.013  35.228 0.0000000000
35586  -5.926  -50.153  35.459 0.0000000000
35587  -6.966  -50.453  35.739 0.0000000000
35588  -8.151  -50.702  35.847 0.0000000000
35589  -9.277  -50.617  36.037 0.0000000000
35590  -10.379  -50.489  36.080 0.0000000000
35591  -11.498  -50.076  35.703 0.0000000000
35592  -12.067  -49.715  35.345 0.0000000000
35593  -14.266  -49.998  35.806 0.0000000000
35594  -15.008  -50.328  35.622 0.0000000000
35595  -16.135  -50.554  35.390 0.0000000000
35596  -17.073  -50.379  35.531 0.0000000000
35597  -17.607  -50.049  35.852 0.0000000000
35604  -4.565  -50.466  33.897 0.0000000000
35605  -4.785  -50.015  34.282 0.0000000000
35606  -5.614  -49.865  34.092 0.0000000000
35607  -6.714  -50.404  34.574 0.0000000000
35608  -7.704  -50.797  34.973 0.0000000000
35609  -10.925  -50.655  33.762 0.0000000000
35610  -11.411  -50.307  34.462 0.0000000000
35611  -11.898  -49.940  34.971 0.0000000000
35612  -15.171  -49.831  35.123 0.0000000000
35613  -15.673  -50.006  34.965 0.0000000000
35614  -16.485  -50.094  34.929 0.0000000000
35624  -4.570  -50.621  33.016 0.0000000000
35625  -5.965  -49.691  32.884 0.0000000000
35626  -6.741  -50.259  33.263 0.0000000000
35627  -7.750  -50.755  33.901 0.0000000000
35628  -10.749  -50.563  33.128 0.0000000000
35629  -11.236  -50.210  33.429 0.0000000000
35640  -4.710  -50.654  32.113 0.0000000000
35641  -5.068  -50.263  31.807 0.0000000000
35642  -6.010  -49.455  32.299 0.0000000000
35643  -6.791  -49.558  31.996 0.0000000000
35644  -8.228  -50.431  32.542 0.0000000000
35645  -9.470  -50.538  32.391 0.0000000000
35646  -10.336  -50.378  32.499 0.0000000000
35647  -10.963  -50.223  32.753 0.0000000000
35657  -4.886  -51.215  31.783 0.0000000000
35658  -5.328  -50.855  31.495 0.0000000000
35659  -6.125  -51.001  30.970 0.0000000000
35660  -7.151  -49.534  30.840 0.0000000000
35661  -8.101  -49.327  31.190 0.0000000000
35662  -9.155  -49.996  31.633 0.0000000000
35663  -9.842  -50.194  31.980 0.0000000000
35674  -6.746  -51.075  30.754 0.0000000000
35675  -7.272  -50.525  30.668 0.0000000000
35676  -8.204  -50.046  30.341 0.0000000000
35677  -9.216  -50.303  29.927 0.0000000000
35678  -9.924  -50.240  29.827 0.0000000000
35679  -10.661  -50.466  29.859 0.0000000000
35688  -8.757  -49.525  29.883 0.0000000000
35689  -9.406  -49.593  29.685 0.0000000000
35690  -10.240  -49.713  29.627 0.0000000000
35691  -11.297  -50.048  29.554 0.0000000000
35692  -12.243  -50.154  29.332 0.0000000000
35693  -13.116  -50.502  29.140 0.0000000000
35694  -13.751  -50.915  28.961 0.0000000000
35706  -13.572  -50.379  28.649 0.0000000000
35707  -14.239  -50.739  28.372 0.0000000000
35708  -14.921  -51.159  28.065 0.0000000000
35718  -14.685  -50.636  27.652 0.0000000000
35719  -15.145  -51.269  27.511 0.0000000000
35725  -15.006  -50.843  26.780 0.0000000000
35726  -15.267  -51.438  27.106 0.0000000000
35741  -14.136  -50.616  25.220 0.0000000000
35742  -14.620  -50.754  25.837 0.0000000000
35767  -12.943  -50.498  24.525 0.0000000000
35768  -13.577  -50.486  24.803 0.0000000000
36460  -16.994  -50.029  56.709 0.0000000000
36466  -16.994  -50.128  55.936 0.0000000000
36472  -16.845  -49.741  55.149 0.0000000000
36473  -16.948  -50.265  55.511 0.0000000000
36488  -16.713  -49.401  53.796 0.0000000000
36503  -16.793  -49.492  52.282 0.0000000000
36504  -16.917  -50.005  51.863 0.0000000000
36519  -16.819  -49.048  51.189 0.0000000000
36520  -16.936  -49.824  51.414 0.0000000000
36531  -16.807  -49.003  50.261 0.0000000000
36532  -16.949  -49.593  50.716 0.0000000000
36543  -16.875  -49.394  49.362 0.0000000000
36544  -16.946  -49.661  50.170 0.0000000000
36553  -17.051  -49.551  48.080 0.0000000000
36554  -17.237  -50.102  47.707 0.0000000000
36561  -17.084  -49.187  47.424 0.0000000000
36562  -17.224  -49.657  47.101 0.0000000000
36568  -17.260  -49.609  46.002 0.0000000000
36578  -17.299  -49.579  44.981 0.0000000000
36589  -17.426  -49.539  44.025 0.0000000000
36594  -17.533  -49.508  43.087 0.0000000000
36596  -17.620  -49.493  42.135 0.0000000000
36598  -17.767  -49.516  41.151 0.0000000000
36600  -5.131  -49.522  40.198 0.0000000000
36601  -5.924  -49.626  40.431 0.0000000000
36602  -6.601  -49.679  40.163 0.0000000000
36603  -17.884  -49.671  40.250 0.0000000000
36605  -4.852  -49.658  39.016 0.0000000000
36606  -4.952  -49.272  39.542 0.0000000000
36607  -5.650  -49.053  39.626 0.0000000000
36608  -6.745  -49.384  39.582 0.0000000000
36609  -7.639  -49.554  39.109 0.0000000000
36610  -18.000  -49.807  39.644 0.0000000000
36611  -18.169  -49.501  39.176 0.0000000000
36614  -4.999  -49.552  38.527 0.0000000000
36615  -5.363  -49.173  38.700 0.0000000000
36616  -6.246  -48.815  38.899 0.0000000000
36617  -7.134  -49.256  38.805 0.0000000000
36618  -8.069  -49.757  38.556 0.0000000000
36619  -8.838  -49.832  38.198 0.0000000000
36620  -18.367  -49.158  38.578 0.0000000000
36623  -6.069  -49.127  38.259 0.0000000000
36624  -6.660  -49.242  38.426 0.0000000000
36625  -7.440  -49.582  38.209 0.0000000000
36626  -8.352  -49.790  38.023 0.0000000000
36627  -8.966  -49.786  37.922 0.0000000000
36628  -11.489  -49.737  37.825 0.0000000000
36629  -11.874  -49.683  37.696 0.0000000000
36630  -12.397  -49.812  37.335 0.0000000000
36631  -12.922  -49.892  36.998 0.0000000000
36632  -18.456  -49.278  37.731 0.0000000000
36636  -11.427  -49.684  37.519 0.0000000000
36637  -11.804  -49.522  37.050 0.0000000000
36638  -12.484  -49.591  36.706 0.0000000000
36639  -13.279  -49.684  36.439 0.0000000000
36640  -13.860  -49.726  35.978 0.0000000000
36641  -18.342  -49.293  36.711 0.0000000000
36645  -11.955  -49.565  36.385 0.0000000000
36646  -12.477  -49.416  35.852 0.0000000000
36647  -13.434  -49.222  35.801 0.0000000000
36648  -14.234  -49.489  35.485 0.0000000000
36649  -14.818  -49.651  35.185 0.0000000000
36650  -17.538  -49.886  35.413 0.0000000000
36651  -18.065  -49.386  35.590 0.0000000000
36656  -4.686  -50.034  33.822 0.0000000000
36657  -4.929  -49.799  33.647 0.0000000000
36658  -5.368  -49.729  33.226 0.0000000000
36659  -11.810  -49.810  34.572 0.0000000000
36660  -12.269  -49.405  34.841 0.0000000000
36661  -14.558  -49.230  35.030 0.0000000000
36662  -15.171  -49.345  34.706 0.0000000000
36663  -16.157  -49.525  34.399 0.0000000000
36664  -17.273  -49.620  34.734 0.0000000000
36665  -17.982  -48.943  34.695 0.0000000000
36674  -4.694  -50.085  33.367 0.0000000000
36675  -4.998  -49.776  32.949 0.0000000000
36676  -5.529  -49.622  32.551 0.0000000000
36677  -11.719  -49.585  33.952 0.0000000000
36678  -12.226  -48.944  34.189 0.0000000000
36679  -15.617  -48.995  34.194 0.0000000000
36680  -16.147  -48.901  33.932 0.0000000000
36691  -4.745  -50.136  32.720 0.0000000000
36692  -5.055  -49.816  32.160 0.0000000000
36693  -5.848  -49.523  31.822 0.0000000000
36694  -6.483  -49.625  31.328 0.0000000000
36695  -10.779  -49.979  32.340 0.0000000000
36696  -11.277  -49.540  32.668 0.0000000000
36707  -5.437  -50.029  31.669 0.0000000000
36708  -6.056  -50.075  31.250 0.0000000000
36709  -6.623  -49.798  30.941 0.0000000000
36710  -8.538  -48.873  30.718 0.0000000000
36711  -9.020  -49.082  31.093 0.0000000000
36712  -10.270  -49.524  31.668 0.0000000000
36713  -11.160  -49.062  31.805 0.0000000000
36723  -6.616  -50.324  30.833 0.0000000000
36724  -6.889  -49.954  30.756 0.0000000000
36725  -8.458  -48.989  30.279 0.0000000000
36735  -8.961  -48.946  29.780 0.0000000000
36736  -9.706  -48.955  29.612 0.0000000000
36737  -10.654  -49.047  29.421 0.0000000000
36738  -11.762  -49.146  29.045 0.0000000000
36739  -12.748  -49.735  28.830 0.0000000000
36740  -13.242  -50.063  28.689 0.0000000000
36750  -12.064  -48.655  28.751 0.0000000000
36751  -12.541  -48.984  28.555 0.0000000000
36752  -13.520  -49.617  28.138 0.0000000000
36753  -14.201  -50.189  27.855 0.0000000000
36764  -13.771  -49.290  27.458 0.0000000000
36765  -14.259  -49.821  27.214 0.0000000000
36772  -14.467  -50.003  26.265 0.0000000000
36784  -13.890  -49.719  25.164 0.0000000000
36785  -14.318  -50.084  25.630 0.0000000000
36807  -12.726  -49.746  24.397 0.0000000000
36808  -13.346  -49.891  24.674 0.0000000000
37522  -17.575  -48.560  41.583 0.0000000000
37528  -17.800  -48.534  40.419 0.0000000000
37529  -17.935  -47.941  39.903 0.0000000000
37536  -18.003  -49.192  39.772 0.0000000000
37537  -18.163  -48.424  39.313 0.0000000000
37543  -18.474  -48.297  38.192 0.0000000000
37548  -18.591  -48.297  37.108 0.0000000000
37550  -18.636  -48.406  36.034 0.0000000000
37553  -12.927  -48.841  35.292 0.0000000000
37554  -13.753  -48.887  35.211 0.0000000000
37555  -14.234  -49.031  35.125 0.0000000000
37556  -18.557  -48.409  35.026 0.0000000000
37559  -12.684  -48.743  34.620 0.0000000000
37560  -13.331  -48.356  34.699 0.0000000000
37561  -14.385  -48.627  34.657 0.0000000000
37562  -15.116  -48.719  34.303 0.0000000000
37563  -16.761  -49.075  34.083 0.0000000000
37564  -17.449  -48.734  34.126 0.0000000000
37565  -18.171  -48.239  34.261 0.0000000000
37571  -11.782  -48.712  33.464 0.0000000000
37572  -12.469  -48.159  34.124 0.0000000000
37573  -13.196  -47.740  34.244 0.0000000000
37574  -14.843  -48.284  34.115 0.0000000000
37575  -15.569  -48.339  33.838 0.0000000000
37576  -16.656  -48.286  33.676 0.0000000000
37577  -17.609  -47.943  33.732 0.0000000000
37578  -18.222  -47.652  33.913 0.0000000000
37589  -11.437  -48.459  32.378 0.0000000000
37600  -8.552  -48.721  30.477 0.0000000000
37601  -8.814  -48.625  30.606 0.0000000000
37602  -9.570  -48.614  30.757 0.0000000000
37603  -10.793  -48.286  31.106 0.0000000000
37611  -8.669  -48.604  30.295 0.0000000000
37612  -9.032  -48.357  30.255 0.0000000000
37613  -9.777  -47.909  30.194 0.0000000000
37614  -10.570  -47.527  30.320 0.0000000000
37624  -8.745  -48.558  30.013 0.0000000000
37625  -9.282  -48.413  29.833 0.0000000000
37626  -10.163  -48.240  29.625 0.0000000000
37627  -11.037  -48.284  29.284 0.0000000000
37635  -11.705  -48.233  28.860 0.0000000000
37636  -12.299  -48.248  28.543 0.0000000000
37637  -12.903  -48.483  28.097 0.0000000000
37650  -13.447  -48.645  27.462 0.0000000000
37651  -13.872  -49.075  27.036 0.0000000000
37659  -13.741  -48.453  26.661 0.0000000000
37660  -14.100  -49.211  26.422 0.0000000000
37673  -13.756  -48.626  25.626 0.0000000000
37674  -14.186  -49.481  25.791 0.0000000000
37693  -13.357  -49.118  24.747 0.0000000000
38387  -18.095  -47.361  39.591 0.0000000000
38395  -18.297  -47.346  38.727 0.0000000000
38404  -18.571  -47.163  37.617 0.0000000000
38411  -18.850  -47.227  36.361 0.0000000000
38412  -19.008  -46.631  35.919 0.0000000000
38418  -18.889  -47.613  35.397 0.0000000000
38419  -19.029  -46.897  35.498 0.0000000000
38424  -13.969  -47.890  34.294 0.0000000000
38425  -14.472  -48.095  34.187 0.0000000000
38426  -18.725  -47.405  34.447 0.0000000000
38427  -19.065  -47.151  35.002 0.0000000000
38432  -11.614  -47.440  33.389 0.0000000000
38433  -12.643  -47.228  33.912 0.0000000000
38434  -13.642  -47.199  33.905 0.0000000000
38435  -14.739  -47.542  33.743 0.0000000000
38436  -15.962  -47.429  33.336 0.0000000000
38437  -17.059  -47.279  33.317 0.0000000000
38438  -17.924  -47.208  33.567 0.0000000000
38439  -18.387  -47.272  33.880 0.0000000000
38451  -11.499  -47.458  31.984 0.0000000000
38465  -11.251  -47.225  30.825 0.0000000000
38475  -10.511  -47.577  29.766 0.0000000000
38476  -10.876  -46.905  29.962 0.0000000000
38484  -10.752  -47.850  29.523 0.0000000000
38485  -11.413  -47.314  29.180 0.0000000000
38486  -12.105  -46.765  28.795 0.0000000000
38493  -12.009  -47.781  28.744 0.0000000000
38494  -12.611  -47.376  28.231 0.0000000000
38495  -13.095  -48.010  27.757 0.0000000000
38508  -13.061  -47.014  27.552 0.0000000000
38509  -13.359  -47.579  27.189 0.0000000000
38520  -13.567  -47.765  26.224 0.0000000000
38534  -13.159  -47.456  25.431 0.0000000000
38547  -13.153  -48.249  24.890 0.0000000000
39309  -18.389  -46.292  38.415 0.0000000000
39318  -18.673  -46.067  37.583 0.0000000000
39319  -18.928  -45.867  36.977 0.0000000000
39329  -18.843  -46.515  36.981 0.0000000000
39330  -19.018  -46.170  36.311 0.0000000000
39340  -19.189  -46.210  35.548 0.0000000000
39348  -18.876  -46.751  34.232 0.0000000000
39349  -19.158  -46.515  34.723 0.0000000000
39361  -11.643  -46.390  33.392 0.0000000000
39362  -12.134  -46.457  33.690 0.0000000000
39363  -13.135  -46.402  33.618 0.0000000000
39364  -14.244  -46.431  33.502 0.0000000000
39365  -15.347  -46.480  33.228 0.0000000000
39366  -16.504  -46.350  33.008 0.0000000000
39367  -17.643  -46.252  33.088 0.0000000000
39368  -18.490  -46.718  33.763 0.0000000000
39384  -11.489  -46.480  32.730 0.0000000000
39385  -17.106  -45.877  32.835 0.0000000000
39386  -17.391  -45.848  32.877 0.0000000000
39402  -11.578  -46.570  31.580 0.0000000000
39411  -11.556  -46.288  30.415 0.0000000000
39412  -11.911  -45.734  30.021 0.0000000000
39419  -11.378  -46.631  29.694 0.0000000000
39420  -11.954  -46.186  29.362 0.0000000000
39428  -12.525  -46.258  28.422 0.0000000000
39440  -12.938  -46.463  27.688 0.0000000000
39441  -13.220  -46.695  27.078 0.0000000000
39455  -13.280  -46.950  26.296 0.0000000000
39464  -13.041  -46.842  25.717 0.0000000000
40209  -18.880  -45.216  37.364 0.0000000000
40210  -19.133  -45.284  36.606 0.0000000000
40219  -19.296  -45.403  35.805 0.0000000000
40230  -19.391  -45.534  34.955 0.0000000000
40243  -18.923  -46.277  34.043 0.0000000000
40244  -19.146  -45.627  34.191 0.0000000000
40258  -11.559  -45.816  33.257 0.0000000000
40259  -11.856  -45.630  33.578 0.0000000000
40260  -12.665  -45.510  33.514 0.0000000000
40261  -13.763  -45.472  33.359 0.0000000000
40262  -14.880  -45.484  33.240 0.0000000000
40263  -15.848  -45.543  32.994 0.0000000000
40264  -17.978  -45.590  33.027 0.0000000000
40265  -18.567  -45.641  33.477 0.0000000000
40266  -19.063  -45.003  33.748 0.0000000000
40280  -11.510  -45.541  32.887 0.0000000000
40281  -11.813  -45.253  32.441 0.0000000000
40282  -16.613  -45.438  32.853 0.0000000000
40283  -17.403  -45.365  32.866 0.0000000000
40295  -11.758  -45.904  32.153 0.0000000000
40296  -12.064  -45.322  31.690 0.0000000000
40304  -11.847  -45.923  31.310 0.0000000000
40305  -12.179  -45.435  30.682 0.0000000000
40313  -12.363  -45.297  29.735 0.0000000000
40322  -12.621  -45.342  28.777 0.0000000000
40335  -12.848  -45.484  27.690 0.0000000000
40336  -13.143  -46.033  27.124 0.0000000000
40352  -13.130  -46.267  26.589 0.0000000000
41123  -19.380  -44.512  36.144 0.0000000000
41133  -9.821  -44.403  35.065 0.0000000000
41134  -10.632  -44.084  35.007 0.0000000000
41135  -11.105  -43.816  34.947 0.0000000000
41136  -19.491  -44.615  35.245 0.0000000000
41145  -9.748  -44.348  34.371 0.0000000000
41146  -10.510  -44.444  34.361 0.0000000000
41147  -11.382  -44.125  34.454 0.0000000000
41148  -11.958  -43.955  34.254 0.0000000000
41149  -19.357  -44.679  34.279 0.0000000000
41158  -9.795  -44.246  33.945 0.0000000000
41159  -10.472  -44.366  33.660 0.0000000000
41160  -11.470  -44.760  33.513 0.0000000000
41161  -12.218  -44.487  33.852 0.0000000000
41162  -13.355  -44.498  33.519 0.0000000000
41163  -14.459  -44.507  33.330 0.0000000000
41164  -15.621  -44.500  33.044 0.0000000000
41165  -16.186  -44.987  32.913 0.0000000000
41166  -18.126  -44.989  33.030 0.0000000000
41167  -18.728  -44.478  33.286 0.0000000000
41168  -19.148  -44.482  33.686 0.0000000000
41177  -10.889  -44.135  33.193 0.0000000000
41178  -11.408  -44.581  32.943 0.0000000000
41179  -12.015  -44.608  32.146 0.0000000000
41180  -16.103  -43.977  32.798 0.0000000000
41181  -16.654  -44.467  32.722 0.0000000000
41182  -17.700  -44.398  32.766 0.0000000000
41183  -18.262  -44.381  32.944 0.0000000000
41192  -12.308  -44.591  31.249 0.0000000000
41201  -12.438  -44.536  30.269 0.0000000000
41210  -12.673  -44.432  29.254 0.0000000000
41220  -12.741  -44.382  28.133 0.0000000000
41984  -8.520  -43.737  35.605 0.0000000000
41985  -9.258  -43.917  35.634 0.0000000000
41986  -10.164  -43.648  35.642 0.0000000000
42000  -8.194  -43.671  35.118 0.0000000000
42001  -8.874  -44.390  34.952 0.0000000000
42002  -11.495  -43.397  34.896 0.0000000000
42003  -12.011  -43.403  34.547 0.0000000000
42004  -12.652  -43.131  34.411 0.0000000000
42005  -19.633  -43.697  34.680 0.0000000000
42017  -8.591  -43.698  34.651 0.0000000000
42018  -9.284  -43.844  34.185 0.0000000000
42019  -9.976  -43.805  33.638 0.0000000000
42020  -12.376  -43.701  34.208 0.0000000000
42021  -13.130  -43.513  33.999 0.0000000000
42022  -14.107  -43.568  33.592 0.0000000000
42023  -15.030  -43.580  33.293 0.0000000000
42024  -18.831  -43.945  33.168 0.0000000000
42025  -19.221  -43.708  33.522 0.0000000000
42036  -10.569  -43.727  33.225 0.0000000000
42037  -11.147  -43.721  32.716 0.0000000000
42038  -11.683  -44.032  32.381 0.0000000000
42039  -15.732  -43.492  32.851 0.0000000000
42040  -16.385  -43.454  32.545 0.0000000000
42041  -17.265  -43.497  32.444 0.0000000000
42042  -18.431  -43.617  32.772 0.0000000000
42043  -19.012  -43.001  32.933 0.0000000000
42054  -11.608  -43.464  32.180 0.0000000000
42055  -12.082  -43.765  31.711 0.0000000000
42065  -12.344  -43.807  30.817 0.0000000000
42074  -12.502  -43.656  29.864 0.0000000000
42083  -12.572  -43.464  28.744 0.0000000000
42892  -8.162  -43.445  34.699 0.0000000000
42905  -8.349  -42.973  34.112 0.0000000000
42906  -9.642  -42.870  33.378 0.0000000000
42907  -10.239  -43.320  33.263 0.0000000000
42911  -19.303  -42.599  33.259 0.0000000000
42916  -10.036  -42.403  32.775 0.0000000000
42917  -10.670  -42.808  32.604 0.0000000000
42918  -11.297  -43.157  32.316 0.0000000000
42921  -17.692  -42.390  32.131 0.0000000000
42922  -18.660  -42.495  32.575 0.0000000000
42923  -19.074  -42.524  32.846 0.0000000000
42928  -11.030  -42.355  31.974 0.0000000000
42929  -11.614  -42.752  31.613 0.0000000000
42930  -12.132  -43.314  31.193 0.0000000000
42937  -11.857  -42.230  30.389 0.0000000000
42938  -12.252  -43.033  30.586 0.0000000000
42943  -11.739  -42.094  29.327 0.0000000000
42944  -12.326  -42.772  29.552 0.0000000000
42955  -12.107  -42.655  28.520 0.0000000000
43898  -7.621  -42.185  33.324 0.0000000000
43899  -8.687  -42.261  33.224 0.0000000000
43908  -8.205  -41.688  32.547 0.0000000000
43909  -9.504  -41.891  32.508 0.0000000000
43910  -10.217  -42.204  32.468 0.0000000000
43923  -7.620  -41.211  31.638 0.0000000000
43924  -8.777  -41.290  31.816 0.0000000000
43925  -9.637  -41.325  31.458 0.0000000000
43926  -10.510  -41.904  31.860 0.0000000000
43927  -11.143  -42.157  31.663 0.0000000000
43941  -9.775  -41.175  30.936 0.0000000000
43942  -10.310  -41.307  30.802 0.0000000000
43943  -11.229  -41.815  31.127 0.0000000000
43953  -10.228  -41.234  29.791 0.0000000000
43954  -11.169  -41.555  30.083 0.0000000000
43968  -11.018  -41.597  29.121 0.0000000000
45024  -7.972  -40.837  31.089 0.0000000000
45025  -8.548  -40.957  31.250 0.0000000000
45026  -9.083  -41.096  31.342 0.0000000000
45044  -8.461  -40.769  30.644 0.0000000000
45045  -9.319  -40.996  30.843 0.0000000000
45046  -9.808  -41.136  30.689 0.0000000000
45060  -9.278  -40.855  30.040 0.0000000000
45061  -9.798  -41.091  30.414 0.0000000000
