#!ascii label  , from subject FREESURFER vox2ras=TkReg 
846
90448  21.744  2.821  37.412 0.0000000000
90458  25.369  2.799  36.841 0.0000000000
90459  24.810  2.650  36.695 0.0000000000
90460  23.841  2.578  36.541 0.0000000000
90461  22.886  2.644  36.547 0.0000000000
90462  22.131  2.940  36.780 0.0000000000
91304  22.352  3.803  43.088 0.0000000000
91305  22.042  3.508  42.443 0.0000000000
91312  21.699  3.528  41.543 0.0000000000
91321  21.425  3.527  40.649 0.0000000000
91330  21.224  3.527  39.703 0.0000000000
91331  20.994  3.955  39.217 0.0000000000
91345  21.165  3.311  38.789 0.0000000000
91346  20.812  3.993  38.548 0.0000000000
91359  26.348  3.085  37.323 0.0000000000
91360  25.731  2.982  36.901 0.0000000000
91361  21.171  3.382  37.875 0.0000000000
91362  20.729  4.106  37.666 0.0000000000
91371  26.726  3.542  36.704 0.0000000000
91372  26.000  3.389  36.536 0.0000000000
91373  25.240  3.228  36.239 0.0000000000
91374  24.276  3.072  36.058 0.0000000000
91375  23.324  3.085  35.986 0.0000000000
91376  22.381  3.322  36.184 0.0000000000
91377  21.328  3.748  36.703 0.0000000000
91378  20.735  4.319  37.088 0.0000000000
91389  24.575  3.455  35.582 0.0000000000
91390  23.744  3.493  35.475 0.0000000000
91391  22.810  3.688  35.522 0.0000000000
91392  21.931  3.974  35.823 0.0000000000
91393  21.476  4.183  36.094 0.0000000000
92116  22.820  4.368  44.091 0.0000000000
92124  22.595  4.396  43.439 0.0000000000
92133  22.340  4.485  42.785 0.0000000000
92134  21.886  4.457  42.076 0.0000000000
92143  21.529  4.459  41.238 0.0000000000
92154  21.250  4.452  40.359 0.0000000000
92155  21.075  4.818  39.941 0.0000000000
92167  21.068  4.292  39.712 0.0000000000
92168  20.786  4.672  39.300 0.0000000000
92182  20.501  4.723  38.390 0.0000000000
92200  27.517  3.774  36.868 0.0000000000
92201  20.453  4.786  37.517 0.0000000000
92217  27.047  3.880  36.020 0.0000000000
92218  26.207  3.729  35.975 0.0000000000
92219  25.709  3.545  36.015 0.0000000000
92220  21.215  4.419  36.227 0.0000000000
92221  20.742  4.782  36.614 0.0000000000
92234  27.352  4.317  35.304 0.0000000000
92235  26.413  4.047  35.182 0.0000000000
92236  25.348  3.727  35.278 0.0000000000
92237  24.182  3.831  34.981 0.0000000000
92238  23.250  4.007  34.972 0.0000000000
92239  22.387  4.551  35.131 0.0000000000
92240  21.503  4.632  35.734 0.0000000000
92241  21.077  4.773  36.080 0.0000000000
92252  27.643  4.605  34.660 0.0000000000
92253  26.766  4.534  34.376 0.0000000000
92254  25.658  4.448  34.279 0.0000000000
92255  24.554  4.307  34.454 0.0000000000
92256  23.576  4.403  34.531 0.0000000000
92257  22.957  4.475  34.677 0.0000000000
92267  26.486  4.752  33.857 0.0000000000
92268  26.204  4.648  34.004 0.0000000000
92990  23.719  5.484  44.722 0.0000000000
92999  23.099  5.357  44.021 0.0000000000
93000  22.811  4.878  43.700 0.0000000000
93008  22.877  5.811  43.651 0.0000000000
93009  22.674  5.346  43.281 0.0000000000
93019  22.227  5.357  42.487 0.0000000000
93020  21.721  5.356  41.793 0.0000000000
93031  21.218  5.393  40.968 0.0000000000
93032  20.895  5.923  40.771 0.0000000000
93043  21.147  5.063  40.322 0.0000000000
93044  20.825  5.510  40.071 0.0000000000
93053  20.443  5.469  39.067 0.0000000000
93066  20.238  5.448  38.162 0.0000000000
93084  20.220  5.476  37.257 0.0000000000
93099  20.389  5.616  36.459 0.0000000000
93114  22.191  5.113  34.797 0.0000000000
93115  21.616  5.287  35.120 0.0000000000
93116  20.923  5.306  35.835 0.0000000000
93130  27.338  4.708  34.172 0.0000000000
93131  25.305  4.864  33.729 0.0000000000
93132  24.727  4.815  33.854 0.0000000000
93133  23.827  4.847  34.002 0.0000000000
93134  22.747  5.116  34.316 0.0000000000
93135  22.003  5.488  34.598 0.0000000000
93146  27.048  5.052  33.611 0.0000000000
93147  25.937  5.007  33.549 0.0000000000
93148  24.928  5.318  33.304 0.0000000000
93149  24.134  5.299  33.491 0.0000000000
93150  23.359  5.440  33.651 0.0000000000
93158  26.399  5.670  32.922 0.0000000000
93159  25.523  5.641  32.910 0.0000000000
93847  23.942  6.361  45.072 0.0000000000
93855  23.297  6.410  44.299 0.0000000000
93856  22.880  6.883  44.108 0.0000000000
93864  23.010  6.026  43.847 0.0000000000
93865  22.614  6.464  43.516 0.0000000000
93866  22.132  6.980  43.126 0.0000000000
93874  22.418  5.933  42.873 0.0000000000
93875  21.846  6.464  42.397 0.0000000000
93876  21.246  6.985  42.007 0.0000000000
93887  21.458  5.926  41.649 0.0000000000
93888  21.040  6.457  41.412 0.0000000000
93897  20.574  6.361  40.556 0.0000000000
93908  20.293  6.345  39.635 0.0000000000
93909  20.035  6.657  39.131 0.0000000000
93928  20.163  6.153  38.754 0.0000000000
93929  19.894  6.816  38.579 0.0000000000
93947  20.012  6.170  37.910 0.0000000000
93948  19.724  6.927  37.688 0.0000000000
93958  19.937  6.226  36.948 0.0000000000
93959  19.685  7.033  36.732 0.0000000000
93968  21.047  5.797  35.304 0.0000000000
93969  20.343  6.418  35.762 0.0000000000
93970  19.823  7.312  36.086 0.0000000000
93977  22.161  5.772  34.255 0.0000000000
93978  21.406  6.258  34.600 0.0000000000
93979  20.674  7.081  35.006 0.0000000000
93986  24.332  5.637  33.114 0.0000000000
93987  23.717  5.889  33.145 0.0000000000
93988  22.568  6.296  33.582 0.0000000000
93989  21.701  7.041  33.893 0.0000000000
93994  26.765  6.470  32.437 0.0000000000
93995  25.781  6.304  32.403 0.0000000000
93996  24.616  6.156  32.611 0.0000000000
93997  23.467  6.690  32.643 0.0000000000
93998  22.777  7.206  32.850 0.0000000000
94677  23.602  7.763  46.130 0.0000000000
94681  24.005  7.146  45.680 0.0000000000
94682  23.300  7.663  45.481 0.0000000000
94688  23.574  7.055  44.964 0.0000000000
94689  22.929  7.423  44.625 0.0000000000
94690  22.379  7.684  44.291 0.0000000000
94699  22.610  7.196  44.033 0.0000000000
94700  22.160  7.471  43.676 0.0000000000
94708  21.748  7.429  43.011 0.0000000000
94709  21.297  7.468  42.440 0.0000000000
94718  20.736  7.498  41.796 0.0000000000
94719  20.169  7.771  41.320 0.0000000000
94731  20.362  7.074  41.049 0.0000000000
94732  19.903  7.631  40.632 0.0000000000
94746  20.143  6.929  40.299 0.0000000000
94747  19.809  7.348  39.534 0.0000000000
94760  19.587  7.659  38.431 0.0000000000
94767  19.415  7.755  37.441 0.0000000000
94774  19.487  7.808  36.581 0.0000000000
94781  20.130  7.573  35.485 0.0000000000
94782  19.712  7.860  35.996 0.0000000000
94789  21.093  7.496  34.398 0.0000000000
94790  20.592  7.763  34.944 0.0000000000
94797  22.150  7.552  33.323 0.0000000000
94798  21.555  7.753  33.824 0.0000000000
94804  26.203  7.098  31.906 0.0000000000
94805  25.194  7.004  31.895 0.0000000000
94806  24.183  7.196  32.023 0.0000000000
94807  23.318  7.784  32.278 0.0000000000
94808  22.616  7.879  32.737 0.0000000000
94815  26.525  7.874  31.624 0.0000000000
94816  25.695  7.835  31.595 0.0000000000
94817  24.798  7.892  31.731 0.0000000000
94818  24.023  8.063  31.879 0.0000000000
94819  23.654  8.304  32.065 0.0000000000
95529  23.038  8.386  47.292 0.0000000000
95533  23.527  8.014  46.737 0.0000000000
95534  22.875  8.276  46.260 0.0000000000
95535  22.258  8.582  45.867 0.0000000000
95538  22.647  8.118  45.360 0.0000000000
95539  22.031  8.573  45.224 0.0000000000
95542  22.384  8.045  44.756 0.0000000000
95543  21.847  8.304  44.328 0.0000000000
95544  21.323  8.598  43.952 0.0000000000
95550  21.576  8.069  43.553 0.0000000000
95551  21.082  8.595  43.361 0.0000000000
95559  21.291  7.981  42.982 0.0000000000
95560  20.751  8.334  42.528 0.0000000000
95568  20.239  8.346  41.782 0.0000000000
95569  19.837  8.387  41.153 0.0000000000
95585  19.634  8.432  40.270 0.0000000000
95601  19.493  8.490  39.197 0.0000000000
95608  19.438  8.696  38.090 0.0000000000
95615  19.470  8.551  37.071 0.0000000000
95621  19.676  8.445  36.300 0.0000000000
95628  20.384  8.452  35.251 0.0000000000
95629  19.916  8.261  35.736 0.0000000000
95635  21.323  8.457  34.177 0.0000000000
95636  20.846  8.229  34.702 0.0000000000
95642  22.307  8.543  33.085 0.0000000000
95643  21.783  8.270  33.576 0.0000000000
95650  23.409  8.739  32.246 0.0000000000
95651  22.853  8.417  32.544 0.0000000000
95659  27.280  8.525  31.565 0.0000000000
95660  26.190  8.624  31.310 0.0000000000
95661  25.260  8.650  31.472 0.0000000000
95662  24.457  8.658  31.737 0.0000000000
95663  23.916  8.617  31.982 0.0000000000
96362  22.204  10.066  49.584 0.0000000000
96363  21.669  10.766  49.271 0.0000000000
96373  22.563  9.107  48.226 0.0000000000
96374  21.646  10.047  48.519 0.0000000000
96380  22.294  8.832  46.959 0.0000000000
96381  21.706  9.515  47.437 0.0000000000
96385  22.228  8.716  46.316 0.0000000000
96386  21.552  9.289  46.156 0.0000000000
96387  20.874  9.930  45.922 0.0000000000
96390  21.444  9.016  44.892 0.0000000000
96391  20.972  9.778  45.196 0.0000000000
96394  21.355  8.797  44.333 0.0000000000
96395  20.875  9.285  44.116 0.0000000000
96398  20.588  9.212  43.068 0.0000000000
96404  20.099  9.250  42.190 0.0000000000
96405  19.811  9.866  41.845 0.0000000000
96412  19.914  8.839  41.590 0.0000000000
96413  19.702  9.377  41.125 0.0000000000
96426  19.552  9.397  39.899 0.0000000000
96441  19.550  9.449  38.885 0.0000000000
96452  19.618  9.581  38.134 0.0000000000
96459  20.127  9.895  36.979 0.0000000000
96460  19.663  9.356  37.430 0.0000000000
96467  20.369  9.637  36.232 0.0000000000
96468  19.815  9.167  36.625 0.0000000000
96475  21.286  9.715  35.166 0.0000000000
96476  20.628  9.327  35.506 0.0000000000
96477  20.032  8.929  35.884 0.0000000000
96484  22.057  9.840  34.018 0.0000000000
96485  21.524  9.380  34.431 0.0000000000
96486  20.957  8.954  34.840 0.0000000000
96492  22.903  9.932  32.932 0.0000000000
96493  22.391  9.478  33.321 0.0000000000
96494  21.853  9.019  33.732 0.0000000000
96501  23.368  9.581  32.394 0.0000000000
96502  22.829  9.135  32.699 0.0000000000
96509  27.589  9.565  31.380 0.0000000000
96510  26.675  9.541  31.097 0.0000000000
96511  25.654  9.511  31.143 0.0000000000
96512  24.751  9.422  31.473 0.0000000000
96513  23.978  9.307  31.927 0.0000000000
97123  21.615  11.494  49.411 0.0000000000
97132  21.180  11.134  48.643 0.0000000000
97133  20.858  11.550  48.275 0.0000000000
97137  21.159  10.295  47.690 0.0000000000
97138  20.718  11.117  47.768 0.0000000000
97142  21.250  9.834  47.000 0.0000000000
97143  20.706  10.393  46.700 0.0000000000
97147  20.493  10.449  45.632 0.0000000000
97149  20.324  10.499  44.525 0.0000000000
97150  20.000  11.119  44.165 0.0000000000
97153  20.320  9.983  43.446 0.0000000000
97154  20.029  10.846  43.574 0.0000000000
97158  20.232  9.707  42.818 0.0000000000
97159  19.964  10.372  42.531 0.0000000000
97165  19.780  10.449  41.465 0.0000000000
97176  19.686  10.329  40.445 0.0000000000
97189  19.706  10.252  39.424 0.0000000000
97203  20.241  10.791  38.110 0.0000000000
97204  19.771  10.219  38.532 0.0000000000
97217  21.227  10.969  37.010 0.0000000000
97218  20.513  10.567  37.357 0.0000000000
97219  19.891  10.123  37.730 0.0000000000
97226  22.191  11.057  35.972 0.0000000000
97227  21.476  10.707  36.276 0.0000000000
97228  20.766  10.327  36.608 0.0000000000
97234  22.341  10.759  35.209 0.0000000000
97235  21.688  10.424  35.537 0.0000000000
97236  21.014  10.048  35.871 0.0000000000
97242  22.814  10.999  33.941 0.0000000000
97243  22.397  10.548  34.391 0.0000000000
97244  21.860  10.140  34.779 0.0000000000
97250  23.016  10.697  33.162 0.0000000000
97251  22.561  10.276  33.609 0.0000000000
97258  23.369  10.334  32.537 0.0000000000
97265  28.205  10.402  31.442 0.0000000000
97266  27.140  10.535  30.888 0.0000000000
97267  26.086  10.618  30.885 0.0000000000
97268  25.018  10.322  31.227 0.0000000000
97269  24.231  10.119  31.649 0.0000000000
97270  23.720  10.005  32.078 0.0000000000
97284  26.970  10.887  30.712 0.0000000000
97285  26.729  10.906  30.745 0.0000000000
97842  21.957  12.204  49.772 0.0000000000
97849  21.437  12.115  49.233 0.0000000000
97850  20.998  12.069  48.635 0.0000000000
97854  20.604  11.969  48.020 0.0000000000
97857  20.210  11.651  47.133 0.0000000000
97858  19.844  11.932  46.387 0.0000000000
97862  20.062  11.126  46.153 0.0000000000
97863  19.778  11.739  45.635 0.0000000000
97866  20.102  11.055  45.329 0.0000000000
97867  19.864  11.526  44.712 0.0000000000
97870  19.822  11.620  43.833 0.0000000000
97872  19.894  11.501  42.911 0.0000000000
97874  19.927  11.346  41.918 0.0000000000
97883  26.871  12.016  39.604 0.0000000000
97884  26.329  11.771  39.496 0.0000000000
97885  25.737  11.721  39.279 0.0000000000
97886  20.133  11.901  40.121 0.0000000000
97887  19.876  11.328  40.872 0.0000000000
97898  26.640  11.857  39.109 0.0000000000
97899  26.062  11.735  38.682 0.0000000000
97900  25.234  11.881  38.762 0.0000000000
97901  24.753  11.973  38.679 0.0000000000
97902  20.351  11.671  39.278 0.0000000000
97903  19.912  11.086  39.843 0.0000000000
97914  25.881  12.020  38.220 0.0000000000
97915  25.326  11.958  37.968 0.0000000000
97916  24.453  11.812  38.121 0.0000000000
97917  23.376  11.819  37.935 0.0000000000
97918  22.375  11.912  37.912 0.0000000000
97919  21.457  11.735  38.153 0.0000000000
97920  20.648  11.429  38.491 0.0000000000
97921  19.988  10.968  38.920 0.0000000000
97934  25.097  12.030  37.369 0.0000000000
97935  24.569  11.802  37.117 0.0000000000
97936  23.663  11.568  37.245 0.0000000000
97937  22.703  11.560  37.305 0.0000000000
97938  21.774  11.505  37.447 0.0000000000
97939  20.954  11.193  37.749 0.0000000000
97952  24.297  11.910  36.519 0.0000000000
97953  23.731  11.708  36.323 0.0000000000
97954  22.879  11.432  36.547 0.0000000000
97955  22.013  11.316  36.716 0.0000000000
97962  23.361  11.720  35.290 0.0000000000
97963  22.871  11.358  35.696 0.0000000000
97970  23.223  11.626  34.323 0.0000000000
97971  22.865  11.144  34.820 0.0000000000
97977  23.216  11.419  33.422 0.0000000000
97983  23.802  11.508  32.025 0.0000000000
97984  23.424  11.094  32.647 0.0000000000
97993  28.254  11.407  31.320 0.0000000000
97994  27.590  11.271  30.991 0.0000000000
97995  25.910  11.630  30.908 0.0000000000
97996  25.168  11.286  31.165 0.0000000000
97997  24.379  10.977  31.552 0.0000000000
97998  23.751  10.681  32.010 0.0000000000
98012  26.968  11.240  30.695 0.0000000000
98013  26.454  11.260  30.774 0.0000000000
98590  21.932  12.952  49.577 0.0000000000
98599  21.436  12.889  48.985 0.0000000000
98600  20.996  12.808  48.330 0.0000000000
98608  20.477  12.713  47.652 0.0000000000
98615  20.016  12.681  46.855 0.0000000000
98616  19.760  12.596  46.014 0.0000000000
98619  30.003  12.884  45.185 0.0000000000
98620  29.681  12.863  44.980 0.0000000000
98621  19.688  12.430  45.176 0.0000000000
98624  30.143  12.755  44.741 0.0000000000
98625  29.504  12.745  44.411 0.0000000000
98626  28.973  12.752  43.960 0.0000000000
98627  19.699  12.393  44.286 0.0000000000
98630  30.181  12.662  44.128 0.0000000000
98631  29.627  12.694  43.577 0.0000000000
98632  28.625  12.608  43.287 0.0000000000
98633  27.727  12.585  42.798 0.0000000000
98634  27.093  12.701  42.335 0.0000000000
98635  19.828  12.388  43.341 0.0000000000
98638  29.296  12.694  42.746 0.0000000000
98639  28.503  12.491  42.317 0.0000000000
98640  27.686  12.369  41.892 0.0000000000
98641  26.874  12.507  41.651 0.0000000000
98642  20.197  13.074  41.959 0.0000000000
98643  19.998  12.409  42.272 0.0000000000
98645  29.072  12.769  42.030 0.0000000000
98646  28.356  12.677  41.236 0.0000000000
98647  27.309  12.226  41.025 0.0000000000
98648  26.325  12.423  40.951 0.0000000000
98649  25.749  12.663  40.739 0.0000000000
98650  20.242  12.717  41.313 0.0000000000
98651  19.998  11.988  41.445 0.0000000000
98653  28.095  12.854  40.566 0.0000000000
98654  27.518  12.504  40.182 0.0000000000
98655  26.728  11.987  40.232 0.0000000000
98656  25.604  12.268  40.030 0.0000000000
98657  24.880  12.636  39.872 0.0000000000
98658  20.462  12.591  40.423 0.0000000000
98659  20.086  12.120  40.832 0.0000000000
98664  27.047  12.394  39.052 0.0000000000
98665  26.557  12.026  38.767 0.0000000000
98666  25.342  11.954  39.330 0.0000000000
98667  24.666  12.321  39.218 0.0000000000
98668  23.522  12.732  38.990 0.0000000000
98669  22.450  12.897  38.943 0.0000000000
98670  21.476  12.739  39.184 0.0000000000
98671  20.689  12.387  39.594 0.0000000000
98681  26.807  12.841  38.592 0.0000000000
98682  26.278  12.475  38.208 0.0000000000
98683  25.752  12.172  37.937 0.0000000000
98684  24.502  12.053  38.626 0.0000000000
98685  23.951  12.185  38.521 0.0000000000
98686  22.955  12.349  38.406 0.0000000000
98687  21.934  12.349  38.494 0.0000000000
98688  21.048  12.090  38.825 0.0000000000
98699  25.975  12.932  37.562 0.0000000000
98700  25.379  12.577  37.344 0.0000000000
98701  24.945  12.131  37.039 0.0000000000
98714  24.992  12.973  36.693 0.0000000000
98715  24.527  12.496  36.398 0.0000000000
98716  24.150  11.993  36.250 0.0000000000
98727  23.958  12.801  35.283 0.0000000000
98728  23.859  12.178  35.753 0.0000000000
98735  23.775  12.856  34.737 0.0000000000
98736  23.606  12.369  34.703 0.0000000000
98743  23.468  12.129  33.705 0.0000000000
98749  23.922  12.357  32.161 0.0000000000
98750  23.533  11.877  32.809 0.0000000000
98761  28.326  12.293  31.326 0.0000000000
98762  27.675  12.083  31.011 0.0000000000
98763  26.006  12.458  30.956 0.0000000000
98764  25.260  12.202  31.260 0.0000000000
98765  24.496  11.870  31.593 0.0000000000
98780  27.156  11.922  30.775 0.0000000000
98781  26.543  11.858  30.769 0.0000000000
99354  21.895  13.749  49.368 0.0000000000
99364  21.405  13.681  48.701 0.0000000000
99365  20.961  13.575  47.991 0.0000000000
99375  20.419  13.573  47.306 0.0000000000
99384  30.069  13.508  46.392 0.0000000000
99385  20.006  13.605  46.343 0.0000000000
99386  19.774  13.157  45.558 0.0000000000
99394  30.627  12.976  45.427 0.0000000000
99395  29.542  13.300  45.611 0.0000000000
99396  28.727  13.585  45.313 0.0000000000
99397  28.161  13.718  44.993 0.0000000000
99398  19.964  13.909  45.372 0.0000000000
99399  19.768  13.205  44.786 0.0000000000
99405  30.794  12.850  44.441 0.0000000000
99406  29.221  13.066  44.974 0.0000000000
99407  28.675  13.145  44.577 0.0000000000
99408  27.775  13.586  44.409 0.0000000000
99409  27.062  13.667  43.995 0.0000000000
99410  20.079  14.011  44.417 0.0000000000
99411  19.848  13.228  43.843 0.0000000000
99413  31.360  13.267  44.103 0.0000000000
99414  30.641  13.165  43.621 0.0000000000
99415  29.969  13.000  43.035 0.0000000000
99416  28.361  12.971  43.974 0.0000000000
99417  27.709  13.044  43.626 0.0000000000
99418  26.734  13.354  43.147 0.0000000000
99419  26.008  13.814  42.694 0.0000000000
99420  20.305  14.061  43.328 0.0000000000
99421  19.959  13.163  42.907 0.0000000000
99424  30.358  13.664  43.002 0.0000000000
99425  29.724  13.323  42.387 0.0000000000
99426  26.372  13.175  42.107 0.0000000000
99427  25.752  13.785  42.142 0.0000000000
99428  20.396  13.618  42.347 0.0000000000
99429  20.084  13.081  42.367 0.0000000000
99431  29.176  13.360  41.646 0.0000000000
99432  28.794  13.523  41.081 0.0000000000
99433  26.306  12.803  41.513 0.0000000000
99434  25.552  13.329  41.312 0.0000000000
99435  24.792  13.801  41.087 0.0000000000
99436  21.179  13.881  41.123 0.0000000000
99437  20.590  13.438  41.553 0.0000000000
99439  28.400  13.326  40.665 0.0000000000
99440  27.979  13.254  40.229 0.0000000000
99441  25.411  12.865  40.624 0.0000000000
99442  24.631  13.319  40.410 0.0000000000
99443  23.362  13.776  40.139 0.0000000000
99444  22.329  13.858  40.101 0.0000000000
99445  21.481  13.626  40.358 0.0000000000
99446  20.787  13.249  40.773 0.0000000000
99448  27.540  13.264  39.565 0.0000000000
99449  24.557  12.817  39.788 0.0000000000
99450  23.982  13.087  39.637 0.0000000000
99451  22.941  13.353  39.506 0.0000000000
99452  21.915  13.350  39.597 0.0000000000
99453  21.064  13.056  39.944 0.0000000000
99457  27.098  13.353  38.850 0.0000000000
99458  26.657  13.411  38.285 0.0000000000
99465  26.247  13.451  37.699 0.0000000000
99466  25.724  13.519  37.198 0.0000000000
99476  25.258  13.469  36.711 0.0000000000
99477  24.827  13.470  36.231 0.0000000000
99490  24.347  13.516  35.475 0.0000000000
99501  23.868  13.412  34.451 0.0000000000
99502  23.725  12.860  34.462 0.0000000000
99509  23.830  13.463  33.299 0.0000000000
99510  23.645  12.827  33.942 0.0000000000
99521  24.080  13.214  32.358 0.0000000000
99522  23.656  12.671  33.016 0.0000000000
99534  28.456  13.290  31.333 0.0000000000
99535  27.358  13.079  30.966 0.0000000000
99536  26.250  13.271  31.050 0.0000000000
99537  25.398  13.089  31.359 0.0000000000
99538  24.612  12.763  31.702 0.0000000000
99551  27.247  12.426  30.851 0.0000000000
99552  26.761  12.533  30.809 0.0000000000
100117  21.873  14.551  49.074 0.0000000000
100126  21.385  14.526  48.300 0.0000000000
100127  20.889  14.220  47.670 0.0000000000
100136  21.141  14.882  47.655 0.0000000000
100137  20.567  14.557  46.997 0.0000000000
100144  29.645  14.308  47.122 0.0000000000
100145  29.115  14.549  46.717 0.0000000000
100146  20.297  14.596  46.001 0.0000000000
100154  29.411  13.948  46.386 0.0000000000
100155  28.772  14.234  46.115 0.0000000000
100156  28.082  14.398  45.544 0.0000000000
100157  27.446  14.829  45.287 0.0000000000
100158  20.425  14.680  45.047 0.0000000000
100166  31.968  13.638  44.185 0.0000000000
100167  27.628  14.178  45.009 0.0000000000
100168  26.836  14.635  44.635 0.0000000000
100169  26.117  14.818  44.034 0.0000000000
100170  20.638  14.740  44.108 0.0000000000
100174  31.658  14.032  43.646 0.0000000000
100175  30.959  13.942  43.312 0.0000000000
100176  26.492  14.165  43.855 0.0000000000
100177  25.762  14.510  43.368 0.0000000000
100178  25.000  14.908  43.015 0.0000000000
100179  21.364  15.150  43.136 0.0000000000
100180  20.965  14.891  43.267 0.0000000000
100183  31.386  14.498  43.227 0.0000000000
100184  30.840  14.489  42.958 0.0000000000
100185  30.223  14.276  42.512 0.0000000000
100186  25.425  14.354  42.611 0.0000000000
100187  24.644  14.817  42.435 0.0000000000
100188  24.011  14.967  42.078 0.0000000000
100189  21.441  14.988  42.660 0.0000000000
100190  20.867  14.440  42.475 0.0000000000
100193  29.665  14.203  41.966 0.0000000000
100194  29.176  14.268  41.358 0.0000000000
100195  25.240  14.165  42.007 0.0000000000
100196  24.617  14.318  41.628 0.0000000000
100197  23.644  14.759  41.536 0.0000000000
100198  22.759  14.829  41.312 0.0000000000
100199  21.700  14.653  41.591 0.0000000000
100200  20.871  14.057  41.789 0.0000000000
100203  28.625  14.429  40.655 0.0000000000
100204  28.233  13.768  40.400 0.0000000000
100205  24.291  14.169  41.040 0.0000000000
100206  23.575  14.301  40.782 0.0000000000
100207  22.572  14.394  40.681 0.0000000000
100208  21.801  14.167  40.714 0.0000000000
100211  28.329  14.895  40.215 0.0000000000
100212  27.949  14.296  39.980 0.0000000000
100215  27.386  14.266  39.182 0.0000000000
100216  26.923  14.296  38.496 0.0000000000
100222  26.501  14.290  37.868 0.0000000000
100223  26.059  14.347  37.259 0.0000000000
100229  25.434  14.469  36.532 0.0000000000
100230  25.064  13.973  36.315 0.0000000000
100237  25.187  15.006  35.982 0.0000000000
100238  24.808  14.497  35.713 0.0000000000
100249  24.275  14.439  34.653 0.0000000000
100258  24.113  14.307  33.586 0.0000000000
100269  24.268  14.100  32.579 0.0000000000
100282  27.548  14.283  31.020 0.0000000000
100283  26.509  14.239  31.162 0.0000000000
100284  25.575  14.029  31.477 0.0000000000
100285  24.736  13.684  31.816 0.0000000000
100851  21.868  15.207  48.753 0.0000000000
100858  22.179  15.849  48.733 0.0000000000
100859  21.670  15.548  48.077 0.0000000000
100866  29.477  15.247  47.926 0.0000000000
100867  29.057  15.646  47.453 0.0000000000
100868  21.219  15.559  47.131 0.0000000000
100869  20.765  15.204  46.425 0.0000000000
100879  29.148  14.994  47.210 0.0000000000
100880  28.689  15.358  46.766 0.0000000000
100881  28.220  15.756  46.303 0.0000000000
100882  21.167  15.900  46.226 0.0000000000
100883  20.782  15.322  45.633 0.0000000000
100889  28.257  15.018  46.138 0.0000000000
100890  27.758  15.499  45.786 0.0000000000
100891  27.077  15.614  45.281 0.0000000000
100892  21.332  16.042  45.312 0.0000000000
100893  21.028  15.363  44.716 0.0000000000
100902  26.533  15.802  44.845 0.0000000000
100903  26.014  15.669  44.307 0.0000000000
100904  25.280  15.941  44.008 0.0000000000
100905  22.375  16.251  44.098 0.0000000000
100906  21.869  16.068  44.301 0.0000000000
100907  21.282  15.262  43.852 0.0000000000
100915  25.591  15.285  43.861 0.0000000000
100916  24.797  15.582  43.549 0.0000000000
100917  23.795  15.845  43.389 0.0000000000
100918  22.740  15.993  43.607 0.0000000000
100919  21.832  15.428  43.236 0.0000000000
100920  21.335  15.200  43.383 0.0000000000
100925  31.634  15.229  42.817 0.0000000000
100926  30.784  15.235  42.440 0.0000000000
100927  30.095  14.937  42.172 0.0000000000
100928  24.397  15.343  43.011 0.0000000000
100929  23.673  15.420  42.742 0.0000000000
100930  22.735  15.404  42.668 0.0000000000
100931  22.095  15.196  42.279 0.0000000000
100933  30.429  15.544  41.931 0.0000000000
100934  29.734  15.304  41.601 0.0000000000
100935  29.171  15.051  41.104 0.0000000000
100936  23.369  15.189  42.177 0.0000000000
100937  22.805  15.141  41.930 0.0000000000
100938  22.308  15.038  41.745 0.0000000000
100941  29.483  15.697  41.038 0.0000000000
100942  29.062  15.548  40.687 0.0000000000
100945  28.623  15.478  40.283 0.0000000000
100946  28.197  15.409  39.873 0.0000000000
100948  27.711  15.283  39.367 0.0000000000
100949  27.289  15.248  38.677 0.0000000000
100951  26.761  15.296  38.000 0.0000000000
100952  26.364  15.014  37.466 0.0000000000
100957  26.406  15.735  37.434 0.0000000000
100958  25.959  15.426  36.891 0.0000000000
100963  25.465  15.537  36.143 0.0000000000
100964  25.104  15.497  35.518 0.0000000000
100972  24.707  15.460  34.728 0.0000000000
100978  24.481  15.184  33.780 0.0000000000
100984  25.162  15.598  32.320 0.0000000000
100985  24.540  14.971  32.840 0.0000000000
100994  26.752  15.504  31.088 0.0000000000
100995  25.741  15.114  31.554 0.0000000000
100996  24.888  14.649  31.970 0.0000000000
101586  29.803  16.158  48.569 0.0000000000
101587  22.213  16.575  48.257 0.0000000000
101588  21.755  16.220  47.556 0.0000000000
101595  29.284  16.307  47.993 0.0000000000
101596  28.819  16.372  47.357 0.0000000000
101597  22.047  16.884  47.446 0.0000000000
101598  21.646  16.532  46.786 0.0000000000
101613  28.421  16.437  46.718 0.0000000000
101614  27.978  16.494  46.138 0.0000000000
101615  21.555  16.617  45.943 0.0000000000
101628  27.414  16.506  45.624 0.0000000000
101629  26.787  16.581  45.149 0.0000000000
101630  22.282  17.005  44.800 0.0000000000
101631  21.954  16.807  45.051 0.0000000000
101640  26.207  16.631  44.616 0.0000000000
101641  25.450  16.643  44.295 0.0000000000
101642  24.552  16.585  44.060 0.0000000000
101643  23.569  16.817  44.074 0.0000000000
101644  22.585  16.703  44.366 0.0000000000
101645  22.107  16.533  44.571 0.0000000000
101656  23.983  16.264  43.727 0.0000000000
101657  23.222  16.352  43.814 0.0000000000
101658  22.824  16.342  43.933 0.0000000000
101665  31.605  15.987  42.256 0.0000000000
101666  31.001  15.914  41.925 0.0000000000
101672  30.597  16.324  41.447 0.0000000000
101673  29.907  16.113  41.146 0.0000000000
101676  30.249  16.658  40.900 0.0000000000
101677  29.638  16.420  40.583 0.0000000000
101678  29.063  16.111  40.277 0.0000000000
101680  29.338  16.664  40.037 0.0000000000
101681  28.710  16.381  39.767 0.0000000000
101682  28.056  16.067  39.471 0.0000000000
101684  28.307  16.699  39.235 0.0000000000
101685  27.712  16.358  38.811 0.0000000000
101686  27.151  16.028  38.294 0.0000000000
101688  27.395  16.695  38.137 0.0000000000
101689  26.853  16.423  37.685 0.0000000000
101694  26.320  16.434  36.990 0.0000000000
101695  25.855  16.380  36.304 0.0000000000
101701  25.465  16.356  35.523 0.0000000000
101702  25.061  16.081  35.008 0.0000000000
101711  25.327  16.713  34.726 0.0000000000
101712  25.007  16.227  34.445 0.0000000000
101720  25.182  16.798  33.936 0.0000000000
101721  24.830  16.026  33.814 0.0000000000
101727  25.267  16.547  32.917 0.0000000000
101728  24.810  15.696  33.108 0.0000000000
101735  25.962  16.441  31.772 0.0000000000
102211  31.271  18.109  51.486 0.0000000000
102233  30.207  17.227  49.750 0.0000000000
102234  29.849  17.822  49.300 0.0000000000
102240  30.075  16.716  49.002 0.0000000000
102241  29.699  17.244  48.677 0.0000000000
102242  22.327  17.637  47.869 0.0000000000
102247  29.073  17.235  47.889 0.0000000000
102248  28.623  17.302  47.213 0.0000000000
102249  22.195  17.483  46.717 0.0000000000
102250  21.823  16.955  46.341 0.0000000000
102262  28.199  17.350  46.564 0.0000000000
102263  27.716  17.406  45.973 0.0000000000
102264  22.300  17.743  45.799 0.0000000000
102265  21.934  17.185  45.885 0.0000000000
102283  27.120  17.455  45.460 0.0000000000
102284  26.473  17.512  44.962 0.0000000000
102285  22.423  17.442  45.026 0.0000000000
102286  22.157  17.292  45.451 0.0000000000
102303  25.748  17.551  44.534 0.0000000000
102304  24.878  17.507  44.343 0.0000000000
102305  23.997  17.462  44.297 0.0000000000
102306  23.215  17.413  44.452 0.0000000000
102307  22.770  17.386  44.655 0.0000000000
102344  30.749  17.050  40.935 0.0000000000
102353  30.377  17.303  40.383 0.0000000000
102354  29.766  17.076  40.087 0.0000000000
102360  30.058  17.562  39.852 0.0000000000
102361  29.424  17.356  39.583 0.0000000000
102362  28.761  17.136  39.300 0.0000000000
102366  29.050  17.674  39.074 0.0000000000
102367  28.399  17.429  38.743 0.0000000000
102368  27.777  17.167  38.317 0.0000000000
102370  28.083  17.716  38.160 0.0000000000
102371  27.477  17.471  37.622 0.0000000000
102372  26.784  17.116  37.106 0.0000000000
102375  27.069  17.740  36.795 0.0000000000
102376  26.418  17.340  36.301 0.0000000000
102377  25.920  16.977  35.755 0.0000000000
102383  26.153  17.592  35.518 0.0000000000
102384  25.726  17.189  35.124 0.0000000000
102392  25.965  17.871  34.890 0.0000000000
102393  25.605  17.551  34.296 0.0000000000
102402  25.573  17.431  33.403 0.0000000000
102407  26.373  17.670  31.985 0.0000000000
102408  26.043  17.446  32.369 0.0000000000
102415  26.214  17.103  31.862 0.0000000000
102882  31.351  18.608  51.787 0.0000000000
102894  30.769  18.475  51.177 0.0000000000
102895  30.246  18.682  50.544 0.0000000000
102904  30.422  18.029  50.498 0.0000000000
102905  29.891  18.370  49.848 0.0000000000
102910  29.531  18.380  48.936 0.0000000000
102911  29.035  18.599  48.401 0.0000000000
102916  29.264  17.956  48.312 0.0000000000
102917  28.782  18.213  47.767 0.0000000000
102918  22.485  18.593  47.278 0.0000000000
102922  28.378  18.175  47.018 0.0000000000
102923  27.911  18.247  46.436 0.0000000000
102924  22.541  18.494  46.291 0.0000000000
102933  27.407  18.327  45.854 0.0000000000
102934  26.773  18.373  45.361 0.0000000000
102935  23.286  18.557  45.038 0.0000000000
102936  22.776  18.425  45.465 0.0000000000
102952  26.100  18.437  44.852 0.0000000000
102953  25.197  18.477  44.614 0.0000000000
102954  24.297  18.249  44.523 0.0000000000
102955  23.568  18.078  44.628 0.0000000000
102956  22.956  17.926  44.822 0.0000000000
103010  30.422  17.793  39.908 0.0000000000
103020  30.237  18.281  39.373 0.0000000000
103021  29.491  17.932  39.136 0.0000000000
103028  29.978  18.731  38.764 0.0000000000
103029  29.208  18.408  38.555 0.0000000000
103030  28.495  18.010  38.316 0.0000000000
103036  28.903  18.884  37.935 0.0000000000
103037  28.322  18.406  37.777 0.0000000000
103038  27.597  18.397  36.988 0.0000000000
103043  26.996  18.396  36.027 0.0000000000
103044  26.475  17.910  35.786 0.0000000000
103050  26.873  18.883  35.005 0.0000000000
103051  26.411  18.238  35.249 0.0000000000
103059  26.873  19.041  34.425 0.0000000000
103060  26.279  18.526  34.124 0.0000000000
103061  25.756  17.959  33.758 0.0000000000
103071  26.375  18.511  32.991 0.0000000000
103072  25.942  18.058  33.200 0.0000000000
103079  26.190  18.055  32.679 0.0000000000
103505  31.583  19.339  51.887 0.0000000000
103506  30.890  19.302  51.519 0.0000000000
103516  30.390  19.292  50.839 0.0000000000
103517  29.922  19.258  50.157 0.0000000000
103522  29.488  19.208  49.443 0.0000000000
103527  29.075  19.249  48.750 0.0000000000
103528  28.615  19.164  48.130 0.0000000000
103534  28.378  18.957  47.417 0.0000000000
103535  27.915  19.448  47.143 0.0000000000
103536  22.494  19.598  47.691 0.0000000000
103541  28.078  18.857  46.860 0.0000000000
103542  27.501  19.278  46.457 0.0000000000
103543  26.880  19.667  46.056 0.0000000000
103544  23.148  19.804  46.138 0.0000000000
103545  22.805  19.568  46.564 0.0000000000
103552  27.070  19.063  45.740 0.0000000000
103553  26.307  19.365  45.472 0.0000000000
103554  25.504  19.603  45.313 0.0000000000
103555  24.685  19.679  45.311 0.0000000000
103556  23.500  19.478  45.592 0.0000000000
103557  22.845  19.033  45.947 0.0000000000
103568  25.677  19.062  44.964 0.0000000000
103569  25.109  19.206  44.962 0.0000000000
103570  24.416  19.030  44.883 0.0000000000
103571  23.788  18.717  44.875 0.0000000000
103639  29.897  19.062  38.402 0.0000000000
103650  29.473  19.317  37.788 0.0000000000
103651  28.756  19.163  37.436 0.0000000000
103652  28.155  19.010  37.122 0.0000000000
103661  29.186  19.545  37.143 0.0000000000
103662  28.651  19.506  36.694 0.0000000000
103663  27.848  19.089  36.397 0.0000000000
103670  28.354  19.652  35.909 0.0000000000
103671  27.582  19.268  35.507 0.0000000000
103680  28.191  19.860  35.058 0.0000000000
103681  27.425  19.462  34.549 0.0000000000
103682  26.979  19.207  33.995 0.0000000000
103693  28.064  20.000  34.232 0.0000000000
103694  27.582  19.709  33.558 0.0000000000
103695  26.903  19.088  33.288 0.0000000000
103704  26.849  18.818  32.567 0.0000000000
104136  31.796  20.295  51.604 0.0000000000
104137  31.209  19.801  51.567 0.0000000000
104146  31.453  20.765  51.138 0.0000000000
104147  30.728  20.295  50.833 0.0000000000
104148  30.176  19.758  50.378 0.0000000000
104153  30.250  20.803  50.024 0.0000000000
104154  29.674  20.238  49.609 0.0000000000
104155  29.062  20.778  49.006 0.0000000000
104160  29.225  19.759  49.057 0.0000000000
104161  28.510  20.309  48.498 0.0000000000
104162  27.748  20.907  47.963 0.0000000000
104168  28.148  19.662  47.715 0.0000000000
104169  27.392  20.392  47.257 0.0000000000
104170  26.594  20.819  47.018 0.0000000000
104171  23.033  20.732  47.002 0.0000000000
104172  22.702  20.282  47.270 0.0000000000
104177  27.061  19.995  46.479 0.0000000000
104178  26.215  20.402  46.342 0.0000000000
104179  24.920  20.696  46.300 0.0000000000
104180  24.009  20.643  46.304 0.0000000000
104181  23.310  20.229  46.371 0.0000000000
104182  22.905  20.244  46.773 0.0000000000
104189  25.851  19.921  45.683 0.0000000000
104190  25.272  20.160  45.732 0.0000000000
104191  24.344  20.210  45.811 0.0000000000
104192  23.770  20.179  45.993 0.0000000000
104278  29.565  19.675  37.209 0.0000000000
104290  29.490  19.959  36.590 0.0000000000
104291  28.876  19.854  36.196 0.0000000000
104303  29.040  20.184  35.585 0.0000000000
104317  29.726  20.568  34.894 0.0000000000
104318  28.824  20.309  34.516 0.0000000000
104333  29.539  20.638  33.876 0.0000000000
104334  28.516  20.254  33.448 0.0000000000
104335  27.931  20.010  32.887 0.0000000000
104771  31.294  21.128  50.758 0.0000000000
104777  30.728  21.517  50.048 0.0000000000
104778  29.941  21.218  49.524 0.0000000000
104779  29.389  21.092  49.153 0.0000000000
104787  30.168  21.924  49.313 0.0000000000
104788  29.577  21.786  48.928 0.0000000000
104789  28.801  21.501  48.659 0.0000000000
104790  27.919  21.519  48.199 0.0000000000
104799  27.270  21.428  47.750 0.0000000000
104800  26.619  21.369  47.393 0.0000000000
104809  26.111  21.114  47.019 0.0000000000
104810  25.328  21.233  46.910 0.0000000000
104811  24.302  21.182  46.905 0.0000000000
104812  23.594  20.870  46.806 0.0000000000
105406  30.592  22.602  49.397 0.0000000000
105415  29.889  22.631  48.863 0.0000000000
105416  29.087  22.555  48.534 0.0000000000
105417  28.171  22.516  48.267 0.0000000000
105428  26.814  21.855  47.725 0.0000000000
106030  29.424  23.481  48.623 0.0000000000
