#!ascii label  , from subject FREESURFER vox2ras=TkReg 
461
58571  37.849  -30.362  -14.408 0.0000000000
58581  37.532  -30.311  -15.389 0.0000000000
58592  37.155  -29.915  -16.045 0.0000000000
59588  38.384  -28.737  -14.073 0.0000000000
59589  38.026  -29.360  -13.566 0.0000000000
59594  38.309  -28.533  -14.513 0.0000000000
59595  38.052  -29.225  -14.764 0.0000000000
59602  37.591  -29.303  -15.674 0.0000000000
59612  36.907  -29.096  -16.434 0.0000000000
60561  38.099  -27.482  -13.290 0.0000000000
60580  38.500  -27.931  -14.154 0.0000000000
60581  38.193  -28.376  -13.505 0.0000000000
60585  38.225  -28.173  -15.140 0.0000000000
60586  37.923  -28.784  -15.379 0.0000000000
60591  38.036  -27.896  -15.741 0.0000000000
60592  37.680  -28.361  -15.984 0.0000000000
60597  37.021  -28.194  -16.614 0.0000000000
60598  36.386  -28.366  -17.056 0.0000000000
61548  38.452  -26.850  -13.939 0.0000000000
61555  38.424  -27.134  -14.854 0.0000000000
61560  38.196  -27.288  -15.755 0.0000000000
61561  37.881  -27.671  -16.116 0.0000000000
61565  37.856  -27.148  -16.421 0.0000000000
61566  37.410  -27.547  -16.637 0.0000000000
61567  36.773  -27.607  -17.116 0.0000000000
61571  35.999  -27.541  -17.502 0.0000000000
62428  38.469  -25.829  -13.762 0.0000000000
62437  38.690  -26.141  -14.660 0.0000000000
62441  38.519  -26.344  -15.636 0.0000000000
62445  38.098  -26.500  -16.430 0.0000000000
62446  37.470  -26.608  -17.094 0.0000000000
62447  37.123  -27.164  -17.184 0.0000000000
62451  37.018  -26.163  -17.585 0.0000000000
62452  36.570  -26.728  -17.585 0.0000000000
62453  35.398  -26.543  -17.906 0.0000000000
62462  40.167  -26.982  -18.915 0.0000000000
62463  39.387  -27.105  -18.721 0.0000000000
62464  38.824  -27.277  -18.713 0.0000000000
62465  34.981  -25.834  -18.190 0.0000000000
62466  34.440  -26.126  -18.283 0.0000000000
62482  40.617  -26.523  -19.482 0.0000000000
62483  39.768  -26.391  -19.187 0.0000000000
62484  38.625  -26.690  -19.113 0.0000000000
62485  37.629  -26.590  -19.722 0.0000000000
62496  37.039  -26.573  -20.436 0.0000000000
63372  38.743  -25.148  -14.479 0.0000000000
63379  38.835  -25.338  -15.482 0.0000000000
63383  38.398  -25.460  -16.666 0.0000000000
63384  37.878  -26.010  -16.971 0.0000000000
63388  38.119  -24.967  -17.353 0.0000000000
63389  37.427  -25.390  -17.645 0.0000000000
63390  36.519  -25.853  -17.906 0.0000000000
63391  36.019  -26.161  -17.918 0.0000000000
63398  36.935  -24.772  -18.271 0.0000000000
63399  36.469  -25.096  -18.312 0.0000000000
63400  35.590  -25.507  -18.267 0.0000000000
63401  34.579  -25.315  -18.671 0.0000000000
63402  33.765  -25.674  -18.930 0.0000000000
63413  40.791  -25.989  -19.884 0.0000000000
63414  40.297  -25.607  -19.799 0.0000000000
63415  39.392  -25.763  -19.565 0.0000000000
63416  38.455  -25.740  -19.780 0.0000000000
63417  37.637  -25.937  -20.152 0.0000000000
63418  33.916  -25.054  -19.281 0.0000000000
63419  33.250  -25.172  -19.537 0.0000000000
63420  32.800  -25.171  -19.629 0.0000000000
63433  40.864  -25.594  -20.510 0.0000000000
63434  40.491  -25.219  -20.302 0.0000000000
63435  38.048  -25.388  -20.294 0.0000000000
63436  37.237  -25.624  -20.797 0.0000000000
63437  36.639  -25.974  -21.489 0.0000000000
63448  41.249  -25.544  -21.631 0.0000000000
63449  36.950  -25.333  -21.415 0.0000000000
63450  36.468  -25.621  -21.974 0.0000000000
63462  36.050  -25.662  -22.562 0.0000000000
64315  39.271  -23.573  -14.919 0.0000000000
64316  38.830  -24.190  -14.319 0.0000000000
64325  39.370  -23.694  -15.773 0.0000000000
64326  39.200  -24.437  -15.183 0.0000000000
64329  39.327  -23.699  -16.296 0.0000000000
64330  39.098  -24.314  -16.353 0.0000000000
64333  38.526  -24.439  -17.222 0.0000000000
64334  37.970  -24.432  -17.768 0.0000000000
64342  37.323  -24.306  -18.313 0.0000000000
64343  36.516  -24.233  -18.765 0.0000000000
64344  35.787  -24.635  -18.812 0.0000000000
64345  35.086  -24.772  -18.826 0.0000000000
64346  32.552  -25.146  -19.662 0.0000000000
64347  32.184  -25.090  -19.690 0.0000000000
64355  39.812  -25.260  -19.874 0.0000000000
64356  39.303  -25.139  -19.958 0.0000000000
64357  38.674  -25.086  -20.185 0.0000000000
64358  35.857  -23.966  -19.280 0.0000000000
64359  35.204  -24.150  -19.357 0.0000000000
64360  34.408  -24.497  -19.456 0.0000000000
64361  33.503  -24.573  -19.843 0.0000000000
64362  32.602  -24.701  -19.896 0.0000000000
64363  31.614  -24.553  -19.976 0.0000000000
64371  40.597  -25.036  -20.583 0.0000000000
64372  40.122  -24.720  -20.397 0.0000000000
64373  39.226  -24.614  -20.367 0.0000000000
64374  38.273  -24.717  -20.680 0.0000000000
64375  37.489  -24.910  -21.141 0.0000000000
64376  31.243  -24.607  -20.561 0.0000000000
64384  40.849  -24.659  -21.217 0.0000000000
64385  40.402  -24.245  -21.034 0.0000000000
64386  37.922  -24.383  -21.207 0.0000000000
64387  37.155  -24.602  -21.610 0.0000000000
64388  36.492  -24.776  -22.259 0.0000000000
64390  31.353  -24.575  -21.109 0.0000000000
64399  35.994  -24.858  -22.793 0.0000000000
64400  35.288  -24.842  -23.158 0.0000000000
64401  34.258  -24.677  -22.978 0.0000000000
64402  33.192  -24.379  -22.502 0.0000000000
64403  32.082  -24.396  -21.828 0.0000000000
64404  31.690  -24.227  -21.533 0.0000000000
65225  38.239  -22.910  -13.918 0.0000000000
65243  39.106  -22.749  -14.819 0.0000000000
65244  38.726  -23.264  -14.334 0.0000000000
65259  39.388  -22.905  -15.511 0.0000000000
65267  39.411  -23.050  -16.432 0.0000000000
65268  39.236  -23.625  -16.626 0.0000000000
65271  39.302  -22.697  -17.028 0.0000000000
65272  38.915  -23.325  -17.380 0.0000000000
65273  38.377  -23.935  -17.693 0.0000000000
65279  38.398  -22.842  -18.079 0.0000000000
65280  37.960  -23.421  -18.285 0.0000000000
65281  36.937  -23.378  -18.787 0.0000000000
65290  36.186  -23.306  -19.280 0.0000000000
65291  35.394  -23.268  -19.691 0.0000000000
65292  34.638  -23.643  -19.911 0.0000000000
65293  33.834  -23.860  -20.205 0.0000000000
65294  32.942  -24.020  -20.391 0.0000000000
65295  32.169  -24.046  -20.295 0.0000000000
65302  39.662  -24.320  -20.650 0.0000000000
65303  39.177  -24.148  -20.809 0.0000000000
65304  38.552  -24.076  -21.080 0.0000000000
65305  34.820  -22.979  -20.191 0.0000000000
65306  34.183  -23.141  -20.490 0.0000000000
65307  33.320  -23.235  -20.867 0.0000000000
65308  32.436  -23.629  -20.895 0.0000000000
65309  31.734  -23.981  -20.704 0.0000000000
65315  40.597  -23.840  -21.541 0.0000000000
65316  39.993  -23.822  -21.024 0.0000000000
65317  39.157  -23.527  -21.205 0.0000000000
65318  38.118  -23.688  -21.497 0.0000000000
65319  37.118  -23.763  -22.049 0.0000000000
65320  36.480  -24.151  -22.563 0.0000000000
65321  32.856  -23.073  -21.655 0.0000000000
65322  32.146  -23.672  -21.429 0.0000000000
65323  31.546  -24.068  -21.140 0.0000000000
65330  36.807  -23.515  -22.577 0.0000000000
65331  36.124  -23.832  -23.067 0.0000000000
65332  35.083  -23.967  -23.348 0.0000000000
65333  34.027  -23.720  -23.113 0.0000000000
65334  32.867  -23.341  -22.457 0.0000000000
65335  31.917  -23.967  -21.614 0.0000000000
65336  31.537  -24.205  -21.332 0.0000000000
65341  35.724  -23.326  -23.466 0.0000000000
65342  34.958  -23.158  -23.609 0.0000000000
65343  34.022  -22.814  -23.390 0.0000000000
65344  33.599  -22.404  -23.179 0.0000000000
66263  38.201  -22.555  -14.030 0.0000000000
66264  37.828  -22.410  -13.856 0.0000000000
66283  39.003  -22.223  -14.802 0.0000000000
66284  38.486  -22.297  -14.367 0.0000000000
66285  37.880  -21.710  -14.103 0.0000000000
66301  39.260  -22.137  -15.245 0.0000000000
66310  39.524  -22.101  -15.978 0.0000000000
66318  39.402  -22.106  -16.763 0.0000000000
66319  39.122  -22.187  -17.404 0.0000000000
66325  38.562  -22.238  -17.934 0.0000000000
66326  37.875  -22.290  -18.382 0.0000000000
66327  37.160  -22.472  -18.779 0.0000000000
66335  36.414  -22.474  -19.127 0.0000000000
66336  35.762  -22.443  -19.571 0.0000000000
66341  35.220  -22.419  -20.080 0.0000000000
66342  34.623  -22.447  -20.685 0.0000000000
66343  33.930  -22.714  -20.986 0.0000000000
66346  40.397  -23.373  -21.581 0.0000000000
66347  40.007  -22.895  -21.537 0.0000000000
66348  38.948  -22.804  -21.585 0.0000000000
66349  37.990  -22.868  -21.948 0.0000000000
66350  37.302  -23.063  -22.315 0.0000000000
66351  34.174  -22.226  -21.299 0.0000000000
66352  33.534  -22.567  -21.557 0.0000000000
66358  37.690  -22.532  -22.322 0.0000000000
66359  37.009  -22.740  -22.776 0.0000000000
66360  36.329  -22.987  -23.307 0.0000000000
66361  33.897  -22.038  -21.912 0.0000000000
66362  33.489  -22.254  -22.555 0.0000000000
66367  36.709  -22.377  -23.282 0.0000000000
66368  35.996  -22.558  -23.758 0.0000000000
66369  34.940  -22.361  -23.981 0.0000000000
66370  34.031  -22.086  -23.935 0.0000000000
66371  33.702  -21.675  -23.607 0.0000000000
67414  38.967  -21.638  -14.866 0.0000000000
67415  38.368  -21.037  -14.529 0.0000000000
67416  37.416  -21.028  -14.143 0.0000000000
67439  39.288  -21.082  -15.547 0.0000000000
67440  38.954  -20.981  -14.961 0.0000000000
67450  39.423  -21.203  -16.466 0.0000000000
67459  39.252  -21.283  -17.215 0.0000000000
67460  38.759  -21.336  -17.809 0.0000000000
67471  38.093  -21.359  -18.369 0.0000000000
67472  37.077  -21.354  -18.863 0.0000000000
67473  36.604  -21.902  -18.997 0.0000000000
67481  36.575  -20.834  -19.348 0.0000000000
67482  35.980  -21.385  -19.573 0.0000000000
67483  35.516  -21.924  -19.898 0.0000000000
67487  35.673  -21.144  -20.254 0.0000000000
67488  35.271  -21.574  -20.608 0.0000000000
67489  34.677  -21.982  -21.050 0.0000000000
67491  39.660  -22.084  -21.906 0.0000000000
67492  38.673  -22.145  -21.975 0.0000000000
67493  38.118  -22.316  -22.177 0.0000000000
67494  35.121  -21.252  -21.289 0.0000000000
67495  34.598  -21.592  -21.606 0.0000000000
67499  39.264  -21.405  -22.277 0.0000000000
67500  38.062  -21.789  -22.507 0.0000000000
67501  37.263  -21.961  -22.989 0.0000000000
67502  34.029  -21.530  -22.484 0.0000000000
67503  33.765  -21.248  -23.353 0.0000000000
67508  37.720  -21.422  -23.041 0.0000000000
67509  36.938  -21.581  -23.503 0.0000000000
67510  35.960  -21.623  -24.203 0.0000000000
67511  34.880  -21.658  -24.379 0.0000000000
67512  34.091  -21.367  -24.357 0.0000000000
67513  33.583  -20.817  -24.217 0.0000000000
67518  35.582  -21.169  -24.514 0.0000000000
67519  34.919  -20.997  -24.756 0.0000000000
67520  34.142  -20.669  -24.842 0.0000000000
67521  33.625  -20.279  -24.852 0.0000000000
67522  33.919  -20.335  -25.144 0.0000000000
67523  33.675  -20.141  -25.238 0.0000000000
68543  38.286  -20.223  -14.668 0.0000000000
68544  37.683  -20.250  -14.432 0.0000000000
68568  39.277  -20.146  -15.676 0.0000000000
68569  38.912  -20.127  -15.047 0.0000000000
68584  39.426  -20.208  -16.248 0.0000000000
68592  39.391  -20.334  -17.045 0.0000000000
68593  39.018  -20.429  -17.717 0.0000000000
68606  38.408  -20.453  -18.252 0.0000000000
68607  37.662  -20.416  -18.736 0.0000000000
68613  36.955  -20.298  -19.279 0.0000000000
68614  36.398  -20.400  -19.840 0.0000000000
68616  35.872  -20.582  -20.734 0.0000000000
68617  35.356  -21.026  -21.097 0.0000000000
68619  35.856  -20.338  -21.599 0.0000000000
68620  35.236  -20.783  -21.926 0.0000000000
68621  34.515  -21.190  -22.286 0.0000000000
68624  38.827  -20.915  -22.771 0.0000000000
68625  38.199  -21.182  -22.906 0.0000000000
68626  34.947  -20.384  -22.785 0.0000000000
68627  34.318  -20.707  -23.064 0.0000000000
68628  33.516  -20.330  -23.895 0.0000000000
68634  38.161  -20.687  -23.393 0.0000000000
68635  36.970  -20.577  -24.134 0.0000000000
68636  36.133  -20.971  -24.396 0.0000000000
68637  33.343  -20.030  -24.613 0.0000000000
68643  36.828  -20.004  -24.555 0.0000000000
68644  36.015  -20.444  -24.747 0.0000000000
68645  34.968  -20.245  -25.302 0.0000000000
68646  34.261  -20.368  -25.219 0.0000000000
68647  33.394  -19.941  -25.184 0.0000000000
68652  34.150  -20.028  -25.528 0.0000000000
68653  33.656  -19.948  -25.404 0.0000000000
69622  38.063  -19.432  -14.699 0.0000000000
69623  37.059  -19.447  -14.456 0.0000000000
69643  39.298  -19.103  -15.876 0.0000000000
69644  38.708  -19.042  -15.163 0.0000000000
69662  39.506  -19.281  -16.917 0.0000000000
69671  39.174  -19.503  -17.644 0.0000000000
69672  38.695  -19.571  -18.198 0.0000000000
69685  38.073  -19.564  -18.676 0.0000000000
69686  37.442  -19.510  -19.178 0.0000000000
69696  36.835  -19.459  -20.048 0.0000000000
69697  36.391  -20.043  -20.315 0.0000000000
69700  36.928  -19.223  -21.111 0.0000000000
69701  36.490  -19.794  -20.776 0.0000000000
69705  36.948  -19.148  -21.677 0.0000000000
69706  36.413  -19.716  -21.837 0.0000000000
69707  35.846  -20.258  -22.027 0.0000000000
69709  36.180  -19.468  -22.715 0.0000000000
69710  35.559  -19.934  -22.715 0.0000000000
69711  34.596  -19.880  -23.274 0.0000000000
69712  33.836  -19.714  -23.786 0.0000000000
69719  33.322  -19.462  -24.423 0.0000000000
69729  33.242  -19.372  -25.126 0.0000000000
69739  33.742  -19.489  -25.619 0.0000000000
70597  38.172  -18.367  -14.868 0.0000000000
70598  37.308  -18.549  -14.612 0.0000000000
70599  36.376  -18.652  -14.622 0.0000000000
70618  39.329  -17.691  -16.006 0.0000000000
70619  38.831  -18.137  -15.400 0.0000000000
70620  34.927  -17.881  -15.038 0.0000000000
70635  39.460  -18.106  -16.817 0.0000000000
70650  39.162  -18.351  -17.854 0.0000000000
70651  38.900  -18.980  -18.119 0.0000000000
70664  38.831  -17.879  -18.490 0.0000000000
70665  38.400  -18.467  -18.796 0.0000000000
70666  37.863  -19.003  -19.052 0.0000000000
70682  38.042  -18.054  -19.510 0.0000000000
70683  37.647  -18.553  -19.688 0.0000000000
70695  37.390  -18.582  -20.749 0.0000000000
70703  37.353  -18.632  -21.717 0.0000000000
70704  36.959  -18.993  -22.113 0.0000000000
70711  37.172  -18.494  -22.436 0.0000000000
70712  36.589  -18.809  -22.871 0.0000000000
70713  35.779  -19.114  -23.239 0.0000000000
70714  34.918  -19.216  -23.438 0.0000000000
70715  34.184  -19.209  -23.707 0.0000000000
70722  35.950  -18.441  -23.564 0.0000000000
70723  35.168  -18.508  -23.691 0.0000000000
70724  34.340  -18.576  -23.883 0.0000000000
70725  33.616  -18.717  -24.211 0.0000000000
70734  33.259  -18.578  -24.985 0.0000000000
70746  33.714  -18.521  -25.841 0.0000000000
71573  38.278  -17.338  -15.017 0.0000000000
71574  37.502  -17.706  -14.738 0.0000000000
71575  36.548  -17.713  -14.759 0.0000000000
71576  35.940  -18.117  -14.780 0.0000000000
71596  39.292  -16.594  -15.962 0.0000000000
71597  38.954  -17.205  -15.475 0.0000000000
71598  36.098  -17.182  -15.010 0.0000000000
71599  35.524  -17.548  -15.031 0.0000000000
71611  39.442  -16.941  -16.749 0.0000000000
71625  39.304  -17.193  -17.609 0.0000000000
71637  39.005  -17.306  -18.364 0.0000000000
71638  38.613  -17.376  -18.934 0.0000000000
71652  38.225  -17.416  -19.637 0.0000000000
71653  37.941  -17.825  -19.960 0.0000000000
71667  38.086  -17.282  -20.471 0.0000000000
71668  37.821  -17.903  -20.557 0.0000000000
71678  38.060  -17.385  -21.064 0.0000000000
71679  37.910  -17.882  -21.485 0.0000000000
71688  37.634  -17.861  -22.493 0.0000000000
71689  37.091  -18.103  -22.979 0.0000000000
71697  37.280  -17.491  -23.248 0.0000000000
71698  36.489  -17.705  -23.658 0.0000000000
71699  35.508  -17.868  -24.001 0.0000000000
71700  34.639  -17.906  -24.110 0.0000000000
71701  33.959  -18.004  -24.266 0.0000000000
71707  35.795  -17.253  -24.269 0.0000000000
71708  35.007  -17.222  -24.374 0.0000000000
71709  34.228  -17.352  -24.610 0.0000000000
71710  33.615  -17.689  -24.918 0.0000000000
71719  33.615  -17.788  -25.574 0.0000000000
72600  38.003  -16.707  -14.992 0.0000000000
72601  37.518  -16.997  -14.837 0.0000000000
72602  37.049  -17.275  -14.742 0.0000000000
72623  39.164  -15.579  -15.956 0.0000000000
72624  38.509  -16.244  -15.342 0.0000000000
72625  37.524  -16.274  -15.038 0.0000000000
72626  36.638  -16.742  -14.989 0.0000000000
72627  35.696  -16.729  -15.233 0.0000000000
72628  35.178  -16.991  -15.371 0.0000000000
72645  39.507  -15.872  -16.674 0.0000000000
72646  35.556  -16.162  -15.382 0.0000000000
72658  39.501  -16.121  -17.559 0.0000000000
72670  39.172  -16.303  -18.477 0.0000000000
72671  38.847  -16.728  -18.902 0.0000000000
72685  38.936  -16.154  -19.220 0.0000000000
72686  38.607  -16.543  -19.586 0.0000000000
72701  38.408  -16.607  -20.415 0.0000000000
72713  38.413  -16.753  -21.271 0.0000000000
72714  38.215  -17.209  -21.601 0.0000000000
72720  38.416  -16.757  -21.987 0.0000000000
72721  38.154  -17.233  -22.238 0.0000000000
72728  38.295  -16.537  -22.557 0.0000000000
72729  37.831  -16.849  -23.113 0.0000000000
72730  37.126  -16.834  -23.820 0.0000000000
72736  36.379  -16.747  -24.318 0.0000000000
73617  39.063  -14.981  -16.029 0.0000000000
73618  38.532  -14.925  -15.704 0.0000000000
73619  37.687  -15.362  -15.246 0.0000000000
73620  36.676  -15.657  -15.199 0.0000000000
73621  36.029  -16.140  -15.243 0.0000000000
73646  39.290  -14.860  -16.573 0.0000000000
73647  39.029  -14.529  -16.075 0.0000000000
73648  36.321  -15.034  -15.323 0.0000000000
73649  35.628  -15.431  -15.448 0.0000000000
73660  39.524  -15.087  -17.483 0.0000000000
73669  39.405  -15.263  -18.414 0.0000000000
73685  39.183  -15.371  -19.380 0.0000000000
73686  38.952  -15.852  -19.779 0.0000000000
73701  39.236  -15.274  -20.320 0.0000000000
73702  38.847  -15.928  -20.396 0.0000000000
73713  39.252  -15.369  -21.088 0.0000000000
73714  38.837  -16.028  -21.195 0.0000000000
73720  39.157  -15.433  -21.764 0.0000000000
73721  38.743  -15.952  -22.223 0.0000000000
73727  38.305  -15.901  -23.186 0.0000000000
73728  37.618  -15.890  -23.954 0.0000000000
73729  36.906  -16.165  -24.325 0.0000000000
74525  38.246  -14.004  -15.604 0.0000000000
74526  37.744  -14.479  -15.418 0.0000000000
74527  36.947  -14.656  -15.314 0.0000000000
74557  39.148  -13.777  -16.502 0.0000000000
74558  38.763  -14.083  -15.874 0.0000000000
74559  36.087  -14.428  -15.469 0.0000000000
74571  39.393  -14.075  -17.417 0.0000000000
74577  39.464  -14.274  -18.331 0.0000000000
74591  39.401  -14.379  -19.263 0.0000000000
74607  39.421  -14.444  -20.199 0.0000000000
74622  39.521  -14.582  -21.046 0.0000000000
74635  39.413  -14.750  -21.770 0.0000000000
74636  39.190  -14.911  -22.438 0.0000000000
74643  38.806  -15.036  -23.151 0.0000000000
74644  38.321  -15.045  -23.920 0.0000000000
75577  38.095  -13.525  -15.497 0.0000000000
75578  37.670  -13.802  -15.430 0.0000000000
75579  37.297  -14.121  -15.393 0.0000000000
75608  39.221  -12.623  -16.618 0.0000000000
75609  38.593  -13.162  -15.803 0.0000000000
75610  37.778  -13.103  -15.384 0.0000000000
75611  36.848  -13.547  -15.401 0.0000000000
75612  35.689  -13.512  -15.713 0.0000000000
75630  39.434  -13.055  -17.401 0.0000000000
75642  39.515  -13.334  -18.255 0.0000000000
75653  39.572  -13.464  -19.127 0.0000000000
75667  39.652  -13.483  -20.075 0.0000000000
75680  39.788  -13.626  -21.024 0.0000000000
75693  39.712  -13.939  -21.814 0.0000000000
75694  39.499  -14.240  -22.374 0.0000000000
75701  39.696  -13.569  -22.538 0.0000000000
75702  39.334  -14.008  -23.200 0.0000000000
75703  38.794  -14.364  -23.777 0.0000000000
75709  39.007  -13.710  -23.994 0.0000000000
76667  38.511  -11.401  -15.920 0.0000000000
76668  38.259  -11.605  -15.697 0.0000000000
76669  37.760  -11.781  -15.535 0.0000000000
76690  39.311  -11.754  -16.805 0.0000000000
76691  38.752  -11.873  -16.132 0.0000000000
76692  38.116  -12.294  -15.522 0.0000000000
76693  37.222  -12.308  -15.434 0.0000000000
76694  36.178  -12.513  -15.630 0.0000000000
76708  39.470  -12.072  -17.459 0.0000000000
76721  39.586  -12.391  -18.274 0.0000000000
76732  39.717  -12.715  -18.943 0.0000000000
76744  39.919  -12.601  -19.802 0.0000000000
76760  40.324  -12.079  -21.232 0.0000000000
76761  40.148  -12.451  -20.926 0.0000000000
76777  40.331  -12.133  -21.539 0.0000000000
76778  40.076  -12.807  -22.031 0.0000000000
76788  39.762  -12.860  -23.173 0.0000000000
76789  39.330  -13.198  -23.783 0.0000000000
77760  39.109  -11.052  -16.708 0.0000000000
77773  39.417  -11.162  -17.453 0.0000000000
77785  39.660  -11.401  -18.275 0.0000000000
77797  39.964  -11.738  -19.239 0.0000000000
77808  40.385  -11.362  -20.873 0.0000000000
77809  40.278  -11.661  -20.471 0.0000000000
77823  40.376  -11.633  -21.221 0.0000000000
77824  40.304  -11.925  -20.881 0.0000000000
77840  40.378  -11.625  -22.207 0.0000000000
77841  40.153  -12.100  -22.855 0.0000000000
78780  39.893  -10.611  -19.039 0.0000000000
78788  40.419  -10.797  -20.904 0.0000000000
78789  40.241  -10.728  -19.957 0.0000000000
78803  40.442  -10.681  -21.835 0.0000000000
