#!ascii label  , from subject FREESURFER vox2ras=TkReg 
494
37311  26.605  -51.597  -10.166 0.0000000000
37312  25.632  -51.594  -10.296 0.0000000000
37313  24.784  -51.569  -10.370 0.0000000000
37314  24.095  -51.529  -10.537 0.0000000000
37321  23.682  -51.476  -10.899 0.0000000000
37332  23.631  -51.399  -11.382 0.0000000000
37348  25.571  -51.463  -12.496 0.0000000000
37349  24.556  -51.415  -12.243 0.0000000000
37350  23.804  -51.256  -11.952 0.0000000000
37360  27.752  -50.792  -13.498 0.0000000000
38235  28.234  -50.605  -9.853 0.0000000000
38236  27.205  -50.677  -10.169 0.0000000000
38237  26.195  -50.709  -10.302 0.0000000000
38238  25.275  -50.696  -10.354 0.0000000000
38239  24.502  -50.650  -10.466 0.0000000000
38240  23.883  -50.579  -10.685 0.0000000000
38247  23.569  -50.506  -11.156 0.0000000000
38254  23.558  -50.439  -11.698 0.0000000000
38263  31.759  -50.326  -12.151 0.0000000000
38268  26.963  -50.796  -13.525 0.0000000000
38269  26.076  -50.446  -12.724 0.0000000000
38270  24.910  -50.517  -12.463 0.0000000000
38271  24.068  -50.517  -12.327 0.0000000000
38272  23.668  -50.332  -12.088 0.0000000000
38284  28.922  -50.331  -13.449 0.0000000000
38285  28.424  -50.419  -13.468 0.0000000000
38286  27.525  -50.150  -13.551 0.0000000000
38287  26.735  -49.912  -13.271 0.0000000000
39180  28.819  -49.583  -9.912 0.0000000000
39181  27.785  -49.695  -10.204 0.0000000000
39182  26.752  -49.787  -10.355 0.0000000000
39183  25.778  -49.824  -10.400 0.0000000000
39184  24.913  -49.804  -10.406 0.0000000000
39185  24.180  -49.740  -10.521 0.0000000000
39186  23.686  -49.640  -10.906 0.0000000000
39195  23.539  -49.592  -11.493 0.0000000000
39204  23.511  -49.669  -12.016 0.0000000000
39213  34.061  -49.744  -13.571 0.0000000000
39214  33.203  -49.733  -13.106 0.0000000000
39215  32.133  -49.686  -12.832 0.0000000000
39216  31.086  -49.839  -12.894 0.0000000000
39217  30.160  -50.118  -13.076 0.0000000000
39218  29.613  -50.378  -13.206 0.0000000000
39219  26.073  -49.417  -12.808 0.0000000000
39220  25.179  -49.596  -12.599 0.0000000000
39221  24.298  -49.729  -12.475 0.0000000000
39222  23.792  -49.867  -12.275 0.0000000000
39232  35.581  -49.715  -14.618 0.0000000000
39233  34.461  -49.248  -14.183 0.0000000000
39234  33.403  -49.117  -13.746 0.0000000000
39235  32.408  -49.101  -13.526 0.0000000000
39236  31.400  -49.195  -13.535 0.0000000000
39237  30.379  -49.341  -13.489 0.0000000000
39238  29.230  -49.816  -13.508 0.0000000000
39239  28.100  -49.526  -13.485 0.0000000000
39240  27.244  -49.396  -13.294 0.0000000000
39241  26.657  -49.236  -13.015 0.0000000000
39249  36.479  -49.457  -14.985 0.0000000000
39250  36.010  -49.412  -15.059 0.0000000000
39251  35.147  -49.010  -14.706 0.0000000000
40082  29.377  -48.513  -9.964 0.0000000000
40083  28.318  -48.635  -10.235 0.0000000000
40084  27.278  -48.843  -10.424 0.0000000000
40085  26.268  -48.970  -10.497 0.0000000000
40086  25.341  -48.990  -10.434 0.0000000000
40087  24.556  -48.967  -10.526 0.0000000000
40088  23.981  -48.900  -10.749 0.0000000000
40096  23.706  -48.623  -11.236 0.0000000000
40104  23.589  -48.705  -11.890 0.0000000000
40110  26.236  -48.596  -12.825 0.0000000000
40111  25.410  -48.718  -12.691 0.0000000000
40112  24.523  -48.772  -12.515 0.0000000000
40113  23.898  -49.078  -12.235 0.0000000000
40118  37.042  -48.328  -14.431 0.0000000000
40119  36.627  -49.089  -14.031 0.0000000000
40120  34.325  -48.644  -14.601 0.0000000000
40121  33.565  -48.580  -14.363 0.0000000000
40122  32.621  -48.586  -14.181 0.0000000000
40123  31.717  -48.619  -14.113 0.0000000000
40124  30.736  -48.434  -14.163 0.0000000000
40125  29.678  -48.599  -13.639 0.0000000000
40126  28.612  -48.667  -13.420 0.0000000000
40127  27.600  -48.663  -13.122 0.0000000000
40128  26.894  -48.764  -12.952 0.0000000000
40133  37.342  -48.529  -15.419 0.0000000000
40134  36.559  -49.107  -15.165 0.0000000000
40135  35.593  -48.751  -15.103 0.0000000000
40136  34.682  -48.427  -14.967 0.0000000000
40137  33.766  -48.092  -15.023 0.0000000000
40138  32.822  -48.103  -14.808 0.0000000000
40139  31.917  -48.203  -14.709 0.0000000000
40140  31.350  -48.263  -14.503 0.0000000000
40146  38.329  -48.264  -16.457 0.0000000000
40147  37.602  -48.650  -16.223 0.0000000000
40148  36.725  -48.713  -16.036 0.0000000000
40149  35.923  -48.443  -15.555 0.0000000000
40150  34.961  -48.127  -15.340 0.0000000000
40151  34.313  -48.042  -15.234 0.0000000000
40156  39.492  -47.981  -17.687 0.0000000000
40157  38.748  -48.436  -17.325 0.0000000000
40158  37.918  -48.690  -16.988 0.0000000000
40159  37.169  -48.584  -16.756 0.0000000000
40163  39.612  -47.902  -18.132 0.0000000000
40164  39.101  -48.365  -18.211 0.0000000000
40165  38.033  -48.412  -17.834 0.0000000000
40166  37.495  -48.446  -17.233 0.0000000000
40167  38.798  -48.103  -18.491 0.0000000000
40168  38.559  -48.228  -18.273 0.0000000000
40911  29.965  -47.496  -9.878 0.0000000000
40912  28.820  -47.343  -10.209 0.0000000000
40913  27.745  -47.861  -10.528 0.0000000000
40914  26.739  -48.157  -10.777 0.0000000000
40915  25.746  -48.261  -10.706 0.0000000000
40916  24.908  -48.252  -10.635 0.0000000000
40917  24.225  -48.235  -10.703 0.0000000000
40918  23.874  -48.325  -10.887 0.0000000000
40924  28.519  -46.671  -10.399 0.0000000000
40925  28.043  -46.957  -10.638 0.0000000000
40926  27.167  -47.295  -11.045 0.0000000000
40927  26.073  -47.479  -11.043 0.0000000000
40928  25.248  -47.646  -10.844 0.0000000000
40929  24.537  -47.490  -10.838 0.0000000000
40930  23.863  -47.607  -11.060 0.0000000000
40937  23.612  -47.604  -11.735 0.0000000000
40942  37.131  -47.058  -12.388 0.0000000000
40944  26.208  -48.156  -12.786 0.0000000000
40945  25.768  -48.056  -12.766 0.0000000000
40946  24.847  -47.888  -12.718 0.0000000000
40947  23.862  -47.621  -12.504 0.0000000000
40953  37.293  -47.435  -13.445 0.0000000000
40954  36.845  -48.347  -13.417 0.0000000000
40955  30.573  -47.642  -14.298 0.0000000000
40956  29.999  -47.656  -13.918 0.0000000000
40957  29.063  -47.673  -13.450 0.0000000000
40958  27.966  -47.684  -13.158 0.0000000000
40959  26.617  -47.798  -12.921 0.0000000000
40960  25.406  -47.254  -12.979 0.0000000000
40961  24.413  -46.987  -12.976 0.0000000000
40962  23.856  -46.656  -12.942 0.0000000000
40968  38.205  -47.172  -15.242 0.0000000000
40969  37.778  -47.407  -14.876 0.0000000000
40970  33.576  -47.749  -15.311 0.0000000000
40971  33.128  -47.688  -15.295 0.0000000000
40972  32.122  -47.583  -15.304 0.0000000000
40973  31.208  -47.590  -14.662 0.0000000000
40979  38.396  -47.447  -15.759 0.0000000000
40980  37.924  -48.148  -15.732 0.0000000000
40981  36.510  -48.408  -16.185 0.0000000000
40982  36.177  -48.169  -16.060 0.0000000000
40983  35.275  -47.767  -15.831 0.0000000000
40984  33.948  -47.480  -15.599 0.0000000000
40985  32.782  -47.146  -15.643 0.0000000000
40986  32.083  -46.967  -15.623 0.0000000000
40988  39.676  -47.459  -17.531 0.0000000000
40989  39.187  -47.588  -16.809 0.0000000000
40990  36.558  -48.254  -16.482 0.0000000000
40991  35.847  -47.502  -16.516 0.0000000000
40992  34.752  -47.037  -16.188 0.0000000000
40993  33.990  -46.729  -16.082 0.0000000000
40994  40.497  -46.946  -18.466 0.0000000000
40995  40.163  -47.317  -18.164 0.0000000000
40996  39.620  -47.696  -18.399 0.0000000000
40997  37.642  -47.773  -17.952 0.0000000000
40998  36.881  -47.834  -17.348 0.0000000000
40999  36.037  -46.991  -17.054 0.0000000000
41000  40.492  -46.928  -18.702 0.0000000000
41001  40.108  -47.275  -18.896 0.0000000000
41002  39.249  -47.602  -18.729 0.0000000000
41003  38.310  -47.675  -18.448 0.0000000000
41786  30.519  -46.593  -9.675 0.0000000000
41787  29.695  -46.503  -10.051 0.0000000000
41794  28.969  -46.267  -10.380 0.0000000000
41795  28.328  -46.205  -10.717 0.0000000000
41796  27.550  -46.384  -11.154 0.0000000000
41797  26.439  -46.559  -11.364 0.0000000000
41798  25.175  -46.744  -11.193 0.0000000000
41799  24.146  -46.571  -11.033 0.0000000000
41800  23.695  -46.583  -11.563 0.0000000000
41806  23.518  -46.563  -12.211 0.0000000000
41811  37.503  -46.373  -12.810 0.0000000000
41812  23.650  -46.366  -12.760 0.0000000000
41817  37.816  -46.496  -13.894 0.0000000000
41818  30.542  -46.782  -14.081 0.0000000000
41819  29.506  -46.723  -13.618 0.0000000000
41820  28.469  -46.684  -13.334 0.0000000000
41821  27.307  -46.648  -13.255 0.0000000000
41822  26.102  -46.499  -13.187 0.0000000000
41823  24.973  -46.287  -13.129 0.0000000000
41824  24.106  -46.193  -13.118 0.0000000000
41825  23.752  -46.205  -13.020 0.0000000000
41829  38.348  -46.583  -15.181 0.0000000000
41830  38.067  -46.569  -14.581 0.0000000000
41831  32.236  -46.159  -15.194 0.0000000000
41832  31.670  -46.718  -15.046 0.0000000000
41833  31.183  -46.845  -14.490 0.0000000000
41835  38.948  -46.707  -16.074 0.0000000000
41836  33.272  -46.451  -16.035 0.0000000000
41837  32.493  -46.546  -15.611 0.0000000000
41838  32.084  -46.628  -15.414 0.0000000000
41839  39.768  -46.735  -17.408 0.0000000000
41840  39.346  -46.787  -16.726 0.0000000000
41841  35.272  -46.400  -16.765 0.0000000000
41842  34.334  -46.323  -16.352 0.0000000000
41843  33.814  -46.344  -16.215 0.0000000000
41844  40.557  -46.420  -18.515 0.0000000000
41845  40.352  -46.615  -17.938 0.0000000000
41846  37.461  -46.791  -17.997 0.0000000000
41847  36.447  -46.615  -17.442 0.0000000000
41848  35.856  -46.490  -17.167 0.0000000000
41849  40.511  -46.285  -19.289 0.0000000000
41850  39.790  -46.774  -19.341 0.0000000000
41851  38.883  -46.668  -18.990 0.0000000000
41852  38.189  -46.782  -18.481 0.0000000000
41853  40.455  -45.702  -19.688 0.0000000000
41854  40.114  -45.972  -19.688 0.0000000000
41855  39.544  -46.106  -19.515 0.0000000000
42746  30.255  -45.879  -9.949 0.0000000000
42760  29.666  -45.480  -10.319 0.0000000000
42761  28.787  -45.418  -10.696 0.0000000000
42762  27.963  -45.462  -11.140 0.0000000000
42763  26.933  -45.552  -11.493 0.0000000000
42764  25.697  -45.614  -11.508 0.0000000000
42765  24.599  -45.672  -11.390 0.0000000000
42766  23.909  -45.682  -11.491 0.0000000000
42774  23.543  -45.694  -12.003 0.0000000000
42780  37.557  -45.435  -12.201 0.0000000000
42781  23.524  -45.712  -12.573 0.0000000000
42786  37.673  -45.350  -13.338 0.0000000000
42787  30.671  -45.724  -13.892 0.0000000000
42788  29.933  -45.793  -13.658 0.0000000000
42789  28.998  -45.749  -13.429 0.0000000000
42790  27.936  -45.679  -13.424 0.0000000000
42791  26.790  -45.585  -13.434 0.0000000000
42792  25.618  -45.450  -13.339 0.0000000000
42793  24.540  -45.393  -13.176 0.0000000000
42794  23.741  -45.628  -13.022 0.0000000000
42796  38.317  -45.854  -15.096 0.0000000000
42797  38.044  -45.708  -14.543 0.0000000000
42798  32.449  -45.323  -15.001 0.0000000000
42799  31.900  -45.717  -14.568 0.0000000000
42800  31.243  -46.157  -14.270 0.0000000000
42801  38.540  -45.641  -15.670 0.0000000000
42802  38.233  -45.488  -15.113 0.0000000000
42803  33.326  -45.431  -16.006 0.0000000000
42804  32.721  -45.793  -15.616 0.0000000000
42805  39.698  -46.080  -17.407 0.0000000000
42806  39.257  -45.970  -16.787 0.0000000000
42807  35.213  -45.319  -16.918 0.0000000000
42808  34.523  -45.588  -16.580 0.0000000000
42809  33.807  -45.868  -16.341 0.0000000000
42810  40.612  -45.762  -18.508 0.0000000000
42811  40.250  -45.755  -17.887 0.0000000000
42812  39.640  -45.750  -17.387 0.0000000000
42813  37.420  -45.934  -18.094 0.0000000000
42814  36.766  -45.597  -17.814 0.0000000000
42815  35.812  -45.881  -17.317 0.0000000000
42816  40.879  -45.394  -18.935 0.0000000000
42817  40.597  -45.464  -18.500 0.0000000000
42818  39.019  -45.445  -19.459 0.0000000000
42819  38.034  -45.823  -18.569 0.0000000000
42820  37.372  -45.559  -18.218 0.0000000000
42821  40.647  -45.289  -19.609 0.0000000000
42822  40.251  -45.295  -19.891 0.0000000000
42823  39.741  -45.514  -19.800 0.0000000000
43740  29.296  -44.526  -10.579 0.0000000000
43741  28.428  -44.537  -10.999 0.0000000000
43742  27.469  -44.562  -11.443 0.0000000000
43743  26.282  -44.552  -11.583 0.0000000000
43744  25.019  -44.546  -11.523 0.0000000000
43745  24.241  -44.948  -11.519 0.0000000000
43754  38.059  -44.274  -11.036 0.0000000000
43755  37.784  -44.579  -11.631 0.0000000000
43756  24.341  -44.132  -11.690 0.0000000000
43757  23.865  -44.866  -11.855 0.0000000000
43766  37.686  -44.526  -12.550 0.0000000000
43767  24.117  -43.860  -12.294 0.0000000000
43768  23.696  -44.972  -12.441 0.0000000000
43777  37.803  -44.373  -13.265 0.0000000000
43778  30.315  -44.907  -13.714 0.0000000000
43779  29.522  -44.902  -13.532 0.0000000000
43780  28.591  -44.770  -13.424 0.0000000000
43781  27.498  -44.668  -13.459 0.0000000000
43782  26.346  -44.556  -13.510 0.0000000000
43783  25.190  -44.415  -13.358 0.0000000000
43784  24.049  -44.382  -13.058 0.0000000000
43785  23.639  -45.182  -12.794 0.0000000000
43788  37.920  -44.596  -14.050 0.0000000000
43789  32.582  -44.557  -14.987 0.0000000000
43790  32.095  -44.742  -14.510 0.0000000000
43791  31.257  -44.980  -14.028 0.0000000000
43793  38.422  -44.959  -15.719 0.0000000000
43794  38.136  -44.739  -15.166 0.0000000000
43795  33.583  -44.548  -15.855 0.0000000000
43796  32.989  -44.923  -15.417 0.0000000000
43797  38.675  -44.789  -16.362 0.0000000000
43798  38.347  -44.690  -15.750 0.0000000000
43799  35.228  -44.762  -16.964 0.0000000000
43800  34.743  -44.604  -16.685 0.0000000000
43801  33.925  -45.039  -16.411 0.0000000000
43802  39.912  -44.611  -17.985 0.0000000000
43803  39.467  -45.135  -17.339 0.0000000000
43804  36.565  -44.409  -18.031 0.0000000000
43805  35.727  -44.733  -17.370 0.0000000000
43806  35.223  -44.442  -17.012 0.0000000000
43808  40.718  -44.444  -18.876 0.0000000000
43809  40.499  -44.912  -18.483 0.0000000000
43810  38.973  -44.734  -19.657 0.0000000000
43811  38.310  -44.518  -19.286 0.0000000000
43812  37.333  -44.930  -18.453 0.0000000000
43814  40.756  -44.540  -19.321 0.0000000000
43815  40.440  -44.494  -19.824 0.0000000000
43816  39.581  -44.651  -19.953 0.0000000000
43817  38.989  -44.388  -19.733 0.0000000000
44677  28.021  -43.629  -11.267 0.0000000000
44678  26.946  -43.590  -11.536 0.0000000000
44679  25.728  -43.493  -11.583 0.0000000000
44680  24.886  -43.636  -11.591 0.0000000000
44689  37.982  -43.847  -11.384 0.0000000000
44690  37.809  -43.779  -12.043 0.0000000000
44691  25.133  -43.038  -11.664 0.0000000000
44692  24.674  -43.157  -11.952 0.0000000000
44700  37.839  -43.723  -12.817 0.0000000000
44701  24.522  -42.794  -12.371 0.0000000000
44711  37.905  -43.719  -13.593 0.0000000000
44712  29.923  -44.359  -13.663 0.0000000000
44713  29.352  -43.930  -13.594 0.0000000000
44714  28.235  -43.784  -13.485 0.0000000000
44715  27.120  -43.678  -13.549 0.0000000000
44716  25.998  -43.543  -13.535 0.0000000000
44717  24.986  -43.201  -13.321 0.0000000000
44718  24.366  -42.781  -12.898 0.0000000000
44723  37.977  -43.750  -14.444 0.0000000000
44724  32.326  -44.031  -14.788 0.0000000000
44725  31.609  -43.905  -14.442 0.0000000000
44726  30.493  -43.782  -13.950 0.0000000000
44727  29.709  -43.101  -13.899 0.0000000000
44728  24.789  -42.434  -13.204 0.0000000000
44729  24.674  -42.062  -13.075 0.0000000000
44734  38.242  -43.397  -15.778 0.0000000000
44735  38.122  -43.545  -15.363 0.0000000000
44736  34.292  -43.523  -16.101 0.0000000000
44737  33.996  -43.720  -15.882 0.0000000000
44738  33.050  -43.811  -15.328 0.0000000000
44744  38.361  -43.678  -16.210 0.0000000000
44745  38.240  -44.289  -15.790 0.0000000000
44746  34.512  -43.690  -16.420 0.0000000000
44747  34.142  -44.316  -16.248 0.0000000000
44752  39.775  -44.113  -18.015 0.0000000000
44753  39.206  -43.900  -17.492 0.0000000000
44754  36.510  -43.786  -18.151 0.0000000000
44755  36.040  -43.764  -17.674 0.0000000000
44756  35.231  -43.725  -17.101 0.0000000000
44761  40.580  -44.144  -18.773 0.0000000000
44762  40.151  -43.894  -18.488 0.0000000000
44763  39.514  -43.381  -18.046 0.0000000000
44764  38.144  -43.430  -19.409 0.0000000000
44765  37.153  -43.704  -18.697 0.0000000000
44771  40.713  -44.092  -19.016 0.0000000000
44772  40.475  -43.662  -19.315 0.0000000000
44773  40.043  -43.598  -19.956 0.0000000000
44774  39.069  -43.674  -19.784 0.0000000000
45667  38.464  -42.645  -10.837 0.0000000000
45674  27.583  -42.717  -11.362 0.0000000000
45675  26.523  -42.652  -11.579 0.0000000000
45676  25.632  -42.571  -11.669 0.0000000000
45687  37.994  -43.036  -11.549 0.0000000000
45688  37.746  -43.024  -12.350 0.0000000000
45689  25.083  -42.413  -11.802 0.0000000000
45690  24.700  -42.192  -12.132 0.0000000000
45701  37.695  -42.987  -13.126 0.0000000000
45702  24.593  -42.013  -12.586 0.0000000000
45710  37.854  -42.981  -13.916 0.0000000000
45711  28.901  -43.023  -13.758 0.0000000000
45712  27.912  -42.767  -13.655 0.0000000000
45713  26.766  -42.765  -13.599 0.0000000000
45714  25.837  -42.640  -13.494 0.0000000000
45715  25.288  -42.261  -13.352 0.0000000000
45716  24.599  -41.759  -12.921 0.0000000000
45722  38.001  -42.995  -14.612 0.0000000000
45723  32.210  -43.221  -14.891 0.0000000000
45724  31.298  -42.783  -14.574 0.0000000000
45725  30.305  -42.569  -14.284 0.0000000000
45726  29.428  -42.369  -14.125 0.0000000000
45727  28.694  -42.324  -13.954 0.0000000000
45728  24.985  -41.907  -13.255 0.0000000000
45729  24.850  -41.453  -13.197 0.0000000000
45733  38.284  -43.024  -15.789 0.0000000000
45734  38.033  -42.604  -15.133 0.0000000000
45735  34.355  -43.190  -16.090 0.0000000000
45736  33.767  -42.950  -15.666 0.0000000000
45737  32.892  -42.639  -15.384 0.0000000000
45738  32.059  -42.285  -15.027 0.0000000000
45743  38.508  -42.861  -16.640 0.0000000000
45744  35.267  -42.600  -17.157 0.0000000000
45745  34.937  -42.821  -16.813 0.0000000000
45749  39.466  -42.359  -18.191 0.0000000000
45750  39.134  -42.612  -17.762 0.0000000000
45751  36.412  -43.288  -18.118 0.0000000000
45752  35.667  -42.732  -17.544 0.0000000000
45753  35.263  -43.086  -17.151 0.0000000000
45758  39.805  -42.722  -18.639 0.0000000000
45759  39.611  -43.152  -18.323 0.0000000000
45760  37.671  -42.758  -19.143 0.0000000000
45761  36.739  -42.493  -18.542 0.0000000000
45762  36.037  -41.881  -18.228 0.0000000000
45766  40.226  -42.649  -19.516 0.0000000000
46729  38.767  -41.801  -10.804 0.0000000000
46737  27.171  -41.773  -11.547 0.0000000000
46738  26.068  -41.814  -11.742 0.0000000000
46739  25.473  -42.075  -11.752 0.0000000000
46748  38.169  -41.959  -11.707 0.0000000000
46749  37.894  -42.530  -12.044 0.0000000000
46757  25.867  -41.353  -11.865 0.0000000000
46758  25.286  -41.530  -11.922 0.0000000000
46759  24.761  -41.382  -12.414 0.0000000000
46769  37.994  -41.702  -12.344 0.0000000000
46770  37.789  -42.182  -12.624 0.0000000000
46771  24.691  -41.252  -12.741 0.0000000000
46782  37.680  -42.356  -13.474 0.0000000000
46783  28.188  -41.982  -13.996 0.0000000000
46784  27.366  -41.974  -13.775 0.0000000000
46785  26.375  -41.979  -13.590 0.0000000000
46786  25.768  -42.048  -13.431 0.0000000000
46787  24.742  -40.998  -13.047 0.0000000000
46798  37.715  -42.219  -14.316 0.0000000000
46799  31.494  -42.066  -14.872 0.0000000000
46800  30.885  -41.837  -14.809 0.0000000000
46801  29.958  -41.730  -14.542 0.0000000000
46802  28.946  -41.606  -14.379 0.0000000000
46803  27.946  -41.294  -14.231 0.0000000000
46804  26.870  -41.186  -13.948 0.0000000000
46805  25.607  -41.282  -13.509 0.0000000000
46806  24.980  -40.711  -13.353 0.0000000000
46816  38.155  -42.178  -15.761 0.0000000000
46817  37.881  -41.787  -15.018 0.0000000000
46818  34.348  -42.498  -16.110 0.0000000000
46819  33.718  -41.935  -15.774 0.0000000000
46820  32.701  -41.689  -15.463 0.0000000000
46821  31.733  -41.477  -15.238 0.0000000000
46822  31.004  -41.156  -15.246 0.0000000000
46828  38.425  -41.835  -16.614 0.0000000000
46829  35.251  -42.254  -17.113 0.0000000000
46830  34.668  -41.693  -16.657 0.0000000000
46831  33.899  -41.171  -16.244 0.0000000000
46836  39.409  -41.831  -18.076 0.0000000000
46837  38.817  -41.590  -17.347 0.0000000000
46838  35.563  -41.476  -17.598 0.0000000000
47812  39.509  -40.835  -10.653 0.0000000000
47813  39.081  -41.283  -10.767 0.0000000000
47817  26.539  -41.277  -11.760 0.0000000000
47818  26.132  -41.301  -11.827 0.0000000000
47825  39.119  -40.376  -11.115 0.0000000000
47826  38.746  -40.910  -11.356 0.0000000000
47835  26.067  -40.793  -12.068 0.0000000000
47836  25.054  -40.495  -12.469 0.0000000000
47837  24.753  -40.907  -12.633 0.0000000000
47843  38.139  -41.149  -12.390 0.0000000000
47844  37.890  -41.602  -12.675 0.0000000000
47851  24.810  -39.857  -12.882 0.0000000000
47852  24.716  -40.500  -12.896 0.0000000000
47858  38.082  -40.638  -13.108 0.0000000000
47859  37.773  -41.491  -13.386 0.0000000000
47860  24.819  -39.812  -13.266 0.0000000000
47861  24.851  -40.372  -13.280 0.0000000000
47868  37.944  -40.707  -14.053 0.0000000000
47869  37.838  -41.413  -14.512 0.0000000000
47870  30.421  -41.227  -14.971 0.0000000000
47871  29.710  -40.925  -14.824 0.0000000000
47872  28.682  -40.601  -14.779 0.0000000000
47873  27.557  -40.405  -14.420 0.0000000000
47874  26.386  -40.211  -14.134 0.0000000000
47875  25.245  -39.968  -13.726 0.0000000000
47876  24.991  -40.350  -13.434 0.0000000000
47886  38.160  -41.064  -15.299 0.0000000000
47887  37.931  -41.398  -14.948 0.0000000000
47888  33.305  -41.156  -15.797 0.0000000000
47889  32.553  -40.735  -15.647 0.0000000000
47890  31.549  -40.611  -15.495 0.0000000000
47891  30.553  -40.521  -15.368 0.0000000000
47892  29.559  -40.229  -15.368 0.0000000000
47903  38.601  -40.861  -16.564 0.0000000000
48871  39.927  -40.336  -10.563 0.0000000000
48882  39.451  -39.721  -11.190 0.0000000000
48883  38.925  -40.200  -11.448 0.0000000000
48896  38.986  -39.358  -11.966 0.0000000000
48897  38.562  -39.975  -12.285 0.0000000000
48911  38.250  -40.055  -13.485 0.0000000000
48921  38.338  -39.951  -14.476 0.0000000000
48938  32.136  -40.066  -15.779 0.0000000000
48939  31.363  -39.753  -15.755 0.0000000000
49947  39.970  -38.703  -11.471 0.0000000000
49959  39.298  -38.820  -12.002 0.0000000000
49960  38.868  -39.118  -12.530 0.0000000000
49977  38.583  -39.221  -13.518 0.0000000000
