#!ascii label  , from subject FREESURFER vox2ras=TkReg 
731
10205  34.794  -80.305  -11.600 0.0000000000
10218  35.983  -80.256  -12.547 0.0000000000
10219  35.064  -80.049  -12.320 0.0000000000
10831  28.958  -79.240  -4.592 0.0000000000
10832  28.689  -78.914  -3.966 0.0000000000
10848  29.609  -79.855  -5.825 0.0000000000
10849  29.449  -79.209  -5.434 0.0000000000
10868  30.800  -79.973  -6.732 0.0000000000
10869  30.172  -79.390  -6.537 0.0000000000
10870  29.675  -78.845  -6.079 0.0000000000
10888  32.486  -79.864  -8.038 0.0000000000
10889  31.366  -79.615  -7.524 0.0000000000
10890  30.614  -79.093  -7.401 0.0000000000
10906  33.064  -79.853  -8.641 0.0000000000
10907  32.012  -79.251  -8.538 0.0000000000
10908  31.538  -79.185  -8.162 0.0000000000
10923  33.946  -80.089  -10.487 0.0000000000
10924  33.432  -79.822  -9.755 0.0000000000
10925  32.640  -79.356  -9.320 0.0000000000
10937  33.961  -80.002  -11.296 0.0000000000
10938  33.282  -79.678  -10.806 0.0000000000
10939  32.647  -79.294  -10.236 0.0000000000
10948  34.075  -79.882  -12.128 0.0000000000
10949  33.090  -79.567  -11.779 0.0000000000
10950  32.602  -79.321  -11.125 0.0000000000
10965  36.587  -79.575  -12.866 0.0000000000
10966  35.527  -79.536  -12.880 0.0000000000
10967  34.474  -79.402  -12.721 0.0000000000
10968  33.428  -79.305  -12.548 0.0000000000
11581  28.787  -77.892  -3.804 0.0000000000
11582  28.252  -78.199  -3.572 0.0000000000
11583  27.380  -78.360  -3.423 0.0000000000
11590  29.840  -77.828  -4.860 0.0000000000
11591  29.274  -78.293  -4.413 0.0000000000
11592  28.783  -78.345  -3.889 0.0000000000
11605  29.911  -77.727  -5.434 0.0000000000
11606  29.713  -78.349  -5.376 0.0000000000
11626  29.848  -78.081  -6.351 0.0000000000
11627  29.665  -78.653  -5.824 0.0000000000
11644  30.862  -78.944  -7.763 0.0000000000
11645  30.397  -78.380  -7.732 0.0000000000
11660  31.712  -78.896  -8.841 0.0000000000
11661  31.254  -78.741  -8.501 0.0000000000
11662  30.456  -78.106  -9.032 0.0000000000
11677  31.859  -78.828  -9.543 0.0000000000
11678  30.968  -78.144  -9.732 0.0000000000
11679  30.518  -77.971  -9.549 0.0000000000
11696  31.986  -78.965  -10.785 0.0000000000
11697  31.501  -78.452  -10.448 0.0000000000
11712  32.593  -79.185  -12.359 0.0000000000
11713  32.026  -79.186  -11.790 0.0000000000
11714  31.504  -78.532  -11.316 0.0000000000
11726  38.435  -78.546  -13.032 0.0000000000
11727  37.312  -78.768  -13.149 0.0000000000
11728  36.185  -78.822  -13.247 0.0000000000
11729  35.071  -78.746  -13.148 0.0000000000
11730  33.911  -78.532  -12.970 0.0000000000
11731  32.824  -78.627  -12.745 0.0000000000
11732  32.002  -78.726  -12.506 0.0000000000
11733  31.556  -78.556  -12.045 0.0000000000
11740  38.363  -78.015  -13.311 0.0000000000
11741  37.921  -78.015  -13.389 0.0000000000
11742  36.900  -77.998  -13.449 0.0000000000
11743  35.785  -77.977  -13.424 0.0000000000
11744  34.720  -77.902  -13.307 0.0000000000
12398  29.110  -77.266  -3.856 0.0000000000
12399  28.343  -77.256  -3.622 0.0000000000
12400  27.507  -77.371  -3.508 0.0000000000
12401  26.704  -77.575  -3.567 0.0000000000
12411  30.160  -77.218  -4.926 0.0000000000
12412  29.688  -77.279  -4.380 0.0000000000
12423  30.164  -77.124  -5.693 0.0000000000
12440  30.273  -76.905  -6.551 0.0000000000
12457  30.233  -77.276  -7.532 0.0000000000
12475  30.242  -77.418  -8.700 0.0000000000
12492  30.804  -77.753  -10.256 0.0000000000
12493  30.510  -77.542  -9.758 0.0000000000
12507  31.155  -77.892  -10.781 0.0000000000
12508  30.783  -77.363  -10.712 0.0000000000
12519  31.276  -77.712  -11.790 0.0000000000
12520  31.035  -77.419  -11.248 0.0000000000
12528  38.963  -77.782  -12.623 0.0000000000
12529  33.926  -77.741  -13.235 0.0000000000
12530  33.145  -77.733  -13.060 0.0000000000
12531  32.197  -77.906  -12.813 0.0000000000
12532  31.672  -78.047  -12.368 0.0000000000
12539  38.429  -77.507  -13.412 0.0000000000
12540  37.587  -77.275  -13.802 0.0000000000
12541  36.483  -77.225  -13.893 0.0000000000
12542  35.348  -77.186  -13.754 0.0000000000
12543  34.313  -77.194  -13.554 0.0000000000
12544  33.606  -77.279  -13.376 0.0000000000
13209  30.172  -75.938  -4.261 0.0000000000
13210  29.592  -76.355  -3.871 0.0000000000
13211  28.657  -76.354  -3.641 0.0000000000
13212  27.742  -76.415  -3.637 0.0000000000
13213  26.715  -76.438  -3.734 0.0000000000
13214  26.282  -77.069  -3.843 0.0000000000
13225  30.355  -76.314  -5.063 0.0000000000
13226  30.069  -76.651  -4.441 0.0000000000
13227  26.441  -76.019  -4.351 0.0000000000
13228  26.011  -76.659  -4.630 0.0000000000
13234  30.429  -76.384  -5.904 0.0000000000
13235  25.637  -76.299  -5.868 0.0000000000
13250  30.596  -76.120  -6.489 0.0000000000
13263  30.582  -76.349  -7.307 0.0000000000
13272  30.709  -76.183  -8.742 0.0000000000
13273  30.569  -76.400  -8.430 0.0000000000
13283  30.709  -76.190  -9.064 0.0000000000
13284  30.480  -76.635  -9.511 0.0000000000
13291  30.518  -76.792  -10.489 0.0000000000
13300  31.197  -77.179  -12.040 0.0000000000
13301  30.884  -76.708  -11.727 0.0000000000
13307  38.788  -76.516  -12.506 0.0000000000
13308  38.587  -76.021  -12.337 0.0000000000
13309  33.180  -77.110  -13.328 0.0000000000
13310  32.484  -76.863  -13.245 0.0000000000
13311  31.433  -77.099  -12.607 0.0000000000
13312  30.967  -76.419  -12.623 0.0000000000
13320  38.770  -76.515  -13.291 0.0000000000
13321  38.217  -76.352  -14.001 0.0000000000
13322  37.167  -76.504  -14.317 0.0000000000
13323  36.012  -76.304  -14.321 0.0000000000
13324  34.806  -76.420  -13.880 0.0000000000
13325  33.559  -76.551  -13.654 0.0000000000
13326  32.768  -76.228  -13.688 0.0000000000
13330  37.635  -75.727  -14.401 0.0000000000
13331  36.731  -75.837  -14.491 0.0000000000
13332  36.296  -75.848  -14.467 0.0000000000
13984  30.163  -75.399  -4.192 0.0000000000
13985  29.844  -75.406  -3.858 0.0000000000
13986  29.073  -75.411  -3.594 0.0000000000
13987  28.054  -75.400  -3.683 0.0000000000
13988  27.267  -75.686  -3.761 0.0000000000
14008  30.335  -75.368  -4.675 0.0000000000
14009  27.356  -75.015  -3.950 0.0000000000
14010  26.738  -75.303  -4.356 0.0000000000
14011  26.316  -75.696  -4.797 0.0000000000
14026  30.628  -75.342  -5.762 0.0000000000
14027  26.370  -75.031  -5.214 0.0000000000
14028  26.072  -75.576  -5.519 0.0000000000
14047  30.847  -75.468  -6.948 0.0000000000
14048  26.213  -74.898  -5.873 0.0000000000
14049  25.987  -75.164  -6.686 0.0000000000
14065  30.839  -75.704  -7.834 0.0000000000
14066  25.696  -75.073  -7.809 0.0000000000
14081  30.912  -75.805  -8.791 0.0000000000
14082  30.861  -75.868  -8.316 0.0000000000
14096  30.807  -75.681  -9.889 0.0000000000
14097  30.564  -76.302  -10.200 0.0000000000
14104  30.758  -75.177  -11.149 0.0000000000
14105  30.568  -76.027  -10.910 0.0000000000
14112  38.307  -75.729  -12.252 0.0000000000
14115  30.532  -74.885  -11.847 0.0000000000
14116  30.483  -75.442  -11.983 0.0000000000
14127  38.802  -75.659  -13.148 0.0000000000
14128  38.583  -75.450  -12.663 0.0000000000
14129  38.147  -75.175  -12.347 0.0000000000
14130  31.743  -76.497  -13.208 0.0000000000
14131  31.206  -76.188  -13.177 0.0000000000
14132  30.627  -75.632  -12.871 0.0000000000
14139  38.699  -75.378  -13.812 0.0000000000
14140  38.281  -75.450  -14.206 0.0000000000
14141  35.278  -75.695  -14.180 0.0000000000
14142  34.311  -75.629  -13.977 0.0000000000
14143  33.176  -75.639  -13.938 0.0000000000
14144  32.011  -75.828  -13.688 0.0000000000
14145  30.943  -75.539  -13.740 0.0000000000
14146  30.466  -75.116  -13.566 0.0000000000
14147  38.452  -74.862  -14.192 0.0000000000
14148  37.917  -74.955  -14.358 0.0000000000
14149  37.071  -75.133  -14.352 0.0000000000
14150  36.112  -75.351  -14.421 0.0000000000
14805  30.126  -74.867  -4.171 0.0000000000
14806  29.504  -74.460  -3.838 0.0000000000
14807  28.598  -74.530  -3.691 0.0000000000
14808  27.789  -74.443  -3.905 0.0000000000
14834  30.468  -74.330  -4.796 0.0000000000
14835  29.977  -74.306  -4.226 0.0000000000
14836  27.168  -74.374  -4.405 0.0000000000
14837  26.603  -74.401  -5.017 0.0000000000
14838  24.588  -73.786  -5.185 0.0000000000
14859  31.084  -73.720  -5.813 0.0000000000
14860  30.900  -74.213  -5.732 0.0000000000
14861  26.287  -74.505  -5.601 0.0000000000
14862  25.653  -73.879  -5.873 0.0000000000
14863  25.241  -73.906  -5.806 0.0000000000
14886  31.076  -73.882  -6.230 0.0000000000
14887  30.919  -74.491  -6.632 0.0000000000
14888  26.061  -74.417  -6.056 0.0000000000
14889  25.723  -74.135  -6.291 0.0000000000
14890  25.011  -73.985  -6.702 0.0000000000
14910  31.026  -74.331  -8.185 0.0000000000
14911  30.925  -74.651  -7.707 0.0000000000
14912  25.532  -74.432  -7.295 0.0000000000
14933  31.199  -74.597  -8.920 0.0000000000
14934  30.957  -75.324  -8.291 0.0000000000
14955  31.039  -74.532  -10.524 0.0000000000
14970  30.703  -74.433  -11.652 0.0000000000
14985  30.405  -74.523  -12.567 0.0000000000
14986  30.313  -75.077  -12.709 0.0000000000
14997  38.660  -74.587  -13.370 0.0000000000
14998  38.240  -74.564  -12.712 0.0000000000
14999  37.732  -74.688  -12.212 0.0000000000
15000  30.124  -74.138  -13.015 0.0000000000
15001  30.195  -74.733  -13.262 0.0000000000
15002  38.711  -74.359  -14.038 0.0000000000
15003  35.159  -74.758  -14.252 0.0000000000
15004  33.947  -74.763  -14.048 0.0000000000
15005  32.700  -74.802  -13.990 0.0000000000
15006  31.533  -74.806  -13.842 0.0000000000
15007  30.766  -74.899  -13.909 0.0000000000
15008  30.258  -74.842  -13.748 0.0000000000
15009  38.187  -74.239  -14.338 0.0000000000
15010  37.406  -74.330  -14.452 0.0000000000
15011  36.505  -74.508  -14.451 0.0000000000
15012  35.868  -74.632  -14.431 0.0000000000
15665  29.404  -73.934  -3.952 0.0000000000
15666  28.988  -73.758  -3.833 0.0000000000
15667  28.195  -73.801  -3.915 0.0000000000
15668  23.466  -73.472  -3.682 0.0000000000
15687  30.400  -73.497  -4.769 0.0000000000
15688  29.724  -73.605  -4.295 0.0000000000
15689  29.013  -73.084  -4.130 0.0000000000
15690  27.592  -73.665  -4.247 0.0000000000
15691  26.832  -73.460  -4.818 0.0000000000
15692  26.117  -73.054  -5.346 0.0000000000
15693  25.227  -73.255  -5.195 0.0000000000
15694  24.092  -73.351  -4.321 0.0000000000
15709  31.191  -73.289  -6.090 0.0000000000
15710  30.879  -73.472  -5.323 0.0000000000
15711  26.205  -73.907  -5.613 0.0000000000
15712  25.796  -73.701  -5.707 0.0000000000
15713  25.526  -73.665  -5.678 0.0000000000
15729  30.991  -73.675  -6.959 0.0000000000
15730  30.943  -74.213  -7.179 0.0000000000
15731  25.966  -74.093  -6.026 0.0000000000
15732  25.853  -73.949  -5.912 0.0000000000
15747  31.058  -73.798  -8.016 0.0000000000
15748  30.943  -74.076  -7.449 0.0000000000
15762  31.310  -73.481  -9.023 0.0000000000
15772  31.086  -73.615  -10.072 0.0000000000
15783  30.775  -73.666  -11.398 0.0000000000
15796  30.526  -73.836  -12.353 0.0000000000
15801  38.671  -74.022  -13.451 0.0000000000
15802  38.486  -73.783  -13.190 0.0000000000
15803  37.595  -73.741  -12.395 0.0000000000
15804  30.238  -73.734  -13.160 0.0000000000
15805  30.177  -74.159  -13.459 0.0000000000
15806  38.663  -73.745  -13.680 0.0000000000
15807  38.532  -73.205  -13.524 0.0000000000
15808  35.230  -74.196  -14.333 0.0000000000
15809  34.830  -73.947  -14.249 0.0000000000
15810  33.610  -73.896  -13.997 0.0000000000
15811  32.226  -73.951  -13.819 0.0000000000
15812  30.958  -73.959  -13.576 0.0000000000
15813  30.363  -74.507  -13.670 0.0000000000
15814  38.338  -73.498  -14.137 0.0000000000
15815  37.659  -73.496  -14.402 0.0000000000
15816  36.800  -73.737  -14.567 0.0000000000
15817  35.723  -73.924  -14.453 0.0000000000
15818  35.263  -73.355  -14.411 0.0000000000
16495  28.376  -73.158  -4.026 0.0000000000
16496  27.908  -73.301  -4.032 0.0000000000
16497  23.375  -72.736  -3.472 0.0000000000
16513  30.332  -72.623  -4.888 0.0000000000
16514  29.422  -72.526  -4.410 0.0000000000
16515  28.603  -72.419  -4.196 0.0000000000
16516  27.636  -72.663  -4.346 0.0000000000
16517  26.603  -72.372  -4.817 0.0000000000
16518  25.618  -72.343  -4.803 0.0000000000
16519  24.638  -72.484  -4.455 0.0000000000
16520  24.012  -72.598  -4.026 0.0000000000
16537  31.138  -72.765  -6.169 0.0000000000
16538  30.987  -72.680  -5.665 0.0000000000
16556  31.091  -72.862  -6.684 0.0000000000
16557  30.925  -72.328  -6.315 0.0000000000
16573  31.229  -72.909  -7.514 0.0000000000
16574  30.965  -72.239  -7.118 0.0000000000
16583  31.347  -72.776  -8.512 0.0000000000
16592  31.016  -72.666  -9.637 0.0000000000
16593  30.456  -72.323  -10.375 0.0000000000
16603  30.651  -72.876  -10.954 0.0000000000
16604  30.072  -72.319  -11.455 0.0000000000
16616  30.099  -72.934  -12.630 0.0000000000
16617  29.743  -72.209  -12.513 0.0000000000
16620  38.187  -72.959  -13.069 0.0000000000
16621  37.236  -72.583  -12.544 0.0000000000
16622  36.743  -72.037  -12.373 0.0000000000
16623  35.002  -71.945  -14.071 0.0000000000
16624  34.141  -72.192  -13.560 0.0000000000
16625  32.479  -72.510  -13.386 0.0000000000
16626  30.939  -72.916  -13.612 0.0000000000
16627  38.406  -73.055  -13.864 0.0000000000
16628  38.272  -72.710  -13.654 0.0000000000
16629  35.589  -72.818  -14.464 0.0000000000
16630  34.901  -72.873  -14.306 0.0000000000
16631  33.172  -73.133  -13.681 0.0000000000
16632  31.736  -73.279  -13.654 0.0000000000
16633  31.132  -73.369  -13.656 0.0000000000
16634  37.802  -72.149  -14.304 0.0000000000
16635  37.010  -73.021  -14.579 0.0000000000
16636  36.285  -73.241  -14.559 0.0000000000
16637  35.602  -73.094  -14.490 0.0000000000
16638  35.258  -73.085  -14.436 0.0000000000
17343  21.915  -71.294  -0.582 0.0000000000
17365  22.971  -71.150  -1.384 0.0000000000
17366  22.435  -71.613  -1.220 0.0000000000
17386  23.106  -71.339  -1.895 0.0000000000
17387  22.713  -72.088  -2.114 0.0000000000
17408  23.146  -71.494  -3.022 0.0000000000
17409  22.837  -72.465  -2.751 0.0000000000
17426  30.218  -71.761  -5.012 0.0000000000
17427  29.769  -71.847  -4.715 0.0000000000
17428  29.057  -71.671  -4.447 0.0000000000
17429  28.130  -71.576  -4.368 0.0000000000
17430  27.145  -71.536  -4.628 0.0000000000
17431  26.088  -71.466  -4.618 0.0000000000
17432  24.977  -71.550  -4.503 0.0000000000
17433  23.890  -71.748  -4.020 0.0000000000
17449  30.586  -71.849  -5.656 0.0000000000
17466  30.618  -71.674  -6.667 0.0000000000
17478  31.274  -72.082  -7.959 0.0000000000
17479  30.788  -71.576  -7.614 0.0000000000
17488  31.248  -71.800  -8.920 0.0000000000
17489  30.997  -71.576  -8.256 0.0000000000
17500  30.661  -71.939  -9.693 0.0000000000
17501  30.045  -71.762  -10.405 0.0000000000
17502  29.807  -71.286  -10.144 0.0000000000
17515  35.863  -71.213  -11.639 0.0000000000
17517  29.619  -71.791  -11.751 0.0000000000
17518  29.444  -71.315  -10.885 0.0000000000
17527  36.569  -71.563  -12.229 0.0000000000
17528  29.653  -72.226  -13.244 0.0000000000
17529  29.353  -71.791  -12.870 0.0000000000
17530  29.104  -71.299  -12.144 0.0000000000
17531  35.255  -70.840  -14.111 0.0000000000
17532  33.427  -71.477  -13.035 0.0000000000
17533  31.668  -71.891  -13.176 0.0000000000
17534  30.346  -72.136  -13.534 0.0000000000
17535  29.659  -71.557  -13.543 0.0000000000
17536  29.046  -71.172  -13.099 0.0000000000
18306  23.102  -70.171  -0.794 0.0000000000
18307  22.412  -70.606  -0.494 0.0000000000
18328  23.249  -70.656  -1.467 0.0000000000
18329  22.915  -70.882  -1.020 0.0000000000
18344  23.323  -70.542  -2.332 0.0000000000
18361  23.227  -70.293  -3.381 0.0000000000
18362  22.790  -69.899  -4.022 0.0000000000
18377  29.941  -71.463  -4.902 0.0000000000
18378  29.580  -71.151  -4.806 0.0000000000
18379  28.715  -70.715  -4.707 0.0000000000
18380  27.642  -70.687  -4.606 0.0000000000
18381  26.638  -70.602  -4.581 0.0000000000
18382  25.533  -70.562  -4.527 0.0000000000
18383  24.327  -70.655  -4.471 0.0000000000
18384  23.243  -70.438  -4.122 0.0000000000
18385  22.718  -69.689  -4.463 0.0000000000
18395  30.087  -71.223  -5.280 0.0000000000
18396  29.496  -70.492  -5.555 0.0000000000
18397  28.724  -70.136  -5.324 0.0000000000
18410  30.201  -71.062  -6.140 0.0000000000
18411  29.748  -70.476  -6.640 0.0000000000
18423  30.257  -71.041  -7.214 0.0000000000
18424  29.839  -70.406  -7.670 0.0000000000
18437  30.715  -71.454  -9.348 0.0000000000
18438  30.507  -71.011  -8.572 0.0000000000
18439  29.715  -70.337  -8.612 0.0000000000
18455  30.389  -71.627  -9.712 0.0000000000
18456  30.194  -71.298  -9.642 0.0000000000
18457  29.602  -70.704  -9.802 0.0000000000
18468  28.818  -70.714  -11.223 0.0000000000
18469  28.414  -70.214  -11.003 0.0000000000
18473  32.781  -69.920  -11.985 0.0000000000
18474  31.645  -70.201  -12.196 0.0000000000
18475  30.572  -70.165  -12.635 0.0000000000
18476  30.040  -70.006  -12.829 0.0000000000
18477  28.503  -70.825  -12.465 0.0000000000
18478  28.002  -70.259  -11.779 0.0000000000
18479  27.500  -70.042  -11.865 0.0000000000
18480  34.055  -69.948  -12.667 0.0000000000
18481  32.420  -70.900  -12.481 0.0000000000
18482  30.753  -71.149  -12.932 0.0000000000
18483  29.644  -70.521  -13.275 0.0000000000
18484  28.654  -70.467  -13.092 0.0000000000
18485  27.943  -70.327  -12.680 0.0000000000
18486  27.549  -70.097  -12.197 0.0000000000
19249  23.282  -69.527  -0.609 0.0000000000
19250  22.645  -69.439  -0.078 0.0000000000
19251  22.005  -70.013  0.089 0.0000000000
19275  24.176  -69.116  -2.180 0.0000000000
19276  23.643  -69.691  -1.444 0.0000000000
19294  23.981  -69.080  -2.744 0.0000000000
19295  23.647  -69.587  -2.860 0.0000000000
19310  22.956  -69.504  -3.773 0.0000000000
19311  22.540  -69.382  -4.329 0.0000000000
19324  28.033  -70.002  -5.001 0.0000000000
19325  27.166  -69.885  -4.789 0.0000000000
19326  26.252  -69.644  -4.792 0.0000000000
19327  24.991  -69.584  -4.919 0.0000000000
19328  23.679  -69.802  -4.865 0.0000000000
19329  22.859  -69.587  -4.974 0.0000000000
19330  22.452  -69.243  -4.958 0.0000000000
19342  28.958  -69.965  -5.835 0.0000000000
19343  28.339  -69.702  -5.729 0.0000000000
19344  27.440  -69.341  -5.457 0.0000000000
19345  26.873  -69.420  -5.041 0.0000000000
19346  24.785  -68.995  -5.363 0.0000000000
19347  24.078  -69.168  -5.401 0.0000000000
19348  23.104  -69.259  -5.675 0.0000000000
19349  22.428  -68.992  -5.870 0.0000000000
19350  22.152  -68.754  -6.495 0.0000000000
19362  29.292  -70.073  -6.285 0.0000000000
19363  28.784  -69.723  -6.434 0.0000000000
19364  28.005  -69.274  -6.508 0.0000000000
19365  23.080  -68.936  -6.256 0.0000000000
19366  22.725  -68.895  -6.402 0.0000000000
19367  22.308  -68.750  -6.601 0.0000000000
19383  29.319  -69.951  -7.039 0.0000000000
19384  28.686  -69.587  -7.284 0.0000000000
19385  28.081  -69.272  -7.530 0.0000000000
19401  29.278  -69.857  -7.983 0.0000000000
19402  28.574  -69.527  -8.261 0.0000000000
19403  27.793  -69.209  -8.399 0.0000000000
19418  29.090  -69.969  -9.039 0.0000000000
19419  28.340  -69.551  -9.362 0.0000000000
19420  27.525  -69.163  -9.554 0.0000000000
19426  28.807  -70.043  -10.231 0.0000000000
19427  28.028  -69.682  -10.656 0.0000000000
19428  27.181  -69.275  -10.696 0.0000000000
19429  26.783  -68.999  -11.061 0.0000000000
19433  32.189  -69.331  -11.578 0.0000000000
19434  31.114  -69.436  -11.917 0.0000000000
19435  30.302  -69.522  -12.412 0.0000000000
19436  27.542  -69.822  -11.435 0.0000000000
19437  27.180  -69.621  -11.715 0.0000000000
19438  26.756  -68.918  -11.398 0.0000000000
19439  29.704  -69.727  -12.825 0.0000000000
19440  28.982  -69.780  -13.157 0.0000000000
19441  28.117  -69.805  -13.088 0.0000000000
19442  27.484  -69.692  -12.495 0.0000000000
19443  26.998  -69.172  -11.941 0.0000000000
19444  37.871  -69.513  -14.889 0.0000000000
20143  24.331  -68.068  -0.827 0.0000000000
20144  23.488  -68.693  -0.330 0.0000000000
20145  22.879  -68.816  0.184 0.0000000000
20166  24.571  -68.344  -1.815 0.0000000000
20167  24.085  -68.804  -1.296 0.0000000000
20183  24.283  -68.566  -2.936 0.0000000000
20184  23.847  -69.031  -3.087 0.0000000000
20195  23.968  -68.246  -3.534 0.0000000000
20196  23.392  -68.735  -3.689 0.0000000000
20197  22.630  -68.966  -4.088 0.0000000000
20203  26.274  -69.236  -4.997 0.0000000000
20204  25.920  -69.176  -5.018 0.0000000000
20205  22.719  -68.547  -4.336 0.0000000000
20206  22.397  -68.775  -4.756 0.0000000000
20210  27.091  -69.018  -5.586 0.0000000000
20211  26.580  -69.009  -5.349 0.0000000000
20212  25.527  -68.756  -5.524 0.0000000000
20213  24.597  -68.618  -5.878 0.0000000000
20214  23.641  -68.743  -6.083 0.0000000000
20215  22.211  -68.703  -5.586 0.0000000000
20216  22.056  -68.618  -6.361 0.0000000000
20218  27.207  -68.814  -6.036 0.0000000000
20219  26.389  -68.617  -6.346 0.0000000000
20220  25.384  -68.517  -6.614 0.0000000000
20221  24.360  -68.557  -6.849 0.0000000000
20222  23.319  -68.666  -6.959 0.0000000000
20223  22.604  -68.619  -7.234 0.0000000000
20224  22.074  -68.509  -7.278 0.0000000000
20231  27.253  -68.900  -7.246 0.0000000000
20232  26.193  -68.664  -7.499 0.0000000000
20233  25.177  -68.571  -7.722 0.0000000000
20234  24.147  -68.527  -7.925 0.0000000000
20235  23.195  -68.503  -8.113 0.0000000000
20236  22.474  -68.462  -8.283 0.0000000000
20237  22.034  -68.367  -8.494 0.0000000000
20244  26.905  -68.933  -8.482 0.0000000000
20245  25.976  -68.658  -8.643 0.0000000000
20246  24.989  -68.532  -8.844 0.0000000000
20247  23.973  -68.535  -9.041 0.0000000000
20248  23.018  -68.505  -9.198 0.0000000000
20249  22.303  -68.478  -9.322 0.0000000000
20250  21.868  -68.266  -9.355 0.0000000000
20258  26.688  -68.837  -9.593 0.0000000000
20259  25.837  -68.580  -9.702 0.0000000000
20260  24.865  -68.541  -9.885 0.0000000000
20261  23.793  -68.582  -10.006 0.0000000000
20262  22.808  -68.548  -10.092 0.0000000000
20263  22.022  -68.643  -10.182 0.0000000000
20264  21.711  -68.184  -10.202 0.0000000000
20270  32.939  -67.923  -11.021 0.0000000000
20271  32.698  -67.948  -10.969 0.0000000000
20272  32.094  -68.020  -10.856 0.0000000000
20273  31.313  -68.079  -10.869 0.0000000000
20274  26.537  -68.776  -10.398 0.0000000000
20275  25.992  -68.546  -10.690 0.0000000000
20276  24.814  -68.395  -10.680 0.0000000000
20277  23.597  -68.371  -10.686 0.0000000000
20278  22.587  -68.406  -10.741 0.0000000000
20279  21.873  -68.322  -10.825 0.0000000000
20280  21.673  -67.970  -10.666 0.0000000000
20285  33.047  -68.129  -11.170 0.0000000000
20286  32.508  -68.502  -11.231 0.0000000000
20287  31.602  -68.678  -11.299 0.0000000000
20288  30.329  -68.558  -11.641 0.0000000000
20289  29.176  -68.366  -12.231 0.0000000000
20290  28.613  -68.332  -12.472 0.0000000000
20291  26.217  -68.353  -11.437 0.0000000000
20292  24.609  -68.056  -11.225 0.0000000000
20293  23.372  -68.039  -11.179 0.0000000000
20294  22.380  -68.057  -11.157 0.0000000000
20295  21.909  -68.029  -11.077 0.0000000000
20298  29.968  -69.213  -12.440 0.0000000000
20299  29.442  -69.100  -12.613 0.0000000000
20300  28.478  -68.927  -12.841 0.0000000000
20301  27.679  -69.168  -12.786 0.0000000000
20302  27.161  -68.919  -12.305 0.0000000000
20303  39.493  -69.457  -14.132 0.0000000000
20304  39.408  -69.185  -13.775 0.0000000000
21006  23.229  -67.711  0.341 0.0000000000
21027  24.383  -67.239  -0.540 0.0000000000
21028  23.815  -67.573  -0.162 0.0000000000
21046  25.392  -66.933  -2.073 0.0000000000
21047  24.925  -67.386  -1.313 0.0000000000
21065  25.224  -67.155  -3.051 0.0000000000
21066  24.948  -67.745  -2.476 0.0000000000
21075  24.918  -67.117  -3.544 0.0000000000
21076  24.461  -67.635  -3.564 0.0000000000
21077  23.714  -68.013  -3.875 0.0000000000
21082  23.782  -67.594  -4.159 0.0000000000
21083  23.112  -67.958  -4.429 0.0000000000
21084  22.518  -68.257  -4.778 0.0000000000
21089  22.610  -67.865  -5.016 0.0000000000
21090  22.226  -68.140  -5.492 0.0000000000
21091  21.967  -68.331  -6.149 0.0000000000
21094  21.884  -67.863  -6.492 0.0000000000
21095  21.810  -68.209  -6.919 0.0000000000
21101  21.737  -67.798  -7.324 0.0000000000
21102  21.658  -68.031  -8.163 0.0000000000
21109  21.615  -67.821  -9.501 0.0000000000
21118  21.594  -67.751  -10.305 0.0000000000
21124  33.019  -67.672  -11.005 0.0000000000
21125  32.551  -67.385  -10.734 0.0000000000
21126  31.803  -67.336  -10.555 0.0000000000
21127  30.825  -67.444  -10.693 0.0000000000
21128  30.144  -67.158  -10.788 0.0000000000
21129  21.740  -67.922  -10.947 0.0000000000
21130  21.565  -67.474  -10.765 0.0000000000
21135  34.209  -68.413  -12.305 0.0000000000
21136  33.583  -67.702  -11.456 0.0000000000
21137  30.198  -67.711  -11.080 0.0000000000
21138  29.562  -67.592  -11.385 0.0000000000
21139  28.619  -67.739  -11.992 0.0000000000
21140  27.777  -67.722  -12.236 0.0000000000
21141  26.814  -67.996  -12.344 0.0000000000
21142  25.544  -67.601  -11.662 0.0000000000
21143  24.256  -67.490  -11.644 0.0000000000
21144  23.096  -67.413  -11.459 0.0000000000
21145  21.981  -67.406  -11.239 0.0000000000
21146  21.573  -66.981  -11.008 0.0000000000
21150  37.727  -67.550  -12.561 0.0000000000
21151  37.036  -66.991  -12.090 0.0000000000
21153  28.233  -68.264  -12.527 0.0000000000
21154  27.723  -68.541  -12.589 0.0000000000
21155  27.404  -68.740  -12.502 0.0000000000
21895  25.240  -65.887  -0.972 0.0000000000
21896  24.702  -66.399  -0.569 0.0000000000
21897  23.910  -66.684  -0.094 0.0000000000
21908  25.768  -66.034  -1.661 0.0000000000
21909  25.257  -66.556  -1.288 0.0000000000
21927  25.773  -66.472  -2.702 0.0000000000
21939  25.296  -66.683  -3.774 0.0000000000
21940  24.722  -67.088  -3.823 0.0000000000
21947  25.068  -66.312  -4.813 0.0000000000
21948  24.240  -67.013  -4.413 0.0000000000
21949  23.535  -67.455  -4.534 0.0000000000
21954  25.040  -66.103  -5.405 0.0000000000
21955  24.259  -66.383  -5.652 0.0000000000
21956  23.165  -67.337  -5.209 0.0000000000
21957  22.538  -67.728  -5.405 0.0000000000
21962  23.962  -66.208  -6.896 0.0000000000
21963  23.099  -66.841  -6.421 0.0000000000
21964  22.404  -67.513  -6.020 0.0000000000
21968  24.013  -66.110  -7.909 0.0000000000
21969  23.131  -66.527  -7.603 0.0000000000
21970  22.127  -67.227  -7.359 0.0000000000
21971  21.750  -67.608  -7.863 0.0000000000
21978  24.003  -65.885  -8.473 0.0000000000
21979  23.452  -66.178  -8.496 0.0000000000
21980  22.547  -66.623  -8.788 0.0000000000
21981  21.745  -67.317  -8.759 0.0000000000
21990  35.708  -67.278  -9.976 0.0000000000
21993  31.366  -65.937  -10.003 0.0000000000
21994  21.936  -66.681  -9.689 0.0000000000
21995  21.551  -67.193  -10.083 0.0000000000
22001  36.254  -66.350  -10.447 0.0000000000
22002  35.985  -66.972  -10.799 0.0000000000
22005  31.525  -66.585  -10.291 0.0000000000
22006  30.616  -66.407  -10.320 0.0000000000
22007  29.604  -66.560  -10.685 0.0000000000
22008  28.804  -66.319  -10.879 0.0000000000
22009  21.837  -66.393  -10.515 0.0000000000
22010  21.542  -66.868  -10.830 0.0000000000
22015  36.444  -66.561  -11.342 0.0000000000
22016  36.125  -67.000  -11.128 0.0000000000
22019  28.931  -67.013  -11.285 0.0000000000
22020  28.117  -66.821  -11.460 0.0000000000
22021  27.196  -66.927  -11.789 0.0000000000
22022  26.209  -66.845  -11.794 0.0000000000
22023  25.082  -66.710  -11.942 0.0000000000
22024  23.936  -66.579  -11.847 0.0000000000
22025  22.830  -66.455  -11.520 0.0000000000
22026  21.872  -66.290  -11.134 0.0000000000
22027  21.622  -66.760  -11.031 0.0000000000
22033  37.105  -66.121  -12.175 0.0000000000
22841  25.475  -65.069  -1.100 0.0000000000
22842  24.703  -65.315  -0.580 0.0000000000
22853  26.451  -64.823  -2.147 0.0000000000
22854  26.050  -65.213  -1.702 0.0000000000
22868  26.712  -65.181  -2.916 0.0000000000
22869  26.243  -65.665  -2.364 0.0000000000
22881  26.653  -65.420  -3.881 0.0000000000
22882  26.185  -65.979  -3.323 0.0000000000
22895  26.426  -65.381  -4.777 0.0000000000
22896  25.943  -65.989  -4.338 0.0000000000
22908  26.315  -65.325  -5.301 0.0000000000
22909  25.727  -65.710  -5.306 0.0000000000
22910  25.116  -65.901  -5.825 0.0000000000
22921  26.276  -65.243  -5.745 0.0000000000
22922  25.791  -65.486  -6.288 0.0000000000
22923  24.884  -65.882  -6.536 0.0000000000
22933  25.526  -65.481  -7.166 0.0000000000
22934  24.748  -65.807  -7.486 0.0000000000
22941  25.373  -65.321  -7.944 0.0000000000
22942  24.668  -65.490  -8.547 0.0000000000
22943  23.879  -65.690  -8.999 0.0000000000
22944  23.235  -66.029  -9.326 0.0000000000
22959  30.819  -65.362  -9.843 0.0000000000
22960  30.029  -65.125  -9.864 0.0000000000
22961  24.312  -65.167  -9.389 0.0000000000
22962  23.619  -65.332  -9.858 0.0000000000
22963  22.609  -65.820  -10.266 0.0000000000
22971  36.666  -65.587  -10.868 0.0000000000
22974  30.061  -65.793  -10.176 0.0000000000
22975  29.281  -65.486  -10.339 0.0000000000
22976  28.207  -65.621  -10.803 0.0000000000
22977  27.528  -65.318  -11.188 0.0000000000
22978  21.975  -65.330  -10.928 0.0000000000
22983  36.856  -65.598  -11.566 0.0000000000
22986  27.559  -66.098  -11.396 0.0000000000
22987  26.843  -65.745  -11.619 0.0000000000
22988  25.795  -65.721  -11.850 0.0000000000
23842  25.359  -64.170  -1.094 0.0000000000
23852  26.496  -64.266  -1.992 0.0000000000
23853  25.991  -64.390  -1.549 0.0000000000
23869  27.505  -63.809  -2.861 0.0000000000
23870  27.046  -64.115  -2.580 0.0000000000
23878  27.610  -63.995  -3.219 0.0000000000
23879  27.226  -64.723  -3.487 0.0000000000
23886  27.682  -64.236  -4.071 0.0000000000
23887  27.090  -64.867  -4.442 0.0000000000
23899  27.434  -64.219  -4.992 0.0000000000
23900  26.767  -64.842  -5.359 0.0000000000
23911  27.174  -64.160  -5.810 0.0000000000
23912  26.588  -64.599  -6.390 0.0000000000
23913  26.170  -65.074  -6.998 0.0000000000
23924  26.443  -64.391  -7.271 0.0000000000
23925  26.005  -64.906  -7.717 0.0000000000
23934  26.225  -64.143  -7.932 0.0000000000
23935  25.597  -64.438  -8.614 0.0000000000
23936  24.870  -64.706  -9.275 0.0000000000
23951  29.634  -64.435  -9.883 0.0000000000
23952  25.054  -63.838  -9.478 0.0000000000
23953  24.265  -64.349  -10.048 0.0000000000
23954  23.150  -64.481  -10.583 0.0000000000
23967  28.746  -64.515  -10.326 0.0000000000
23968  27.882  -64.529  -10.764 0.0000000000
24858  26.438  -63.669  -1.814 0.0000000000
24874  27.770  -63.267  -2.843 0.0000000000
24875  27.051  -63.129  -2.143 0.0000000000
24890  27.992  -63.524  -3.681 0.0000000000
24900  27.879  -63.467  -4.591 0.0000000000
24911  27.636  -63.462  -5.563 0.0000000000
24924  27.240  -63.517  -6.637 0.0000000000
24925  26.777  -64.021  -6.978 0.0000000000
24937  27.184  -63.121  -7.277 0.0000000000
24938  26.741  -63.510  -7.568 0.0000000000
24948  26.165  -63.416  -8.401 0.0000000000
24949  25.630  -63.290  -9.087 0.0000000000
131005  37.859  -71.417  -13.275 0.0000000000
131006  37.855  -72.106  -13.372 0.0000000000
131007  37.865  -70.739  -13.110 0.0000000000
131008  37.257  -70.219  -12.455 0.0000000000
131009  38.459  -70.211  -13.414 0.0000000000
131010  37.246  -71.573  -12.746 0.0000000000
131011  36.841  -70.875  -12.313 0.0000000000
131012  38.256  -71.283  -13.718 0.0000000000
131013  38.735  -70.531  -13.743 0.0000000000
131014  37.951  -68.431  -12.810 0.0000000000
131015  37.965  -69.731  -12.964 0.0000000000
131016  38.997  -69.786  -13.660 0.0000000000
131017  36.884  -71.326  -12.430 0.0000000000
131018  38.416  -70.641  -14.354 0.0000000000
131019  37.820  -70.535  -14.620 0.0000000000
131020  38.058  -70.120  -14.707 0.0000000000
131021  39.118  -70.035  -14.174 0.0000000000
131022  38.102  -67.826  -12.804 0.0000000000
131023  38.839  -69.130  -13.387 0.0000000000
131024  36.927  -67.863  -11.976 0.0000000000
131025  37.667  -70.945  -14.442 0.0000000000
131026  36.104  -70.816  -14.608 0.0000000000
131027  36.784  -70.365  -14.668 0.0000000000
131030  35.743  -70.499  -11.409 0.0000000000
131031  37.231  -71.180  -14.509 0.0000000000
131032  35.975  -70.619  -14.594 0.0000000000
131034  36.593  -67.225  -11.662 0.0000000000
131035  36.422  -71.398  -14.627 0.0000000000
131036  35.748  -70.012  -14.447 0.0000000000
131037  35.886  -69.154  -14.457 0.0000000000
131038  35.113  -68.601  -9.949 0.0000000000
131039  36.162  -69.470  -11.643 0.0000000000
131040  33.285  -68.899  -11.645 0.0000000000
131041  35.705  -68.029  -10.708 0.0000000000
131042  35.834  -67.424  -10.667 0.0000000000
131043  36.187  -67.552  -11.225 0.0000000000
131044  36.174  -72.542  -14.548 0.0000000000
131045  35.291  -69.708  -14.109 0.0000000000
131046  35.557  -71.905  -14.393 0.0000000000
131047  34.879  -69.804  -13.631 0.0000000000
