#!ascii label  , from subject FREESURFER vox2ras=TkReg 
504
37151  14.698  -51.289  3.640 0.0000000000
37165  14.678  -51.127  3.122 0.0000000000
37178  15.308  -51.135  2.754 0.0000000000
37179  14.869  -50.835  2.833 0.0000000000
38077  14.047  -50.394  4.251 0.0000000000
38086  14.141  -50.726  3.693 0.0000000000
38087  13.810  -50.093  4.017 0.0000000000
38099  16.020  -50.598  2.472 0.0000000000
38100  15.220  -50.398  2.661 0.0000000000
38101  14.551  -50.331  3.047 0.0000000000
38865  5.819  -49.611  17.008 0.0000000000
38866  4.853  -48.936  16.672 0.0000000000
38867  3.879  -48.881  16.861 0.0000000000
38868  3.470  -48.688  16.802 0.0000000000
38879  5.808  -49.537  15.841 0.0000000000
38880  5.143  -48.842  15.714 0.0000000000
38893  6.061  -49.732  14.637 0.0000000000
38894  5.519  -48.947  14.896 0.0000000000
38905  5.688  -49.098  13.817 0.0000000000
38913  4.725  -48.853  11.968 0.0000000000
38996  14.700  -49.765  5.134 0.0000000000
38997  13.997  -49.309  5.815 0.0000000000
39015  14.285  -50.181  4.529 0.0000000000
39016  13.976  -49.592  4.633 0.0000000000
39029  14.112  -49.821  3.613 0.0000000000
39030  13.708  -49.337  3.988 0.0000000000
39040  16.776  -49.671  2.462 0.0000000000
39041  15.839  -49.610  2.570 0.0000000000
39042  15.018  -49.520  2.737 0.0000000000
39043  14.477  -49.346  3.200 0.0000000000
39776  2.951  -48.656  17.265 0.0000000000
39783  4.231  -48.756  16.465 0.0000000000
39784  3.806  -48.590  16.370 0.0000000000
39785  3.169  -48.293  16.577 0.0000000000
39786  2.808  -47.874  16.791 0.0000000000
39794  4.431  -48.652  15.969 0.0000000000
39795  3.867  -48.166  15.565 0.0000000000
39796  3.343  -47.635  15.625 0.0000000000
39809  4.778  -48.413  15.169 0.0000000000
39810  4.334  -47.850  14.608 0.0000000000
39823  5.092  -48.366  14.237 0.0000000000
39824  4.599  -47.796  13.689 0.0000000000
39838  5.187  -48.500  13.324 0.0000000000
39839  4.693  -48.156  12.647 0.0000000000
39842  4.562  -48.206  11.586 0.0000000000
39845  5.040  -48.115  10.174 0.0000000000
39846  4.628  -48.774  10.587 0.0000000000
39851  6.149  -48.017  8.747 0.0000000000
39852  5.575  -48.594  9.278 0.0000000000
39864  6.449  -48.348  7.675 0.0000000000
39893  13.483  -48.545  6.430 0.0000000000
39894  13.181  -48.406  7.017 0.0000000000
39899  13.648  -48.662  5.328 0.0000000000
39911  13.586  -48.666  4.420 0.0000000000
39925  18.333  -48.596  2.769 0.0000000000
39926  14.526  -48.180  3.334 0.0000000000
39927  14.007  -48.717  3.599 0.0000000000
39928  13.590  -48.650  3.941 0.0000000000
39937  17.441  -48.667  2.609 0.0000000000
39938  16.501  -48.666  2.651 0.0000000000
39939  15.598  -48.635  2.806 0.0000000000
39940  14.861  -48.684  3.039 0.0000000000
39941  14.456  -48.754  3.281 0.0000000000
40633  2.911  -47.146  16.740 0.0000000000
40640  2.977  -47.332  16.074 0.0000000000
40641  2.850  -47.534  16.693 0.0000000000
40648  3.647  -47.474  14.865 0.0000000000
40649  3.124  -47.096  15.032 0.0000000000
40659  3.944  -47.324  14.116 0.0000000000
40660  3.451  -47.023  14.329 0.0000000000
40667  4.146  -47.133  13.378 0.0000000000
40668  3.709  -47.033  13.905 0.0000000000
40680  4.463  -47.406  12.351 0.0000000000
40690  4.785  -46.859  11.195 0.0000000000
40691  4.568  -47.083  11.558 0.0000000000
40695  4.909  -47.098  10.699 0.0000000000
40696  4.659  -47.814  10.914 0.0000000000
40699  6.115  -47.278  8.902 0.0000000000
40700  5.665  -47.304  9.642 0.0000000000
40707  6.285  -47.338  8.103 0.0000000000
40721  6.992  -47.513  6.763 0.0000000000
40733  13.255  -48.057  6.346 0.0000000000
40734  12.847  -47.711  6.651 0.0000000000
40735  8.965  -47.286  6.695 0.0000000000
40736  8.486  -47.217  6.302 0.0000000000
40737  7.754  -47.113  6.063 0.0000000000
40738  7.274  -46.770  6.341 0.0000000000
40743  13.329  -47.961  5.883 0.0000000000
40744  12.925  -47.173  5.534 0.0000000000
40750  13.354  -47.849  4.928 0.0000000000
40751  12.971  -47.049  4.612 0.0000000000
40764  19.562  -47.779  3.505 0.0000000000
40765  18.741  -47.773  3.222 0.0000000000
40766  14.593  -47.578  3.389 0.0000000000
40767  14.067  -47.649  3.498 0.0000000000
40768  13.289  -47.709  3.920 0.0000000000
40769  12.919  -46.848  4.102 0.0000000000
40778  17.995  -47.714  2.756 0.0000000000
40779  17.098  -47.702  2.703 0.0000000000
40780  16.195  -47.672  2.876 0.0000000000
40781  15.214  -47.612  3.213 0.0000000000
41517  3.066  -46.564  16.036 0.0000000000
41522  7.595  -45.974  14.605 0.0000000000
41523  7.032  -46.143  14.721 0.0000000000
41524  3.032  -46.572  15.243 0.0000000000
41530  7.344  -46.163  14.007 0.0000000000
41531  6.176  -46.166  14.090 0.0000000000
41532  5.115  -45.960  13.879 0.0000000000
41533  3.384  -46.163  14.171 0.0000000000
41534  3.307  -46.464  14.441 0.0000000000
41543  6.836  -46.264  12.943 0.0000000000
41544  5.520  -46.275  13.126 0.0000000000
41545  4.478  -46.085  13.398 0.0000000000
41546  3.776  -46.350  13.746 0.0000000000
41547  3.621  -46.772  13.950 0.0000000000
41551  6.902  -46.032  11.776 0.0000000000
41552  5.910  -46.358  12.080 0.0000000000
41553  4.928  -46.312  12.387 0.0000000000
41554  4.443  -46.687  12.684 0.0000000000
41568  6.930  -45.810  11.209 0.0000000000
41569  6.254  -46.042  10.957 0.0000000000
41570  5.113  -46.555  11.378 0.0000000000
41571  4.709  -46.623  11.979 0.0000000000
41575  6.086  -45.955  9.909 0.0000000000
41576  5.558  -46.515  10.371 0.0000000000
41578  6.208  -46.426  8.965 0.0000000000
41579  5.826  -46.511  9.722 0.0000000000
41582  6.440  -46.411  7.640 0.0000000000
41589  11.837  -46.917  7.125 0.0000000000
41590  10.761  -46.697  7.302 0.0000000000
41591  9.760  -46.819  7.192 0.0000000000
41592  9.275  -47.071  6.904 0.0000000000
41593  6.853  -46.374  6.702 0.0000000000
41605  12.233  -46.290  6.078 0.0000000000
41606  11.201  -46.046  6.633 0.0000000000
41607  10.114  -46.018  6.746 0.0000000000
41608  9.082  -46.517  6.463 0.0000000000
41609  8.233  -46.597  5.890 0.0000000000
41610  7.504  -46.450  6.037 0.0000000000
41611  7.179  -46.345  6.291 0.0000000000
41618  12.560  -46.417  5.058 0.0000000000
41622  12.648  -46.449  4.338 0.0000000000
41632  19.948  -46.893  3.471 0.0000000000
41633  19.127  -47.013  3.406 0.0000000000
41634  18.423  -46.946  3.181 0.0000000000
41635  14.552  -46.849  3.416 0.0000000000
41636  13.689  -46.748  3.583 0.0000000000
41637  13.025  -46.605  3.831 0.0000000000
41638  12.724  -46.483  3.997 0.0000000000
41650  17.637  -46.810  2.871 0.0000000000
41651  16.736  -46.745  2.742 0.0000000000
41652  15.887  -46.665  3.024 0.0000000000
41653  15.216  -46.566  3.254 0.0000000000
42454  3.542  -46.014  16.068 0.0000000000
42460  7.704  -45.743  15.371 0.0000000000
42461  6.164  -45.886  15.292 0.0000000000
42462  4.857  -45.841  15.328 0.0000000000
42463  3.854  -45.728  15.259 0.0000000000
42464  3.185  -46.052  15.290 0.0000000000
42469  9.100  -45.067  14.166 0.0000000000
42470  8.891  -45.178  14.607 0.0000000000
42471  8.134  -45.810  14.269 0.0000000000
42472  5.290  -45.955  14.589 0.0000000000
42473  4.337  -45.801  14.366 0.0000000000
42474  3.433  -45.935  14.476 0.0000000000
42475  3.083  -46.178  14.809 0.0000000000
42485  9.150  -44.995  13.762 0.0000000000
42486  8.743  -45.437  13.578 0.0000000000
42487  8.013  -45.959  13.289 0.0000000000
42488  3.804  -45.929  13.939 0.0000000000
42489  3.518  -46.025  14.036 0.0000000000
42493  9.130  -45.073  12.869 0.0000000000
42494  8.647  -45.509  12.607 0.0000000000
42495  7.824  -45.887  12.253 0.0000000000
42510  9.137  -45.105  11.935 0.0000000000
42511  8.534  -45.434  11.666 0.0000000000
42512  7.636  -45.659  11.268 0.0000000000
42513  7.012  -45.656  10.818 0.0000000000
42516  9.014  -45.096  11.199 0.0000000000
42517  8.450  -45.210  10.730 0.0000000000
42518  7.567  -45.392  10.464 0.0000000000
42519  6.779  -45.562  10.193 0.0000000000
42522  8.085  -45.099  10.040 0.0000000000
42523  7.361  -45.112  9.785 0.0000000000
42524  6.553  -45.283  9.290 0.0000000000
42527  6.321  -45.362  8.202 0.0000000000
42533  6.556  -45.460  7.152 0.0000000000
42545  11.863  -45.679  5.688 0.0000000000
42546  11.438  -45.597  5.947 0.0000000000
42547  10.596  -45.354  6.032 0.0000000000
42548  9.471  -45.398  5.983 0.0000000000
42549  8.494  -45.852  5.799 0.0000000000
42550  7.666  -45.987  5.683 0.0000000000
42551  7.036  -45.654  6.201 0.0000000000
42559  12.125  -45.774  5.263 0.0000000000
42560  11.478  -45.275  5.332 0.0000000000
42561  11.064  -45.251  5.682 0.0000000000
42562  9.132  -44.902  5.598 0.0000000000
42563  8.585  -45.123  5.540 0.0000000000
42564  7.805  -45.334  5.442 0.0000000000
42565  7.379  -45.362  5.707 0.0000000000
42569  12.339  -45.922  4.583 0.0000000000
42570  11.917  -45.439  4.703 0.0000000000
42578  20.171  -46.018  3.226 0.0000000000
42579  19.310  -46.286  3.268 0.0000000000
42580  18.813  -46.530  3.244 0.0000000000
42581  14.852  -46.071  3.301 0.0000000000
42582  14.172  -45.755  3.398 0.0000000000
42583  13.210  -45.880  3.567 0.0000000000
42584  12.508  -45.947  3.939 0.0000000000
42585  12.177  -45.637  4.294 0.0000000000
42595  20.398  -45.274  2.714 0.0000000000
42596  19.437  -45.486  2.890 0.0000000000
42597  18.396  -45.961  2.917 0.0000000000
42598  17.250  -45.899  2.621 0.0000000000
42599  16.316  -45.796  2.667 0.0000000000
42600  15.402  -45.729  3.010 0.0000000000
42601  14.806  -45.576  3.223 0.0000000000
43434  9.070  -44.828  14.105 0.0000000000
43435  8.797  -44.448  14.308 0.0000000000
43445  9.015  -44.643  13.755 0.0000000000
43446  8.753  -44.244  13.449 0.0000000000
43450  9.034  -44.617  13.119 0.0000000000
43466  9.007  -44.505  12.146 0.0000000000
43475  9.088  -44.521  11.138 0.0000000000
43476  8.981  -44.771  10.639 0.0000000000
43479  9.157  -44.253  10.202 0.0000000000
43480  8.702  -44.637  9.937 0.0000000000
43481  8.019  -44.730  9.464 0.0000000000
43482  7.257  -44.739  9.204 0.0000000000
43486  9.240  -44.124  9.366 0.0000000000
43487  8.684  -44.359  9.063 0.0000000000
43488  7.833  -44.433  8.761 0.0000000000
43489  6.837  -44.557  8.559 0.0000000000
43494  9.215  -44.024  8.664 0.0000000000
43495  8.628  -44.137  8.297 0.0000000000
43496  7.587  -44.139  8.026 0.0000000000
43497  6.618  -44.422  7.584 0.0000000000
43508  10.503  -45.044  5.746 0.0000000000
43509  10.212  -44.973  5.827 0.0000000000
43510  6.707  -44.586  6.570 0.0000000000
43520  11.221  -44.937  5.172 0.0000000000
43521  10.743  -44.786  5.401 0.0000000000
43522  9.734  -44.615  5.587 0.0000000000
43523  8.821  -44.469  5.276 0.0000000000
43524  7.953  -44.759  5.066 0.0000000000
43525  7.080  -44.443  5.430 0.0000000000
43528  11.370  -44.879  4.721 0.0000000000
43529  10.976  -44.512  4.864 0.0000000000
43530  8.233  -44.235  4.779 0.0000000000
43531  7.571  -44.163  4.677 0.0000000000
43532  7.103  -43.903  4.660 0.0000000000
43539  14.032  -45.068  3.289 0.0000000000
43540  13.472  -45.164  3.355 0.0000000000
43541  12.613  -45.007  3.511 0.0000000000
43542  11.954  -45.271  4.071 0.0000000000
43550  20.612  -44.639  2.101 0.0000000000
43551  19.695  -44.702  2.369 0.0000000000
43552  18.701  -44.886  2.492 0.0000000000
43553  17.690  -45.072  2.398 0.0000000000
43554  16.758  -45.093  2.292 0.0000000000
43555  15.847  -44.769  2.387 0.0000000000
43556  14.709  -44.888  3.019 0.0000000000
43557  13.723  -44.636  3.117 0.0000000000
43558  13.147  -44.715  3.246 0.0000000000
43565  20.876  -44.114  1.371 0.0000000000
43566  19.989  -44.111  1.717 0.0000000000
43567  19.042  -44.082  2.002 0.0000000000
43568  18.049  -44.268  2.009 0.0000000000
43569  17.084  -44.416  2.011 0.0000000000
43570  16.463  -44.523  2.119 0.0000000000
43577  21.392  -44.073  1.067 0.0000000000
44424  8.441  -43.665  7.649 0.0000000000
44425  7.381  -43.732  7.333 0.0000000000
44426  6.690  -43.875  6.900 0.0000000000
44437  8.287  -43.274  6.954 0.0000000000
44438  7.231  -43.343  6.639 0.0000000000
44439  6.730  -43.661  6.098 0.0000000000
44450  10.208  -44.265  5.305 0.0000000000
44451  9.622  -43.976  5.156 0.0000000000
44452  8.833  -43.875  4.849 0.0000000000
44453  6.702  -43.383  5.385 0.0000000000
44458  11.108  -44.480  4.496 0.0000000000
44459  10.592  -44.069  4.694 0.0000000000
44460  9.519  -43.401  4.442 0.0000000000
44461  8.223  -43.603  4.286 0.0000000000
44462  7.296  -43.637  4.175 0.0000000000
44463  6.727  -43.234  4.525 0.0000000000
44469  12.336  -44.524  3.379 0.0000000000
44470  11.606  -44.420  3.737 0.0000000000
44471  10.631  -43.401  3.680 0.0000000000
44472  9.756  -42.944  3.751 0.0000000000
44473  7.739  -43.251  3.800 0.0000000000
44474  7.148  -42.968  3.675 0.0000000000
44475  6.646  -42.457  3.741 0.0000000000
44481  15.765  -44.214  2.166 0.0000000000
44482  15.248  -44.046  2.324 0.0000000000
44483  14.161  -44.020  2.695 0.0000000000
44484  12.828  -44.130  2.965 0.0000000000
44485  11.681  -43.441  2.936 0.0000000000
44486  10.891  -42.947  2.863 0.0000000000
44491  20.754  -43.758  1.023 0.0000000000
44492  20.347  -43.693  1.117 0.0000000000
44493  19.418  -43.516  1.281 0.0000000000
44494  18.444  -43.572  1.529 0.0000000000
44495  17.450  -43.668  1.588 0.0000000000
44496  16.217  -43.848  1.841 0.0000000000
44497  15.368  -43.293  1.906 0.0000000000
44503  21.047  -43.535  0.520 0.0000000000
44504  20.039  -43.252  0.684 0.0000000000
44505  19.349  -43.029  0.715 0.0000000000
44511  21.283  -43.091  -0.197 0.0000000000
45436  7.990  -42.801  6.315 0.0000000000
45437  7.005  -42.944  5.970 0.0000000000
45438  6.725  -43.134  5.634 0.0000000000
45452  7.633  -42.372  5.627 0.0000000000
45453  6.629  -42.548  5.190 0.0000000000
45460  8.869  -42.932  3.898 0.0000000000
45461  8.226  -43.140  3.783 0.0000000000
45462  6.353  -42.161  4.210 0.0000000000
45468  10.233  -42.801  3.207 0.0000000000
45469  9.444  -42.490  3.278 0.0000000000
45470  8.195  -42.509  3.389 0.0000000000
45471  7.179  -42.015  3.071 0.0000000000
45472  6.577  -41.698  3.443 0.0000000000
45478  14.687  -43.375  2.283 0.0000000000
45479  13.796  -43.142  2.409 0.0000000000
45480  12.667  -42.906  2.388 0.0000000000
45481  11.592  -42.579  2.333 0.0000000000
45482  10.402  -42.244  2.449 0.0000000000
45483  9.195  -41.884  2.676 0.0000000000
45484  8.159  -41.630  2.567 0.0000000000
45485  7.485  -41.292  2.390 0.0000000000
45490  18.794  -43.093  1.031 0.0000000000
45491  18.038  -42.910  1.170 0.0000000000
45492  17.008  -42.928  1.162 0.0000000000
45493  15.938  -42.640  1.333 0.0000000000
45494  14.771  -42.574  1.783 0.0000000000
45495  13.610  -42.238  1.794 0.0000000000
45496  12.487  -42.003  1.779 0.0000000000
45497  11.434  -41.786  1.828 0.0000000000
45498  10.610  -41.524  1.823 0.0000000000
45502  20.379  -42.997  0.257 0.0000000000
45503  19.793  -42.746  0.220 0.0000000000
45504  18.805  -42.514  0.387 0.0000000000
45505  17.763  -42.282  0.615 0.0000000000
45506  16.823  -42.077  0.665 0.0000000000
45507  16.061  -41.790  0.801 0.0000000000
45512  20.634  -42.599  -0.515 0.0000000000
45513  19.568  -42.310  -0.372 0.0000000000
45514  18.881  -42.029  -0.413 0.0000000000
45526  20.949  -42.162  -1.246 0.0000000000
46535  7.273  -41.678  5.066 0.0000000000
46536  6.552  -41.690  4.581 0.0000000000
46549  7.076  -41.081  4.313 0.0000000000
46550  6.494  -41.262  3.800 0.0000000000
46555  6.912  -41.189  2.722 0.0000000000
46556  6.649  -41.012  3.167 0.0000000000
46561  9.871  -41.560  2.076 0.0000000000
46562  9.047  -41.250  2.015 0.0000000000
46563  8.114  -41.016  1.847 0.0000000000
46564  7.396  -40.592  1.935 0.0000000000
46569  15.376  -41.947  1.179 0.0000000000
46570  14.550  -41.639  1.254 0.0000000000
46571  13.440  -41.182  1.262 0.0000000000
46572  12.245  -41.219  1.375 0.0000000000
46573  11.241  -41.031  1.472 0.0000000000
46574  10.074  -40.909  1.557 0.0000000000
46575  8.984  -40.548  1.604 0.0000000000
46576  8.105  -40.360  1.573 0.0000000000
46577  7.695  -40.220  1.626 0.0000000000
46581  18.316  -41.921  -0.025 0.0000000000
46582  17.636  -41.553  0.081 0.0000000000
46583  16.688  -41.092  0.195 0.0000000000
46584  15.521  -41.206  0.570 0.0000000000
46585  14.580  -40.831  0.778 0.0000000000
46586  13.977  -40.565  0.970 0.0000000000
46592  19.983  -42.100  -0.880 0.0000000000
46593  19.417  -41.814  -0.975 0.0000000000
46594  18.484  -41.315  -0.870 0.0000000000
46595  17.590  -40.902  -0.469 0.0000000000
46596  17.108  -40.583  -0.374 0.0000000000
46606  21.370  -41.897  -1.607 0.0000000000
46607  20.392  -41.551  -1.563 0.0000000000
46608  19.371  -41.274  -1.498 0.0000000000
46609  18.875  -40.979  -1.562 0.0000000000
46624  20.730  -40.995  -2.237 0.0000000000
47642  6.974  -40.633  3.517 0.0000000000
47643  6.692  -40.801  3.245 0.0000000000
47648  7.628  -40.071  3.063 0.0000000000
47649  6.974  -40.433  2.671 0.0000000000
47650  6.701  -40.743  3.017 0.0000000000
47654  7.294  -40.118  1.956 0.0000000000
47658  12.791  -40.751  1.187 0.0000000000
47659  12.142  -40.307  1.276 0.0000000000
47660  10.985  -40.273  1.399 0.0000000000
47661  9.944  -40.034  1.326 0.0000000000
47662  8.879  -39.918  1.505 0.0000000000
47663  7.987  -39.968  1.508 0.0000000000
47664  7.528  -40.078  1.699 0.0000000000
47668  16.073  -40.666  0.139 0.0000000000
47669  15.528  -40.168  0.107 0.0000000000
47670  14.441  -40.074  0.605 0.0000000000
47671  13.363  -40.160  0.983 0.0000000000
47672  12.735  -39.747  1.101 0.0000000000
47679  17.993  -40.729  -1.033 0.0000000000
47680  17.470  -40.288  -1.058 0.0000000000
47681  16.556  -40.258  -0.430 0.0000000000
47682  16.089  -39.825  -0.516 0.0000000000
47690  19.842  -41.008  -1.857 0.0000000000
47691  19.347  -40.730  -1.915 0.0000000000
47692  18.442  -40.355  -1.722 0.0000000000
47693  17.795  -39.997  -1.616 0.0000000000
47705  20.882  -40.759  -2.553 0.0000000000
47706  20.235  -40.518  -2.484 0.0000000000
47707  19.317  -40.217  -2.348 0.0000000000
47708  18.848  -39.926  -2.339 0.0000000000
47723  21.120  -40.399  -3.131 0.0000000000
47724  20.550  -40.126  -3.018 0.0000000000
48719  7.546  -39.815  2.423 0.0000000000
48725  7.966  -39.536  2.020 0.0000000000
48726  7.360  -39.859  2.026 0.0000000000
48729  11.554  -39.853  1.311 0.0000000000
48730  10.999  -39.605  1.362 0.0000000000
48732  8.553  -39.640  1.735 0.0000000000
48733  7.720  -39.839  1.752 0.0000000000
48734  7.397  -39.907  1.816 0.0000000000
48738  14.987  -39.298  0.155 0.0000000000
48739  14.118  -39.325  0.539 0.0000000000
48740  13.254  -39.218  0.843 0.0000000000
48741  12.158  -39.330  1.172 0.0000000000
48742  11.290  -39.031  1.297 0.0000000000
48749  16.994  -39.874  -1.008 0.0000000000
48750  16.535  -39.595  -0.952 0.0000000000
48751  15.801  -39.174  -0.671 0.0000000000
48757  17.980  -39.810  -1.896 0.0000000000
48758  17.360  -39.399  -1.692 0.0000000000
48759  16.469  -38.959  -1.325 0.0000000000
48760  16.065  -38.675  -1.165 0.0000000000
48768  19.776  -39.977  -2.748 0.0000000000
48769  19.281  -39.675  -2.730 0.0000000000
48770  18.359  -39.397  -2.506 0.0000000000
48771  17.741  -39.014  -2.371 0.0000000000
48785  20.203  -39.533  -3.417 0.0000000000
48786  19.061  -39.097  -3.114 0.0000000000
48787  18.615  -39.056  -2.975 0.0000000000
49809  14.595  -38.795  0.248 0.0000000000
49810  14.066  -38.379  0.378 0.0000000000
49811  13.090  -38.501  0.793 0.0000000000
49821  15.060  -38.319  -0.342 0.0000000000
49822  14.555  -37.858  -0.067 0.0000000000
49829  16.852  -38.618  -1.802 0.0000000000
49830  16.289  -38.166  -1.566 0.0000000000
49831  15.758  -38.359  -1.040 0.0000000000
49840  17.936  -38.798  -2.746 0.0000000000
49841  17.386  -38.367  -2.427 0.0000000000
49842  16.796  -38.146  -1.976 0.0000000000
49855  19.318  -38.465  -3.919 0.0000000000
49856  18.471  -38.620  -3.229 0.0000000000
49857  17.909  -38.412  -2.962 0.0000000000
50833  13.612  -37.990  0.465 0.0000000000
50834  13.247  -37.802  0.734 0.0000000000
50843  14.898  -37.491  -0.466 0.0000000000
50844  14.176  -37.459  0.097 0.0000000000
50845  13.903  -37.233  0.526 0.0000000000
50852  16.165  -37.684  -1.713 0.0000000000
50853  15.668  -37.446  -1.363 0.0000000000
50863  17.314  -37.646  -2.776 0.0000000000
50864  16.624  -37.458  -2.194 0.0000000000
50865  16.041  -36.699  -2.131 0.0000000000
50875  19.093  -37.987  -4.158 0.0000000000
50876  18.792  -37.819  -4.002 0.0000000000
50877  17.974  -37.747  -3.306 0.0000000000
51798  15.133  -36.616  -0.663 0.0000000000
51799  14.309  -36.754  0.069 0.0000000000
51810  15.646  -36.308  -1.757 0.0000000000
51820  17.319  -37.013  -3.176 0.0000000000
51821  16.552  -36.209  -2.962 0.0000000000
51822  16.010  -36.158  -2.290 0.0000000000
51827  18.468  -37.364  -3.943 0.0000000000
51828  18.132  -36.795  -4.009 0.0000000000
51829  17.368  -36.305  -3.855 0.0000000000
52699  16.793  -35.619  0.251 0.0000000000
52700  15.868  -35.790  -0.038 0.0000000000
52701  15.150  -36.017  0.046 0.0000000000
52722  18.756  -35.135  -0.248 0.0000000000
52723  17.529  -35.083  -0.340 0.0000000000
52724  16.414  -35.181  -0.684 0.0000000000
52725  15.532  -35.787  -0.638 0.0000000000
52726  14.862  -36.296  -0.142 0.0000000000
52743  15.950  -35.136  -1.279 0.0000000000
52744  15.693  -35.577  -1.508 0.0000000000
52752  16.357  -35.213  -3.277 0.0000000000
52753  15.947  -35.540  -2.350 0.0000000000
53787  18.337  -34.571  -0.820 0.0000000000
53788  17.229  -34.597  -0.924 0.0000000000
53806  17.788  -34.116  -1.318 0.0000000000
53807  16.461  -34.341  -1.553 0.0000000000
53808  15.822  -34.848  -1.808 0.0000000000
53817  16.026  -34.528  -2.643 0.0000000000
53818  15.737  -35.065  -2.084 0.0000000000
54910  17.322  -33.765  -1.724 0.0000000000
54930  16.455  -33.624  -2.420 0.0000000000
54936  16.332  -33.777  -3.603 0.0000000000
