#!ascii label  , from subject FREESURFER vox2ras=TkReg 
386
94144  30.308  6.587  10.931 0.0000000000
94145  29.964  6.278  11.587 0.0000000000
94154  30.738  6.582  10.186 0.0000000000
94159  31.057  6.443  9.718 0.0000000000
94980  30.134  7.458  10.982 0.0000000000
94981  29.840  7.185  11.559 0.0000000000
94990  30.476  7.409  10.371 0.0000000000
94997  30.931  7.243  9.635 0.0000000000
95813  29.924  7.795  11.247 0.0000000000
95814  29.584  8.218  11.649 0.0000000000
95824  30.103  8.190  10.761 0.0000000000
95825  29.771  8.913  11.035 0.0000000000
95833  31.002  7.807  9.289 0.0000000000
95834  30.644  8.283  9.705 0.0000000000
95839  30.849  8.881  8.985 0.0000000000
96639  27.717  9.759  13.824 0.0000000000
96649  29.131  8.676  12.228 0.0000000000
96650  27.875  10.239  13.372 0.0000000000
96657  29.297  9.313  11.667 0.0000000000
96658  28.120  11.053  12.751 0.0000000000
96665  30.124  9.050  10.315 0.0000000000
96666  29.695  9.645  10.804 0.0000000000
96672  30.443  9.332  9.520 0.0000000000
96676  30.782  9.630  8.619 0.0000000000
97409  27.304  10.575  14.784 0.0000000000
97414  27.718  10.477  13.601 0.0000000000
97415  27.542  10.937  14.002 0.0000000000
97424  27.936  11.058  13.018 0.0000000000
97430  28.353  11.508  12.348 0.0000000000
97431  28.265  11.656  12.475 0.0000000000
97436  30.029  9.771  10.099 0.0000000000
97437  29.650  10.480  10.451 0.0000000000
97441  30.198  10.252  9.452 0.0000000000
97442  29.828  10.988  9.835 0.0000000000
97445  30.544  10.533  8.548 0.0000000000
98125  26.561  11.743  16.861 0.0000000000
98132  27.064  11.264  15.356 0.0000000000
98133  26.742  12.013  15.961 0.0000000000
98140  27.440  11.617  14.572 0.0000000000
98147  27.770  11.254  13.393 0.0000000000
98148  27.733  12.001  13.682 0.0000000000
98156  28.000  11.987  12.892 0.0000000000
98157  27.957  12.577  13.197 0.0000000000
98164  28.541  12.082  11.990 0.0000000000
98165  28.499  12.559  12.062 0.0000000000
98170  28.860  12.867  11.120 0.0000000000
98171  28.795  13.185  11.324 0.0000000000
98173  30.139  10.990  9.179 0.0000000000
98174  29.596  13.376  9.867 0.0000000000
98176  30.376  13.432  8.923 0.0000000000
98177  30.174  13.575  9.233 0.0000000000
98889  26.510  12.575  17.536 0.0000000000
98899  26.755  12.760  16.642 0.0000000000
98907  27.287  12.332  15.293 0.0000000000
98908  27.141  12.947  15.946 0.0000000000
98915  27.629  12.728  14.433 0.0000000000
98921  28.176  13.285  13.271 0.0000000000
98922  27.998  13.071  13.539 0.0000000000
98929  28.224  13.056  12.851 0.0000000000
98930  28.030  12.887  13.176 0.0000000000
98939  28.697  13.465  11.867 0.0000000000
98946  29.211  13.508  10.607 0.0000000000
98947  29.106  13.759  11.164 0.0000000000
98949  29.794  13.826  9.758 0.0000000000
98951  30.696  13.655  8.549 0.0000000000
98952  30.444  13.932  9.103 0.0000000000
99641  26.459  13.379  19.124 0.0000000000
99648  26.495  13.431  18.169 0.0000000000
99653  26.698  13.542  17.291 0.0000000000
99660  27.419  13.857  15.922 0.0000000000
99661  27.197  13.733  16.340 0.0000000000
99668  27.489  13.527  15.462 0.0000000000
99669  27.285  13.394  15.923 0.0000000000
99677  28.388  13.981  13.867 0.0000000000
99678  28.134  13.820  14.237 0.0000000000
99684  28.394  13.740  13.459 0.0000000000
99685  28.181  13.532  13.745 0.0000000000
99691  28.771  14.029  12.494 0.0000000000
99697  29.605  14.449  11.176 0.0000000000
99698  29.290  14.279  11.508 0.0000000000
99705  29.617  14.209  10.686 0.0000000000
99706  29.299  14.060  11.107 0.0000000000
99708  30.873  14.527  9.204 0.0000000000
99709  30.465  14.361  9.525 0.0000000000
99711  31.646  14.327  8.261 0.0000000000
99712  31.123  14.246  8.623 0.0000000000
99713  30.633  14.165  9.057 0.0000000000
99716  31.467  13.878  8.003 0.0000000000
100363  26.632  14.884  21.789 0.0000000000
100372  26.529  14.283  21.092 0.0000000000
100380  26.361  14.438  19.792 0.0000000000
100390  26.442  14.418  18.701 0.0000000000
100400  26.573  14.246  17.867 0.0000000000
100407  26.914  14.515  17.210 0.0000000000
100413  27.542  14.334  15.931 0.0000000000
100414  27.350  14.830  16.565 0.0000000000
100418  27.953  14.600  15.211 0.0000000000
100424  28.604  14.388  13.878 0.0000000000
100425  28.474  14.891  14.491 0.0000000000
100431  29.044  14.601  13.197 0.0000000000
100438  29.839  15.081  11.899 0.0000000000
100439  29.511  14.871  12.203 0.0000000000
100446  30.318  15.150  11.010 0.0000000000
100447  29.981  14.896  11.336 0.0000000000
100448  29.578  14.675  11.690 0.0000000000
100455  30.492  15.145  10.599 0.0000000000
100456  30.348  14.724  10.226 0.0000000000
100458  31.628  15.065  9.054 0.0000000000
100459  31.101  14.938  9.498 0.0000000000
100460  30.628  14.681  9.755 0.0000000000
100463  31.961  14.827  8.413 0.0000000000
100464  31.404  14.681  8.865 0.0000000000
101086  26.698  15.542  22.188 0.0000000000
101094  26.403  15.504  21.363 0.0000000000
101101  26.219  15.624  20.390 0.0000000000
101102  26.076  16.243  20.112 0.0000000000
101111  26.322  15.690  19.249 0.0000000000
101112  26.147  16.039  19.849 0.0000000000
101122  26.558  15.326  17.981 0.0000000000
101130  27.048  15.442  17.085 0.0000000000
101137  27.637  15.521  15.940 0.0000000000
101138  27.352  15.483  16.586 0.0000000000
101145  28.129  15.602  14.996 0.0000000000
101152  29.007  15.369  13.880 0.0000000000
101153  28.547  15.683  14.407 0.0000000000
101159  29.645  15.767  12.557 0.0000000000
101160  29.402  15.507  12.983 0.0000000000
101165  29.957  15.535  12.074 0.0000000000
101166  29.652  15.404  12.483 0.0000000000
101170  30.426  15.436  11.010 0.0000000000
101171  30.327  15.675  11.506 0.0000000000
101175  30.816  15.657  10.413 0.0000000000
101178  31.693  15.438  9.108 0.0000000000
101179  31.382  15.883  9.787 0.0000000000
101182  32.200  15.763  8.581 0.0000000000
101829  26.360  16.613  21.584 0.0000000000
101830  26.112  17.207  21.122 0.0000000000
101838  26.193  16.108  21.000 0.0000000000
101839  26.064  16.734  20.565 0.0000000000
101847  26.274  16.425  19.113 0.0000000000
101848  26.119  16.619  19.611 0.0000000000
101858  26.370  16.628  18.472 0.0000000000
101859  26.213  16.754  19.062 0.0000000000
101866  26.760  16.358  17.389 0.0000000000
101871  27.373  16.684  16.023 0.0000000000
101872  27.239  16.130  16.637 0.0000000000
101874  27.712  16.488  15.272 0.0000000000
101876  28.713  16.129  14.053 0.0000000000
101877  28.224  16.429  14.446 0.0000000000
101879  29.388  16.144  12.771 0.0000000000
101880  28.857  16.468  13.325 0.0000000000
101881  28.503  16.560  13.895 0.0000000000
101883  29.699  16.255  12.324 0.0000000000
101884  29.202  16.700  12.511 0.0000000000
101887  30.569  16.074  11.039 0.0000000000
101888  29.992  16.519  11.575 0.0000000000
101889  29.556  16.717  12.092 0.0000000000
101892  30.670  16.491  10.258 0.0000000000
101893  30.297  16.514  10.891 0.0000000000
101896  31.677  16.158  9.082 0.0000000000
101897  31.035  16.496  9.322 0.0000000000
101900  31.664  16.666  8.238 0.0000000000
101901  31.293  16.580  8.799 0.0000000000
102506  26.620  17.586  22.198 0.0000000000
102507  26.223  17.730  21.489 0.0000000000
102514  25.890  17.770  20.802 0.0000000000
102522  25.706  17.728  19.830 0.0000000000
102533  26.108  17.709  18.313 0.0000000000
102534  26.022  17.311  19.000 0.0000000000
102540  26.431  17.396  17.558 0.0000000000
102542  27.133  17.211  16.012 0.0000000000
102543  26.855  17.193  16.508 0.0000000000
102545  27.245  17.399  15.518 0.0000000000
102546  26.952  17.468  15.921 0.0000000000
102548  27.672  17.296  14.668 0.0000000000
102550  28.458  17.117  13.204 0.0000000000
102551  28.176  17.210  13.693 0.0000000000
102553  28.529  17.331  12.669 0.0000000000
102554  28.235  17.415  13.085 0.0000000000
102557  29.569  17.105  11.212 0.0000000000
102558  29.137  17.283  11.788 0.0000000000
102560  30.228  17.053  10.015 0.0000000000
102561  29.896  17.040  10.595 0.0000000000
102562  29.186  17.567  10.810 0.0000000000
102565  30.426  17.029  9.453 0.0000000000
102566  29.742  17.612  9.617 0.0000000000
102567  29.384  17.597  10.226 0.0000000000
102569  31.229  17.285  8.019 0.0000000000
102570  30.741  17.334  8.456 0.0000000000
102571  30.170  17.527  9.016 0.0000000000
102574  31.009  17.605  7.849 0.0000000000
103180  26.381  18.589  21.933 0.0000000000
103181  26.002  18.634  21.220 0.0000000000
103188  25.727  18.665  20.432 0.0000000000
103197  25.631  18.789  19.662 0.0000000000
103207  25.940  18.138  18.273 0.0000000000
103208  25.749  18.451  18.701 0.0000000000
103211  26.081  18.278  17.822 0.0000000000
103212  25.878  19.045  17.912 0.0000000000
103214  26.345  18.161  16.817 0.0000000000
103216  27.036  17.825  15.408 0.0000000000
103217  26.716  18.124  15.703 0.0000000000
103219  27.220  17.975  15.039 0.0000000000
103220  26.932  18.802  14.776 0.0000000000
103222  27.494  18.254  14.039 0.0000000000
103223  27.092  19.189  14.020 0.0000000000
103225  28.226  17.751  12.518 0.0000000000
103226  27.870  18.056  12.798 0.0000000000
103229  28.347  17.901  12.113 0.0000000000
103230  27.889  18.719  11.785 0.0000000000
103232  28.517  18.297  11.134 0.0000000000
103233  28.007  19.154  11.072 0.0000000000
103236  29.440  18.428  9.294 0.0000000000
103237  28.890  18.371  9.950 0.0000000000
103239  30.476  18.368  8.153 0.0000000000
103240  30.013  18.413  8.730 0.0000000000
103804  26.651  19.529  22.235 0.0000000000
103815  26.175  19.539  21.618 0.0000000000
103816  25.807  19.545  20.894 0.0000000000
103826  25.645  19.570  20.092 0.0000000000
103834  25.565  19.569  19.241 0.0000000000
103841  25.637  19.663  18.361 0.0000000000
103844  26.070  19.021  17.158 0.0000000000
103845  25.809  19.794  17.498 0.0000000000
103847  26.318  19.065  16.296 0.0000000000
103848  26.088  19.804  16.648 0.0000000000
103850  26.496  19.555  15.447 0.0000000000
103851  26.308  19.748  16.067 0.0000000000
103853  26.693  19.738  14.470 0.0000000000
103855  27.329  19.125  13.231 0.0000000000
103856  26.775  19.888  13.534 0.0000000000
103858  27.425  19.242  12.305 0.0000000000
103859  26.968  19.908  12.631 0.0000000000
103862  27.486  19.822  11.416 0.0000000000
103863  27.163  19.879  12.042 0.0000000000
103865  28.322  19.151  10.455 0.0000000000
103866  27.897  19.780  10.608 0.0000000000
103869  29.375  19.464  9.117 0.0000000000
103870  28.553  19.589  9.825 0.0000000000
103871  28.192  19.724  10.218 0.0000000000
103875  30.043  19.416  8.602 0.0000000000
104448  26.378  20.489  21.952 0.0000000000
104449  25.939  20.462  21.278 0.0000000000
104458  25.668  20.425  20.534 0.0000000000
104467  25.534  20.450  19.745 0.0000000000
104472  25.477  20.541  18.881 0.0000000000
104478  25.556  20.620  17.951 0.0000000000
104481  25.718  20.628  16.977 0.0000000000
104483  26.394  20.140  15.444 0.0000000000
104484  26.114  20.517  15.834 0.0000000000
104487  26.432  20.313  15.025 0.0000000000
104488  26.063  21.099  14.850 0.0000000000
104491  26.399  20.677  14.060 0.0000000000
104492  26.040  21.444  14.136 0.0000000000
104495  26.496  20.849  12.912 0.0000000000
104498  27.324  20.800  11.173 0.0000000000
104499  26.912  20.602  11.886 0.0000000000
104501  27.678  20.556  10.667 0.0000000000
104503  29.548  20.680  9.083 0.0000000000
104504  28.880  20.527  9.563 0.0000000000
104505  28.180  20.405  10.118 0.0000000000
105059  26.664  21.468  22.185 0.0000000000
105070  26.130  21.433  21.577 0.0000000000
105071  25.628  21.348  20.905 0.0000000000
105081  25.502  21.180  20.202 0.0000000000
105091  25.365  21.417  19.477 0.0000000000
105099  25.342  21.556  18.508 0.0000000000
105108  25.379  21.552  17.488 0.0000000000
105111  25.491  21.516  16.471 0.0000000000
105113  25.570  21.652  15.475 0.0000000000
105116  25.607  21.894  14.553 0.0000000000
105118  26.191  21.409  13.531 0.0000000000
105119  25.783  22.084  13.671 0.0000000000
105121  26.112  21.980  12.880 0.0000000000
105122  25.823  22.403  13.170 0.0000000000
105124  27.073  21.523  11.337 0.0000000000
105125  26.495  21.668  12.009 0.0000000000
105127  28.085  22.117  10.462 0.0000000000
105128  27.660  21.542  10.678 0.0000000000
105130  29.301  21.381  9.419 0.0000000000
105131  28.542  21.629  10.046 0.0000000000
105132  27.962  21.038  10.321 0.0000000000
105652  26.337  22.425  21.879 0.0000000000
105653  25.704  22.371  21.254 0.0000000000
105665  25.330  22.248  20.275 0.0000000000
105675  25.078  22.525  19.190 0.0000000000
105683  25.058  22.656  18.050 0.0000000000
105684  24.811  23.301  17.792 0.0000000000
105694  25.114  22.351  16.991 0.0000000000
105695  24.876  23.111  17.248 0.0000000000
105705  25.167  22.460  16.088 0.0000000000
105706  24.968  22.925  16.617 0.0000000000
105713  25.228  22.573  15.120 0.0000000000
105719  25.330  22.745  14.170 0.0000000000
105727  25.551  22.850  13.334 0.0000000000
105733  26.252  22.828  12.124 0.0000000000
105734  25.846  22.723  12.812 0.0000000000
105738  27.315  22.112  11.031 0.0000000000
105739  26.889  22.470  11.372 0.0000000000
105741  28.497  22.743  10.421 0.0000000000
105742  27.715  22.534  10.793 0.0000000000
105743  27.290  22.520  11.036 0.0000000000
105747  29.541  22.420  9.574 0.0000000000
105748  28.938  22.451  10.034 0.0000000000
106229  26.601  23.397  22.185 0.0000000000
106242  25.960  23.393  21.604 0.0000000000
106243  25.352  23.393  20.875 0.0000000000
106257  24.900  23.501  19.862 0.0000000000
106258  24.635  24.038  19.482 0.0000000000
106271  24.856  23.195  19.267 0.0000000000
106272  24.672  23.646  19.148 0.0000000000
106285  24.861  23.131  18.808 0.0000000000
106286  24.649  23.638  18.343 0.0000000000
106298  24.573  23.792  17.502 0.0000000000
106312  24.934  23.059  16.234 0.0000000000
106313  24.671  23.659  16.506 0.0000000000
106329  24.914  23.216  15.710 0.0000000000
106330  24.637  24.037  15.547 0.0000000000
106344  24.934  23.593  14.758 0.0000000000
106345  24.671  24.381  14.910 0.0000000000
106361  25.224  23.666  13.699 0.0000000000
106373  26.266  23.692  12.056 0.0000000000
106374  25.712  23.667  12.676 0.0000000000
106384  27.482  23.998  11.274 0.0000000000
106385  26.890  23.731  11.397 0.0000000000
106393  29.513  24.067  10.232 0.0000000000
106394  29.058  23.778  10.439 0.0000000000
106395  27.981  23.683  11.078 0.0000000000
106396  27.318  22.994  11.070 0.0000000000
106400  29.875  23.756  9.876 0.0000000000
106401  29.193  23.018  10.093 0.0000000000
106940  25.630  24.397  21.334 0.0000000000
106951  25.103  24.462  20.565 0.0000000000
106952  24.657  24.562  19.823 0.0000000000
106962  24.346  24.447  19.027 0.0000000000
106974  24.205  24.531  18.024 0.0000000000
106986  24.243  24.580  17.048 0.0000000000
106999  24.329  24.664  16.103 0.0000000000
107011  24.450  24.818  15.281 0.0000000000
107022  24.916  24.691  14.224 0.0000000000
107023  24.616  24.849  14.779 0.0000000000
107031  25.389  24.574  13.232 0.0000000000
107039  26.303  24.575  12.105 0.0000000000
107040  25.766  24.556  12.654 0.0000000000
107046  28.311  25.114  11.190 0.0000000000
107047  27.582  24.586  11.378 0.0000000000
107048  26.910  24.603  11.618 0.0000000000
107056  29.583  24.694  10.315 0.0000000000
107057  28.692  24.571  10.860 0.0000000000
107058  28.154  24.478  11.156 0.0000000000
107064  30.150  24.563  9.895 0.0000000000
107613  24.822  25.470  20.310 0.0000000000
107620  24.363  25.475  19.509 0.0000000000
107628  24.008  25.468  18.591 0.0000000000
107635  23.929  25.494  17.564 0.0000000000
107642  24.090  25.519  16.575 0.0000000000
107648  24.311  25.542  15.673 0.0000000000
107657  24.998  25.512  14.196 0.0000000000
107658  24.669  25.548  14.780 0.0000000000
107669  25.332  25.454  13.651 0.0000000000
107678  26.415  25.416  12.273 0.0000000000
107679  25.895  25.399  12.790 0.0000000000
107686  28.478  25.735  11.310 0.0000000000
107687  27.959  25.605  11.579 0.0000000000
107688  27.019  25.468  11.857 0.0000000000
107695  30.529  26.105  9.818 0.0000000000
107696  29.948  25.890  10.286 0.0000000000
107697  29.046  25.726  10.897 0.0000000000
107703  30.341  25.270  9.868 0.0000000000
108212  24.135  26.477  19.096 0.0000000000
108220  23.900  26.502  18.100 0.0000000000
108229  24.056  26.504  17.046 0.0000000000
108238  24.335  26.404  16.111 0.0000000000
108248  24.619  26.287  15.329 0.0000000000
108257  25.285  26.321  14.237 0.0000000000
108258  24.865  26.278  14.814 0.0000000000
108269  25.795  26.161  13.408 0.0000000000
108279  26.606  26.146  12.545 0.0000000000
108280  26.134  26.110  12.958 0.0000000000
108289  28.528  26.547  11.447 0.0000000000
108290  27.703  26.298  12.015 0.0000000000
108291  27.154  26.168  12.220 0.0000000000
108299  30.398  26.882  9.974 0.0000000000
108300  29.633  26.711  10.571 0.0000000000
108301  29.087  26.633  10.955 0.0000000000
108854  30.033  27.595  10.207 0.0000000000
