#!ascii label  , from subject FREESURFER vox2ras=TkReg 
476
20732  42.727  -67.048  23.142 0.0000000000
21547  41.192  -66.983  26.060 0.0000000000
21548  40.474  -66.557  26.131 0.0000000000
21549  39.696  -66.140  26.008 0.0000000000
21553  41.377  -67.011  25.025 0.0000000000
21554  40.574  -66.390  25.017 0.0000000000
21555  40.073  -66.262  25.481 0.0000000000
21565  42.367  -66.873  23.317 0.0000000000
21566  41.739  -66.757  23.881 0.0000000000
21567  41.078  -66.510  24.431 0.0000000000
21574  43.555  -66.402  22.285 0.0000000000
21575  42.612  -66.518  22.809 0.0000000000
21576  42.074  -66.555  23.182 0.0000000000
21590  44.080  -66.285  21.905 0.0000000000
22382  49.268  -65.139  32.099 0.0000000000
22383  48.971  -65.476  31.672 0.0000000000
22393  49.953  -65.365  30.277 0.0000000000
22394  49.652  -65.234  30.714 0.0000000000
22395  49.140  -65.461  30.593 0.0000000000
22406  50.074  -65.384  29.996 0.0000000000
22407  49.725  -65.529  29.904 0.0000000000
22408  49.259  -65.436  29.647 0.0000000000
22418  50.156  -65.354  29.406 0.0000000000
22419  49.825  -65.502  29.109 0.0000000000
22420  49.366  -65.307  28.942 0.0000000000
22470  40.265  -65.891  24.488 0.0000000000
22471  39.715  -65.711  24.875 0.0000000000
22482  41.278  -66.084  23.468 0.0000000000
22483  40.669  -65.865  23.879 0.0000000000
22484  40.106  -65.633  24.244 0.0000000000
22491  43.252  -65.743  21.995 0.0000000000
22492  42.622  -65.552  22.173 0.0000000000
22493  41.674  -65.936  22.907 0.0000000000
22494  41.056  -65.764  23.285 0.0000000000
22505  44.422  -65.331  21.109 0.0000000000
22506  43.716  -65.619  21.661 0.0000000000
22507  43.079  -65.415  21.834 0.0000000000
23337  48.401  -65.185  32.394 0.0000000000
23338  47.774  -64.977  32.738 0.0000000000
23350  49.609  -64.549  31.600 0.0000000000
23351  48.496  -65.040  31.473 0.0000000000
23352  47.899  -64.451  31.833 0.0000000000
23363  50.091  -65.170  30.202 0.0000000000
23364  49.964  -64.591  30.455 0.0000000000
23365  48.661  -65.095  30.233 0.0000000000
23376  50.329  -64.703  29.532 0.0000000000
23377  50.147  -64.343  29.933 0.0000000000
23378  48.787  -64.938  29.192 0.0000000000
23388  50.370  -64.918  28.502 0.0000000000
23389  49.743  -65.189  28.406 0.0000000000
23390  49.178  -64.908  28.403 0.0000000000
23402  50.529  -64.595  27.514 0.0000000000
23403  50.042  -64.953  27.787 0.0000000000
23404  49.548  -64.807  27.783 0.0000000000
23415  50.540  -64.566  27.044 0.0000000000
23416  50.125  -64.730  27.202 0.0000000000
23417  49.800  -64.788  27.420 0.0000000000
23442  38.954  -64.526  24.654 0.0000000000
23457  40.338  -65.253  23.498 0.0000000000
23458  39.816  -65.079  23.822 0.0000000000
23465  42.339  -65.003  21.923 0.0000000000
23466  41.674  -64.704  22.145 0.0000000000
23467  40.689  -65.120  23.014 0.0000000000
23468  40.220  -64.971  23.376 0.0000000000
23480  44.356  -64.885  20.906 0.0000000000
23481  43.895  -64.682  21.059 0.0000000000
23482  42.760  -64.686  21.595 0.0000000000
23483  41.946  -63.927  21.641 0.0000000000
23497  44.791  -64.611  20.618 0.0000000000
23498  44.044  -63.878  20.707 0.0000000000
24305  47.098  -64.724  33.590 0.0000000000
24306  46.244  -64.151  33.922 0.0000000000
24307  45.142  -63.630  34.293 0.0000000000
24308  44.312  -63.394  34.285 0.0000000000
24326  47.260  -64.001  32.731 0.0000000000
24327  46.503  -63.313  33.027 0.0000000000
24345  49.717  -63.770  31.157 0.0000000000
24346  48.186  -64.379  30.823 0.0000000000
24347  47.459  -63.640  31.348 0.0000000000
24361  49.961  -63.845  30.184 0.0000000000
24362  48.320  -64.342  29.798 0.0000000000
24363  47.728  -63.671  30.214 0.0000000000
24374  50.444  -63.775  29.092 0.0000000000
24375  50.251  -64.001  29.644 0.0000000000
24376  48.353  -64.227  29.044 0.0000000000
24377  47.884  -63.665  29.298 0.0000000000
24386  50.711  -64.009  28.503 0.0000000000
24387  48.623  -64.362  28.434 0.0000000000
24388  48.086  -63.704  28.527 0.0000000000
24398  51.710  -63.361  27.083 0.0000000000
24399  51.025  -64.083  27.709 0.0000000000
24400  48.928  -64.444  27.679 0.0000000000
24401  48.328  -63.767  27.776 0.0000000000
24411  51.815  -63.384  26.420 0.0000000000
24412  51.136  -64.197  26.837 0.0000000000
24413  50.303  -64.420  26.681 0.0000000000
24414  49.481  -64.478  26.951 0.0000000000
24415  48.638  -63.798  26.944 0.0000000000
24425  51.735  -63.433  26.017 0.0000000000
24426  51.374  -63.740  26.211 0.0000000000
24427  50.703  -63.963  26.136 0.0000000000
24428  49.809  -64.058  26.112 0.0000000000
24429  49.055  -63.822  26.267 0.0000000000
24441  38.904  -63.782  24.324 0.0000000000
24457  39.871  -63.268  23.155 0.0000000000
24458  39.420  -63.680  23.635 0.0000000000
24468  41.311  -63.615  21.905 0.0000000000
24469  40.415  -63.617  22.657 0.0000000000
24470  40.052  -64.500  23.234 0.0000000000
24482  43.282  -63.722  20.999 0.0000000000
24483  42.445  -63.446  21.332 0.0000000000
24484  41.747  -63.144  21.621 0.0000000000
24500  53.275  -62.883  20.261 0.0000000000
24503  45.310  -63.716  20.108 0.0000000000
24504  44.560  -63.371  20.377 0.0000000000
24505  43.768  -63.039  20.660 0.0000000000
24523  45.770  -63.294  19.860 0.0000000000
25314  45.755  -63.105  33.481 0.0000000000
25315  44.925  -62.703  33.633 0.0000000000
25316  43.984  -62.874  33.875 0.0000000000
25317  43.274  -62.822  34.144 0.0000000000
25318  42.943  -62.791  34.353 0.0000000000
25330  46.858  -63.059  32.118 0.0000000000
25331  46.074  -62.414  32.631 0.0000000000
25332  45.531  -62.479  33.175 0.0000000000
25348  49.547  -62.832  31.716 0.0000000000
25349  46.925  -62.897  31.262 0.0000000000
25350  46.540  -62.277  31.624 0.0000000000
25367  49.702  -62.938  30.609 0.0000000000
25368  47.093  -63.029  30.504 0.0000000000
25369  46.691  -62.428  30.807 0.0000000000
25381  50.374  -63.289  28.920 0.0000000000
25382  50.015  -63.126  29.454 0.0000000000
25383  47.231  -63.064  29.567 0.0000000000
25384  46.646  -62.389  29.953 0.0000000000
25394  50.651  -63.261  28.493 0.0000000000
25395  50.330  -62.847  28.732 0.0000000000
25396  47.427  -63.132  28.651 0.0000000000
25397  46.781  -62.452  28.875 0.0000000000
25408  51.884  -62.726  27.087 0.0000000000
25409  51.301  -62.994  27.715 0.0000000000
25410  47.697  -63.302  27.951 0.0000000000
25411  47.016  -62.653  27.745 0.0000000000
25420  53.325  -61.587  25.881 0.0000000000
25421  53.141  -61.770  25.945 0.0000000000
25422  52.404  -62.372  26.439 0.0000000000
25423  47.790  -63.224  27.123 0.0000000000
25424  47.063  -62.594  26.518 0.0000000000
25435  53.321  -61.710  25.682 0.0000000000
25436  52.952  -62.189  25.753 0.0000000000
25437  52.173  -62.856  25.810 0.0000000000
25438  51.271  -63.344  25.653 0.0000000000
25439  50.238  -63.531  25.483 0.0000000000
25440  49.271  -63.492  25.538 0.0000000000
25441  48.212  -63.103  25.910 0.0000000000
25442  47.139  -62.401  25.369 0.0000000000
25454  53.301  -61.876  25.306 0.0000000000
25455  52.782  -62.306  25.131 0.0000000000
25456  51.782  -62.603  25.076 0.0000000000
25457  50.711  -62.835  24.891 0.0000000000
25458  49.758  -63.039  24.874 0.0000000000
25459  48.854  -62.980  24.836 0.0000000000
25460  47.970  -62.633  24.684 0.0000000000
25461  47.186  -62.140  24.237 0.0000000000
25462  38.868  -63.306  24.303 0.0000000000
25480  50.172  -62.581  24.430 0.0000000000
25481  49.519  -62.552  24.263 0.0000000000
25482  48.704  -62.480  24.067 0.0000000000
25483  47.963  -62.329  23.797 0.0000000000
25484  47.522  -62.079  23.606 0.0000000000
25485  39.926  -62.600  23.256 0.0000000000
25486  39.099  -62.484  24.068 0.0000000000
25504  41.216  -62.665  22.085 0.0000000000
25505  40.616  -62.450  22.691 0.0000000000
25522  43.011  -62.585  21.137 0.0000000000
25523  42.161  -62.660  21.535 0.0000000000
25524  41.706  -62.667  21.736 0.0000000000
25540  53.298  -62.320  20.464 0.0000000000
25541  52.950  -62.846  20.715 0.0000000000
25543  51.422  -62.199  20.583 0.0000000000
25544  46.081  -62.411  19.999 0.0000000000
25545  45.326  -62.646  20.128 0.0000000000
25546  44.343  -62.471  20.591 0.0000000000
25547  43.709  -62.381  20.891 0.0000000000
25559  53.491  -62.123  19.715 0.0000000000
25566  46.016  -62.851  19.820 0.0000000000
26424  44.906  -62.220  33.318 0.0000000000
26425  44.495  -62.250  33.389 0.0000000000
26426  43.662  -62.281  33.515 0.0000000000
26427  42.750  -62.147  33.732 0.0000000000
26439  45.790  -61.923  32.524 0.0000000000
26440  45.253  -61.842  32.851 0.0000000000
26441  44.290  -61.719  33.057 0.0000000000
26442  43.462  -61.684  33.062 0.0000000000
26443  42.900  -61.558  33.020 0.0000000000
26454  49.042  -61.254  31.894 0.0000000000
26455  45.974  -61.609  32.090 0.0000000000
26456  45.493  -61.380  32.251 0.0000000000
26476  49.275  -62.046  31.211 0.0000000000
26477  48.792  -61.158  30.893 0.0000000000
26478  46.195  -61.572  30.774 0.0000000000
26479  45.854  -60.936  29.969 0.0000000000
26501  49.334  -61.914  29.932 0.0000000000
26502  48.589  -60.821  29.842 0.0000000000
26503  46.196  -61.596  29.296 0.0000000000
26504  45.774  -60.836  29.171 0.0000000000
26515  50.613  -62.426  28.117 0.0000000000
26516  49.830  -62.067  28.688 0.0000000000
26517  48.879  -61.223  28.801 0.0000000000
26518  46.274  -61.880  28.110 0.0000000000
26519  45.780  -61.105  28.316 0.0000000000
26530  51.947  -62.124  27.061 0.0000000000
26531  51.177  -61.738  27.381 0.0000000000
26532  50.238  -61.546  27.788 0.0000000000
26533  49.466  -61.177  28.078 0.0000000000
26534  46.247  -62.006  27.044 0.0000000000
26535  45.732  -61.420  27.459 0.0000000000
26545  53.350  -61.400  25.779 0.0000000000
26546  53.060  -61.388  26.090 0.0000000000
26547  52.399  -61.525  26.455 0.0000000000
26548  51.819  -61.442  26.757 0.0000000000
26549  46.197  -62.040  25.952 0.0000000000
26550  45.343  -61.418  26.499 0.0000000000
26551  44.869  -61.071  26.306 0.0000000000
26559  53.465  -61.324  25.322 0.0000000000
26560  53.403  -61.101  25.700 0.0000000000
26561  46.304  -61.910  24.885 0.0000000000
26562  45.379  -61.611  25.357 0.0000000000
26563  44.708  -61.159  25.766 0.0000000000
26572  53.360  -61.561  24.499 0.0000000000
26573  52.366  -62.030  24.412 0.0000000000
26574  51.279  -62.258  24.374 0.0000000000
26575  50.618  -62.411  24.374 0.0000000000
26576  46.419  -61.803  24.005 0.0000000000
26577  45.551  -61.626  24.289 0.0000000000
26578  44.400  -61.295  24.657 0.0000000000
26579  43.687  -61.080  24.415 0.0000000000
26591  53.526  -61.243  23.640 0.0000000000
26592  52.906  -61.629  23.679 0.0000000000
26593  51.790  -61.716  23.689 0.0000000000
26594  50.447  -62.032  23.807 0.0000000000
26595  49.404  -62.106  23.650 0.0000000000
26596  48.714  -61.987  23.319 0.0000000000
26597  47.916  -61.999  23.098 0.0000000000
26598  47.058  -61.828  23.271 0.0000000000
26599  46.034  -61.588  23.287 0.0000000000
26600  44.943  -61.405  23.453 0.0000000000
26601  43.703  -61.177  23.639 0.0000000000
26602  42.810  -61.116  23.192 0.0000000000
26603  41.911  -61.156  23.080 0.0000000000
26604  40.797  -61.527  23.087 0.0000000000
26605  39.724  -61.489  23.625 0.0000000000
26625  53.884  -61.071  23.210 0.0000000000
26626  53.384  -61.333  23.018 0.0000000000
26627  52.483  -61.476  22.892 0.0000000000
26628  51.240  -61.494  22.816 0.0000000000
26629  49.822  -61.617  22.775 0.0000000000
26630  48.685  -61.685  22.419 0.0000000000
26631  47.690  -61.727  22.313 0.0000000000
26632  46.686  -61.564  22.329 0.0000000000
26633  45.622  -61.382  22.375 0.0000000000
26634  44.523  -61.266  22.464 0.0000000000
26635  43.490  -61.304  22.444 0.0000000000
26636  42.561  -61.496  22.388 0.0000000000
26637  41.644  -61.845  22.374 0.0000000000
26638  41.041  -62.074  22.537 0.0000000000
26654  53.887  -61.138  22.526 0.0000000000
26655  53.190  -61.524  22.200 0.0000000000
26656  52.102  -61.501  21.967 0.0000000000
26657  50.850  -61.439  21.786 0.0000000000
26658  49.613  -61.507  21.605 0.0000000000
26659  48.475  -61.570  21.469 0.0000000000
26660  47.411  -61.589  21.417 0.0000000000
26661  46.344  -61.512  21.399 0.0000000000
26662  45.247  -61.416  21.449 0.0000000000
26663  44.205  -61.504  21.584 0.0000000000
26664  43.267  -61.750  21.575 0.0000000000
26665  42.361  -62.014  21.730 0.0000000000
26666  41.793  -62.323  21.855 0.0000000000
26680  53.770  -61.344  21.467 0.0000000000
26681  52.834  -62.039  21.226 0.0000000000
26682  51.716  -61.825  21.071 0.0000000000
26683  50.595  -61.761  20.753 0.0000000000
26684  49.310  -61.626  20.652 0.0000000000
26685  48.196  -61.707  20.602 0.0000000000
26686  47.125  -61.734  20.575 0.0000000000
26687  46.022  -61.874  20.463 0.0000000000
26688  44.819  -61.805  20.751 0.0000000000
26689  43.950  -61.913  21.021 0.0000000000
26690  43.471  -62.102  21.121 0.0000000000
26703  53.834  -61.169  20.200 0.0000000000
26707  46.923  -62.096  19.925 0.0000000000
26708  46.411  -62.225  20.002 0.0000000000
27621  41.810  -60.717  34.137 0.0000000000
27632  42.059  -61.392  33.885 0.0000000000
27633  41.783  -60.672  33.378 0.0000000000
27640  44.723  -61.369  32.675 0.0000000000
27641  44.148  -61.181  32.618 0.0000000000
27642  43.279  -61.120  32.577 0.0000000000
27643  42.355  -61.127  32.807 0.0000000000
27644  41.787  -60.349  32.537 0.0000000000
27649  48.708  -60.377  31.682 0.0000000000
27650  45.593  -61.228  32.001 0.0000000000
27651  45.089  -60.927  32.112 0.0000000000
27652  44.030  -60.505  32.126 0.0000000000
27653  43.030  -60.473  32.022 0.0000000000
27654  42.178  -60.334  31.922 0.0000000000
27655  41.652  -59.999  31.848 0.0000000000
27663  48.357  -60.169  30.704 0.0000000000
27664  45.719  -61.124  31.579 0.0000000000
27665  45.544  -60.498  30.915 0.0000000000
27684  48.139  -59.995  29.815 0.0000000000
27685  45.529  -60.184  29.715 0.0000000000
27702  48.271  -60.248  28.898 0.0000000000
27703  48.014  -59.946  28.263 0.0000000000
27704  45.479  -60.299  28.602 0.0000000000
27717  50.511  -61.053  27.124 0.0000000000
27718  49.700  -60.827  27.324 0.0000000000
27719  48.642  -60.299  27.655 0.0000000000
27720  47.954  -59.810  27.843 0.0000000000
27721  45.165  -60.536  27.353 0.0000000000
27722  44.717  -60.083  26.861 0.0000000000
27736  52.772  -60.968  26.136 0.0000000000
27737  52.106  -61.002  26.198 0.0000000000
27738  51.188  -60.934  26.515 0.0000000000
27739  50.080  -60.470  26.428 0.0000000000
27740  49.327  -60.397  26.921 0.0000000000
27741  44.957  -60.945  26.624 0.0000000000
27742  44.629  -60.532  26.303 0.0000000000
27752  53.442  -60.841  25.271 0.0000000000
27753  53.162  -60.722  25.633 0.0000000000
27754  52.528  -60.631  25.678 0.0000000000
27755  51.632  -60.475  25.574 0.0000000000
27756  50.817  -60.539  25.947 0.0000000000
27757  43.971  -60.586  25.318 0.0000000000
27758  43.492  -60.110  25.056 0.0000000000
27770  53.576  -60.842  24.696 0.0000000000
27771  53.376  -60.405  24.758 0.0000000000
27772  52.831  -60.302  25.130 0.0000000000
27773  52.328  -60.349  25.271 0.0000000000
27774  43.747  -60.953  24.749 0.0000000000
27775  43.148  -60.524  24.436 0.0000000000
27776  42.167  -60.039  23.981 0.0000000000
27777  41.682  -59.762  23.757 0.0000000000
27790  53.790  -60.691  23.791 0.0000000000
27791  53.621  -60.465  24.314 0.0000000000
27792  42.950  -60.995  23.822 0.0000000000
27793  42.383  -60.706  23.707 0.0000000000
27794  41.367  -60.342  23.543 0.0000000000
27795  40.266  -60.554  23.429 0.0000000000
27809  54.062  -60.720  22.980 0.0000000000
27827  54.121  -60.585  22.238 0.0000000000
27837  54.117  -60.423  21.236 0.0000000000
27847  53.980  -60.219  20.370 0.0000000000
27865  53.680  -60.442  19.370 0.0000000000
28723  42.019  -60.151  34.686 0.0000000000
28724  41.762  -60.041  33.960 0.0000000000
28732  41.609  -59.883  33.172 0.0000000000
28739  41.447  -59.688  32.321 0.0000000000
28744  48.500  -59.437  31.457 0.0000000000
28745  44.709  -60.134  31.476 0.0000000000
28746  43.802  -59.809  31.437 0.0000000000
28747  42.737  -59.840  31.315 0.0000000000
28748  41.875  -59.784  31.237 0.0000000000
28749  41.247  -59.527  31.379 0.0000000000
28755  47.897  -59.048  30.350 0.0000000000
28756  47.656  -58.493  29.780 0.0000000000
28757  44.678  -59.583  30.451 0.0000000000
28758  43.423  -59.311  30.597 0.0000000000
28759  42.327  -59.355  30.563 0.0000000000
28760  41.448  -59.399  30.461 0.0000000000
28761  40.961  -59.303  30.688 0.0000000000
28773  47.832  -59.555  29.224 0.0000000000
28774  47.538  -58.771  29.248 0.0000000000
28775  45.035  -59.492  29.119 0.0000000000
28776  43.894  -58.929  29.450 0.0000000000
28777  42.951  -58.907  30.071 0.0000000000
28778  41.185  -59.240  29.985 0.0000000000
28779  40.985  -59.278  30.200 0.0000000000
28792  47.913  -59.779  28.668 0.0000000000
28793  47.606  -59.301  28.273 0.0000000000
28794  45.095  -59.796  28.039 0.0000000000
28795  44.564  -59.111  28.333 0.0000000000
28803  48.382  -59.753  26.881 0.0000000000
28804  47.827  -59.480  27.216 0.0000000000
28805  45.006  -59.997  27.585 0.0000000000
28806  44.723  -59.609  27.383 0.0000000000
28817  49.712  -60.094  25.856 0.0000000000
28818  49.007  -59.943  26.340 0.0000000000
28819  48.122  -59.403  26.264 0.0000000000
28820  44.318  -59.555  26.423 0.0000000000
28821  43.903  -59.008  26.006 0.0000000000
28834  51.326  -60.154  24.984 0.0000000000
28835  50.476  -60.162  25.354 0.0000000000
28836  49.422  -59.835  25.315 0.0000000000
28837  48.568  -59.455  25.395 0.0000000000
28838  44.182  -60.088  25.879 0.0000000000
28839  43.728  -59.583  25.534 0.0000000000
28850  53.403  -60.173  24.401 0.0000000000
28851  53.088  -60.088  24.462 0.0000000000
28852  52.163  -60.006  24.687 0.0000000000
28853  51.082  -59.916  24.421 0.0000000000
28854  49.992  -59.788  24.417 0.0000000000
28855  49.002  -59.587  24.502 0.0000000000
28856  43.206  -59.566  24.867 0.0000000000
28857  42.560  -59.450  24.367 0.0000000000
28858  41.916  -59.284  23.886 0.0000000000
28866  53.905  -60.272  23.641 0.0000000000
28867  53.557  -60.150  23.914 0.0000000000
28868  52.855  -59.829  23.730 0.0000000000
28869  51.874  -59.683  23.627 0.0000000000
28870  50.720  -59.707  23.485 0.0000000000
28871  49.394  -59.565  23.387 0.0000000000
28872  48.659  -59.451  23.924 0.0000000000
28873  41.278  -59.327  23.555 0.0000000000
28874  40.457  -59.578  23.314 0.0000000000
28882  54.023  -60.198  23.106 0.0000000000
28883  53.525  -59.737  22.925 0.0000000000
28884  52.679  -59.567  22.748 0.0000000000
28885  51.603  -59.584  22.603 0.0000000000
28886  50.441  -59.559  22.451 0.0000000000
28904  54.091  -59.859  22.094 0.0000000000
28905  53.443  -59.414  21.909 0.0000000000
28906  52.458  -59.444  21.727 0.0000000000
28916  53.883  -59.734  21.069 0.0000000000
28917  53.166  -59.440  20.847 0.0000000000
28926  53.581  -59.785  20.033 0.0000000000
29804  41.869  -59.409  34.574 0.0000000000
29805  41.699  -59.228  33.886 0.0000000000
29811  41.495  -59.024  33.066 0.0000000000
29834  47.785  -58.116  30.108 0.0000000000
29835  42.273  -58.979  30.004 0.0000000000
29836  41.872  -59.197  30.182 0.0000000000
29845  47.489  -58.004  29.394 0.0000000000
29846  43.418  -58.571  28.963 0.0000000000
29847  42.759  -58.616  29.391 0.0000000000
29848  41.647  -58.910  29.691 0.0000000000
29849  40.911  -58.929  29.688 0.0000000000
29863  47.261  -58.061  28.334 0.0000000000
29864  47.100  -57.537  27.862 0.0000000000
29865  43.833  -58.582  28.427 0.0000000000
29866  43.050  -58.274  28.542 0.0000000000
29867  42.056  -58.390  28.710 0.0000000000
29868  41.135  -58.586  28.833 0.0000000000
29882  47.335  -58.553  27.362 0.0000000000
29883  47.032  -57.728  27.416 0.0000000000
29884  44.238  -58.757  27.569 0.0000000000
29885  43.475  -58.211  27.640 0.0000000000
29886  42.530  -58.052  27.879 0.0000000000
29887  41.416  -58.126  27.791 0.0000000000
29895  47.482  -58.750  26.374 0.0000000000
29897  44.353  -59.070  26.990 0.0000000000
29898  43.801  -58.523  26.675 0.0000000000
29899  40.964  -58.027  27.176 0.0000000000
29906  47.758  -58.971  25.392 0.0000000000
29908  43.353  -58.542  25.613 0.0000000000
29909  42.848  -58.212  25.256 0.0000000000
29915  48.220  -59.244  24.488 0.0000000000
29917  43.365  -59.049  25.133 0.0000000000
29918  42.833  -58.611  24.790 0.0000000000
29919  42.121  -58.619  24.191 0.0000000000
29927  41.484  -58.578  23.767 0.0000000000
30787  41.807  -58.842  34.452 0.0000000000
30860  43.423  -58.088  27.072 0.0000000000
30861  42.960  -57.862  27.227 0.0000000000
30862  42.225  -57.889  27.253 0.0000000000
30875  43.245  -57.992  26.754 0.0000000000
30876  42.627  -57.838  26.641 0.0000000000
30877  41.605  -57.791  26.723 0.0000000000
30890  43.162  -58.050  26.242 0.0000000000
30891  42.453  -57.861  25.712 0.0000000000
30892  41.191  -57.554  25.717 0.0000000000
30904  42.538  -58.090  25.075 0.0000000000
30905  41.875  -57.909  24.715 0.0000000000
30918  41.676  -58.187  24.107 0.0000000000
30919  41.102  -57.835  23.930 0.0000000000
