#!ascii label  , from subject FREESURFER vox2ras=TkReg 
567
18290  21.283  -69.848  0.246 0.0000000000
18291  20.762  -69.595  0.236 0.0000000000
19230  22.290  -69.128  0.279 0.0000000000
19231  21.861  -69.259  0.344 0.0000000000
19232  21.031  -69.115  0.356 0.0000000000
19252  20.321  -69.112  0.137 0.0000000000
20121  22.926  -68.333  0.363 0.0000000000
20122  22.252  -68.602  0.398 0.0000000000
20123  21.370  -68.467  0.392 0.0000000000
20124  20.666  -68.364  0.212 0.0000000000
20146  19.971  -68.214  -0.225 0.0000000000
21007  22.451  -67.669  0.424 0.0000000000
21008  21.489  -67.552  0.285 0.0000000000
21009  20.978  -67.929  0.283 0.0000000000
21029  21.045  -67.011  -0.094 0.0000000000
21030  20.579  -67.434  -0.160 0.0000000000
21031  19.767  -67.350  -0.708 0.0000000000
21876  23.416  -67.022  0.222 0.0000000000
21877  22.755  -66.878  0.358 0.0000000000
21878  22.049  -66.970  0.291 0.0000000000
21898  22.203  -66.308  0.136 0.0000000000
21899  21.448  -66.536  -0.105 0.0000000000
21900  20.759  -66.560  -0.421 0.0000000000
21901  20.154  -66.585  -0.694 0.0000000000
21910  19.452  -66.488  -1.109 0.0000000000
22828  23.220  -66.309  0.208 0.0000000000
22829  22.703  -66.267  0.211 0.0000000000
22843  23.767  -65.584  -0.121 0.0000000000
22844  22.640  -65.634  -0.062 0.0000000000
22845  21.757  -65.704  -0.273 0.0000000000
22846  20.940  -65.669  -0.635 0.0000000000
22847  20.447  -66.099  -0.696 0.0000000000
22855  20.603  -65.099  -0.989 0.0000000000
22856  20.039  -65.595  -1.055 0.0000000000
22857  19.020  -65.548  -1.346 0.0000000000
23843  24.829  -64.447  -0.754 0.0000000000
23844  24.021  -64.565  -0.473 0.0000000000
23845  22.920  -64.496  -0.495 0.0000000000
23846  22.003  -64.945  -0.521 0.0000000000
23847  21.449  -65.212  -0.587 0.0000000000
23854  22.603  -64.039  -0.812 0.0000000000
23855  22.177  -64.151  -0.890 0.0000000000
23856  21.224  -64.593  -1.009 0.0000000000
23857  20.328  -64.585  -1.350 0.0000000000
23858  19.455  -64.642  -1.458 0.0000000000
24852  25.283  -63.827  -1.115 0.0000000000
24853  25.015  -63.806  -0.942 0.0000000000
24854  24.314  -63.822  -0.756 0.0000000000
24855  23.550  -63.887  -0.697 0.0000000000
24859  25.524  -63.497  -1.319 0.0000000000
24860  24.682  -63.159  -1.038 0.0000000000
24861  23.778  -63.142  -0.918 0.0000000000
24862  22.747  -63.472  -1.046 0.0000000000
24863  21.684  -63.447  -1.540 0.0000000000
24864  20.769  -63.731  -1.647 0.0000000000
24865  19.886  -63.757  -1.730 0.0000000000
24876  21.126  -63.024  -2.066 0.0000000000
24877  20.423  -63.067  -2.298 0.0000000000
24878  19.504  -63.150  -2.436 0.0000000000
25909  27.078  -62.009  -1.862 0.0000000000
25910  26.324  -62.539  -1.677 0.0000000000
25911  25.182  -62.414  -1.362 0.0000000000
25912  24.210  -62.370  -1.286 0.0000000000
25913  23.250  -62.441  -1.407 0.0000000000
25914  22.246  -62.443  -2.030 0.0000000000
25915  21.562  -62.768  -2.109 0.0000000000
25921  27.010  -62.550  -1.956 0.0000000000
25922  22.057  -62.040  -2.742 0.0000000000
25923  21.271  -62.285  -2.882 0.0000000000
25924  20.002  -62.529  -3.059 0.0000000000
25936  21.099  -61.762  -3.584 0.0000000000
25937  20.388  -61.845  -3.844 0.0000000000
25938  19.325  -62.312  -3.838 0.0000000000
25955  20.176  -61.534  -4.439 0.0000000000
25956  19.479  -61.811  -4.688 0.0000000000
25973  19.131  -61.626  -5.266 0.0000000000
25974  18.686  -61.965  -5.314 0.0000000000
27040  27.100  -61.479  -1.865 0.0000000000
27041  26.576  -61.512  -1.726 0.0000000000
27042  25.690  -61.499  -1.573 0.0000000000
27043  24.645  -61.471  -1.557 0.0000000000
27044  23.754  -61.691  -1.662 0.0000000000
27045  22.988  -61.769  -1.909 0.0000000000
27059  24.048  -61.030  -1.733 0.0000000000
27060  23.444  -61.116  -2.183 0.0000000000
27061  22.572  -61.462  -2.685 0.0000000000
27062  22.012  -61.766  -3.134 0.0000000000
27079  22.230  -61.234  -3.310 0.0000000000
27080  21.665  -61.435  -3.644 0.0000000000
27081  21.063  -61.494  -3.935 0.0000000000
27100  21.365  -61.159  -4.121 0.0000000000
27101  20.743  -61.197  -4.412 0.0000000000
27102  20.106  -61.239  -4.816 0.0000000000
27117  19.532  -61.226  -5.277 0.0000000000
27118  18.737  -61.300  -5.743 0.0000000000
27119  18.365  -61.869  -5.833 0.0000000000
27131  18.365  -60.989  -6.232 0.0000000000
28177  27.011  -60.960  -1.820 0.0000000000
28178  26.230  -60.587  -1.746 0.0000000000
28179  25.169  -60.519  -1.736 0.0000000000
28180  24.497  -60.811  -1.724 0.0000000000
28194  27.393  -60.415  -2.161 0.0000000000
28195  26.839  -60.409  -1.896 0.0000000000
28196  24.870  -59.960  -2.095 0.0000000000
28197  24.204  -60.372  -2.208 0.0000000000
28198  23.178  -60.424  -2.959 0.0000000000
28199  22.532  -60.883  -3.160 0.0000000000
28211  22.971  -59.945  -3.482 0.0000000000
28212  22.301  -60.449  -3.736 0.0000000000
28213  21.759  -60.952  -4.048 0.0000000000
28228  22.002  -60.010  -4.262 0.0000000000
28229  21.491  -60.498  -4.380 0.0000000000
28230  20.743  -60.534  -4.741 0.0000000000
28231  20.436  -60.897  -4.782 0.0000000000
28244  20.630  -60.126  -5.005 0.0000000000
28245  20.151  -60.489  -5.176 0.0000000000
28246  19.298  -60.481  -5.653 0.0000000000
28259  18.617  -60.454  -6.090 0.0000000000
28260  18.066  -60.513  -6.572 0.0000000000
29274  26.061  -60.003  -1.877 0.0000000000
29275  25.760  -60.169  -1.823 0.0000000000
29291  27.715  -59.519  -2.447 0.0000000000
29292  26.654  -59.729  -2.060 0.0000000000
29293  25.566  -59.654  -2.177 0.0000000000
29294  24.633  -59.495  -2.583 0.0000000000
29295  23.925  -59.762  -2.815 0.0000000000
29312  24.184  -59.224  -3.037 0.0000000000
29313  23.549  -59.423  -3.390 0.0000000000
29314  22.866  -59.469  -3.814 0.0000000000
29332  22.388  -59.516  -4.215 0.0000000000
29333  21.771  -59.471  -4.622 0.0000000000
29334  21.072  -59.906  -4.848 0.0000000000
29347  21.205  -59.189  -5.040 0.0000000000
29348  20.551  -59.504  -5.268 0.0000000000
29349  19.711  -59.591  -5.618 0.0000000000
29350  18.937  -59.648  -5.973 0.0000000000
29363  18.265  -59.658  -6.395 0.0000000000
29364  17.613  -59.646  -6.938 0.0000000000
30280  28.075  -58.494  -2.606 0.0000000000
30281  27.119  -58.687  -2.402 0.0000000000
30282  26.158  -58.752  -2.432 0.0000000000
30283  25.143  -58.600  -2.800 0.0000000000
30284  24.541  -58.938  -2.937 0.0000000000
30299  28.609  -58.044  -2.837 0.0000000000
30300  24.848  -58.048  -3.257 0.0000000000
30301  24.249  -58.497  -3.349 0.0000000000
30302  23.333  -58.537  -4.021 0.0000000000
30303  22.793  -59.032  -4.177 0.0000000000
30323  23.068  -57.999  -4.453 0.0000000000
30324  22.506  -58.547  -4.544 0.0000000000
30325  21.671  -58.507  -5.010 0.0000000000
30338  20.926  -58.495  -5.415 0.0000000000
30339  20.047  -58.594  -5.627 0.0000000000
30340  19.160  -58.707  -5.877 0.0000000000
30341  18.532  -58.917  -6.231 0.0000000000
30356  17.862  -58.721  -6.626 0.0000000000
30357  17.286  -58.648  -7.344 0.0000000000
31257  28.146  -57.534  -2.657 0.0000000000
31258  27.416  -57.803  -2.559 0.0000000000
31259  26.563  -57.880  -2.607 0.0000000000
31260  25.856  -58.036  -2.731 0.0000000000
31277  28.828  -57.341  -3.071 0.0000000000
31278  26.058  -57.480  -2.824 0.0000000000
31279  25.389  -57.572  -3.161 0.0000000000
31280  24.578  -57.522  -3.605 0.0000000000
31281  23.929  -57.810  -3.828 0.0000000000
31304  24.177  -57.255  -4.047 0.0000000000
31305  23.576  -57.445  -4.392 0.0000000000
31306  22.790  -57.436  -4.788 0.0000000000
31307  22.125  -57.797  -4.971 0.0000000000
31319  22.223  -57.018  -5.169 0.0000000000
31320  21.430  -57.477  -5.383 0.0000000000
31321  20.413  -57.555  -5.637 0.0000000000
31322  19.419  -57.643  -5.831 0.0000000000
31323  18.403  -57.827  -6.268 0.0000000000
31338  17.601  -57.664  -7.067 0.0000000000
31339  17.124  -57.653  -7.786 0.0000000000
32208  27.564  -57.085  -2.660 0.0000000000
32209  26.874  -57.189  -2.704 0.0000000000
32210  26.409  -57.305  -2.779 0.0000000000
32227  29.088  -56.362  -3.309 0.0000000000
32228  28.140  -56.513  -2.852 0.0000000000
32229  27.133  -56.442  -2.875 0.0000000000
32230  26.145  -56.739  -3.086 0.0000000000
32231  25.062  -56.610  -3.724 0.0000000000
32232  24.507  -56.966  -3.931 0.0000000000
32257  24.810  -56.124  -4.132 0.0000000000
32258  24.262  -56.503  -4.329 0.0000000000
32259  23.249  -56.446  -4.894 0.0000000000
32260  22.707  -56.781  -5.050 0.0000000000
32273  22.954  -55.942  -5.208 0.0000000000
32274  22.515  -56.211  -5.241 0.0000000000
32275  21.681  -56.373  -5.400 0.0000000000
32276  20.771  -56.508  -5.579 0.0000000000
32277  19.759  -56.563  -5.714 0.0000000000
32278  18.790  -56.608  -6.132 0.0000000000
32292  17.986  -56.626  -6.868 0.0000000000
32293  17.364  -56.658  -7.595 0.0000000000
32306  16.931  -56.821  -7.987 0.0000000000
33170  29.320  -55.350  -3.509 0.0000000000
33171  28.438  -55.474  -3.214 0.0000000000
33172  27.505  -55.589  -3.156 0.0000000000
33173  26.606  -55.734  -3.308 0.0000000000
33174  25.777  -55.793  -3.655 0.0000000000
33195  25.192  -55.798  -4.043 0.0000000000
33196  24.697  -55.568  -4.342 0.0000000000
33197  23.798  -55.484  -4.669 0.0000000000
33198  23.180  -55.104  -4.909 0.0000000000
33209  23.181  -55.680  -5.014 0.0000000000
33210  22.679  -55.389  -5.170 0.0000000000
33211  21.947  -55.488  -5.330 0.0000000000
33212  21.103  -55.526  -5.471 0.0000000000
33213  20.129  -55.547  -5.550 0.0000000000
33214  19.068  -55.511  -5.812 0.0000000000
33226  18.321  -55.518  -6.676 0.0000000000
33227  17.698  -55.603  -7.528 0.0000000000
34142  30.285  -54.240  -4.067 0.0000000000
34143  29.574  -54.385  -3.641 0.0000000000
34144  28.711  -54.468  -3.413 0.0000000000
34145  27.782  -54.610  -3.335 0.0000000000
34146  26.891  -54.823  -3.529 0.0000000000
34147  26.246  -55.151  -3.744 0.0000000000
34165  26.343  -54.555  -3.909 0.0000000000
34166  25.563  -54.872  -4.209 0.0000000000
34167  24.477  -54.605  -4.486 0.0000000000
34168  23.556  -54.467  -4.667 0.0000000000
34169  22.687  -54.457  -4.877 0.0000000000
34170  21.968  -54.202  -5.019 0.0000000000
34183  22.161  -54.828  -5.188 0.0000000000
34184  21.422  -54.628  -5.200 0.0000000000
34185  20.530  -54.658  -5.291 0.0000000000
34186  19.518  -54.507  -5.530 0.0000000000
34187  18.468  -54.294  -6.280 0.0000000000
34201  17.845  -54.504  -7.285 0.0000000000
35133  29.856  -53.481  -3.683 0.0000000000
35134  29.039  -53.551  -3.519 0.0000000000
35135  28.029  -53.477  -3.572 0.0000000000
35136  27.123  -53.971  -3.633 0.0000000000
35137  26.662  -54.250  -3.796 0.0000000000
35148  30.491  -53.355  -4.165 0.0000000000
35149  27.680  -52.859  -3.774 0.0000000000
35150  27.181  -53.115  -3.842 0.0000000000
35151  26.307  -53.695  -4.151 0.0000000000
35152  25.122  -53.660  -4.469 0.0000000000
35153  24.083  -53.579  -4.558 0.0000000000
35154  23.120  -53.553  -4.567 0.0000000000
35155  22.232  -53.522  -4.719 0.0000000000
35156  21.245  -53.570  -4.773 0.0000000000
35157  20.608  -53.062  -4.698 0.0000000000
35168  20.832  -54.138  -4.988 0.0000000000
35169  20.095  -53.572  -4.966 0.0000000000
35170  18.961  -53.397  -5.652 0.0000000000
35171  18.322  -53.140  -6.432 0.0000000000
35184  17.899  -53.425  -7.121 0.0000000000
36211  30.064  -52.583  -3.820 0.0000000000
36212  29.336  -52.750  -3.619 0.0000000000
36213  28.626  -52.779  -3.637 0.0000000000
36222  30.738  -52.443  -4.369 0.0000000000
36223  28.047  -52.544  -3.757 0.0000000000
36224  27.445  -52.354  -4.020 0.0000000000
36225  26.600  -52.468  -4.238 0.0000000000
36226  25.608  -52.590  -4.447 0.0000000000
36227  24.573  -52.595  -4.565 0.0000000000
36228  23.574  -52.589  -4.524 0.0000000000
36229  22.611  -52.622  -4.508 0.0000000000
36230  21.737  -52.650  -4.617 0.0000000000
36231  20.939  -52.550  -4.637 0.0000000000
36239  20.172  -52.475  -4.812 0.0000000000
36240  19.351  -52.469  -5.327 0.0000000000
36241  18.538  -52.351  -6.059 0.0000000000
36249  18.067  -52.234  -7.151 0.0000000000
37242  29.496  -52.044  -3.789 0.0000000000
37243  28.845  -52.121  -3.756 0.0000000000
37244  28.408  -52.258  -3.765 0.0000000000
37254  31.142  -51.367  -4.616 0.0000000000
37255  30.089  -51.498  -4.086 0.0000000000
37256  29.071  -51.368  -4.029 0.0000000000
37257  28.097  -51.655  -4.082 0.0000000000
37258  27.005  -51.522  -4.336 0.0000000000
37259  25.999  -51.545  -4.475 0.0000000000
37260  24.994  -51.579  -4.622 0.0000000000
37261  23.984  -51.565  -4.620 0.0000000000
37262  22.978  -51.618  -4.578 0.0000000000
37263  22.053  -51.764  -4.623 0.0000000000
37264  21.271  -51.836  -4.643 0.0000000000
37265  20.553  -51.710  -4.784 0.0000000000
37273  19.755  -51.538  -5.231 0.0000000000
37274  18.909  -51.518  -5.782 0.0000000000
37275  18.483  -51.453  -6.571 0.0000000000
37282  18.165  -51.220  -7.190 0.0000000000
38176  31.312  -50.094  -4.667 0.0000000000
38177  30.405  -50.345  -4.395 0.0000000000
38178  29.428  -50.434  -4.259 0.0000000000
38179  28.446  -50.509  -4.370 0.0000000000
38180  27.429  -50.552  -4.452 0.0000000000
38181  26.393  -50.547  -4.507 0.0000000000
38182  25.360  -50.556  -4.601 0.0000000000
38183  24.383  -50.594  -4.726 0.0000000000
38184  23.330  -50.426  -4.879 0.0000000000
38185  22.279  -50.817  -4.822 0.0000000000
38186  21.402  -51.066  -4.772 0.0000000000
38187  20.904  -51.300  -4.763 0.0000000000
38195  22.995  -49.696  -5.128 0.0000000000
38196  22.413  -49.917  -5.110 0.0000000000
38197  21.466  -50.147  -5.063 0.0000000000
38198  20.445  -50.668  -5.150 0.0000000000
38199  19.301  -50.537  -5.932 0.0000000000
38200  18.780  -50.978  -6.265 0.0000000000
38207  19.024  -50.047  -6.501 0.0000000000
38208  18.622  -50.501  -6.788 0.0000000000
38213  18.046  -50.523  -7.526 0.0000000000
39121  31.469  -49.007  -4.677 0.0000000000
39122  30.672  -49.259  -4.442 0.0000000000
39123  29.760  -49.391  -4.273 0.0000000000
39124  28.790  -49.463  -4.370 0.0000000000
39125  27.799  -49.510  -4.481 0.0000000000
39126  26.781  -49.530  -4.525 0.0000000000
39127  25.764  -49.564  -4.589 0.0000000000
39128  24.652  -49.484  -4.830 0.0000000000
39129  23.991  -49.952  -4.924 0.0000000000
39137  32.126  -49.692  -5.003 0.0000000000
39138  24.208  -48.842  -5.108 0.0000000000
39139  23.589  -49.271  -5.131 0.0000000000
39140  22.636  -49.136  -5.293 0.0000000000
39141  21.742  -49.250  -5.374 0.0000000000
39142  20.593  -49.337  -5.617 0.0000000000
39143  19.892  -49.942  -5.720 0.0000000000
39150  20.115  -48.774  -6.120 0.0000000000
39151  19.408  -49.329  -6.424 0.0000000000
39152  18.852  -49.832  -6.757 0.0000000000
39157  18.941  -48.865  -6.981 0.0000000000
39158  18.516  -49.471  -7.223 0.0000000000
40021  31.509  -48.291  -4.699 0.0000000000
40022  30.954  -48.315  -4.496 0.0000000000
40023  30.093  -48.390  -4.323 0.0000000000
40024  29.147  -48.445  -4.336 0.0000000000
40025  28.174  -48.484  -4.453 0.0000000000
40026  27.186  -48.509  -4.544 0.0000000000
40027  26.143  -48.495  -4.686 0.0000000000
40028  25.327  -48.785  -4.789 0.0000000000
40035  32.932  -48.268  -5.620 0.0000000000
40036  32.146  -48.368  -5.018 0.0000000000
40037  25.436  -48.083  -4.932 0.0000000000
40038  24.704  -48.318  -5.075 0.0000000000
40039  23.876  -48.258  -5.268 0.0000000000
40040  23.014  -48.304  -5.434 0.0000000000
40041  22.078  -48.367  -5.634 0.0000000000
40042  21.314  -48.644  -5.701 0.0000000000
40048  21.484  -48.050  -5.869 0.0000000000
40049  20.739  -48.243  -6.114 0.0000000000
40050  19.930  -48.309  -6.560 0.0000000000
40054  19.363  -48.363  -6.975 0.0000000000
40055  18.744  -48.366  -7.318 0.0000000000
40854  31.455  -47.466  -4.674 0.0000000000
40855  30.472  -47.462  -4.429 0.0000000000
40856  29.533  -47.468  -4.355 0.0000000000
40857  28.571  -47.481  -4.437 0.0000000000
40858  27.598  -47.500  -4.556 0.0000000000
40859  26.681  -47.547  -4.705 0.0000000000
40860  25.905  -47.471  -4.977 0.0000000000
40866  33.328  -47.405  -5.965 0.0000000000
40867  32.606  -47.447  -5.313 0.0000000000
40868  32.099  -47.468  -4.937 0.0000000000
40869  25.155  -47.384  -5.252 0.0000000000
40870  24.316  -47.396  -5.405 0.0000000000
40871  23.457  -47.426  -5.559 0.0000000000
40872  22.475  -47.362  -5.793 0.0000000000
40873  21.871  -47.756  -5.842 0.0000000000
40878  22.125  -46.794  -6.090 0.0000000000
40879  21.506  -47.286  -6.219 0.0000000000
40880  20.346  -47.344  -6.791 0.0000000000
40881  19.747  -47.856  -6.935 0.0000000000
40885  19.993  -46.875  -7.208 0.0000000000
40886  19.435  -47.417  -7.329 0.0000000000
40887  18.456  -47.542  -7.560 0.0000000000
41729  31.448  -46.632  -4.633 0.0000000000
41730  30.858  -46.600  -4.492 0.0000000000
41731  29.960  -46.530  -4.367 0.0000000000
41732  28.998  -46.503  -4.409 0.0000000000
41733  28.026  -46.499  -4.555 0.0000000000
41734  27.012  -46.497  -4.713 0.0000000000
41735  26.331  -46.832  -4.956 0.0000000000
41742  33.371  -46.551  -5.884 0.0000000000
41743  32.956  -46.579  -5.477 0.0000000000
41744  32.125  -46.563  -4.858 0.0000000000
41745  26.370  -46.161  -5.074 0.0000000000
41746  25.708  -46.489  -5.286 0.0000000000
41747  24.799  -46.481  -5.527 0.0000000000
41748  23.893  -46.489  -5.679 0.0000000000
41749  23.168  -46.734  -5.784 0.0000000000
41755  23.356  -46.131  -5.928 0.0000000000
41756  22.674  -46.297  -6.095 0.0000000000
41757  21.878  -46.258  -6.360 0.0000000000
41758  21.101  -46.411  -6.735 0.0000000000
41762  20.417  -46.364  -7.125 0.0000000000
41763  19.763  -46.336  -7.386 0.0000000000
41764  18.967  -46.485  -7.612 0.0000000000
42674  31.348  -45.887  -4.551 0.0000000000
42675  30.459  -45.615  -4.444 0.0000000000
42676  29.467  -45.543  -4.470 0.0000000000
42677  28.489  -45.520  -4.558 0.0000000000
42678  27.534  -45.510  -4.677 0.0000000000
42679  26.714  -45.473  -4.937 0.0000000000
42687  33.374  -45.854  -5.740 0.0000000000
42688  32.735  -45.611  -5.189 0.0000000000
42689  31.969  -45.314  -4.737 0.0000000000
42690  26.041  -45.498  -5.330 0.0000000000
42691  25.258  -45.551  -5.550 0.0000000000
42692  24.393  -45.541  -5.772 0.0000000000
42693  23.752  -45.736  -5.883 0.0000000000
42700  23.874  -45.182  -6.020 0.0000000000
42701  23.263  -45.406  -6.219 0.0000000000
42702  22.387  -45.379  -6.436 0.0000000000
42703  21.519  -45.421  -6.744 0.0000000000
42704  20.894  -45.754  -7.040 0.0000000000
42711  21.030  -45.132  -7.127 0.0000000000
42712  20.359  -45.412  -7.345 0.0000000000
42713  19.464  -45.438  -7.561 0.0000000000
42714  18.614  -45.485  -7.618 0.0000000000
43643  31.150  -44.582  -4.422 0.0000000000
43644  29.960  -44.558  -4.425 0.0000000000
43645  28.950  -44.544  -4.537 0.0000000000
43646  27.976  -44.536  -4.633 0.0000000000
43647  27.024  -44.545  -4.723 0.0000000000
43648  26.304  -44.631  -5.136 0.0000000000
43663  33.315  -44.687  -5.548 0.0000000000
43664  32.431  -44.624  -4.975 0.0000000000
43665  31.872  -44.602  -4.687 0.0000000000
43666  25.640  -44.656  -5.436 0.0000000000
43667  24.854  -44.619  -5.687 0.0000000000
43668  24.221  -44.715  -5.960 0.0000000000
43676  23.666  -44.520  -6.244 0.0000000000
43677  22.913  -44.497  -6.546 0.0000000000
43678  22.063  -44.449  -6.830 0.0000000000
43679  21.427  -44.690  -7.058 0.0000000000
43690  21.598  -44.115  -7.251 0.0000000000
43691  20.912  -44.387  -7.387 0.0000000000
43692  20.004  -44.448  -7.607 0.0000000000
43693  19.137  -44.449  -7.751 0.0000000000
43694  18.282  -44.402  -7.710 0.0000000000
44566  31.173  -43.270  -4.403 0.0000000000
44567  30.338  -43.526  -4.313 0.0000000000
44568  29.379  -43.570  -4.405 0.0000000000
44569  28.410  -43.569  -4.484 0.0000000000
44570  27.425  -43.556  -4.597 0.0000000000
44571  26.328  -43.540  -4.883 0.0000000000
44572  25.752  -42.956  -5.032 0.0000000000
44587  33.624  -43.414  -5.647 0.0000000000
44588  32.727  -43.629  -5.030 0.0000000000
44589  31.889  -43.892  -4.667 0.0000000000
44590  25.906  -44.097  -5.214 0.0000000000
44591  25.312  -43.540  -5.387 0.0000000000
44592  24.222  -43.702  -5.997 0.0000000000
44601  23.324  -43.582  -6.515 0.0000000000
44602  22.585  -43.612  -6.833 0.0000000000
44603  22.034  -43.547  -7.204 0.0000000000
44619  21.362  -43.436  -7.475 0.0000000000
44620  20.490  -43.470  -7.697 0.0000000000
44621  19.634  -43.529  -7.848 0.0000000000
44622  18.824  -43.370  -8.004 0.0000000000
44623  17.923  -43.229  -7.764 0.0000000000
44639  18.698  -42.849  -8.073 0.0000000000
44640  18.477  -43.011  -7.998 0.0000000000
45565  31.070  -42.429  -4.510 0.0000000000
45566  30.548  -42.596  -4.426 0.0000000000
45567  29.757  -42.624  -4.386 0.0000000000
45568  28.837  -42.629  -4.383 0.0000000000
45569  27.890  -42.597  -4.446 0.0000000000
45570  26.923  -42.545  -4.581 0.0000000000
45571  26.030  -42.395  -4.740 0.0000000000
45587  33.580  -42.374  -5.589 0.0000000000
45588  32.904  -42.474  -5.097 0.0000000000
45589  31.875  -42.664  -4.646 0.0000000000
45590  25.303  -42.342  -5.151 0.0000000000
45591  24.442  -42.368  -5.735 0.0000000000
45606  23.620  -42.558  -6.413 0.0000000000
45607  22.799  -42.611  -6.998 0.0000000000
45608  22.380  -43.077  -7.129 0.0000000000
45620  22.480  -42.122  -7.311 0.0000000000
45621  21.989  -42.541  -7.403 0.0000000000
45622  20.968  -42.507  -7.698 0.0000000000
45623  19.929  -42.467  -7.965 0.0000000000
45624  19.369  -42.955  -8.041 0.0000000000
45635  19.477  -41.914  -8.148 0.0000000000
45636  19.030  -42.403  -8.162 0.0000000000
45637  18.412  -42.552  -7.954 0.0000000000
46648  30.701  -42.074  -4.540 0.0000000000
46649  30.169  -41.708  -4.557 0.0000000000
46650  29.234  -41.769  -4.470 0.0000000000
46651  28.338  -41.680  -4.448 0.0000000000
46652  27.394  -41.611  -4.469 0.0000000000
46653  26.472  -41.564  -4.574 0.0000000000
46654  25.557  -41.357  -4.810 0.0000000000
46666  33.035  -41.360  -5.454 0.0000000000
46667  32.051  -41.481  -4.946 0.0000000000
46668  30.974  -41.585  -4.626 0.0000000000
46669  30.438  -41.310  -4.615 0.0000000000
46670  24.722  -41.421  -5.334 0.0000000000
46671  24.162  -41.390  -5.783 0.0000000000
46682  33.939  -41.801  -5.916 0.0000000000
46683  23.763  -41.581  -6.211 0.0000000000
46684  23.062  -41.504  -6.954 0.0000000000
46685  22.546  -40.936  -7.208 0.0000000000
46696  22.696  -41.916  -7.222 0.0000000000
46697  22.229  -41.419  -7.405 0.0000000000
46698  21.342  -41.557  -7.661 0.0000000000
46699  20.556  -41.542  -7.903 0.0000000000
46711  19.801  -41.363  -8.157 0.0000000000
47731  29.493  -41.076  -4.574 0.0000000000
47732  28.765  -40.948  -4.528 0.0000000000
47733  27.851  -40.566  -4.561 0.0000000000
47734  26.856  -40.740  -4.520 0.0000000000
47735  26.089  -40.742  -4.623 0.0000000000
47736  25.564  -40.499  -4.796 0.0000000000
47748  32.838  -40.236  -5.586 0.0000000000
47749  32.117  -40.439  -5.312 0.0000000000
47750  31.187  -40.493  -4.950 0.0000000000
47751  30.145  -40.683  -4.736 0.0000000000
47752  29.099  -40.329  -4.659 0.0000000000
47753  28.498  -40.336  -4.619 0.0000000000
47754  24.941  -40.511  -5.122 0.0000000000
47755  24.046  -40.532  -5.713 0.0000000000
47756  23.506  -40.179  -5.984 0.0000000000
47766  34.175  -40.305  -6.115 0.0000000000
47767  33.644  -40.742  -5.822 0.0000000000
47768  23.835  -41.033  -5.997 0.0000000000
47769  23.388  -40.615  -6.334 0.0000000000
47770  22.698  -40.453  -6.975 0.0000000000
47783  22.149  -40.380  -7.470 0.0000000000
47784  21.317  -40.410  -7.860 0.0000000000
47785  20.902  -40.965  -7.875 0.0000000000
47797  20.769  -39.852  -8.198 0.0000000000
47798  20.341  -40.407  -8.187 0.0000000000
48794  27.599  -39.818  -4.738 0.0000000000
48795  27.039  -39.954  -4.700 0.0000000000
48796  26.276  -40.097  -4.688 0.0000000000
48797  25.843  -40.244  -4.728 0.0000000000
48807  32.670  -39.661  -5.653 0.0000000000
48808  32.193  -39.684  -5.538 0.0000000000
48809  31.313  -39.439  -5.475 0.0000000000
48810  30.345  -39.607  -5.202 0.0000000000
48811  29.355  -39.535  -5.020 0.0000000000
48812  28.236  -39.566  -4.844 0.0000000000
48813  27.240  -39.287  -4.985 0.0000000000
48814  26.387  -39.351  -4.976 0.0000000000
48815  25.467  -39.685  -4.990 0.0000000000
48816  24.395  -39.591  -5.423 0.0000000000
48817  23.368  -39.537  -5.813 0.0000000000
48818  22.715  -39.090  -6.057 0.0000000000
48830  33.270  -39.563  -5.851 0.0000000000
48831  32.328  -39.188  -5.722 0.0000000000
48832  31.830  -39.215  -5.639 0.0000000000
48833  23.241  -40.000  -6.140 0.0000000000
48834  22.714  -39.646  -6.472 0.0000000000
48849  22.200  -39.618  -7.220 0.0000000000
48850  21.634  -39.478  -7.795 0.0000000000
48858  20.980  -39.333  -8.205 0.0000000000
48859  20.316  -39.301  -8.397 0.0000000000
49872  30.920  -38.780  -5.770 0.0000000000
49873  30.405  -38.839  -5.655 0.0000000000
49874  29.608  -38.803  -5.506 0.0000000000
49875  28.595  -38.489  -5.510 0.0000000000
49876  27.545  -38.594  -5.358 0.0000000000
49902  29.192  -38.286  -5.777 0.0000000000
49918  22.164  -39.128  -6.904 0.0000000000
50892  28.244  -37.856  -5.918 0.0000000000
50893  27.690  -37.899  -5.785 0.0000000000
