#!ascii label  , from subject FREESURFER vox2ras=TkReg 
867
1321  24.930  -95.278  7.805 0.0000000000
1656  26.445  -94.609  8.277 0.0000000000
1657  25.664  -94.911  7.947 0.0000000000
1668  25.937  -94.260  7.708 0.0000000000
1669  25.262  -94.405  7.253 0.0000000000
1670  24.479  -94.736  7.153 0.0000000000
1671  23.618  -94.771  7.048 0.0000000000
1686  25.095  -94.136  6.915 0.0000000000
1687  24.794  -94.137  6.827 0.0000000000
1688  24.069  -94.082  6.692 0.0000000000
1689  23.180  -93.952  6.696 0.0000000000
1690  22.423  -93.896  6.871 0.0000000000
2028  28.001  -93.434  9.602 0.0000000000
2042  27.550  -93.364  9.244 0.0000000000
2043  27.061  -93.598  8.591 0.0000000000
2056  26.387  -93.531  7.834 0.0000000000
2057  25.731  -93.636  7.185 0.0000000000
2058  22.068  -92.962  7.361 0.0000000000
2073  25.157  -93.794  6.833 0.0000000000
2074  24.574  -93.457  6.655 0.0000000000
2075  23.751  -93.225  6.584 0.0000000000
2076  22.736  -92.977  6.792 0.0000000000
2396  30.032  -92.002  10.327 0.0000000000
2397  29.424  -92.495  10.404 0.0000000000
2398  28.494  -92.564  10.317 0.0000000000
2399  27.990  -92.183  10.213 0.0000000000
2400  22.197  -92.074  10.115 0.0000000000
2407  28.198  -93.061  10.027 0.0000000000
2408  27.750  -92.682  9.867 0.0000000000
2409  22.320  -91.926  9.460 0.0000000000
2422  27.328  -92.733  8.963 0.0000000000
2423  26.787  -92.801  8.191 0.0000000000
2424  22.456  -91.882  8.819 0.0000000000
2442  26.409  -92.816  7.708 0.0000000000
2443  25.993  -92.785  7.258 0.0000000000
2444  23.340  -91.961  7.234 0.0000000000
2445  22.606  -92.231  7.724 0.0000000000
2460  25.211  -92.885  6.785 0.0000000000
2461  24.418  -92.650  6.633 0.0000000000
2462  23.633  -92.345  6.781 0.0000000000
2463  23.047  -92.334  7.070 0.0000000000
2771  22.053  -90.954  12.289 0.0000000000
2779  30.394  -91.001  10.698 0.0000000000
2780  30.191  -90.936  10.806 0.0000000000
2781  22.167  -91.735  11.876 0.0000000000
2782  21.925  -90.861  11.442 0.0000000000
2786  30.312  -91.150  10.527 0.0000000000
2787  29.849  -91.268  10.821 0.0000000000
2788  28.926  -91.561  10.721 0.0000000000
2789  28.177  -91.578  10.362 0.0000000000
2790  22.137  -91.353  10.621 0.0000000000
2791  21.917  -90.715  10.847 0.0000000000
2795  27.721  -91.721  9.954 0.0000000000
2796  22.469  -91.325  9.442 0.0000000000
2801  27.493  -91.833  9.272 0.0000000000
2802  27.008  -91.875  8.377 0.0000000000
2803  23.150  -90.958  8.311 0.0000000000
2804  22.758  -91.281  8.690 0.0000000000
2815  26.408  -92.160  7.610 0.0000000000
2816  25.440  -91.751  7.021 0.0000000000
2817  24.434  -91.186  7.213 0.0000000000
2818  23.507  -91.272  7.669 0.0000000000
2819  22.892  -91.507  8.228 0.0000000000
2834  24.896  -92.259  6.701 0.0000000000
2835  24.446  -91.902  6.751 0.0000000000
2836  23.830  -91.638  6.993 0.0000000000
3162  24.489  -89.759  22.324 0.0000000000
3163  24.224  -89.876  22.350 0.0000000000
3164  23.652  -89.962  22.224 0.0000000000
3168  24.920  -90.242  21.290 0.0000000000
3169  24.662  -90.059  21.739 0.0000000000
3175  25.076  -90.464  20.763 0.0000000000
3239  22.805  -90.653  14.068 0.0000000000
3251  22.265  -90.375  12.956 0.0000000000
3252  21.808  -90.031  12.000 0.0000000000
3262  30.452  -90.619  10.648 0.0000000000
3263  30.261  -90.628  10.816 0.0000000000
3264  21.653  -90.142  11.051 0.0000000000
3275  30.778  -90.611  10.177 0.0000000000
3276  29.995  -90.330  10.947 0.0000000000
3277  29.300  -90.560  10.926 0.0000000000
3278  28.434  -90.606  10.655 0.0000000000
3279  22.275  -90.786  9.875 0.0000000000
3280  21.984  -90.388  10.296 0.0000000000
3283  30.704  -90.638  9.622 0.0000000000
3284  27.662  -90.586  9.884 0.0000000000
3285  27.171  -89.971  9.277 0.0000000000
3286  22.403  -90.336  9.303 0.0000000000
3287  22.185  -90.328  9.753 0.0000000000
3292  27.528  -91.216  9.523 0.0000000000
3293  27.065  -90.726  8.838 0.0000000000
3294  26.135  -90.157  8.170 0.0000000000
3295  23.020  -90.561  8.264 0.0000000000
3296  22.773  -90.641  8.700 0.0000000000
3302  26.311  -91.095  7.771 0.0000000000
3303  25.224  -90.422  7.579 0.0000000000
3304  24.126  -90.324  7.589 0.0000000000
3305  23.373  -90.326  7.994 0.0000000000
3650  24.620  -89.028  23.662 0.0000000000
3651  24.269  -89.160  23.522 0.0000000000
3657  24.584  -89.369  22.830 0.0000000000
3658  23.782  -89.466  22.928 0.0000000000
3665  25.059  -90.052  21.291 0.0000000000
3666  24.932  -89.395  21.720 0.0000000000
3671  25.375  -89.730  20.619 0.0000000000
3672  25.107  -89.169  21.127 0.0000000000
3675  25.872  -89.826  19.473 0.0000000000
3679  26.264  -89.602  18.391 0.0000000000
3689  26.392  -89.388  17.502 0.0000000000
3717  25.237  -89.061  15.071 0.0000000000
3718  24.711  -89.795  14.944 0.0000000000
3719  24.087  -90.111  14.606 0.0000000000
3727  24.489  -89.049  14.171 0.0000000000
3728  23.793  -89.526  13.932 0.0000000000
3729  22.835  -89.711  13.398 0.0000000000
3739  23.258  -89.111  13.072 0.0000000000
3740  22.507  -89.301  12.502 0.0000000000
3741  22.033  -89.360  11.957 0.0000000000
3750  30.510  -90.330  10.726 0.0000000000
3751  30.427  -90.093  10.853 0.0000000000
3752  22.275  -88.952  11.831 0.0000000000
3753  21.900  -89.239  11.311 0.0000000000
3765  31.492  -89.164  10.158 0.0000000000
3766  30.906  -89.841  10.554 0.0000000000
3767  30.412  -89.752  10.785 0.0000000000
3768  29.761  -89.720  10.844 0.0000000000
3769  28.899  -89.664  10.741 0.0000000000
3770  21.848  -89.495  10.455 0.0000000000
3783  31.656  -89.072  10.038 0.0000000000
3784  31.327  -89.652  9.957 0.0000000000
3785  28.024  -89.537  10.394 0.0000000000
3786  27.334  -89.225  9.587 0.0000000000
3787  22.303  -89.803  9.139 0.0000000000
3788  22.113  -89.689  9.598 0.0000000000
3797  30.830  -89.808  9.281 0.0000000000
3799  26.529  -89.440  8.788 0.0000000000
3800  25.516  -89.334  8.089 0.0000000000
3801  22.913  -90.160  8.278 0.0000000000
3802  22.512  -89.651  8.637 0.0000000000
3803  22.244  -89.505  9.078 0.0000000000
3812  24.554  -89.379  7.736 0.0000000000
3813  23.686  -89.454  7.750 0.0000000000
3814  22.974  -89.488  8.002 0.0000000000
3815  22.667  -89.168  8.209 0.0000000000
4133  25.682  -88.200  24.360 0.0000000000
4134  25.446  -88.242  24.269 0.0000000000
4135  25.080  -88.372  24.350 0.0000000000
4140  25.584  -88.215  24.136 0.0000000000
4141  25.118  -88.648  23.833 0.0000000000
4142  24.445  -88.688  24.107 0.0000000000
4143  23.693  -88.422  23.816 0.0000000000
4147  25.528  -88.182  23.690 0.0000000000
4148  25.162  -88.442  22.745 0.0000000000
4149  23.828  -88.983  23.603 0.0000000000
4150  23.074  -88.672  23.023 0.0000000000
4155  24.955  -88.552  21.499 0.0000000000
4162  25.473  -89.254  19.820 0.0000000000
4163  25.080  -88.717  20.443 0.0000000000
4172  25.731  -89.123  19.075 0.0000000000
4173  25.294  -88.598  19.407 0.0000000000
4183  25.784  -88.722  18.414 0.0000000000
4184  25.508  -88.610  18.856 0.0000000000
4197  26.128  -88.787  17.749 0.0000000000
4207  26.211  -88.764  16.976 0.0000000000
4219  26.063  -88.689  16.102 0.0000000000
4228  25.638  -88.460  15.198 0.0000000000
4229  25.071  -88.435  14.265 0.0000000000
4239  24.422  -88.570  13.526 0.0000000000
4240  23.861  -88.613  13.009 0.0000000000
4251  23.271  -88.569  12.496 0.0000000000
4252  22.763  -88.538  12.006 0.0000000000
4263  22.406  -88.520  11.264 0.0000000000
4264  22.083  -88.803  11.115 0.0000000000
4268  31.512  -88.811  10.363 0.0000000000
4269  30.877  -89.138  10.673 0.0000000000
4270  30.398  -88.947  10.746 0.0000000000
4271  29.503  -88.779  10.677 0.0000000000
4272  28.593  -88.667  10.481 0.0000000000
4273  22.394  -88.306  10.758 0.0000000000
4274  22.071  -88.748  10.725 0.0000000000
4283  31.980  -88.576  10.058 0.0000000000
4284  31.747  -88.863  9.970 0.0000000000
4285  27.855  -88.477  10.078 0.0000000000
4286  27.366  -88.235  9.562 0.0000000000
4287  22.337  -88.267  10.331 0.0000000000
4288  22.074  -88.740  9.849 0.0000000000
4301  32.165  -88.411  9.806 0.0000000000
4302  31.485  -88.734  9.444 0.0000000000
4304  26.795  -88.394  9.026 0.0000000000
4305  25.990  -88.406  8.347 0.0000000000
4306  22.456  -88.758  8.342 0.0000000000
4307  22.155  -88.880  9.003 0.0000000000
4320  24.954  -88.253  7.777 0.0000000000
4321  23.957  -88.509  7.563 0.0000000000
4322  23.183  -88.688  7.708 0.0000000000
4323  22.746  -88.831  7.965 0.0000000000
4696  25.655  -87.953  24.225 0.0000000000
4697  25.383  -87.805  24.494 0.0000000000
4698  24.799  -88.094  24.485 0.0000000000
4703  25.903  -87.745  23.910 0.0000000000
4704  24.881  -87.525  24.603 0.0000000000
4705  24.128  -87.739  24.279 0.0000000000
4706  23.259  -87.670  23.520 0.0000000000
4711  25.593  -87.629  23.308 0.0000000000
4712  25.294  -87.496  22.583 0.0000000000
4720  24.940  -87.628  21.845 0.0000000000
4728  24.704  -87.604  20.753 0.0000000000
4738  24.836  -87.790  19.647 0.0000000000
4750  25.753  -88.226  17.938 0.0000000000
4751  25.299  -87.912  18.551 0.0000000000
4765  25.848  -88.135  17.293 0.0000000000
4766  25.524  -87.683  17.684 0.0000000000
4781  25.887  -87.879  16.505 0.0000000000
4793  26.001  -87.580  15.555 0.0000000000
4803  25.746  -87.423  14.440 0.0000000000
4804  25.323  -87.616  13.819 0.0000000000
4811  25.428  -86.987  13.591 0.0000000000
4812  24.821  -87.602  13.095 0.0000000000
4813  24.292  -88.152  12.936 0.0000000000
4822  24.532  -87.307  12.424 0.0000000000
4823  23.945  -87.770  12.223 0.0000000000
4824  23.265  -88.191  12.106 0.0000000000
4838  23.492  -87.430  11.204 0.0000000000
4839  23.078  -87.970  11.615 0.0000000000
4849  32.987  -87.551  10.099 0.0000000000
4850  32.405  -87.883  10.250 0.0000000000
4851  31.341  -88.143  10.623 0.0000000000
4852  30.296  -87.893  10.703 0.0000000000
4853  29.182  -87.660  10.509 0.0000000000
4854  28.365  -87.864  10.250 0.0000000000
4855  23.313  -87.376  10.797 0.0000000000
4856  22.843  -87.728  10.695 0.0000000000
4860  33.181  -87.373  9.983 0.0000000000
4861  32.706  -87.898  9.944 0.0000000000
4862  28.565  -87.165  10.231 0.0000000000
4863  27.880  -87.408  9.728 0.0000000000
4864  27.213  -87.718  9.168 0.0000000000
4865  22.430  -87.836  9.681 0.0000000000
4866  22.228  -88.363  9.212 0.0000000000
4874  33.084  -87.377  9.728 0.0000000000
4875  32.324  -87.706  9.377 0.0000000000
4878  27.417  -87.036  9.016 0.0000000000
4879  26.630  -87.385  8.440 0.0000000000
4880  25.720  -87.619  7.894 0.0000000000
4881  22.304  -87.989  8.730 0.0000000000
4882  22.248  -88.406  8.943 0.0000000000
4895  25.994  -86.839  7.678 0.0000000000
4896  25.084  -87.100  7.394 0.0000000000
4897  24.175  -87.460  7.330 0.0000000000
4898  23.349  -87.790  7.497 0.0000000000
4899  22.608  -88.050  7.806 0.0000000000
5335  26.686  -86.400  23.928 0.0000000000
5336  26.123  -86.982  24.182 0.0000000000
5337  25.432  -86.961  24.636 0.0000000000
5345  26.563  -86.526  23.736 0.0000000000
5346  26.110  -86.867  23.448 0.0000000000
5347  24.642  -86.828  24.484 0.0000000000
5348  23.663  -86.577  23.740 0.0000000000
5349  23.003  -87.005  23.182 0.0000000000
5358  25.585  -86.810  22.753 0.0000000000
5359  25.116  -86.792  22.012 0.0000000000
5360  23.481  -85.756  23.114 0.0000000000
5361  22.867  -86.255  22.700 0.0000000000
5369  24.756  -86.774  21.173 0.0000000000
5378  24.604  -86.795  20.555 0.0000000000
5391  24.541  -86.848  19.900 0.0000000000
5403  24.683  -86.930  18.840 0.0000000000
5415  25.608  -87.419  17.052 0.0000000000
5416  25.155  -86.786  17.638 0.0000000000
5433  31.059  -86.267  16.800 0.0000000000
5434  25.701  -86.601  16.316 0.0000000000
5435  25.261  -85.953  16.979 0.0000000000
5450  26.103  -86.432  15.012 0.0000000000
5463  25.770  -86.345  13.986 0.0000000000
5469  25.470  -86.305  13.354 0.0000000000
5470  25.181  -86.605  12.948 0.0000000000
5476  24.813  -86.829  12.430 0.0000000000
5477  24.476  -87.069  12.043 0.0000000000
5486  24.648  -86.513  11.915 0.0000000000
5487  24.174  -86.847  11.405 0.0000000000
5498  33.870  -86.521  10.209 0.0000000000
5499  33.403  -86.941  10.224 0.0000000000
5500  32.372  -87.073  10.594 0.0000000000
5501  31.244  -87.010  10.714 0.0000000000
5502  30.106  -86.789  10.580 0.0000000000
5503  29.161  -86.556  10.405 0.0000000000
5504  23.516  -86.919  10.570 0.0000000000
5505  22.954  -87.160  9.948 0.0000000000
5515  33.991  -86.496  10.043 0.0000000000
5516  33.585  -86.935  9.803 0.0000000000
5517  28.520  -86.422  9.961 0.0000000000
5518  27.899  -86.299  9.366 0.0000000000
5519  23.259  -86.538  9.821 0.0000000000
5520  22.751  -86.776  9.106 0.0000000000
5524  33.966  -86.265  9.492 0.0000000000
5525  33.112  -86.698  9.185 0.0000000000
5528  27.270  -86.190  8.472 0.0000000000
5529  26.623  -86.641  8.015 0.0000000000
5530  22.692  -87.112  8.186 0.0000000000
5541  27.206  -85.439  7.878 0.0000000000
5542  26.517  -86.005  7.558 0.0000000000
5543  25.402  -86.080  7.069 0.0000000000
5544  24.352  -86.222  7.079 0.0000000000
5545  23.539  -86.798  7.486 0.0000000000
5546  22.990  -87.249  7.705 0.0000000000
5562  25.044  -85.651  6.823 0.0000000000
5563  24.833  -85.854  6.899 0.0000000000
5960  27.257  -85.724  23.989 0.0000000000
5961  26.841  -85.978  24.042 0.0000000000
5962  26.125  -86.243  24.640 0.0000000000
5963  25.287  -86.182  24.666 0.0000000000
5972  27.431  -85.702  23.809 0.0000000000
5973  27.039  -86.077  23.560 0.0000000000
5974  26.669  -86.324  23.244 0.0000000000
5975  24.563  -85.898  24.301 0.0000000000
5976  23.988  -85.462  23.688 0.0000000000
5985  27.568  -85.463  23.080 0.0000000000
5986  27.089  -85.948  22.750 0.0000000000
5987  26.227  -85.992  22.509 0.0000000000
5988  25.462  -86.207  22.124 0.0000000000
5989  23.696  -85.126  23.046 0.0000000000
5990  23.233  -85.277  22.499 0.0000000000
5998  27.301  -85.436  22.455 0.0000000000
5999  27.109  -85.627  22.346 0.0000000000
6000  25.594  -85.646  21.813 0.0000000000
6001  24.985  -85.907  21.397 0.0000000000
6002  22.464  -85.290  22.065 0.0000000000
6010  24.560  -86.012  20.375 0.0000000000
6022  24.583  -85.979  19.227 0.0000000000
6033  30.713  -85.484  18.273 0.0000000000
6034  30.194  -85.647  18.232 0.0000000000
6035  29.868  -85.702  18.120 0.0000000000
6036  24.705  -86.093  18.311 0.0000000000
6047  31.080  -85.427  17.925 0.0000000000
6048  30.641  -85.806  17.755 0.0000000000
6049  30.100  -85.910  17.704 0.0000000000
6050  24.921  -85.670  17.614 0.0000000000
6065  31.375  -85.629  17.172 0.0000000000
6066  30.578  -86.043  16.954 0.0000000000
6067  29.938  -85.873  17.211 0.0000000000
6068  25.475  -85.537  16.446 0.0000000000
6069  25.157  -85.197  17.007 0.0000000000
6082  25.755  -85.283  15.556 0.0000000000
6095  25.901  -85.385  14.358 0.0000000000
6103  25.603  -85.538  13.273 0.0000000000
6104  25.361  -86.070  12.963 0.0000000000
6110  25.402  -85.177  12.680 0.0000000000
6111  25.113  -85.825  12.327 0.0000000000
6119  24.534  -85.940  11.459 0.0000000000
6120  24.085  -86.046  10.819 0.0000000000
6129  34.399  -85.741  10.087 0.0000000000
6130  34.059  -86.108  10.248 0.0000000000
6131  33.233  -86.164  10.547 0.0000000000
6132  32.175  -86.125  10.630 0.0000000000
6133  31.035  -85.973  10.441 0.0000000000
6134  29.934  -85.711  10.320 0.0000000000
6135  29.107  -85.818  10.140 0.0000000000
6136  23.702  -86.069  10.173 0.0000000000
6146  34.499  -85.544  9.980 0.0000000000
6147  34.429  -85.920  9.872 0.0000000000
6148  29.506  -85.197  9.972 0.0000000000
6149  28.709  -85.319  9.566 0.0000000000
6150  27.926  -85.508  9.041 0.0000000000
6151  23.410  -85.800  9.421 0.0000000000
6152  23.121  -86.063  8.834 0.0000000000
6156  34.411  -85.398  9.739 0.0000000000
6157  34.289  -85.499  9.291 0.0000000000
6158  33.601  -85.665  8.754 0.0000000000
6160  28.232  -84.797  9.075 0.0000000000
6161  27.720  -84.993  8.480 0.0000000000
6162  23.318  -85.460  8.609 0.0000000000
6163  23.044  -86.242  8.337 0.0000000000
6170  27.380  -84.753  7.827 0.0000000000
6171  26.799  -84.996  7.273 0.0000000000
6172  26.084  -85.477  6.957 0.0000000000
6173  24.103  -85.423  7.084 0.0000000000
6174  23.568  -85.554  7.661 0.0000000000
6175  23.094  -86.571  7.823 0.0000000000
6184  26.127  -84.745  6.741 0.0000000000
6185  25.371  -85.217  6.744 0.0000000000
6186  24.638  -85.373  6.859 0.0000000000
6613  27.313  -85.511  24.065 0.0000000000
6614  26.674  -85.513  24.361 0.0000000000
6615  25.781  -85.532  24.540 0.0000000000
6616  25.171  -85.635  24.412 0.0000000000
6626  28.001  -84.791  23.264 0.0000000000
6627  27.838  -85.109  23.651 0.0000000000
6628  27.313  -84.949  24.182 0.0000000000
6629  26.320  -84.836  24.225 0.0000000000
6630  24.986  -84.881  24.000 0.0000000000
6631  24.081  -84.782  23.391 0.0000000000
6640  28.131  -84.540  22.965 0.0000000000
6641  27.980  -84.764  22.932 0.0000000000
6642  26.860  -85.705  22.306 0.0000000000
6643  26.579  -85.495  22.105 0.0000000000
6644  24.397  -84.272  23.277 0.0000000000
6645  23.628  -84.349  22.709 0.0000000000
6646  22.991  -84.654  22.106 0.0000000000
6653  29.352  -84.267  21.738 0.0000000000
6654  28.793  -84.426  22.166 0.0000000000
6655  27.850  -84.868  22.005 0.0000000000
6656  27.011  -85.201  21.919 0.0000000000
6657  26.112  -85.072  21.646 0.0000000000
6658  25.400  -85.220  21.250 0.0000000000
6659  23.184  -84.031  21.989 0.0000000000
6660  22.496  -84.259  21.534 0.0000000000
6669  30.170  -84.455  20.720 0.0000000000
6670  29.589  -84.499  21.077 0.0000000000
6671  28.644  -84.658  20.800 0.0000000000
6672  27.912  -84.542  21.020 0.0000000000
6673  25.605  -84.553  20.716 0.0000000000
6674  24.948  -85.125  20.599 0.0000000000
6686  30.245  -84.794  20.015 0.0000000000
6687  29.328  -85.058  19.989 0.0000000000
6688  28.877  -84.961  19.793 0.0000000000
6689  25.133  -84.507  20.049 0.0000000000
6690  24.801  -84.995  19.581 0.0000000000
6704  31.176  -84.764  18.380 0.0000000000
6705  30.485  -85.140  18.843 0.0000000000
6706  29.576  -85.344  18.796 0.0000000000
6707  29.135  -85.220  19.423 0.0000000000
6708  24.810  -85.125  18.401 0.0000000000
6723  31.425  -84.818  17.714 0.0000000000
6724  29.721  -85.647  17.800 0.0000000000
6725  24.989  -84.921  17.562 0.0000000000
6741  32.317  -84.664  16.810 0.0000000000
6742  31.820  -84.354  17.263 0.0000000000
6743  30.142  -85.638  16.533 0.0000000000
6744  29.635  -85.343  17.061 0.0000000000
6745  25.344  -84.704  16.427 0.0000000000
6746  25.175  -84.455  17.130 0.0000000000
6765  25.514  -84.163  15.763 0.0000000000
6788  25.891  -84.170  14.721 0.0000000000
6804  25.868  -84.555  13.692 0.0000000000
6815  25.585  -84.643  12.926 0.0000000000
6816  25.270  -84.731  12.232 0.0000000000
6822  24.726  -84.940  11.328 0.0000000000
6823  24.365  -85.478  11.002 0.0000000000
6831  34.319  -85.482  10.143 0.0000000000
6832  33.869  -85.326  10.393 0.0000000000
6833  32.980  -85.325  10.489 0.0000000000
6834  31.932  -85.172  10.422 0.0000000000
6835  30.867  -84.970  10.255 0.0000000000
6836  30.110  -84.817  10.120 0.0000000000
6837  24.496  -84.652  10.836 0.0000000000
6838  24.151  -85.054  10.364 0.0000000000
6848  34.369  -85.131  9.895 0.0000000000
6849  33.538  -84.731  10.324 0.0000000000
6850  32.778  -84.503  10.262 0.0000000000
6851  31.705  -84.258  10.193 0.0000000000
6852  30.674  -84.092  10.160 0.0000000000
6853  29.659  -84.263  9.799 0.0000000000
6854  28.748  -84.147  9.364 0.0000000000
6855  23.644  -84.715  9.252 0.0000000000
6861  34.347  -84.822  9.391 0.0000000000
6864  28.090  -84.062  8.846 0.0000000000
6865  27.699  -84.125  8.133 0.0000000000
6866  23.557  -84.557  8.339 0.0000000000
6874  27.285  -84.108  7.448 0.0000000000
6875  26.698  -84.175  6.925 0.0000000000
6876  24.162  -84.553  7.066 0.0000000000
6877  23.733  -84.391  7.689 0.0000000000
6886  26.127  -84.031  6.679 0.0000000000
6887  25.494  -84.356  6.653 0.0000000000
6888  24.866  -84.685  6.720 0.0000000000
7377  27.983  -84.612  23.322 0.0000000000
7378  27.764  -84.511  23.585 0.0000000000
7379  26.985  -84.269  23.696 0.0000000000
7380  25.926  -84.050  23.694 0.0000000000
7381  25.024  -83.960  23.408 0.0000000000
7391  28.232  -84.156  22.996 0.0000000000
7392  27.640  -83.731  23.238 0.0000000000
7393  26.678  -83.369  23.226 0.0000000000
7394  25.539  -83.282  23.062 0.0000000000
7395  24.411  -83.498  22.791 0.0000000000
7396  23.602  -83.474  22.209 0.0000000000
7405  29.403  -83.643  21.812 0.0000000000
7406  28.754  -83.682  22.533 0.0000000000
7407  27.315  -84.512  21.261 0.0000000000
7408  26.606  -84.470  21.269 0.0000000000
7409  26.110  -84.468  21.084 0.0000000000
7410  23.161  -83.353  21.571 0.0000000000
7423  30.383  -84.230  20.559 0.0000000000
7424  30.138  -83.898  21.021 0.0000000000
7425  28.056  -84.371  20.452 0.0000000000
7426  27.485  -83.869  20.543 0.0000000000
7427  26.850  -83.829  20.898 0.0000000000
7428  26.181  -83.913  20.651 0.0000000000
7441  30.543  -83.721  20.069 0.0000000000
7442  30.399  -83.825  20.599 0.0000000000
7443  28.333  -84.224  19.756 0.0000000000
7444  27.904  -83.961  20.151 0.0000000000
7445  25.537  -83.782  19.752 0.0000000000
7446  25.127  -84.342  19.552 0.0000000000
7460  31.422  -83.997  18.531 0.0000000000
7461  31.031  -84.177  19.211 0.0000000000
7462  29.100  -85.068  18.516 0.0000000000
7463  28.868  -84.875  19.049 0.0000000000
7464  25.483  -83.496  18.927 0.0000000000
7465  25.134  -84.170  18.867 0.0000000000
7477  32.210  -83.241  17.327 0.0000000000
7478  31.794  -83.661  17.726 0.0000000000
7479  29.317  -84.967  17.855 0.0000000000
7480  25.425  -83.443  18.162 0.0000000000
7481  25.126  -84.246  17.739 0.0000000000
7495  33.140  -83.715  16.613 0.0000000000
7496  32.338  -83.481  17.045 0.0000000000
7497  31.911  -83.799  17.304 0.0000000000
7498  29.871  -84.830  16.299 0.0000000000
7499  29.552  -84.342  16.908 0.0000000000
7500  25.397  -83.637  16.879 0.0000000000
7501  25.204  -84.101  17.238 0.0000000000
7518  25.711  -83.067  15.469 0.0000000000
7539  25.851  -83.158  14.471 0.0000000000
7553  25.906  -83.615  13.805 0.0000000000
7567  25.733  -83.982  13.199 0.0000000000
7568  25.486  -83.909  12.541 0.0000000000
7578  25.129  -83.915  11.699 0.0000000000
7585  34.194  -84.996  10.114 0.0000000000
7586  33.968  -84.657  10.197 0.0000000000
7587  24.628  -84.013  10.779 0.0000000000
7588  24.171  -83.890  9.805 0.0000000000
7597  34.214  -84.338  9.746 0.0000000000
7598  33.636  -83.957  10.016 0.0000000000
7599  32.600  -83.651  9.934 0.0000000000
7600  31.504  -83.369  10.018 0.0000000000
7601  30.443  -83.218  9.912 0.0000000000
7602  29.445  -83.192  9.483 0.0000000000
7603  28.683  -83.448  9.032 0.0000000000
7604  23.802  -83.763  8.929 0.0000000000
7611  29.106  -82.751  8.892 0.0000000000
7612  28.292  -83.202  8.149 0.0000000000
7613  27.708  -83.673  7.761 0.0000000000
7614  23.756  -83.590  8.103 0.0000000000
7624  28.069  -82.824  7.552 0.0000000000
7625  27.594  -83.194  7.238 0.0000000000
7626  27.104  -83.731  7.003 0.0000000000
7627  24.419  -83.430  7.131 0.0000000000
7628  23.923  -83.776  7.468 0.0000000000
7637  27.230  -82.766  6.766 0.0000000000
7638  26.653  -83.295  6.731 0.0000000000
7639  25.683  -83.517  6.662 0.0000000000
7640  24.888  -83.902  6.718 0.0000000000
8151  28.193  -83.396  22.804 0.0000000000
8152  27.530  -82.694  22.718 0.0000000000
8153  26.274  -82.404  22.578 0.0000000000
8154  24.988  -82.645  22.416 0.0000000000
8155  24.054  -82.839  22.089 0.0000000000
8156  23.576  -83.016  21.810 0.0000000000
8167  29.097  -82.322  21.558 0.0000000000
8168  28.448  -82.669  22.298 0.0000000000
8169  27.891  -82.375  22.420 0.0000000000
8170  26.203  -81.734  22.011 0.0000000000
8171  25.379  -81.913  21.975 0.0000000000
8172  24.426  -82.153  21.805 0.0000000000
8173  23.567  -82.407  21.334 0.0000000000
8174  23.078  -82.896  21.118 0.0000000000
8189  29.936  -82.142  20.507 0.0000000000
8190  29.716  -82.819  21.083 0.0000000000
8191  27.226  -83.226  20.199 0.0000000000
8192  26.861  -83.339  20.391 0.0000000000
8193  26.531  -83.536  20.502 0.0000000000
8207  30.404  -82.511  19.968 0.0000000000
8208  30.186  -83.192  20.536 0.0000000000
8209  28.170  -83.403  19.336 0.0000000000
8210  27.630  -83.280  19.776 0.0000000000
8211  26.829  -82.820  19.863 0.0000000000
8212  26.273  -83.238  20.072 0.0000000000
8223  31.456  -83.172  18.584 0.0000000000
8224  30.906  -82.890  19.297 0.0000000000
8225  29.041  -84.500  18.374 0.0000000000
8226  28.633  -83.516  18.678 0.0000000000
8227  27.938  -82.682  18.987 0.0000000000
8228  27.079  -82.413  19.129 0.0000000000
8229  26.060  -82.788  18.920 0.0000000000
8241  32.958  -82.341  16.943 0.0000000000
8242  32.532  -82.643  17.232 0.0000000000
8243  31.959  -82.362  17.928 0.0000000000
8244  29.155  -83.664  17.611 0.0000000000
8245  28.810  -82.654  17.779 0.0000000000
8246  25.803  -82.631  17.657 0.0000000000
8263  33.088  -82.654  16.794 0.0000000000
8264  32.640  -82.885  16.989 0.0000000000
8265  29.921  -83.913  16.234 0.0000000000
8266  29.630  -83.093  16.568 0.0000000000
8267  25.817  -82.146  16.470 0.0000000000
8286  29.808  -82.414  16.043 0.0000000000
8287  25.779  -81.967  15.437 0.0000000000
8309  25.815  -82.292  14.648 0.0000000000
8322  25.757  -82.656  13.803 0.0000000000
8334  25.633  -83.196  13.083 0.0000000000
8335  25.310  -82.975  12.233 0.0000000000
8348  24.969  -82.908  11.287 0.0000000000
8363  24.421  -82.733  10.304 0.0000000000
8364  24.102  -83.058  9.406 0.0000000000
8379  33.422  -83.034  9.557 0.0000000000
8380  32.438  -82.793  9.607 0.0000000000
8381  31.372  -82.525  9.626 0.0000000000
8382  30.358  -82.289  9.355 0.0000000000
8383  29.641  -82.548  9.183 0.0000000000
8384  24.203  -82.018  9.301 0.0000000000
8385  24.049  -82.933  8.668 0.0000000000
8394  30.357  -81.766  8.988 0.0000000000
8395  29.808  -81.971  8.764 0.0000000000
8396  29.015  -82.183  8.303 0.0000000000
8397  24.267  -82.192  8.158 0.0000000000
8398  24.051  -82.947  8.154 0.0000000000
8410  28.394  -82.197  7.553 0.0000000000
8411  27.942  -82.614  7.300 0.0000000000
8412  24.611  -82.406  7.297 0.0000000000
8413  24.151  -83.057  7.707 0.0000000000
8425  28.174  -81.733  7.167 0.0000000000
8426  27.725  -82.199  6.906 0.0000000000
8427  26.853  -82.269  6.573 0.0000000000
8428  25.960  -82.553  6.605 0.0000000000
8429  25.105  -82.942  6.810 0.0000000000
8937  27.074  -82.175  22.432 0.0000000000
8938  26.793  -81.871  22.216 0.0000000000
8950  28.902  -81.670  21.304 0.0000000000
8951  28.461  -81.605  21.617 0.0000000000
8952  27.622  -81.837  22.119 0.0000000000
8953  26.749  -81.310  21.845 0.0000000000
8954  25.768  -81.159  21.484 0.0000000000
8955  24.727  -81.539  21.390 0.0000000000
8956  24.111  -81.848  21.319 0.0000000000
8969  29.705  -81.550  20.438 0.0000000000
8970  29.297  -81.586  20.866 0.0000000000
8971  28.786  -81.223  21.192 0.0000000000
8972  25.562  -80.742  21.061 0.0000000000
8988  29.980  -81.311  19.928 0.0000000000
8989  29.531  -81.223  20.405 0.0000000000
9002  31.301  -81.815  18.565 0.0000000000
9003  30.678  -81.802  19.348 0.0000000000
9004  28.261  -82.210  18.161 0.0000000000
9005  27.448  -81.963  18.311 0.0000000000
9006  26.657  -82.045  18.249 0.0000000000
9007  26.178  -82.268  18.064 0.0000000000
9021  33.315  -81.838  17.049 0.0000000000
9022  32.541  -81.540  17.452 0.0000000000
9023  31.922  -81.357  17.885 0.0000000000
9024  29.140  -82.542  17.112 0.0000000000
9025  28.664  -81.598  17.179 0.0000000000
9026  27.833  -81.320  17.690 0.0000000000
9027  26.988  -81.286  17.644 0.0000000000
9028  26.247  -81.715  17.438 0.0000000000
9045  33.639  -82.243  16.838 0.0000000000
9046  33.366  -82.220  16.861 0.0000000000
9047  29.368  -81.914  16.417 0.0000000000
9048  28.992  -81.256  16.493 0.0000000000
9049  26.591  -80.975  17.125 0.0000000000
9050  26.211  -81.090  16.630 0.0000000000
9068  29.948  -81.717  15.629 0.0000000000
9069  25.985  -81.080  15.796 0.0000000000
9093  25.785  -81.302  14.842 0.0000000000
9106  25.642  -81.642  13.955 0.0000000000
9120  25.536  -82.021  12.961 0.0000000000
9121  25.162  -81.885  11.878 0.0000000000
9135  24.836  -81.926  11.003 0.0000000000
9148  24.529  -81.397  10.289 0.0000000000
9160  32.309  -81.969  9.149 0.0000000000
9161  31.347  -81.708  9.187 0.0000000000
9162  30.744  -81.551  9.091 0.0000000000
9163  24.425  -80.929  9.521 0.0000000000
9173  32.161  -81.070  8.777 0.0000000000
9174  31.290  -80.940  8.877 0.0000000000
9175  30.504  -81.132  8.765 0.0000000000
9176  29.903  -81.146  8.440 0.0000000000
9177  29.456  -81.571  8.361 0.0000000000
9178  24.405  -81.051  8.627 0.0000000000
9187  29.530  -81.163  8.236 0.0000000000
9188  29.087  -81.340  7.962 0.0000000000
9189  25.594  -80.976  6.866 0.0000000000
9190  24.849  -81.078  7.525 0.0000000000
9198  28.531  -81.246  7.386 0.0000000000
9199  27.989  -81.245  6.955 0.0000000000
9200  27.276  -81.341  6.599 0.0000000000
9201  26.295  -81.403  6.575 0.0000000000
9202  25.323  -81.876  6.817 0.0000000000
9724  27.968  -81.176  21.631 0.0000000000
9725  27.433  -80.887  21.578 0.0000000000
9726  26.598  -80.668  21.357 0.0000000000
9727  25.971  -80.597  21.100 0.0000000000
9739  28.885  -80.934  20.910 0.0000000000
9740  28.280  -80.511  21.085 0.0000000000
9741  27.203  -80.107  21.083 0.0000000000
9759  29.834  -80.275  19.536 0.0000000000
9760  29.141  -80.481  20.363 0.0000000000
9761  28.547  -79.997  20.596 0.0000000000
9777  31.504  -80.590  18.032 0.0000000000
9778  30.594  -80.572  18.827 0.0000000000
9798  33.162  -80.625  17.317 0.0000000000
9799  32.360  -80.513  17.628 0.0000000000
9800  28.124  -80.756  17.163 0.0000000000
9801  27.400  -80.712  17.197 0.0000000000
9802  26.920  -80.759  17.172 0.0000000000
9822  29.281  -81.070  15.980 0.0000000000
9823  28.615  -80.635  16.413 0.0000000000
9824  27.793  -80.260  16.681 0.0000000000
9825  26.821  -80.294  16.572 0.0000000000
9826  26.300  -80.632  16.226 0.0000000000
9844  30.546  -80.964  15.130 0.0000000000
9845  29.794  -80.676  15.477 0.0000000000
9846  29.103  -80.350  15.716 0.0000000000
9847  26.728  -79.983  16.076 0.0000000000
9848  26.420  -80.199  15.850 0.0000000000
9871  25.972  -80.351  15.114 0.0000000000
9880  25.605  -80.503  14.160 0.0000000000
9881  25.380  -80.324  13.365 0.0000000000
9889  25.484  -81.057  13.390 0.0000000000
9890  25.276  -80.770  12.567 0.0000000000
9896  24.924  -80.715  11.311 0.0000000000
9903  24.533  -80.093  10.191 0.0000000000
9910  24.523  -80.115  9.130 0.0000000000
9920  31.969  -80.120  8.608 0.0000000000
9921  31.101  -80.147  8.647 0.0000000000
9922  30.371  -80.369  8.421 0.0000000000
9923  24.768  -80.139  8.248 0.0000000000
9933  29.731  -80.565  8.089 0.0000000000
9934  29.134  -80.470  7.569 0.0000000000
9935  25.574  -80.238  7.157 0.0000000000
9936  25.192  -80.021  7.653 0.0000000000
9942  28.493  -80.472  7.068 0.0000000000
9943  27.794  -80.456  6.726 0.0000000000
9944  26.987  -80.425  6.502 0.0000000000
9945  26.203  -80.366  6.735 0.0000000000
10491  28.282  -79.806  20.629 0.0000000000
10492  27.693  -79.438  20.549 0.0000000000
10512  30.056  -79.689  19.007 0.0000000000
10513  29.369  -79.392  19.471 0.0000000000
10514  28.497  -79.340  20.145 0.0000000000
10515  27.860  -78.813  20.095 0.0000000000
10537  31.158  -79.781  18.105 0.0000000000
10538  30.620  -79.227  18.429 0.0000000000
10539  29.943  -78.984  18.847 0.0000000000
10561  31.987  -79.477  17.727 0.0000000000
10562  31.335  -79.019  17.938 0.0000000000
10576  28.655  -80.186  15.912 0.0000000000
10577  28.219  -80.019  16.076 0.0000000000
10578  27.550  -79.897  16.173 0.0000000000
10593  30.188  -80.308  15.200 0.0000000000
10594  29.684  -79.791  15.259 0.0000000000
10595  28.783  -79.742  15.612 0.0000000000
10596  28.006  -79.512  15.725 0.0000000000
10597  27.026  -79.535  15.771 0.0000000000
10598  26.384  -79.705  15.321 0.0000000000
10616  30.725  -79.844  14.904 0.0000000000
10617  30.149  -79.318  14.968 0.0000000000
10618  26.664  -79.151  15.128 0.0000000000
10619  26.048  -79.424  14.647 0.0000000000
10628  25.506  -79.433  13.713 0.0000000000
10629  25.194  -79.834  12.986 0.0000000000
10631  25.198  -79.061  13.010 0.0000000000
10632  25.020  -79.539  12.188 0.0000000000
10634  24.702  -79.368  11.151 0.0000000000
10637  24.583  -78.882  10.320 0.0000000000
10643  24.590  -79.194  9.474 0.0000000000
10651  31.710  -79.200  8.450 0.0000000000
10652  30.786  -79.310  8.267 0.0000000000
10653  30.203  -79.931  8.155 0.0000000000
10654  24.812  -79.321  8.673 0.0000000000
10662  30.506  -78.879  7.932 0.0000000000
10663  29.915  -79.488  7.735 0.0000000000
10664  29.056  -79.660  7.171 0.0000000000
10665  26.287  -79.108  7.025 0.0000000000
10666  25.683  -79.323  7.384 0.0000000000
10667  25.148  -79.323  7.990 0.0000000000
10673  28.404  -79.679  6.816 0.0000000000
10674  27.657  -79.559  6.673 0.0000000000
10675  26.776  -79.473  6.709 0.0000000000
10676  26.073  -79.689  6.945 0.0000000000
11306  28.855  -78.659  19.481 0.0000000000
11307  28.219  -78.300  19.621 0.0000000000
11321  30.232  -78.297  18.409 0.0000000000
11322  29.432  -78.334  18.903 0.0000000000
11323  28.795  -77.986  19.154 0.0000000000
11337  31.005  -78.280  17.918 0.0000000000
11360  29.185  -79.344  15.312 0.0000000000
11361  28.677  -79.091  15.355 0.0000000000
11362  27.868  -78.908  15.339 0.0000000000
11363  27.191  -78.804  15.198 0.0000000000
11377  31.494  -78.944  14.579 0.0000000000
11378  30.617  -78.838  14.746 0.0000000000
11379  29.599  -78.814  14.965 0.0000000000
11380  28.650  -78.374  15.009 0.0000000000
11381  27.749  -78.219  14.932 0.0000000000
11382  26.744  -78.362  14.658 0.0000000000
11383  25.972  -78.662  14.157 0.0000000000
11417  24.699  -78.326  9.689 0.0000000000
11419  32.152  -78.309  8.340 0.0000000000
11420  31.491  -78.334  8.281 0.0000000000
11421  30.893  -78.323  8.021 0.0000000000
11422  25.311  -78.167  8.355 0.0000000000
11423  24.913  -78.414  8.902 0.0000000000
11427  30.303  -78.420  7.661 0.0000000000
11428  29.415  -78.600  7.125 0.0000000000
11429  28.866  -79.169  6.904 0.0000000000
11430  26.183  -78.500  7.278 0.0000000000
11431  25.576  -78.477  7.812 0.0000000000
11432  25.121  -78.739  8.329 0.0000000000
11438  29.008  -78.203  6.812 0.0000000000
11439  28.487  -78.694  6.748 0.0000000000
11440  27.528  -78.630  6.716 0.0000000000
11441  26.772  -78.577  6.906 0.0000000000
11485  31.629  -78.026  4.139 0.0000000000
11500  31.518  -77.670  3.538 0.0000000000
12108  29.847  -77.641  18.452 0.0000000000
12125  30.503  -77.345  17.905 0.0000000000
12158  31.909  -78.356  14.348 0.0000000000
12159  31.332  -78.160  14.430 0.0000000000
12160  30.424  -77.989  14.531 0.0000000000
12161  29.468  -77.812  14.565 0.0000000000
12162  28.532  -77.652  14.503 0.0000000000
12163  27.614  -77.594  14.364 0.0000000000
12178  32.266  -77.656  14.006 0.0000000000
12179  31.232  -77.285  14.144 0.0000000000
12180  30.266  -77.119  14.152 0.0000000000
12230  31.828  -77.697  8.225 0.0000000000
12231  31.261  -77.512  8.029 0.0000000000
12232  30.707  -77.649  7.791 0.0000000000
12233  25.871  -77.182  8.108 0.0000000000
12234  25.420  -77.465  8.730 0.0000000000
12235  24.998  -77.801  9.321 0.0000000000
12245  32.227  -77.637  7.970 0.0000000000
12246  31.625  -77.209  7.757 0.0000000000
12247  30.120  -77.618  7.444 0.0000000000
12248  29.210  -77.493  6.993 0.0000000000
12249  28.637  -77.030  6.831 0.0000000000
12250  26.839  -77.403  7.050 0.0000000000
12251  26.227  -77.569  7.536 0.0000000000
12252  25.653  -77.763  8.085 0.0000000000
12264  31.904  -77.353  7.131 0.0000000000
12265  28.746  -78.009  6.738 0.0000000000
12266  28.203  -77.682  6.682 0.0000000000
12267  27.275  -77.808  6.807 0.0000000000
12268  26.642  -77.966  7.089 0.0000000000
12281  31.718  -77.429  6.271 0.0000000000
12291  31.452  -77.447  5.227 0.0000000000
12292  31.102  -76.890  4.798 0.0000000000
12305  31.131  -77.119  4.053 0.0000000000
12306  30.924  -76.656  4.487 0.0000000000
12320  31.434  -77.239  3.056 0.0000000000
12998  31.970  -76.563  13.673 0.0000000000
13061  30.810  -77.053  7.829 0.0000000000
13062  30.535  -77.170  7.650 0.0000000000
13075  31.096  -76.728  7.734 0.0000000000
13076  30.282  -76.518  7.402 0.0000000000
13077  29.091  -76.403  7.004 0.0000000000
13078  27.979  -76.603  6.858 0.0000000000
13079  26.899  -76.621  7.237 0.0000000000
13080  26.275  -76.696  7.826 0.0000000000
13089  31.300  -76.387  7.185 0.0000000000
13090  30.920  -76.241  7.444 0.0000000000
13091  27.695  -77.294  6.744 0.0000000000
13092  27.320  -77.124  6.876 0.0000000000
13101  31.282  -76.536  6.089 0.0000000000
13102  30.858  -75.961  5.572 0.0000000000
13109  31.180  -76.809  5.281 0.0000000000
13110  30.848  -76.389  5.054 0.0000000000
13121  31.180  -76.460  3.389 0.0000000000
13122  30.766  -76.142  4.139 0.0000000000
13853  30.197  -75.642  7.235 0.0000000000
13854  29.613  -75.521  7.213 0.0000000000
13865  31.113  -75.972  7.028 0.0000000000
13866  30.707  -75.707  7.007 0.0000000000
13874  31.122  -75.948  6.732 0.0000000000
13875  30.769  -75.484  6.090 0.0000000000
13880  30.614  -75.450  4.995 0.0000000000
