#!ascii label  , from subject FREESURFER vox2ras=TkReg 
633
122638  22.860  51.303  5.154 0.0000000000
122658  22.855  51.024  4.386 0.0000000000
122714  11.693  51.315  -4.984 0.0000000000
123146  23.558  52.141  6.921 0.0000000000
123147  23.209  52.174  6.929 0.0000000000
123160  24.098  51.844  6.436 0.0000000000
123161  23.079  51.938  6.508 0.0000000000
123162  22.593  52.088  6.315 0.0000000000
123184  23.370  51.482  5.770 0.0000000000
123185  22.441  51.894  5.682 0.0000000000
123186  21.972  52.262  5.391 0.0000000000
123200  22.392  51.618  4.717 0.0000000000
123201  22.000  52.064  4.876 0.0000000000
123212  22.244  51.659  3.817 0.0000000000
123213  22.087  51.916  4.350 0.0000000000
123220  22.193  51.613  2.659 0.0000000000
123221  22.046  52.267  2.269 0.0000000000
123225  21.934  51.820  1.777 0.0000000000
123251  12.443  51.802  -4.606 0.0000000000
123252  11.826  51.797  -4.758 0.0000000000
123260  11.369  51.687  -5.074 0.0000000000
123261  10.849  51.530  -5.541 0.0000000000
123674  24.275  52.482  7.238 0.0000000000
123675  23.154  52.524  7.283 0.0000000000
123676  22.366  52.912  7.139 0.0000000000
123677  21.977  53.106  6.906 0.0000000000
123695  22.970  52.207  6.900 0.0000000000
123696  22.623  52.347  6.747 0.0000000000
123697  22.109  52.740  6.600 0.0000000000
123718  22.307  52.306  6.261 0.0000000000
123719  21.861  52.562  5.909 0.0000000000
123730  21.642  52.584  5.088 0.0000000000
123737  22.029  52.042  3.723 0.0000000000
123738  21.797  52.407  3.997 0.0000000000
123744  22.054  52.081  3.381 0.0000000000
123745  21.930  52.663  2.819 0.0000000000
123748  21.899  52.833  2.050 0.0000000000
123749  21.355  52.726  1.741 0.0000000000
123750  20.370  52.618  1.677 0.0000000000
123773  13.961  52.879  -4.833 0.0000000000
123774  13.481  52.732  -4.517 0.0000000000
123775  12.775  52.644  -4.290 0.0000000000
123776  11.928  52.617  -4.389 0.0000000000
123777  11.288  52.915  -4.621 0.0000000000
123783  11.451  52.297  -4.767 0.0000000000
123784  10.903  52.538  -5.135 0.0000000000
123789  10.442  52.432  -5.874 0.0000000000
124186  24.198  53.889  8.195 0.0000000000
124187  23.371  53.872  8.116 0.0000000000
124203  23.740  53.183  7.831 0.0000000000
124204  22.716  53.457  7.732 0.0000000000
124205  21.881  53.563  7.257 0.0000000000
124206  21.248  53.903  6.935 0.0000000000
124224  21.593  53.260  6.534 0.0000000000
124225  20.915  53.862  6.271 0.0000000000
124238  21.280  53.193  5.663 0.0000000000
124239  20.737  53.884  5.363 0.0000000000
124245  21.212  53.254  4.651 0.0000000000
124246  20.775  54.055  4.380 0.0000000000
124252  21.390  53.686  3.387 0.0000000000
124253  20.906  54.340  3.733 0.0000000000
124255  21.933  53.662  2.319 0.0000000000
124258  21.716  53.653  1.731 0.0000000000
124259  20.964  53.601  1.614 0.0000000000
124260  19.914  53.577  1.665 0.0000000000
124261  18.841  53.637  1.476 0.0000000000
124262  17.924  53.659  1.144 0.0000000000
124265  17.491  53.651  0.294 0.0000000000
124268  17.320  53.643  -0.711 0.0000000000
124269  17.166  54.149  -1.238 0.0000000000
124272  17.471  53.573  -1.743 0.0000000000
124273  17.217  54.376  -1.732 0.0000000000
124275  17.787  53.477  -2.826 0.0000000000
124279  12.748  54.168  -3.747 0.0000000000
124280  12.467  54.124  -3.771 0.0000000000
124281  11.926  54.085  -3.858 0.0000000000
124286  13.716  53.460  -4.492 0.0000000000
124287  13.084  53.768  -3.908 0.0000000000
124288  12.292  53.452  -4.004 0.0000000000
124289  11.499  53.663  -4.276 0.0000000000
124290  10.842  53.581  -4.854 0.0000000000
124295  14.192  53.573  -4.950 0.0000000000
124301  14.273  53.614  -5.874 0.0000000000
124708  24.540  54.633  8.365 0.0000000000
124709  23.595  54.559  8.327 0.0000000000
124710  22.677  54.419  8.130 0.0000000000
124711  21.965  54.670  7.938 0.0000000000
124732  22.101  54.090  7.762 0.0000000000
124733  21.448  54.480  7.457 0.0000000000
124734  20.690  54.582  6.847 0.0000000000
124751  20.214  54.583  6.005 0.0000000000
124752  19.864  55.002  5.525 0.0000000000
124759  20.216  54.521  5.042 0.0000000000
124760  19.791  55.167  4.816 0.0000000000
124762  20.344  54.774  4.041 0.0000000000
124763  19.900  55.436  4.073 0.0000000000
124766  21.607  54.388  2.479 0.0000000000
124767  21.071  54.847  3.081 0.0000000000
124769  21.910  54.486  1.846 0.0000000000
124772  21.393  54.414  1.539 0.0000000000
124773  20.637  54.467  1.590 0.0000000000
124774  19.538  54.579  1.613 0.0000000000
124775  18.364  54.641  1.443 0.0000000000
124776  17.401  54.753  0.836 0.0000000000
124779  17.064  54.696  -0.276 0.0000000000
124780  16.700  55.272  -0.708 0.0000000000
124782  17.060  54.319  -0.855 0.0000000000
124783  16.821  54.866  -1.258 0.0000000000
124786  17.467  54.312  -2.414 0.0000000000
124787  17.170  55.002  -2.139 0.0000000000
124789  17.792  54.533  -3.335 0.0000000000
124790  17.478  54.984  -2.769 0.0000000000
124793  18.117  54.607  -4.340 0.0000000000
124794  12.642  54.654  -3.680 0.0000000000
124795  12.001  54.727  -3.727 0.0000000000
124796  11.452  54.628  -4.059 0.0000000000
124800  18.118  54.641  -5.296 0.0000000000
124801  13.737  54.435  -4.359 0.0000000000
124802  13.190  54.768  -3.782 0.0000000000
124803  10.901  54.531  -4.583 0.0000000000
124809  14.348  54.547  -5.160 0.0000000000
124817  14.346  54.670  -6.239 0.0000000000
125217  24.847  55.406  8.398 0.0000000000
125218  23.862  55.352  8.403 0.0000000000
125219  22.958  55.244  8.336 0.0000000000
125220  22.196  55.183  8.154 0.0000000000
125221  21.593  55.278  7.833 0.0000000000
125235  20.820  55.415  7.384 0.0000000000
125236  19.927  55.533  6.576 0.0000000000
125237  19.490  56.111  6.181 0.0000000000
125244  19.811  55.172  5.982 0.0000000000
125245  19.471  55.716  5.599 0.0000000000
125250  19.467  55.896  4.522 0.0000000000
125253  20.440  55.540  3.424 0.0000000000
125254  19.890  56.070  3.697 0.0000000000
125257  21.557  55.189  2.206 0.0000000000
125258  20.877  55.889  2.553 0.0000000000
125259  20.423  56.230  3.094 0.0000000000
125262  21.401  55.123  1.662 0.0000000000
125263  21.112  55.898  1.933 0.0000000000
125266  21.084  54.919  1.507 0.0000000000
125267  20.501  55.526  1.667 0.0000000000
125268  19.037  55.634  1.753 0.0000000000
125269  17.796  55.729  1.476 0.0000000000
125270  16.994  55.944  0.714 0.0000000000
125271  16.600  56.352  0.299 0.0000000000
125273  17.036  55.300  0.281 0.0000000000
125274  16.654  55.837  -0.211 0.0000000000
125277  16.501  55.802  -1.155 0.0000000000
125281  16.811  55.761  -1.987 0.0000000000
125285  17.593  55.342  -3.260 0.0000000000
125286  17.284  55.738  -2.804 0.0000000000
125291  17.811  55.527  -3.976 0.0000000000
125292  17.541  55.905  -3.482 0.0000000000
125293  12.789  55.584  -3.553 0.0000000000
125294  12.063  55.559  -3.602 0.0000000000
125295  11.457  55.448  -3.880 0.0000000000
125300  18.051  55.583  -4.936 0.0000000000
125301  14.030  55.507  -4.517 0.0000000000
125302  13.449  55.535  -3.858 0.0000000000
125308  17.447  55.598  -5.907 0.0000000000
125309  16.892  56.201  -6.398 0.0000000000
125310  14.366  55.618  -5.445 0.0000000000
125315  17.277  55.084  -6.374 0.0000000000
125316  16.705  55.654  -6.832 0.0000000000
125317  14.397  55.777  -6.561 0.0000000000
125711  25.024  56.225  8.272 0.0000000000
125712  24.085  56.174  8.306 0.0000000000
125713  23.155  56.060  8.271 0.0000000000
125714  22.303  55.874  8.191 0.0000000000
125715  21.846  55.662  8.061 0.0000000000
125723  26.147  56.886  7.966 0.0000000000
125724  25.203  56.989  7.962 0.0000000000
125725  24.294  56.997  8.034 0.0000000000
125726  23.350  56.934  8.114 0.0000000000
125727  22.381  56.759  8.120 0.0000000000
125728  21.372  56.314  7.865 0.0000000000
125729  20.221  56.471  7.261 0.0000000000
125730  19.549  56.625  6.526 0.0000000000
125735  19.188  56.637  5.790 0.0000000000
125740  19.002  56.586  4.946 0.0000000000
125741  18.891  56.929  4.819 0.0000000000
125744  19.449  56.728  4.063 0.0000000000
125745  19.057  56.960  4.552 0.0000000000
125748  20.625  56.804  2.624 0.0000000000
125749  20.082  56.788  3.244 0.0000000000
125753  21.051  56.773  2.086 0.0000000000
125754  17.686  57.322  1.777 0.0000000000
125755  17.315  57.475  1.623 0.0000000000
125758  20.724  56.689  1.729 0.0000000000
125759  19.741  56.660  1.808 0.0000000000
125760  18.362  56.760  1.875 0.0000000000
125761  17.187  56.917  1.404 0.0000000000
125762  16.502  56.871  0.661 0.0000000000
125768  16.271  56.804  -0.076 0.0000000000
125775  16.258  56.675  -0.941 0.0000000000
125781  16.526  56.670  -1.855 0.0000000000
125786  17.031  56.640  -2.686 0.0000000000
125790  17.649  56.377  -3.997 0.0000000000
125791  17.387  56.531  -3.418 0.0000000000
125792  13.029  56.562  -3.395 0.0000000000
125793  12.183  56.564  -3.429 0.0000000000
125798  17.764  56.286  -4.626 0.0000000000
125799  14.193  56.524  -4.686 0.0000000000
125800  13.660  56.494  -3.959 0.0000000000
125804  17.527  56.385  -5.320 0.0000000000
125805  17.003  56.680  -6.028 0.0000000000
125806  14.356  56.714  -5.684 0.0000000000
125810  16.306  56.861  -6.848 0.0000000000
125811  15.781  57.450  -7.281 0.0000000000
125812  14.426  56.878  -6.761 0.0000000000
125816  16.136  56.364  -7.298 0.0000000000
125817  15.510  56.977  -7.613 0.0000000000
125818  14.717  56.990  -7.581 0.0000000000
126172  26.548  57.738  7.697 0.0000000000
126173  25.495  57.706  7.546 0.0000000000
126174  24.530  57.738  7.529 0.0000000000
126175  23.580  57.802  7.743 0.0000000000
126176  22.607  57.759  7.980 0.0000000000
126177  21.576  57.605  7.955 0.0000000000
126178  20.535  57.523  7.606 0.0000000000
126179  19.634  57.573  6.946 0.0000000000
126183  19.078  57.529  6.072 0.0000000000
126186  18.882  57.356  5.078 0.0000000000
126187  18.816  57.068  5.000 0.0000000000
126190  19.191  57.447  4.197 0.0000000000
126191  18.918  57.180  4.726 0.0000000000
126196  20.323  57.421  2.798 0.0000000000
126197  19.799  57.443  3.401 0.0000000000
126204  20.584  57.559  2.227 0.0000000000
126205  20.279  58.050  2.069 0.0000000000
126206  18.196  57.687  1.924 0.0000000000
126207  17.527  57.871  1.763 0.0000000000
126213  20.799  57.230  1.863 0.0000000000
126214  20.185  57.638  1.828 0.0000000000
126215  19.114  57.577  1.893 0.0000000000
126216  16.927  57.838  1.509 0.0000000000
126217  16.346  57.651  1.076 0.0000000000
126223  15.999  57.777  0.207 0.0000000000
126224  15.743  58.403  -0.135 0.0000000000
126229  16.047  57.525  -0.712 0.0000000000
126230  15.856  58.248  -0.629 0.0000000000
126232  16.289  57.660  -1.676 0.0000000000
126233  16.042  58.140  -1.236 0.0000000000
126235  16.822  57.632  -2.601 0.0000000000
126236  12.736  58.221  -2.960 0.0000000000
126237  12.408  58.271  -2.968 0.0000000000
126242  17.544  57.013  -4.016 0.0000000000
126243  17.311  57.544  -3.561 0.0000000000
126244  13.957  57.957  -3.907 0.0000000000
126245  13.344  57.677  -3.390 0.0000000000
126246  12.385  57.709  -3.138 0.0000000000
126247  11.480  57.582  -3.508 0.0000000000
126253  17.558  56.921  -4.604 0.0000000000
126254  17.489  57.679  -4.564 0.0000000000
126255  14.262  57.642  -4.776 0.0000000000
126256  13.882  57.247  -4.112 0.0000000000
126261  17.556  56.760  -4.992 0.0000000000
126262  17.217  57.384  -5.411 0.0000000000
126263  14.281  57.781  -5.954 0.0000000000
126267  16.595  57.653  -6.364 0.0000000000
126268  15.958  57.890  -7.015 0.0000000000
126269  14.504  57.911  -6.907 0.0000000000
126273  15.440  58.011  -7.496 0.0000000000
126274  14.849  57.977  -7.591 0.0000000000
126599  26.802  58.898  7.201 0.0000000000
126600  25.758  58.529  7.104 0.0000000000
126601  24.846  58.459  7.083 0.0000000000
126602  23.875  58.728  7.227 0.0000000000
126603  22.885  58.718  7.644 0.0000000000
126604  21.893  58.682  7.911 0.0000000000
126605  20.851  58.618  7.802 0.0000000000
126606  19.884  58.626  7.296 0.0000000000
126612  26.376  59.510  6.557 0.0000000000
126613  25.877  59.250  6.511 0.0000000000
126614  25.097  59.112  6.592 0.0000000000
126615  24.427  59.138  6.790 0.0000000000
126616  19.072  58.777  6.321 0.0000000000
126617  18.744  59.464  5.893 0.0000000000
126620  18.788  58.319  5.306 0.0000000000
126621  18.669  59.205  5.365 0.0000000000
126627  18.912  58.182  4.313 0.0000000000
126628  18.717  58.970  4.488 0.0000000000
126635  20.127  57.911  2.894 0.0000000000
126636  19.550  58.331  3.319 0.0000000000
126637  19.011  58.847  3.744 0.0000000000
126642  20.340  57.836  2.546 0.0000000000
126643  20.062  58.312  2.442 0.0000000000
126644  18.615  58.254  1.893 0.0000000000
126645  17.953  58.385  1.937 0.0000000000
126648  19.845  58.488  2.029 0.0000000000
126649  19.325  58.360  1.909 0.0000000000
126650  17.197  58.582  1.714 0.0000000000
126651  16.224  58.657  1.228 0.0000000000
126652  15.751  59.205  0.837 0.0000000000
126656  15.998  58.187  0.771 0.0000000000
126657  15.689  58.783  0.349 0.0000000000
126662  15.632  58.903  -0.567 0.0000000000
126667  16.158  58.452  -1.796 0.0000000000
126668  15.882  58.848  -1.389 0.0000000000
126674  16.505  58.636  -2.523 0.0000000000
126675  16.104  59.002  -2.121 0.0000000000
126676  13.073  58.761  -3.005 0.0000000000
126677  12.294  58.854  -2.918 0.0000000000
126678  11.788  59.232  -3.017 0.0000000000
126684  17.040  58.608  -3.433 0.0000000000
126685  14.196  58.670  -4.216 0.0000000000
126686  13.683  58.686  -3.523 0.0000000000
126687  12.167  58.356  -2.998 0.0000000000
126688  11.605  58.667  -3.221 0.0000000000
126694  17.315  58.594  -4.391 0.0000000000
126695  14.337  58.680  -5.206 0.0000000000
126701  17.187  58.511  -5.289 0.0000000000
126702  14.424  58.779  -6.240 0.0000000000
126709  16.767  58.480  -6.062 0.0000000000
126710  16.156  58.574  -6.686 0.0000000000
126711  14.613  58.873  -7.099 0.0000000000
126717  15.580  58.726  -7.204 0.0000000000
126718  15.043  58.873  -7.549 0.0000000000
127027  23.910  59.742  6.846 0.0000000000
127028  23.164  59.683  7.278 0.0000000000
127029  22.251  59.657  7.574 0.0000000000
127030  21.275  59.638  7.715 0.0000000000
127031  20.300  59.631  7.485 0.0000000000
127041  25.248  59.801  6.157 0.0000000000
127042  24.547  59.786  6.449 0.0000000000
127043  19.412  59.706  6.978 0.0000000000
127044  18.815  59.922  6.276 0.0000000000
127047  18.571  60.005  5.480 0.0000000000
127055  18.580  59.827  4.573 0.0000000000
127061  19.302  59.294  3.178 0.0000000000
127062  18.822  59.566  3.740 0.0000000000
127066  19.609  59.081  2.632 0.0000000000
127067  18.711  58.781  1.916 0.0000000000
127068  18.319  58.675  1.931 0.0000000000
127073  19.529  59.108  2.270 0.0000000000
127074  19.119  59.267  1.928 0.0000000000
127075  17.989  59.272  1.965 0.0000000000
127076  16.767  59.537  1.620 0.0000000000
127077  15.867  59.725  1.142 0.0000000000
127082  15.393  59.737  0.484 0.0000000000
127086  15.283  59.620  -0.352 0.0000000000
127089  15.597  59.654  -1.264 0.0000000000
127092  16.285  59.535  -2.669 0.0000000000
127093  15.918  59.604  -2.054 0.0000000000
127094  13.390  59.584  -3.216 0.0000000000
127095  12.669  59.688  -2.924 0.0000000000
127096  11.957  59.764  -2.943 0.0000000000
127099  16.676  59.512  -3.377 0.0000000000
127100  14.357  59.598  -4.609 0.0000000000
127101  14.070  59.555  -3.716 0.0000000000
127102  11.408  59.698  -3.247 0.0000000000
127106  16.962  59.528  -4.290 0.0000000000
127107  14.444  59.632  -5.605 0.0000000000
127110  16.973  59.421  -5.158 0.0000000000
127111  14.541  59.722  -6.511 0.0000000000
127115  16.717  59.342  -5.869 0.0000000000
127116  16.260  59.300  -6.432 0.0000000000
127117  14.809  59.792  -7.224 0.0000000000
127121  15.780  59.312  -6.859 0.0000000000
127122  15.359  59.572  -7.276 0.0000000000
127399  22.656  60.639  7.341 0.0000000000
127400  21.729  60.623  7.533 0.0000000000
127401  20.772  60.608  7.517 0.0000000000
127411  19.856  60.628  7.242 0.0000000000
127412  19.111  60.733  6.684 0.0000000000
127418  18.586  60.950  5.844 0.0000000000
127425  18.475  60.764  4.791 0.0000000000
127429  19.045  59.984  3.131 0.0000000000
127430  18.718  60.555  3.678 0.0000000000
127435  19.287  59.783  2.627 0.0000000000
127436  19.078  60.615  2.750 0.0000000000
127439  19.427  59.533  2.352 0.0000000000
127440  19.231  60.232  2.152 0.0000000000
127441  18.492  60.385  1.858 0.0000000000
127442  17.360  60.466  1.783 0.0000000000
127443  16.241  60.586  1.470 0.0000000000
127446  15.259  60.749  0.791 0.0000000000
127447  14.861  61.298  0.480 0.0000000000
127449  14.834  60.470  -0.063 0.0000000000
127450  14.792  61.050  0.252 0.0000000000
127452  15.191  60.491  -1.054 0.0000000000
127454  16.056  60.116  -2.615 0.0000000000
127455  15.670  60.489  -2.124 0.0000000000
127456  13.731  60.267  -3.427 0.0000000000
127457  13.080  60.624  -3.083 0.0000000000
127458  12.225  60.601  -2.914 0.0000000000
127460  16.325  60.289  -3.242 0.0000000000
127461  16.010  60.625  -2.878 0.0000000000
127462  14.436  60.480  -5.132 0.0000000000
127463  14.260  60.609  -4.100 0.0000000000
127464  13.674  60.975  -3.532 0.0000000000
127465  11.511  60.557  -3.114 0.0000000000
127469  16.596  60.330  -4.086 0.0000000000
127470  14.478  60.490  -5.940 0.0000000000
127473  16.497  60.393  -5.208 0.0000000000
127474  16.220  60.905  -5.873 0.0000000000
127475  14.734  60.639  -6.599 0.0000000000
127479  16.609  59.886  -5.673 0.0000000000
127480  16.145  60.248  -6.312 0.0000000000
127481  15.351  60.452  -6.868 0.0000000000
127485  15.968  59.715  -6.659 0.0000000000
127486  15.696  59.893  -6.858 0.0000000000
127785  20.344  61.561  7.341 0.0000000000
127795  19.522  61.578  6.989 0.0000000000
127796  18.891  61.691  6.437 0.0000000000
127803  18.543  61.909  5.842 0.0000000000
127810  18.362  61.729  5.109 0.0000000000
127814  18.466  61.607  4.088 0.0000000000
127817  18.789  61.539  3.076 0.0000000000
127819  19.111  61.488  2.285 0.0000000000
127820  18.827  61.437  1.773 0.0000000000
127821  17.903  61.466  1.762 0.0000000000
127822  16.818  61.508  1.621 0.0000000000
127825  15.803  61.588  1.279 0.0000000000
127826  15.057  61.742  0.753 0.0000000000
127829  14.692  61.097  -0.092 0.0000000000
127830  14.584  61.706  0.054 0.0000000000
127833  14.776  61.208  -0.650 0.0000000000
127834  14.567  62.018  -0.938 0.0000000000
127837  15.060  61.552  -1.835 0.0000000000
127838  14.693  62.258  -1.604 0.0000000000
127839  13.281  61.684  -3.398 0.0000000000
127840  12.527  61.584  -2.964 0.0000000000
127843  16.103  60.816  -3.252 0.0000000000
127844  15.790  61.370  -3.041 0.0000000000
127845  14.464  60.975  -5.551 0.0000000000
127846  14.311  61.545  -5.110 0.0000000000
127847  13.852  61.666  -4.104 0.0000000000
127848  11.721  61.451  -2.919 0.0000000000
127852  16.216  60.941  -3.750 0.0000000000
127853  16.004  61.710  -4.185 0.0000000000
127854  14.586  61.336  -5.900 0.0000000000
127855  14.471  61.933  -5.631 0.0000000000
127859  16.305  61.018  -4.558 0.0000000000
127860  15.943  61.521  -5.372 0.0000000000
127861  15.194  61.559  -6.196 0.0000000000
127865  15.881  61.113  -6.168 0.0000000000
127866  15.653  60.900  -6.496 0.0000000000
128195  19.265  62.458  6.739 0.0000000000
128196  18.747  62.574  6.197 0.0000000000
128203  18.438  62.635  5.464 0.0000000000
128208  18.296  62.587  4.535 0.0000000000
128211  18.490  62.521  3.510 0.0000000000
128214  18.734  62.454  2.613 0.0000000000
128217  18.764  62.421  2.005 0.0000000000
128218  18.269  62.432  1.724 0.0000000000
128219  17.395  62.462  1.585 0.0000000000
128220  16.415  62.451  1.380 0.0000000000
128224  15.570  62.529  1.036 0.0000000000
128225  14.848  62.658  0.526 0.0000000000
128229  14.482  62.744  -0.301 0.0000000000
128233  14.430  62.811  -1.254 0.0000000000
128237  15.300  62.048  -2.706 0.0000000000
128238  14.804  62.690  -2.338 0.0000000000
128239  12.905  62.649  -3.236 0.0000000000
128240  11.967  62.529  -2.822 0.0000000000
128245  15.383  62.530  -3.562 0.0000000000
128246  14.887  63.128  -3.173 0.0000000000
128247  13.847  62.554  -4.812 0.0000000000
128248  13.509  62.591  -3.969 0.0000000000
128255  15.569  62.433  -4.674 0.0000000000
128256  14.655  62.071  -5.753 0.0000000000
128257  14.256  62.751  -5.668 0.0000000000
128262  15.263  62.485  -5.445 0.0000000000
128263  14.658  62.792  -5.646 0.0000000000
128264  14.430  63.421  -5.944 0.0000000000
128586  18.380  63.542  5.039 0.0000000000
128589  18.300  63.526  4.015 0.0000000000
128592  18.517  63.443  3.010 0.0000000000
128595  18.618  63.342  2.250 0.0000000000
128600  18.442  63.337  1.785 0.0000000000
128601  17.895  63.398  1.460 0.0000000000
128602  16.958  63.433  1.332 0.0000000000
128603  16.133  63.168  1.175 0.0000000000
128608  16.347  63.818  1.079 0.0000000000
128609  15.530  63.592  0.829 0.0000000000
128610  14.661  63.654  0.252 0.0000000000
128613  14.307  63.668  -0.645 0.0000000000
128616  14.265  63.618  -1.681 0.0000000000
128618  14.506  63.670  -2.744 0.0000000000
128619  12.399  63.592  -3.166 0.0000000000
128620  11.629  63.527  -2.898 0.0000000000
128623  15.269  62.952  -4.311 0.0000000000
128624  14.800  63.632  -3.970 0.0000000000
128625  13.599  63.160  -4.544 0.0000000000
128626  13.283  63.782  -4.068 0.0000000000
128631  15.181  63.178  -4.902 0.0000000000
128632  14.724  64.025  -5.162 0.0000000000
128633  13.668  63.724  -5.332 0.0000000000
128634  13.450  64.317  -4.924 0.0000000000
128639  14.847  63.283  -5.481 0.0000000000
128640  14.549  63.963  -6.056 0.0000000000
128641  14.395  64.261  -6.115 0.0000000000
128646  14.247  64.340  -6.679 0.0000000000
128647  14.128  64.292  -6.895 0.0000000000
128934  18.396  64.509  3.488 0.0000000000
128941  18.536  64.349  2.511 0.0000000000
128950  18.567  64.111  1.904 0.0000000000
128960  18.271  64.325  1.461 0.0000000000
128961  17.602  64.408  1.169 0.0000000000
128962  16.877  64.237  1.111 0.0000000000
128971  17.122  64.839  0.983 0.0000000000
128972  16.282  64.655  0.862 0.0000000000
128973  15.219  64.631  0.515 0.0000000000
128974  14.460  64.613  -0.098 0.0000000000
128982  13.928  64.624  -1.000 0.0000000000
128983  13.734  65.121  -1.629 0.0000000000
128990  13.976  64.412  -2.103 0.0000000000
128991  13.648  65.157  -2.434 0.0000000000
128997  14.156  64.544  -3.189 0.0000000000
128998  13.733  65.374  -3.398 0.0000000000
128999  11.961  64.146  -3.078 0.0000000000
129000  11.344  64.565  -3.059 0.0000000000
129004  14.346  65.086  -4.437 0.0000000000
129005  13.770  65.610  -4.010 0.0000000000
129006  12.381  64.814  -3.608 0.0000000000
129007  11.673  65.271  -3.419 0.0000000000
129012  14.377  64.826  -5.694 0.0000000000
129013  13.475  64.680  -5.512 0.0000000000
129014  13.130  64.883  -4.637 0.0000000000
129018  14.320  64.735  -6.570 0.0000000000
129019  13.701  64.466  -6.276 0.0000000000
129022  14.062  64.560  -6.958 0.0000000000
129023  13.893  64.448  -6.848 0.0000000000
129281  18.515  65.521  2.893 0.0000000000
129291  18.523  65.269  1.849 0.0000000000
129298  18.147  65.499  0.907 0.0000000000
129299  17.558  65.109  0.926 0.0000000000
129303  17.761  66.222  0.686 0.0000000000
129304  17.097  65.738  0.729 0.0000000000
129305  15.856  65.658  0.455 0.0000000000
129306  14.898  65.527  0.181 0.0000000000
129307  14.355  65.555  -0.443 0.0000000000
129311  13.844  65.702  -1.036 0.0000000000
129312  13.637  65.850  -1.758 0.0000000000
129316  13.428  66.002  -2.626 0.0000000000
129321  13.429  66.061  -3.601 0.0000000000
129322  10.598  64.983  -3.200 0.0000000000
129327  14.033  65.485  -5.260 0.0000000000
129328  13.555  65.852  -4.438 0.0000000000
129329  11.898  65.891  -3.854 0.0000000000
129330  11.015  65.751  -3.407 0.0000000000
129335  13.991  65.251  -6.063 0.0000000000
129336  13.439  65.535  -5.012 0.0000000000
129337  12.549  65.780  -4.519 0.0000000000
129341  13.937  64.829  -6.678 0.0000000000
129342  13.698  64.960  -6.177 0.0000000000
129346  13.914  64.728  -6.905 0.0000000000
129347  13.795  64.629  -6.706 0.0000000000
129626  18.672  66.617  2.318 0.0000000000
129631  18.537  66.612  1.409 0.0000000000
129634  18.125  66.806  0.783 0.0000000000
129635  17.442  66.907  0.477 0.0000000000
129636  16.388  66.935  0.152 0.0000000000
129637  15.297  66.402  -0.008 0.0000000000
129638  14.729  66.077  -0.208 0.0000000000
129641  16.109  67.566  -0.191 0.0000000000
129642  15.587  67.280  -0.322 0.0000000000
129643  14.502  66.769  -0.797 0.0000000000
129644  13.827  66.306  -1.277 0.0000000000
129648  14.176  67.435  -1.373 0.0000000000
129649  13.595  66.921  -1.772 0.0000000000
129654  13.268  66.871  -2.976 0.0000000000
129659  13.291  66.779  -3.932 0.0000000000
129660  12.107  66.520  -4.382 0.0000000000
129661  11.418  66.846  -4.017 0.0000000000
129662  10.305  66.836  -3.721 0.0000000000
129666  13.183  66.744  -4.591 0.0000000000
129667  12.564  66.722  -4.644 0.0000000000
129668  11.953  67.084  -4.553 0.0000000000
129952  18.442  67.822  1.126 0.0000000000
129953  17.858  67.900  0.567 0.0000000000
129954  17.096  67.936  0.173 0.0000000000
129957  16.449  68.004  -0.166 0.0000000000
129958  15.911  68.046  -0.421 0.0000000000
129959  15.242  67.955  -0.742 0.0000000000
129962  14.611  67.994  -1.237 0.0000000000
129963  13.977  68.068  -1.728 0.0000000000
129967  13.394  67.949  -2.531 0.0000000000
129968  12.957  68.192  -3.077 0.0000000000
129973  13.115  67.529  -3.437 0.0000000000
129974  12.833  67.987  -3.745 0.0000000000
129975  11.609  67.658  -4.284 0.0000000000
129976  10.763  67.819  -3.988 0.0000000000
129977  9.665  67.938  -3.727 0.0000000000
129978  8.500  67.870  -3.848 0.0000000000
129981  13.102  67.383  -4.125 0.0000000000
129982  12.637  67.571  -4.351 0.0000000000
129983  12.135  67.523  -4.461 0.0000000000
130214  18.125  68.925  0.902 0.0000000000
130215  17.391  68.950  0.398 0.0000000000
130216  16.689  68.867  -0.038 0.0000000000
130220  16.203  68.673  -0.356 0.0000000000
130221  15.672  68.803  -0.628 0.0000000000
130222  15.026  68.833  -0.993 0.0000000000
130225  14.415  68.939  -1.480 0.0000000000
130226  13.697  69.030  -2.037 0.0000000000
130230  13.057  68.885  -2.595 0.0000000000
130231  12.511  68.680  -3.087 0.0000000000
130232  11.899  68.916  -3.314 0.0000000000
130233  9.013  68.805  -2.574 0.0000000000
130234  8.285  68.491  -2.923 0.0000000000
130236  12.256  68.305  -3.850 0.0000000000
130237  11.406  68.505  -3.876 0.0000000000
130238  10.293  68.693  -3.637 0.0000000000
130239  9.139  68.918  -3.333 0.0000000000
130242  12.092  68.029  -4.301 0.0000000000
130243  11.829  67.966  -4.334 0.0000000000
130426  16.557  69.751  0.374 0.0000000000
130431  16.043  69.524  -0.318 0.0000000000
130432  15.336  69.637  -0.741 0.0000000000
130433  14.777  69.512  -1.149 0.0000000000
130437  14.851  70.016  -1.028 0.0000000000
130438  14.209  69.872  -1.515 0.0000000000
130439  13.090  69.897  -2.137 0.0000000000
130440  12.012  70.010  -2.041 0.0000000000
130442  9.960  69.225  -2.272 0.0000000000
130443  9.502  69.091  -2.423 0.0000000000
130444  12.687  69.259  -2.589 0.0000000000
130445  12.196  69.389  -2.646 0.0000000000
130446  11.157  69.381  -2.914 0.0000000000
130447  10.195  69.392  -2.689 0.0000000000
130448  9.562  69.234  -2.708 0.0000000000
130449  10.725  69.102  -3.480 0.0000000000
130450  10.162  69.264  -3.187 0.0000000000
130451  9.717  69.363  -2.992 0.0000000000
130613  15.835  70.276  -0.103 0.0000000000
130617  15.624  70.034  -0.459 0.0000000000
130618  15.125  70.282  -0.591 0.0000000000
130622  14.891  70.223  -0.913 0.0000000000
130623  14.584  70.313  -0.994 0.0000000000
130624  13.804  70.458  -1.269 0.0000000000
