#!ascii label  , from subject FREESURFER vox2ras=TkReg 
359
108360  23.643  26.538  -3.368 0.0000000000
108367  24.173  26.933  -5.160 0.0000000000
108368  23.889  26.516  -4.544 0.0000000000
108375  24.204  26.940  -5.641 0.0000000000
108912  23.631  27.535  -2.755 0.0000000000
108915  24.389  27.892  -4.543 0.0000000000
108916  23.942  27.506  -3.914 0.0000000000
108923  24.437  27.703  -5.182 0.0000000000
108924  24.185  27.303  -4.697 0.0000000000
108931  24.238  27.748  -5.735 0.0000000000
109436  24.137  28.841  -3.141 0.0000000000
109437  23.760  28.333  -2.738 0.0000000000
109440  24.503  28.470  -3.977 0.0000000000
109441  23.906  28.168  -3.333 0.0000000000
109447  25.366  29.014  -4.886 0.0000000000
109448  24.855  28.433  -4.758 0.0000000000
109454  25.317  29.235  -5.213 0.0000000000
109455  24.899  28.689  -5.469 0.0000000000
109466  24.230  28.589  -6.038 0.0000000000
109467  23.533  28.534  -6.264 0.0000000000
109982  24.217  29.512  -2.492 0.0000000000
109983  23.801  28.804  -2.435 0.0000000000
109986  25.536  29.663  -3.954 0.0000000000
109987  25.009  29.503  -3.663 0.0000000000
109993  25.569  29.538  -4.346 0.0000000000
109994  25.164  28.939  -4.328 0.0000000000
110003  25.632  29.633  -5.006 0.0000000000
110004  25.223  29.646  -5.465 0.0000000000
110005  22.193  29.484  -6.162 0.0000000000
110016  24.637  29.514  -5.984 0.0000000000
110017  23.858  29.469  -6.342 0.0000000000
110018  22.867  29.442  -6.425 0.0000000000
110540  31.261  30.583  0.783 0.0000000000
110541  30.863  30.618  1.048 0.0000000000
110542  30.515  30.718  1.211 0.0000000000
110550  35.411  30.252  -0.934 0.0000000000
110551  34.690  30.127  -0.644 0.0000000000
110552  33.605  30.211  -0.350 0.0000000000
110553  32.516  30.283  0.019 0.0000000000
110554  31.597  30.519  0.360 0.0000000000
110555  30.838  30.628  0.581 0.0000000000
110556  30.408  30.620  0.967 0.0000000000
110560  35.310  30.456  -1.379 0.0000000000
110561  34.775  30.008  -1.259 0.0000000000
110562  33.897  29.913  -0.998 0.0000000000
110563  32.864  30.190  -0.742 0.0000000000
110564  31.867  30.521  -0.255 0.0000000000
110565  31.159  30.563  0.101 0.0000000000
110569  35.193  30.671  -1.631 0.0000000000
110570  34.812  30.495  -1.584 0.0000000000
110571  34.062  30.326  -1.415 0.0000000000
110572  33.355  30.214  -1.231 0.0000000000
110573  25.219  30.772  -2.381 0.0000000000
110574  24.614  30.217  -1.906 0.0000000000
110577  25.489  30.556  -3.236 0.0000000000
110578  24.886  30.196  -2.931 0.0000000000
110583  26.426  30.676  -4.164 0.0000000000
110584  25.783  30.058  -3.858 0.0000000000
110585  25.302  30.092  -3.462 0.0000000000
110595  26.433  30.798  -4.931 0.0000000000
110596  26.048  30.133  -4.626 0.0000000000
110611  26.141  31.065  -5.329 0.0000000000
110612  25.723  30.513  -5.347 0.0000000000
110613  24.990  30.399  -5.889 0.0000000000
110614  22.831  30.939  -6.203 0.0000000000
110615  22.177  30.232  -5.974 0.0000000000
110626  24.237  30.421  -6.296 0.0000000000
110627  23.386  30.359  -6.445 0.0000000000
110628  22.788  30.275  -6.397 0.0000000000
111134  37.041  31.775  0.663 0.0000000000
111135  36.205  31.609  0.560 0.0000000000
111136  35.106  31.410  0.534 0.0000000000
111137  34.038  31.351  0.670 0.0000000000
111138  33.261  31.417  0.899 0.0000000000
111139  32.499  31.200  0.973 0.0000000000
111140  31.537  30.897  1.155 0.0000000000
111141  30.741  30.933  1.433 0.0000000000
111142  30.075  30.804  1.453 0.0000000000
111149  37.465  31.786  0.433 0.0000000000
111150  36.833  31.505  0.188 0.0000000000
111151  35.693  30.936  -0.233 0.0000000000
111152  34.419  30.655  0.053 0.0000000000
111153  33.197  30.754  0.390 0.0000000000
111154  32.128  30.670  0.590 0.0000000000
111155  31.600  30.621  0.722 0.0000000000
111156  30.731  30.781  0.236 0.0000000000
111157  29.956  31.119  0.512 0.0000000000
111158  28.627  31.538  0.889 0.0000000000
111163  37.466  31.689  0.082 0.0000000000
111164  36.731  31.546  -0.264 0.0000000000
111165  35.867  31.053  -0.879 0.0000000000
111166  32.873  30.462  -1.144 0.0000000000
111167  32.184  30.978  -0.926 0.0000000000
111168  30.983  31.046  -0.314 0.0000000000
111169  30.318  31.563  -0.228 0.0000000000
111173  35.439  31.069  -1.464 0.0000000000
111174  34.949  31.126  -1.702 0.0000000000
111175  34.224  31.097  -1.614 0.0000000000
111176  33.186  30.998  -1.436 0.0000000000
111177  32.482  31.481  -1.342 0.0000000000
111178  26.189  31.940  -1.286 0.0000000000
111179  25.632  31.405  -1.860 0.0000000000
111185  26.361  31.780  -2.376 0.0000000000
111186  25.851  31.171  -2.867 0.0000000000
111197  26.591  31.422  -3.513 0.0000000000
111198  26.045  30.778  -3.563 0.0000000000
111209  26.892  31.363  -4.522 0.0000000000
111210  22.974  32.019  -4.325 0.0000000000
111224  26.509  31.530  -5.294 0.0000000000
111225  25.758  31.493  -5.750 0.0000000000
111226  25.269  31.067  -5.873 0.0000000000
111227  22.999  31.726  -5.508 0.0000000000
111228  22.334  31.053  -5.572 0.0000000000
111237  25.146  31.624  -6.139 0.0000000000
111238  24.663  31.282  -6.211 0.0000000000
111239  23.740  31.463  -6.313 0.0000000000
111776  38.750  32.515  0.664 0.0000000000
111777  37.731  32.113  0.998 0.0000000000
111780  34.552  32.000  1.168 0.0000000000
111781  33.708  31.937  1.216 0.0000000000
111782  32.928  31.900  1.337 0.0000000000
111783  32.066  31.765  1.518 0.0000000000
111784  31.172  31.579  1.741 0.0000000000
111788  38.805  32.437  0.091 0.0000000000
111789  38.063  32.029  0.330 0.0000000000
111790  29.051  31.996  0.217 0.0000000000
111791  28.142  32.303  0.196 0.0000000000
111792  27.189  32.343  0.063 0.0000000000
111796  38.903  32.788  -0.259 0.0000000000
111797  37.851  32.179  -0.272 0.0000000000
111798  36.636  32.007  -0.629 0.0000000000
111799  35.777  31.890  -1.092 0.0000000000
111800  31.362  31.623  -0.887 0.0000000000
111801  30.671  32.105  -0.763 0.0000000000
111802  29.756  32.181  -0.363 0.0000000000
111803  28.787  32.710  -0.414 0.0000000000
111804  27.723  32.873  -0.943 0.0000000000
111805  26.760  32.348  -0.686 0.0000000000
111811  35.177  31.920  -1.529 0.0000000000
111812  34.483  32.010  -1.663 0.0000000000
111813  33.625  32.073  -1.671 0.0000000000
111814  32.719  32.136  -1.589 0.0000000000
111815  31.843  32.032  -1.314 0.0000000000
111816  31.205  32.159  -1.085 0.0000000000
111817  27.654  32.758  -2.306 0.0000000000
111818  26.891  32.426  -1.755 0.0000000000
111825  28.463  32.931  -3.651 0.0000000000
111826  27.846  32.549  -3.356 0.0000000000
111827  27.117  32.166  -2.898 0.0000000000
111828  24.090  33.021  -3.099 0.0000000000
111837  28.589  32.909  -4.200 0.0000000000
111838  28.058  32.661  -4.401 0.0000000000
111839  27.477  31.901  -3.970 0.0000000000
111840  24.085  33.213  -3.711 0.0000000000
111841  23.660  32.749  -3.912 0.0000000000
111845  27.606  32.980  -4.987 0.0000000000
111846  27.105  32.381  -5.073 0.0000000000
111847  24.107  33.047  -5.608 0.0000000000
111848  23.577  32.521  -5.057 0.0000000000
111857  26.109  32.360  -5.735 0.0000000000
111858  25.131  32.355  -6.249 0.0000000000
111859  24.294  32.612  -6.222 0.0000000000
111860  23.680  32.363  -5.962 0.0000000000
111870  24.842  31.844  -6.309 0.0000000000
111871  24.428  31.998  -6.357 0.0000000000
111872  23.997  32.168  -6.308 0.0000000000
112455  38.309  33.112  -0.542 0.0000000000
112456  37.268  32.909  -0.684 0.0000000000
112457  36.228  32.875  -0.969 0.0000000000
112458  30.623  32.613  -1.023 0.0000000000
112459  30.259  32.779  -0.939 0.0000000000
112460  29.445  33.067  -0.956 0.0000000000
112461  28.666  33.128  -1.185 0.0000000000
112469  35.435  32.826  -1.352 0.0000000000
112470  34.772  32.916  -1.608 0.0000000000
112471  33.955  33.151  -1.890 0.0000000000
112472  33.007  33.187  -1.970 0.0000000000
112473  32.024  33.124  -1.836 0.0000000000
112474  30.981  32.889  -1.390 0.0000000000
112475  30.038  33.327  -1.623 0.0000000000
112476  29.163  33.382  -1.833 0.0000000000
112477  28.358  33.147  -1.987 0.0000000000
112478  24.256  33.807  -1.872 0.0000000000
112484  31.383  33.556  -2.154 0.0000000000
112485  30.648  33.637  -2.420 0.0000000000
112486  29.752  33.609  -2.553 0.0000000000
112487  28.903  33.374  -2.918 0.0000000000
112488  28.229  32.978  -2.848 0.0000000000
112489  24.309  33.638  -2.422 0.0000000000
112497  30.244  33.820  -3.140 0.0000000000
112498  29.654  33.718  -3.505 0.0000000000
112499  29.003  33.338  -4.097 0.0000000000
112500  28.562  33.089  -4.556 0.0000000000
112501  24.452  33.683  -3.625 0.0000000000
112502  24.169  33.366  -4.223 0.0000000000
112506  28.762  33.528  -4.774 0.0000000000
112507  28.059  33.478  -4.992 0.0000000000
112508  27.005  33.571  -5.302 0.0000000000
112509  25.929  33.950  -5.581 0.0000000000
112510  24.838  33.755  -4.987 0.0000000000
112511  24.054  33.119  -4.792 0.0000000000
112518  26.374  33.127  -5.627 0.0000000000
112519  25.519  33.245  -5.920 0.0000000000
112520  24.707  33.208  -6.034 0.0000000000
113114  38.651  34.053  -0.663 0.0000000000
113115  37.678  33.894  -0.638 0.0000000000
113116  36.623  33.917  -0.781 0.0000000000
113117  35.448  34.044  -1.158 0.0000000000
113118  34.885  34.726  -1.459 0.0000000000
113119  24.281  34.724  -0.969 0.0000000000
113126  35.024  33.489  -1.451 0.0000000000
113127  34.409  34.223  -1.625 0.0000000000
113128  33.205  34.575  -2.292 0.0000000000
113129  32.314  34.026  -2.362 0.0000000000
113130  31.794  33.767  -2.290 0.0000000000
113131  24.512  34.290  -1.828 0.0000000000
113137  32.947  35.178  -3.054 0.0000000000
113138  32.399  34.907  -3.217 0.0000000000
113139  31.450  34.067  -3.000 0.0000000000
113140  30.712  33.931  -3.173 0.0000000000
113141  25.302  34.952  -3.472 0.0000000000
113142  24.828  34.299  -2.952 0.0000000000
113150  32.012  35.371  -3.725 0.0000000000
113151  31.465  34.999  -3.651 0.0000000000
113152  30.401  34.559  -3.839 0.0000000000
113153  29.373  34.111  -4.264 0.0000000000
113154  29.072  33.780  -4.633 0.0000000000
113155  25.470  34.810  -4.269 0.0000000000
113156  25.021  34.315  -3.973 0.0000000000
113160  30.008  35.264  -4.401 0.0000000000
113161  29.472  34.960  -4.549 0.0000000000
113162  28.618  34.430  -4.917 0.0000000000
113163  27.413  34.512  -5.194 0.0000000000
113164  26.395  34.585  -5.269 0.0000000000
113165  25.623  34.470  -4.922 0.0000000000
113166  25.258  34.332  -4.535 0.0000000000
113777  37.442  35.343  -0.324 0.0000000000
113778  36.784  35.660  -0.098 0.0000000000
113779  36.140  35.805  -0.178 0.0000000000
113795  38.009  34.910  -0.569 0.0000000000
113796  37.077  34.796  -0.485 0.0000000000
113797  35.965  35.184  -0.572 0.0000000000
113798  35.091  35.249  -1.191 0.0000000000
113799  25.488  35.972  -1.193 0.0000000000
113800  24.675  35.381  -0.539 0.0000000000
113808  34.494  35.340  -1.644 0.0000000000
113809  33.806  35.496  -2.188 0.0000000000
113810  25.533  35.803  -2.254 0.0000000000
113811  24.923  35.232  -1.539 0.0000000000
113816  33.260  35.733  -3.142 0.0000000000
113817  32.807  35.433  -3.336 0.0000000000
113818  25.557  35.708  -3.186 0.0000000000
113819  25.120  35.056  -2.522 0.0000000000
113826  33.021  36.256  -3.539 0.0000000000
113827  32.550  35.845  -3.718 0.0000000000
113828  31.507  35.798  -4.136 0.0000000000
113829  30.962  35.289  -3.953 0.0000000000
113830  26.154  36.100  -4.557 0.0000000000
113831  25.644  35.559  -4.030 0.0000000000
113836  30.984  36.187  -4.302 0.0000000000
113837  30.499  35.768  -4.310 0.0000000000
113838  29.536  35.881  -4.486 0.0000000000
113839  28.633  35.718  -4.701 0.0000000000
113840  27.662  35.515  -4.977 0.0000000000
113841  26.693  35.444  -5.101 0.0000000000
113842  25.956  35.198  -4.724 0.0000000000
114450  37.939  36.025  -0.124 0.0000000000
114451  36.945  36.401  0.300 0.0000000000
114452  36.120  36.308  0.218 0.0000000000
114453  35.404  36.529  -0.051 0.0000000000
114458  26.025  36.228  -0.718 0.0000000000
114468  38.431  35.403  -0.557 0.0000000000
114469  35.740  36.028  -0.273 0.0000000000
114470  35.061  36.188  -0.737 0.0000000000
114471  34.370  36.440  -1.187 0.0000000000
114474  27.417  36.415  -0.640 0.0000000000
114475  26.673  36.455  -1.040 0.0000000000
114476  26.166  36.366  -1.381 0.0000000000
114483  34.621  35.923  -1.352 0.0000000000
114484  34.138  36.353  -1.891 0.0000000000
114485  28.060  36.668  -1.193 0.0000000000
114486  27.329  36.685  -1.491 0.0000000000
114487  26.682  36.643  -1.857 0.0000000000
114488  26.086  36.354  -2.090 0.0000000000
114492  33.697  36.523  -2.791 0.0000000000
114493  27.901  36.898  -1.885 0.0000000000
114494  27.315  36.963  -2.305 0.0000000000
114495  26.659  36.887  -2.806 0.0000000000
114496  26.009  36.414  -3.025 0.0000000000
114501  33.286  36.656  -3.384 0.0000000000
114502  32.802  36.748  -3.663 0.0000000000
114503  31.949  36.780  -3.982 0.0000000000
114504  31.161  37.056  -4.098 0.0000000000
114505  28.406  37.253  -4.127 0.0000000000
114506  27.920  37.194  -4.137 0.0000000000
114507  26.701  37.045  -3.968 0.0000000000
114508  25.885  36.275  -3.797 0.0000000000
114512  31.257  36.507  -4.204 0.0000000000
114513  30.625  36.697  -4.286 0.0000000000
114514  29.859  36.617  -4.345 0.0000000000
114515  28.802  36.895  -4.379 0.0000000000
114516  27.740  36.524  -4.595 0.0000000000
114517  26.925  36.269  -4.831 0.0000000000
115089  36.009  37.680  1.266 0.0000000000
115090  34.941  37.500  1.155 0.0000000000
115091  33.882  37.597  0.964 0.0000000000
115092  33.005  38.012  0.802 0.0000000000
115093  32.487  38.246  0.703 0.0000000000
115103  37.433  37.087  0.501 0.0000000000
115104  36.498  37.056  0.672 0.0000000000
115105  35.555  36.946  0.612 0.0000000000
115106  34.531  37.005  0.005 0.0000000000
115107  33.387  37.561  0.025 0.0000000000
115108  32.623  38.109  0.164 0.0000000000
115109  30.105  37.900  -0.410 0.0000000000
115118  34.400  36.673  -0.765 0.0000000000
115119  33.705  37.096  -1.105 0.0000000000
115120  32.854  38.004  -0.734 0.0000000000
115121  30.093  38.001  -1.505 0.0000000000
115122  29.196  37.279  -0.821 0.0000000000
115123  28.580  36.863  -1.008 0.0000000000
115130  33.570  37.311  -2.332 0.0000000000
115131  32.899  37.949  -1.808 0.0000000000
115132  30.159  38.046  -2.494 0.0000000000
115133  29.303  37.524  -2.062 0.0000000000
115134  28.566  37.044  -1.631 0.0000000000
115140  33.431  37.377  -3.199 0.0000000000
115141  33.093  38.184  -2.780 0.0000000000
115142  30.187  38.017  -3.267 0.0000000000
115143  29.235  37.918  -3.022 0.0000000000
115144  28.207  37.290  -2.681 0.0000000000
115145  27.243  37.220  -3.031 0.0000000000
115146  26.875  37.151  -3.334 0.0000000000
115151  33.087  37.159  -3.492 0.0000000000
115152  32.545  37.688  -3.450 0.0000000000
115153  31.469  37.605  -3.701 0.0000000000
115154  30.449  37.475  -3.891 0.0000000000
115155  29.510  37.640  -3.708 0.0000000000
115156  28.564  37.440  -3.735 0.0000000000
115157  27.586  37.275  -3.527 0.0000000000
115158  27.070  37.231  -3.486 0.0000000000
115161  30.135  37.061  -4.237 0.0000000000
115162  29.627  37.238  -4.144 0.0000000000
115163  29.102  37.364  -4.017 0.0000000000
115740  32.007  38.431  0.541 0.0000000000
115741  31.369  38.632  0.272 0.0000000000
115742  30.709  38.467  0.110 0.0000000000
115750  32.080  38.420  -0.305 0.0000000000
115751  31.459  38.601  -0.688 0.0000000000
115752  30.791  38.505  -1.062 0.0000000000
115759  32.268  38.592  -1.258 0.0000000000
115760  31.577  38.898  -1.670 0.0000000000
115761  30.866  38.574  -2.075 0.0000000000
115767  32.443  38.802  -2.229 0.0000000000
115768  31.643  38.956  -2.625 0.0000000000
115769  30.887  38.501  -2.920 0.0000000000
115773  32.425  38.722  -3.056 0.0000000000
115774  31.676  38.388  -3.284 0.0000000000
115775  30.947  37.997  -3.368 0.0000000000
