#!ascii label  , from subject FREESURFER vox2ras=TkReg 
1004
118118  10.961  43.061  4.209 0.0000000000
118125  11.022  43.236  3.740 0.0000000000
118126  10.824  42.657  3.403 0.0000000000
118667  11.134  44.059  9.357 0.0000000000
118686  11.130  43.988  8.952 0.0000000000
118703  11.099  43.911  8.058 0.0000000000
118717  11.161  43.861  7.056 0.0000000000
118727  11.252  43.784  6.029 0.0000000000
118736  11.225  43.629  4.940 0.0000000000
118744  11.312  43.743  3.940 0.0000000000
118745  11.042  43.442  3.435 0.0000000000
118754  11.183  43.959  3.337 0.0000000000
118755  10.878  43.585  2.779 0.0000000000
119268  11.687  44.864  11.916 0.0000000000
119281  12.088  44.910  11.164 0.0000000000
119301  12.371  45.015  10.095 0.0000000000
119302  11.515  44.447  10.417 0.0000000000
119320  12.281  45.013  8.968 0.0000000000
119321  11.521  44.347  9.489 0.0000000000
119335  12.320  44.965  7.969 0.0000000000
119336  11.697  44.439  8.492 0.0000000000
119347  12.245  45.005  7.114 0.0000000000
119348  11.728  44.477  7.529 0.0000000000
119358  12.180  45.077  6.662 0.0000000000
119359  11.841  44.648  6.509 0.0000000000
119369  11.680  44.556  5.448 0.0000000000
119375  11.521  44.553  4.459 0.0000000000
119386  11.309  44.550  3.656 0.0000000000
119397  11.035  44.513  3.007 0.0000000000
119398  10.594  44.436  2.356 0.0000000000
119855  12.576  45.955  12.992 0.0000000000
119856  12.040  45.781  13.200 0.0000000000
119874  13.296  46.177  12.099 0.0000000000
119875  12.635  45.606  12.247 0.0000000000
119876  11.470  45.178  12.668 0.0000000000
119896  13.337  46.018  11.505 0.0000000000
119897  12.881  45.445  10.993 0.0000000000
119913  13.364  46.055  10.675 0.0000000000
119914  13.001  45.645  10.227 0.0000000000
119921  13.251  46.159  10.010 0.0000000000
119922  12.870  45.803  9.403 0.0000000000
119933  12.635  45.751  8.364 0.0000000000
119943  12.481  45.694  7.418 0.0000000000
119954  12.309  45.535  6.676 0.0000000000
119955  12.154  45.210  6.392 0.0000000000
119966  12.200  45.499  6.291 0.0000000000
119967  12.030  45.380  5.904 0.0000000000
119977  11.724  45.474  4.941 0.0000000000
119989  11.345  45.417  3.978 0.0000000000
119990  10.945  45.690  3.470 0.0000000000
120001  11.104  45.119  3.363 0.0000000000
120002  10.649  45.397  2.821 0.0000000000
120003  10.043  45.653  2.403 0.0000000000
120010  10.217  45.069  2.201 0.0000000000
120011  9.595  45.338  1.840 0.0000000000
120012  8.842  45.356  1.321 0.0000000000
120013  8.047  45.640  1.167 0.0000000000
120014  7.138  45.737  1.065 0.0000000000
120015  6.330  45.803  1.031 0.0000000000
120021  6.074  45.468  0.351 0.0000000000
120031  7.036  45.763  -0.718 0.0000000000
120032  6.639  45.588  -0.575 0.0000000000
120033  5.952  45.225  -0.240 0.0000000000
120042  7.973  45.742  -1.526 0.0000000000
120043  7.366  45.516  -1.205 0.0000000000
120432  13.342  47.409  14.254 0.0000000000
120433  12.978  47.270  14.297 0.0000000000
120447  13.858  47.365  13.617 0.0000000000
120448  13.528  47.252  13.813 0.0000000000
120449  12.693  46.481  13.592 0.0000000000
120463  13.879  47.256  13.323 0.0000000000
120464  13.470  46.613  12.763 0.0000000000
120465  12.868  46.117  12.906 0.0000000000
120474  13.633  46.642  11.874 0.0000000000
120478  13.639  46.710  11.097 0.0000000000
120484  13.484  46.761  10.304 0.0000000000
120485  13.194  46.726  9.547 0.0000000000
120494  12.817  46.647  8.727 0.0000000000
120501  12.529  46.595  7.765 0.0000000000
120510  12.291  46.469  6.718 0.0000000000
120511  12.033  46.909  6.318 0.0000000000
120523  12.238  45.875  6.222 0.0000000000
120524  11.876  46.457  5.701 0.0000000000
120536  11.218  46.427  4.401 0.0000000000
120537  10.776  46.900  4.092 0.0000000000
120546  11.025  46.012  3.809 0.0000000000
120547  10.477  46.473  3.446 0.0000000000
120548  9.736  46.913  3.233 0.0000000000
120557  10.203  46.014  2.747 0.0000000000
120558  9.403  46.381  2.527 0.0000000000
120559  8.237  46.670  2.201 0.0000000000
120560  7.150  46.845  2.127 0.0000000000
120561  6.038  46.959  2.107 0.0000000000
120562  5.383  47.177  2.026 0.0000000000
120566  9.158  45.841  1.783 0.0000000000
120567  8.595  46.090  1.696 0.0000000000
120568  7.639  46.264  1.596 0.0000000000
120569  6.625  46.384  1.537 0.0000000000
120570  5.667  46.589  1.390 0.0000000000
120573  6.431  46.607  0.152 0.0000000000
120574  5.927  46.532  0.341 0.0000000000
120575  5.760  46.348  0.580 0.0000000000
120583  8.036  46.527  -0.709 0.0000000000
120584  7.156  46.243  -0.430 0.0000000000
120585  6.209  46.069  -0.128 0.0000000000
120586  5.897  46.050  0.172 0.0000000000
120595  8.252  46.282  -1.432 0.0000000000
120596  7.778  46.081  -0.898 0.0000000000
120953  14.059  47.876  14.393 0.0000000000
120954  13.510  47.741  14.663 0.0000000000
120968  14.136  47.664  13.742 0.0000000000
120969  13.827  47.601  14.157 0.0000000000
120975  14.272  47.585  12.677 0.0000000000
120976  13.882  47.045  12.219 0.0000000000
120979  14.414  48.074  11.970 0.0000000000
120980  14.029  47.485  11.588 0.0000000000
120984  13.738  47.489  10.698 0.0000000000
120990  13.422  47.567  9.898 0.0000000000
120991  12.899  47.539  9.132 0.0000000000
121000  12.461  47.522  8.251 0.0000000000
121008  12.067  47.490  7.217 0.0000000000
121009  11.631  47.954  6.963 0.0000000000
121017  12.066  47.116  6.628 0.0000000000
121018  11.605  47.515  6.340 0.0000000000
121029  11.054  47.379  5.098 0.0000000000
121030  10.533  47.732  4.904 0.0000000000
121043  10.887  47.077  4.428 0.0000000000
121044  10.282  47.482  4.223 0.0000000000
121045  9.609  47.805  4.148 0.0000000000
121056  9.929  47.158  3.549 0.0000000000
121057  8.975  47.552  3.479 0.0000000000
121058  7.245  47.856  3.224 0.0000000000
121059  5.935  48.052  3.075 0.0000000000
121060  5.239  48.232  2.934 0.0000000000
121070  8.645  46.989  2.712 0.0000000000
121071  7.837  47.286  2.687 0.0000000000
121072  6.568  47.455  2.640 0.0000000000
121073  5.336  47.723  2.523 0.0000000000
121074  4.883  47.531  1.919 0.0000000000
121075  4.664  47.871  1.874 0.0000000000
121081  5.253  47.365  1.311 0.0000000000
121082  4.830  47.741  1.746 0.0000000000
121086  8.143  47.723  0.121 0.0000000000
121087  7.062  47.159  0.329 0.0000000000
121088  6.030  47.133  0.454 0.0000000000
121089  5.517  46.987  0.634 0.0000000000
121099  8.527  47.352  -0.839 0.0000000000
121100  7.876  46.958  -0.252 0.0000000000
121109  8.749  47.343  -1.910 0.0000000000
121477  15.215  49.204  15.197 0.0000000000
121478  14.548  48.613  15.436 0.0000000000
121479  13.914  48.252  15.568 0.0000000000
121483  15.088  49.150  14.110 0.0000000000
121484  14.517  48.461  14.447 0.0000000000
121485  14.115  48.181  14.898 0.0000000000
121488  14.988  49.256  13.242 0.0000000000
121489  14.634  48.466  13.428 0.0000000000
121492  14.923  49.437  12.771 0.0000000000
121493  14.718  48.816  12.408 0.0000000000
121496  14.240  48.627  11.322 0.0000000000
121497  13.951  48.010  10.990 0.0000000000
121500  13.957  49.051  10.785 0.0000000000
121501  13.691  48.500  10.425 0.0000000000
121508  13.071  48.451  9.532 0.0000000000
121509  12.419  48.373  8.821 0.0000000000
121518  11.785  48.441  7.931 0.0000000000
121519  11.235  48.892  7.813 0.0000000000
121527  11.666  48.140  7.282 0.0000000000
121528  11.034  48.594  7.057 0.0000000000
121529  10.227  49.017  6.991 0.0000000000
121538  10.735  48.062  5.848 0.0000000000
121539  9.885  48.805  6.286 0.0000000000
121540  9.129  49.024  6.173 0.0000000000
121550  10.619  47.844  5.233 0.0000000000
121551  10.051  48.169  5.082 0.0000000000
121552  8.833  48.711  5.508 0.0000000000
121553  7.589  48.917  5.170 0.0000000000
121554  6.922  49.071  4.988 0.0000000000
121564  9.824  47.931  4.466 0.0000000000
121565  9.189  48.160  4.461 0.0000000000
121566  8.136  48.488  4.591 0.0000000000
121567  6.761  48.794  4.412 0.0000000000
121568  5.632  48.864  3.822 0.0000000000
121576  8.563  48.189  4.065 0.0000000000
121577  7.715  48.301  3.847 0.0000000000
121578  6.378  48.416  3.620 0.0000000000
121579  5.205  48.673  3.284 0.0000000000
121589  4.863  48.470  2.694 0.0000000000
121590  4.660  48.128  2.267 0.0000000000
121591  4.544  48.047  1.985 0.0000000000
121599  8.308  49.112  1.254 0.0000000000
121600  7.548  48.810  1.376 0.0000000000
121601  6.363  48.439  1.396 0.0000000000
121602  5.389  48.068  1.374 0.0000000000
121603  4.747  47.979  1.701 0.0000000000
121610  8.419  48.680  0.640 0.0000000000
121611  7.322  48.090  0.803 0.0000000000
121612  6.227  47.790  0.800 0.0000000000
121613  5.585  47.494  0.885 0.0000000000
121621  8.714  48.509  -0.452 0.0000000000
121624  8.757  48.348  -1.438 0.0000000000
121627  8.521  48.377  -2.360 0.0000000000
121628  7.995  48.814  -2.890 0.0000000000
122008  15.541  49.866  14.629 0.0000000000
122010  15.343  49.876  13.759 0.0000000000
122013  15.159  49.909  13.021 0.0000000000
122014  14.869  49.819  12.408 0.0000000000
122017  14.549  49.642  11.683 0.0000000000
122021  14.139  49.611  10.976 0.0000000000
122022  13.675  49.491  10.487 0.0000000000
122031  13.194  49.358  9.902 0.0000000000
122032  12.390  49.309  9.329 0.0000000000
122033  11.724  49.572  8.982 0.0000000000
122042  11.930  49.022  8.688 0.0000000000
122043  11.272  49.400  8.374 0.0000000000
122044  10.632  49.680  8.126 0.0000000000
122053  10.875  49.192  7.805 0.0000000000
122054  10.218  49.472  7.548 0.0000000000
122055  9.293  49.706  7.388 0.0000000000
122056  8.425  49.851  7.218 0.0000000000
122057  7.723  49.979  6.973 0.0000000000
122066  9.745  49.255  7.000 0.0000000000
122067  9.063  49.353  6.693 0.0000000000
122068  8.163  49.511  6.605 0.0000000000
122069  7.206  49.773  6.387 0.0000000000
122070  6.182  49.930  5.907 0.0000000000
122071  5.391  49.957  5.592 0.0000000000
122081  8.640  49.172  6.187 0.0000000000
122082  7.907  49.242  5.904 0.0000000000
122083  6.874  49.377  5.496 0.0000000000
122084  5.830  49.566  5.194 0.0000000000
122085  4.908  49.785  4.959 0.0000000000
122086  4.648  50.165  4.485 0.0000000000
122102  6.364  49.190  4.892 0.0000000000
122103  5.489  49.280  4.357 0.0000000000
122104  4.701  49.771  4.054 0.0000000000
122105  4.615  50.239  4.062 0.0000000000
122116  6.081  49.788  3.103 0.0000000000
122117  5.199  49.664  3.239 0.0000000000
122118  4.824  50.210  3.732 0.0000000000
122119  4.720  50.473  3.983 0.0000000000
122128  7.624  49.770  2.449 0.0000000000
122129  6.698  49.651  2.734 0.0000000000
122130  5.250  49.228  2.476 0.0000000000
122131  4.784  48.614  2.175 0.0000000000
122132  4.611  48.304  2.043 0.0000000000
122140  8.883  49.941  1.716 0.0000000000
122141  8.160  49.630  1.903 0.0000000000
122142  6.510  49.122  1.950 0.0000000000
122143  5.385  48.774  1.793 0.0000000000
122144  4.810  48.385  1.807 0.0000000000
122145  4.626  48.211  1.843 0.0000000000
122152  9.093  49.952  1.346 0.0000000000
122153  8.826  49.448  0.981 0.0000000000
122157  9.143  50.073  0.618 0.0000000000
122158  9.020  49.577  -0.047 0.0000000000
122161  8.740  49.433  -1.178 0.0000000000
122162  8.414  49.670  -1.842 0.0000000000
122164  8.611  49.062  -1.853 0.0000000000
122165  8.131  49.395  -2.362 0.0000000000
122168  7.488  49.464  -3.015 0.0000000000
122558  15.599  50.627  14.232 0.0000000000
122561  15.327  50.619  13.418 0.0000000000
122562  15.028  50.608  12.696 0.0000000000
122565  14.688  50.588  11.950 0.0000000000
122571  14.256  50.470  11.256 0.0000000000
122572  13.706  50.405  10.676 0.0000000000
122573  13.048  50.697  10.332 0.0000000000
122583  13.254  50.033  10.251 0.0000000000
122584  12.576  50.226  9.888 0.0000000000
122585  11.800  50.202  9.405 0.0000000000
122586  11.081  50.586  9.219 0.0000000000
122594  11.289  50.006  8.958 0.0000000000
122595  10.587  50.314  8.685 0.0000000000
122596  9.840  50.524  8.444 0.0000000000
122597  9.054  50.669  8.330 0.0000000000
122598  8.233  50.923  8.100 0.0000000000
122607  10.186  50.037  8.146 0.0000000000
122608  9.566  50.128  7.937 0.0000000000
122609  8.709  50.302  7.770 0.0000000000
122610  7.631  50.612  7.533 0.0000000000
122611  6.676  50.814  7.205 0.0000000000
122612  5.915  50.939  6.860 0.0000000000
122619  7.151  50.305  6.951 0.0000000000
122620  6.430  50.392  6.583 0.0000000000
122621  5.389  50.508  6.226 0.0000000000
122622  4.801  50.632  5.944 0.0000000000
122639  8.128  50.632  4.582 0.0000000000
122640  7.541  50.782  4.773 0.0000000000
122641  6.516  51.163  4.917 0.0000000000
122642  5.839  51.295  4.817 0.0000000000
122643  4.947  50.230  5.618 0.0000000000
122644  4.679  50.543  5.254 0.0000000000
122659  8.463  50.473  4.188 0.0000000000
122660  7.500  50.472  4.090 0.0000000000
122661  6.506  50.637  4.183 0.0000000000
122662  5.577  50.959  4.382 0.0000000000
122663  4.915  51.018  4.228 0.0000000000
122664  4.704  50.686  4.434 0.0000000000
122671  8.791  50.418  3.414 0.0000000000
122672  7.757  50.250  3.462 0.0000000000
122673  6.503  50.136  3.381 0.0000000000
122674  5.515  50.409  3.706 0.0000000000
122675  4.956  50.681  3.875 0.0000000000
122676  4.792  50.688  4.060 0.0000000000
122683  9.097  50.416  2.636 0.0000000000
122684  8.016  50.016  2.740 0.0000000000
122685  7.217  50.062  3.025 0.0000000000
122691  9.207  50.372  1.807 0.0000000000
122692  8.661  50.071  2.286 0.0000000000
122696  9.276  50.738  0.872 0.0000000000
122699  9.141  50.662  -0.021 0.0000000000
122700  8.822  50.430  -0.860 0.0000000000
122703  8.371  50.397  -1.729 0.0000000000
122704  8.092  49.954  -2.071 0.0000000000
122706  8.132  50.891  -2.246 0.0000000000
122707  7.801  50.327  -2.579 0.0000000000
122709  7.109  50.284  -3.468 0.0000000000
122710  6.613  49.896  -3.818 0.0000000000
122715  7.179  50.744  -4.065 0.0000000000
122716  6.654  50.316  -4.396 0.0000000000
122723  6.210  50.174  -5.427 0.0000000000
122729  6.287  50.598  -6.463 0.0000000000
122734  6.287  50.805  -7.462 0.0000000000
122741  6.191  51.019  -8.368 0.0000000000
122742  5.921  50.195  -8.057 0.0000000000
122747  6.011  51.211  -8.841 0.0000000000
122748  5.845  50.655  -9.150 0.0000000000
122753  5.565  50.702  -10.442 0.0000000000
123082  15.437  51.423  13.834 0.0000000000
123085  15.141  51.338  13.071 0.0000000000
123086  14.800  51.429  12.407 0.0000000000
123090  14.205  51.565  11.511 0.0000000000
123091  13.601  52.109  11.162 0.0000000000
123101  13.938  50.999  10.984 0.0000000000
123102  13.345  51.498  10.723 0.0000000000
123103  12.265  51.315  10.184 0.0000000000
123104  11.162  51.854  9.942 0.0000000000
123105  10.423  52.132  9.822 0.0000000000
123118  12.023  50.684  9.795 0.0000000000
123119  11.448  51.016  9.636 0.0000000000
123120  10.243  51.406  9.340 0.0000000000
123121  9.068  51.667  9.138 0.0000000000
123122  8.025  51.979  9.005 0.0000000000
123123  7.247  52.247  8.920 0.0000000000
123133  10.056  50.841  8.812 0.0000000000
123134  9.485  51.088  8.771 0.0000000000
123135  8.519  51.331  8.610 0.0000000000
123136  7.136  51.650  8.284 0.0000000000
123137  6.203  51.997  8.049 0.0000000000
123148  6.895  51.181  7.623 0.0000000000
123149  6.060  51.577  7.514 0.0000000000
123150  5.127  51.361  6.776 0.0000000000
123151  4.781  51.678  6.552 0.0000000000
123163  8.382  51.674  5.840 0.0000000000
123164  7.441  51.839  6.009 0.0000000000
123165  6.483  52.007  5.958 0.0000000000
123166  5.923  52.132  5.847 0.0000000000
123167  4.891  50.897  6.303 0.0000000000
123168  4.657  51.249  6.100 0.0000000000
123187  10.030  51.354  4.725 0.0000000000
123188  8.857  50.991  5.145 0.0000000000
123189  7.610  51.290  5.419 0.0000000000
123190  6.768  51.574  5.552 0.0000000000
123191  5.752  51.661  5.325 0.0000000000
123192  4.969  51.638  5.116 0.0000000000
123193  4.685  51.311  5.270 0.0000000000
123202  10.869  52.029  3.685 0.0000000000
123203  10.273  51.393  3.856 0.0000000000
123204  9.450  50.780  4.143 0.0000000000
123205  5.571  51.335  4.766 0.0000000000
123206  5.218  51.376  4.672 0.0000000000
123207  4.824  51.239  4.687 0.0000000000
123214  10.864  52.213  3.227 0.0000000000
123215  10.516  51.764  2.915 0.0000000000
123216  9.719  50.921  3.213 0.0000000000
123222  10.198  52.005  1.983 0.0000000000
123223  9.775  51.168  2.293 0.0000000000
123229  10.034  52.207  1.514 0.0000000000
123230  9.657  51.660  1.306 0.0000000000
123233  9.364  51.621  0.223 0.0000000000
123236  9.022  51.492  -0.918 0.0000000000
123237  8.617  50.953  -1.317 0.0000000000
123239  9.026  51.822  -1.585 0.0000000000
123240  8.612  51.378  -1.908 0.0000000000
123242  8.147  51.294  -2.961 0.0000000000
123243  7.630  50.733  -3.168 0.0000000000
123245  8.000  51.729  -3.936 0.0000000000
123246  7.576  51.020  -3.717 0.0000000000
123253  7.827  52.030  -4.375 0.0000000000
123254  7.338  51.470  -4.661 0.0000000000
123255  6.768  50.809  -5.059 0.0000000000
123262  7.172  51.940  -5.335 0.0000000000
123263  6.769  51.410  -5.738 0.0000000000
123268  6.556  51.543  -6.876 0.0000000000
123273  6.400  51.667  -7.838 0.0000000000
123279  6.077  51.744  -8.642 0.0000000000
123280  5.777  52.000  -9.140 0.0000000000
123285  5.866  51.459  -9.132 0.0000000000
123286  5.652  51.727  -9.828 0.0000000000
123291  5.463  51.797  -11.099 0.0000000000
123293  5.330  51.919  -12.378 0.0000000000
123611  15.090  52.088  13.363 0.0000000000
123612  14.843  52.839  13.718 0.0000000000
123615  14.920  51.865  12.832 0.0000000000
123616  14.518  52.585  12.569 0.0000000000
123620  13.773  52.638  11.611 0.0000000000
123621  12.890  52.659  11.001 0.0000000000
123622  12.188  53.069  10.920 0.0000000000
123634  12.619  52.029  10.554 0.0000000000
123635  11.827  52.559  10.523 0.0000000000
123636  10.628  52.647  10.245 0.0000000000
123637  9.546  52.574  9.843 0.0000000000
123638  8.276  53.034  9.836 0.0000000000
123639  7.605  53.212  9.868 0.0000000000
123649  9.405  52.004  9.437 0.0000000000
123650  8.653  52.333  9.454 0.0000000000
123651  7.451  52.746  9.467 0.0000000000
123652  6.333  52.658  8.849 0.0000000000
123653  5.538  52.979  8.742 0.0000000000
123661  6.264  52.221  8.311 0.0000000000
123662  5.498  52.514  8.060 0.0000000000
123663  5.151  52.874  7.672 0.0000000000
123678  5.270  51.916  7.373 0.0000000000
123679  4.885  52.266  6.980 0.0000000000
123680  4.693  51.807  6.359 0.0000000000
123698  11.495  53.173  6.023 0.0000000000
123699  10.891  52.764  6.094 0.0000000000
123700  9.577  52.086  6.055 0.0000000000
123701  8.231  52.324  6.386 0.0000000000
123702  7.080  52.478  6.411 0.0000000000
123703  6.010  52.497  6.300 0.0000000000
123704  5.185  52.429  6.330 0.0000000000
123705  4.701  51.889  6.010 0.0000000000
123720  11.469  52.868  5.415 0.0000000000
123721  10.658  52.030  5.260 0.0000000000
123722  9.835  51.559  5.334 0.0000000000
123723  5.533  52.198  5.863 0.0000000000
123724  5.043  52.056  5.611 0.0000000000
123725  4.825  51.732  5.487 0.0000000000
123731  11.345  52.554  4.381 0.0000000000
123732  10.700  51.818  4.393 0.0000000000
123739  11.171  52.673  3.373 0.0000000000
123740  10.875  52.403  2.935 0.0000000000
123746  11.020  52.831  2.812 0.0000000000
123747  10.717  52.593  2.379 0.0000000000
123753  10.409  52.693  1.569 0.0000000000
123754  9.989  52.415  1.182 0.0000000000
123757  10.221  52.871  0.976 0.0000000000
123758  9.819  52.550  0.524 0.0000000000
123760  9.531  52.492  -0.482 0.0000000000
123762  9.353  52.435  -1.510 0.0000000000
123763  9.079  52.020  -2.012 0.0000000000
123765  9.281  52.601  -2.361 0.0000000000
123766  8.841  52.025  -2.634 0.0000000000
123769  9.114  52.651  -2.998 0.0000000000
123770  8.590  52.338  -3.477 0.0000000000
123778  8.185  52.483  -4.204 0.0000000000
123779  7.760  52.495  -4.666 0.0000000000
123785  7.408  52.492  -5.165 0.0000000000
123786  6.986  52.493  -5.665 0.0000000000
123791  6.693  52.436  -6.389 0.0000000000
123796  6.505  52.463  -7.300 0.0000000000
123801  6.253  52.528  -8.197 0.0000000000
123802  5.947  52.381  -8.816 0.0000000000
123808  6.021  52.936  -8.700 0.0000000000
123809  5.777  52.761  -9.374 0.0000000000
123815  5.544  52.807  -10.488 0.0000000000
123819  5.412  52.904  -11.719 0.0000000000
123821  5.385  53.014  -12.943 0.0000000000
123824  5.387  53.109  -14.011 0.0000000000
124124  14.252  53.612  13.455 0.0000000000
124125  13.672  54.009  13.031 0.0000000000
124130  13.991  53.536  12.672 0.0000000000
124131  13.301  53.926  12.427 0.0000000000
124132  12.680  54.053  11.968 0.0000000000
124143  13.838  53.284  12.119 0.0000000000
124144  13.151  53.397  11.710 0.0000000000
124145  12.195  53.672  11.385 0.0000000000
124146  11.403  53.857  11.125 0.0000000000
124158  11.732  53.338  10.899 0.0000000000
124159  10.915  53.474  10.704 0.0000000000
124160  9.805  53.409  10.488 0.0000000000
124161  8.673  53.503  10.349 0.0000000000
124162  7.514  53.603  10.325 0.0000000000
124163  6.423  53.770  10.357 0.0000000000
124164  5.488  53.829  10.205 0.0000000000
124165  4.826  54.042  9.889 0.0000000000
124166  4.725  54.370  9.699 0.0000000000
124173  7.076  53.365  9.924 0.0000000000
124174  6.347  53.346  9.676 0.0000000000
124175  5.458  53.454  9.319 0.0000000000
124176  4.897  53.956  9.115 0.0000000000
124177  4.790  54.440  9.503 0.0000000000
124188  5.232  53.273  8.688 0.0000000000
124189  5.125  53.398  8.209 0.0000000000
124207  11.226  54.193  7.270 0.0000000000
124208  10.699  53.912  7.390 0.0000000000
124209  9.605  53.629  7.481 0.0000000000
124210  8.361  53.575  7.477 0.0000000000
124211  7.106  53.586  7.430 0.0000000000
124212  5.995  53.495  7.409 0.0000000000
124213  5.241  53.194  7.492 0.0000000000
124226  11.886  54.373  6.546 0.0000000000
124227  11.437  53.780  6.669 0.0000000000
124228  10.251  53.143  6.792 0.0000000000
124229  8.996  52.914  6.903 0.0000000000
124230  7.734  53.038  6.869 0.0000000000
124231  6.556  53.091  6.812 0.0000000000
124232  5.595  52.978  6.833 0.0000000000
124233  5.158  52.744  6.904 0.0000000000
124240  12.058  54.186  6.088 0.0000000000
124241  11.851  53.566  5.757 0.0000000000
124247  12.175  54.098  5.448 0.0000000000
124248  11.957  53.603  4.817 0.0000000000
124254  11.636  53.475  3.753 0.0000000000
124256  11.222  53.407  2.930 0.0000000000
124257  10.992  53.138  2.513 0.0000000000
124263  11.062  53.476  2.479 0.0000000000
124264  10.878  53.392  2.024 0.0000000000
124266  10.524  53.547  1.151 0.0000000000
124267  10.230  53.227  0.568 0.0000000000
124270  10.339  53.800  0.458 0.0000000000
124271  10.033  53.422  -0.132 0.0000000000
124274  9.759  53.347  -1.113 0.0000000000
124276  9.517  53.338  -2.050 0.0000000000
124282  9.280  53.284  -2.814 0.0000000000
124283  8.942  53.221  -3.394 0.0000000000
124291  8.498  53.201  -3.945 0.0000000000
124292  8.057  53.263  -4.480 0.0000000000
124296  10.477  53.470  -5.625 0.0000000000
124297  7.589  53.302  -4.914 0.0000000000
124298  7.153  53.349  -5.370 0.0000000000
124302  10.140  53.306  -6.330 0.0000000000
124303  9.823  53.248  -6.944 0.0000000000
124304  6.695  53.366  -5.923 0.0000000000
124308  9.369  53.287  -7.652 0.0000000000
124309  8.967  53.653  -8.211 0.0000000000
124310  6.470  53.372  -6.775 0.0000000000
124311  6.233  53.853  -7.161 0.0000000000
124316  9.055  52.899  -8.279 0.0000000000
124317  8.707  53.315  -8.913 0.0000000000
124318  6.309  53.246  -7.598 0.0000000000
124319  6.012  53.921  -7.759 0.0000000000
124324  8.325  53.441  -9.909 0.0000000000
124325  8.072  53.917  -10.595 0.0000000000
124326  6.096  53.276  -8.217 0.0000000000
124327  5.823  53.756  -8.718 0.0000000000
124331  8.126  53.177  -10.660 0.0000000000
124332  7.870  53.673  -11.402 0.0000000000
124333  5.648  53.831  -9.854 0.0000000000
124336  7.483  53.867  -12.493 0.0000000000
124337  5.486  53.924  -11.058 0.0000000000
124338  7.056  54.045  -13.500 0.0000000000
124339  5.441  54.011  -12.292 0.0000000000
124340  6.565  54.172  -14.290 0.0000000000
124341  6.167  54.015  -14.804 0.0000000000
124342  5.531  54.021  -13.440 0.0000000000
124343  5.858  53.917  -14.809 0.0000000000
124344  5.607  53.967  -14.350 0.0000000000
124635  12.885  55.027  14.138 0.0000000000
124640  13.479  54.427  13.708 0.0000000000
124641  12.755  54.932  13.432 0.0000000000
124647  13.182  54.447  13.004 0.0000000000
124648  12.466  54.727  12.593 0.0000000000
124649  11.739  54.943  12.192 0.0000000000
124660  12.122  54.446  11.888 0.0000000000
124661  11.265  54.580  11.648 0.0000000000
124662  10.179  54.767  11.468 0.0000000000
124663  9.153  54.785  11.391 0.0000000000
124664  8.063  54.761  11.418 0.0000000000
124665  6.965  54.766  11.478 0.0000000000
124666  5.983  54.829  11.470 0.0000000000
124667  5.337  54.943  11.222 0.0000000000
124676  10.779  54.180  11.139 0.0000000000
124677  9.983  54.121  10.994 0.0000000000
124678  8.937  54.167  10.849 0.0000000000
124679  7.810  54.161  10.895 0.0000000000
124680  6.688  54.252  10.901 0.0000000000
124681  5.708  54.317  10.856 0.0000000000
124682  4.964  54.558  10.576 0.0000000000
124683  4.639  54.577  10.061 0.0000000000
124692  6.639  55.140  9.287 0.0000000000
124693  5.989  55.013  9.249 0.0000000000
124694  5.048  54.689  9.294 0.0000000000
124695  4.667  54.686  9.788 0.0000000000
124712  10.936  55.071  8.295 0.0000000000
124713  10.504  54.958  8.479 0.0000000000
124714  9.481  54.798  8.649 0.0000000000
124715  8.301  54.716  8.654 0.0000000000
124716  6.945  54.749  8.782 0.0000000000
124717  5.721  54.489  8.554 0.0000000000
124718  5.112  54.060  8.476 0.0000000000
124735  11.657  55.001  7.543 0.0000000000
124736  11.216  54.773  7.828 0.0000000000
124737  10.133  54.286  8.061 0.0000000000
124738  8.949  54.171  8.076 0.0000000000
124739  7.676  54.140  8.072 0.0000000000
124740  6.421  54.108  7.983 0.0000000000
124741  5.472  53.920  7.921 0.0000000000
124742  5.180  53.669  8.025 0.0000000000
124753  11.796  54.750  7.097 0.0000000000
124754  11.433  54.371  7.200 0.0000000000
124761  12.120  54.848  6.336 0.0000000000
124764  12.228  54.721  5.650 0.0000000000
124765  12.254  54.588  4.977 0.0000000000
124768  11.859  54.501  4.145 0.0000000000
124770  11.363  54.336  3.204 0.0000000000
124771  11.072  54.623  2.618 0.0000000000
124777  11.142  53.949  2.483 0.0000000000
124778  10.870  54.413  1.817 0.0000000000
124781  10.401  54.447  0.831 0.0000000000
124784  10.174  54.337  0.027 0.0000000000
124785  9.888  54.252  -0.699 0.0000000000
124788  9.537  54.227  -1.605 0.0000000000
124791  9.231  54.149  -2.691 0.0000000000
124792  8.763  54.487  -2.961 0.0000000000
124797  9.079  53.724  -3.166 0.0000000000
124798  8.518  54.137  -3.537 0.0000000000
124799  7.905  54.562  -3.783 0.0000000000
124804  10.442  54.509  -5.342 0.0000000000
124805  8.198  53.733  -4.136 0.0000000000
124806  7.622  54.246  -4.415 0.0000000000
124807  6.994  54.729  -4.564 0.0000000000
124810  9.981  54.459  -6.280 0.0000000000
124811  9.495  54.982  -6.747 0.0000000000
124812  7.258  53.847  -4.991 0.0000000000
124813  6.706  54.426  -5.171 0.0000000000
124814  6.205  55.053  -5.154 0.0000000000
124818  9.917  53.848  -6.676 0.0000000000
124819  9.475  54.329  -7.082 0.0000000000
124820  6.321  54.120  -6.185 0.0000000000
124821  6.037  54.912  -5.676 0.0000000000
124825  9.014  54.343  -7.803 0.0000000000
124826  8.705  54.439  -8.528 0.0000000000
124827  6.267  54.011  -6.748 0.0000000000
124828  5.974  54.638  -6.829 0.0000000000
124833  8.403  54.438  -9.330 0.0000000000
124834  5.784  54.798  -7.975 0.0000000000
124838  8.086  54.598  -10.136 0.0000000000
124839  7.850  54.733  -10.992 0.0000000000
124840  5.639  54.860  -9.110 0.0000000000
124844  7.579  54.815  -11.946 0.0000000000
124845  5.548  54.964  -10.328 0.0000000000
124848  7.190  54.946  -12.901 0.0000000000
124849  5.427  55.066  -11.581 0.0000000000
124850  6.661  54.984  -13.785 0.0000000000
124851  6.384  55.172  -13.905 0.0000000000
124852  5.506  55.069  -12.793 0.0000000000
124853  6.474  54.670  -14.176 0.0000000000
124854  6.228  54.763  -14.286 0.0000000000
124855  5.851  54.814  -13.831 0.0000000000
124856  5.995  54.391  -14.833 0.0000000000
124857  5.889  54.428  -14.567 0.0000000000
125142  12.183  55.415  14.007 0.0000000000
125143  11.357  55.767  13.731 0.0000000000
125144  10.949  55.854  13.282 0.0000000000
125155  12.107  55.326  13.285 0.0000000000
125156  11.510  55.445  12.841 0.0000000000
125157  10.520  55.812  12.825 0.0000000000
125158  9.544  55.904  12.575 0.0000000000
125159  8.508  55.927  12.533 0.0000000000
125173  11.105  55.244  12.280 0.0000000000
125174  10.365  55.354  12.043 0.0000000000
125175  9.362  55.427  11.903 0.0000000000
125176  8.288  55.397  11.914 0.0000000000
125177  7.213  55.335  12.004 0.0000000000
125191  4.743  54.911  10.312 0.0000000000
125205  5.485  55.381  9.939 0.0000000000
125206  4.770  55.115  10.023 0.0000000000
125207  4.601  54.820  10.044 0.0000000000
125222  11.560  55.903  8.305 0.0000000000
125223  10.982  55.543  8.546 0.0000000000
125238  11.826  55.533  7.683 0.0000000000
125239  11.453  55.412  8.110 0.0000000000
125246  12.160  55.595  6.800 0.0000000000
125251  12.189  55.561  5.807 0.0000000000
125252  12.040  55.972  5.456 0.0000000000
125255  12.249  55.116  5.289 0.0000000000
125256  11.949  55.557  4.829 0.0000000000
125260  11.277  55.397  3.615 0.0000000000
125261  10.803  55.800  3.327 0.0000000000
125264  11.106  54.942  3.019 0.0000000000
125265  10.754  55.392  2.633 0.0000000000
125272  10.380  55.290  1.365 0.0000000000
125275  9.936  55.177  0.254 0.0000000000
125276  9.510  55.519  -0.043 0.0000000000
125278  9.894  54.783  -0.328 0.0000000000
125279  9.372  55.270  -0.819 0.0000000000
125280  8.716  55.758  -0.993 0.0000000000
125282  9.026  54.876  -2.097 0.0000000000
125283  8.378  55.707  -1.712 0.0000000000
125284  7.726  56.082  -1.858 0.0000000000
125287  8.846  54.620  -2.655 0.0000000000
125288  8.314  54.955  -2.836 0.0000000000
125289  7.375  55.860  -2.472 0.0000000000
125290  6.674  56.140  -2.528 0.0000000000
125296  8.051  54.708  -3.468 0.0000000000
125297  7.426  55.079  -3.606 0.0000000000
125298  6.468  55.918  -3.079 0.0000000000
125299  6.008  56.255  -3.063 0.0000000000
125303  10.953  55.412  -4.318 0.0000000000
125304  10.435  55.498  -4.994 0.0000000000
125305  7.143  54.859  -4.250 0.0000000000
125306  6.581  55.272  -4.285 0.0000000000
125307  5.926  56.046  -3.644 0.0000000000
125311  9.910  55.523  -5.785 0.0000000000
125312  9.423  55.590  -6.485 0.0000000000
125313  6.309  55.121  -4.879 0.0000000000
125314  5.865  55.655  -4.825 0.0000000000
125318  8.975  55.547  -7.166 0.0000000000
125319  8.660  56.089  -7.662 0.0000000000
125320  5.679  55.707  -5.977 0.0000000000
125324  9.008  54.914  -7.489 0.0000000000
125325  8.645  55.494  -8.053 0.0000000000
125326  5.613  55.744  -7.121 0.0000000000
125330  8.368  55.400  -8.956 0.0000000000
125331  5.641  55.872  -8.285 0.0000000000
125335  8.109  55.460  -9.670 0.0000000000
125336  7.789  55.654  -10.505 0.0000000000
125337  5.599  56.001  -9.503 0.0000000000
125340  7.547  55.756  -11.462 0.0000000000
125341  5.550  56.114  -10.771 0.0000000000
125344  7.353  55.847  -12.359 0.0000000000
125345  5.628  56.146  -11.992 0.0000000000
125346  7.018  55.918  -13.084 0.0000000000
125347  6.407  55.780  -13.389 0.0000000000
125348  5.837  56.013  -13.118 0.0000000000
125349  6.151  55.256  -13.918 0.0000000000
125350  6.148  55.327  -13.768 0.0000000000
125651  10.264  56.198  13.845 0.0000000000
125667  9.639  56.214  13.244 0.0000000000
125731  12.156  56.483  7.385 0.0000000000
125736  12.095  56.516  6.373 0.0000000000
125737  11.863  56.979  6.086 0.0000000000
125742  12.090  56.174  5.765 0.0000000000
125743  11.739  56.570  5.490 0.0000000000
125746  11.096  56.426  4.317 0.0000000000
125747  10.533  56.791  4.117 0.0000000000
125750  10.911  56.031  3.639 0.0000000000
125751  10.337  56.426  3.358 0.0000000000
125752  9.728  56.797  3.160 0.0000000000
125756  10.100  56.145  1.973 0.0000000000
125757  9.543  56.668  2.538 0.0000000000
125763  9.784  55.872  0.848 0.0000000000
125764  9.154  56.637  1.308 0.0000000000
125765  8.472  56.849  1.206 0.0000000000
125766  6.184  57.152  1.643 0.0000000000
125769  9.604  55.653  0.283 0.0000000000
125770  9.101  55.979  0.077 0.0000000000
125771  8.082  56.682  0.546 0.0000000000
125772  7.004  56.882  0.593 0.0000000000
125773  6.313  56.959  1.073 0.0000000000
125774  5.945  57.253  1.468 0.0000000000
125776  8.852  55.799  -0.628 0.0000000000
125777  8.214  56.230  -0.807 0.0000000000
125778  7.135  56.644  -0.370 0.0000000000
125779  6.294  56.808  0.106 0.0000000000
125780  5.836  57.120  0.644 0.0000000000
125782  7.899  56.154  -1.516 0.0000000000
125783  7.192  56.366  -1.584 0.0000000000
125784  6.266  56.589  -0.963 0.0000000000
125785  5.749  56.984  -0.352 0.0000000000
125787  6.831  56.237  -2.233 0.0000000000
125788  6.263  56.357  -2.170 0.0000000000
125789  5.694  56.851  -1.457 0.0000000000
125794  11.260  56.516  -3.847 0.0000000000
125795  10.724  57.053  -4.281 0.0000000000
125796  6.050  56.287  -2.777 0.0000000000
125797  5.703  56.649  -2.723 0.0000000000
125801  11.028  55.953  -4.090 0.0000000000
125802  10.544  56.507  -4.599 0.0000000000
125803  5.620  56.700  -3.953 0.0000000000
125807  9.889  56.545  -5.500 0.0000000000
125808  9.385  56.582  -6.283 0.0000000000
125809  5.567  56.643  -5.170 0.0000000000
125813  8.999  56.530  -6.918 0.0000000000
125814  8.730  56.625  -7.476 0.0000000000
125815  5.515  56.652  -6.292 0.0000000000
125819  8.463  56.706  -8.120 0.0000000000
125820  5.525  56.771  -7.410 0.0000000000
125821  8.203  56.578  -8.971 0.0000000000
125822  8.026  57.152  -9.461 0.0000000000
125823  5.607  56.968  -8.600 0.0000000000
125824  8.143  56.028  -9.354 0.0000000000
125825  7.876  56.668  -9.912 0.0000000000
125826  5.674  57.128  -9.880 0.0000000000
125827  7.518  56.730  -11.041 0.0000000000
125828  5.772  57.190  -11.140 0.0000000000
125829  7.334  56.697  -11.917 0.0000000000
125830  5.911  57.162  -12.224 0.0000000000
125831  7.112  56.677  -12.463 0.0000000000
125832  6.764  56.695  -12.669 0.0000000000
125833  6.391  56.836  -12.634 0.0000000000
126185  11.593  57.421  5.985 0.0000000000
126188  10.950  57.426  5.161 0.0000000000
126189  10.395  57.903  4.983 0.0000000000
126192  10.662  56.998  4.472 0.0000000000
126193  10.063  57.403  4.207 0.0000000000
126194  9.040  57.814  3.968 0.0000000000
126198  9.830  56.945  3.491 0.0000000000
126199  9.090  57.110  3.239 0.0000000000
126208  8.747  56.963  2.107 0.0000000000
126209  7.985  57.291  2.508 0.0000000000
126218  8.609  56.913  1.525 0.0000000000
126219  7.935  57.023  1.510 0.0000000000
126220  7.096  57.215  1.977 0.0000000000
126225  7.488  56.944  0.974 0.0000000000
126226  7.010  57.037  1.291 0.0000000000
126227  6.521  57.134  1.626 0.0000000000
126231  5.658  57.536  0.271 0.0000000000
126234  5.583  57.476  -0.751 0.0000000000
126238  7.514  58.258  -2.829 0.0000000000
126239  6.735  58.243  -2.799 0.0000000000
126240  6.210  58.270  -2.764 0.0000000000
126241  5.562  57.448  -1.825 0.0000000000
126248  10.795  57.626  -4.113 0.0000000000
126249  7.810  58.227  -3.139 0.0000000000
126250  7.102  58.146  -3.495 0.0000000000
126251  6.056  58.185  -3.281 0.0000000000
126252  5.667  57.556  -2.970 0.0000000000
126257  10.383  57.616  -4.755 0.0000000000
126258  6.951  58.104  -4.083 0.0000000000
126259  6.388  58.097  -4.157 0.0000000000
126260  5.694  57.621  -4.411 0.0000000000
126264  9.934  57.554  -5.414 0.0000000000
126265  9.480  57.618  -6.232 0.0000000000
126266  5.574  57.398  -5.573 0.0000000000
126270  9.048  57.628  -7.102 0.0000000000
126271  8.831  57.142  -7.318 0.0000000000
126272  5.552  57.477  -6.561 0.0000000000
126275  8.766  58.079  -7.535 0.0000000000
126276  8.569  57.644  -7.851 0.0000000000
126277  5.640  57.684  -7.646 0.0000000000
126278  8.207  57.707  -8.898 0.0000000000
126279  8.103  57.366  -9.261 0.0000000000
126280  5.717  58.113  -8.898 0.0000000000
126281  8.107  58.240  -9.388 0.0000000000
126282  8.030  57.832  -9.778 0.0000000000
126283  5.976  58.128  -10.273 0.0000000000
126284  7.641  57.685  -10.739 0.0000000000
126285  6.848  58.581  -11.553 0.0000000000
126286  6.264  58.037  -11.389 0.0000000000
126287  7.400  57.666  -11.724 0.0000000000
126288  7.113  58.170  -12.253 0.0000000000
126289  6.519  57.837  -12.196 0.0000000000
126290  7.224  57.185  -12.177 0.0000000000
126291  7.092  57.403  -12.379 0.0000000000
126292  6.775  57.457  -12.443 0.0000000000
126673  5.561  58.027  -1.047 0.0000000000
126682  6.293  58.335  -2.237 0.0000000000
126683  5.644  58.073  -2.020 0.0000000000
126689  10.823  58.553  -3.922 0.0000000000
126690  7.993  58.374  -3.702 0.0000000000
126691  7.296  58.178  -3.988 0.0000000000
126692  5.958  58.247  -2.731 0.0000000000
126693  5.831  58.091  -2.641 0.0000000000
126696  10.396  58.530  -4.785 0.0000000000
126697  8.076  58.643  -4.794 0.0000000000
126698  7.045  58.208  -4.674 0.0000000000
126699  5.982  58.148  -4.987 0.0000000000
126700  5.723  57.784  -5.209 0.0000000000
126703  10.037  58.458  -5.496 0.0000000000
126704  9.677  58.515  -6.136 0.0000000000
126705  8.185  58.824  -5.870 0.0000000000
126706  7.310  58.399  -5.815 0.0000000000
126707  6.339  58.230  -5.792 0.0000000000
126708  5.718  57.934  -5.795 0.0000000000
126712  9.191  58.703  -7.001 0.0000000000
126713  8.428  58.807  -6.808 0.0000000000
126714  7.512  58.571  -6.861 0.0000000000
126715  6.605  58.356  -6.797 0.0000000000
126716  5.850  58.107  -6.713 0.0000000000
126719  8.885  58.289  -7.389 0.0000000000
126720  8.399  58.450  -7.747 0.0000000000
126721  7.644  58.676  -7.846 0.0000000000
126722  6.845  58.555  -7.795 0.0000000000
126723  6.084  58.317  -7.735 0.0000000000
126724  8.182  58.377  -8.712 0.0000000000
126725  7.724  58.815  -8.774 0.0000000000
126726  7.000  58.953  -8.713 0.0000000000
126727  6.374  58.609  -8.545 0.0000000000
126728  8.135  58.368  -9.155 0.0000000000
126729  7.867  58.655  -9.653 0.0000000000
126730  7.173  59.083  -9.698 0.0000000000
126731  6.425  58.750  -9.481 0.0000000000
126732  7.709  58.417  -10.649 0.0000000000
126733  7.307  58.843  -10.672 0.0000000000
126734  6.629  58.749  -10.577 0.0000000000
126735  7.567  58.179  -11.206 0.0000000000
126736  7.364  58.439  -11.423 0.0000000000
127103  10.832  59.536  -3.766 0.0000000000
127108  10.451  59.494  -4.732 0.0000000000
127109  8.541  59.470  -4.913 0.0000000000
127112  10.128  59.450  -5.798 0.0000000000
127113  9.937  58.999  -6.076 0.0000000000
127114  8.655  59.593  -5.869 0.0000000000
127118  9.853  59.930  -6.308 0.0000000000
127119  9.546  59.566  -6.401 0.0000000000
127120  8.935  59.659  -6.507 0.0000000000
127466  10.877  60.492  -3.567 0.0000000000
127471  10.504  60.429  -4.447 0.0000000000
127472  8.696  60.348  -5.053 0.0000000000
127476  10.145  60.513  -5.640 0.0000000000
127477  9.672  61.119  -6.211 0.0000000000
127478  8.792  60.456  -5.858 0.0000000000
127482  10.024  60.124  -6.179 0.0000000000
127483  9.482  60.624  -6.386 0.0000000000
127484  8.968  60.550  -6.399 0.0000000000
127849  11.033  61.397  -3.264 0.0000000000
127856  10.513  61.423  -4.038 0.0000000000
127857  10.120  61.834  -4.658 0.0000000000
127858  8.507  61.090  -5.219 0.0000000000
127862  10.220  61.179  -4.904 0.0000000000
127863  9.725  61.753  -5.609 0.0000000000
127864  8.429  61.322  -5.952 0.0000000000
127867  9.179  61.780  -6.929 0.0000000000
127868  8.376  61.596  -7.007 0.0000000000
127869  7.665  62.213  -7.405 0.0000000000
127870  9.074  62.306  -8.030 0.0000000000
127871  8.621  61.914  -7.932 0.0000000000
127872  7.764  62.345  -8.055 0.0000000000
127873  8.980  62.693  -8.447 0.0000000000
127874  8.398  62.698  -8.487 0.0000000000
128241  11.240  62.812  -2.869 0.0000000000
128249  11.280  62.112  -2.967 0.0000000000
128250  10.651  62.455  -3.377 0.0000000000
128251  10.038  62.824  -3.794 0.0000000000
128258  10.228  62.226  -4.086 0.0000000000
128259  9.770  62.635  -4.580 0.0000000000
128265  9.452  62.791  -5.401 0.0000000000
128266  7.703  62.068  -6.085 0.0000000000
128267  6.940  62.827  -6.311 0.0000000000
128268  6.717  63.326  -6.800 0.0000000000
128269  9.266  62.588  -6.315 0.0000000000
128270  7.566  62.308  -6.880 0.0000000000
128271  7.075  62.968  -7.326 0.0000000000
128272  6.748  63.353  -7.068 0.0000000000
128273  9.126  62.700  -7.326 0.0000000000
128274  9.121  62.936  -8.055 0.0000000000
128275  8.750  63.223  -8.334 0.0000000000
128621  10.878  63.510  -2.934 0.0000000000
128627  10.261  63.479  -3.397 0.0000000000
128628  9.662  63.552  -3.894 0.0000000000
128635  9.271  63.658  -4.743 0.0000000000
128636  8.936  64.195  -5.255 0.0000000000
128642  9.142  63.457  -5.728 0.0000000000
128643  8.781  64.260  -6.016 0.0000000000
128644  6.652  63.296  -5.522 0.0000000000
128645  6.463  63.789  -6.227 0.0000000000
128648  9.066  63.429  -6.666 0.0000000000
128649  8.826  64.298  -6.944 0.0000000000
128650  6.711  63.432  -7.301 0.0000000000
128651  6.495  63.783  -7.062 0.0000000000
128652  9.040  63.475  -7.507 0.0000000000
128653  8.758  64.161  -7.699 0.0000000000
128654  8.992  63.533  -8.055 0.0000000000
128655  8.600  63.863  -8.107 0.0000000000
129001  10.516  64.270  -3.137 0.0000000000
129008  9.926  64.354  -3.453 0.0000000000
129009  9.169  64.621  -3.908 0.0000000000
129010  8.645  65.217  -4.399 0.0000000000
129015  8.871  64.536  -4.658 0.0000000000
129016  8.456  65.091  -5.237 0.0000000000
129020  8.374  65.214  -6.336 0.0000000000
129021  6.211  64.828  -5.984 0.0000000000
129024  8.510  65.123  -7.337 0.0000000000
129025  6.256  64.476  -6.744 0.0000000000
129026  8.469  64.705  -8.102 0.0000000000
129027  8.104  63.876  -8.419 0.0000000000
129323  10.232  64.772  -3.289 0.0000000000
129331  9.881  65.518  -3.471 0.0000000000
129332  8.813  65.868  -3.900 0.0000000000
129333  8.228  66.050  -4.633 0.0000000000
129338  7.728  66.212  -5.565 0.0000000000
129339  6.889  66.474  -5.329 0.0000000000
129343  8.008  66.099  -6.874 0.0000000000
129344  7.050  66.528  -6.538 0.0000000000
129345  6.339  65.945  -5.998 0.0000000000
129348  8.088  65.761  -7.874 0.0000000000
129349  7.476  66.255  -7.370 0.0000000000
129350  6.149  65.322  -6.795 0.0000000000
129351  8.003  65.062  -8.530 0.0000000000
129663  9.208  66.883  -3.757 0.0000000000
129664  8.368  66.906  -4.190 0.0000000000
129669  7.724  66.840  -4.613 0.0000000000
129670  7.205  66.869  -4.798 0.0000000000
129672  6.344  66.384  -6.914 0.0000000000
129673  6.093  65.984  -6.818 0.0000000000
129674  7.410  66.077  -7.897 0.0000000000
129675  6.831  66.267  -7.528 0.0000000000
129676  6.315  65.718  -7.465 0.0000000000
129677  7.550  65.587  -8.246 0.0000000000
129678  7.015  65.810  -8.163 0.0000000000
129679  6.633  65.820  -7.925 0.0000000000
129680  7.559  65.223  -8.521 0.0000000000
129681  7.241  65.333  -8.412 0.0000000000
129682  6.666  65.105  -8.305 0.0000000000
131499  7.785  62.913  -8.429 0.0000000000
131500  7.160  63.630  -8.293 0.0000000000
131501  7.862  63.243  -8.494 0.0000000000
131502  6.610  63.607  -7.598 0.0000000000
131503  7.428  64.707  -8.604 0.0000000000
131504  6.180  64.502  -7.635 0.0000000000
