#!ascii label  , from subject FREESURFER vox2ras=TkReg 
455
50913  50.682  -36.744  -7.041 0.0000000000
50935  49.640  -36.670  -7.989 0.0000000000
50949  49.648  -36.939  -8.430 0.0000000000
51860  52.952  -36.252  -6.505 0.0000000000
51861  51.919  -36.260  -6.579 0.0000000000
51862  50.996  -36.188  -6.749 0.0000000000
51879  50.263  -36.182  -7.146 0.0000000000
51880  49.622  -36.154  -7.715 0.0000000000
51897  49.204  -36.131  -8.386 0.0000000000
51898  48.759  -35.847  -8.827 0.0000000000
52784  53.466  -35.329  -6.534 0.0000000000
52785  52.465  -35.327  -6.529 0.0000000000
52786  51.494  -35.304  -6.629 0.0000000000
52787  50.563  -35.259  -6.845 0.0000000000
52799  49.715  -35.235  -7.356 0.0000000000
52800  48.830  -35.226  -8.025 0.0000000000
52801  48.390  -34.661  -8.443 0.0000000000
52820  48.773  -35.602  -8.524 0.0000000000
52821  48.385  -35.121  -8.870 0.0000000000
53841  53.966  -34.413  -6.543 0.0000000000
53842  52.966  -34.401  -6.449 0.0000000000
53843  52.002  -34.381  -6.563 0.0000000000
53844  51.060  -34.334  -6.716 0.0000000000
53861  50.101  -34.164  -7.071 0.0000000000
53862  49.123  -34.245  -7.537 0.0000000000
53863  48.352  -34.170  -8.058 0.0000000000
53874  47.961  -34.090  -8.812 0.0000000000
53875  47.824  -33.674  -9.147 0.0000000000
54953  53.438  -33.471  -6.464 0.0000000000
54954  52.468  -33.456  -6.500 0.0000000000
54955  51.530  -33.429  -6.649 0.0000000000
54956  50.714  -33.423  -6.879 0.0000000000
54971  50.170  -33.247  -7.111 0.0000000000
54972  49.507  -33.301  -7.354 0.0000000000
54973  48.599  -33.197  -7.744 0.0000000000
54986  48.041  -33.304  -8.427 0.0000000000
54987  47.702  -33.288  -9.005 0.0000000000
56135  53.866  -32.532  -6.484 0.0000000000
56136  52.888  -32.535  -6.528 0.0000000000
56137  51.966  -32.520  -6.626 0.0000000000
56138  50.962  -32.455  -6.917 0.0000000000
56139  50.480  -32.892  -7.042 0.0000000000
56154  50.528  -31.951  -7.220 0.0000000000
56155  50.042  -32.422  -7.289 0.0000000000
56156  49.132  -32.463  -7.568 0.0000000000
56157  48.614  -32.328  -7.856 0.0000000000
56175  48.170  -32.445  -8.270 0.0000000000
56176  47.733  -32.539  -8.831 0.0000000000
57333  54.259  -31.572  -6.484 0.0000000000
57334  53.220  -31.580  -6.550 0.0000000000
57335  52.353  -31.664  -6.700 0.0000000000
57336  51.611  -31.632  -6.915 0.0000000000
57344  50.892  -31.461  -7.283 0.0000000000
57345  50.189  -31.493  -7.472 0.0000000000
57346  49.358  -31.554  -7.710 0.0000000000
57347  48.869  -31.972  -7.777 0.0000000000
57365  48.985  -31.075  -8.078 0.0000000000
57366  48.536  -31.566  -8.197 0.0000000000
57367  47.838  -31.691  -8.781 0.0000000000
57374  47.585  -31.897  -9.292 0.0000000000
58469  54.644  -30.578  -6.377 0.0000000000
58470  53.547  -30.583  -6.482 0.0000000000
58471  52.417  -30.589  -6.775 0.0000000000
58472  51.981  -31.131  -6.923 0.0000000000
58479  51.896  -30.067  -7.178 0.0000000000
58480  51.500  -30.624  -7.303 0.0000000000
58481  50.434  -30.586  -7.743 0.0000000000
58482  49.862  -31.039  -7.736 0.0000000000
58498  50.035  -30.128  -8.187 0.0000000000
58499  49.490  -30.583  -8.142 0.0000000000
58500  48.684  -30.672  -8.454 0.0000000000
58501  48.045  -30.797  -8.830 0.0000000000
58519  47.600  -30.951  -9.572 0.0000000000
59508  55.000  -29.535  -6.204 0.0000000000
59509  53.895  -29.585  -6.367 0.0000000000
59510  52.911  -29.594  -6.618 0.0000000000
59520  52.163  -29.512  -7.136 0.0000000000
59521  51.583  -29.579  -7.647 0.0000000000
59522  51.023  -29.916  -7.782 0.0000000000
59528  51.180  -29.381  -8.175 0.0000000000
59529  50.502  -29.615  -8.300 0.0000000000
59530  49.663  -29.727  -8.517 0.0000000000
59531  48.867  -29.889  -8.674 0.0000000000
59532  48.298  -30.145  -8.836 0.0000000000
59550  48.335  -29.613  -9.007 0.0000000000
59551  47.850  -29.847  -9.405 0.0000000000
60481  54.159  -28.551  -6.349 0.0000000000
60482  53.243  -28.694  -6.656 0.0000000000
60483  52.554  -28.716  -7.086 0.0000000000
60496  51.967  -28.676  -7.995 0.0000000000
60497  51.500  -29.085  -8.183 0.0000000000
60505  51.792  -28.285  -8.647 0.0000000000
60506  51.118  -28.619  -8.755 0.0000000000
60507  49.967  -28.986  -8.890 0.0000000000
60508  49.078  -29.184  -8.885 0.0000000000
60509  48.619  -29.379  -8.950 0.0000000000
60525  50.754  -28.022  -9.290 0.0000000000
60526  50.137  -28.212  -9.311 0.0000000000
60527  49.201  -28.438  -9.302 0.0000000000
60528  48.309  -28.908  -9.339 0.0000000000
60529  47.656  -28.839  -10.058 0.0000000000
61455  54.421  -27.504  -6.385 0.0000000000
61456  53.251  -27.631  -6.830 0.0000000000
61457  52.836  -28.178  -6.958 0.0000000000
61466  52.820  -27.316  -7.354 0.0000000000
61467  52.621  -27.828  -7.589 0.0000000000
61477  52.705  -27.150  -9.464 0.0000000000
61478  52.324  -27.747  -8.821 0.0000000000
61479  51.699  -28.115  -8.965 0.0000000000
61490  52.710  -27.067  -9.796 0.0000000000
61491  52.265  -27.180  -9.741 0.0000000000
61492  51.334  -27.613  -9.444 0.0000000000
61493  50.330  -27.572  -9.544 0.0000000000
61494  49.352  -27.470  -9.730 0.0000000000
61495  48.455  -27.968  -9.770 0.0000000000
61496  47.973  -28.334  -9.891 0.0000000000
61510  51.940  -26.853  -10.008 0.0000000000
61511  51.634  -27.021  -9.852 0.0000000000
61512  48.942  -26.899  -10.166 0.0000000000
61513  48.505  -27.235  -10.254 0.0000000000
61514  47.863  -27.742  -10.552 0.0000000000
62340  54.633  -26.551  -6.401 0.0000000000
62341  53.742  -26.646  -6.764 0.0000000000
62351  52.989  -26.722  -7.578 0.0000000000
62352  52.721  -27.242  -7.634 0.0000000000
62362  52.976  -26.818  -8.847 0.0000000000
62363  52.615  -27.209  -8.083 0.0000000000
62373  53.063  -26.817  -9.899 0.0000000000
62374  52.642  -26.976  -9.978 0.0000000000
62375  51.070  -26.894  -9.859 0.0000000000
62376  50.443  -27.002  -9.774 0.0000000000
62377  49.903  -27.122  -9.745 0.0000000000
62394  52.883  -26.396  -10.285 0.0000000000
62395  52.317  -26.572  -10.130 0.0000000000
62396  51.395  -26.458  -10.078 0.0000000000
62397  50.454  -26.354  -10.095 0.0000000000
62398  49.518  -26.587  -10.161 0.0000000000
62399  48.523  -26.446  -10.685 0.0000000000
62400  48.136  -26.988  -10.688 0.0000000000
62403  48.151  -26.068  -11.157 0.0000000000
62404  47.848  -26.588  -11.282 0.0000000000
63270  55.430  -25.469  -6.112 0.0000000000
63271  54.731  -25.723  -6.421 0.0000000000
63272  54.120  -25.868  -6.708 0.0000000000
63280  53.644  -25.881  -7.303 0.0000000000
63287  54.036  -25.450  -9.101 0.0000000000
63288  53.572  -25.848  -8.333 0.0000000000
63296  55.084  -25.588  -10.478 0.0000000000
63297  54.464  -25.740  -9.897 0.0000000000
63298  53.556  -26.104  -9.452 0.0000000000
63314  55.182  -25.719  -11.044 0.0000000000
63315  54.440  -25.752  -10.677 0.0000000000
63316  53.498  -26.085  -10.377 0.0000000000
63317  52.448  -25.795  -10.474 0.0000000000
63318  51.531  -25.796  -10.371 0.0000000000
63319  50.660  -25.750  -10.356 0.0000000000
63320  49.644  -25.613  -10.604 0.0000000000
63321  49.010  -25.988  -10.656 0.0000000000
63330  54.985  -25.360  -11.333 0.0000000000
63331  54.432  -25.407  -11.193 0.0000000000
63332  53.620  -25.438  -10.948 0.0000000000
63333  52.911  -25.447  -10.753 0.0000000000
63334  49.204  -25.054  -11.048 0.0000000000
63335  48.508  -25.450  -11.289 0.0000000000
63336  47.990  -25.898  -11.419 0.0000000000
63339  48.089  -25.127  -11.932 0.0000000000
63340  47.765  -25.615  -12.012 0.0000000000
64183  56.617  -24.142  -5.675 0.0000000000
64204  55.608  -24.472  -6.071 0.0000000000
64205  54.705  -24.822  -6.632 0.0000000000
64206  54.376  -25.397  -6.700 0.0000000000
64217  54.205  -24.599  -7.404 0.0000000000
64218  53.999  -25.215  -6.979 0.0000000000
64221  54.148  -24.812  -8.351 0.0000000000
64222  53.860  -25.231  -7.659 0.0000000000
64230  55.236  -25.057  -10.021 0.0000000000
64231  54.619  -24.833  -9.295 0.0000000000
64245  57.151  -24.672  -11.584 0.0000000000
64246  56.650  -24.970  -11.161 0.0000000000
64247  55.863  -25.245  -10.681 0.0000000000
64248  52.243  -25.088  -10.789 0.0000000000
64249  51.556  -25.103  -10.662 0.0000000000
64250  50.743  -25.153  -10.593 0.0000000000
64251  50.205  -25.285  -10.600 0.0000000000
64267  57.189  -24.598  -12.098 0.0000000000
64268  56.520  -24.765  -11.776 0.0000000000
64269  55.620  -25.112  -11.474 0.0000000000
64270  54.535  -24.765  -11.536 0.0000000000
64271  53.608  -24.734  -11.345 0.0000000000
64272  52.650  -24.713  -11.120 0.0000000000
64273  51.636  -24.474  -11.004 0.0000000000
64274  50.744  -24.479  -10.901 0.0000000000
64275  49.826  -24.732  -10.934 0.0000000000
64276  48.995  -24.540  -11.424 0.0000000000
64279  57.099  -24.285  -12.384 0.0000000000
64280  56.556  -24.257  -12.268 0.0000000000
64281  55.737  -24.286  -12.047 0.0000000000
64282  55.002  -24.376  -11.855 0.0000000000
64283  48.331  -24.547  -12.196 0.0000000000
64284  48.003  -25.025  -12.268 0.0000000000
64294  48.133  -24.327  -12.812 0.0000000000
64295  47.922  -24.855  -12.859 0.0000000000
65101  57.112  -23.167  -5.498 0.0000000000
65102  56.480  -23.380  -5.752 0.0000000000
65122  56.486  -22.893  -5.850 0.0000000000
65123  55.858  -23.306  -6.188 0.0000000000
65124  55.104  -23.905  -6.590 0.0000000000
65138  55.148  -23.135  -7.282 0.0000000000
65139  54.613  -23.998  -7.101 0.0000000000
65145  55.014  -23.334  -8.438 0.0000000000
65146  54.536  -23.929  -7.883 0.0000000000
65151  56.062  -23.775  -10.051 0.0000000000
65152  55.325  -23.894  -9.470 0.0000000000
65153  54.673  -24.116  -8.710 0.0000000000
65161  58.278  -23.931  -11.505 0.0000000000
65162  57.473  -24.189  -11.127 0.0000000000
65163  56.572  -24.265  -10.554 0.0000000000
65164  55.795  -24.480  -10.220 0.0000000000
65181  59.684  -23.990  -12.190 0.0000000000
65182  58.693  -24.283  -12.003 0.0000000000
65183  57.771  -24.348  -11.792 0.0000000000
65184  54.306  -23.977  -11.901 0.0000000000
65185  53.597  -23.989  -11.735 0.0000000000
65186  52.718  -23.951  -11.563 0.0000000000
65187  51.791  -23.869  -11.425 0.0000000000
65188  50.858  -23.836  -11.345 0.0000000000
65189  49.957  -23.936  -11.300 0.0000000000
65190  49.423  -24.166  -11.384 0.0000000000
65205  58.954  -23.979  -12.802 0.0000000000
65206  57.761  -24.094  -12.495 0.0000000000
65207  56.831  -23.838  -12.657 0.0000000000
65208  55.858  -23.395  -12.715 0.0000000000
65209  54.720  -23.507  -12.348 0.0000000000
65210  53.637  -23.279  -12.172 0.0000000000
65211  52.769  -23.253  -11.957 0.0000000000
65212  51.904  -23.262  -11.899 0.0000000000
65213  51.013  -23.245  -11.846 0.0000000000
65214  50.108  -23.302  -11.795 0.0000000000
65215  49.115  -23.638  -11.995 0.0000000000
65220  58.185  -23.557  -13.339 0.0000000000
65221  57.165  -23.398  -13.114 0.0000000000
65222  56.514  -23.295  -12.967 0.0000000000
65223  48.313  -23.701  -13.066 0.0000000000
65224  48.074  -24.277  -13.096 0.0000000000
65241  48.163  -23.506  -14.190 0.0000000000
65242  48.016  -24.287  -13.596 0.0000000000
66113  57.974  -22.093  -4.507 0.0000000000
66133  57.435  -22.194  -5.092 0.0000000000
66134  56.770  -22.215  -5.632 0.0000000000
66158  56.351  -22.375  -6.255 0.0000000000
66159  55.856  -22.442  -6.825 0.0000000000
66176  56.213  -21.963  -7.875 0.0000000000
66177  55.772  -22.398  -7.466 0.0000000000
66188  56.175  -22.341  -8.683 0.0000000000
66189  55.586  -22.618  -8.122 0.0000000000
66192  57.037  -22.577  -9.844 0.0000000000
66193  56.174  -22.951  -9.517 0.0000000000
66194  55.585  -22.951  -8.899 0.0000000000
66203  59.337  -22.506  -11.133 0.0000000000
66204  58.291  -23.104  -10.941 0.0000000000
66205  57.302  -23.349  -10.485 0.0000000000
66206  56.630  -23.391  -10.105 0.0000000000
66219  60.049  -22.989  -11.731 0.0000000000
66220  59.106  -23.552  -11.563 0.0000000000
66235  55.469  -22.721  -13.183 0.0000000000
66236  54.826  -22.682  -12.959 0.0000000000
66237  53.716  -22.498  -12.779 0.0000000000
66238  52.733  -22.592  -12.460 0.0000000000
66239  52.034  -22.752  -12.282 0.0000000000
66240  51.184  -22.638  -12.367 0.0000000000
66241  50.350  -22.757  -12.312 0.0000000000
66242  49.634  -22.917  -12.380 0.0000000000
66256  57.472  -22.870  -13.783 0.0000000000
66257  56.176  -22.651  -13.578 0.0000000000
66258  55.058  -22.193  -13.529 0.0000000000
66259  54.148  -21.994  -13.408 0.0000000000
66260  50.530  -22.295  -12.699 0.0000000000
66261  49.831  -22.343  -12.839 0.0000000000
66262  48.985  -22.734  -13.001 0.0000000000
66280  56.827  -22.249  -14.386 0.0000000000
66281  55.975  -22.005  -14.448 0.0000000000
66282  48.490  -22.750  -13.825 0.0000000000
66300  48.385  -22.583  -14.848 0.0000000000
67231  57.872  -20.162  -2.816 0.0000000000
67232  57.640  -20.158  -2.829 0.0000000000
67236  57.925  -20.885  -3.413 0.0000000000
67237  57.807  -20.598  -3.048 0.0000000000
67238  56.921  -20.703  -2.927 0.0000000000
67239  55.718  -20.925  -3.337 0.0000000000
67240  54.516  -21.209  -3.591 0.0000000000
67246  57.968  -21.004  -3.677 0.0000000000
67247  57.935  -21.066  -4.166 0.0000000000
67263  57.628  -21.149  -4.840 0.0000000000
67264  57.203  -21.348  -5.521 0.0000000000
67288  56.770  -21.452  -6.208 0.0000000000
67289  56.353  -21.831  -6.741 0.0000000000
67308  57.418  -20.776  -7.619 0.0000000000
67309  56.957  -21.165  -7.295 0.0000000000
67310  56.161  -21.904  -7.235 0.0000000000
67327  57.500  -20.903  -8.120 0.0000000000
67328  56.853  -21.606  -8.426 0.0000000000
67334  58.538  -21.108  -9.552 0.0000000000
67335  57.747  -21.451  -9.306 0.0000000000
67336  56.765  -22.141  -9.183 0.0000000000
67339  60.392  -20.833  -10.587 0.0000000000
67340  59.817  -21.513  -10.697 0.0000000000
67341  58.744  -21.647  -10.250 0.0000000000
67342  57.777  -22.374  -10.246 0.0000000000
67353  59.968  -22.215  -11.280 0.0000000000
67369  53.335  -21.818  -13.355 0.0000000000
67370  52.633  -21.892  -13.016 0.0000000000
67371  51.657  -22.123  -12.763 0.0000000000
67372  50.944  -22.162  -12.757 0.0000000000
67382  55.280  -21.857  -14.222 0.0000000000
67383  54.396  -21.658  -14.128 0.0000000000
67384  53.523  -21.512  -13.994 0.0000000000
67385  52.657  -21.461  -13.766 0.0000000000
67386  51.693  -21.507  -13.517 0.0000000000
67387  50.504  -21.736  -13.285 0.0000000000
67388  49.329  -21.966  -13.551 0.0000000000
67389  48.842  -22.321  -13.662 0.0000000000
67405  56.226  -21.741  -14.995 0.0000000000
67406  55.379  -21.589  -14.921 0.0000000000
67407  54.609  -21.447  -14.823 0.0000000000
67408  53.738  -21.235  -14.888 0.0000000000
67409  52.872  -21.128  -14.519 0.0000000000
67410  51.935  -21.025  -14.270 0.0000000000
67411  50.865  -21.005  -14.138 0.0000000000
67412  49.571  -21.125  -14.472 0.0000000000
67413  48.733  -21.934  -14.264 0.0000000000
67433  56.523  -21.210  -15.340 0.0000000000
67434  55.552  -21.175  -15.373 0.0000000000
67435  54.700  -21.148  -15.321 0.0000000000
67436  54.196  -21.156  -15.202 0.0000000000
67437  49.149  -20.835  -15.280 0.0000000000
67438  48.682  -21.424  -15.478 0.0000000000
68335  58.327  -19.555  -2.827 0.0000000000
68336  57.977  -19.808  -2.730 0.0000000000
68337  57.401  -19.706  -2.840 0.0000000000
68343  58.280  -20.058  -3.191 0.0000000000
68344  58.172  -19.990  -2.872 0.0000000000
68345  56.486  -19.796  -3.123 0.0000000000
68346  55.280  -19.935  -3.698 0.0000000000
68347  54.023  -20.712  -4.037 0.0000000000
68357  58.172  -20.086  -3.797 0.0000000000
68358  57.913  -20.118  -4.484 0.0000000000
68359  55.307  -19.631  -4.273 0.0000000000
68360  54.545  -20.142  -4.634 0.0000000000
68378  57.513  -20.320  -5.532 0.0000000000
68379  57.211  -20.924  -5.915 0.0000000000
68380  55.381  -19.848  -5.992 0.0000000000
68381  54.541  -20.244  -5.633 0.0000000000
68382  53.440  -20.495  -5.378 0.0000000000
68406  57.582  -20.090  -6.617 0.0000000000
68407  57.278  -20.707  -6.409 0.0000000000
68408  55.557  -20.005  -6.884 0.0000000000
68409  54.785  -20.339  -6.560 0.0000000000
68410  53.819  -20.601  -6.336 0.0000000000
68431  59.894  -19.367  -7.815 0.0000000000
68432  58.848  -19.712  -7.872 0.0000000000
68433  57.753  -20.339  -7.541 0.0000000000
68434  57.431  -20.535  -6.935 0.0000000000
68435  55.570  -20.021  -7.609 0.0000000000
68436  55.008  -20.327  -7.413 0.0000000000
68437  54.214  -20.630  -7.250 0.0000000000
68438  53.231  -20.827  -7.160 0.0000000000
68464  60.167  -19.555  -8.238 0.0000000000
68465  59.553  -19.924  -8.366 0.0000000000
68466  58.460  -20.511  -8.505 0.0000000000
68467  55.187  -20.217  -8.152 0.0000000000
68468  54.556  -20.465  -8.019 0.0000000000
68469  53.752  -20.693  -8.021 0.0000000000
68482  60.756  -19.547  -9.185 0.0000000000
68483  60.389  -19.745  -8.899 0.0000000000
68484  59.217  -20.619  -9.362 0.0000000000
68485  58.493  -20.897  -9.178 0.0000000000
68486  54.807  -20.310  -8.501 0.0000000000
68495  60.674  -19.938  -9.809 0.0000000000
68496  60.075  -20.634  -9.873 0.0000000000
68497  59.477  -21.064  -10.076 0.0000000000
68538  53.538  -20.978  -15.274 0.0000000000
68539  53.135  -20.886  -15.196 0.0000000000
68540  52.273  -20.659  -14.975 0.0000000000
68541  51.292  -20.541  -14.806 0.0000000000
68542  50.378  -20.566  -14.816 0.0000000000
68561  54.774  -20.509  -15.587 0.0000000000
68562  53.753  -20.677  -15.586 0.0000000000
68563  52.694  -20.355  -15.675 0.0000000000
68564  51.687  -20.151  -15.445 0.0000000000
68565  50.699  -20.137  -15.395 0.0000000000
68566  49.684  -20.372  -15.491 0.0000000000
68567  48.981  -20.615  -15.758 0.0000000000
68580  53.210  -20.191  -16.059 0.0000000000
68581  52.736  -19.917  -16.179 0.0000000000
68582  49.275  -20.207  -16.248 0.0000000000
68583  48.818  -20.712  -16.486 0.0000000000
69414  58.497  -19.310  -2.791 0.0000000000
69415  58.281  -19.265  -2.742 0.0000000000
69416  57.868  -19.212  -2.728 0.0000000000
69427  58.522  -19.174  -2.966 0.0000000000
69428  58.166  -18.801  -2.875 0.0000000000
69429  57.367  -18.889  -3.133 0.0000000000
69430  56.408  -19.182  -3.554 0.0000000000
69441  58.461  -19.321  -3.424 0.0000000000
69442  58.320  -19.287  -3.969 0.0000000000
69443  57.005  -18.731  -3.890 0.0000000000
69444  56.015  -19.147  -4.254 0.0000000000
69445  55.413  -19.565  -4.677 0.0000000000
69459  57.808  -19.244  -4.664 0.0000000000
69460  57.073  -18.934  -4.797 0.0000000000
69461  56.025  -19.394  -5.329 0.0000000000
69462  55.180  -19.796  -5.208 0.0000000000
69489  57.364  -19.627  -5.845 0.0000000000
69490  56.894  -19.426  -6.168 0.0000000000
69491  56.167  -19.591  -6.469 0.0000000000
69511  60.643  -18.466  -7.549 0.0000000000
69512  60.371  -18.676  -7.597 0.0000000000
69513  59.421  -18.965  -7.597 0.0000000000
69514  57.858  -19.607  -7.585 0.0000000000
69515  56.890  -19.428  -7.257 0.0000000000
69516  56.148  -19.720  -7.399 0.0000000000
69536  60.684  -18.571  -7.855 0.0000000000
69537  60.557  -19.193  -8.174 0.0000000000
69538  57.564  -19.246  -8.088 0.0000000000
69539  56.676  -19.462  -8.109 0.0000000000
69540  55.868  -19.868  -8.215 0.0000000000
69555  60.967  -19.002  -8.931 0.0000000000
69556  60.695  -19.315  -8.598 0.0000000000
69637  53.962  -19.777  -16.041 0.0000000000
69638  53.539  -20.096  -16.053 0.0000000000
69639  52.051  -19.767  -16.003 0.0000000000
69640  51.125  -19.697  -15.983 0.0000000000
69641  50.228  -19.855  -16.049 0.0000000000
69642  49.681  -20.016  -16.090 0.0000000000
69656  53.566  -19.364  -16.381 0.0000000000
69657  53.233  -19.647  -16.457 0.0000000000
69658  52.400  -19.444  -16.487 0.0000000000
69659  51.565  -19.338  -16.462 0.0000000000
70417  58.596  -18.928  -3.257 0.0000000000
70418  58.482  -18.669  -3.234 0.0000000000
70419  58.041  -18.488  -3.289 0.0000000000
70422  58.487  -18.888  -3.494 0.0000000000
70423  58.178  -18.655  -3.807 0.0000000000
70424  57.657  -18.526  -3.737 0.0000000000
70427  57.674  -18.649  -4.202 0.0000000000
70428  57.419  -18.610  -4.114 0.0000000000
70471  60.636  -18.242  -7.519 0.0000000000
70472  60.094  -18.152  -7.490 0.0000000000
70473  59.184  -18.595  -7.883 0.0000000000
70474  58.417  -18.898  -8.100 0.0000000000
70495  60.757  -18.116  -7.992 0.0000000000
70496  59.762  -17.861  -7.923 0.0000000000
71446  60.614  -17.792  -7.514 0.0000000000
71447  60.297  -17.692  -7.717 0.0000000000
71469  60.485  -17.659  -7.986 0.0000000000
