#!ascii label  , from subject FREESURFER vox2ras=TkReg 
262
84922  33.244  -2.748  22.013 0.0000000000
84923  32.774  -2.885  22.138 0.0000000000
84924  31.984  -2.936  22.217 0.0000000000
84925  31.283  -2.911  22.203 0.0000000000
84931  34.337  -3.712  21.070 0.0000000000
84932  33.461  -3.425  21.705 0.0000000000
84933  32.470  -3.690  21.933 0.0000000000
84934  31.570  -3.665  21.974 0.0000000000
84956  38.664  -3.879  17.715 0.0000000000
84957  38.038  -3.536  17.795 0.0000000000
84958  37.266  -3.543  18.356 0.0000000000
84965  40.244  -3.724  16.857 0.0000000000
84966  38.917  -3.454  16.989 0.0000000000
84967  38.209  -3.064  17.295 0.0000000000
84979  39.767  -2.983  16.058 0.0000000000
84980  39.124  -2.863  16.351 0.0000000000
84994  40.485  -2.820  15.478 0.0000000000
84995  39.967  -2.678  15.436 0.0000000000
85823  33.075  -2.186  22.190 0.0000000000
85824  32.341  -2.172  22.407 0.0000000000
85825  31.527  -2.204  22.428 0.0000000000
85826  30.763  -2.318  22.248 0.0000000000
85829  34.857  -2.276  21.128 0.0000000000
85830  34.234  -2.644  21.482 0.0000000000
85831  33.615  -2.424  21.885 0.0000000000
85836  36.056  -2.301  19.959 0.0000000000
85837  35.423  -2.638  20.435 0.0000000000
85838  34.777  -3.034  20.902 0.0000000000
85842  36.411  -2.669  19.297 0.0000000000
85843  35.819  -2.969  19.712 0.0000000000
85849  37.411  -2.725  18.114 0.0000000000
85850  36.917  -2.742  18.604 0.0000000000
85855  38.331  -2.497  17.054 0.0000000000
85856  37.903  -2.542  17.631 0.0000000000
85860  39.208  -2.413  15.959 0.0000000000
85861  38.779  -2.472  16.499 0.0000000000
85876  40.123  -2.490  14.946 0.0000000000
85877  39.636  -2.337  15.348 0.0000000000
85890  40.318  -2.105  14.294 0.0000000000
85891  39.797  -2.105  14.679 0.0000000000
86738  34.049  -1.031  21.979 0.0000000000
86739  33.652  -1.467  22.074 0.0000000000
86740  32.769  -1.337  22.399 0.0000000000
86741  31.879  -1.346  22.560 0.0000000000
86742  31.022  -1.397  22.413 0.0000000000
86747  35.281  -1.490  21.025 0.0000000000
86748  34.421  -1.473  21.621 0.0000000000
86749  33.988  -2.011  21.776 0.0000000000
86750  30.272  -1.498  22.105 0.0000000000
86755  36.457  -1.567  19.722 0.0000000000
86756  35.943  -1.518  20.406 0.0000000000
86761  37.324  -1.137  18.629 0.0000000000
86762  36.972  -1.660  18.908 0.0000000000
86768  37.592  -1.669  18.226 0.0000000000
86769  37.209  -2.209  18.463 0.0000000000
86773  38.680  -1.673  16.872 0.0000000000
86774  38.202  -1.658  17.522 0.0000000000
86781  39.314  -1.842  15.581 0.0000000000
86782  39.107  -1.722  16.201 0.0000000000
86796  39.556  -1.643  14.973 0.0000000000
86807  40.568  -1.349  13.737 0.0000000000
86808  39.912  -1.522  14.296 0.0000000000
87675  33.816  -0.806  22.099 0.0000000000
87676  33.328  -0.372  22.287 0.0000000000
87677  32.291  -0.416  22.568 0.0000000000
87678  31.357  -0.450  22.536 0.0000000000
87679  30.440  -0.471  22.254 0.0000000000
87685  34.967  -0.447  21.353 0.0000000000
87686  34.164  -0.337  21.906 0.0000000000
87687  33.754  0.174  22.117 0.0000000000
87693  36.297  -0.522  20.087 0.0000000000
87694  35.698  -0.465  20.767 0.0000000000
87700  37.158  -0.601  18.886 0.0000000000
87701  36.759  -0.651  19.408 0.0000000000
87707  37.560  -0.610  18.439 0.0000000000
87712  38.629  -0.786  17.320 0.0000000000
87713  38.060  -0.732  17.916 0.0000000000
87720  39.526  -0.950  15.637 0.0000000000
87721  39.159  -0.838  16.624 0.0000000000
87733  39.768  -0.853  14.669 0.0000000000
87741  40.593  -0.460  13.402 0.0000000000
87742  40.080  -0.735  13.973 0.0000000000
88683  32.632  0.553  22.467 0.0000000000
88684  31.734  0.498  22.655 0.0000000000
88685  30.812  0.481  22.556 0.0000000000
88686  29.951  0.535  22.282 0.0000000000
88698  34.664  0.552  21.493 0.0000000000
88699  34.022  0.707  21.889 0.0000000000
88700  33.395  0.687  22.198 0.0000000000
88709  35.958  0.646  20.316 0.0000000000
88710  35.332  0.532  20.998 0.0000000000
88716  36.956  0.028  19.147 0.0000000000
88717  36.575  0.409  19.570 0.0000000000
88722  37.930  0.948  18.167 0.0000000000
88723  37.336  0.407  18.705 0.0000000000
88724  36.916  0.539  19.120 0.0000000000
88730  38.411  0.279  17.629 0.0000000000
88731  37.849  0.065  18.172 0.0000000000
88736  39.457  0.286  16.276 0.0000000000
88737  38.963  -0.030  17.024 0.0000000000
88750  40.180  0.769  14.593 0.0000000000
88751  39.893  0.206  15.031 0.0000000000
88758  40.357  0.299  14.001 0.0000000000
88759  40.005  -0.299  14.388 0.0000000000
89677  32.914  1.492  22.319 0.0000000000
89678  32.112  1.443  22.636 0.0000000000
89679  31.195  1.409  22.714 0.0000000000
89680  30.253  1.404  22.555 0.0000000000
89694  34.995  1.246  21.186 0.0000000000
89695  34.392  1.573  21.513 0.0000000000
89696  33.644  1.553  21.964 0.0000000000
89711  35.873  1.410  20.208 0.0000000000
89712  35.449  1.587  20.613 0.0000000000
89713  34.919  1.905  21.085 0.0000000000
89726  36.247  1.485  19.784 0.0000000000
89727  35.834  1.885  20.130 0.0000000000
89735  38.005  1.809  18.198 0.0000000000
89736  37.480  1.543  18.570 0.0000000000
89737  36.860  1.286  19.106 0.0000000000
89744  39.050  1.786  17.154 0.0000000000
89745  38.510  1.540  17.683 0.0000000000
89750  39.377  1.510  16.506 0.0000000000
89751  38.969  0.903  17.063 0.0000000000
89764  40.121  1.266  15.055 0.0000000000
89765  39.758  1.237  15.722 0.0000000000
89772  40.403  1.347  14.352 0.0000000000
89781  40.750  1.309  13.516 0.0000000000
90602  33.190  2.362  22.117 0.0000000000
90603  32.475  2.337  22.448 0.0000000000
90604  31.618  2.347  22.657 0.0000000000
90605  30.669  2.296  22.688 0.0000000000
90606  29.768  2.291  22.505 0.0000000000
90607  29.056  2.435  22.188 0.0000000000
90618  34.523  2.520  21.214 0.0000000000
90619  33.868  2.458  21.663 0.0000000000
90631  35.593  2.496  20.294 0.0000000000
90632  35.088  2.524  20.765 0.0000000000
90647  36.580  2.286  19.352 0.0000000000
90648  36.074  2.426  19.839 0.0000000000
90659  38.267  2.508  17.949 0.0000000000
90660  37.688  2.468  18.407 0.0000000000
90661  37.103  2.290  18.840 0.0000000000
90670  39.348  2.460  16.855 0.0000000000
90671  38.815  2.505  17.436 0.0000000000
90676  40.230  2.836  15.693 0.0000000000
90677  39.851  2.333  16.016 0.0000000000
90689  40.339  2.301  15.069 0.0000000000
90690  39.990  1.792  15.462 0.0000000000
90701  40.733  2.213  14.006 0.0000000000
91483  32.792  2.977  22.243 0.0000000000
91484  32.123  3.344  22.405 0.0000000000
91485  31.086  3.185  22.562 0.0000000000
91486  30.174  3.101  22.544 0.0000000000
91487  29.431  3.068  22.355 0.0000000000
91488  28.842  3.224  22.100 0.0000000000
91499  34.095  3.401  21.299 0.0000000000
91500  33.309  3.295  21.865 0.0000000000
91501  32.746  3.466  22.149 0.0000000000
91513  35.311  3.405  20.481 0.0000000000
91514  34.717  3.200  20.916 0.0000000000
91527  36.948  3.688  19.075 0.0000000000
91528  36.392  3.256  19.524 0.0000000000
91529  35.853  3.126  20.018 0.0000000000
91541  37.983  3.441  18.169 0.0000000000
91542  37.321  3.183  18.685 0.0000000000
91543  36.838  2.945  19.063 0.0000000000
91555  39.087  3.455  17.143 0.0000000000
91556  38.523  3.237  17.655 0.0000000000
91563  40.104  3.357  16.117 0.0000000000
91564  39.650  3.181  16.602 0.0000000000
91570  40.414  3.388  15.413 0.0000000000
91580  41.035  3.532  13.752 0.0000000000
91581  40.770  3.305  14.446 0.0000000000
91589  41.232  3.248  13.188 0.0000000000
91590  40.982  2.886  13.677 0.0000000000
92318  32.033  4.084  22.277 0.0000000000
92319  31.417  4.008  22.357 0.0000000000
92320  30.528  3.913  22.377 0.0000000000
92321  29.682  3.758  22.307 0.0000000000
92322  29.200  3.571  22.211 0.0000000000
92329  34.082  4.040  21.202 0.0000000000
92330  33.598  4.133  21.434 0.0000000000
92331  32.679  4.152  21.922 0.0000000000
92332  31.814  4.627  22.013 0.0000000000
92333  30.920  4.683  22.053 0.0000000000
92334  29.967  4.563  22.042 0.0000000000
92335  28.942  4.202  21.935 0.0000000000
92344  35.299  4.269  20.360 0.0000000000
92345  34.595  4.134  20.860 0.0000000000
92346  33.980  4.418  21.075 0.0000000000
92357  36.997  4.207  19.047 0.0000000000
92358  36.558  4.266  19.368 0.0000000000
92359  35.864  4.028  19.925 0.0000000000
92369  37.985  4.156  18.107 0.0000000000
92370  37.449  4.266  18.612 0.0000000000
92371  36.941  4.592  19.033 0.0000000000
92385  39.002  4.175  17.038 0.0000000000
92386  38.506  4.258  17.565 0.0000000000
92387  37.946  4.643  18.010 0.0000000000
92398  40.200  4.084  15.861 0.0000000000
92399  39.535  4.302  16.495 0.0000000000
92400  38.938  4.687  16.950 0.0000000000
92406  40.472  4.438  15.098 0.0000000000
92407  39.936  4.761  15.760 0.0000000000
92416  41.160  3.847  13.500 0.0000000000
92417  40.908  4.432  13.993 0.0000000000
92426  41.298  4.221  13.074 0.0000000000
92427  40.995  5.089  13.313 0.0000000000
93201  33.681  4.625  21.128 0.0000000000
93202  33.209  4.813  21.266 0.0000000000
93203  32.346  5.109  21.431 0.0000000000
93204  31.405  5.320  21.510 0.0000000000
93205  30.436  5.333  21.555 0.0000000000
93206  29.472  5.181  21.507 0.0000000000
93213  35.538  4.634  20.023 0.0000000000
93214  35.051  5.048  20.300 0.0000000000
93215  33.951  5.095  20.733 0.0000000000
93216  32.964  5.620  20.819 0.0000000000
93217  31.990  5.965  20.928 0.0000000000
93218  30.964  6.042  20.939 0.0000000000
93219  29.965  6.012  21.050 0.0000000000
93227  36.633  4.854  19.223 0.0000000000
93228  35.968  5.167  19.542 0.0000000000
93229  35.111  5.823  19.720 0.0000000000
93237  37.589  5.085  18.203 0.0000000000
93238  36.898  5.291  18.745 0.0000000000
93239  36.130  6.002  18.788 0.0000000000
93250  38.647  5.016  17.137 0.0000000000
93251  38.075  5.378  17.451 0.0000000000
93265  39.570  5.135  16.006 0.0000000000
93266  38.873  5.592  16.381 0.0000000000
93267  38.009  6.138  16.744 0.0000000000
93280  40.439  5.112  14.585 0.0000000000
93281  39.664  5.632  15.142 0.0000000000
93282  39.046  6.077  15.596 0.0000000000
93287  40.388  5.716  13.938 0.0000000000
93288  39.740  6.182  14.360 0.0000000000
93296  41.294  5.079  12.693 0.0000000000
93297  40.816  5.882  12.777 0.0000000000
94045  34.462  5.806  20.089 0.0000000000
94046  33.643  6.155  20.190 0.0000000000
94047  32.644  6.482  20.280 0.0000000000
94058  35.471  6.176  19.160 0.0000000000
94059  34.439  6.696  19.252 0.0000000000
94060  33.265  6.933  19.637 0.0000000000
94067  37.336  5.690  17.976 0.0000000000
94068  36.649  6.267  18.079 0.0000000000
94069  35.485  6.888  18.213 0.0000000000
94070  34.662  7.135  18.456 0.0000000000
94075  37.365  6.307  17.318 0.0000000000
94076  36.393  7.057  17.160 0.0000000000
94077  35.657  7.277  17.433 0.0000000000
94086  38.205  6.342  16.242 0.0000000000
94087  37.395  6.918  16.256 0.0000000000
94088  36.642  7.293  16.461 0.0000000000
94102  39.074  6.316  15.199 0.0000000000
94103  38.439  6.593  15.540 0.0000000000
94104  37.680  7.278  15.279 0.0000000000
94116  39.801  6.469  13.874 0.0000000000
94117  39.090  6.869  14.470 0.0000000000
94126  40.173  6.513  13.181 0.0000000000
94913  36.673  7.477  16.041 0.0000000000
