#!ascii label  , from subject FREESURFER vox2ras=TkReg 
616
30741  5.782  -57.354  37.168 0.0000000000
30742  5.049  -57.647  37.356 0.0000000000
30764  7.131  -57.145  36.244 0.0000000000
30765  6.483  -57.722  36.453 0.0000000000
30766  5.570  -57.922  36.950 0.0000000000
30782  8.360  -57.312  35.184 0.0000000000
30783  7.633  -57.625  35.603 0.0000000000
30784  7.015  -57.935  35.987 0.0000000000
30796  8.622  -57.848  34.554 0.0000000000
30797  8.042  -57.976  35.043 0.0000000000
31683  4.996  -56.142  37.892 0.0000000000
31684  4.540  -56.579  38.173 0.0000000000
31704  6.234  -56.683  37.157 0.0000000000
31705  5.340  -56.643  37.608 0.0000000000
31706  4.825  -57.157  37.781 0.0000000000
31724  7.429  -56.582  36.168 0.0000000000
31725  6.840  -56.605  36.597 0.0000000000
31743  8.899  -56.503  35.117 0.0000000000
31744  8.371  -56.682  35.414 0.0000000000
31745  7.904  -56.494  35.813 0.0000000000
31764  9.120  -56.864  34.683 0.0000000000
31765  8.702  -57.052  35.025 0.0000000000
32549  11.928  -55.411  47.372 0.0000000000
32557  11.455  -55.441  46.768 0.0000000000
32558  10.726  -55.534  46.424 0.0000000000
32566  10.141  -55.350  45.816 0.0000000000
32626  5.889  -55.314  41.236 0.0000000000
32627  5.220  -55.203  41.022 0.0000000000
32652  4.725  -55.798  38.026 0.0000000000
32653  4.141  -55.505  38.392 0.0000000000
32654  3.324  -55.421  38.910 0.0000000000
32663  5.865  -55.955  37.435 0.0000000000
32664  5.161  -55.566  37.602 0.0000000000
32665  4.579  -55.257  37.890 0.0000000000
32671  7.128  -55.815  36.416 0.0000000000
32672  6.419  -55.671  36.920 0.0000000000
32673  5.731  -55.313  37.205 0.0000000000
32682  8.755  -56.052  35.340 0.0000000000
32683  8.233  -55.772  35.632 0.0000000000
32684  7.674  -55.780  36.045 0.0000000000
32697  9.253  -55.842  34.845 0.0000000000
32698  8.649  -55.519  35.259 0.0000000000
33529  13.131  -54.337  47.956 0.0000000000
33541  13.006  -54.352  47.570 0.0000000000
33542  12.684  -54.754  47.527 0.0000000000
33547  12.042  -54.974  46.472 0.0000000000
33548  11.330  -55.298  46.270 0.0000000000
33550  12.006  -54.453  45.471 0.0000000000
33551  10.980  -55.014  45.520 0.0000000000
33552  9.806  -54.955  45.230 0.0000000000
33559  12.130  -54.071  44.912 0.0000000000
33560  11.403  -54.284  44.386 0.0000000000
33561  10.200  -54.601  44.461 0.0000000000
33571  11.198  -54.089  43.301 0.0000000000
33572  10.428  -54.301  43.468 0.0000000000
33573  9.436  -54.335  43.638 0.0000000000
33583  11.186  -53.944  42.776 0.0000000000
33584  10.674  -54.011  42.697 0.0000000000
33585  9.674  -53.989  42.504 0.0000000000
33586  8.624  -54.306  42.841 0.0000000000
33594  9.421  -53.785  41.838 0.0000000000
33595  8.738  -54.001  41.650 0.0000000000
33596  7.580  -54.751  42.007 0.0000000000
33597  6.828  -55.064  41.659 0.0000000000
33607  8.502  -54.010  40.685 0.0000000000
33608  7.725  -54.439  40.873 0.0000000000
33609  6.362  -54.943  40.897 0.0000000000
33610  4.820  -54.646  40.404 0.0000000000
33611  3.567  -54.080  40.393 0.0000000000
33619  8.510  -53.944  40.184 0.0000000000
33620  7.966  -54.227  39.997 0.0000000000
33621  6.908  -54.483  39.987 0.0000000000
33622  5.521  -54.333  39.759 0.0000000000
33623  4.330  -53.964  39.898 0.0000000000
33624  2.911  -54.841  38.972 0.0000000000
33625  2.396  -54.318  39.271 0.0000000000
33626  1.634  -54.080  39.878 0.0000000000
33632  7.282  -54.235  39.391 0.0000000000
33633  6.364  -54.127  39.186 0.0000000000
33634  5.388  -53.741  39.116 0.0000000000
33635  4.205  -54.909  38.035 0.0000000000
33636  3.392  -54.413  38.326 0.0000000000
33637  2.534  -53.622  38.752 0.0000000000
33643  5.301  -55.003  37.211 0.0000000000
33644  4.550  -54.592  37.397 0.0000000000
33645  3.794  -54.130  37.616 0.0000000000
33650  7.347  -55.333  36.150 0.0000000000
33651  6.854  -55.054  36.365 0.0000000000
33652  5.690  -54.645  36.607 0.0000000000
33653  4.870  -54.371  36.713 0.0000000000
33661  8.284  -55.221  35.392 0.0000000000
33662  7.617  -54.839  35.658 0.0000000000
33663  6.588  -54.504  35.931 0.0000000000
33664  5.978  -54.266  35.932 0.0000000000
33673  9.287  -54.882  34.316 0.0000000000
33674  8.560  -54.861  34.972 0.0000000000
33675  7.938  -54.385  35.042 0.0000000000
34483  13.247  -53.726  48.230 0.0000000000
34495  13.100  -53.913  47.290 0.0000000000
34496  12.670  -54.484  46.889 0.0000000000
34505  12.947  -53.345  46.270 0.0000000000
34506  12.615  -54.184  46.286 0.0000000000
34512  13.011  -52.968  45.301 0.0000000000
34513  12.548  -53.785  45.440 0.0000000000
34518  13.031  -52.917  44.421 0.0000000000
34519  12.457  -53.626  44.403 0.0000000000
34520  11.823  -53.860  43.663 0.0000000000
34524  12.900  -53.141  43.844 0.0000000000
34525  12.381  -53.396  43.337 0.0000000000
34526  11.653  -53.751  42.942 0.0000000000
34533  12.045  -53.292  42.414 0.0000000000
34534  11.218  -53.651  42.284 0.0000000000
34535  10.396  -53.682  42.040 0.0000000000
34536  9.819  -53.687  41.831 0.0000000000
34544  11.655  -53.235  41.785 0.0000000000
34545  10.964  -53.372  41.502 0.0000000000
34546  10.198  -53.492  41.417 0.0000000000
34547  9.525  -53.649  41.306 0.0000000000
34548  9.030  -53.767  40.938 0.0000000000
34556  10.585  -53.301  41.007 0.0000000000
34557  10.058  -53.368  40.763 0.0000000000
34558  9.455  -53.565  40.599 0.0000000000
34559  8.906  -53.737  40.344 0.0000000000
34560  2.923  -53.555  40.282 0.0000000000
34561  2.411  -53.363  40.286 0.0000000000
34562  1.861  -53.416  40.223 0.0000000000
34563  1.636  -53.636  40.013 0.0000000000
34569  9.818  -53.365  40.244 0.0000000000
34570  9.340  -53.493  39.864 0.0000000000
34571  8.563  -53.826  39.630 0.0000000000
34572  7.884  -54.115  39.241 0.0000000000
34573  4.598  -53.633  39.418 0.0000000000
34574  3.266  -53.192  39.581 0.0000000000
34575  2.213  -52.845  39.837 0.0000000000
34576  1.993  -53.243  39.484 0.0000000000
34577  1.736  -53.564  39.772 0.0000000000
34583  8.968  -53.458  38.942 0.0000000000
34584  8.154  -53.734  38.752 0.0000000000
34585  7.128  -53.847  38.674 0.0000000000
34586  5.900  -53.519  38.577 0.0000000000
34587  4.536  -52.994  38.747 0.0000000000
34588  3.567  -52.673  39.007 0.0000000000
34589  2.814  -53.585  38.212 0.0000000000
34590  2.422  -52.903  38.257 0.0000000000
34596  8.463  -53.298  38.225 0.0000000000
34597  7.601  -53.301  38.078 0.0000000000
34598  6.540  -53.168  38.014 0.0000000000
34599  5.449  -52.855  38.091 0.0000000000
34600  4.808  -52.612  38.190 0.0000000000
34601  3.976  -54.020  37.265 0.0000000000
34602  3.254  -53.533  37.458 0.0000000000
34603  2.566  -52.572  37.151 0.0000000000
34610  5.013  -54.239  36.377 0.0000000000
34611  4.238  -53.910  36.549 0.0000000000
34612  3.035  -53.020  36.155 0.0000000000
34613  2.446  -52.495  36.497 0.0000000000
34619  6.947  -54.304  35.495 0.0000000000
34620  6.316  -54.096  35.440 0.0000000000
34621  5.235  -53.989  35.687 0.0000000000
34622  3.994  -53.512  35.380 0.0000000000
34623  3.152  -53.195  35.087 0.0000000000
34629  8.808  -54.434  34.419 0.0000000000
34630  8.267  -54.105  34.540 0.0000000000
34631  7.206  -53.898  34.912 0.0000000000
34632  5.905  -53.635  34.750 0.0000000000
34633  4.750  -53.479  34.614 0.0000000000
34634  3.726  -53.256  34.390 0.0000000000
34635  2.977  -52.974  34.542 0.0000000000
34643  9.066  -53.936  33.854 0.0000000000
34644  7.863  -53.344  33.913 0.0000000000
34645  6.571  -53.173  34.035 0.0000000000
34646  5.383  -53.222  33.877 0.0000000000
34647  4.365  -53.236  33.763 0.0000000000
34648  3.788  -53.141  33.776 0.0000000000
34658  9.366  -53.397  32.949 0.0000000000
34659  8.615  -53.225  33.303 0.0000000000
35501  13.130  -53.058  48.014 0.0000000000
35502  12.928  -52.185  47.868 0.0000000000
35514  13.145  -52.800  47.101 0.0000000000
35515  12.969  -51.930  46.982 0.0000000000
35529  13.060  -52.383  46.230 0.0000000000
35530  12.990  -51.785  46.459 0.0000000000
35541  13.089  -52.162  45.525 0.0000000000
35548  13.118  -52.244  44.783 0.0000000000
35555  13.143  -52.378  43.687 0.0000000000
35556  12.853  -52.979  43.396 0.0000000000
35563  13.197  -52.066  42.507 0.0000000000
35564  12.738  -52.836  42.787 0.0000000000
35571  13.130  -51.829  41.782 0.0000000000
35572  12.401  -52.535  41.496 0.0000000000
35573  11.577  -53.081  41.350 0.0000000000
35580  12.075  -52.343  40.193 0.0000000000
35581  11.238  -52.982  40.711 0.0000000000
35582  10.552  -53.199  40.628 0.0000000000
35588  12.060  -52.173  39.217 0.0000000000
35589  11.294  -52.601  39.569 0.0000000000
35590  10.366  -53.069  40.007 0.0000000000
35591  9.832  -53.299  39.866 0.0000000000
35592  3.064  -52.400  39.079 0.0000000000
35593  2.537  -52.429  39.280 0.0000000000
35594  2.328  -52.679  39.395 0.0000000000
35601  12.100  -51.975  38.644 0.0000000000
35602  11.517  -52.279  38.379 0.0000000000
35603  10.505  -52.825  38.801 0.0000000000
35604  9.756  -53.231  39.245 0.0000000000
35605  4.345  -52.401  38.245 0.0000000000
35606  3.595  -52.270  38.578 0.0000000000
35607  2.746  -51.909  38.634 0.0000000000
35608  2.388  -52.289  38.676 0.0000000000
35614  11.279  -52.139  37.425 0.0000000000
35615  10.577  -52.535  37.640 0.0000000000
35616  9.367  -52.987  37.902 0.0000000000
35617  8.104  -52.912  37.459 0.0000000000
35618  7.058  -52.762  37.397 0.0000000000
35619  5.987  -52.553  37.441 0.0000000000
35620  4.842  -52.182  37.667 0.0000000000
35621  3.958  -51.965  37.990 0.0000000000
35622  3.260  -51.733  38.163 0.0000000000
35623  2.192  -52.046  37.719 0.0000000000
35630  11.245  -51.950  36.955 0.0000000000
35631  10.795  -52.152  36.843 0.0000000000
35632  9.726  -52.331  36.567 0.0000000000
35633  8.516  -52.452  36.559 0.0000000000
35634  7.516  -52.367  36.735 0.0000000000
35635  6.494  -52.120  36.784 0.0000000000
35636  5.526  -51.873  37.008 0.0000000000
35637  2.311  -52.447  36.037 0.0000000000
35638  2.194  -51.932  36.681 0.0000000000
35643  9.188  -51.967  35.807 0.0000000000
35644  8.902  -52.180  36.027 0.0000000000
35645  2.483  -52.676  35.236 0.0000000000
35646  1.991  -51.897  35.722 0.0000000000
35652  3.360  -52.889  33.944 0.0000000000
35653  2.746  -52.269  34.468 0.0000000000
35654  2.200  -52.172  35.065 0.0000000000
35661  7.996  -52.839  33.164 0.0000000000
35662  7.099  -52.768  33.263 0.0000000000
35663  5.975  -52.757  33.217 0.0000000000
35664  4.898  -52.802  33.134 0.0000000000
35665  3.941  -52.820  33.284 0.0000000000
35666  3.435  -52.384  33.647 0.0000000000
35675  9.697  -52.873  32.280 0.0000000000
35676  8.679  -52.691  32.611 0.0000000000
35677  7.598  -52.425  32.597 0.0000000000
35678  6.545  -52.388  32.540 0.0000000000
35679  5.488  -52.382  32.436 0.0000000000
35680  4.475  -52.225  32.392 0.0000000000
35681  3.873  -52.279  33.067 0.0000000000
35688  10.111  -52.559  31.425 0.0000000000
35689  9.136  -52.224  31.858 0.0000000000
35690  8.116  -52.052  31.991 0.0000000000
35691  7.071  -51.968  31.964 0.0000000000
35692  6.055  -52.017  31.830 0.0000000000
35693  5.147  -52.018  31.617 0.0000000000
35694  4.626  -51.756  31.439 0.0000000000
35703  4.869  -51.840  31.147 0.0000000000
35704  4.702  -51.735  30.995 0.0000000000
36588  12.622  -51.336  47.549 0.0000000000
36603  12.992  -51.670  45.990 0.0000000000
36604  12.790  -51.198  46.631 0.0000000000
36620  13.047  -51.562  45.270 0.0000000000
36621  12.865  -50.954  45.787 0.0000000000
36637  13.110  -51.443  44.418 0.0000000000
36644  13.342  -51.098  43.316 0.0000000000
36648  13.408  -51.175  42.097 0.0000000000
36654  13.199  -51.349  41.081 0.0000000000
36655  12.730  -51.882  40.477 0.0000000000
36662  13.300  -51.312  39.957 0.0000000000
36663  12.640  -51.808  39.635 0.0000000000
36668  13.108  -51.346  39.035 0.0000000000
36669  12.502  -51.722  38.854 0.0000000000
36675  12.787  -51.332  38.419 0.0000000000
36676  12.227  -51.616  38.082 0.0000000000
36677  11.730  -51.858  37.663 0.0000000000
36678  2.466  -51.780  38.264 0.0000000000
36679  2.360  -51.729  37.951 0.0000000000
36685  12.006  -51.493  37.260 0.0000000000
36686  11.565  -51.771  37.089 0.0000000000
36687  4.220  -51.703  37.579 0.0000000000
36688  3.588  -51.490  37.589 0.0000000000
36689  2.646  -51.371  37.647 0.0000000000
36690  2.234  -51.342  37.205 0.0000000000
36696  11.757  -51.458  36.741 0.0000000000
36697  11.230  -51.658  36.452 0.0000000000
36698  10.427  -51.832  36.180 0.0000000000
36699  9.770  -51.847  35.880 0.0000000000
36700  7.813  -52.027  36.216 0.0000000000
36701  7.078  -51.671  36.186 0.0000000000
36702  5.798  -51.167  36.273 0.0000000000
36703  4.446  -51.241  36.960 0.0000000000
36704  3.237  -50.887  37.108 0.0000000000
36705  2.680  -50.847  37.183 0.0000000000
36706  1.805  -51.158  36.385 0.0000000000
36712  10.801  -51.514  35.818 0.0000000000
36713  10.163  -51.531  35.441 0.0000000000
36714  9.302  -51.575  35.384 0.0000000000
36715  8.135  -51.475  35.504 0.0000000000
36716  6.623  -50.862  35.622 0.0000000000
36717  5.957  -50.588  35.798 0.0000000000
36718  1.833  -51.132  35.686 0.0000000000
36724  9.626  -51.270  34.945 0.0000000000
36725  8.897  -51.095  34.948 0.0000000000
36726  8.386  -50.896  34.928 0.0000000000
36727  2.721  -51.277  34.680 0.0000000000
36728  2.174  -51.595  35.118 0.0000000000
36733  3.899  -51.406  33.590 0.0000000000
36734  3.292  -51.759  34.005 0.0000000000
36740  4.058  -51.792  32.784 0.0000000000
36741  3.587  -51.970  33.321 0.0000000000
36749  9.371  -51.835  31.230 0.0000000000
36750  8.532  -51.648  31.365 0.0000000000
36751  7.539  -51.590  31.394 0.0000000000
36752  6.540  -51.647  31.272 0.0000000000
36753  5.615  -51.776  31.158 0.0000000000
36754  5.116  -51.842  31.139 0.0000000000
36755  4.307  -51.442  31.727 0.0000000000
36756  3.978  -51.099  31.307 0.0000000000
36764  9.847  -51.739  30.620 0.0000000000
36765  8.940  -51.219  30.704 0.0000000000
36766  7.911  -51.159  30.860 0.0000000000
36767  6.984  -51.296  30.774 0.0000000000
36768  5.988  -51.394  30.480 0.0000000000
36769  4.949  -51.677  30.693 0.0000000000
36770  4.263  -51.524  30.848 0.0000000000
36771  3.846  -51.194  30.955 0.0000000000
36780  10.231  -51.497  29.687 0.0000000000
36781  9.534  -51.092  30.148 0.0000000000
36782  5.701  -51.210  29.940 0.0000000000
36783  5.150  -51.413  30.000 0.0000000000
36784  4.214  -51.466  29.939 0.0000000000
36785  3.521  -51.316  30.320 0.0000000000
36799  3.729  -51.255  29.476 0.0000000000
36800  3.383  -51.334  29.722 0.0000000000
37571  12.457  -50.365  46.321 0.0000000000
37583  12.962  -50.894  45.055 0.0000000000
37651  13.684  -50.659  39.185 0.0000000000
37661  14.091  -50.123  38.267 0.0000000000
37662  13.298  -50.798  38.173 0.0000000000
37663  12.735  -51.138  37.877 0.0000000000
37674  13.731  -50.226  37.086 0.0000000000
37675  12.951  -50.817  37.207 0.0000000000
37676  12.446  -51.228  37.398 0.0000000000
37677  2.428  -50.813  37.131 0.0000000000
37678  2.281  -50.993  37.219 0.0000000000
37690  13.660  -50.051  36.338 0.0000000000
37691  13.144  -50.388  36.139 0.0000000000
37692  12.232  -51.047  36.510 0.0000000000
37693  11.671  -51.333  36.340 0.0000000000
37694  5.473  -50.383  35.870 0.0000000000
37695  4.772  -50.408  36.199 0.0000000000
37696  3.688  -50.098  36.431 0.0000000000
37697  2.711  -50.388  36.810 0.0000000000
37698  2.125  -50.537  36.765 0.0000000000
37709  12.923  -50.209  35.464 0.0000000000
37710  12.327  -50.437  35.315 0.0000000000
37711  11.383  -51.143  35.638 0.0000000000
37712  10.705  -51.324  35.388 0.0000000000
37713  7.962  -50.553  34.857 0.0000000000
37714  7.018  -50.030  34.976 0.0000000000
37715  5.916  -49.928  35.521 0.0000000000
37716  4.953  -49.798  35.756 0.0000000000
37717  4.361  -49.824  36.034 0.0000000000
37718  1.826  -50.416  35.997 0.0000000000
37724  11.982  -50.171  34.628 0.0000000000
37725  11.410  -50.491  34.731 0.0000000000
37726  10.381  -50.961  34.735 0.0000000000
37727  9.383  -50.777  34.618 0.0000000000
37728  8.586  -50.344  34.601 0.0000000000
37729  7.800  -49.841  34.634 0.0000000000
37730  3.532  -50.090  34.661 0.0000000000
37731  2.841  -50.366  34.941 0.0000000000
37732  2.201  -50.743  35.321 0.0000000000
37738  4.764  -50.188  33.374 0.0000000000
37739  4.208  -50.404  34.010 0.0000000000
37740  3.433  -50.910  34.376 0.0000000000
37747  5.002  -50.276  32.589 0.0000000000
37748  4.520  -51.024  32.825 0.0000000000
37758  5.055  -50.139  31.965 0.0000000000
37759  4.368  -50.679  31.512 0.0000000000
37760  3.798  -50.968  31.103 0.0000000000
37769  8.936  -50.691  30.121 0.0000000000
37770  8.153  -50.700  30.301 0.0000000000
37771  7.236  -50.871  30.336 0.0000000000
37772  6.641  -51.109  30.342 0.0000000000
37773  4.077  -50.366  30.927 0.0000000000
37774  3.371  -50.596  30.566 0.0000000000
37775  2.613  -50.045  30.230 0.0000000000
37783  10.248  -50.880  29.001 0.0000000000
37784  9.431  -50.495  29.464 0.0000000000
37785  8.389  -50.310  29.726 0.0000000000
37786  7.421  -50.411  29.725 0.0000000000
37787  6.332  -50.857  29.823 0.0000000000
37788  5.344  -51.122  29.542 0.0000000000
37789  4.766  -51.303  29.615 0.0000000000
37790  2.691  -51.144  29.878 0.0000000000
37791  2.102  -50.320  30.008 0.0000000000
37792  1.742  -49.918  29.784 0.0000000000
37801  9.906  -50.231  28.654 0.0000000000
37802  7.340  -50.095  29.244 0.0000000000
37803  6.715  -50.262  29.168 0.0000000000
37804  5.662  -50.611  29.035 0.0000000000
37805  4.433  -51.016  29.115 0.0000000000
37806  3.157  -50.995  29.111 0.0000000000
37807  2.158  -50.558  29.215 0.0000000000
37808  1.707  -49.934  29.444 0.0000000000
38629  14.454  -49.470  37.364 0.0000000000
38642  14.079  -49.540  36.115 0.0000000000
38643  13.584  -49.981  35.977 0.0000000000
38644  3.342  -49.593  36.102 0.0000000000
38645  2.840  -49.813  36.399 0.0000000000
38646  2.424  -50.070  36.590 0.0000000000
38659  13.886  -49.122  34.964 0.0000000000
38660  13.318  -49.834  35.318 0.0000000000
38661  12.799  -50.081  35.106 0.0000000000
38662  6.770  -49.202  34.911 0.0000000000
38663  6.215  -48.936  35.189 0.0000000000
38664  5.210  -49.097  35.483 0.0000000000
38665  4.097  -49.371  35.568 0.0000000000
38666  2.961  -49.548  35.879 0.0000000000
38667  2.304  -49.898  36.251 0.0000000000
38680  13.645  -48.922  34.405 0.0000000000
38681  13.273  -49.293  34.522 0.0000000000
38682  12.478  -49.673  34.438 0.0000000000
38683  11.555  -49.871  34.226 0.0000000000
38684  10.629  -50.050  34.142 0.0000000000
38685  9.458  -49.994  34.187 0.0000000000
38686  8.273  -49.180  34.251 0.0000000000
38687  7.223  -49.093  34.631 0.0000000000
38688  6.677  -48.867  34.835 0.0000000000
38689  4.086  -49.371  34.606 0.0000000000
38690  3.277  -49.713  35.237 0.0000000000
38691  2.449  -49.984  35.596 0.0000000000
38702  12.222  -49.302  33.968 0.0000000000
38703  11.807  -49.339  33.869 0.0000000000
38704  10.927  -49.392  33.724 0.0000000000
38705  9.960  -49.343  33.658 0.0000000000
38706  9.120  -49.053  33.877 0.0000000000
38707  5.091  -49.495  33.303 0.0000000000
38708  4.587  -49.588  33.891 0.0000000000
38718  5.329  -49.535  32.434 0.0000000000
38725  4.997  -49.689  31.426 0.0000000000
38726  4.400  -50.141  31.124 0.0000000000
38731  4.966  -49.203  30.839 0.0000000000
38732  4.196  -49.660  30.691 0.0000000000
38733  3.068  -49.582  30.346 0.0000000000
38734  2.108  -49.456  30.234 0.0000000000
38735  1.793  -49.000  30.078 0.0000000000
38738  9.199  -49.878  28.842 0.0000000000
38739  8.481  -49.900  29.158 0.0000000000
38740  7.810  -50.054  29.335 0.0000000000
38741  1.804  -49.821  29.985 0.0000000000
38742  1.684  -49.361  29.767 0.0000000000
38744  10.276  -49.945  27.938 0.0000000000
38745  9.462  -49.544  28.254 0.0000000000
38746  8.533  -49.436  28.502 0.0000000000
38747  7.414  -49.709  28.731 0.0000000000
38748  6.137  -49.935  28.470 0.0000000000
38749  5.002  -50.315  28.274 0.0000000000
38750  3.806  -50.300  28.420 0.0000000000
38751  2.691  -50.128  28.494 0.0000000000
38752  1.818  -49.607  28.707 0.0000000000
38753  1.587  -49.308  29.219 0.0000000000
38757  9.771  -49.156  27.512 0.0000000000
38758  8.825  -48.886  27.833 0.0000000000
38759  7.737  -49.003  27.934 0.0000000000
38760  6.606  -49.273  27.855 0.0000000000
38761  5.484  -49.544  27.718 0.0000000000
38762  4.398  -49.616  27.775 0.0000000000
38763  3.342  -49.490  27.874 0.0000000000
38764  2.447  -49.178  28.096 0.0000000000
39614  14.645  -48.514  35.367 0.0000000000
39615  5.901  -48.422  34.836 0.0000000000
39616  5.367  -48.536  35.070 0.0000000000
39617  4.811  -48.801  35.272 0.0000000000
39628  14.096  -48.405  34.138 0.0000000000
39629  13.284  -48.841  33.985 0.0000000000
39630  12.866  -49.192  34.121 0.0000000000
39631  8.067  -48.497  34.109 0.0000000000
39632  7.550  -48.320  34.227 0.0000000000
39633  6.555  -48.376  34.564 0.0000000000
39634  5.590  -48.235  34.301 0.0000000000
39635  4.682  -48.641  34.847 0.0000000000
39645  13.961  -47.913  33.493 0.0000000000
39646  13.299  -48.149  33.277 0.0000000000
39647  12.350  -48.858  33.636 0.0000000000
39648  11.250  -48.847  33.370 0.0000000000
39649  10.339  -48.802  33.314 0.0000000000
39650  9.444  -48.444  33.383 0.0000000000
39651  8.496  -48.411  33.844 0.0000000000
39652  7.988  -48.195  34.053 0.0000000000
39653  5.501  -48.593  33.186 0.0000000000
39654  4.859  -48.863  34.040 0.0000000000
39661  12.908  -47.795  32.732 0.0000000000
39662  12.400  -48.092  32.809 0.0000000000
39663  11.512  -48.305  32.867 0.0000000000
39664  10.564  -48.349  32.911 0.0000000000
39665  9.957  -48.379  33.024 0.0000000000
39666  5.621  -48.829  32.061 0.0000000000
39669  5.890  -48.173  30.973 0.0000000000
39670  5.485  -48.828  31.152 0.0000000000
39672  5.723  -47.949  30.559 0.0000000000
39673  4.998  -48.451  30.329 0.0000000000
39674  3.703  -48.821  30.240 0.0000000000
39675  2.684  -48.548  30.272 0.0000000000
39676  1.958  -48.590  30.269 0.0000000000
39677  1.693  -48.535  29.901 0.0000000000
39680  4.598  -47.895  29.858 0.0000000000
39681  3.946  -48.129  29.960 0.0000000000
39682  3.298  -48.280  30.171 0.0000000000
39683  1.601  -48.607  29.373 0.0000000000
39686  1.918  -48.537  28.378 0.0000000000
39687  1.604  -48.818  28.882 0.0000000000
39691  9.155  -48.348  27.071 0.0000000000
39692  8.067  -48.387  27.243 0.0000000000
39693  6.974  -48.600  27.197 0.0000000000
39694  5.879  -48.849  27.094 0.0000000000
39695  4.835  -49.011  27.136 0.0000000000
39696  3.944  -48.876  27.433 0.0000000000
39697  3.058  -48.442  27.630 0.0000000000
39698  2.381  -48.534  27.994 0.0000000000
39706  4.269  -48.302  26.959 0.0000000000
39707  3.739  -48.341  27.292 0.0000000000
40490  7.478  -47.917  34.100 0.0000000000
40491  7.082  -47.843  34.125 0.0000000000
40492  6.343  -47.741  34.102 0.0000000000
40504  13.859  -47.614  33.100 0.0000000000
40505  9.298  -48.011  33.190 0.0000000000
40506  8.852  -47.907  33.363 0.0000000000
40507  7.804  -47.745  33.775 0.0000000000
40508  6.836  -47.472  33.573 0.0000000000
40509  5.990  -47.680  33.441 0.0000000000
40520  13.346  -47.367  32.569 0.0000000000
40521  12.522  -47.460  32.385 0.0000000000
40522  11.676  -47.609  32.350 0.0000000000
40523  10.790  -47.796  32.466 0.0000000000
40524  9.603  -47.757  32.762 0.0000000000
40525  8.418  -47.356  32.937 0.0000000000
40526  7.429  -47.129  32.981 0.0000000000
40527  6.550  -47.306  32.675 0.0000000000
40528  5.875  -47.928  32.481 0.0000000000
40534  11.068  -47.312  32.097 0.0000000000
40535  10.341  -47.248  32.064 0.0000000000
40536  9.598  -47.047  32.096 0.0000000000
40537  6.275  -47.586  31.739 0.0000000000
40538  5.827  -48.242  31.679 0.0000000000
40543  6.222  -47.436  30.769 0.0000000000
40544  5.669  -47.685  30.257 0.0000000000
40545  2.565  -48.034  30.297 0.0000000000
40546  2.251  -47.992  30.315 0.0000000000
40547  1.812  -47.994  30.131 0.0000000000
40551  6.098  -47.075  29.997 0.0000000000
40552  5.172  -47.442  29.730 0.0000000000
40553  4.125  -47.389  29.667 0.0000000000
40554  2.921  -47.607  30.079 0.0000000000
40555  2.017  -47.294  30.125 0.0000000000
40556  1.686  -47.621  29.609 0.0000000000
40562  1.892  -47.660  28.387 0.0000000000
40563  1.577  -47.875  28.865 0.0000000000
40568  2.902  -47.341  27.556 0.0000000000
40569  2.328  -47.887  27.994 0.0000000000
40577  3.655  -47.737  27.150 0.0000000000
41392  12.813  -46.825  31.910 0.0000000000
41393  11.943  -47.010  31.965 0.0000000000
41394  11.444  -47.161  32.012 0.0000000000
41395  8.887  -46.955  32.298 0.0000000000
41396  7.968  -46.795  32.287 0.0000000000
41397  7.114  -46.858  32.186 0.0000000000
41398  6.673  -47.150  32.041 0.0000000000
41411  12.114  -46.334  31.416 0.0000000000
41412  11.069  -46.701  31.624 0.0000000000
41413  9.946  -46.632  31.596 0.0000000000
41414  9.217  -46.609  31.781 0.0000000000
41415  8.481  -46.427  31.683 0.0000000000
41416  7.524  -46.388  31.390 0.0000000000
41417  6.757  -46.940  31.465 0.0000000000
41428  7.403  -46.118  30.761 0.0000000000
41429  6.856  -46.468  30.549 0.0000000000
41438  6.481  -46.349  29.701 0.0000000000
41439  5.725  -46.633  29.400 0.0000000000
41440  4.698  -46.556  29.206 0.0000000000
41441  3.451  -46.493  29.521 0.0000000000
41442  2.438  -46.367  29.884 0.0000000000
41443  1.834  -46.421  29.681 0.0000000000
41454  6.195  -46.098  29.161 0.0000000000
41455  5.561  -46.077  28.864 0.0000000000
41456  4.863  -45.831  28.709 0.0000000000
41457  1.777  -47.221  28.590 0.0000000000
41458  1.606  -46.578  28.954 0.0000000000
41468  2.803  -46.647  27.498 0.0000000000
41469  2.140  -46.720  28.078 0.0000000000
41470  1.766  -45.847  28.435 0.0000000000
42289  10.300  -45.914  31.102 0.0000000000
42290  9.176  -45.997  31.210 0.0000000000
42291  8.136  -45.893  31.049 0.0000000000
42292  7.655  -45.997  30.865 0.0000000000
42307  8.561  -45.317  30.595 0.0000000000
42308  7.553  -45.594  30.235 0.0000000000
42309  6.927  -45.994  29.967 0.0000000000
42325  7.331  -45.182  29.554 0.0000000000
42326  6.834  -45.591  29.378 0.0000000000
42327  4.009  -45.728  29.000 0.0000000000
42328  2.943  -45.198  29.374 0.0000000000
42329  2.004  -45.302  29.831 0.0000000000
42330  1.671  -45.442  29.295 0.0000000000
42346  6.194  -45.611  28.817 0.0000000000
42347  5.530  -45.331  28.589 0.0000000000
42348  4.593  -45.140  28.595 0.0000000000
42349  3.773  -44.985  28.833 0.0000000000
42350  1.615  -45.503  28.805 0.0000000000
42367  2.750  -45.924  27.406 0.0000000000
42368  1.976  -45.353  27.767 0.0000000000
42369  1.636  -45.154  28.383 0.0000000000
43313  2.307  -44.275  29.529 0.0000000000
43314  1.826  -44.386  29.400 0.0000000000
43330  1.605  -44.529  28.780 0.0000000000
43339  1.730  -44.507  28.062 0.0000000000
