#!ascii label  , from subject FREESURFER vox2ras=TkReg 
721
103148  47.895  18.704  24.637 0.0000000000
103159  47.692  18.989  23.879 0.0000000000
103160  47.341  19.051  23.527 0.0000000000
103166  47.253  19.260  22.937 0.0000000000
103769  48.318  19.152  24.863 0.0000000000
103773  48.106  19.272  23.935 0.0000000000
103782  47.846  19.380  22.913 0.0000000000
103783  47.496  19.296  22.870 0.0000000000
104411  48.464  19.878  25.124 0.0000000000
104416  48.430  19.860  24.223 0.0000000000
104418  48.328  19.861  23.238 0.0000000000
104428  48.322  19.896  22.190 0.0000000000
105020  48.281  20.584  25.518 0.0000000000
105021  48.002  21.394  26.088 0.0000000000
105026  48.344  20.628  24.630 0.0000000000
105027  48.041  21.436  25.110 0.0000000000
105033  48.304  20.565  23.674 0.0000000000
105034  47.984  21.315  24.157 0.0000000000
105036  48.317  20.527  22.660 0.0000000000
105037  48.014  21.197  23.176 0.0000000000
105045  48.384  20.505  21.624 0.0000000000
105046  48.233  21.188  22.158 0.0000000000
105601  47.542  22.384  27.709 0.0000000000
105604  47.578  22.348  26.661 0.0000000000
105609  47.585  22.270  25.630 0.0000000000
105616  47.525  22.136  24.628 0.0000000000
105617  47.196  22.480  24.097 0.0000000000
105620  47.594  21.897  23.699 0.0000000000
105621  47.174  22.494  23.339 0.0000000000
105623  47.689  21.822  22.730 0.0000000000
105624  47.252  22.457  22.308 0.0000000000
105638  47.810  21.772  21.675 0.0000000000
106196  47.330  23.415  28.219 0.0000000000
106200  47.153  23.238  27.220 0.0000000000
106202  46.911  23.233  26.179 0.0000000000
106203  46.398  23.812  25.913 0.0000000000
106207  46.989  22.794  25.106 0.0000000000
106208  46.443  23.478  25.332 0.0000000000
106215  47.060  22.640  24.528 0.0000000000
106216  46.514  23.221  24.209 0.0000000000
106217  45.898  23.854  23.899 0.0000000000
106221  46.645  23.077  22.892 0.0000000000
106222  46.026  23.714  23.231 0.0000000000
106899  47.232  24.461  28.689 0.0000000000
106903  46.848  24.359  27.552 0.0000000000
106904  46.543  24.873  27.087 0.0000000000
106907  46.801  23.768  26.899 0.0000000000
106908  46.410  24.361  26.532 0.0000000000
106912  45.920  24.333  25.496 0.0000000000
106913  45.674  24.777  25.010 0.0000000000
106920  46.070  23.754  24.922 0.0000000000
106921  45.755  24.305  24.490 0.0000000000
106927  45.696  24.467  23.509 0.0000000000
107554  43.593  25.986  29.958 0.0000000000
107563  47.079  25.401  29.067 0.0000000000
107567  46.788  25.403  28.131 0.0000000000
107568  46.598  25.419  27.369 0.0000000000
107572  46.369  25.408  26.777 0.0000000000
107575  45.941  25.391  26.022 0.0000000000
107576  45.722  25.322  25.239 0.0000000000
107582  45.627  25.238  24.663 0.0000000000
107590  45.611  25.259  23.907 0.0000000000
108128  46.736  25.995  29.153 0.0000000000
108129  46.395  26.321  29.427 0.0000000000
108130  45.808  26.623  29.726 0.0000000000
108131  44.675  26.499  29.605 0.0000000000
108132  43.357  26.302  29.130 0.0000000000
108140  46.636  26.288  28.355 0.0000000000
108141  46.449  26.526  28.665 0.0000000000
108142  44.594  27.040  28.707 0.0000000000
108143  43.929  26.950  28.530 0.0000000000
108150  46.656  26.499  27.362 0.0000000000
108151  46.533  25.955  27.003 0.0000000000
108156  46.764  27.027  26.747 0.0000000000
108157  46.457  26.458  26.388 0.0000000000
108159  46.033  26.402  25.126 0.0000000000
108160  45.726  25.759  24.864 0.0000000000
108164  46.176  26.816  23.932 0.0000000000
108165  45.732  25.985  24.338 0.0000000000
108172  46.316  26.874  22.906 0.0000000000
108173  45.754  26.161  23.410 0.0000000000
108702  45.912  26.876  28.904 0.0000000000
108703  45.465  26.926  29.053 0.0000000000
108704  45.019  27.160  28.786 0.0000000000
108709  46.514  26.895  28.208 0.0000000000
108710  46.293  27.370  28.198 0.0000000000
108711  45.551  27.606  28.391 0.0000000000
108712  44.536  27.763  28.348 0.0000000000
108713  43.343  27.888  28.287 0.0000000000
108719  46.660  27.547  27.679 0.0000000000
108720  46.582  28.066  27.711 0.0000000000
108725  46.957  27.726  26.830 0.0000000000
108726  46.847  27.353  26.292 0.0000000000
108728  47.255  28.092  25.898 0.0000000000
108729  46.777  27.359  25.510 0.0000000000
108732  47.457  28.129  24.878 0.0000000000
108733  46.785  27.470  24.421 0.0000000000
108739  48.093  28.507  23.563 0.0000000000
108740  47.675  28.157  23.751 0.0000000000
108741  46.932  27.479  23.332 0.0000000000
108748  48.138  28.376  23.075 0.0000000000
108749  47.767  27.740  22.743 0.0000000000
108752  48.277  28.082  22.149 0.0000000000
109232  46.515  28.511  27.697 0.0000000000
109233  46.044  28.628  27.926 0.0000000000
109234  45.146  28.774  28.196 0.0000000000
109235  43.981  28.909  28.254 0.0000000000
109240  47.092  28.542  27.163 0.0000000000
109241  46.860  28.827  27.504 0.0000000000
109246  47.467  28.800  26.469 0.0000000000
109249  48.311  29.390  25.020 0.0000000000
109250  48.005  29.044  25.367 0.0000000000
109252  48.264  29.293  24.608 0.0000000000
109253  48.010  28.688  24.336 0.0000000000
109258  48.237  28.957  23.664 0.0000000000
109259  48.051  28.574  23.812 0.0000000000
109267  48.301  28.829  22.630 0.0000000000
109268  46.125  29.125  21.829 0.0000000000
109269  45.667  29.087  21.797 0.0000000000
109270  44.834  29.059  21.782 0.0000000000
109274  48.297  28.650  21.629 0.0000000000
109275  48.122  28.937  21.203 0.0000000000
109276  47.582  29.026  21.162 0.0000000000
109277  46.472  29.001  21.410 0.0000000000
109278  45.193  29.004  21.083 0.0000000000
109279  44.313  29.148  21.395 0.0000000000
109291  47.176  28.663  20.371 0.0000000000
109292  45.910  28.721  20.183 0.0000000000
109293  44.947  29.062  20.305 0.0000000000
109306  45.789  28.712  19.046 0.0000000000
109316  45.451  28.878  18.150 0.0000000000
109741  43.178  30.322  30.293 0.0000000000
109753  43.363  30.078  29.710 0.0000000000
109765  47.312  30.036  27.712 0.0000000000
109766  46.727  29.687  27.884 0.0000000000
109767  45.793  29.821  28.250 0.0000000000
109768  44.750  29.816  28.559 0.0000000000
109769  43.683  29.844  28.947 0.0000000000
109770  43.079  29.639  29.341 0.0000000000
109778  48.100  30.239  26.766 0.0000000000
109779  47.533  29.652  27.211 0.0000000000
109780  47.127  29.562  27.573 0.0000000000
109790  48.247  30.210  26.017 0.0000000000
109791  47.981  29.599  26.266 0.0000000000
109800  48.430  29.839  25.148 0.0000000000
109801  48.224  29.674  25.692 0.0000000000
109803  48.281  29.742  24.216 0.0000000000
109804  46.330  29.811  23.846 0.0000000000
109805  45.269  29.649  24.032 0.0000000000
109806  44.128  29.612  24.149 0.0000000000
109807  43.102  29.825  24.165 0.0000000000
109808  42.547  30.093  24.072 0.0000000000
109812  48.013  29.530  23.228 0.0000000000
109813  47.427  29.645  23.085 0.0000000000
109814  46.687  29.575  23.065 0.0000000000
109815  45.736  29.396  23.164 0.0000000000
109816  44.610  29.287  23.252 0.0000000000
109817  43.508  29.481  23.321 0.0000000000
109818  42.641  29.871  23.480 0.0000000000
109825  48.178  29.224  22.158 0.0000000000
109826  47.729  29.455  22.374 0.0000000000
109827  47.081  29.444  22.426 0.0000000000
109828  46.232  29.259  22.264 0.0000000000
109829  45.166  29.112  22.427 0.0000000000
109830  43.930  29.175  22.226 0.0000000000
109831  42.923  29.690  22.550 0.0000000000
109837  48.191  29.078  21.647 0.0000000000
109838  47.964  29.328  21.679 0.0000000000
109839  47.335  29.273  21.840 0.0000000000
109840  46.811  29.255  21.993 0.0000000000
109841  44.298  29.244  20.696 0.0000000000
109842  43.528  29.666  21.240 0.0000000000
109843  43.226  29.654  21.895 0.0000000000
109853  45.009  29.057  19.583 0.0000000000
109854  44.363  29.420  19.969 0.0000000000
109855  43.780  29.786  20.304 0.0000000000
109864  44.962  29.207  18.761 0.0000000000
109865  44.304  29.791  19.245 0.0000000000
109866  43.993  29.837  19.754 0.0000000000
109873  44.947  29.470  18.143 0.0000000000
109874  44.546  29.871  18.433 0.0000000000
109881  45.122  29.724  17.469 0.0000000000
109882  44.733  29.885  17.938 0.0000000000
110279  44.123  31.518  31.119 0.0000000000
110280  43.881  31.473  31.116 0.0000000000
110302  44.320  31.232  30.770 0.0000000000
110303  43.469  30.985  30.851 0.0000000000
110321  45.957  31.344  29.619 0.0000000000
110322  45.187  31.169  29.926 0.0000000000
110323  44.578  30.999  30.281 0.0000000000
110324  43.908  30.598  30.232 0.0000000000
110333  47.881  31.279  28.158 0.0000000000
110334  47.450  30.801  28.232 0.0000000000
110335  46.497  30.922  28.765 0.0000000000
110336  45.463  30.661  29.064 0.0000000000
110337  44.471  30.547  29.476 0.0000000000
110338  43.836  30.296  29.568 0.0000000000
110347  48.056  30.784  27.590 0.0000000000
110348  47.614  30.341  27.687 0.0000000000
110358  48.336  30.930  26.663 0.0000000000
110370  48.287  30.831  25.687 0.0000000000
110371  48.036  31.004  25.236 0.0000000000
110372  47.492  30.904  25.212 0.0000000000
110373  46.575  30.760  25.313 0.0000000000
110374  45.470  30.652  25.473 0.0000000000
110375  44.325  30.617  25.578 0.0000000000
110376  43.300  30.812  25.438 0.0000000000
110383  48.200  30.409  24.776 0.0000000000
110384  47.828  30.561  24.530 0.0000000000
110385  47.051  30.329  24.422 0.0000000000
110386  45.941  30.187  24.678 0.0000000000
110387  44.798  30.074  24.855 0.0000000000
110388  43.668  30.191  24.862 0.0000000000
110389  42.553  30.582  24.673 0.0000000000
110390  41.785  30.883  24.321 0.0000000000
110393  48.063  30.134  24.071 0.0000000000
110394  47.648  30.064  23.804 0.0000000000
110395  47.085  29.897  23.634 0.0000000000
110396  42.112  30.372  23.854 0.0000000000
110397  41.580  30.958  23.607 0.0000000000
110403  42.115  30.402  22.846 0.0000000000
110404  41.570  31.119  22.842 0.0000000000
110412  43.211  30.158  21.225 0.0000000000
110413  42.808  30.412  21.667 0.0000000000
110425  43.324  30.462  20.775 0.0000000000
110426  42.959  31.178  21.033 0.0000000000
110435  44.050  30.273  19.215 0.0000000000
110436  43.745  30.534  19.621 0.0000000000
110443  44.166  30.536  18.831 0.0000000000
110444  43.893  31.153  19.052 0.0000000000
110451  44.618  30.637  17.883 0.0000000000
110888  44.266  31.776  31.128 0.0000000000
110889  44.025  31.660  31.301 0.0000000000
110899  46.396  32.368  30.128 0.0000000000
110900  45.961  32.293  30.288 0.0000000000
110901  44.829  31.883  30.836 0.0000000000
110902  43.690  31.576  31.034 0.0000000000
110903  42.964  31.394  30.737 0.0000000000
110916  47.165  32.122  29.225 0.0000000000
110917  46.765  31.976  29.726 0.0000000000
110918  45.651  31.715  30.276 0.0000000000
110919  44.910  31.434  30.492 0.0000000000
110920  42.474  31.598  30.439 0.0000000000
110928  48.067  31.513  28.003 0.0000000000
110929  47.598  31.857  28.665 0.0000000000
110930  47.100  31.487  28.846 0.0000000000
110938  48.244  31.612  27.417 0.0000000000
110939  48.127  31.892  27.975 0.0000000000
110940  44.173  32.148  27.395 0.0000000000
110941  43.703  32.244  27.404 0.0000000000
110949  48.167  31.670  26.498 0.0000000000
110950  47.516  31.888  26.523 0.0000000000
110951  46.622  31.776  26.640 0.0000000000
110952  45.645  31.722  26.706 0.0000000000
110953  44.647  31.856  26.889 0.0000000000
110954  43.382  32.059  26.788 0.0000000000
110955  42.589  32.133  26.442 0.0000000000
110965  48.119  31.298  25.767 0.0000000000
110966  47.832  31.477  25.783 0.0000000000
110967  47.107  31.317  25.949 0.0000000000
110968  46.095  31.226  26.060 0.0000000000
110969  45.000  31.206  26.175 0.0000000000
110970  43.788  31.254  26.205 0.0000000000
110971  42.341  31.622  25.647 0.0000000000
110972  41.411  31.855  25.359 0.0000000000
110975  37.847  31.654  25.453 0.0000000000
110976  36.861  31.747  25.562 0.0000000000
110977  36.057  31.702  25.789 0.0000000000
110981  41.895  31.149  24.825 0.0000000000
110982  41.119  31.645  24.527 0.0000000000
110983  40.529  32.371  24.182 0.0000000000
110985  41.046  31.546  23.285 0.0000000000
110986  40.623  32.196  23.627 0.0000000000
110990  42.040  31.189  22.205 0.0000000000
110991  41.387  31.808  22.430 0.0000000000
110992  40.777  32.134  22.889 0.0000000000
110999  42.457  31.705  21.446 0.0000000000
111000  41.892  31.782  21.935 0.0000000000
111013  43.289  31.630  20.314 0.0000000000
111014  42.926  31.744  20.933 0.0000000000
111025  43.701  31.585  19.434 0.0000000000
111033  44.236  31.575  18.526 0.0000000000
111034  43.947  31.582  19.025 0.0000000000
111484  44.140  31.929  31.158 0.0000000000
111485  43.854  31.795  31.186 0.0000000000
111494  46.320  32.690  30.122 0.0000000000
111495  45.578  32.589  30.212 0.0000000000
111496  44.384  32.326  30.625 0.0000000000
111497  43.478  32.014  30.852 0.0000000000
111498  42.877  31.794  30.579 0.0000000000
111509  47.071  32.369  29.200 0.0000000000
111510  46.673  32.752  29.705 0.0000000000
111511  45.639  32.877  29.657 0.0000000000
111512  44.667  32.637  29.802 0.0000000000
111513  43.605  32.449  29.976 0.0000000000
111514  42.583  32.083  30.027 0.0000000000
111521  47.338  32.379  28.590 0.0000000000
111522  46.779  32.830  29.038 0.0000000000
111523  45.907  32.953  28.874 0.0000000000
111524  44.887  32.680  28.906 0.0000000000
111525  43.811  32.646  29.009 0.0000000000
111526  42.785  32.481  29.059 0.0000000000
111527  41.980  32.152  29.090 0.0000000000
111531  48.198  31.991  27.673 0.0000000000
111532  47.897  32.209  27.938 0.0000000000
111533  47.286  32.509  28.029 0.0000000000
111534  46.429  32.629  28.049 0.0000000000
111535  45.192  32.483  27.785 0.0000000000
111536  44.006  32.376  28.033 0.0000000000
111537  43.053  32.504  28.091 0.0000000000
111538  41.953  32.173  27.984 0.0000000000
111544  48.191  32.052  27.351 0.0000000000
111545  47.824  32.308  27.213 0.0000000000
111546  47.028  32.258  27.288 0.0000000000
111547  46.070  32.215  27.248 0.0000000000
111548  45.388  32.098  27.143 0.0000000000
111549  43.324  32.375  27.454 0.0000000000
111550  42.572  32.406  27.081 0.0000000000
111551  41.671  32.227  26.824 0.0000000000
111552  40.820  31.955  26.502 0.0000000000
111554  34.824  32.369  26.231 0.0000000000
111559  42.120  32.215  26.337 0.0000000000
111560  41.411  32.124  25.918 0.0000000000
111561  40.548  32.144  25.639 0.0000000000
111562  39.654  32.273  25.463 0.0000000000
111563  38.542  32.351  25.128 0.0000000000
111564  37.328  32.740  25.088 0.0000000000
111565  36.327  32.518  25.528 0.0000000000
111566  35.575  32.430  25.867 0.0000000000
111570  40.904  32.038  25.256 0.0000000000
111571  40.312  32.781  24.709 0.0000000000
111572  39.130  33.025  24.717 0.0000000000
111573  38.163  33.180  24.763 0.0000000000
111574  37.592  33.398  24.818 0.0000000000
111577  40.406  32.911  23.815 0.0000000000
111580  40.989  32.654  22.411 0.0000000000
111581  40.555  32.805  23.073 0.0000000000
111587  42.434  32.498  21.344 0.0000000000
111588  41.788  32.547  21.772 0.0000000000
111600  43.394  32.513  20.330 0.0000000000
111601  42.998  32.483  20.916 0.0000000000
111615  44.164  32.903  19.293 0.0000000000
111616  43.802  32.617  19.641 0.0000000000
111624  44.278  32.632  18.880 0.0000000000
111625  43.957  32.007  19.085 0.0000000000
112166  46.330  32.957  30.139 0.0000000000
112167  46.182  32.963  30.150 0.0000000000
112178  46.408  32.972  29.986 0.0000000000
112179  46.158  33.038  30.052 0.0000000000
112186  46.541  32.952  29.683 0.0000000000
112187  46.275  33.062  29.651 0.0000000000
112196  35.169  33.377  26.202 0.0000000000
112197  34.305  33.158  26.531 0.0000000000
112200  37.078  33.891  24.874 0.0000000000
112201  36.381  33.448  25.354 0.0000000000
112202  35.820  33.121  25.714 0.0000000000
112205  40.114  33.444  23.936 0.0000000000
112206  39.504  33.782  24.054 0.0000000000
112207  38.531  33.837  24.413 0.0000000000
112208  37.813  33.800  24.659 0.0000000000
112212  40.231  33.646  23.232 0.0000000000
112213  39.897  33.843  23.658 0.0000000000
112215  41.183  33.464  22.053 0.0000000000
112216  40.677  33.357  22.622 0.0000000000
112220  43.213  33.848  20.936 0.0000000000
112221  42.499  33.300  21.335 0.0000000000
112222  41.765  33.366  21.685 0.0000000000
112230  44.157  34.047  19.935 0.0000000000
112231  43.569  33.320  20.419 0.0000000000
112232  43.146  33.214  20.980 0.0000000000
112249  43.947  33.372  19.825 0.0000000000
112833  32.218  35.087  29.082 0.0000000000
112834  31.845  34.950  29.148 0.0000000000
112841  33.143  34.904  28.304 0.0000000000
112842  32.535  34.791  28.603 0.0000000000
112846  35.073  34.906  26.945 0.0000000000
112847  34.678  34.783  27.152 0.0000000000
112848  33.570  34.585  27.689 0.0000000000
112849  32.675  34.040  27.785 0.0000000000
112852  35.785  34.860  26.012 0.0000000000
112853  35.391  34.617  26.475 0.0000000000
112854  34.463  34.076  26.773 0.0000000000
112855  33.772  33.713  26.897 0.0000000000
112858  36.915  34.663  24.923 0.0000000000
112859  36.229  34.603  25.547 0.0000000000
112860  35.753  33.845  25.803 0.0000000000
112862  39.356  34.248  23.757 0.0000000000
112863  38.839  34.539  23.885 0.0000000000
112864  37.699  34.674  24.480 0.0000000000
112868  40.174  34.118  23.010 0.0000000000
112869  39.732  34.464  23.361 0.0000000000
112870  39.005  35.215  23.516 0.0000000000
112873  41.114  33.972  22.035 0.0000000000
112874  40.589  34.260  22.445 0.0000000000
112875  40.064  35.100  22.748 0.0000000000
112877  43.378  34.468  21.012 0.0000000000
112878  42.833  34.343  21.305 0.0000000000
112879  41.663  34.217  21.728 0.0000000000
112880  41.035  34.914  21.883 0.0000000000
112886  43.873  34.533  20.584 0.0000000000
113479  33.755  35.938  29.092 0.0000000000
113480  33.062  35.696  29.309 0.0000000000
113481  32.361  35.443  29.338 0.0000000000
113490  34.831  35.706  28.134 0.0000000000
113491  34.108  35.565  28.432 0.0000000000
113492  33.341  35.276  28.580 0.0000000000
113493  32.798  35.343  28.978 0.0000000000
113496  35.799  35.635  27.065 0.0000000000
113497  35.137  35.270  27.240 0.0000000000
113498  34.357  35.215  27.778 0.0000000000
113499  33.843  35.184  28.120 0.0000000000
113502  35.903  35.300  26.182 0.0000000000
113503  35.533  35.232  26.724 0.0000000000
113506  36.837  35.473  25.031 0.0000000000
113507  36.317  35.291  25.618 0.0000000000
113510  38.253  35.642  23.932 0.0000000000
113511  37.571  35.555  24.482 0.0000000000
113514  39.480  35.690  23.041 0.0000000000
113515  38.834  35.767  23.467 0.0000000000
113518  40.561  35.512  22.264 0.0000000000
113519  40.048  35.595  22.683 0.0000000000
113524  43.624  35.208  21.204 0.0000000000
113525  42.555  35.167  21.553 0.0000000000
113526  41.647  35.285  21.784 0.0000000000
113527  41.087  35.435  21.856 0.0000000000
113533  44.190  35.215  20.842 0.0000000000
114120  35.005  37.166  30.446 0.0000000000
114121  34.558  37.075  30.460 0.0000000000
114122  33.634  36.847  30.397 0.0000000000
114132  36.081  37.027  29.549 0.0000000000
114133  35.426  36.996  29.873 0.0000000000
114134  34.351  36.479  29.649 0.0000000000
114135  33.359  36.280  29.743 0.0000000000
114136  32.764  35.997  29.694 0.0000000000
114145  36.958  36.928  28.607 0.0000000000
114146  36.454  36.790  28.978 0.0000000000
114147  35.341  36.280  28.732 0.0000000000
114148  34.469  36.034  28.803 0.0000000000
114156  36.941  36.815  28.123 0.0000000000
114157  36.249  36.215  27.788 0.0000000000
114158  35.498  35.807  27.805 0.0000000000
114163  36.877  36.727  27.028 0.0000000000
114164  36.364  36.018  26.601 0.0000000000
114166  36.867  36.549  25.726 0.0000000000
114167  36.406  35.757  25.801 0.0000000000
114170  38.230  36.473  24.095 0.0000000000
114171  37.632  36.416  24.621 0.0000000000
114174  40.555  37.157  23.097 0.0000000000
114175  39.910  36.819  23.133 0.0000000000
114176  38.828  36.541  23.628 0.0000000000
114181  44.189  36.667  22.234 0.0000000000
114182  43.035  36.678  22.240 0.0000000000
114183  41.901  36.712  22.297 0.0000000000
114184  40.772  36.680  22.527 0.0000000000
114185  40.088  36.083  22.639 0.0000000000
114191  44.379  36.119  21.668 0.0000000000
114192  43.338  36.034  21.675 0.0000000000
114193  42.271  36.032  21.767 0.0000000000
114194  41.299  36.018  21.881 0.0000000000
114765  34.826  37.977  31.466 0.0000000000
114766  34.345  38.133  31.407 0.0000000000
114778  37.761  37.812  30.248 0.0000000000
114779  36.824  37.729  30.454 0.0000000000
114780  35.927  37.691  30.616 0.0000000000
114781  35.096  37.439  30.782 0.0000000000
114782  34.031  37.589  31.113 0.0000000000
114797  38.654  37.789  29.273 0.0000000000
114798  38.011  37.570  29.442 0.0000000000
114799  37.234  37.400  29.675 0.0000000000
114800  36.321  37.288  29.820 0.0000000000
114801  35.681  37.361  30.286 0.0000000000
114816  38.671  37.780  28.929 0.0000000000
114817  38.360  37.640  28.796 0.0000000000
114818  37.420  37.190  28.733 0.0000000000
114819  36.885  37.140  29.300 0.0000000000
114832  38.107  37.630  28.084 0.0000000000
114833  37.498  37.264  27.581 0.0000000000
114842  38.155  37.849  27.122 0.0000000000
114843  37.550  37.317  26.397 0.0000000000
114848  39.393  38.308  25.681 0.0000000000
114849  38.567  37.969  25.813 0.0000000000
114850  37.726  37.161  25.231 0.0000000000
114852  40.481  38.093  24.501 0.0000000000
114853  39.757  38.136  24.844 0.0000000000
114854  38.452  37.202  24.448 0.0000000000
114855  37.883  36.957  24.723 0.0000000000
114859  45.820  37.718  23.457 0.0000000000
114860  44.732  37.727  23.465 0.0000000000
114861  43.546  37.758  23.488 0.0000000000
114862  42.307  37.747  23.589 0.0000000000
114863  40.802  37.763  23.822 0.0000000000
114864  39.366  37.342  23.878 0.0000000000
114865  38.824  37.070  23.920 0.0000000000
114869  45.052  37.232  22.844 0.0000000000
114870  43.872  37.285  22.782 0.0000000000
114871  42.677  37.299  22.833 0.0000000000
114872  41.523  37.283  22.966 0.0000000000
114873  40.879  37.261  23.049 0.0000000000
115395  37.456  39.331  32.305 0.0000000000
115396  37.052  39.255  32.232 0.0000000000
115397  36.338  39.155  32.047 0.0000000000
115400  41.593  39.352  31.665 0.0000000000
115401  41.261  39.273  31.656 0.0000000000
115402  40.424  39.064  31.672 0.0000000000
115403  39.294  38.957  31.717 0.0000000000
115404  37.890  39.013  32.016 0.0000000000
115405  36.719  38.739  31.747 0.0000000000
115406  35.623  38.664  31.630 0.0000000000
115407  34.686  38.546  31.487 0.0000000000
115415  41.594  39.249  31.342 0.0000000000
115416  40.920  38.893  31.044 0.0000000000
115417  39.860  38.586  30.883 0.0000000000
115418  38.577  38.297  30.847 0.0000000000
115419  37.337  38.270  31.097 0.0000000000
115420  36.293  38.196  31.136 0.0000000000
115421  35.507  37.968  31.202 0.0000000000
115422  34.097  38.424  31.197 0.0000000000
115433  41.650  39.020  30.448 0.0000000000
115434  40.524  38.610  30.049 0.0000000000
115435  39.315  38.158  29.811 0.0000000000
115436  38.489  37.856  29.934 0.0000000000
115450  41.318  38.835  29.099 0.0000000000
115451  40.009  38.432  28.915 0.0000000000
115452  38.965  37.983  28.735 0.0000000000
115453  38.524  37.823  28.379 0.0000000000
115466  42.531  38.801  27.343 0.0000000000
115467  41.792  38.775  27.830 0.0000000000
115468  40.539  38.545  27.921 0.0000000000
115469  39.494  38.297  27.898 0.0000000000
115470  38.669  38.046  27.882 0.0000000000
115484  45.558  39.233  26.128 0.0000000000
115485  44.832  38.990  26.415 0.0000000000
115486  43.890  38.716  26.589 0.0000000000
115487  42.842  38.754  26.711 0.0000000000
115488  41.797  38.612  26.744 0.0000000000
115489  40.824  38.531  26.881 0.0000000000
115490  39.856  38.438  26.977 0.0000000000
115491  38.948  38.343  26.990 0.0000000000
115500  46.618  39.036  24.987 0.0000000000
115501  46.073  38.983  25.502 0.0000000000
115502  45.093  38.760  25.661 0.0000000000
115503  44.053  38.612  25.772 0.0000000000
115504  42.979  38.597  25.826 0.0000000000
115505  41.918  38.489  25.864 0.0000000000
115506  40.980  38.442  25.955 0.0000000000
115507  40.056  38.476  25.972 0.0000000000
115508  39.330  38.398  26.265 0.0000000000
115514  46.204  38.603  24.667 0.0000000000
115515  45.330  38.550  24.863 0.0000000000
115516  44.236  38.496  24.947 0.0000000000
115517  43.119  38.432  25.017 0.0000000000
115518  42.075  38.369  25.072 0.0000000000
115519  40.964  38.261  24.965 0.0000000000
115520  40.416  38.384  25.400 0.0000000000
115524  45.535  38.208  24.077 0.0000000000
115525  44.454  38.233  24.140 0.0000000000
115526  43.286  38.229  24.203 0.0000000000
115527  42.150  38.151  24.340 0.0000000000
115528  41.466  38.172  24.515 0.0000000000
116005  39.465  40.624  33.294 0.0000000000
116006  38.981  40.729  33.414 0.0000000000
116014  42.319  39.959  32.182 0.0000000000
116015  41.533  39.892  32.492 0.0000000000
116016  40.612  39.912  32.803 0.0000000000
116017  39.662  40.026  32.881 0.0000000000
116018  38.657  40.223  33.041 0.0000000000
116019  37.555  39.771  32.599 0.0000000000
116020  36.630  39.684  32.349 0.0000000000
116021  35.967  39.486  31.949 0.0000000000
116025  43.124  40.145  31.069 0.0000000000
116026  42.591  39.788  31.592 0.0000000000
116027  41.828  39.474  31.879 0.0000000000
116028  41.005  39.465  32.208 0.0000000000
116029  40.020  39.489  32.313 0.0000000000
116030  38.956  39.517  32.460 0.0000000000
116031  38.238  39.609  32.560 0.0000000000
116032  35.155  39.328  31.459 0.0000000000
116033  34.533  38.829  31.328 0.0000000000
116038  43.366  39.950  30.301 0.0000000000
116039  42.812  39.668  30.820 0.0000000000
116040  42.189  39.392  31.153 0.0000000000
116041  35.187  39.616  30.487 0.0000000000
116042  34.469  39.064  30.875 0.0000000000
116049  44.232  39.949  29.220 0.0000000000
116050  43.652  39.683  29.585 0.0000000000
116051  42.988  39.505  30.035 0.0000000000
116052  42.430  39.327  30.473 0.0000000000
116063  44.456  39.743  28.523 0.0000000000
116064  43.929  39.427  28.829 0.0000000000
116065  43.159  39.212  29.221 0.0000000000
116066  42.356  39.125  29.708 0.0000000000
116078  45.274  40.014  27.326 0.0000000000
116079  44.895  39.796  27.756 0.0000000000
116080  44.262  39.238  28.037 0.0000000000
116081  43.150  39.046  28.106 0.0000000000
116082  42.390  38.969  28.808 0.0000000000
116095  45.346  39.677  26.857 0.0000000000
116096  44.575  39.179  27.213 0.0000000000
116097  43.703  38.898  27.365 0.0000000000
116098  43.076  38.887  27.377 0.0000000000
116109  46.450  39.596  25.300 0.0000000000
116110  46.026  39.711  26.067 0.0000000000
116587  40.375  41.043  33.143 0.0000000000
116588  40.035  41.094  33.313 0.0000000000
116589  39.216  41.254  33.587 0.0000000000
116590  38.600  41.367  33.514 0.0000000000
116601  42.440  40.183  32.111 0.0000000000
116602  42.041  40.251  32.260 0.0000000000
116603  40.795  40.654  32.680 0.0000000000
116604  40.132  40.472  33.040 0.0000000000
116605  38.652  40.872  33.421 0.0000000000
116606  37.928  40.847  33.207 0.0000000000
116607  36.985  40.486  32.591 0.0000000000
116608  36.306  40.050  32.284 0.0000000000
116617  43.226  40.524  31.127 0.0000000000
116618  42.749  40.430  31.747 0.0000000000
116619  41.913  40.665  32.000 0.0000000000
116620  40.968  40.816  31.967 0.0000000000
116621  40.508  41.120  31.608 0.0000000000
116623  35.952  40.047  31.821 0.0000000000
116628  43.973  40.671  29.990 0.0000000000
116629  43.604  40.561  30.360 0.0000000000
116630  42.636  40.929  31.475 0.0000000000
116631  41.837  40.936  31.335 0.0000000000
116632  40.966  40.896  31.056 0.0000000000
116633  40.122  41.077  30.793 0.0000000000
116642  44.145  40.540  29.608 0.0000000000
116643  43.837  40.148  29.811 0.0000000000
116644  42.556  41.135  30.740 0.0000000000
116645  41.668  41.016  30.385 0.0000000000
116646  40.677  40.837  30.015 0.0000000000
116647  39.640  40.812  29.662 0.0000000000
116648  39.108  41.048  29.052 0.0000000000
116657  44.557  40.358  28.583 0.0000000000
116658  42.458  41.186  29.733 0.0000000000
116659  41.452  40.933  29.273 0.0000000000
116660  40.385  40.692  28.892 0.0000000000
116661  39.471  40.747  28.540 0.0000000000
116662  38.725  41.042  28.313 0.0000000000
116672  45.337  40.125  27.074 0.0000000000
116673  45.006  40.433  27.449 0.0000000000
116674  42.347  41.180  28.574 0.0000000000
116675  41.183  40.950  28.082 0.0000000000
116676  40.066  40.661  27.771 0.0000000000
116677  39.089  40.689  27.558 0.0000000000
116678  38.210  40.939  27.394 0.0000000000
116679  37.713  41.176  27.041 0.0000000000
116694  45.489  40.343  26.542 0.0000000000
116695  44.967  40.849  26.767 0.0000000000
116696  42.214  41.152  27.180 0.0000000000
116697  40.749  40.867  26.887 0.0000000000
116698  39.601  40.620  26.712 0.0000000000
116699  38.618  40.635  26.592 0.0000000000
116700  37.829  40.845  26.501 0.0000000000
116701  37.400  41.307  26.511 0.0000000000
116714  46.048  40.372  25.479 0.0000000000
116715  44.995  41.036  25.885 0.0000000000
116716  43.850  41.173  25.699 0.0000000000
116717  42.805  41.190  25.933 0.0000000000
116718  41.394  40.939  25.897 0.0000000000
116719  40.138  40.716  25.788 0.0000000000
116720  39.040  40.463  25.709 0.0000000000
116721  38.051  40.580  25.653 0.0000000000
116722  37.186  40.980  25.691 0.0000000000
116723  36.754  41.270  25.301 0.0000000000
116734  45.246  40.680  24.749 0.0000000000
116735  44.124  40.868  24.869 0.0000000000
116736  43.002  41.011  24.877 0.0000000000
116737  41.841  40.948  24.884 0.0000000000
116738  40.659  40.716  24.848 0.0000000000
116739  39.526  40.474  24.790 0.0000000000
116740  38.411  40.328  24.690 0.0000000000
116741  37.355  40.553  24.691 0.0000000000
116742  36.660  40.983  24.833 0.0000000000
116752  41.132  40.549  23.942 0.0000000000
116753  40.042  40.446  23.934 0.0000000000
116754  38.988  40.131  23.848 0.0000000000
116755  37.702  40.231  23.397 0.0000000000
116756  36.400  40.775  23.774 0.0000000000
116757  35.867  41.215  23.368 0.0000000000
116766  36.566  40.553  22.591 0.0000000000
116767  35.830  41.013  22.800 0.0000000000
117224  40.212  41.365  33.127 0.0000000000
117225  39.772  42.062  33.757 0.0000000000
117226  38.950  41.988  33.768 0.0000000000
117237  40.486  41.304  32.607 0.0000000000
117238  40.109  42.026  33.083 0.0000000000
117251  43.303  40.810  31.100 0.0000000000
117252  43.065  40.897  31.448 0.0000000000
117253  40.506  41.207  32.113 0.0000000000
117254  39.992  41.674  31.890 0.0000000000
117262  44.036  40.908  29.913 0.0000000000
117263  43.598  41.022  30.412 0.0000000000
117264  43.168  41.134  30.998 0.0000000000
117265  39.307  41.636  30.342 0.0000000000
117266  38.903  42.039  29.850 0.0000000000
117274  44.361  40.983  29.177 0.0000000000
117275  43.868  41.227  29.640 0.0000000000
117276  43.223  41.232  30.161 0.0000000000
117277  39.193  41.277  29.533 0.0000000000
117278  38.749  41.676  29.176 0.0000000000
117287  44.615  41.012  28.214 0.0000000000
117288  44.071  41.369  28.707 0.0000000000
117289  43.292  41.328  29.167 0.0000000000
117290  38.107  41.677  28.000 0.0000000000
117302  44.679  41.027  27.352 0.0000000000
117303  44.225  41.380  27.743 0.0000000000
117304  43.355  41.375  28.060 0.0000000000
117305  37.875  41.361  27.418 0.0000000000
117320  44.667  41.111  26.828 0.0000000000
117321  44.361  41.257  27.070 0.0000000000
117322  43.611  41.320  26.945 0.0000000000
117338  44.775  41.074  26.486 0.0000000000
117339  44.324  41.232  26.448 0.0000000000
117340  43.678  41.298  26.239 0.0000000000
117341  37.056  41.457  26.111 0.0000000000
117342  36.766  41.644  25.696 0.0000000000
117353  36.465  41.683  24.955 0.0000000000
117354  36.164  41.843  24.378 0.0000000000
117361  36.258  41.314  24.375 0.0000000000
117362  35.899  41.606  23.819 0.0000000000
