#!ascii label  , from subject FREESURFER vox2ras=TkReg 
420
26872  19.873  -61.020  9.454 0.0000000000
26927  26.078  -61.101  5.708 0.0000000000
26949  26.748  -60.920  5.076 0.0000000000
26950  26.240  -61.465  5.279 0.0000000000
26969  26.759  -60.918  4.818 0.0000000000
26970  26.575  -61.289  4.737 0.0000000000
27982  20.414  -60.353  9.999 0.0000000000
28002  20.202  -60.132  9.054 0.0000000000
28026  20.198  -60.452  8.346 0.0000000000
28046  21.350  -60.972  7.327 0.0000000000
28047  20.856  -60.816  7.581 0.0000000000
28065  26.256  -60.595  5.823 0.0000000000
28066  25.805  -60.641  5.975 0.0000000000
28067  24.956  -60.620  6.002 0.0000000000
28068  23.921  -60.498  5.951 0.0000000000
28069  22.882  -60.541  6.219 0.0000000000
28070  21.774  -60.678  6.893 0.0000000000
28071  21.100  -59.968  6.951 0.0000000000
28085  26.889  -60.524  5.153 0.0000000000
28086  26.607  -60.537  5.490 0.0000000000
28087  23.431  -59.942  5.994 0.0000000000
28088  22.932  -59.756  5.985 0.0000000000
28100  26.936  -60.594  4.793 0.0000000000
29039  21.546  -58.945  12.249 0.0000000000
29053  21.603  -58.961  11.176 0.0000000000
29067  21.499  -58.869  10.345 0.0000000000
29068  21.045  -59.617  10.482 0.0000000000
29081  21.237  -59.026  9.775 0.0000000000
29082  20.699  -59.411  9.296 0.0000000000
29099  20.383  -59.470  8.305 0.0000000000
29119  20.578  -59.725  7.474 0.0000000000
29138  26.361  -60.056  6.026 0.0000000000
29139  25.630  -59.811  6.184 0.0000000000
29140  24.667  -59.654  6.072 0.0000000000
29141  23.910  -59.697  5.976 0.0000000000
29142  22.371  -59.916  6.283 0.0000000000
29143  21.683  -59.575  6.380 0.0000000000
29144  20.931  -59.051  6.517 0.0000000000
29164  27.162  -60.044  5.198 0.0000000000
29165  26.938  -59.587  5.680 0.0000000000
29166  24.162  -59.180  5.915 0.0000000000
29167  23.469  -59.231  5.799 0.0000000000
29168  22.466  -59.151  5.780 0.0000000000
29169  21.584  -58.763  5.828 0.0000000000
29170  21.119  -58.370  5.916 0.0000000000
29186  27.261  -59.801  4.585 0.0000000000
30032  23.491  -58.174  15.232 0.0000000000
30033  22.962  -58.113  14.853 0.0000000000
30066  22.385  -57.860  13.457 0.0000000000
30080  22.487  -57.713  12.595 0.0000000000
30081  21.984  -58.339  12.861 0.0000000000
30092  22.533  -57.549  12.042 0.0000000000
30093  22.164  -58.113  11.747 0.0000000000
30104  21.752  -58.102  10.599 0.0000000000
30112  21.437  -58.372  9.806 0.0000000000
30113  21.000  -58.501  9.288 0.0000000000
30121  20.664  -58.533  8.490 0.0000000000
30136  20.581  -58.576  7.343 0.0000000000
30148  26.397  -59.027  6.084 0.0000000000
30149  25.438  -58.807  6.155 0.0000000000
30150  24.656  -58.868  6.029 0.0000000000
30151  20.822  -58.114  6.278 0.0000000000
30163  27.409  -59.024  5.098 0.0000000000
30164  27.082  -58.732  5.728 0.0000000000
30165  24.953  -58.320  5.979 0.0000000000
30166  24.194  -58.455  5.726 0.0000000000
30167  23.208  -58.348  5.520 0.0000000000
30168  22.244  -58.181  5.420 0.0000000000
30169  21.466  -57.989  5.450 0.0000000000
30170  21.027  -57.848  5.654 0.0000000000
31018  24.006  -57.573  15.464 0.0000000000
31019  23.509  -57.415  14.972 0.0000000000
31020  23.027  -57.613  14.495 0.0000000000
31031  23.435  -57.030  14.308 0.0000000000
31032  22.882  -57.430  13.914 0.0000000000
31047  23.312  -56.835  13.567 0.0000000000
31048  22.874  -57.278  13.133 0.0000000000
31064  23.197  -56.733  12.915 0.0000000000
31065  22.865  -57.048  12.320 0.0000000000
31077  22.402  -57.149  11.568 0.0000000000
31078  21.999  -57.504  11.086 0.0000000000
31087  21.986  -56.928  11.014 0.0000000000
31088  21.794  -57.183  10.467 0.0000000000
31095  21.445  -57.513  9.675 0.0000000000
31096  21.227  -58.015  9.415 0.0000000000
31106  21.214  -57.317  9.266 0.0000000000
31107  20.984  -57.620  8.964 0.0000000000
31115  20.830  -57.600  7.855 0.0000000000
31121  26.116  -58.149  6.116 0.0000000000
31122  25.555  -57.904  6.039 0.0000000000
31123  20.801  -57.458  6.757 0.0000000000
31129  27.392  -57.973  5.449 0.0000000000
31130  26.757  -58.065  5.878 0.0000000000
31131  24.889  -57.627  5.847 0.0000000000
31132  23.957  -57.508  5.493 0.0000000000
31133  22.946  -57.422  5.309 0.0000000000
31134  21.943  -57.273  4.872 0.0000000000
31135  21.066  -57.473  5.060 0.0000000000
31136  20.739  -57.259  5.677 0.0000000000
31147  21.720  -56.667  4.583 0.0000000000
31148  21.235  -56.840  4.661 0.0000000000
31149  20.667  -56.932  4.898 0.0000000000
31969  24.350  -56.794  15.641 0.0000000000
31970  23.950  -57.065  15.257 0.0000000000
31977  24.363  -56.220  15.397 0.0000000000
31978  23.982  -56.509  14.897 0.0000000000
31988  23.705  -56.272  13.998 0.0000000000
32002  23.473  -56.163  13.205 0.0000000000
32003  23.125  -56.206  12.484 0.0000000000
32017  22.683  -56.331  11.804 0.0000000000
32031  22.216  -56.363  11.189 0.0000000000
32032  21.848  -56.418  10.604 0.0000000000
32045  21.561  -56.580  9.936 0.0000000000
32058  21.222  -56.805  9.220 0.0000000000
32059  21.028  -56.727  8.372 0.0000000000
32067  20.914  -56.587  7.345 0.0000000000
32074  26.378  -57.544  6.006 0.0000000000
32075  26.003  -57.622  6.110 0.0000000000
32076  20.680  -56.471  6.252 0.0000000000
32082  27.699  -57.031  5.067 0.0000000000
32083  26.979  -57.024  5.772 0.0000000000
32084  25.874  -56.946  6.032 0.0000000000
32085  24.753  -56.622  5.710 0.0000000000
32086  23.665  -56.480  5.296 0.0000000000
32087  22.759  -56.711  5.003 0.0000000000
32088  20.341  -56.273  5.204 0.0000000000
32101  23.054  -56.068  4.916 0.0000000000
32102  22.295  -56.280  4.571 0.0000000000
32103  21.515  -56.162  4.374 0.0000000000
32104  20.781  -56.214  4.539 0.0000000000
32936  24.589  -55.877  15.947 0.0000000000
32944  24.318  -55.699  15.183 0.0000000000
32945  24.034  -55.589  14.459 0.0000000000
32954  23.630  -55.455  13.693 0.0000000000
32966  23.186  -55.371  12.886 0.0000000000
32967  22.715  -55.515  12.126 0.0000000000
32981  22.327  -55.625  11.439 0.0000000000
32996  21.953  -55.680  10.826 0.0000000000
32997  21.643  -55.759  10.215 0.0000000000
33011  21.315  -55.797  9.546 0.0000000000
33012  21.003  -55.390  8.998 0.0000000000
33021  21.085  -56.072  8.842 0.0000000000
33022  20.869  -55.666  8.115 0.0000000000
33028  20.682  -55.592  6.923 0.0000000000
33035  20.396  -55.572  5.906 0.0000000000
33042  27.542  -55.980  5.323 0.0000000000
33043  26.642  -55.781  5.680 0.0000000000
33044  25.592  -55.641  5.755 0.0000000000
33045  24.538  -55.551  5.508 0.0000000000
33046  23.672  -55.441  5.100 0.0000000000
33047  19.987  -55.402  5.208 0.0000000000
33048  19.716  -55.095  4.761 0.0000000000
33064  22.956  -55.411  4.569 0.0000000000
33065  22.117  -55.421  4.127 0.0000000000
33066  21.095  -55.345  3.903 0.0000000000
33067  20.100  -55.452  4.376 0.0000000000
33068  19.679  -55.077  4.397 0.0000000000
33083  20.328  -55.089  3.787 0.0000000000
33084  19.905  -55.122  3.900 0.0000000000
33892  24.119  -54.136  17.059 0.0000000000
33900  24.526  -54.970  16.506 0.0000000000
33901  24.050  -54.282  16.046 0.0000000000
33909  24.373  -55.018  15.608 0.0000000000
33910  23.970  -54.445  15.210 0.0000000000
33919  24.211  -55.030  14.915 0.0000000000
33920  23.693  -54.599  14.361 0.0000000000
33921  23.055  -54.147  13.845 0.0000000000
33930  23.265  -54.769  13.464 0.0000000000
33931  22.769  -54.321  13.166 0.0000000000
33940  22.985  -54.796  12.993 0.0000000000
33941  22.627  -54.730  12.516 0.0000000000
33952  22.194  -54.810  11.741 0.0000000000
33953  21.762  -54.580  11.226 0.0000000000
33966  22.006  -55.084  11.116 0.0000000000
33967  21.549  -54.862  10.544 0.0000000000
33968  21.239  -54.524  10.304 0.0000000000
33983  21.447  -55.274  9.990 0.0000000000
33984  21.169  -54.755  9.747 0.0000000000
33999  20.794  -54.668  8.708 0.0000000000
34008  26.698  -54.083  5.389 0.0000000000
34009  26.905  -53.701  5.341 0.0000000000
34010  20.570  -54.685  7.645 0.0000000000
34019  26.888  -54.201  5.285 0.0000000000
34020  26.760  -53.889  5.263 0.0000000000
34021  20.222  -54.668  6.457 0.0000000000
34022  19.944  -54.191  6.123 0.0000000000
34031  27.295  -54.732  5.276 0.0000000000
34032  26.380  -54.460  5.450 0.0000000000
34033  25.273  -54.575  5.521 0.0000000000
34034  24.334  -54.601  5.290 0.0000000000
34035  23.607  -54.584  4.797 0.0000000000
34036  20.099  -55.067  5.728 0.0000000000
34037  19.801  -54.579  5.462 0.0000000000
34052  22.837  -54.526  4.266 0.0000000000
34053  21.894  -54.521  3.647 0.0000000000
34054  21.312  -54.814  3.642 0.0000000000
34055  19.611  -54.993  4.067 0.0000000000
34056  19.438  -54.608  4.527 0.0000000000
34066  21.593  -54.046  3.392 0.0000000000
34067  20.955  -54.498  3.498 0.0000000000
34068  19.856  -54.614  3.608 0.0000000000
34069  19.197  -54.522  3.905 0.0000000000
34865  23.434  -53.342  17.657 0.0000000000
34866  22.961  -52.854  18.002 0.0000000000
34873  23.518  -53.461  16.451 0.0000000000
34874  23.191  -53.116  16.254 0.0000000000
34880  23.613  -53.805  15.502 0.0000000000
34881  23.165  -53.222  15.767 0.0000000000
34888  23.649  -54.066  14.920 0.0000000000
34889  23.104  -53.572  14.695 0.0000000000
34897  22.428  -53.484  13.555 0.0000000000
34898  21.968  -53.017  13.309 0.0000000000
34907  22.290  -53.974  12.621 0.0000000000
34908  21.876  -53.285  12.781 0.0000000000
34922  22.202  -54.331  12.136 0.0000000000
34923  21.648  -53.866  11.722 0.0000000000
34924  21.068  -53.522  11.296 0.0000000000
34939  21.452  -54.337  11.043 0.0000000000
34940  21.034  -54.002  10.628 0.0000000000
34960  20.676  -53.736  9.428 0.0000000000
34984  20.482  -53.845  8.328 0.0000000000
35000  26.987  -54.089  5.479 0.0000000000
35001  26.919  -53.937  5.319 0.0000000000
35002  20.204  -53.774  7.394 0.0000000000
35003  19.926  -53.328  6.892 0.0000000000
35012  27.109  -54.078  5.228 0.0000000000
35013  26.998  -53.811  5.145 0.0000000000
35014  19.982  -53.916  6.586 0.0000000000
35015  19.733  -53.599  6.032 0.0000000000
35025  27.373  -53.895  4.972 0.0000000000
35026  26.621  -53.402  5.205 0.0000000000
35027  25.862  -53.608  5.353 0.0000000000
35028  24.912  -53.628  5.347 0.0000000000
35029  24.141  -53.923  5.064 0.0000000000
35030  19.423  -53.780  5.051 0.0000000000
35044  24.309  -53.269  5.113 0.0000000000
35045  23.591  -53.580  4.660 0.0000000000
35046  22.731  -53.571  4.049 0.0000000000
35047  18.802  -53.847  4.286 0.0000000000
35048  18.402  -53.157  3.760 0.0000000000
35049  18.033  -52.648  3.415 0.0000000000
35059  22.082  -53.519  3.472 0.0000000000
35060  21.342  -53.563  3.223 0.0000000000
35061  20.311  -53.711  3.077 0.0000000000
35062  19.067  -53.808  3.341 0.0000000000
35063  18.448  -52.930  3.235 0.0000000000
35064  17.915  -52.624  3.187 0.0000000000
35073  19.679  -53.268  2.878 0.0000000000
35074  19.073  -53.005  2.888 0.0000000000
35075  18.574  -52.692  2.853 0.0000000000
35892  23.187  -52.987  16.861 0.0000000000
35893  22.668  -52.671  17.328 0.0000000000
35894  21.750  -52.031  17.717 0.0000000000
35913  23.193  -53.067  16.495 0.0000000000
35914  22.858  -52.830  16.341 0.0000000000
35915  22.062  -52.097  16.291 0.0000000000
35927  22.597  -52.742  15.398 0.0000000000
35928  21.892  -52.154  14.974 0.0000000000
35935  22.312  -52.829  14.385 0.0000000000
35936  21.726  -52.369  14.064 0.0000000000
35947  22.003  -52.828  13.701 0.0000000000
35948  21.510  -52.561  13.244 0.0000000000
35949  20.988  -52.319  12.643 0.0000000000
35963  21.324  -52.944  12.321 0.0000000000
35964  20.814  -52.548  11.907 0.0000000000
35980  21.083  -53.180  11.677 0.0000000000
35981  20.745  -52.965  11.064 0.0000000000
35997  20.621  -53.159  10.214 0.0000000000
36012  20.369  -52.810  9.610 0.0000000000
36013  20.142  -52.415  9.262 0.0000000000
36037  20.241  -53.018  8.755 0.0000000000
36038  19.975  -52.309  8.746 0.0000000000
36060  20.221  -53.329  8.070 0.0000000000
36061  19.951  -52.732  7.787 0.0000000000
36074  19.689  -52.660  6.659 0.0000000000
36090  25.644  -52.831  5.248 0.0000000000
36091  24.889  -52.708  5.216 0.0000000000
36092  19.377  -52.697  5.481 0.0000000000
36093  19.094  -52.159  5.102 0.0000000000
36111  24.120  -52.593  4.968 0.0000000000
36112  23.308  -52.632  4.487 0.0000000000
36113  22.571  -52.650  3.917 0.0000000000
36114  19.151  -53.249  4.765 0.0000000000
36115  18.712  -52.629  4.526 0.0000000000
36116  17.915  -52.420  3.839 0.0000000000
36129  21.897  -52.689  3.364 0.0000000000
36130  21.086  -52.787  2.967 0.0000000000
36131  20.329  -52.881  2.785 0.0000000000
36132  17.994  -52.600  2.964 0.0000000000
36133  17.244  -52.326  3.246 0.0000000000
36134  16.546  -52.202  2.975 0.0000000000
36147  19.791  -52.556  2.659 0.0000000000
36148  19.106  -52.348  2.633 0.0000000000
36149  18.410  -52.224  2.683 0.0000000000
36150  17.645  -52.153  2.764 0.0000000000
36151  16.941  -52.054  2.828 0.0000000000
36956  21.091  -51.474  16.821 0.0000000000
36957  20.272  -51.094  16.226 0.0000000000
36958  19.457  -50.895  15.806 0.0000000000
36981  21.065  -51.510  15.467 0.0000000000
36982  20.083  -51.111  15.231 0.0000000000
36983  19.396  -50.878  15.037 0.0000000000
37000  21.242  -51.848  14.347 0.0000000000
37001  20.501  -51.399  14.429 0.0000000000
37002  19.713  -50.991  14.378 0.0000000000
37015  21.329  -52.119  13.766 0.0000000000
37016  20.785  -51.777  13.410 0.0000000000
37017  20.059  -51.192  13.696 0.0000000000
37030  20.481  -51.831  12.318 0.0000000000
37031  19.971  -51.184  12.802 0.0000000000
37042  20.379  -52.030  11.341 0.0000000000
37043  19.854  -51.284  11.744 0.0000000000
37057  20.337  -52.313  10.299 0.0000000000
37058  19.861  -51.431  10.670 0.0000000000
37073  20.212  -52.291  9.670 0.0000000000
37074  19.911  -51.716  9.497 0.0000000000
37093  19.730  -51.699  8.365 0.0000000000
37110  19.617  -51.819  7.348 0.0000000000
37120  19.451  -51.827  6.391 0.0000000000
37130  19.211  -51.710  5.610 0.0000000000
37131  18.831  -51.626  4.977 0.0000000000
37145  23.906  -51.720  4.761 0.0000000000
37146  23.013  -51.737  4.401 0.0000000000
37147  18.098  -51.592  4.400 0.0000000000
37148  17.157  -51.753  3.866 0.0000000000
37149  16.210  -51.596  3.896 0.0000000000
37150  15.335  -51.496  3.852 0.0000000000
37159  22.322  -51.808  3.816 0.0000000000
37160  21.627  -51.848  3.303 0.0000000000
37161  20.720  -51.896  2.791 0.0000000000
37162  16.640  -51.968  3.539 0.0000000000
37163  16.143  -51.966  3.332 0.0000000000
37164  15.313  -51.559  3.211 0.0000000000
37173  19.821  -51.696  2.589 0.0000000000
37174  19.038  -51.608  2.545 0.0000000000
37175  18.222  -51.539  2.535 0.0000000000
37176  17.308  -51.553  2.573 0.0000000000
37177  16.238  -51.642  2.698 0.0000000000
37934  18.734  -50.773  15.291 0.0000000000
37951  18.934  -50.648  14.398 0.0000000000
37952  18.068  -50.655  14.559 0.0000000000
37962  19.269  -50.657  13.389 0.0000000000
37963  18.239  -50.460  13.577 0.0000000000
37970  19.197  -50.668  12.159 0.0000000000
37971  18.351  -50.323  12.506 0.0000000000
37979  19.291  -50.637  11.060 0.0000000000
37980  18.400  -50.099  11.343 0.0000000000
37988  19.440  -50.692  9.983 0.0000000000
37989  18.729  -50.068  10.333 0.0000000000
38000  19.454  -50.801  8.891 0.0000000000
38001  18.887  -50.038  9.322 0.0000000000
38014  19.391  -50.949  7.834 0.0000000000
38015  18.940  -50.118  8.251 0.0000000000
38035  19.420  -51.144  6.982 0.0000000000
38036  18.981  -50.331  7.070 0.0000000000
38048  19.254  -51.011  6.241 0.0000000000
38049  18.809  -50.340  5.952 0.0000000000
38055  18.987  -51.046  5.537 0.0000000000
38056  18.503  -50.722  5.009 0.0000000000
38057  15.455  -50.247  4.735 0.0000000000
38058  15.159  -50.270  4.721 0.0000000000
38069  23.621  -50.824  4.533 0.0000000000
38070  22.640  -50.851  4.275 0.0000000000
38071  22.007  -50.570  4.054 0.0000000000
38072  17.952  -50.839  4.592 0.0000000000
38073  17.481  -51.054  4.360 0.0000000000
38074  16.722  -50.978  4.273 0.0000000000
38075  15.714  -50.627  4.435 0.0000000000
38076  14.631  -50.762  4.341 0.0000000000
38082  22.023  -51.169  3.777 0.0000000000
38083  21.401  -50.853  3.495 0.0000000000
38084  20.433  -50.743  2.981 0.0000000000
38085  19.792  -50.315  2.809 0.0000000000
38095  19.648  -50.999  2.622 0.0000000000
38096  18.990  -50.675  2.520 0.0000000000
38097  18.008  -50.715  2.411 0.0000000000
38098  17.012  -50.706  2.363 0.0000000000
38916  18.066  -49.679  10.501 0.0000000000
38922  18.161  -49.564  9.674 0.0000000000
38929  18.261  -49.473  8.659 0.0000000000
38930  17.390  -49.284  8.992 0.0000000000
38942  18.389  -49.477  7.605 0.0000000000
38943  17.498  -48.936  7.930 0.0000000000
38944  16.500  -49.159  8.094 0.0000000000
38964  18.368  -49.576  6.528 0.0000000000
38965  17.805  -49.126  7.062 0.0000000000
38966  16.188  -49.105  7.018 0.0000000000
38982  18.179  -49.820  5.470 0.0000000000
38983  17.412  -49.148  6.065 0.0000000000
38984  16.391  -49.123  6.102 0.0000000000
38985  15.453  -49.347  6.179 0.0000000000
38992  17.900  -50.281  4.758 0.0000000000
38993  17.393  -49.724  4.966 0.0000000000
38994  16.595  -49.520  5.183 0.0000000000
38995  15.648  -49.778  5.083 0.0000000000
39008  23.263  -49.933  4.437 0.0000000000
39009  22.373  -49.951  4.329 0.0000000000
39010  21.665  -50.020  4.103 0.0000000000
39011  17.669  -50.639  4.562 0.0000000000
39012  17.312  -50.440  4.538 0.0000000000
39013  16.635  -50.176  4.638 0.0000000000
39014  16.123  -49.998  4.790 0.0000000000
39025  21.056  -49.930  3.692 0.0000000000
39026  20.280  -49.691  3.359 0.0000000000
39027  19.391  -49.580  2.890 0.0000000000
39028  18.686  -49.266  2.732 0.0000000000
39038  18.626  -49.964  2.487 0.0000000000
39039  17.857  -49.653  2.447 0.0000000000
39856  17.098  -48.812  7.614 0.0000000000
39857  16.930  -48.834  7.872 0.0000000000
39874  17.188  -48.853  7.087 0.0000000000
39875  16.753  -48.880  7.452 0.0000000000
39891  16.922  -48.885  6.519 0.0000000000
39892  16.683  -48.919  6.853 0.0000000000
39909  21.899  -49.284  4.341 0.0000000000
39910  21.418  -49.507  4.100 0.0000000000
39922  21.075  -48.839  3.994 0.0000000000
39923  19.981  -48.704  3.506 0.0000000000
39924  19.085  -48.633  3.220 0.0000000000
40763  20.514  -47.723  3.711 0.0000000000
