#!ascii label  , from subject FREESURFER vox2ras=TkReg 
465
41410  13.025  -46.077  31.416 0.0000000000
42286  13.266  -45.350  31.240 0.0000000000
42287  12.409  -45.342  30.935 0.0000000000
42288  11.356  -45.758  31.004 0.0000000000
42303  12.136  -44.729  30.654 0.0000000000
42304  11.574  -44.943  30.606 0.0000000000
42305  10.645  -45.111  30.628 0.0000000000
42306  9.594  -45.202  30.648 0.0000000000
43293  13.612  -44.475  31.077 0.0000000000
43294  12.995  -44.890  30.977 0.0000000000
43298  13.204  -43.992  30.780 0.0000000000
43299  12.685  -44.341  30.739 0.0000000000
43300  11.847  -44.214  30.596 0.0000000000
43301  11.001  -44.253  30.497 0.0000000000
43302  10.025  -44.353  30.396 0.0000000000
43303  8.846  -44.371  30.197 0.0000000000
43304  8.142  -44.922  30.151 0.0000000000
43309  8.427  -43.896  29.743 0.0000000000
43310  7.704  -44.465  29.500 0.0000000000
43311  7.157  -45.010  29.223 0.0000000000
43312  2.902  -44.015  29.239 0.0000000000
43325  7.239  -44.064  28.857 0.0000000000
43326  6.589  -44.671  28.713 0.0000000000
43327  5.279  -44.449  28.404 0.0000000000
43328  4.215  -44.331  28.595 0.0000000000
43329  3.416  -44.398  28.936 0.0000000000
44236  14.238  -43.436  31.204 0.0000000000
44237  13.510  -43.073  30.994 0.0000000000
44240  13.514  -43.685  30.907 0.0000000000
44241  12.932  -43.445  30.848 0.0000000000
44242  12.245  -43.545  30.714 0.0000000000
44243  11.465  -43.432  30.607 0.0000000000
44244  10.477  -43.384  30.356 0.0000000000
44245  9.616  -43.715  30.157 0.0000000000
44248  9.762  -43.076  30.091 0.0000000000
44249  9.022  -43.369  29.801 0.0000000000
44250  8.205  -43.386  29.468 0.0000000000
44251  3.019  -43.415  29.218 0.0000000000
44252  2.580  -43.413  29.347 0.0000000000
44253  2.061  -43.404  29.453 0.0000000000
44259  7.552  -43.472  29.018 0.0000000000
44260  6.864  -43.528  28.626 0.0000000000
44261  5.921  -43.556  28.385 0.0000000000
44262  4.789  -43.499  28.437 0.0000000000
44263  3.614  -43.431  28.789 0.0000000000
44264  1.731  -43.403  29.039 0.0000000000
44272  1.753  -43.305  28.071 0.0000000000
45187  14.775  -42.472  31.556 0.0000000000
45188  13.939  -42.405  31.255 0.0000000000
45189  12.898  -42.476  31.180 0.0000000000
45190  12.018  -42.062  31.306 0.0000000000
45191  11.540  -41.810  31.303 0.0000000000
45194  12.520  -43.062  30.889 0.0000000000
45195  12.040  -42.829  30.933 0.0000000000
45196  11.181  -42.393  30.874 0.0000000000
45197  10.197  -42.454  30.456 0.0000000000
45201  9.433  -42.474  30.039 0.0000000000
45202  8.670  -42.552  29.666 0.0000000000
45203  7.821  -42.504  29.322 0.0000000000
45204  7.102  -42.154  29.118 0.0000000000
45205  3.103  -42.810  29.164 0.0000000000
45206  2.524  -42.542  29.278 0.0000000000
45207  1.947  -42.466  29.268 0.0000000000
45211  7.206  -42.819  28.818 0.0000000000
45212  6.434  -42.541  28.624 0.0000000000
45213  5.389  -42.631  28.470 0.0000000000
45214  4.412  -42.608  28.630 0.0000000000
45215  3.707  -42.399  28.907 0.0000000000
45216  1.728  -42.346  28.747 0.0000000000
45224  1.750  -41.949  27.995 0.0000000000
46268  14.474  -41.571  31.572 0.0000000000
46269  13.636  -41.460  31.424 0.0000000000
46270  12.705  -41.377  31.439 0.0000000000
46271  11.895  -41.294  31.534 0.0000000000
46272  11.126  -41.470  31.422 0.0000000000
46273  10.447  -41.364  31.309 0.0000000000
46277  10.554  -41.833  30.906 0.0000000000
46278  9.774  -41.606  30.663 0.0000000000
46279  8.904  -41.328  30.429 0.0000000000
46280  8.228  -41.173  30.292 0.0000000000
46285  9.046  -41.909  30.056 0.0000000000
46286  8.381  -41.778  29.842 0.0000000000
46287  7.553  -41.443  29.694 0.0000000000
46288  6.503  -41.487  29.266 0.0000000000
46289  5.513  -41.160  29.197 0.0000000000
46290  4.527  -41.130  29.109 0.0000000000
46291  3.442  -41.657  29.143 0.0000000000
46292  2.444  -41.448  29.231 0.0000000000
46293  1.864  -41.700  29.094 0.0000000000
46300  5.780  -41.872  28.712 0.0000000000
46301  4.950  -41.827  28.675 0.0000000000
46302  4.114  -41.928  28.884 0.0000000000
46303  3.740  -41.997  28.994 0.0000000000
46304  2.018  -40.988  29.101 0.0000000000
46305  1.796  -41.286  28.599 0.0000000000
46319  1.876  -41.023  27.945 0.0000000000
47278  5.783  -40.394  35.163 0.0000000000
47279  5.024  -40.408  35.257 0.0000000000
47280  4.165  -40.391  35.581 0.0000000000
47281  3.363  -40.219  35.900 0.0000000000
47282  2.853  -40.042  36.081 0.0000000000
47296  8.194  -40.300  34.220 0.0000000000
47297  7.446  -40.360  34.413 0.0000000000
47298  6.433  -40.465  34.750 0.0000000000
47299  5.316  -40.673  34.875 0.0000000000
47300  4.358  -40.794  35.141 0.0000000000
47301  3.408  -40.615  35.426 0.0000000000
47302  2.817  -40.270  35.848 0.0000000000
47310  9.476  -40.350  33.251 0.0000000000
47311  8.765  -40.394  33.627 0.0000000000
47312  7.727  -40.475  33.701 0.0000000000
47313  6.741  -40.559  33.913 0.0000000000
47314  5.704  -40.734  34.165 0.0000000000
47315  4.580  -40.762  34.419 0.0000000000
47316  3.759  -40.861  34.871 0.0000000000
47320  14.742  -40.083  32.145 0.0000000000
47321  11.126  -40.376  32.015 0.0000000000
47322  10.640  -40.425  32.293 0.0000000000
47323  9.852  -40.543  32.675 0.0000000000
47324  8.966  -40.502  32.699 0.0000000000
47325  8.032  -40.463  32.783 0.0000000000
47326  7.017  -40.488  32.930 0.0000000000
47327  6.037  -40.537  33.246 0.0000000000
47328  5.106  -40.589  33.577 0.0000000000
47331  14.842  -41.040  31.764 0.0000000000
47332  14.380  -40.489  31.686 0.0000000000
47333  13.350  -40.490  31.517 0.0000000000
47334  12.450  -40.479  31.592 0.0000000000
47335  11.596  -40.473  31.796 0.0000000000
47336  10.817  -40.875  31.791 0.0000000000
47337  10.004  -40.978  31.703 0.0000000000
47338  9.199  -40.688  31.809 0.0000000000
47339  8.315  -40.564  31.786 0.0000000000
47340  7.329  -40.484  31.837 0.0000000000
47341  6.235  -40.350  32.046 0.0000000000
47344  9.336  -40.983  31.052 0.0000000000
47345  8.636  -40.779  30.944 0.0000000000
47346  7.696  -40.680  30.704 0.0000000000
47347  6.710  -40.421  30.854 0.0000000000
47348  5.822  -40.058  30.867 0.0000000000
47352  6.950  -40.817  29.991 0.0000000000
47353  6.134  -40.611  29.915 0.0000000000
47354  5.150  -40.182  29.804 0.0000000000
47355  4.087  -40.353  29.495 0.0000000000
47356  3.223  -40.419  29.427 0.0000000000
47357  2.601  -40.317  29.195 0.0000000000
47363  2.167  -40.308  28.659 0.0000000000
47364  1.934  -40.707  28.207 0.0000000000
47379  2.243  -40.216  27.662 0.0000000000
47380  1.973  -40.663  27.964 0.0000000000
48375  5.597  -40.166  35.368 0.0000000000
48376  4.905  -40.045  35.544 0.0000000000
48377  4.002  -39.756  35.814 0.0000000000
48378  3.107  -39.703  36.059 0.0000000000
48379  2.298  -39.664  36.100 0.0000000000
48380  1.701  -39.148  36.056 0.0000000000
48398  7.992  -40.085  34.576 0.0000000000
48399  7.379  -40.123  34.938 0.0000000000
48400  6.492  -40.031  35.295 0.0000000000
48401  5.662  -39.726  35.346 0.0000000000
48402  4.823  -39.525  35.428 0.0000000000
48403  3.207  -40.693  34.985 0.0000000000
48404  2.464  -40.244  35.259 0.0000000000
48405  1.690  -39.373  35.657 0.0000000000
48416  10.024  -39.660  33.354 0.0000000000
48417  9.659  -39.845  33.583 0.0000000000
48418  8.749  -39.802  34.276 0.0000000000
48419  4.428  -40.482  33.853 0.0000000000
48420  3.543  -40.242  34.298 0.0000000000
48421  2.468  -39.688  34.512 0.0000000000
48425  14.487  -39.468  32.237 0.0000000000
48426  11.939  -39.345  31.896 0.0000000000
48427  11.431  -39.684  32.061 0.0000000000
48428  10.355  -39.687  32.920 0.0000000000
48429  9.924  -40.194  33.240 0.0000000000
48430  5.462  -40.276  32.782 0.0000000000
48431  4.569  -39.897  33.112 0.0000000000
48432  3.682  -39.456  33.453 0.0000000000
48435  13.816  -39.580  31.696 0.0000000000
48436  12.996  -39.694  31.618 0.0000000000
48437  12.166  -39.612  31.788 0.0000000000
48438  11.730  -39.915  31.875 0.0000000000
48439  5.366  -39.786  31.952 0.0000000000
48440  4.627  -39.197  31.968 0.0000000000
48444  5.073  -39.413  30.876 0.0000000000
48445  4.209  -38.860  30.951 0.0000000000
48446  3.650  -38.855  30.363 0.0000000000
48449  4.474  -39.609  30.169 0.0000000000
48450  3.817  -39.515  29.952 0.0000000000
48451  3.247  -39.305  29.676 0.0000000000
48452  2.706  -39.326  29.110 0.0000000000
48455  2.511  -39.287  28.314 0.0000000000
48464  2.534  -39.059  27.534 0.0000000000
49441  3.471  -39.329  35.840 0.0000000000
49442  2.817  -38.895  35.966 0.0000000000
49443  1.877  -38.730  36.135 0.0000000000
49444  1.363  -38.700  35.922 0.0000000000
49466  7.993  -39.721  34.630 0.0000000000
49467  7.385  -39.516  34.808 0.0000000000
49468  6.465  -39.324  34.896 0.0000000000
49469  5.415  -39.087  34.921 0.0000000000
49470  4.002  -38.796  35.164 0.0000000000
49471  2.915  -38.121  35.362 0.0000000000
49472  1.780  -39.469  34.940 0.0000000000
49473  1.333  -38.596  35.223 0.0000000000
49487  9.976  -39.377  33.346 0.0000000000
49488  9.479  -38.976  33.729 0.0000000000
49489  8.371  -38.968  34.319 0.0000000000
49490  7.292  -38.767  34.312 0.0000000000
49491  6.225  -38.621  34.185 0.0000000000
49492  5.120  -38.291  34.179 0.0000000000
49493  4.264  -37.853  34.274 0.0000000000
49494  2.937  -39.396  33.887 0.0000000000
49495  1.973  -38.736  34.105 0.0000000000
49496  1.345  -37.937  34.605 0.0000000000
49499  13.898  -38.641  32.215 0.0000000000
49500  13.173  -38.537  32.044 0.0000000000
49501  12.252  -38.800  31.986 0.0000000000
49502  11.218  -38.653  32.307 0.0000000000
49503  10.269  -38.594  32.857 0.0000000000
49504  9.688  -38.177  33.071 0.0000000000
49505  4.067  -39.119  32.762 0.0000000000
49506  3.182  -38.678  33.039 0.0000000000
49507  2.360  -38.073  33.241 0.0000000000
49510  13.355  -39.077  31.811 0.0000000000
49511  12.736  -39.115  31.791 0.0000000000
49512  12.391  -39.157  31.828 0.0000000000
49513  3.985  -38.650  32.080 0.0000000000
49514  3.466  -38.219  32.066 0.0000000000
49517  3.812  -38.467  31.539 0.0000000000
49518  3.518  -38.246  31.107 0.0000000000
49519  3.255  -37.963  30.602 0.0000000000
49521  3.415  -38.506  30.278 0.0000000000
49522  3.174  -38.275  29.764 0.0000000000
49525  2.906  -38.371  28.812 0.0000000000
49530  2.701  -38.338  27.970 0.0000000000
50451  2.194  -37.958  35.867 0.0000000000
50452  1.454  -37.996  35.947 0.0000000000
50453  1.194  -38.197  35.692 0.0000000000
50471  3.451  -37.683  34.746 0.0000000000
50472  2.673  -37.040  35.189 0.0000000000
50473  1.804  -37.140  35.608 0.0000000000
50474  1.229  -37.486  35.260 0.0000000000
50491  13.372  -37.136  32.890 0.0000000000
50492  8.965  -38.189  33.463 0.0000000000
50493  7.996  -38.167  33.574 0.0000000000
50494  6.979  -38.050  33.490 0.0000000000
50495  5.951  -37.809  33.401 0.0000000000
50496  4.949  -37.184  33.461 0.0000000000
50497  3.944  -37.046  34.143 0.0000000000
50498  3.332  -36.981  34.644 0.0000000000
50499  1.622  -37.429  33.792 0.0000000000
50500  1.307  -37.343  34.541 0.0000000000
50506  13.520  -38.125  32.414 0.0000000000
50507  13.075  -37.742  32.419 0.0000000000
50508  12.125  -37.641  32.269 0.0000000000
50509  11.157  -37.585  32.370 0.0000000000
50510  10.272  -37.515  32.534 0.0000000000
50511  9.427  -37.500  32.702 0.0000000000
50512  8.552  -37.489  32.839 0.0000000000
50513  7.624  -37.410  32.856 0.0000000000
50514  6.696  -37.223  32.805 0.0000000000
50515  5.861  -36.997  32.857 0.0000000000
50516  2.841  -38.054  32.571 0.0000000000
50517  2.353  -37.471  32.749 0.0000000000
50520  3.039  -37.735  31.947 0.0000000000
50521  2.628  -37.123  31.897 0.0000000000
50524  3.083  -37.650  31.236 0.0000000000
50525  2.930  -37.256  30.688 0.0000000000
50528  3.216  -36.990  28.918 0.0000000000
50529  3.093  -37.198  29.315 0.0000000000
50532  3.151  -37.079  28.622 0.0000000000
50533  2.986  -37.618  28.410 0.0000000000
50536  3.018  -37.164  28.135 0.0000000000
51408  2.684  -36.181  35.050 0.0000000000
51409  2.181  -36.211  35.306 0.0000000000
51410  1.647  -36.344  35.169 0.0000000000
51429  4.924  -36.489  33.206 0.0000000000
51430  4.455  -36.278  33.576 0.0000000000
51431  3.414  -36.167  34.516 0.0000000000
51432  1.529  -36.783  33.786 0.0000000000
51433  1.387  -36.516  34.352 0.0000000000
51444  12.991  -36.571  32.638 0.0000000000
51445  11.977  -36.650  32.300 0.0000000000
51446  11.103  -36.445  32.122 0.0000000000
51447  10.002  -36.679  32.209 0.0000000000
51448  9.075  -36.751  32.245 0.0000000000
51449  8.171  -36.744  32.274 0.0000000000
51450  7.318  -36.622  32.313 0.0000000000
51451  6.487  -36.167  32.338 0.0000000000
51452  5.392  -36.288  32.848 0.0000000000
51453  4.903  -36.153  33.100 0.0000000000
51454  1.799  -36.410  33.137 0.0000000000
51455  1.460  -36.005  33.906 0.0000000000
51459  11.136  -35.761  31.773 0.0000000000
51460  10.513  -35.897  31.781 0.0000000000
51461  9.615  -35.977  31.792 0.0000000000
51462  8.693  -36.015  31.794 0.0000000000
51463  7.792  -36.026  31.839 0.0000000000
51464  7.179  -36.052  31.980 0.0000000000
51465  2.513  -36.313  31.641 0.0000000000
51468  2.745  -36.286  30.388 0.0000000000
51471  3.128  -36.701  28.817 0.0000000000
51472  2.904  -36.147  29.371 0.0000000000
52340  2.745  -35.400  35.056 0.0000000000
52341  1.942  -35.341  35.315 0.0000000000
52342  1.471  -35.448  34.943 0.0000000000
52355  4.181  -35.345  33.848 0.0000000000
52356  3.509  -35.141  34.496 0.0000000000
52357  1.523  -35.143  33.941 0.0000000000
52358  1.439  -35.453  34.318 0.0000000000
52368  13.213  -35.513  32.651 0.0000000000
52369  12.538  -35.654  32.246 0.0000000000
52370  11.878  -36.041  32.133 0.0000000000
52371  6.514  -35.337  32.152 0.0000000000
52372  5.860  -35.376  32.469 0.0000000000
52373  4.924  -35.503  33.023 0.0000000000
52374  1.745  -35.289  33.360 0.0000000000
52375  1.539  -35.658  33.736 0.0000000000
52379  12.504  -35.216  31.921 0.0000000000
52380  11.867  -35.433  31.793 0.0000000000
52381  11.058  -35.231  31.454 0.0000000000
52382  10.182  -35.211  31.439 0.0000000000
52383  9.264  -35.197  31.482 0.0000000000
52384  8.299  -35.209  31.542 0.0000000000
52385  7.228  -35.248  31.813 0.0000000000
52386  2.134  -35.420  32.401 0.0000000000
52390  2.489  -35.395  31.249 0.0000000000
52394  2.624  -35.329  30.140 0.0000000000
53368  3.516  -33.828  34.930 0.0000000000
53369  2.537  -34.350  35.198 0.0000000000
53370  1.672  -34.565  35.174 0.0000000000
53371  1.405  -34.735  34.787 0.0000000000
53383  13.591  -34.785  32.975 0.0000000000
53384  4.970  -33.981  33.485 0.0000000000
53385  4.185  -34.289  34.245 0.0000000000
53386  3.280  -34.584  34.872 0.0000000000
53387  1.607  -34.581  33.858 0.0000000000
53388  1.455  -34.804  34.330 0.0000000000
53398  13.131  -34.854  32.258 0.0000000000
53399  12.769  -35.102  32.007 0.0000000000
53400  6.513  -34.525  32.128 0.0000000000
53401  5.491  -34.375  32.754 0.0000000000
53402  4.736  -34.697  33.436 0.0000000000
53403  1.980  -34.539  33.042 0.0000000000
53407  13.142  -34.352  32.084 0.0000000000
53408  12.712  -34.626  31.809 0.0000000000
53409  11.836  -34.331  31.239 0.0000000000
53410  10.790  -34.544  31.091 0.0000000000
53411  9.920  -34.357  31.107 0.0000000000
53412  8.947  -34.331  31.363 0.0000000000
53413  7.998  -34.301  31.503 0.0000000000
53414  7.267  -34.229  31.748 0.0000000000
53415  2.311  -34.525  32.031 0.0000000000
53418  11.654  -33.731  30.953 0.0000000000
53419  11.211  -33.941  30.839 0.0000000000
53420  10.595  -34.011  30.820 0.0000000000
54477  4.768  -32.795  34.801 0.0000000000
54478  3.939  -33.040  35.057 0.0000000000
54479  3.010  -33.367  35.080 0.0000000000
54480  2.048  -33.651  34.889 0.0000000000
54481  1.497  -34.225  34.962 0.0000000000
54496  5.043  -33.300  34.097 0.0000000000
54497  4.280  -33.440  34.667 0.0000000000
54498  1.865  -33.643  33.781 0.0000000000
54499  1.544  -34.240  34.511 0.0000000000
54509  13.366  -33.856  32.472 0.0000000000
54510  13.245  -33.328  32.275 0.0000000000
54511  7.147  -33.047  32.066 0.0000000000
54512  6.428  -33.400  32.480 0.0000000000
54513  5.623  -33.345  33.206 0.0000000000
54514  2.157  -33.785  32.721 0.0000000000
54517  13.105  -34.085  31.978 0.0000000000
54518  12.915  -33.551  31.761 0.0000000000
54519  12.076  -33.298  31.080 0.0000000000
54520  9.537  -33.521  31.039 0.0000000000
54521  8.676  -33.393  31.345 0.0000000000
54522  7.714  -33.346  31.665 0.0000000000
54523  6.989  -33.705  31.952 0.0000000000
54527  11.437  -33.336  30.808 0.0000000000
54528  10.891  -33.493  30.711 0.0000000000
54529  10.262  -33.567  30.785 0.0000000000
55572  5.186  -32.224  35.049 0.0000000000
55573  4.529  -32.282  35.115 0.0000000000
55574  3.584  -32.535  34.825 0.0000000000
55575  2.751  -32.980  34.903 0.0000000000
55593  6.013  -32.139  33.692 0.0000000000
55594  5.503  -32.346  34.328 0.0000000000
55596  2.725  -32.621  34.227 0.0000000000
55606  13.536  -33.352  33.057 0.0000000000
55607  13.250  -32.663  32.673 0.0000000000
55608  7.011  -32.403  32.462 0.0000000000
55609  6.324  -32.442  33.107 0.0000000000
55610  5.685  -32.700  33.656 0.0000000000
55614  12.549  -32.414  31.589 0.0000000000
55615  11.503  -32.495  30.933 0.0000000000
55616  10.504  -32.262  30.827 0.0000000000
55617  9.468  -32.466  31.057 0.0000000000
55618  8.430  -32.376  31.517 0.0000000000
55619  7.629  -32.384  31.969 0.0000000000
55623  11.158  -33.062  30.703 0.0000000000
55624  10.726  -32.963  30.691 0.0000000000
55625  10.065  -32.955  30.771 0.0000000000
56847  12.754  -31.441  33.388 0.0000000000
56848  6.703  -31.129  33.765 0.0000000000
56849  6.253  -31.493  34.100 0.0000000000
56850  5.544  -31.750  34.753 0.0000000000
56863  12.562  -31.453  32.354 0.0000000000
56864  7.809  -31.046  32.504 0.0000000000
56865  7.113  -31.321  33.021 0.0000000000
56866  6.426  -31.839  33.456 0.0000000000
56871  11.972  -31.469  31.529 0.0000000000
56872  11.113  -31.470  31.161 0.0000000000
56873  10.150  -31.432  31.138 0.0000000000
56874  9.148  -31.421  31.456 0.0000000000
56875  8.119  -31.331  32.106 0.0000000000
56876  7.460  -31.851  32.351 0.0000000000
57986  12.399  -30.538  33.989 0.0000000000
58006  12.332  -30.492  33.026 0.0000000000
58007  6.722  -30.583  34.200 0.0000000000
58023  11.950  -30.529  32.136 0.0000000000
58024  11.375  -30.269  31.856 0.0000000000
58025  8.729  -30.222  32.277 0.0000000000
58026  8.203  -30.509  32.474 0.0000000000
58027  7.586  -30.226  33.286 0.0000000000
58034  11.493  -30.831  31.591 0.0000000000
58035  10.783  -30.594  31.510 0.0000000000
58036  9.894  -30.645  31.527 0.0000000000
58037  8.990  -30.479  32.006 0.0000000000
58038  8.452  -30.770  32.178 0.0000000000
59030  12.409  -29.625  34.543 0.0000000000
59046  12.211  -29.613  33.675 0.0000000000
59063  11.742  -29.559  32.755 0.0000000000
59064  11.255  -29.149  32.610 0.0000000000
59065  8.115  -29.172  33.436 0.0000000000
59066  7.457  -29.656  33.875 0.0000000000
59079  11.520  -29.971  32.195 0.0000000000
59080  10.854  -29.613  32.107 0.0000000000
59081  9.841  -29.341  32.168 0.0000000000
59082  8.968  -29.707  32.428 0.0000000000
59083  8.205  -29.688  32.924 0.0000000000
59084  7.839  -29.671  33.360 0.0000000000
59091  10.377  -30.179  31.698 0.0000000000
59092  9.897  -29.965  31.827 0.0000000000
59093  9.439  -29.864  32.089 0.0000000000
60038  12.339  -28.788  34.207 0.0000000000
60049  11.959  -28.751  33.536 0.0000000000
60050  11.376  -28.600  33.009 0.0000000000
60051  10.844  -28.382  32.822 0.0000000000
60052  9.384  -27.941  33.121 0.0000000000
60053  8.687  -28.300  33.361 0.0000000000
60069  10.957  -28.880  32.609 0.0000000000
60070  10.387  -28.701  32.521 0.0000000000
60071  9.527  -28.581  32.734 0.0000000000
60072  8.719  -29.081  32.964 0.0000000000
61017  12.217  -28.137  33.958 0.0000000000
61018  11.737  -27.883  33.598 0.0000000000
61019  10.971  -27.694  33.195 0.0000000000
61020  10.022  -27.557  32.925 0.0000000000
61021  9.157  -27.321  33.326 0.0000000000
61037  10.470  -28.108  32.844 0.0000000000
61038  10.111  -28.204  32.697 0.0000000000
61955  12.192  -27.399  34.101 0.0000000000
61956  11.633  -26.788  33.722 0.0000000000
61957  10.708  -26.575  33.281 0.0000000000
