#!ascii label  , from subject FREESURFER vox2ras=TkReg 
440
39507  18.475  -48.426  43.356 0.0000000000
39508  18.120  -48.083  43.878 0.0000000000
39523  18.847  -48.035  42.869 0.0000000000
40315  16.266  -47.549  47.380 0.0000000000
40330  17.133  -46.646  45.915 0.0000000000
40331  16.710  -47.455  46.536 0.0000000000
40345  17.348  -47.498  45.474 0.0000000000
40346  16.945  -48.012  45.990 0.0000000000
40361  18.193  -47.048  44.131 0.0000000000
40362  17.851  -47.750  44.506 0.0000000000
40378  18.512  -47.498  43.429 0.0000000000
40379  18.137  -47.594  43.975 0.0000000000
40395  19.262  -47.527  42.374 0.0000000000
40396  18.869  -47.520  42.886 0.0000000000
41053  12.044  -46.960  54.991 0.0000000000
41054  11.548  -46.413  55.671 0.0000000000
41060  12.179  -46.246  54.439 0.0000000000
41061  11.919  -46.276  55.060 0.0000000000
41069  12.488  -46.148  53.885 0.0000000000
41131  14.673  -46.278  49.739 0.0000000000
41152  15.216  -46.527  48.691 0.0000000000
41153  14.894  -46.356  49.263 0.0000000000
41173  16.155  -46.667  47.360 0.0000000000
41174  15.686  -46.644  48.020 0.0000000000
41192  17.189  -46.023  45.823 0.0000000000
41193  16.759  -46.095  46.406 0.0000000000
41212  17.931  -45.945  44.989 0.0000000000
41213  17.609  -46.178  45.299 0.0000000000
41231  18.191  -46.230  44.625 0.0000000000
41232  17.775  -46.927  44.766 0.0000000000
41247  19.285  -46.103  43.163 0.0000000000
41248  18.844  -46.325  43.571 0.0000000000
41265  19.762  -46.144  42.184 0.0000000000
41266  19.488  -46.361  42.615 0.0000000000
41267  18.914  -47.008  42.906 0.0000000000
41286  19.820  -46.422  41.702 0.0000000000
41287  19.615  -47.060  41.930 0.0000000000
41903  10.976  -45.635  57.137 0.0000000000
41907  11.248  -45.759  56.351 0.0000000000
41913  11.557  -45.421  55.862 0.0000000000
41920  12.100  -45.432  54.575 0.0000000000
41921  11.875  -45.487  55.148 0.0000000000
41923  12.714  -45.411  53.353 0.0000000000
41924  12.377  -45.386  53.940 0.0000000000
41931  13.012  -45.390  52.850 0.0000000000
41941  13.725  -45.164  51.376 0.0000000000
41942  13.390  -45.438  52.032 0.0000000000
41954  14.089  -45.331  50.744 0.0000000000
41964  14.478  -45.434  49.914 0.0000000000
41980  15.167  -45.546  48.548 0.0000000000
41981  14.853  -45.693  49.152 0.0000000000
42002  16.303  -45.527  47.148 0.0000000000
42003  15.580  -45.772  47.881 0.0000000000
42023  19.246  -44.683  46.046 0.0000000000
42024  18.518  -44.890  45.917 0.0000000000
42025  17.478  -45.293  45.865 0.0000000000
42026  16.877  -45.192  46.615 0.0000000000
42048  19.151  -45.064  45.251 0.0000000000
42049  18.163  -45.578  45.201 0.0000000000
42050  17.724  -45.654  45.414 0.0000000000
42072  19.910  -45.081  43.689 0.0000000000
42073  19.556  -45.208  44.283 0.0000000000
42074  18.828  -45.644  44.453 0.0000000000
42100  19.924  -45.285  43.052 0.0000000000
42101  19.503  -45.675  43.349 0.0000000000
42102  19.162  -45.664  43.887 0.0000000000
42129  19.891  -45.670  42.230 0.0000000000
42130  19.781  -45.755  42.836 0.0000000000
42898  11.014  -44.804  58.474 0.0000000000
42910  11.157  -44.752  57.675 0.0000000000
42917  19.287  -44.476  56.607 0.0000000000
42918  18.587  -44.165  56.853 0.0000000000
42919  11.388  -44.855  56.579 0.0000000000
42926  20.033  -44.525  55.719 0.0000000000
42927  19.243  -44.422  55.502 0.0000000000
42928  11.977  -44.310  55.350 0.0000000000
42929  11.819  -44.607  55.618 0.0000000000
42940  20.708  -44.536  54.926 0.0000000000
42941  19.893  -44.532  54.676 0.0000000000
42942  19.113  -44.356  54.470 0.0000000000
42943  12.074  -44.618  54.852 0.0000000000
42944  11.928  -44.901  55.202 0.0000000000
42950  21.956  -44.241  54.755 0.0000000000
42951  21.385  -44.319  54.191 0.0000000000
42952  20.559  -44.460  53.895 0.0000000000
42953  19.790  -44.414  53.616 0.0000000000
42954  19.016  -44.113  53.343 0.0000000000
42955  12.711  -44.614  53.389 0.0000000000
42956  12.409  -44.383  54.044 0.0000000000
42961  21.121  -44.367  53.182 0.0000000000
42962  20.451  -44.488  52.863 0.0000000000
42963  19.757  -44.445  52.540 0.0000000000
42964  19.118  -44.148  52.175 0.0000000000
42965  13.121  -44.401  52.532 0.0000000000
42973  21.038  -44.405  52.225 0.0000000000
42974  20.434  -44.571  51.844 0.0000000000
42975  19.766  -44.515  51.489 0.0000000000
42976  19.121  -44.193  51.164 0.0000000000
42977  13.941  -44.414  51.093 0.0000000000
42978  13.520  -44.392  51.713 0.0000000000
42990  21.059  -44.399  51.243 0.0000000000
42991  20.445  -44.529  50.808 0.0000000000
42992  19.732  -44.491  50.459 0.0000000000
42993  18.955  -44.360  50.200 0.0000000000
42994  14.380  -44.437  50.305 0.0000000000
43006  21.133  -44.272  50.180 0.0000000000
43007  20.410  -44.442  49.697 0.0000000000
43008  19.575  -44.492  49.419 0.0000000000
43009  18.750  -44.251  49.271 0.0000000000
43010  15.184  -44.180  48.934 0.0000000000
43011  14.834  -44.594  49.286 0.0000000000
43023  21.131  -43.973  48.902 0.0000000000
43024  20.248  -44.454  48.441 0.0000000000
43025  19.211  -44.458  48.428 0.0000000000
43026  18.223  -44.066  48.361 0.0000000000
43027  17.173  -44.071  48.043 0.0000000000
43028  16.265  -44.284  48.004 0.0000000000
43029  15.430  -44.638  48.426 0.0000000000
43030  14.996  -45.101  48.799 0.0000000000
43046  20.937  -44.153  47.911 0.0000000000
43047  20.520  -44.346  47.234 0.0000000000
43048  19.613  -44.539  47.501 0.0000000000
43049  18.698  -44.444  47.511 0.0000000000
43050  17.756  -44.345  47.394 0.0000000000
43051  16.781  -44.633  47.291 0.0000000000
43052  15.962  -44.907  47.633 0.0000000000
43071  20.411  -44.199  46.180 0.0000000000
43072  19.788  -44.541  46.588 0.0000000000
43073  19.023  -44.697  46.727 0.0000000000
43074  18.146  -44.609  46.641 0.0000000000
43075  17.397  -44.751  46.726 0.0000000000
43102  20.241  -44.187  45.223 0.0000000000
43103  19.759  -44.529  45.721 0.0000000000
43131  20.137  -44.506  44.242 0.0000000000
43132  19.779  -44.681  44.945 0.0000000000
43160  20.050  -44.689  43.432 0.0000000000
43183  20.010  -44.676  42.620 0.0000000000
43897  18.019  -43.700  58.174 0.0000000000
43898  17.343  -43.256  58.509 0.0000000000
43899  11.978  -43.248  57.789 0.0000000000
43900  11.478  -43.841  58.477 0.0000000000
43906  18.223  -43.821  57.316 0.0000000000
43907  17.536  -43.310  57.340 0.0000000000
43908  12.047  -43.258  57.281 0.0000000000
43909  11.623  -43.865  57.244 0.0000000000
43915  18.748  -44.190  56.164 0.0000000000
43916  18.186  -43.639  56.405 0.0000000000
43917  17.351  -43.041  56.247 0.0000000000
43918  12.068  -43.356  56.676 0.0000000000
43919  11.747  -44.056  56.242 0.0000000000
43929  18.595  -43.998  55.373 0.0000000000
43930  17.902  -43.296  55.249 0.0000000000
43931  17.166  -42.677  55.467 0.0000000000
43932  12.077  -43.737  55.602 0.0000000000
43933  11.849  -44.115  55.800 0.0000000000
43942  18.496  -43.831  54.353 0.0000000000
43943  18.023  -43.234  54.110 0.0000000000
43944  12.958  -43.189  54.032 0.0000000000
43945  12.612  -43.469  54.440 0.0000000000
43952  22.088  -43.740  54.053 0.0000000000
43953  21.642  -44.030  53.409 0.0000000000
43954  18.435  -43.689  53.546 0.0000000000
43955  18.119  -43.253  53.165 0.0000000000
43956  13.039  -43.484  53.444 0.0000000000
43957  12.640  -43.955  53.797 0.0000000000
43967  22.029  -43.559  53.058 0.0000000000
43968  21.525  -43.977  52.617 0.0000000000
43969  18.520  -43.782  52.727 0.0000000000
43970  17.989  -43.452  52.321 0.0000000000
43971  14.248  -43.088  51.712 0.0000000000
43972  13.750  -43.306  52.139 0.0000000000
43982  21.901  -43.421  52.208 0.0000000000
43983  21.457  -43.912  51.718 0.0000000000
43984  18.477  -43.869  51.804 0.0000000000
43985  17.802  -43.441  51.489 0.0000000000
43986  17.233  -43.137  51.083 0.0000000000
43987  14.316  -43.478  51.125 0.0000000000
43988  13.814  -43.847  51.473 0.0000000000
43999  21.828  -43.256  51.357 0.0000000000
44000  21.498  -43.782  50.786 0.0000000000
44001  18.456  -43.819  50.877 0.0000000000
44002  17.719  -43.399  50.597 0.0000000000
44003  16.711  -43.100  50.411 0.0000000000
44004  15.840  -43.261  49.887 0.0000000000
44005  14.978  -43.609  49.919 0.0000000000
44018  21.860  -43.123  50.565 0.0000000000
44019  21.692  -43.424  49.763 0.0000000000
44020  18.346  -43.774  49.967 0.0000000000
44021  17.533  -43.447  49.714 0.0000000000
44022  16.611  -43.464  49.385 0.0000000000
44023  15.638  -43.753  49.022 0.0000000000
44024  15.083  -43.964  49.246 0.0000000000
44037  21.722  -43.149  48.727 0.0000000000
44038  18.120  -43.788  49.213 0.0000000000
44039  17.392  -43.735  48.863 0.0000000000
44040  16.499  -43.829  48.586 0.0000000000
44041  15.888  -44.003  48.406 0.0000000000
44053  21.398  -43.475  47.694 0.0000000000
44054  21.067  -44.003  47.366 0.0000000000
44068  21.442  -43.208  47.004 0.0000000000
44069  21.110  -43.630  46.683 0.0000000000
44080  20.730  -43.531  45.602 0.0000000000
44090  20.476  -43.587  44.579 0.0000000000
44103  20.177  -43.767  43.398 0.0000000000
44117  20.105  -43.670  42.052 0.0000000000
44859  16.854  -42.597  58.873 0.0000000000
44860  12.140  -42.439  59.575 0.0000000000
44867  16.975  -42.600  57.762 0.0000000000
44868  12.143  -42.686  58.540 0.0000000000
44869  11.731  -43.151  59.254 0.0000000000
44875  17.004  -42.637  56.854 0.0000000000
44876  12.981  -42.136  56.815 0.0000000000
44877  12.454  -42.596  57.401 0.0000000000
44886  16.561  -42.292  56.017 0.0000000000
44887  16.032  -41.878  55.930 0.0000000000
44888  13.151  -42.213  56.073 0.0000000000
44889  12.546  -42.776  56.318 0.0000000000
44900  17.341  -42.658  54.604 0.0000000000
44901  16.520  -42.180  54.998 0.0000000000
44902  15.851  -41.866  55.426 0.0000000000
44903  13.913  -42.070  54.803 0.0000000000
44904  13.437  -42.282  55.257 0.0000000000
44905  12.719  -42.805  55.393 0.0000000000
44912  22.976  -42.429  54.212 0.0000000000
44913  22.623  -43.140  54.560 0.0000000000
44914  17.513  -42.641  53.594 0.0000000000
44915  16.612  -42.087  53.931 0.0000000000
44916  15.410  -41.888  54.310 0.0000000000
44917  14.245  -42.020  54.158 0.0000000000
44918  13.291  -42.670  54.249 0.0000000000
44919  12.962  -42.758  54.814 0.0000000000
44926  22.790  -42.343  53.622 0.0000000000
44927  22.514  -42.877  53.499 0.0000000000
44928  17.623  -42.793  52.663 0.0000000000
44929  16.830  -42.231  52.880 0.0000000000
44930  15.698  -42.096  53.029 0.0000000000
44931  14.618  -42.174  53.182 0.0000000000
44932  13.715  -42.570  53.238 0.0000000000
44945  22.332  -43.044  52.640 0.0000000000
44946  17.583  -43.056  52.019 0.0000000000
44947  17.101  -42.515  52.036 0.0000000000
44948  16.116  -42.348  52.038 0.0000000000
44949  14.772  -42.570  51.903 0.0000000000
44950  14.138  -42.570  52.573 0.0000000000
44962  22.334  -42.821  51.906 0.0000000000
44963  17.292  -42.964  51.577 0.0000000000
44964  16.633  -42.749  51.308 0.0000000000
44965  15.752  -42.651  51.218 0.0000000000
44966  15.111  -42.990  50.794 0.0000000000
44974  22.225  -42.538  51.026 0.0000000000
44975  16.221  -42.835  50.873 0.0000000000
44976  15.821  -42.959  50.561 0.0000000000
44977  15.410  -43.178  50.276 0.0000000000
44985  22.181  -42.497  50.043 0.0000000000
44986  21.977  -42.768  49.327 0.0000000000
44995  22.127  -42.175  49.415 0.0000000000
44996  21.919  -42.330  48.811 0.0000000000
45009  21.714  -42.520  48.020 0.0000000000
45022  21.545  -42.587  47.137 0.0000000000
45023  21.447  -42.944  46.607 0.0000000000
45032  21.421  -42.337  46.461 0.0000000000
45033  21.224  -42.733  45.906 0.0000000000
45042  20.812  -42.723  44.982 0.0000000000
45055  20.495  -42.658  43.960 0.0000000000
45066  20.241  -42.453  42.695 0.0000000000
45079  20.238  -42.652  41.398 0.0000000000
45876  16.333  -41.741  59.213 0.0000000000
45877  15.639  -41.228  59.509 0.0000000000
45878  13.217  -41.241  59.684 0.0000000000
45889  16.372  -41.779  58.050 0.0000000000
45890  15.316  -41.193  58.468 0.0000000000
45891  14.121  -41.056  58.382 0.0000000000
45892  13.306  -41.384  58.708 0.0000000000
45893  12.628  -41.817  59.110 0.0000000000
45907  16.402  -41.912  56.873 0.0000000000
45908  15.424  -41.515  57.214 0.0000000000
45909  14.380  -41.328  57.436 0.0000000000
45910  13.315  -41.643  57.635 0.0000000000
45911  12.700  -41.937  58.248 0.0000000000
45925  16.152  -41.873  56.224 0.0000000000
45926  15.456  -41.716  56.106 0.0000000000
45927  14.499  -41.586  56.487 0.0000000000
45928  13.663  -41.747  56.730 0.0000000000
45938  15.047  -41.719  55.143 0.0000000000
45939  14.343  -41.750  55.504 0.0000000000
45940  13.758  -41.769  55.980 0.0000000000
45948  23.645  -41.803  54.659 0.0000000000
45949  14.774  -41.834  54.622 0.0000000000
45950  14.452  -41.868  54.857 0.0000000000
45957  23.119  -41.799  53.464 0.0000000000
45958  22.731  -42.328  53.288 0.0000000000
45970  22.951  -41.453  52.314 0.0000000000
45971  22.647  -42.361  52.653 0.0000000000
45985  22.853  -41.262  51.356 0.0000000000
45986  22.643  -42.045  51.638 0.0000000000
45997  22.813  -41.188  50.932 0.0000000000
45998  22.638  -41.620  50.686 0.0000000000
46007  22.453  -41.635  49.778 0.0000000000
46016  22.141  -41.509  49.076 0.0000000000
46017  21.868  -41.612  48.308 0.0000000000
46028  21.684  -41.738  47.538 0.0000000000
46040  21.524  -41.659  46.764 0.0000000000
46054  21.369  -41.659  45.898 0.0000000000
46055  21.103  -42.051  45.283 0.0000000000
46071  21.225  -41.389  45.123 0.0000000000
46072  20.856  -41.741  44.491 0.0000000000
46088  20.533  -41.665  43.515 0.0000000000
46102  20.438  -41.363  42.711 0.0000000000
46123  20.399  -41.437  41.734 0.0000000000
46981  15.218  -40.957  59.166 0.0000000000
46982  14.681  -40.832  59.106 0.0000000000
46983  13.877  -40.820  59.270 0.0000000000
47036  23.944  -41.247  54.547 0.0000000000
47045  24.143  -40.226  53.598 0.0000000000
47046  23.887  -41.150  53.959 0.0000000000
47053  23.971  -39.999  52.917 0.0000000000
47054  23.537  -40.707  52.925 0.0000000000
47065  23.204  -40.576  51.841 0.0000000000
47077  29.860  -38.503  50.056 0.0000000000
47078  29.665  -38.514  50.019 0.0000000000
47079  22.977  -40.630  50.803 0.0000000000
47080  22.712  -41.007  50.092 0.0000000000
47092  29.839  -38.496  49.826 0.0000000000
47093  29.375  -38.502  49.684 0.0000000000
47094  29.084  -38.447  49.270 0.0000000000
47095  22.919  -40.188  49.854 0.0000000000
47096  22.552  -40.823  49.401 0.0000000000
47105  29.888  -38.465  49.353 0.0000000000
47106  29.516  -38.446  49.125 0.0000000000
47107  29.100  -38.381  48.765 0.0000000000
47108  28.928  -38.319  48.314 0.0000000000
47109  22.812  -40.021  49.082 0.0000000000
47110  22.333  -40.536  48.447 0.0000000000
47111  21.903  -41.014  47.821 0.0000000000
47124  30.003  -38.432  49.030 0.0000000000
47125  29.630  -38.384  48.660 0.0000000000
47126  29.294  -38.336  48.278 0.0000000000
47127  28.979  -38.293  47.980 0.0000000000
47128  22.189  -40.369  47.542 0.0000000000
47129  21.767  -40.932  47.170 0.0000000000
47142  22.045  -40.254  46.902 0.0000000000
47143  21.671  -40.684  46.316 0.0000000000
47154  21.488  -40.748  45.409 0.0000000000
47162  21.243  -40.746  44.537 0.0000000000
47163  20.843  -41.047  43.912 0.0000000000
47172  21.151  -40.388  43.701 0.0000000000
47173  20.705  -40.828  43.216 0.0000000000
47180  20.977  -40.151  43.013 0.0000000000
47181  20.634  -40.521  42.365 0.0000000000
47195  20.642  -40.432  41.571 0.0000000000
47204  20.627  -40.857  40.823 0.0000000000
48150  24.823  -39.638  54.107 0.0000000000
48161  25.388  -38.940  53.535 0.0000000000
48162  24.574  -39.284  52.834 0.0000000000
48163  23.790  -39.862  52.262 0.0000000000
48172  24.267  -39.116  51.691 0.0000000000
48173  23.543  -39.730  51.302 0.0000000000
48182  30.487  -38.429  50.494 0.0000000000
48183  29.980  -38.499  50.257 0.0000000000
48184  29.274  -38.510  50.275 0.0000000000
48185  28.788  -38.458  50.207 0.0000000000
48186  24.060  -38.928  50.769 0.0000000000
48187  23.419  -39.555  50.350 0.0000000000
48200  30.669  -38.361  50.052 0.0000000000
48201  30.249  -38.429  49.620 0.0000000000
48202  29.034  -38.520  49.961 0.0000000000
48203  28.674  -38.407  49.697 0.0000000000
48204  28.272  -38.290  49.237 0.0000000000
48205  23.955  -38.804  49.949 0.0000000000
48206  23.397  -39.209  49.338 0.0000000000
48218  28.735  -38.369  49.111 0.0000000000
48219  28.504  -38.248  48.590 0.0000000000
48220  23.046  -39.413  48.332 0.0000000000
48221  22.610  -39.843  47.768 0.0000000000
48233  28.769  -38.199  47.983 0.0000000000
48234  23.044  -39.201  47.404 0.0000000000
48235  22.529  -39.758  47.091 0.0000000000
48242  22.924  -39.104  46.615 0.0000000000
48243  22.236  -39.685  46.276 0.0000000000
48244  21.809  -40.038  45.646 0.0000000000
48250  22.779  -39.019  45.887 0.0000000000
48251  22.288  -39.317  45.255 0.0000000000
48252  21.730  -40.012  44.877 0.0000000000
48260  22.049  -39.283  44.233 0.0000000000
48261  21.574  -40.015  44.143 0.0000000000
48270  21.931  -39.105  43.674 0.0000000000
48271  21.535  -39.546  43.420 0.0000000000
48277  21.101  -39.610  42.311 0.0000000000
48278  20.760  -40.087  41.962 0.0000000000
48293  20.869  -39.888  41.631 0.0000000000
49212  29.040  -38.525  52.542 0.0000000000
49213  28.110  -38.504  52.564 0.0000000000
49214  27.074  -38.272  52.626 0.0000000000
49215  25.822  -38.497  52.510 0.0000000000
49216  25.029  -38.663  51.887 0.0000000000
49230  30.484  -38.471  51.732 0.0000000000
49231  29.640  -38.510  51.741 0.0000000000
49232  28.772  -38.502  51.712 0.0000000000
49233  27.852  -38.339  51.678 0.0000000000
49234  26.832  -38.018  51.615 0.0000000000
49235  25.826  -38.223  51.333 0.0000000000
49236  24.899  -38.486  51.041 0.0000000000
49250  30.185  -38.492  50.972 0.0000000000
49251  29.416  -38.506  50.961 0.0000000000
49252  28.591  -38.437  50.837 0.0000000000
49253  27.706  -38.149  50.805 0.0000000000
49254  26.766  -37.817  50.609 0.0000000000
49255  25.715  -37.919  50.355 0.0000000000
49256  24.739  -38.318  50.105 0.0000000000
49265  28.308  -38.341  50.276 0.0000000000
49266  27.758  -38.096  49.872 0.0000000000
49267  26.733  -37.777  49.591 0.0000000000
49268  25.637  -37.877  49.309 0.0000000000
49269  24.476  -38.316  49.082 0.0000000000
49270  23.781  -38.666  48.507 0.0000000000
49277  27.683  -38.078  48.936 0.0000000000
49278  26.744  -37.860  48.552 0.0000000000
49279  25.620  -37.989  48.274 0.0000000000
49280  24.607  -38.234  47.984 0.0000000000
49281  23.721  -38.635  47.692 0.0000000000
49291  28.008  -38.055  47.771 0.0000000000
49292  26.708  -37.922  47.498 0.0000000000
49293  25.592  -38.098  47.285 0.0000000000
49294  24.575  -38.296  47.070 0.0000000000
49295  23.680  -38.641  46.847 0.0000000000
49302  27.692  -38.003  46.633 0.0000000000
49303  26.543  -37.904  46.502 0.0000000000
49304  25.436  -38.031  46.357 0.0000000000
49305  24.396  -38.214  46.214 0.0000000000
49306  23.486  -38.581  46.038 0.0000000000
49313  25.163  -37.876  45.460 0.0000000000
49314  24.099  -38.092  45.353 0.0000000000
49315  23.038  -38.479  45.188 0.0000000000
49316  22.506  -38.831  44.642 0.0000000000
49327  23.750  -37.912  44.472 0.0000000000
49328  22.814  -38.286  44.295 0.0000000000
49329  22.406  -38.755  44.208 0.0000000000
49338  22.282  -38.579  43.592 0.0000000000
49339  21.861  -39.015  43.396 0.0000000000
49343  21.754  -38.874  42.851 0.0000000000
