#!ascii label  , from subject FREESURFER vox2ras=TkReg 
724
109888  45.637  29.562  16.598 0.0000000000
109895  46.435  29.685  15.322 0.0000000000
109896  45.988  29.443  15.971 0.0000000000
109904  47.307  29.723  13.847 0.0000000000
109905  46.805  29.476  14.656 0.0000000000
109906  44.432  29.927  13.736 0.0000000000
109911  47.592  29.441  12.806 0.0000000000
109912  45.300  29.969  12.527 0.0000000000
109917  47.702  29.119  12.053 0.0000000000
109918  45.561  29.614  11.655 0.0000000000
109923  47.867  29.229  11.380 0.0000000000
109924  46.695  30.050  10.566 0.0000000000
109925  46.189  29.579  10.774 0.0000000000
109929  47.600  29.352  10.794 0.0000000000
109930  46.895  29.517  10.473 0.0000000000
109931  46.339  29.092  10.494 0.0000000000
110450  45.059  30.587  17.314 0.0000000000
110458  45.429  30.523  16.767 0.0000000000
110466  46.595  30.475  15.275 0.0000000000
110467  46.074  30.450  15.888 0.0000000000
110473  47.580  30.594  13.831 0.0000000000
110474  47.084  30.484  14.613 0.0000000000
110475  44.565  30.575  13.948 0.0000000000
110476  44.094  30.511  14.546 0.0000000000
110480  48.522  31.195  12.499 0.0000000000
110481  48.090  30.769  12.931 0.0000000000
110482  45.424  30.596  12.725 0.0000000000
110483  45.014  30.541  13.323 0.0000000000
110487  48.690  31.003  12.145 0.0000000000
110488  48.204  30.073  11.885 0.0000000000
110489  45.687  30.570  12.127 0.0000000000
110493  48.463  30.844  11.368 0.0000000000
110494  48.246  30.057  10.987 0.0000000000
110495  46.611  30.405  10.749 0.0000000000
110496  46.176  30.579  11.276 0.0000000000
110500  48.196  30.761  10.848 0.0000000000
110501  47.717  30.366  10.645 0.0000000000
110502  47.093  30.565  10.573 0.0000000000
111040  45.187  31.504  17.213 0.0000000000
111041  44.661  31.549  17.837 0.0000000000
111048  46.369  31.929  15.890 0.0000000000
111049  45.836  31.362  16.336 0.0000000000
111055  47.637  31.853  14.873 0.0000000000
111056  46.800  31.288  15.299 0.0000000000
111057  46.263  31.256  15.840 0.0000000000
111058  43.633  31.468  15.184 0.0000000000
111063  48.465  32.088  13.656 0.0000000000
111064  47.828  31.358  14.018 0.0000000000
111065  47.364  31.241  14.716 0.0000000000
111066  44.690  31.340  14.092 0.0000000000
111067  44.182  31.306  14.654 0.0000000000
111072  48.583  31.745  12.690 0.0000000000
111073  48.313  31.491  13.298 0.0000000000
111074  45.643  31.333  12.868 0.0000000000
111075  45.165  31.271  13.503 0.0000000000
111079  48.601  31.674  11.827 0.0000000000
111080  46.593  31.677  11.610 0.0000000000
111081  46.059  31.261  11.853 0.0000000000
111084  48.191  31.475  11.030 0.0000000000
111085  47.492  31.508  10.931 0.0000000000
111086  46.833  31.151  10.962 0.0000000000
111087  46.416  31.188  11.367 0.0000000000
111091  47.999  30.934  10.677 0.0000000000
111092  47.652  31.015  10.668 0.0000000000
111093  47.286  31.079  10.698 0.0000000000
111632  45.335  32.439  17.232 0.0000000000
111633  44.770  32.479  17.849 0.0000000000
111640  46.529  32.567  16.057 0.0000000000
111641  45.869  32.488  16.552 0.0000000000
111648  48.433  33.022  14.789 0.0000000000
111649  48.130  32.709  14.992 0.0000000000
111650  47.164  32.537  15.572 0.0000000000
111651  44.550  32.996  14.837 0.0000000000
111652  44.165  32.660  15.164 0.0000000000
111653  43.047  32.557  15.796 0.0000000000
111659  48.587  32.840  14.341 0.0000000000
111660  48.169  32.157  14.392 0.0000000000
111661  45.527  33.008  13.909 0.0000000000
111662  44.941  32.733  14.304 0.0000000000
111663  44.290  31.910  14.671 0.0000000000
111672  49.192  33.315  13.081 0.0000000000
111673  49.007  32.965  13.299 0.0000000000
111674  46.560  32.923  12.819 0.0000000000
111675  45.974  32.693  13.278 0.0000000000
111676  45.268  31.881  13.616 0.0000000000
111688  49.115  33.251  12.880 0.0000000000
111689  48.784  32.678  12.420 0.0000000000
111690  47.602  32.689  11.911 0.0000000000
111691  46.991  32.596  12.216 0.0000000000
111692  46.233  31.927  12.332 0.0000000000
111703  48.373  32.324  11.781 0.0000000000
111704  47.820  32.380  11.548 0.0000000000
111705  47.142  31.896  11.347 0.0000000000
112248  44.353  33.496  19.276 0.0000000000
112261  45.406  33.900  18.112 0.0000000000
112262  44.730  33.358  18.422 0.0000000000
112269  46.464  33.899  17.052 0.0000000000
112270  45.576  33.293  17.345 0.0000000000
112271  45.041  33.296  17.880 0.0000000000
112278  48.331  34.050  15.968 0.0000000000
112279  47.595  33.755  16.201 0.0000000000
112280  46.772  33.262  16.317 0.0000000000
112281  46.115  33.286  16.749 0.0000000000
112289  49.123  34.232  14.844 0.0000000000
112290  48.569  33.504  15.045 0.0000000000
112291  47.859  33.316  15.594 0.0000000000
112292  47.349  33.232  15.903 0.0000000000
112293  44.526  33.589  14.967 0.0000000000
112294  43.652  33.535  15.554 0.0000000000
112295  43.004  33.517  15.863 0.0000000000
112302  49.371  34.067  13.988 0.0000000000
112303  49.029  33.521  14.184 0.0000000000
112304  45.569  33.612  14.004 0.0000000000
112305  44.991  33.590  14.448 0.0000000000
112312  49.273  33.683  13.207 0.0000000000
112313  49.197  33.565  13.641 0.0000000000
112314  47.451  33.848  12.678 0.0000000000
112315  46.710  33.448  12.989 0.0000000000
112316  46.135  33.512  13.503 0.0000000000
112325  49.033  33.534  12.627 0.0000000000
112326  48.475  33.143  12.210 0.0000000000
112327  47.801  33.097  12.139 0.0000000000
112328  47.270  33.248  12.501 0.0000000000
112340  48.246  32.622  11.832 0.0000000000
112341  48.145  32.780  11.880 0.0000000000
112885  44.450  34.679  20.122 0.0000000000
112899  45.659  35.120  19.207 0.0000000000
112900  45.017  34.809  19.488 0.0000000000
112917  46.776  35.176  18.263 0.0000000000
112918  46.063  34.924  18.622 0.0000000000
112919  45.048  34.148  18.745 0.0000000000
112931  48.847  35.080  17.069 0.0000000000
112932  48.383  35.090  17.164 0.0000000000
112933  47.190  34.894  17.656 0.0000000000
112934  46.117  34.222  17.736 0.0000000000
112942  49.330  35.044  16.343 0.0000000000
112943  48.954  34.851  16.595 0.0000000000
112944  47.951  34.506  16.695 0.0000000000
112945  47.186  34.111  16.745 0.0000000000
112953  49.377  34.910  15.728 0.0000000000
112954  48.870  34.340  15.633 0.0000000000
112955  44.535  34.375  14.986 0.0000000000
112956  44.042  34.413  15.383 0.0000000000
112957  43.028  34.447  15.812 0.0000000000
112963  49.488  34.983  14.518 0.0000000000
112964  45.552  34.641  14.003 0.0000000000
112965  44.948  34.355  14.497 0.0000000000
112970  49.318  34.572  13.579 0.0000000000
112971  47.623  34.612  12.931 0.0000000000
112972  46.954  34.424  13.210 0.0000000000
112973  46.234  34.287  13.606 0.0000000000
112979  49.192  34.286  12.930 0.0000000000
112980  48.823  34.101  12.551 0.0000000000
112981  48.213  34.118  12.500 0.0000000000
113522  45.416  36.068  21.086 0.0000000000
113523  44.568  35.725  21.145 0.0000000000
113530  46.612  36.293  20.210 0.0000000000
113531  45.753  35.857  20.410 0.0000000000
113532  44.773  35.349  20.427 0.0000000000
113539  47.695  36.269  19.014 0.0000000000
113540  46.905  36.031  19.381 0.0000000000
113541  45.963  35.544  19.535 0.0000000000
113542  45.352  35.425  19.960 0.0000000000
113556  48.704  35.911  18.112 0.0000000000
113557  47.963  35.927  18.361 0.0000000000
113558  47.092  35.584  18.548 0.0000000000
113559  46.495  35.561  19.019 0.0000000000
113577  49.275  35.823  17.221 0.0000000000
113578  48.981  35.405  17.299 0.0000000000
113579  48.155  35.542  17.747 0.0000000000
113580  47.619  35.533  18.081 0.0000000000
113592  49.364  35.528  16.538 0.0000000000
113593  49.177  35.219  16.867 0.0000000000
113603  49.564  35.767  15.346 0.0000000000
113604  44.474  35.048  14.920 0.0000000000
113605  43.729  35.359  15.405 0.0000000000
113612  49.500  35.894  14.485 0.0000000000
113613  46.601  35.618  13.760 0.0000000000
113614  46.127  35.343  13.794 0.0000000000
113615  45.093  35.436  14.274 0.0000000000
113620  49.311  35.465  13.776 0.0000000000
113621  48.996  35.379  13.287 0.0000000000
113622  48.336  35.093  13.101 0.0000000000
113623  47.120  35.350  13.521 0.0000000000
113624  46.577  34.884  13.510 0.0000000000
113630  49.134  34.905  13.268 0.0000000000
113631  48.911  34.755  12.899 0.0000000000
113632  48.627  34.535  12.736 0.0000000000
114178  46.965  37.434  22.363 0.0000000000
114179  46.455  37.183  22.344 0.0000000000
114180  45.385  36.683  22.263 0.0000000000
114188  46.795  37.154  21.750 0.0000000000
114189  45.969  36.615  21.736 0.0000000000
114190  45.163  36.199  21.633 0.0000000000
114197  47.122  36.901  20.857 0.0000000000
114198  46.329  36.476  21.059 0.0000000000
114201  48.673  36.736  18.814 0.0000000000
114202  48.196  36.730  19.216 0.0000000000
114203  47.547  36.671  19.899 0.0000000000
114208  49.182  36.573  17.782 0.0000000000
114209  49.002  36.474  18.330 0.0000000000
114210  48.400  36.374  18.653 0.0000000000
114225  49.323  36.455  17.066 0.0000000000
114226  49.222  36.040  17.744 0.0000000000
114243  49.463  36.614  15.952 0.0000000000
114254  49.578  36.671  14.921 0.0000000000
114255  44.493  36.189  14.953 0.0000000000
114256  43.399  36.382  15.578 0.0000000000
114265  49.215  36.447  14.082 0.0000000000
114266  48.500  36.546  14.069 0.0000000000
114267  47.608  36.452  14.110 0.0000000000
114268  46.638  36.103  13.983 0.0000000000
114269  45.609  36.095  14.144 0.0000000000
114270  45.050  36.083  14.413 0.0000000000
114277  49.105  35.832  13.627 0.0000000000
114278  48.763  35.926  13.556 0.0000000000
114279  47.986  35.902  13.697 0.0000000000
114280  47.335  35.966  13.829 0.0000000000
114857  47.034  37.858  23.305 0.0000000000
114858  46.691  37.794  23.376 0.0000000000
114867  47.115  37.583  22.951 0.0000000000
114868  46.152  37.364  22.885 0.0000000000
114875  47.156  37.709  22.201 0.0000000000
114878  46.949  37.588  21.306 0.0000000000
114881  48.491  37.113  19.054 0.0000000000
114882  48.077  37.264  19.613 0.0000000000
114883  47.364  37.479  20.292 0.0000000000
114885  49.090  36.858  18.026 0.0000000000
114886  48.734  37.283  18.256 0.0000000000
114890  49.118  37.283  17.434 0.0000000000
114891  48.865  38.041  17.476 0.0000000000
114906  49.350  37.529  16.468 0.0000000000
114921  49.413  37.679  15.459 0.0000000000
114922  49.079  38.020  14.977 0.0000000000
114923  48.477  37.939  14.975 0.0000000000
114924  47.473  37.755  15.037 0.0000000000
114925  46.326  37.546  15.077 0.0000000000
114926  45.113  37.266  15.084 0.0000000000
114927  43.899  37.330  15.368 0.0000000000
114937  49.286  37.292  14.695 0.0000000000
114938  48.880  37.346  14.396 0.0000000000
114939  48.070  37.129  14.596 0.0000000000
114940  47.000  36.999  14.491 0.0000000000
114941  45.956  36.760  14.529 0.0000000000
114942  45.227  36.471  14.612 0.0000000000
115513  46.686  38.807  24.308 0.0000000000
115522  46.965  38.306  23.492 0.0000000000
115523  46.378  38.249  23.896 0.0000000000
115530  47.313  38.274  22.752 0.0000000000
115532  46.809  38.369  21.752 0.0000000000
115533  45.871  38.895  21.349 0.0000000000
115534  45.222  38.939  21.205 0.0000000000
115536  46.749  38.081  20.680 0.0000000000
115537  46.054  38.583  20.764 0.0000000000
115538  45.279  38.808  20.735 0.0000000000
115542  48.226  37.756  18.860 0.0000000000
115543  47.600  37.959  19.467 0.0000000000
115544  46.840  38.180  19.855 0.0000000000
115545  45.855  38.547  19.937 0.0000000000
115546  45.453  38.734  20.311 0.0000000000
115550  48.491  38.635  17.861 0.0000000000
115551  47.691  38.632  18.629 0.0000000000
115552  46.836  38.599  19.133 0.0000000000
115553  46.303  38.595  19.504 0.0000000000
115556  49.269  38.520  16.893 0.0000000000
115557  48.985  38.693  17.297 0.0000000000
115561  49.409  38.534  16.114 0.0000000000
115573  49.168  38.649  15.602 0.0000000000
115574  48.757  38.725  15.386 0.0000000000
115575  47.957  38.554  15.513 0.0000000000
115576  46.800  38.413  15.521 0.0000000000
115577  45.607  38.294  15.521 0.0000000000
115578  44.421  38.305  15.537 0.0000000000
116118  46.724  39.407  24.667 0.0000000000
116120  46.941  39.143  24.025 0.0000000000
116121  46.749  39.422  23.576 0.0000000000
116122  41.140  40.296  23.336 0.0000000000
116123  40.550  40.224  23.239 0.0000000000
116124  39.598  40.083  23.139 0.0000000000
116125  38.721  40.037  23.017 0.0000000000
116127  47.009  38.911  23.259 0.0000000000
116128  46.537  39.436  22.968 0.0000000000
116129  45.760  39.571  22.577 0.0000000000
116130  44.796  39.665  22.464 0.0000000000
116131  43.707  39.754  22.452 0.0000000000
116132  42.568  39.820  22.524 0.0000000000
116133  41.338  40.017  22.705 0.0000000000
116134  40.167  39.889  22.464 0.0000000000
116135  39.179  40.008  22.352 0.0000000000
116136  38.241  40.095  22.352 0.0000000000
116138  46.905  38.825  22.601 0.0000000000
116139  46.303  39.134  22.135 0.0000000000
116140  45.236  39.223  21.760 0.0000000000
116141  44.118  39.381  21.655 0.0000000000
116142  42.981  39.551  21.585 0.0000000000
116143  41.812  39.692  21.635 0.0000000000
116144  40.709  39.822  21.675 0.0000000000
116145  39.701  39.909  21.631 0.0000000000
116146  38.714  40.153  21.552 0.0000000000
116147  37.908  40.221  21.677 0.0000000000
116150  44.636  39.043  20.986 0.0000000000
116151  43.628  39.380  20.750 0.0000000000
116152  42.352  39.723  20.637 0.0000000000
116153  41.174  39.816  20.822 0.0000000000
116154  40.199  39.967  20.896 0.0000000000
116155  39.331  40.168  20.920 0.0000000000
116156  38.639  40.322  20.859 0.0000000000
116159  45.422  38.968  19.684 0.0000000000
116160  44.710  39.117  19.933 0.0000000000
116161  43.278  39.789  19.937 0.0000000000
116162  42.382  40.204  19.888 0.0000000000
116166  48.549  39.720  17.608 0.0000000000
116167  48.087  39.699  18.186 0.0000000000
116168  47.028  39.547  18.630 0.0000000000
116169  45.769  39.280  19.215 0.0000000000
116170  44.756  39.848  19.269 0.0000000000
116175  49.305  39.120  16.814 0.0000000000
116176  49.070  39.544  17.091 0.0000000000
116180  49.295  39.191  16.535 0.0000000000
116181  48.965  39.939  16.492 0.0000000000
116182  48.623  40.204  16.277 0.0000000000
116183  47.830  40.142  16.292 0.0000000000
116184  46.670  40.011  16.323 0.0000000000
116185  45.506  39.950  16.236 0.0000000000
116186  44.568  39.946  16.151 0.0000000000
116189  49.258  39.213  16.062 0.0000000000
116190  48.963  39.426  15.857 0.0000000000
116191  48.339  39.390  15.895 0.0000000000
116192  47.313  39.257  15.953 0.0000000000
116193  46.119  39.169  15.900 0.0000000000
116194  44.967  39.156  15.892 0.0000000000
116713  46.615  39.991  24.903 0.0000000000
116732  46.640  39.761  24.290 0.0000000000
116733  46.144  40.290  24.489 0.0000000000
116746  46.717  39.600  23.895 0.0000000000
116747  46.267  39.884  23.656 0.0000000000
116748  45.387  40.357  23.838 0.0000000000
116749  44.342  40.552  23.965 0.0000000000
116750  43.230  40.677  24.030 0.0000000000
116751  42.179  40.720  24.049 0.0000000000
116759  45.987  39.800  23.018 0.0000000000
116760  45.486  39.965  23.113 0.0000000000
116761  44.533  40.159  23.159 0.0000000000
116762  43.442  40.237  23.243 0.0000000000
116763  42.371  40.347  23.324 0.0000000000
116764  41.612  40.392  23.467 0.0000000000
116765  37.337  40.243  22.145 0.0000000000
116769  38.019  40.344  21.063 0.0000000000
116770  37.297  40.405  21.289 0.0000000000
116771  36.583  40.570  21.600 0.0000000000
116772  35.881  40.906  21.831 0.0000000000
116775  41.545  40.211  20.091 0.0000000000
116776  40.636  40.326  20.243 0.0000000000
116777  39.785  40.457  20.326 0.0000000000
116778  38.965  40.504  20.339 0.0000000000
116779  38.170  40.535  20.429 0.0000000000
116780  37.426  40.575  20.597 0.0000000000
116781  36.641  40.722  20.690 0.0000000000
116782  36.044  40.845  21.075 0.0000000000
116785  43.891  40.001  19.303 0.0000000000
116786  43.036  40.790  19.413 0.0000000000
116787  41.922  40.857  19.590 0.0000000000
116788  41.034  40.859  19.702 0.0000000000
116789  40.205  40.914  19.782 0.0000000000
116790  39.361  40.890  19.776 0.0000000000
116791  38.457  40.833  19.815 0.0000000000
116792  37.528  40.820  19.962 0.0000000000
116793  36.977  40.813  20.205 0.0000000000
116795  48.696  40.871  17.732 0.0000000000
116796  47.603  40.770  18.423 0.0000000000
116797  46.370  40.565  18.753 0.0000000000
116798  45.278  40.495  18.989 0.0000000000
116799  44.367  40.612  19.078 0.0000000000
116800  43.759  40.687  19.205 0.0000000000
116803  49.253  40.905  16.995 0.0000000000
116807  48.924  41.033  16.628 0.0000000000
116808  48.297  41.054  16.505 0.0000000000
116809  47.278  40.934  16.591 0.0000000000
116810  46.054  40.832  16.612 0.0000000000
116811  44.914  40.740  16.427 0.0000000000
116858  46.811  40.540  8.313 0.0000000000
117368  35.485  41.643  22.109 0.0000000000
117371  36.082  41.046  20.541 0.0000000000
117372  35.563  41.538  20.853 0.0000000000
117375  46.674  42.633  19.233 0.0000000000
117376  46.072  42.334  19.259 0.0000000000
117377  45.376  42.033  19.233 0.0000000000
117378  43.143  41.828  19.110 0.0000000000
117379  42.299  41.653  19.229 0.0000000000
117380  41.399  41.508  19.309 0.0000000000
117381  40.608  41.443  19.378 0.0000000000
117382  39.820  41.526  19.314 0.0000000000
117383  38.859  41.361  19.328 0.0000000000
117384  37.828  41.299  19.377 0.0000000000
117385  36.465  41.413  19.713 0.0000000000
117386  35.515  41.945  19.957 0.0000000000
117388  48.952  42.050  17.986 0.0000000000
117389  48.183  41.906  18.384 0.0000000000
117390  46.984  41.967  18.865 0.0000000000
117391  45.815  41.470  19.064 0.0000000000
117392  44.873  41.463  19.089 0.0000000000
117393  43.911  41.436  19.097 0.0000000000
117394  39.240  41.897  18.974 0.0000000000
117395  38.386  41.874  18.906 0.0000000000
117396  37.367  41.880  18.948 0.0000000000
117397  36.747  41.987  19.045 0.0000000000
117399  49.191  41.846  17.364 0.0000000000
117400  49.051  42.162  17.081 0.0000000000
117402  49.163  41.660  16.923 0.0000000000
117403  48.721  41.915  16.719 0.0000000000
117404  47.883  41.795  16.648 0.0000000000
117405  46.768  41.800  16.702 0.0000000000
117406  45.456  41.752  16.659 0.0000000000
117407  44.311  41.532  16.387 0.0000000000
117445  48.075  42.478  9.252 0.0000000000
117446  47.942  42.269  9.205 0.0000000000
117447  47.635  41.967  9.292 0.0000000000
117448  46.901  41.689  9.406 0.0000000000
117449  45.886  41.643  9.362 0.0000000000
117455  48.088  42.417  9.050 0.0000000000
117456  47.913  41.896  8.675 0.0000000000
117457  47.266  41.314  8.803 0.0000000000
117458  46.401  41.097  8.836 0.0000000000
117968  35.263  42.770  20.353 0.0000000000
117975  47.912  43.309  18.894 0.0000000000
117976  47.253  43.058  19.216 0.0000000000
117977  46.338  43.088  19.336 0.0000000000
117978  45.205  42.738  19.282 0.0000000000
117979  43.904  42.587  19.148 0.0000000000
117980  42.709  42.633  18.943 0.0000000000
117981  41.728  42.212  18.947 0.0000000000
117982  40.873  41.952  18.988 0.0000000000
117983  40.344  41.815  19.127 0.0000000000
117984  36.376  42.245  19.070 0.0000000000
117985  35.728  42.594  19.362 0.0000000000
117991  48.864  42.347  17.598 0.0000000000
117992  48.412  42.891  18.217 0.0000000000
117993  47.834  42.659  18.798 0.0000000000
117994  44.990  42.099  19.228 0.0000000000
117995  44.563  42.089  19.166 0.0000000000
117996  42.517  43.130  18.719 0.0000000000
117997  42.013  42.906  18.645 0.0000000000
117998  41.106  42.577  18.653 0.0000000000
117999  40.075  42.279  18.800 0.0000000000
118000  38.999  42.442  18.602 0.0000000000
118001  37.983  42.516  18.578 0.0000000000
118002  36.964  42.551  18.670 0.0000000000
118003  36.228  42.827  18.749 0.0000000000
118005  48.990  42.294  17.302 0.0000000000
118006  48.445  42.754  17.251 0.0000000000
118007  47.530  43.270  16.887 0.0000000000
118008  47.019  43.507  16.779 0.0000000000
118010  48.253  42.291  16.800 0.0000000000
118011  47.596  42.509  16.813 0.0000000000
118012  46.398  42.910  16.732 0.0000000000
118013  44.700  42.721  16.290 0.0000000000
118016  44.282  43.140  15.682 0.0000000000
118038  47.528  42.944  10.031 0.0000000000
118039  46.921  42.836  10.361 0.0000000000
118040  45.908  42.770  10.414 0.0000000000
118041  44.782  42.758  10.488 0.0000000000
118047  48.017  42.705  9.248 0.0000000000
118048  47.760  42.594  9.512 0.0000000000
118049  47.271  42.370  9.748 0.0000000000
118050  46.422  42.259  9.852 0.0000000000
118051  45.343  42.270  9.846 0.0000000000
118059  48.065  42.605  8.904 0.0000000000
118570  47.565  43.723  19.087 0.0000000000
118571  46.894  43.926  19.198 0.0000000000
118572  45.849  43.743  19.255 0.0000000000
118573  44.601  43.786  19.075 0.0000000000
118574  43.373  43.348  18.893 0.0000000000
118575  42.793  43.211  18.761 0.0000000000
118576  35.201  43.660  19.450 0.0000000000
118577  35.051  44.097  19.006 0.0000000000
118588  47.950  44.044  18.613 0.0000000000
118589  47.447  44.113  19.031 0.0000000000
118590  44.394  44.271  18.747 0.0000000000
118591  43.752  44.006  18.690 0.0000000000
118592  42.603  43.638  18.354 0.0000000000
118593  41.392  43.231  18.301 0.0000000000
118594  40.542  42.926  18.396 0.0000000000
118595  39.663  42.978  18.281 0.0000000000
118596  38.610  43.089  18.215 0.0000000000
118597  37.578  43.164  18.212 0.0000000000
118598  36.605  43.276  18.266 0.0000000000
118599  35.673  43.593  18.521 0.0000000000
118600  35.224  43.922  18.842 0.0000000000
118609  48.268  43.715  17.848 0.0000000000
118610  47.921  43.911  17.265 0.0000000000
118611  47.381  43.808  16.870 0.0000000000
118612  42.246  44.036  17.779 0.0000000000
118613  41.616  43.770  17.789 0.0000000000
118614  40.486  43.489  17.834 0.0000000000
118615  39.274  43.528  17.697 0.0000000000
118616  38.178  43.592  17.633 0.0000000000
118617  37.134  43.676  17.636 0.0000000000
118618  36.202  43.854  17.783 0.0000000000
118619  35.734  44.006  17.943 0.0000000000
118622  47.477  44.269  16.922 0.0000000000
118623  46.724  44.003  16.618 0.0000000000
118624  45.716  43.566  16.355 0.0000000000
118626  45.989  44.261  16.176 0.0000000000
118627  45.048  43.881  15.711 0.0000000000
118630  44.554  44.110  14.856 0.0000000000
118634  44.504  44.176  13.926 0.0000000000
118638  46.790  44.410  12.177 0.0000000000
118639  46.194  44.218  12.276 0.0000000000
118640  44.926  44.009  12.718 0.0000000000
118644  47.253  44.240  11.308 0.0000000000
118645  46.887  44.070  11.641 0.0000000000
118646  45.724  43.732  11.662 0.0000000000
118647  44.390  43.378  11.570 0.0000000000
118651  47.222  43.735  10.682 0.0000000000
118652  46.391  43.416  10.920 0.0000000000
118653  45.325  43.217  10.967 0.0000000000
118654  44.658  43.124  10.950 0.0000000000
118661  47.999  43.002  9.437 0.0000000000
118662  47.716  43.286  9.628 0.0000000000
118663  47.486  43.581  9.301 0.0000000000
118664  46.898  43.802  9.129 0.0000000000
118665  45.951  43.903  8.946 0.0000000000
118666  44.945  43.844  8.779 0.0000000000
118674  48.042  42.946  9.225 0.0000000000
118675  47.952  43.090  8.945 0.0000000000
118676  47.432  43.217  8.565 0.0000000000
119168  46.847  44.344  19.130 0.0000000000
119169  46.427  44.348  19.108 0.0000000000
119170  45.596  44.339  19.023 0.0000000000
119179  47.781  44.751  18.438 0.0000000000
119180  47.148  44.663  18.903 0.0000000000
119181  46.077  44.883  18.817 0.0000000000
119182  44.990  44.743  18.683 0.0000000000
119183  44.210  44.495  18.410 0.0000000000
119184  43.462  44.287  18.209 0.0000000000
119185  35.532  44.137  18.086 0.0000000000
119186  35.139  44.444  18.447 0.0000000000
119197  48.071  44.703  17.807 0.0000000000
119198  47.712  44.594  17.247 0.0000000000
119199  44.626  44.983  18.115 0.0000000000
119200  43.943  44.785  17.794 0.0000000000
119201  42.852  44.462  17.593 0.0000000000
119202  41.925  44.284  17.340 0.0000000000
119203  40.982  44.151  17.240 0.0000000000
119204  39.934  43.890  17.045 0.0000000000
119205  38.808  43.962  16.975 0.0000000000
119206  37.702  44.026  16.908 0.0000000000
119207  36.661  44.237  17.009 0.0000000000
119208  35.678  44.549  17.447 0.0000000000
119209  35.073  44.948  17.749 0.0000000000
119218  47.682  45.017  17.293 0.0000000000
119219  47.261  44.900  16.789 0.0000000000
119220  46.564  44.721  16.320 0.0000000000
119221  42.354  44.680  16.903 0.0000000000
119222  41.542  44.551  16.622 0.0000000000
119223  40.569  44.334  16.346 0.0000000000
119224  39.460  44.121  16.165 0.0000000000
119225  38.318  44.142  16.063 0.0000000000
119226  37.173  44.411  15.953 0.0000000000
119227  36.188  44.839  16.246 0.0000000000
119228  35.666  45.201  16.656 0.0000000000
119231  46.771  45.291  16.227 0.0000000000
119232  46.191  44.974  15.559 0.0000000000
119233  45.360  44.543  15.001 0.0000000000
119234  42.146  44.854  16.180 0.0000000000
119235  41.373  44.817  15.514 0.0000000000
119236  40.150  44.416  15.309 0.0000000000
119237  38.964  44.350  15.210 0.0000000000
119238  37.886  44.411  15.141 0.0000000000
119239  37.121  44.607  15.029 0.0000000000
119240  36.532  44.873  15.270 0.0000000000
119242  46.580  45.365  13.673 0.0000000000
119243  46.039  45.046  14.377 0.0000000000
119244  45.160  44.506  14.359 0.0000000000
119245  41.415  45.089  14.804 0.0000000000
119246  40.788  44.999  14.451 0.0000000000
119247  39.576  44.685  14.321 0.0000000000
119248  38.405  44.606  14.263 0.0000000000
119249  37.420  44.621  14.324 0.0000000000
119250  36.682  44.843  14.452 0.0000000000
119252  46.895  45.124  12.988 0.0000000000
119253  46.263  44.904  13.330 0.0000000000
119254  45.468  44.527  13.598 0.0000000000
119255  40.768  45.275  13.843 0.0000000000
119256  40.198  45.100  13.628 0.0000000000
119257  38.915  45.020  13.168 0.0000000000
119258  37.698  44.716  13.420 0.0000000000
119259  36.815  44.814  13.651 0.0000000000
119261  47.413  44.797  11.809 0.0000000000
119262  47.170  44.746  12.197 0.0000000000
119263  46.591  44.651  12.618 0.0000000000
119264  45.911  44.468  12.892 0.0000000000
119265  38.544  44.917  12.045 0.0000000000
119266  37.777  44.782  12.433 0.0000000000
119267  36.880  44.831  12.731 0.0000000000
119275  47.332  44.567  11.313 0.0000000000
119276  47.308  44.487  11.650 0.0000000000
119277  38.942  44.720  10.828 0.0000000000
119278  38.464  44.716  11.164 0.0000000000
119279  37.705  44.717  11.489 0.0000000000
119289  47.214  44.377  10.482 0.0000000000
119290  46.607  44.911  10.313 0.0000000000
119291  45.575  45.023  10.215 0.0000000000
119292  44.289  44.889  10.118 0.0000000000
119293  42.948  44.772  10.049 0.0000000000
119294  41.729  44.733  10.058 0.0000000000
119295  40.718  44.683  10.057 0.0000000000
119296  39.899  44.633  10.069 0.0000000000
119297  39.181  44.664  10.265 0.0000000000
119309  47.439  43.872  9.771 0.0000000000
119310  47.089  44.195  9.765 0.0000000000
119311  46.295  44.426  9.637 0.0000000000
119312  45.156  44.378  9.476 0.0000000000
119313  43.735  44.090  9.058 0.0000000000
119783  47.527  45.300  18.174 0.0000000000
119784  46.617  45.423  18.300 0.0000000000
119785  45.617  45.347  18.228 0.0000000000
119786  45.012  45.231  18.165 0.0000000000
119795  47.498  45.350  17.475 0.0000000000
119796  46.939  45.895  17.495 0.0000000000
119797  46.100  45.864  17.635 0.0000000000
119798  44.841  45.679  17.334 0.0000000000
119799  43.517  45.061  17.096 0.0000000000
119800  42.887  44.807  17.035 0.0000000000
119801  35.304  45.525  17.267 0.0000000000
119813  47.421  45.282  17.120 0.0000000000
119814  47.074  45.725  16.708 0.0000000000
119815  44.622  46.274  15.969 0.0000000000
119816  43.733  45.581  16.216 0.0000000000
119817  42.866  45.042  16.476 0.0000000000
119818  35.840  45.431  16.043 0.0000000000
119819  35.609  45.823  16.356 0.0000000000
119827  46.759  45.810  15.519 0.0000000000
119828  46.534  45.487  15.399 0.0000000000
119829  44.562  46.552  15.345 0.0000000000
119830  43.856  46.277  15.107 0.0000000000
119831  42.565  45.398  15.363 0.0000000000
119832  41.785  45.137  14.976 0.0000000000
119833  36.043  45.398  15.400 0.0000000000
119834  35.699  45.923  15.538 0.0000000000
119837  46.734  45.809  14.366 0.0000000000
119838  46.477  45.496  15.064 0.0000000000
119839  43.714  46.443  14.396 0.0000000000
119840  43.025  46.167  14.164 0.0000000000
119841  41.739  45.458  14.290 0.0000000000
119842  41.073  45.343  13.974 0.0000000000
119843  36.169  45.359  14.568 0.0000000000
119844  35.706  45.867  14.707 0.0000000000
119846  46.884  45.683  13.432 0.0000000000
119847  43.045  46.294  13.323 0.0000000000
119848  42.260  46.023  13.366 0.0000000000
119849  41.049  45.593  13.334 0.0000000000
119850  40.026  45.271  12.765 0.0000000000
119851  39.297  45.132  12.318 0.0000000000
119852  36.279  45.198  13.895 0.0000000000
119853  35.540  45.678  13.716 0.0000000000
119863  47.402  45.056  12.101 0.0000000000
119864  47.118  45.561  12.586 0.0000000000
119865  43.774  46.403  12.380 0.0000000000
119866  43.107  46.214  12.612 0.0000000000
119867  41.865  45.882  12.469 0.0000000000
119868  40.786  45.571  12.243 0.0000000000
119869  39.891  45.240  11.919 0.0000000000
119870  39.152  44.937  11.654 0.0000000000
119871  36.133  45.172  13.119 0.0000000000
119883  47.404  45.157  11.825 0.0000000000
119884  47.067  45.839  11.871 0.0000000000
119885  46.330  46.080  11.623 0.0000000000
119886  45.287  46.117  11.642 0.0000000000
119887  43.960  46.212  11.773 0.0000000000
119888  42.690  45.746  11.716 0.0000000000
119889  41.534  45.494  11.594 0.0000000000
119890  40.541  45.219  11.405 0.0000000000
119891  39.614  44.855  11.104 0.0000000000
119892  39.050  44.794  11.207 0.0000000000
119901  47.267  45.082  11.311 0.0000000000
119902  46.837  45.368  11.055 0.0000000000
119903  45.983  45.591  10.925 0.0000000000
119904  44.784  45.564  10.933 0.0000000000
119905  43.480  45.441  10.897 0.0000000000
119906  42.256  45.176  10.888 0.0000000000
119907  41.174  45.022  10.811 0.0000000000
119908  40.291  44.839  10.698 0.0000000000
119909  39.754  44.704  10.563 0.0000000000
120395  46.755  46.138  17.200 0.0000000000
120396  46.491  46.195  17.146 0.0000000000
120397  45.882  46.246  17.044 0.0000000000
120407  46.713  46.206  16.869 0.0000000000
120408  46.276  46.517  16.539 0.0000000000
120409  45.520  46.485  16.352 0.0000000000
120419  46.691  46.510  15.905 0.0000000000
120420  46.065  46.973  15.749 0.0000000000
120421  45.189  46.870  15.364 0.0000000000
120422  44.575  46.717  14.959 0.0000000000
120426  46.826  46.546  14.784 0.0000000000
120427  44.913  47.125  14.682 0.0000000000
120428  44.290  46.733  14.373 0.0000000000
120429  43.752  46.556  13.990 0.0000000000
120441  46.893  46.375  13.652 0.0000000000
120442  44.872  47.291  13.997 0.0000000000
120443  44.251  46.867  13.613 0.0000000000
120444  43.557  46.513  13.479 0.0000000000
120445  35.277  46.267  14.197 0.0000000000
120457  46.780  46.490  12.782 0.0000000000
120458  46.208  46.856  12.758 0.0000000000
120459  45.245  47.064  13.113 0.0000000000
120460  43.985  46.652  12.832 0.0000000000
120461  43.402  46.444  13.046 0.0000000000
120468  46.512  46.450  12.232 0.0000000000
120469  45.759  46.577  12.264 0.0000000000
120470  44.721  46.526  12.328 0.0000000000
120471  44.097  46.471  12.322 0.0000000000
120934  46.485  47.111  15.029 0.0000000000
120935  45.786  47.236  14.988 0.0000000000
120936  45.323  47.211  14.876 0.0000000000
120948  46.712  47.126  14.179 0.0000000000
120949  46.068  47.342  14.381 0.0000000000
120950  45.422  47.342  14.465 0.0000000000
120963  46.629  46.995  13.424 0.0000000000
120964  46.195  47.320  13.746 0.0000000000
120965  45.593  47.375  13.853 0.0000000000
120970  46.483  46.929  13.042 0.0000000000
120971  46.130  47.149  13.241 0.0000000000
120972  45.796  47.270  13.483 0.0000000000
