#!ascii label  , from subject FREESURFER vox2ras=TkReg 
366
49674  42.095  -38.022  14.778 0.0000000000
49676  40.616  -38.395  14.625 0.0000000000
49688  40.397  -38.052  14.158 0.0000000000
49689  39.923  -38.060  14.012 0.0000000000
49690  38.952  -38.184  13.804 0.0000000000
50676  42.707  -37.536  14.493 0.0000000000
50677  41.636  -37.802  14.365 0.0000000000
50678  41.117  -38.049  14.397 0.0000000000
50686  42.278  -37.031  13.807 0.0000000000
50687  41.723  -37.290  13.846 0.0000000000
50688  40.685  -37.689  13.857 0.0000000000
50689  39.405  -37.496  13.161 0.0000000000
50690  38.288  -37.755  13.209 0.0000000000
50703  39.064  -37.101  12.543 0.0000000000
50704  38.497  -37.224  12.660 0.0000000000
50705  37.597  -37.251  12.803 0.0000000000
51616  43.442  -36.881  14.100 0.0000000000
51624  42.758  -36.552  13.540 0.0000000000
51625  41.947  -36.750  13.336 0.0000000000
51626  41.139  -36.964  13.175 0.0000000000
51627  40.269  -37.044  13.033 0.0000000000
51638  42.224  -36.283  12.985 0.0000000000
51639  41.544  -36.307  12.709 0.0000000000
51640  40.597  -36.444  12.514 0.0000000000
51641  39.559  -36.679  12.398 0.0000000000
51642  38.726  -36.734  12.257 0.0000000000
51643  37.900  -36.716  12.311 0.0000000000
51658  39.014  -36.346  11.927 0.0000000000
51659  38.307  -36.239  11.830 0.0000000000
51660  37.348  -36.172  11.855 0.0000000000
52557  43.200  -35.626  12.934 0.0000000000
52558  42.607  -36.044  12.971 0.0000000000
52569  42.808  -35.175  12.418 0.0000000000
52570  42.219  -35.661  12.464 0.0000000000
52571  41.076  -35.577  11.941 0.0000000000
52572  39.957  -35.960  11.957 0.0000000000
52573  39.399  -36.186  11.919 0.0000000000
52589  40.769  -34.938  11.430 0.0000000000
52590  40.095  -35.227  11.417 0.0000000000
52591  39.028  -35.694  11.473 0.0000000000
52592  37.823  -35.618  11.349 0.0000000000
52593  36.807  -35.538  11.399 0.0000000000
52594  35.896  -35.404  11.525 0.0000000000
53623  43.430  -34.510  12.254 0.0000000000
53624  42.376  -34.886  12.024 0.0000000000
53625  41.809  -35.205  11.933 0.0000000000
53637  43.037  -33.890  11.721 0.0000000000
53638  42.471  -34.132  11.665 0.0000000000
53639  41.475  -34.555  11.514 0.0000000000
53640  40.387  -34.310  10.968 0.0000000000
53641  39.311  -34.766  10.875 0.0000000000
53642  38.250  -34.955  10.857 0.0000000000
53643  37.214  -34.944  10.886 0.0000000000
53644  36.245  -34.891  10.939 0.0000000000
53645  35.339  -34.799  11.092 0.0000000000
53657  40.098  -33.737  10.509 0.0000000000
53658  39.486  -33.982  10.463 0.0000000000
53659  38.551  -34.196  10.436 0.0000000000
53660  37.584  -34.284  10.460 0.0000000000
53661  36.639  -34.238  10.505 0.0000000000
53662  35.674  -34.189  10.523 0.0000000000
53663  34.718  -34.232  10.676 0.0000000000
54721  43.526  -33.408  11.672 0.0000000000
54722  42.692  -33.435  11.456 0.0000000000
54723  41.791  -33.431  11.178 0.0000000000
54724  41.067  -33.870  11.137 0.0000000000
54741  41.448  -32.857  10.763 0.0000000000
54742  40.722  -33.281  10.627 0.0000000000
54743  39.731  -33.283  10.182 0.0000000000
54744  38.816  -33.462  10.102 0.0000000000
54745  37.896  -33.616  10.112 0.0000000000
54746  37.033  -33.659  10.157 0.0000000000
54747  36.165  -33.490  10.014 0.0000000000
54748  35.002  -33.459  9.942 0.0000000000
54749  33.855  -33.650  10.598 0.0000000000
54750  33.237  -33.416  10.742 0.0000000000
54756  36.120  -33.162  9.754 0.0000000000
54757  35.801  -33.150  9.707 0.0000000000
55884  44.004  -32.372  11.388 0.0000000000
55885  43.012  -32.782  11.232 0.0000000000
55886  42.403  -33.005  11.191 0.0000000000
55905  43.844  -31.899  11.095 0.0000000000
55906  43.309  -32.040  10.978 0.0000000000
55907  42.188  -32.393  10.823 0.0000000000
55908  41.131  -32.332  10.374 0.0000000000
55909  40.130  -32.422  9.895 0.0000000000
55910  39.126  -32.734  9.804 0.0000000000
55911  38.192  -32.941  9.800 0.0000000000
55912  37.295  -33.140  9.822 0.0000000000
55913  36.718  -33.285  9.879 0.0000000000
55914  34.715  -32.854  9.592 0.0000000000
55915  34.041  -32.737  9.804 0.0000000000
55916  33.098  -32.808  10.370 0.0000000000
55926  39.924  -31.930  9.614 0.0000000000
55927  39.442  -32.038  9.556 0.0000000000
55928  38.550  -32.251  9.486 0.0000000000
55929  37.584  -32.494  9.472 0.0000000000
55930  36.439  -32.839  9.550 0.0000000000
55931  35.346  -32.706  9.398 0.0000000000
55932  34.591  -32.405  9.368 0.0000000000
57087  44.809  -31.584  11.270 0.0000000000
57088  44.136  -31.807  11.153 0.0000000000
57108  44.604  -31.115  11.009 0.0000000000
57109  43.977  -31.368  10.876 0.0000000000
57110  42.859  -31.382  10.548 0.0000000000
57111  41.692  -31.348  10.157 0.0000000000
57112  40.682  -31.727  9.861 0.0000000000
57113  40.188  -31.867  9.679 0.0000000000
57114  33.293  -32.066  9.804 0.0000000000
57130  41.475  -30.786  9.818 0.0000000000
57131  40.960  -30.990  9.645 0.0000000000
57132  40.032  -31.411  9.433 0.0000000000
57133  39.020  -31.520  9.132 0.0000000000
57134  38.061  -31.827  9.088 0.0000000000
57135  37.054  -31.996  9.004 0.0000000000
57136  35.995  -32.124  8.840 0.0000000000
57137  34.989  -31.983  8.883 0.0000000000
57138  33.980  -31.674  9.221 0.0000000000
57139  33.106  -31.303  9.618 0.0000000000
57153  38.456  -31.280  8.773 0.0000000000
57154  37.712  -31.370  8.573 0.0000000000
57155  36.661  -31.446  8.210 0.0000000000
57156  35.540  -31.435  8.201 0.0000000000
57157  34.671  -31.215  8.515 0.0000000000
57158  34.017  -30.815  8.727 0.0000000000
57169  36.020  -31.012  7.596 0.0000000000
57170  35.491  -30.952  7.809 0.0000000000
58247  46.403  -30.893  11.734 0.0000000000
58248  45.641  -30.765  11.254 0.0000000000
58249  44.938  -30.996  11.081 0.0000000000
58267  45.497  -30.283  10.922 0.0000000000
58268  44.764  -30.528  10.748 0.0000000000
58269  43.540  -30.471  10.309 0.0000000000
58270  42.527  -30.650  10.096 0.0000000000
58271  41.862  -30.598  9.884 0.0000000000
58292  42.991  -30.069  9.872 0.0000000000
58293  42.309  -30.046  9.651 0.0000000000
58294  41.445  -30.258  9.422 0.0000000000
58295  40.494  -30.440  9.056 0.0000000000
58296  39.659  -30.833  8.888 0.0000000000
58297  38.992  -30.948  8.712 0.0000000000
58298  33.390  -30.657  9.195 0.0000000000
58317  39.994  -30.192  8.652 0.0000000000
58318  39.393  -30.396  8.397 0.0000000000
58319  38.459  -30.689  8.254 0.0000000000
58320  37.524  -30.867  7.961 0.0000000000
58321  36.780  -30.808  7.665 0.0000000000
58322  35.101  -30.893  8.003 0.0000000000
58323  34.497  -30.369  8.172 0.0000000000
58324  33.760  -30.066  8.693 0.0000000000
58340  38.023  -30.361  7.748 0.0000000000
58341  37.316  -30.237  7.450 0.0000000000
58342  36.367  -30.190  7.331 0.0000000000
58343  35.355  -30.255  7.608 0.0000000000
58344  34.718  -29.724  7.833 0.0000000000
59294  47.525  -29.400  11.901 0.0000000000
59295  46.723  -29.905  11.560 0.0000000000
59296  45.894  -30.156  11.089 0.0000000000
59307  46.413  -29.356  10.992 0.0000000000
59308  45.648  -29.626  10.691 0.0000000000
59309  44.219  -29.452  10.048 0.0000000000
59310  43.458  -29.811  9.943 0.0000000000
59329  43.827  -28.733  9.603 0.0000000000
59330  43.069  -29.258  9.529 0.0000000000
59331  41.992  -29.374  9.157 0.0000000000
59332  41.056  -29.474  8.714 0.0000000000
59333  40.393  -29.903  8.639 0.0000000000
59351  40.854  -28.992  8.253 0.0000000000
59352  40.095  -29.503  8.032 0.0000000000
59353  39.014  -30.020  7.817 0.0000000000
59354  38.459  -30.233  7.761 0.0000000000
59355  34.150  -29.392  8.257 0.0000000000
59367  39.738  -29.025  7.456 0.0000000000
59368  39.201  -29.309  7.389 0.0000000000
59369  38.193  -29.704  7.277 0.0000000000
59370  36.917  -29.313  6.935 0.0000000000
59371  35.855  -29.212  7.084 0.0000000000
59372  35.025  -29.295  7.491 0.0000000000
59373  34.620  -29.292  7.828 0.0000000000
59380  36.564  -28.753  6.745 0.0000000000
59381  36.339  -28.922  6.875 0.0000000000
60266  48.164  -28.294  11.865 0.0000000000
60267  47.480  -28.734  11.520 0.0000000000
60268  46.772  -29.167  11.176 0.0000000000
60282  47.064  -28.220  10.818 0.0000000000
60283  46.392  -28.661  10.637 0.0000000000
60284  45.068  -28.479  9.899 0.0000000000
60285  44.330  -28.689  9.739 0.0000000000
60297  44.676  -27.838  9.537 0.0000000000
60298  44.164  -28.071  9.520 0.0000000000
60299  43.321  -28.200  9.292 0.0000000000
60300  42.359  -28.349  8.912 0.0000000000
60301  41.735  -28.911  8.749 0.0000000000
60317  42.004  -27.888  8.511 0.0000000000
60318  41.464  -28.437  8.391 0.0000000000
60319  40.741  -28.570  7.892 0.0000000000
60336  40.127  -28.618  7.440 0.0000000000
60337  39.446  -28.603  6.909 0.0000000000
60338  38.592  -28.924  6.772 0.0000000000
60339  37.737  -28.960  6.698 0.0000000000
60340  35.734  -28.699  7.016 0.0000000000
60341  35.306  -28.474  7.222 0.0000000000
60342  34.564  -28.658  7.825 0.0000000000
60347  38.790  -28.291  6.334 0.0000000000
60348  37.955  -28.341  6.209 0.0000000000
60349  36.964  -28.378  6.466 0.0000000000
60350  36.022  -28.379  6.778 0.0000000000
60351  35.540  -27.943  7.064 0.0000000000
61220  48.558  -27.652  11.754 0.0000000000
61221  47.998  -28.113  11.524 0.0000000000
61241  48.142  -27.224  10.926 0.0000000000
61242  47.614  -27.744  10.923 0.0000000000
61243  46.632  -27.659  10.305 0.0000000000
61244  45.803  -27.877  10.032 0.0000000000
61257  45.893  -27.217  9.696 0.0000000000
61258  45.107  -27.428  9.518 0.0000000000
61259  44.382  -27.373  9.290 0.0000000000
61260  43.650  -27.335  9.059 0.0000000000
61261  42.957  -27.623  8.930 0.0000000000
61273  43.091  -27.004  8.696 0.0000000000
61274  42.469  -27.364  8.506 0.0000000000
61275  41.797  -27.517  8.061 0.0000000000
61276  41.195  -27.960  7.844 0.0000000000
61291  41.318  -27.370  7.390 0.0000000000
61292  40.633  -27.894  7.316 0.0000000000
61293  39.975  -28.048  6.920 0.0000000000
61309  40.846  -27.238  6.831 0.0000000000
61310  40.205  -27.420  6.601 0.0000000000
61311  39.341  -27.613  6.210 0.0000000000
61312  38.333  -27.618  5.908 0.0000000000
61313  37.257  -27.261  6.042 0.0000000000
61314  36.369  -27.471  6.520 0.0000000000
61327  38.618  -26.995  5.787 0.0000000000
61328  37.924  -26.840  5.770 0.0000000000
61329  37.481  -26.627  5.941 0.0000000000
62112  48.969  -27.034  11.566 0.0000000000
62129  49.547  -26.187  11.066 0.0000000000
62130  48.621  -26.509  10.652 0.0000000000
62131  47.625  -26.950  10.339 0.0000000000
62132  47.125  -27.273  10.285 0.0000000000
62152  48.046  -25.857  9.815 0.0000000000
62153  47.515  -26.156  9.739 0.0000000000
62154  46.583  -26.650  9.653 0.0000000000
62155  45.354  -26.411  9.091 0.0000000000
62156  44.660  -26.823  9.106 0.0000000000
62157  44.141  -26.819  8.918 0.0000000000
62171  44.912  -25.769  8.650 0.0000000000
62172  44.431  -26.135  8.676 0.0000000000
62173  43.633  -26.417  8.547 0.0000000000
62174  42.885  -26.446  8.164 0.0000000000
62175  42.278  -26.859  8.002 0.0000000000
62183  42.408  -26.234  7.549 0.0000000000
62184  41.876  -26.809  7.484 0.0000000000
62195  41.961  -26.180  7.016 0.0000000000
62196  41.361  -26.601  6.731 0.0000000000
62197  40.508  -26.636  6.187 0.0000000000
62198  39.822  -26.932  6.053 0.0000000000
62199  37.122  -26.233  6.218 0.0000000000
62212  39.825  -26.304  5.723 0.0000000000
62213  39.119  -26.504  5.733 0.0000000000
62214  38.293  -26.280  5.727 0.0000000000
62215  37.657  -26.162  5.903 0.0000000000
63052  49.217  -25.440  10.413 0.0000000000
63068  48.377  -25.323  9.773 0.0000000000
63069  47.484  -25.293  9.438 0.0000000000
63070  46.510  -25.374  9.135 0.0000000000
63071  45.944  -25.928  9.097 0.0000000000
63088  45.925  -24.755  8.721 0.0000000000
63089  45.375  -25.241  8.700 0.0000000000
63090  44.508  -25.251  8.486 0.0000000000
63091  43.856  -25.390  8.317 0.0000000000
63092  43.364  -25.780  8.097 0.0000000000
63108  43.408  -25.143  7.921 0.0000000000
63109  42.928  -25.497  7.599 0.0000000000
63122  42.319  -25.516  6.970 0.0000000000
63123  41.612  -25.605  6.367 0.0000000000
63124  40.987  -25.999  6.069 0.0000000000
63134  40.975  -25.312  5.763 0.0000000000
63135  40.248  -25.624  5.629 0.0000000000
63136  39.308  -25.581  5.586 0.0000000000
63137  38.554  -25.616  5.693 0.0000000000
63138  37.917  -25.537  5.901 0.0000000000
63989  49.492  -24.848  10.429 0.0000000000
64001  48.885  -24.362  9.841 0.0000000000
64002  47.568  -24.309  9.166 0.0000000000
64003  46.975  -24.785  9.125 0.0000000000
64012  46.972  -23.776  8.706 0.0000000000
64013  46.451  -24.227  8.723 0.0000000000
64014  45.479  -24.187  8.503 0.0000000000
64015  44.553  -24.292  8.252 0.0000000000
64016  44.124  -24.801  8.283 0.0000000000
64027  44.130  -23.946  7.894 0.0000000000
64028  43.756  -24.399  7.851 0.0000000000
64029  43.241  -24.771  7.517 0.0000000000
64041  43.303  -24.246  7.247 0.0000000000
64042  42.748  -24.599  6.873 0.0000000000
64043  42.058  -24.912  6.416 0.0000000000
64058  42.155  -24.256  6.106 0.0000000000
64059  41.411  -24.583  5.751 0.0000000000
64060  40.454  -24.599  5.414 0.0000000000
64061  39.553  -24.677  5.472 0.0000000000
64062  38.589  -24.677  5.769 0.0000000000
64063  38.155  -25.100  5.861 0.0000000000
64914  48.146  -23.458  9.219 0.0000000000
64923  47.319  -23.291  8.759 0.0000000000
64924  46.550  -23.255  8.498 0.0000000000
64925  45.798  -23.366  8.358 0.0000000000
64926  45.037  -23.353  8.234 0.0000000000
64937  44.389  -23.362  7.655 0.0000000000
64938  43.990  -23.816  7.611 0.0000000000
64950  44.248  -23.051  7.093 0.0000000000
64951  43.701  -23.536  6.939 0.0000000000
64952  43.127  -23.993  6.840 0.0000000000
64970  43.325  -23.185  6.172 0.0000000000
64971  42.788  -23.622  6.144 0.0000000000
64972  41.726  -23.536  5.432 0.0000000000
64973  40.754  -23.722  5.237 0.0000000000
64974  39.781  -23.549  5.341 0.0000000000
64975  39.074  -23.971  5.648 0.0000000000
64992  40.942  -22.984  5.048 0.0000000000
64993  40.267  -22.975  5.138 0.0000000000
65952  46.901  -22.451  8.389 0.0000000000
65953  46.040  -22.482  8.210 0.0000000000
65954  45.452  -22.747  8.162 0.0000000000
65967  45.581  -22.204  7.991 0.0000000000
65968  45.050  -22.439  7.772 0.0000000000
65979  44.571  -22.482  7.116 0.0000000000
65980  44.167  -22.665  6.592 0.0000000000
66000  43.680  -22.728  6.087 0.0000000000
66001  43.036  -22.724  5.565 0.0000000000
66002  42.332  -22.970  5.386 0.0000000000
66022  42.446  -22.402  5.091 0.0000000000
66023  41.611  -22.452  5.009 0.0000000000
67097  46.424  -21.534  7.925 0.0000000000
67098  45.884  -21.912  7.991 0.0000000000
67112  46.160  -20.995  7.535 0.0000000000
67113  45.684  -21.504  7.597 0.0000000000
67114  45.008  -21.579  7.125 0.0000000000
67124  44.420  -21.663  6.266 0.0000000000
67125  44.044  -22.254  6.030 0.0000000000
67142  44.148  -21.233  5.634 0.0000000000
67143  43.559  -21.732  5.340 0.0000000000
67144  42.891  -22.156  5.078 0.0000000000
67160  42.971  -21.111  4.775 0.0000000000
67161  42.339  -21.580  4.780 0.0000000000
67162  41.158  -21.484  4.767 0.0000000000
68222  45.969  -20.407  7.206 0.0000000000
68223  45.481  -20.862  7.056 0.0000000000
68232  45.575  -20.128  6.768 0.0000000000
68233  45.029  -20.586  6.492 0.0000000000
68249  44.488  -20.582  5.708 0.0000000000
68250  43.975  -20.873  5.268 0.0000000000
68265  44.166  -20.228  4.983 0.0000000000
68266  43.405  -20.524  4.781 0.0000000000
68267  42.483  -20.521  4.612 0.0000000000
68268  41.585  -20.622  4.663 0.0000000000
69302  45.401  -19.326  6.124 0.0000000000
69303  44.956  -20.011  5.893 0.0000000000
69317  45.055  -18.863  5.542 0.0000000000
69318  44.622  -19.427  5.291 0.0000000000
69333  43.694  -19.467  4.676 0.0000000000
69334  42.764  -19.590  4.520 0.0000000000
69335  41.885  -19.715  4.578 0.0000000000
70326  44.750  -18.367  5.145 0.0000000000
70341  43.988  -18.427  4.679 0.0000000000
70342  43.007  -18.552  4.495 0.0000000000
