#!ascii label  , from subject FREESURFER vox2ras=TkReg 
505
107472  12.517  25.306  36.403 0.0000000000
107480  12.198  25.183  35.562 0.0000000000
107481  11.666  25.227  34.910 0.0000000000
107491  11.046  25.243  34.187 0.0000000000
108063  12.471  26.321  37.740 0.0000000000
108071  12.581  26.324  36.809 0.0000000000
108076  12.432  26.244  35.739 0.0000000000
108077  12.123  25.862  35.053 0.0000000000
108083  12.208  26.558  34.917 0.0000000000
108084  11.762  26.178  34.333 0.0000000000
108093  11.101  26.413  33.482 0.0000000000
108107  11.134  27.074  33.003 0.0000000000
108108  10.611  26.899  32.737 0.0000000000
108635  12.239  26.942  38.163 0.0000000000
108636  11.755  27.450  38.497 0.0000000000
108645  12.319  27.373  37.360 0.0000000000
108646  12.025  27.555  37.934 0.0000000000
108655  12.439  27.228  36.306 0.0000000000
108659  12.316  27.246  35.316 0.0000000000
108663  12.068  27.282  34.289 0.0000000000
108664  11.692  26.821  33.822 0.0000000000
108669  11.984  27.856  33.809 0.0000000000
108670  11.595  27.495  33.360 0.0000000000
108678  11.037  27.593  32.597 0.0000000000
108679  10.230  27.618  32.051 0.0000000000
108691  10.039  28.165  31.685 0.0000000000
108692  9.503  28.034  31.676 0.0000000000
109165  11.177  27.965  38.818 0.0000000000
109166  10.634  28.751  38.481 0.0000000000
109167  10.106  29.101  38.644 0.0000000000
109175  12.093  27.943  37.298 0.0000000000
109176  11.574  28.313  37.640 0.0000000000
109177  10.916  28.911  37.845 0.0000000000
109187  12.184  28.005  36.823 0.0000000000
109188  11.721  28.704  36.401 0.0000000000
109191  12.214  28.054  35.847 0.0000000000
109192  11.808  28.806  35.367 0.0000000000
109195  12.130  28.065  34.894 0.0000000000
109196  11.883  28.799  34.442 0.0000000000
109199  12.081  28.120  34.176 0.0000000000
109200  11.841  28.551  33.572 0.0000000000
109204  11.393  28.498  32.634 0.0000000000
109205  10.867  28.164  32.156 0.0000000000
109215  10.952  28.783  31.996 0.0000000000
109216  10.437  28.453  31.785 0.0000000000
109217  9.867  28.659  31.445 0.0000000000
109687  10.236  29.272  38.376 0.0000000000
109688  9.692  29.635  38.594 0.0000000000
109695  11.009  29.038  37.530 0.0000000000
109696  10.458  29.544  37.750 0.0000000000
109697  9.780  30.252  37.852 0.0000000000
109707  11.088  29.375  36.900 0.0000000000
109708  10.528  30.089  36.893 0.0000000000
109710  11.267  29.528  35.811 0.0000000000
109712  11.476  29.627  34.827 0.0000000000
109715  11.673  29.579  33.882 0.0000000000
109720  11.622  29.500  32.958 0.0000000000
109732  11.230  29.491  32.149 0.0000000000
109733  10.510  29.384  31.519 0.0000000000
109734  9.535  29.450  31.087 0.0000000000
110213  8.880  30.186  39.074 0.0000000000
110222  9.111  30.740  38.289 0.0000000000
110223  8.637  30.767  38.812 0.0000000000
110234  10.054  30.425  37.201 0.0000000000
110235  9.532  30.885  37.421 0.0000000000
110247  10.755  30.191  36.181 0.0000000000
110248  10.215  30.866  36.422 0.0000000000
110249  9.801  30.911  36.897 0.0000000000
110252  10.987  30.627  35.285 0.0000000000
110253  10.621  30.796  35.883 0.0000000000
110256  11.342  30.516  34.256 0.0000000000
110265  11.500  30.464  33.329 0.0000000000
110275  11.389  30.430  32.456 0.0000000000
110293  11.029  30.414  31.627 0.0000000000
110294  10.139  30.554  30.913 0.0000000000
110315  9.866  31.229  30.703 0.0000000000
110827  8.865  31.237  38.217 0.0000000000
110828  8.381  31.432  38.596 0.0000000000
110841  9.043  31.518  37.742 0.0000000000
110842  8.610  32.154  37.872 0.0000000000
110850  10.069  31.570  36.163 0.0000000000
110851  9.607  31.601  36.717 0.0000000000
110858  10.890  31.493  35.145 0.0000000000
110859  10.535  31.535  35.676 0.0000000000
110869  11.131  31.455  34.592 0.0000000000
110879  11.365  31.416  33.721 0.0000000000
110884  11.444  31.392  32.832 0.0000000000
110892  11.352  31.360  31.971 0.0000000000
110893  10.845  31.401  31.285 0.0000000000
110909  10.276  31.595  30.788 0.0000000000
111432  8.074  32.397  38.238 0.0000000000
111433  7.419  32.930  38.447 0.0000000000
111444  9.119  32.576  37.081 0.0000000000
111445  8.407  32.852  37.739 0.0000000000
111446  7.973  32.927  38.085 0.0000000000
111455  10.118  32.359  36.053 0.0000000000
111456  9.627  32.372  36.544 0.0000000000
111465  11.015  32.379  35.108 0.0000000000
111466  10.585  32.293  35.605 0.0000000000
111475  11.422  32.322  34.175 0.0000000000
111479  11.566  32.352  33.288 0.0000000000
111483  11.534  32.361  32.366 0.0000000000
111488  11.200  32.251  31.597 0.0000000000
111489  10.744  32.288  31.068 0.0000000000
111502  10.128  32.446  30.627 0.0000000000
112105  7.494  33.629  38.376 0.0000000000
112120  10.341  33.849  36.709 0.0000000000
112121  9.787  33.637  36.890 0.0000000000
112122  8.839  33.546  37.479 0.0000000000
112123  8.042  33.545  38.026 0.0000000000
112131  11.208  33.826  36.108 0.0000000000
112132  10.634  33.587  36.323 0.0000000000
112133  9.765  32.950  36.455 0.0000000000
112140  11.905  33.986  35.442 0.0000000000
112141  11.438  33.681  35.602 0.0000000000
112142  10.711  32.892  35.684 0.0000000000
112148  12.103  33.927  35.020 0.0000000000
112149  11.637  33.235  34.597 0.0000000000
112153  12.326  33.823  34.012 0.0000000000
112154  11.784  33.056  33.793 0.0000000000
112157  12.359  34.134  33.398 0.0000000000
112158  11.980  33.490  32.950 0.0000000000
112160  11.500  33.336  31.691 0.0000000000
112161  11.084  32.785  31.299 0.0000000000
112170  11.197  33.790  31.218 0.0000000000
112171  10.779  33.283  30.920 0.0000000000
112172  9.824  33.328  30.466 0.0000000000
112760  9.276  34.963  38.077 0.0000000000
112761  8.755  34.794  38.192 0.0000000000
112762  7.766  34.358  38.340 0.0000000000
112763  6.874  34.615  38.785 0.0000000000
112777  11.282  34.662  36.950 0.0000000000
112778  10.620  34.292  36.979 0.0000000000
112779  9.446  34.463  37.627 0.0000000000
112780  8.454  34.134  37.892 0.0000000000
112781  8.073  34.008  38.063 0.0000000000
112791  12.023  34.542  36.174 0.0000000000
112792  11.475  34.271  36.342 0.0000000000
112793  10.914  34.051  36.546 0.0000000000
112799  12.128  34.350  35.698 0.0000000000
112800  11.699  34.093  35.891 0.0000000000
112805  13.106  35.094  34.395 0.0000000000
112806  12.806  34.737  34.655 0.0000000000
112809  13.096  35.071  34.095 0.0000000000
112810  12.726  34.676  33.661 0.0000000000
112813  12.397  34.521  32.988 0.0000000000
112814  11.996  34.409  32.219 0.0000000000
112817  11.382  34.445  31.435 0.0000000000
112818  10.787  34.716  30.995 0.0000000000
112825  10.957  34.106  30.952 0.0000000000
112826  10.277  34.236  30.636 0.0000000000
113388  7.695  35.924  39.134 0.0000000000
113389  6.867  35.828  39.223 0.0000000000
113405  10.067  35.723  38.272 0.0000000000
113406  9.242  35.481  38.450 0.0000000000
113407  8.321  35.480  38.660 0.0000000000
113408  7.335  35.250  38.791 0.0000000000
113419  11.992  35.738  37.163 0.0000000000
113420  11.192  35.269  37.388 0.0000000000
113421  10.283  35.131  37.682 0.0000000000
113422  9.647  35.169  37.994 0.0000000000
113435  13.140  35.832  36.085 0.0000000000
113436  12.338  35.102  36.397 0.0000000000
113437  11.699  34.974  36.896 0.0000000000
113443  13.347  35.765  35.284 0.0000000000
113444  12.897  35.127  35.547 0.0000000000
113448  13.289  35.528  34.432 0.0000000000
113449  13.153  35.257  34.988 0.0000000000
113451  13.064  35.552  33.414 0.0000000000
113452  12.674  35.042  33.165 0.0000000000
113455  12.903  35.953  32.811 0.0000000000
113456  12.470  35.408  32.615 0.0000000000
113457  11.804  35.335  31.867 0.0000000000
113459  11.064  35.395  31.310 0.0000000000
113460  10.086  35.303  30.740 0.0000000000
113472  9.759  34.664  30.530 0.0000000000
114032  6.983  36.941  40.085 0.0000000000
114033  6.542  36.879  40.058 0.0000000000
114047  9.178  36.682  39.226 0.0000000000
114048  8.596  36.432  39.247 0.0000000000
114049  7.337  36.671  39.748 0.0000000000
114050  6.270  36.328  39.584 0.0000000000
114062  11.182  36.743  38.201 0.0000000000
114063  10.715  36.501  38.375 0.0000000000
114064  9.605  36.459  38.901 0.0000000000
114065  8.949  35.947  38.834 0.0000000000
114077  12.199  36.415  37.366 0.0000000000
114078  11.524  36.444  37.829 0.0000000000
114079  10.776  35.795  37.943 0.0000000000
114091  13.243  36.480  36.307 0.0000000000
114092  12.750  36.367  36.828 0.0000000000
114098  13.477  36.522  35.736 0.0000000000
114101  13.654  36.481  34.833 0.0000000000
114103  13.536  36.449  33.847 0.0000000000
114106  13.222  36.494  32.949 0.0000000000
114107  12.690  36.400  32.352 0.0000000000
114108  12.159  36.022  32.077 0.0000000000
114110  12.278  36.601  31.853 0.0000000000
114111  11.573  36.314  31.564 0.0000000000
114112  10.592  36.125  31.222 0.0000000000
114113  9.641  36.217  30.895 0.0000000000
114126  11.061  36.602  31.048 0.0000000000
114127  10.312  36.651  30.793 0.0000000000
114677  5.580  37.814  41.166 0.0000000000
114687  8.951  37.913  40.206 0.0000000000
114688  8.001  37.741  40.473 0.0000000000
114689  7.062  37.322  40.413 0.0000000000
114690  6.032  37.307  40.519 0.0000000000
114703  10.882  37.953  39.069 0.0000000000
114704  10.153  37.656  39.417 0.0000000000
114705  9.298  37.202  39.463 0.0000000000
114706  8.306  37.219  39.847 0.0000000000
114707  7.680  37.237  40.117 0.0000000000
114719  12.006  37.791  38.011 0.0000000000
114720  11.294  37.271  38.388 0.0000000000
114721  10.431  37.158  38.896 0.0000000000
114722  9.879  37.119  39.172 0.0000000000
114735  12.940  37.703  37.099 0.0000000000
114736  12.392  37.155  37.494 0.0000000000
114737  11.816  37.166  37.945 0.0000000000
114747  13.326  37.259  36.436 0.0000000000
114748  12.922  37.109  37.020 0.0000000000
114755  13.734  37.383  35.374 0.0000000000
114758  13.834  37.390  34.321 0.0000000000
114760  13.570  37.384  33.288 0.0000000000
114763  13.142  37.336  32.177 0.0000000000
114764  12.624  36.915  31.913 0.0000000000
114769  13.027  37.735  31.550 0.0000000000
114770  12.369  37.269  31.223 0.0000000000
114771  11.568  36.811  31.079 0.0000000000
114788  11.195  37.119  30.442 0.0000000000
115310  6.013  38.991  42.235 0.0000000000
115311  5.535  38.910  42.315 0.0000000000
115312  4.589  38.778  42.416 0.0000000000
115320  8.179  39.072  41.351 0.0000000000
115321  7.703  38.947  41.487 0.0000000000
115322  6.402  38.699  41.816 0.0000000000
115323  5.091  38.348  41.768 0.0000000000
115332  10.148  38.977  40.090 0.0000000000
115333  9.677  38.732  40.330 0.0000000000
115334  8.521  38.743  41.001 0.0000000000
115335  7.378  38.183  41.071 0.0000000000
115336  6.491  37.828  41.030 0.0000000000
115348  11.006  38.629  39.073 0.0000000000
115349  10.432  38.694  39.656 0.0000000000
115350  9.746  38.004  39.878 0.0000000000
115361  12.080  38.390  37.976 0.0000000000
115362  11.586  38.480  38.520 0.0000000000
115369  12.922  38.103  37.135 0.0000000000
115370  12.589  38.318  37.439 0.0000000000
115377  13.116  38.255  36.775 0.0000000000
115378  12.865  38.952  36.877 0.0000000000
115385  13.510  38.300  35.889 0.0000000000
115391  13.732  38.360  34.868 0.0000000000
115394  13.741  38.336  33.803 0.0000000000
115399  13.562  38.326  32.746 0.0000000000
115410  13.319  38.381  31.734 0.0000000000
115411  12.983  38.045  31.204 0.0000000000
115907  3.536  40.021  45.029 0.0000000000
115918  3.480  39.586  44.430 0.0000000000
115924  4.486  39.780  43.373 0.0000000000
115925  3.920  39.730  43.380 0.0000000000
115926  3.636  39.520  43.562 0.0000000000
115931  6.840  39.879  42.394 0.0000000000
115932  6.101  39.447  42.497 0.0000000000
115933  5.114  39.468  42.929 0.0000000000
115934  4.192  39.309  42.957 0.0000000000
115935  3.839  39.301  43.169 0.0000000000
115943  8.955  40.075  41.143 0.0000000000
115944  8.262  39.565  41.494 0.0000000000
115945  7.365  39.570  41.978 0.0000000000
115946  6.695  39.374  42.202 0.0000000000
115955  10.167  39.559  40.081 0.0000000000
115956  9.343  39.485  40.775 0.0000000000
115957  8.810  39.448  41.163 0.0000000000
115967  11.122  39.388  39.037 0.0000000000
115968  10.647  39.456  39.546 0.0000000000
115974  12.123  38.958  37.905 0.0000000000
115975  11.766  39.489  38.278 0.0000000000
115981  12.409  39.467  37.263 0.0000000000
115982  12.089  39.553  37.763 0.0000000000
115988  13.163  39.031  36.256 0.0000000000
115989  12.755  39.561  36.458 0.0000000000
115996  13.321  39.361  35.402 0.0000000000
115997  13.007  39.568  35.943 0.0000000000
116004  13.526  39.242  34.352 0.0000000000
116013  13.540  39.243  33.318 0.0000000000
116483  4.276  40.520  46.203 0.0000000000
116492  3.856  40.391  45.340 0.0000000000
116493  3.584  40.307  44.841 0.0000000000
116496  5.051  40.801  44.203 0.0000000000
116497  4.528  40.624  44.225 0.0000000000
116498  3.699  40.356  44.196 0.0000000000
116504  6.160  40.773  43.531 0.0000000000
116505  5.333  40.391  43.661 0.0000000000
116506  4.176  40.225  43.686 0.0000000000
116507  3.725  40.030  43.634 0.0000000000
116515  8.150  41.077  42.146 0.0000000000
116516  7.579  40.554  42.358 0.0000000000
116517  6.455  40.422  42.993 0.0000000000
116518  5.757  39.906  43.048 0.0000000000
116527  9.135  40.844  41.091 0.0000000000
116528  8.444  40.670  41.681 0.0000000000
116529  7.936  40.084  41.898 0.0000000000
116537  10.252  40.550  39.927 0.0000000000
116538  9.624  40.449  40.538 0.0000000000
116546  11.126  39.937  39.025 0.0000000000
116547  10.797  40.181  39.331 0.0000000000
116553  11.352  40.202  38.620 0.0000000000
116554  10.966  40.906  38.795 0.0000000000
116561  12.230  39.926  37.182 0.0000000000
116562  11.945  40.247  37.518 0.0000000000
116569  12.347  40.048  36.751 0.0000000000
116570  11.977  40.767  36.417 0.0000000000
116576  13.079  39.867  35.287 0.0000000000
116577  12.666  40.227  35.599 0.0000000000
116578  11.911  41.068  35.572 0.0000000000
116585  13.165  39.948  34.831 0.0000000000
116586  12.670  40.608  34.396 0.0000000000
116599  13.259  40.063  33.867 0.0000000000
117124  4.295  41.236  46.956 0.0000000000
117132  5.330  41.617  45.180 0.0000000000
117133  4.740  41.385  45.391 0.0000000000
117134  4.188  41.033  45.727 0.0000000000
117135  3.813  40.610  45.170 0.0000000000
117138  5.721  41.545  44.640 0.0000000000
117139  4.985  41.125  44.688 0.0000000000
117140  4.225  40.932  44.831 0.0000000000
117141  3.833  40.653  44.910 0.0000000000
117148  6.808  41.578  43.579 0.0000000000
117149  6.174  41.278  43.958 0.0000000000
117150  5.448  41.033  44.231 0.0000000000
117158  7.959  41.507  42.500 0.0000000000
117159  7.241  41.328  43.076 0.0000000000
117160  6.587  41.075  43.429 0.0000000000
117166  8.988  41.541  41.352 0.0000000000
117167  8.442  41.610  41.926 0.0000000000
117174  9.978  41.139  40.092 0.0000000000
117175  9.500  41.493  40.598 0.0000000000
117182  10.447  41.359  39.357 0.0000000000
117183  9.923  41.793  39.901 0.0000000000
117188  11.288  41.077  38.043 0.0000000000
117189  10.699  41.560  38.467 0.0000000000
117196  11.403  41.312  37.010 0.0000000000
117197  10.725  41.769  37.557 0.0000000000
117205  11.369  41.489  35.964 0.0000000000
117206  10.609  42.048  36.402 0.0000000000
117213  12.027  41.131  34.780 0.0000000000
117214  11.422  41.599  35.072 0.0000000000
117215  10.854  42.059  35.299 0.0000000000
117707  5.551  42.656  47.255 0.0000000000
117708  4.845  42.249  47.455 0.0000000000
117719  5.851  42.500  46.266 0.0000000000
117720  5.032  42.178  46.579 0.0000000000
117721  4.561  41.701  46.751 0.0000000000
117724  5.973  42.183  45.275 0.0000000000
117725  5.224  41.949  45.788 0.0000000000
117726  4.688  41.676  46.047 0.0000000000
117729  6.932  42.613  44.191 0.0000000000
117730  6.383  42.039  44.479 0.0000000000
117737  7.860  42.799  43.233 0.0000000000
117738  7.256  42.203  43.531 0.0000000000
117739  6.701  41.970  43.919 0.0000000000
117748  8.324  42.458  42.389 0.0000000000
117749  7.753  42.059  42.951 0.0000000000
117755  9.216  42.269  40.961 0.0000000000
117756  8.822  42.345  41.588 0.0000000000
117763  9.520  42.385  40.175 0.0000000000
117770  10.363  41.926  38.793 0.0000000000
117771  9.850  42.420  39.086 0.0000000000
117778  10.264  42.199  38.179 0.0000000000
117779  9.551  42.772  37.882 0.0000000000
117787  10.094  42.420  37.213 0.0000000000
117788  9.348  42.873  36.861 0.0000000000
117794  9.889  42.626  36.372 0.0000000000
117795  9.391  43.037  35.995 0.0000000000
117803  10.043  42.774  35.428 0.0000000000
117804  9.490  43.191  35.517 0.0000000000
118329  6.979  43.810  46.479 0.0000000000
118330  6.543  43.433  46.858 0.0000000000
118336  7.131  43.680  46.000 0.0000000000
118337  6.598  42.997  45.668 0.0000000000
118340  7.764  43.809  44.323 0.0000000000
118341  7.390  43.514  44.758 0.0000000000
118342  6.642  42.693  44.855 0.0000000000
118347  7.857  43.618  43.812 0.0000000000
118348  7.440  42.980  43.872 0.0000000000
118355  8.231  43.516  42.764 0.0000000000
118362  8.992  42.756  41.208 0.0000000000
118363  8.707  43.374  41.570 0.0000000000
118370  9.123  42.994  40.681 0.0000000000
118371  8.708  43.814  40.364 0.0000000000
118378  9.181  43.174  39.693 0.0000000000
118379  8.457  43.841  39.234 0.0000000000
118385  9.038  43.297  38.571 0.0000000000
118386  8.100  43.761  38.179 0.0000000000
118387  7.537  43.914  37.833 0.0000000000
118395  8.630  43.330  37.404 0.0000000000
118396  7.817  43.771  37.402 0.0000000000
118397  7.316  43.983  37.466 0.0000000000
118404  8.745  43.345  36.380 0.0000000000
118405  8.012  43.788  36.667 0.0000000000
118406  7.417  43.941  36.997 0.0000000000
118413  9.562  43.348  35.163 0.0000000000
118414  9.002  43.592  35.536 0.0000000000
118415  8.359  43.775  36.004 0.0000000000
118423  9.421  43.793  34.936 0.0000000000
118941  7.221  44.323  46.569 0.0000000000
118942  6.819  44.102  47.223 0.0000000000
118948  7.847  44.715  45.104 0.0000000000
118949  7.590  44.276  45.527 0.0000000000
118956  7.920  44.312  44.395 0.0000000000
118957  7.727  44.202  44.947 0.0000000000
118963  8.152  44.392  43.351 0.0000000000
118969  8.353  44.407  42.261 0.0000000000
118976  8.406  44.527  41.123 0.0000000000
118982  7.942  44.744  39.870 0.0000000000
118983  7.348  45.213  39.659 0.0000000000
118989  7.717  44.290  38.709 0.0000000000
118990  7.022  44.995  38.972 0.0000000000
118991  6.335  45.126  38.828 0.0000000000
118999  7.571  44.014  38.176 0.0000000000
119000  7.001  44.246  38.023 0.0000000000
119001  6.094  44.838  38.279 0.0000000000
119002  5.519  45.052  38.013 0.0000000000
119009  6.931  44.213  37.195 0.0000000000
119010  6.317  44.551  37.480 0.0000000000
119011  5.662  44.968  37.585 0.0000000000
119017  8.009  44.175  36.170 0.0000000000
119018  7.363  44.508  36.565 0.0000000000
119019  6.547  44.614  36.925 0.0000000000
119020  5.973  44.904  37.057 0.0000000000
119027  9.157  44.343  35.171 0.0000000000
119028  8.461  44.361  35.678 0.0000000000
119029  7.955  44.597  36.097 0.0000000000
119561  7.883  45.052  45.209 0.0000000000
119568  7.962  45.094  44.845 0.0000000000
119578  8.106  45.203  43.963 0.0000000000
119587  8.087  45.266  42.895 0.0000000000
119588  7.591  46.065  42.401 0.0000000000
119594  8.052  45.259  41.811 0.0000000000
119595  7.460  45.838  41.310 0.0000000000
119601  7.901  45.228  40.868 0.0000000000
119602  7.295  45.579  40.256 0.0000000000
119603  6.729  45.732  39.881 0.0000000000
119610  6.987  45.446  39.591 0.0000000000
119611  6.323  45.487  39.334 0.0000000000
119612  5.613  45.593  39.058 0.0000000000
119613  5.038  45.857  38.802 0.0000000000
119621  5.927  45.226  38.794 0.0000000000
119622  5.413  45.376  38.408 0.0000000000
119623  4.654  45.754  38.252 0.0000000000
119629  5.145  45.384  37.799 0.0000000000
119630  4.557  45.812  37.571 0.0000000000
119636  7.831  45.291  36.174 0.0000000000
119637  7.392  45.318  36.374 0.0000000000
119638  6.480  45.310  36.699 0.0000000000
119639  5.343  45.622  37.103 0.0000000000
119640  4.554  46.138  37.136 0.0000000000
119646  8.994  45.152  35.459 0.0000000000
119647  8.202  45.129  35.902 0.0000000000
119648  7.723  44.932  36.178 0.0000000000
119656  9.527  44.914  35.011 0.0000000000
120196  6.841  46.567  41.777 0.0000000000
120204  6.813  46.186  40.751 0.0000000000
120205  6.077  46.765  41.014 0.0000000000
120213  6.770  45.923  40.226 0.0000000000
120214  6.151  46.153  40.012 0.0000000000
120215  5.122  46.881  40.187 0.0000000000
120216  4.406  47.006  39.741 0.0000000000
120223  5.843  45.816  39.466 0.0000000000
120224  5.336  46.136  39.401 0.0000000000
120225  4.335  46.541  38.921 0.0000000000
120226  3.829  46.887  38.494 0.0000000000
120231  3.976  46.091  37.966 0.0000000000
120232  3.759  46.721  38.101 0.0000000000
120236  4.084  46.246  37.354 0.0000000000
120237  3.819  46.595  37.513 0.0000000000
120241  7.974  45.950  36.181 0.0000000000
120242  7.045  46.162  36.480 0.0000000000
120243  5.957  46.375  36.673 0.0000000000
120244  4.893  46.544  36.794 0.0000000000
120245  4.174  46.575  36.976 0.0000000000
120246  3.916  46.531  37.208 0.0000000000
120251  9.363  46.101  35.522 0.0000000000
120252  8.651  45.810  35.828 0.0000000000
120766  4.129  47.305  39.401 0.0000000000
120767  3.861  47.180  38.745 0.0000000000
120769  3.703  47.208  38.199 0.0000000000
120772  3.827  47.928  37.132 0.0000000000
120773  3.730  47.303  37.537 0.0000000000
120776  8.095  46.490  36.051 0.0000000000
120777  7.708  46.731  36.163 0.0000000000
120778  6.687  47.372  36.261 0.0000000000
120779  5.459  47.328  36.481 0.0000000000
120780  4.286  47.423  36.731 0.0000000000
120781  3.890  46.853  37.141 0.0000000000
120789  8.580  46.797  35.760 0.0000000000
120790  7.720  47.537  35.810 0.0000000000
121278  4.038  47.638  38.949 0.0000000000
121281  4.105  48.086  38.722 0.0000000000
121282  3.812  47.639  38.401 0.0000000000
121285  3.917  48.220  37.873 0.0000000000
121286  3.702  47.579  37.981 0.0000000000
121299  8.547  47.874  35.349 0.0000000000
