#!ascii label  , from subject FREESURFER vox2ras=TkReg 
634
98581  17.487  12.956  51.132 0.0000000000
98582  17.056  12.746  50.514 0.0000000000
98583  16.412  12.926  50.162 0.0000000000
98584  14.542  12.437  49.902 0.0000000000
98585  13.940  12.761  50.324 0.0000000000
98591  16.525  12.298  50.175 0.0000000000
98592  15.891  12.469  49.888 0.0000000000
98593  15.124  12.461  49.733 0.0000000000
99325  18.104  13.553  52.210 0.0000000000
99331  17.714  13.633  51.547 0.0000000000
99332  13.265  13.386  51.094 0.0000000000
99342  17.317  13.659  50.871 0.0000000000
99343  16.693  13.625  50.371 0.0000000000
99344  15.867  13.472  50.017 0.0000000000
99345  14.854  13.350  50.000 0.0000000000
99346  13.892  13.920  50.555 0.0000000000
99355  15.356  12.938  49.876 0.0000000000
99356  15.102  12.922  49.835 0.0000000000
100082  18.245  14.318  52.757 0.0000000000
100083  17.904  14.380  52.091 0.0000000000
100092  17.504  14.485  51.384 0.0000000000
100093  13.216  14.358  51.244 0.0000000000
100094  12.565  14.786  51.831 0.0000000000
100104  17.037  14.470  50.674 0.0000000000
100105  16.319  14.428  50.299 0.0000000000
100106  15.473  14.455  50.167 0.0000000000
100107  14.581  14.624  50.379 0.0000000000
100108  13.747  14.941  50.801 0.0000000000
100804  8.923  16.462  54.711 0.0000000000
100808  18.288  15.169  53.245 0.0000000000
100809  18.059  15.522  52.785 0.0000000000
100811  10.428  15.681  53.474 0.0000000000
100812  9.757  16.286  53.709 0.0000000000
100816  18.044  14.945  52.598 0.0000000000
100817  17.739  15.338  52.089 0.0000000000
100818  12.026  15.130  52.343 0.0000000000
100819  11.356  15.693  52.582 0.0000000000
100820  10.688  16.231  52.806 0.0000000000
100826  17.170  15.397  51.167 0.0000000000
100827  16.601  15.696  50.787 0.0000000000
100828  13.068  15.160  51.298 0.0000000000
100829  12.306  15.771  51.609 0.0000000000
100830  11.561  16.334  51.924 0.0000000000
100838  16.674  15.093  50.589 0.0000000000
100839  16.040  15.364  50.378 0.0000000000
100840  15.183  15.406  50.365 0.0000000000
100841  14.352  15.635  50.550 0.0000000000
100842  13.363  15.906  50.856 0.0000000000
100843  12.752  16.500  51.050 0.0000000000
101493  6.869  16.461  59.942 0.0000000000
101494  6.134  16.929  60.199 0.0000000000
101495  4.913  16.746  60.215 0.0000000000
101496  4.021  16.706  59.789 0.0000000000
101497  3.616  16.630  59.121 0.0000000000
101503  7.912  16.359  59.215 0.0000000000
101504  7.275  16.783  59.530 0.0000000000
101505  6.788  16.997  59.902 0.0000000000
101506  3.490  16.578  58.526 0.0000000000
101512  7.610  16.912  58.765 0.0000000000
101513  3.388  16.593  57.982 0.0000000000
101518  7.737  16.887  57.813 0.0000000000
101519  3.467  16.486  57.231 0.0000000000
101522  17.808  17.144  56.513 0.0000000000
101523  8.253  16.386  56.179 0.0000000000
101524  7.885  16.887  56.732 0.0000000000
101527  18.360  16.225  54.756 0.0000000000
101528  17.894  17.097  55.366 0.0000000000
101529  8.371  16.951  55.292 0.0000000000
101530  7.996  16.909  55.994 0.0000000000
101534  18.264  15.977  53.723 0.0000000000
101535  17.870  16.865  54.179 0.0000000000
101536  9.307  16.606  54.137 0.0000000000
101537  8.892  17.064  54.461 0.0000000000
101542  18.156  15.766  53.159 0.0000000000
101543  17.809  16.327  52.919 0.0000000000
101544  10.160  16.512  53.170 0.0000000000
101545  9.596  17.034  53.531 0.0000000000
101546  9.251  17.066  54.049 0.0000000000
101551  17.356  16.228  51.836 0.0000000000
101552  11.036  16.424  52.327 0.0000000000
101553  10.506  16.977  52.551 0.0000000000
101554  10.024  16.983  53.019 0.0000000000
101559  16.789  16.291  51.239 0.0000000000
101560  16.201  16.251  50.765 0.0000000000
101561  12.049  16.888  51.362 0.0000000000
101562  11.170  17.045  51.907 0.0000000000
101563  10.744  17.391  52.137 0.0000000000
101570  15.627  16.005  50.508 0.0000000000
101571  15.025  16.297  50.442 0.0000000000
101572  14.192  16.588  50.517 0.0000000000
101573  13.385  16.851  50.728 0.0000000000
101574  12.786  17.182  50.926 0.0000000000
102151  6.058  18.141  60.167 0.0000000000
102152  5.347  17.876  60.403 0.0000000000
102153  4.338  17.769  60.382 0.0000000000
102154  3.351  17.805  59.939 0.0000000000
102155  2.935  18.426  59.881 0.0000000000
102161  6.948  17.419  59.325 0.0000000000
102162  6.587  17.680  59.672 0.0000000000
102163  3.222  17.464  59.105 0.0000000000
102164  2.892  18.228  59.489 0.0000000000
102168  17.094  18.318  58.351 0.0000000000
102169  7.167  17.416  58.970 0.0000000000
102170  6.757  17.864  59.038 0.0000000000
102171  3.201  17.369  58.512 0.0000000000
102172  2.898  18.043  58.892 0.0000000000
102174  17.226  17.924  57.982 0.0000000000
102175  17.167  18.137  58.222 0.0000000000
102176  7.197  17.644  58.191 0.0000000000
102177  6.934  17.809  58.652 0.0000000000
102178  3.178  17.651  57.837 0.0000000000
102179  3.005  17.903  58.459 0.0000000000
102181  17.320  17.795  57.105 0.0000000000
102182  7.430  17.574  57.097 0.0000000000
102183  3.464  17.431  56.736 0.0000000000
102185  17.258  17.870  55.970 0.0000000000
102186  16.992  18.234  55.593 0.0000000000
102187  8.205  17.549  55.259 0.0000000000
102188  7.816  17.563  55.847 0.0000000000
102191  17.321  17.764  54.803 0.0000000000
102192  17.116  18.067  55.339 0.0000000000
102193  8.475  17.794  54.684 0.0000000000
102194  8.139  17.865  55.227 0.0000000000
102197  17.264  17.591  53.477 0.0000000000
102198  16.884  18.104  53.129 0.0000000000
102199  9.327  17.871  53.317 0.0000000000
102200  9.029  17.518  53.955 0.0000000000
102204  17.185  17.067  52.244 0.0000000000
102205  16.820  17.833  52.497 0.0000000000
102206  10.388  17.876  52.255 0.0000000000
102207  9.861  17.495  52.842 0.0000000000
102214  16.964  16.759  51.633 0.0000000000
102215  16.304  17.332  51.366 0.0000000000
102216  15.551  17.815  51.152 0.0000000000
102217  12.457  17.807  51.048 0.0000000000
102218  11.553  17.771  51.478 0.0000000000
102219  10.923  17.721  51.855 0.0000000000
102226  15.682  16.679  50.661 0.0000000000
102227  15.101  17.362  50.643 0.0000000000
102228  14.018  17.449  50.584 0.0000000000
102229  13.295  17.522  50.743 0.0000000000
102230  12.893  17.605  50.870 0.0000000000
102815  5.995  18.725  60.100 0.0000000000
102816  5.626  18.762  60.295 0.0000000000
102817  4.833  18.769  60.502 0.0000000000
102818  3.881  18.741  60.476 0.0000000000
102819  3.156  18.835  60.164 0.0000000000
102826  6.171  18.658  59.806 0.0000000000
102827  2.766  18.897  59.741 0.0000000000
102832  16.907  18.694  58.575 0.0000000000
102833  16.243  19.129  58.161 0.0000000000
102834  6.455  18.620  59.241 0.0000000000
102835  2.613  18.791  59.148 0.0000000000
102837  16.982  18.257  57.898 0.0000000000
102838  16.747  18.494  57.990 0.0000000000
102839  15.934  19.122  57.684 0.0000000000
102840  6.985  18.082  58.063 0.0000000000
102841  6.750  18.468  58.307 0.0000000000
102842  2.992  18.521  57.776 0.0000000000
102843  2.805  18.637  58.370 0.0000000000
102845  16.962  18.288  57.537 0.0000000000
102846  16.374  18.691  57.127 0.0000000000
102847  15.702  19.156  57.123 0.0000000000
102848  7.026  18.181  57.558 0.0000000000
102849  6.725  18.956  57.168 0.0000000000
102850  3.239  18.486  57.131 0.0000000000
102852  16.958  18.292  56.799 0.0000000000
102853  16.627  18.531  56.055 0.0000000000
102854  7.174  18.490  56.328 0.0000000000
102855  6.849  19.334  56.339 0.0000000000
102856  3.568  18.520  56.027 0.0000000000
102858  17.102  18.084  54.704 0.0000000000
102859  16.828  18.388  54.927 0.0000000000
102860  8.407  18.451  54.448 0.0000000000
102861  7.928  18.545  55.072 0.0000000000
102865  17.087  18.080  54.333 0.0000000000
102866  16.675  18.421  53.725 0.0000000000
102867  16.175  18.706  53.207 0.0000000000
102868  9.232  18.423  53.242 0.0000000000
102869  8.795  18.426  53.795 0.0000000000
102873  16.492  18.353  52.858 0.0000000000
102874  15.942  18.691  52.538 0.0000000000
102875  10.280  18.574  52.217 0.0000000000
102876  9.681  18.472  52.696 0.0000000000
102884  16.307  18.197  52.123 0.0000000000
102885  15.601  18.395  51.637 0.0000000000
102886  14.856  18.677  51.277 0.0000000000
102887  14.066  18.851  51.012 0.0000000000
102888  13.039  18.679  50.986 0.0000000000
102889  11.976  18.657  51.265 0.0000000000
102890  10.907  18.626  51.730 0.0000000000
102897  15.145  18.108  51.053 0.0000000000
102898  14.489  18.124  50.819 0.0000000000
102899  13.665  18.118  50.745 0.0000000000
102900  13.061  17.948  50.830 0.0000000000
103438  5.856  19.189  60.008 0.0000000000
103439  5.293  19.696  60.225 0.0000000000
103440  4.390  19.675  60.470 0.0000000000
103441  3.619  19.615  60.338 0.0000000000
103442  3.099  19.609  59.958 0.0000000000
103448  5.972  19.494  59.562 0.0000000000
103449  5.681  19.664  59.867 0.0000000000
103450  2.772  19.628  59.412 0.0000000000
103454  16.143  19.506  58.569 0.0000000000
103455  15.331  19.717  58.062 0.0000000000
103456  14.639  20.048  57.994 0.0000000000
103457  6.257  19.500  58.773 0.0000000000
103458  2.613  19.541  58.731 0.0000000000
103460  15.230  19.525  57.431 0.0000000000
103461  14.635  19.918  57.681 0.0000000000
103462  6.399  19.654  57.726 0.0000000000
103463  2.895  19.425  57.559 0.0000000000
103464  2.698  19.460  58.207 0.0000000000
103466  15.852  19.088  56.412 0.0000000000
103467  15.231  19.475  56.756 0.0000000000
103468  14.690  19.813  57.027 0.0000000000
103469  6.612  19.815  56.719 0.0000000000
103470  3.289  19.498  56.504 0.0000000000
103472  15.992  19.047  55.371 0.0000000000
103473  15.179  19.645  55.863 0.0000000000
103474  14.859  19.759  56.495 0.0000000000
103475  7.205  19.668  55.477 0.0000000000
103476  6.845  19.841  56.121 0.0000000000
103477  3.611  19.670  55.396 0.0000000000
103479  16.129  18.962  54.267 0.0000000000
103480  15.296  19.672  54.621 0.0000000000
103481  14.801  20.125  54.267 0.0000000000
103482  8.363  19.029  54.233 0.0000000000
103483  7.944  19.612  54.525 0.0000000000
103487  16.152  18.831  53.625 0.0000000000
103488  15.617  19.215  53.323 0.0000000000
103489  14.892  19.912  53.588 0.0000000000
103490  9.177  18.945  53.192 0.0000000000
103491  8.747  19.511  53.549 0.0000000000
103492  8.361  19.628  54.054 0.0000000000
103496  15.351  19.129  52.207 0.0000000000
103497  14.896  19.673  52.647 0.0000000000
103498  10.195  19.337  52.256 0.0000000000
103499  9.476  19.387  52.764 0.0000000000
103500  9.128  19.442  53.111 0.0000000000
103508  15.133  18.957  51.664 0.0000000000
103509  14.592  19.457  51.743 0.0000000000
103510  13.572  19.610  51.383 0.0000000000
103511  12.524  19.566  51.337 0.0000000000
103512  11.565  19.504  51.524 0.0000000000
103513  10.879  19.622  51.849 0.0000000000
104064  5.183  20.471  60.119 0.0000000000
104065  4.708  20.555  60.309 0.0000000000
104066  3.927  20.613  60.421 0.0000000000
104067  3.434  20.249  60.159 0.0000000000
104073  5.769  19.940  59.546 0.0000000000
104074  5.557  20.337  59.737 0.0000000000
104075  3.468  20.898  60.154 0.0000000000
104076  3.093  20.551  59.744 0.0000000000
104082  16.221  20.039  59.014 0.0000000000
104083  15.477  20.209  58.542 0.0000000000
104084  14.651  20.354  58.154 0.0000000000
104085  14.032  20.542  58.166 0.0000000000
104086  5.879  20.136  59.225 0.0000000000
104087  5.712  20.989  59.145 0.0000000000
104088  2.683  20.527  59.003 0.0000000000
104091  14.147  20.156  57.992 0.0000000000
104092  13.778  20.598  57.858 0.0000000000
104093  5.941  20.707  58.241 0.0000000000
104094  5.780  21.497  58.671 0.0000000000
104095  2.790  20.216  57.430 0.0000000000
104096  2.731  20.333  58.046 0.0000000000
104099  14.024  20.225  57.321 0.0000000000
104100  13.651  20.790  57.396 0.0000000000
104101  6.367  20.662  57.009 0.0000000000
104102  2.921  20.394  56.777 0.0000000000
104103  2.744  20.747  57.284 0.0000000000
104106  14.792  20.023  55.608 0.0000000000
104107  14.440  20.175  56.244 0.0000000000
104108  13.698  20.732  56.713 0.0000000000
104109  7.227  20.713  55.289 0.0000000000
104110  6.866  20.538  56.045 0.0000000000
104111  3.248  20.456  55.889 0.0000000000
104114  14.978  19.935  55.283 0.0000000000
104115  14.612  20.371  55.025 0.0000000000
104116  13.830  20.831  55.700 0.0000000000
104117  7.640  20.530  54.629 0.0000000000
104118  3.413  20.701  54.893 0.0000000000
104120  14.390  20.531  53.869 0.0000000000
104121  13.886  21.097  54.523 0.0000000000
104122  8.798  20.351  53.250 0.0000000000
104123  8.321  20.343  53.880 0.0000000000
104126  14.372  20.258  52.893 0.0000000000
104127  13.489  21.090  53.058 0.0000000000
104128  12.391  21.091  52.250 0.0000000000
104129  11.471  20.872  52.077 0.0000000000
104130  10.589  20.449  52.215 0.0000000000
104131  9.691  20.204  52.563 0.0000000000
104132  9.128  19.923  52.962 0.0000000000
104139  14.494  19.955  52.296 0.0000000000
104140  14.006  20.271  52.075 0.0000000000
104141  13.037  20.435  51.819 0.0000000000
104142  12.025  20.319  51.683 0.0000000000
104143  11.286  20.160  51.823 0.0000000000
104690  4.978  21.281  60.073 0.0000000000
104691  4.286  21.541  60.341 0.0000000000
104692  3.601  21.697  60.315 0.0000000000
104693  3.088  22.052  60.081 0.0000000000
104697  5.356  21.498  59.584 0.0000000000
104698  3.211  21.375  59.996 0.0000000000
104699  2.838  21.659  59.448 0.0000000000
104707  14.976  20.811  58.286 0.0000000000
104708  14.229  20.848  58.246 0.0000000000
104709  13.825  20.877  58.096 0.0000000000
104710  5.577  21.866  59.060 0.0000000000
104711  2.692  21.514  58.404 0.0000000000
104717  14.489  21.270  58.072 0.0000000000
104718  13.910  21.240  58.040 0.0000000000
104719  13.667  21.181  57.690 0.0000000000
104720  5.984  21.890  58.154 0.0000000000
104721  5.814  22.101  58.639 0.0000000000
104722  2.688  21.307  57.567 0.0000000000
104725  13.463  21.306  57.070 0.0000000000
104726  13.185  21.802  56.698 0.0000000000
104727  6.268  21.708  57.315 0.0000000000
104728  2.981  20.943  56.181 0.0000000000
104729  2.737  21.499  56.575 0.0000000000
104732  13.391  21.362  56.301 0.0000000000
104733  12.974  21.945  55.993 0.0000000000
104734  7.143  21.364  55.561 0.0000000000
104735  6.794  21.685  56.281 0.0000000000
104736  3.093  21.389  55.517 0.0000000000
104737  2.925  22.122  55.724 0.0000000000
104741  13.353  21.523  55.307 0.0000000000
104742  12.835  22.147  54.960 0.0000000000
104743  7.494  21.448  54.869 0.0000000000
104744  3.228  21.635  54.463 0.0000000000
104747  13.213  21.645  54.204 0.0000000000
104748  12.591  22.071  53.921 0.0000000000
104749  9.275  21.682  52.982 0.0000000000
104750  8.817  21.309  53.218 0.0000000000
104751  8.070  21.446  54.085 0.0000000000
104755  12.952  21.668  53.523 0.0000000000
104756  12.452  21.724  53.032 0.0000000000
104757  11.744  21.562  52.534 0.0000000000
104758  10.896  21.497  52.394 0.0000000000
104759  9.770  21.416  52.704 0.0000000000
104760  9.186  20.653  52.854 0.0000000000
105315  4.973  22.099  59.813 0.0000000000
105316  4.508  22.468  60.140 0.0000000000
105317  3.910  22.578  60.492 0.0000000000
105318  3.307  22.736  60.298 0.0000000000
105319  5.264  22.531  59.428 0.0000000000
105320  4.846  22.807  59.815 0.0000000000
105321  2.805  22.777  59.802 0.0000000000
105328  5.718  22.675  58.864 0.0000000000
105329  2.589  22.809  58.792 0.0000000000
105339  14.055  21.670  57.717 0.0000000000
105340  13.786  21.477  57.673 0.0000000000
105341  6.223  22.752  57.642 0.0000000000
105342  5.974  22.581  58.348 0.0000000000
105343  2.556  22.429  57.481 0.0000000000
105348  14.229  22.291  57.118 0.0000000000
105349  13.448  22.065  57.206 0.0000000000
105350  12.799  22.405  56.571 0.0000000000
105351  6.589  22.590  56.703 0.0000000000
105352  2.731  22.668  56.251 0.0000000000
105355  12.478  22.562  55.727 0.0000000000
105356  7.336  22.407  55.374 0.0000000000
105357  6.955  22.522  56.101 0.0000000000
105358  3.071  22.221  55.002 0.0000000000
105359  2.926  22.735  55.382 0.0000000000
105363  12.077  22.812  54.511 0.0000000000
105364  11.464  23.182  54.269 0.0000000000
105365  8.324  22.671  54.200 0.0000000000
105366  7.841  22.186  54.511 0.0000000000
105367  3.178  22.622  54.251 0.0000000000
105368  3.026  22.670  54.868 0.0000000000
105371  11.929  22.270  53.428 0.0000000000
105372  11.176  22.878  53.529 0.0000000000
105373  10.136  22.790  53.215 0.0000000000
105374  9.332  22.237  53.223 0.0000000000
105375  8.555  22.128  53.720 0.0000000000
105376  8.167  22.120  54.098 0.0000000000
105380  11.872  21.928  52.922 0.0000000000
105381  11.381  22.139  52.816 0.0000000000
105382  10.530  22.237  52.776 0.0000000000
105383  9.907  22.222  52.876 0.0000000000
105926  4.149  23.370  60.352 0.0000000000
105927  3.635  23.594  60.305 0.0000000000
105928  3.050  23.635  60.061 0.0000000000
105929  4.966  23.377  59.582 0.0000000000
105930  4.565  23.636  59.994 0.0000000000
105931  2.767  23.681  59.461 0.0000000000
105935  5.383  23.492  59.098 0.0000000000
105936  2.650  23.883  58.773 0.0000000000
105945  13.035  23.942  57.390 0.0000000000
105946  12.754  23.926  57.424 0.0000000000
105947  12.203  23.974  57.473 0.0000000000
105948  6.208  23.527  57.630 0.0000000000
105949  5.935  23.515  58.294 0.0000000000
105950  2.537  23.617  57.931 0.0000000000
105960  14.642  22.985  56.433 0.0000000000
105961  13.426  23.521  56.841 0.0000000000
105962  12.699  23.263  56.920 0.0000000000
105963  11.842  23.648  57.025 0.0000000000
105964  6.476  23.475  57.019 0.0000000000
105965  2.622  23.518  56.839 0.0000000000
105972  13.781  24.281  56.339 0.0000000000
105973  12.236  23.062  56.379 0.0000000000
105974  11.660  23.603  56.069 0.0000000000
105975  8.289  23.907  55.023 0.0000000000
105976  7.814  23.607  55.198 0.0000000000
105977  7.040  23.396  56.097 0.0000000000
105978  3.182  23.805  55.239 0.0000000000
105979  2.945  23.587  55.655 0.0000000000
105982  12.001  23.118  55.567 0.0000000000
105983  11.427  23.530  54.951 0.0000000000
105984  10.780  23.812  54.506 0.0000000000
105985  9.962  23.902  54.358 0.0000000000
105986  8.742  23.691  54.573 0.0000000000
105987  7.904  22.965  54.663 0.0000000000
105988  3.284  23.549  54.781 0.0000000000
105989  2.997  23.037  54.969 0.0000000000
105992  11.081  23.396  54.187 0.0000000000
105993  10.455  23.386  53.866 0.0000000000
105994  9.567  23.195  53.777 0.0000000000
105995  8.894  22.806  53.869 0.0000000000
105998  3.798  23.430  53.653 0.0000000000
106572  4.140  24.542  60.192 0.0000000000
106573  3.370  24.664  59.908 0.0000000000
106574  2.961  24.181  59.748 0.0000000000
106575  4.970  24.501  59.570 0.0000000000
106576  4.543  24.432  59.986 0.0000000000
106577  3.155  25.138  59.566 0.0000000000
106578  2.886  24.627  59.259 0.0000000000
106579  11.905  25.160  58.496 0.0000000000
106580  11.536  25.124  58.483 0.0000000000
106581  5.548  24.433  58.726 0.0000000000
106582  2.633  24.534  58.293 0.0000000000
106587  12.901  24.578  57.463 0.0000000000
106588  12.284  24.588  57.878 0.0000000000
106589  11.449  24.614  57.838 0.0000000000
106590  10.870  24.972  57.690 0.0000000000
106591  6.267  24.368  57.596 0.0000000000
106592  5.914  24.318  58.231 0.0000000000
106593  2.680  24.363  57.353 0.0000000000
106603  13.396  24.627  56.700 0.0000000000
106604  11.241  24.249  56.630 0.0000000000
106605  10.797  24.818  57.087 0.0000000000
106606  7.317  24.587  56.434 0.0000000000
106607  6.783  24.171  56.681 0.0000000000
106608  3.233  24.724  56.202 0.0000000000
106609  2.872  24.252  56.463 0.0000000000
106623  11.095  24.116  55.590 0.0000000000
106624  10.423  24.848  55.915 0.0000000000
106625  9.252  24.894  55.540 0.0000000000
106626  8.354  24.369  55.380 0.0000000000
106627  7.527  24.185  55.830 0.0000000000
106628  7.131  24.107  56.217 0.0000000000
106629  3.339  24.212  55.348 0.0000000000
106630  3.049  24.233  55.892 0.0000000000
106640  11.003  23.983  54.987 0.0000000000
106641  10.540  24.290  54.995 0.0000000000
106642  9.658  24.484  54.955 0.0000000000
106643  8.976  24.430  55.043 0.0000000000
106644  4.673  24.796  54.215 0.0000000000
106645  4.093  24.440  54.425 0.0000000000
106646  3.701  24.038  54.536 0.0000000000
106656  4.343  24.145  53.829 0.0000000000
106657  3.968  24.019  54.135 0.0000000000
107212  4.859  26.119  60.284 0.0000000000
107213  4.543  25.832  60.175 0.0000000000
107214  3.877  25.714  60.136 0.0000000000
107215  11.977  26.111  59.580 0.0000000000
107216  11.702  26.032  59.595 0.0000000000
107217  11.128  25.995  59.511 0.0000000000
107218  5.041  25.765  60.045 0.0000000000
107219  4.593  25.039  59.990 0.0000000000
107220  3.379  25.761  59.660 0.0000000000
107221  3.063  25.382  59.267 0.0000000000
107222  12.120  25.812  59.216 0.0000000000
107223  11.509  25.504  59.045 0.0000000000
107224  10.855  25.715  58.991 0.0000000000
107225  6.221  26.068  58.661 0.0000000000
107226  5.694  25.732  59.032 0.0000000000
107227  3.153  25.958  59.002 0.0000000000
107228  2.890  25.294  58.635 0.0000000000
107229  12.884  25.459  57.656 0.0000000000
107230  12.519  25.584  58.239 0.0000000000
107231  11.249  25.245  58.531 0.0000000000
107232  10.775  25.463  58.163 0.0000000000
107233  10.277  25.989  57.690 0.0000000000
107234  9.373  26.232  57.529 0.0000000000
107235  8.191  26.163  57.568 0.0000000000
107236  6.703  25.835  57.983 0.0000000000
107237  5.924  24.979  58.264 0.0000000000
107238  3.170  25.871  58.134 0.0000000000
107239  2.811  25.177  57.686 0.0000000000
107244  10.538  25.366  57.415 0.0000000000
107245  9.908  25.789  57.008 0.0000000000
107246  8.884  25.738  56.857 0.0000000000
107247  7.732  25.368  56.824 0.0000000000
107248  6.935  24.885  57.084 0.0000000000
107249  3.993  25.931  56.551 0.0000000000
107250  3.503  25.683  56.889 0.0000000000
107251  2.949  24.883  56.904 0.0000000000
107261  10.293  25.254  56.748 0.0000000000
107262  9.577  25.342  56.329 0.0000000000
107263  8.588  25.135  56.125 0.0000000000
107264  7.867  24.775  56.072 0.0000000000
107265  4.884  25.901  55.504 0.0000000000
107266  4.369  25.783  55.928 0.0000000000
107267  3.717  25.015  55.705 0.0000000000
107276  5.777  25.811  54.476 0.0000000000
107277  5.191  25.676  54.840 0.0000000000
107278  4.235  25.084  54.966 0.0000000000
107279  3.792  24.561  54.973 0.0000000000
107287  5.965  25.568  53.972 0.0000000000
107288  5.315  25.051  53.940 0.0000000000
107840  5.864  27.213  60.069 0.0000000000
107841  5.055  26.687  60.387 0.0000000000
107842  4.339  26.669  60.257 0.0000000000
107843  3.802  26.609  59.977 0.0000000000
107845  11.230  26.571  59.959 0.0000000000
107846  10.407  26.706  59.323 0.0000000000
107847  9.114  27.219  59.213 0.0000000000
107848  7.945  27.315  59.256 0.0000000000
107849  6.957  27.134  59.414 0.0000000000
107850  6.177  26.902  59.642 0.0000000000
107851  5.590  26.475  59.862 0.0000000000
107852  3.489  26.628  59.400 0.0000000000
107855  10.407  26.228  58.607 0.0000000000
107856  9.590  26.803  58.726 0.0000000000
107857  8.458  26.984  58.797 0.0000000000
107858  7.410  26.905  58.911 0.0000000000
107859  6.464  26.502  58.963 0.0000000000
107860  5.897  26.474  59.396 0.0000000000
107861  3.429  26.552  58.646 0.0000000000
107864  10.399  26.045  58.170 0.0000000000
107865  9.948  26.535  58.094 0.0000000000
107866  8.898  26.689  58.148 0.0000000000
107867  7.753  26.594  58.319 0.0000000000
107868  7.049  26.501  58.558 0.0000000000
107869  4.028  26.829  57.660 0.0000000000
107870  3.575  26.390  57.842 0.0000000000
107872  4.935  26.769  56.635 0.0000000000
107873  4.184  26.346  56.819 0.0000000000
107874  3.794  26.309  57.320 0.0000000000
107881  6.003  26.688  55.539 0.0000000000
107882  5.154  26.266  55.777 0.0000000000
107883  4.647  26.267  56.301 0.0000000000
107890  7.068  26.928  54.263 0.0000000000
107891  6.173  26.223  54.626 0.0000000000
107892  5.627  26.198  55.189 0.0000000000
108434  9.962  27.875  59.963 0.0000000000
108435  8.921  27.993  59.727 0.0000000000
108436  7.774  28.022  59.801 0.0000000000
108437  6.592  27.866  60.064 0.0000000000
108438  5.577  27.753  60.404 0.0000000000
108439  4.757  27.641  60.394 0.0000000000
108440  4.219  27.271  60.136 0.0000000000
108443  10.577  27.252  60.049 0.0000000000
108444  9.618  27.468  59.622 0.0000000000
108445  8.456  27.646  59.511 0.0000000000
108446  7.346  27.596  59.636 0.0000000000
108447  6.546  27.372  59.798 0.0000000000
108448  4.409  27.881  60.033 0.0000000000
108449  3.947  27.302  59.725 0.0000000000
108452  4.345  27.852  59.409 0.0000000000
108453  3.790  27.262  59.002 0.0000000000
108456  5.095  27.933  57.931 0.0000000000
108457  4.568  27.703  58.315 0.0000000000
108458  3.795  26.992  58.307 0.0000000000
108461  6.152  27.939  56.789 0.0000000000
108462  5.465  27.750  57.207 0.0000000000
108463  4.590  27.099  57.326 0.0000000000
108467  7.097  28.013  55.588 0.0000000000
108468  6.562  27.699  56.098 0.0000000000
108469  5.636  27.004  56.273 0.0000000000
108472  7.199  27.784  54.981 0.0000000000
108473  6.639  27.041  55.108 0.0000000000
108980  9.346  28.424  59.912 0.0000000000
108981  8.291  28.490  59.838 0.0000000000
108982  7.171  28.504  59.958 0.0000000000
108983  6.151  28.476  60.311 0.0000000000
108984  5.323  28.384  60.353 0.0000000000
108985  4.851  28.351  60.186 0.0000000000
108989  5.042  28.657  59.566 0.0000000000
108990  4.756  28.409  59.825 0.0000000000
108994  5.667  28.755  58.647 0.0000000000
108995  5.229  28.658  59.038 0.0000000000
108996  4.790  28.325  59.200 0.0000000000
109000  6.026  28.661  57.990 0.0000000000
109001  5.315  28.297  58.204 0.0000000000
109002  4.952  28.297  58.728 0.0000000000
109005  7.077  28.769  56.539 0.0000000000
109006  6.406  28.397  57.016 0.0000000000
109007  5.779  28.300  57.608 0.0000000000
109011  7.431  28.606  55.658 0.0000000000
109012  6.901  28.355  56.343 0.0000000000
109495  9.663  28.897  60.008 0.0000000000
109496  8.829  28.973  59.914 0.0000000000
109497  7.822  29.026  59.868 0.0000000000
109498  6.774  29.033  60.007 0.0000000000
109499  5.813  28.938  60.130 0.0000000000
109500  5.183  28.686  60.067 0.0000000000
109501  4.940  28.601  60.028 0.0000000000
109505  9.432  29.453  59.750 0.0000000000
109506  8.516  29.506  59.611 0.0000000000
109507  7.583  29.513  59.432 0.0000000000
109508  6.477  29.251  59.512 0.0000000000
109509  5.517  28.930  59.556 0.0000000000
109510  5.051  28.692  59.874 0.0000000000
109515  7.232  29.678  58.787 0.0000000000
109516  6.297  29.124  58.686 0.0000000000
109517  5.625  28.909  59.036 0.0000000000
109520  7.287  29.550  57.911 0.0000000000
109521  6.764  29.052  57.564 0.0000000000
109524  8.360  29.973  56.445 0.0000000000
109525  7.651  29.475  56.706 0.0000000000
109526  6.950  28.967  56.944 0.0000000000
109529  8.409  29.909  55.846 0.0000000000
109530  8.051  29.465  55.600 0.0000000000
110046  10.077  30.004  59.519 0.0000000000
110047  9.166  30.027  59.359 0.0000000000
110048  8.424  29.950  59.232 0.0000000000
110055  8.922  30.337  58.781 0.0000000000
110056  8.094  30.076  58.773 0.0000000000
110064  9.543  30.554  58.146 0.0000000000
110065  8.707  30.388  58.045 0.0000000000
110066  7.941  29.989  58.044 0.0000000000
110070  10.050  30.650  57.619 0.0000000000
110071  9.451  30.562  57.291 0.0000000000
110072  8.493  30.189  57.085 0.0000000000
110073  7.843  29.837  57.459 0.0000000000
110076  9.305  30.530  56.488 0.0000000000
110077  8.826  30.281  56.107 0.0000000000
110674  9.761  30.657  56.682 0.0000000000
