#!ascii label  , from subject FREESURFER vox2ras=TkReg 
425
21172  9.158  -66.319  57.198 0.0000000000
21180  9.812  -66.643  56.628 0.0000000000
22052  8.908  -65.739  57.468 0.0000000000
22053  8.366  -65.488  57.526 0.0000000000
22061  10.825  -65.782  56.599 0.0000000000
22062  9.592  -65.601  56.992 0.0000000000
23027  13.478  -64.421  57.300 0.0000000000
23028  8.844  -64.696  57.547 0.0000000000
23029  7.943  -64.594  57.762 0.0000000000
23038  13.069  -64.765  56.858 0.0000000000
23039  11.728  -64.792  56.461 0.0000000000
23040  10.388  -64.689  56.541 0.0000000000
23041  9.543  -64.776  57.040 0.0000000000
23051  11.417  -64.217  56.311 0.0000000000
23052  11.113  -64.418  56.296 0.0000000000
24019  7.781  -62.994  58.307 0.0000000000
24020  7.277  -62.917  58.206 0.0000000000
24028  13.728  -63.865  57.516 0.0000000000
24029  13.558  -64.229  57.482 0.0000000000
24030  8.780  -63.375  57.654 0.0000000000
24031  8.171  -63.674  57.958 0.0000000000
24032  7.520  -63.659  57.992 0.0000000000
24039  13.447  -63.644  57.514 0.0000000000
24040  13.194  -63.959  57.330 0.0000000000
24041  12.562  -64.250  56.781 0.0000000000
24042  10.209  -63.876  56.566 0.0000000000
24043  9.550  -63.910  57.041 0.0000000000
24052  12.601  -63.643  56.818 0.0000000000
24053  11.875  -63.783  56.409 0.0000000000
24054  10.862  -63.703  56.121 0.0000000000
25038  7.901  -62.478  58.483 0.0000000000
25039  7.526  -62.384  58.470 0.0000000000
25040  6.998  -62.310  58.358 0.0000000000
25048  8.811  -62.627  57.786 0.0000000000
25049  8.337  -62.605  58.213 0.0000000000
25056  13.420  -62.999  57.444 0.0000000000
25057  12.922  -63.222  57.020 0.0000000000
25058  10.103  -63.109  56.658 0.0000000000
25059  9.375  -62.663  57.341 0.0000000000
25068  12.949  -62.549  56.859 0.0000000000
25069  12.357  -62.823  56.466 0.0000000000
25070  11.478  -62.785  56.098 0.0000000000
25071  10.671  -62.539  56.254 0.0000000000
26105  8.549  -61.225  58.412 0.0000000000
26106  7.987  -61.741  58.700 0.0000000000
26107  7.236  -61.595  58.589 0.0000000000
26117  8.925  -61.830  57.881 0.0000000000
26118  8.433  -61.867  58.315 0.0000000000
26125  13.260  -61.806  57.023 0.0000000000
26126  10.056  -61.905  56.814 0.0000000000
26127  9.528  -61.860  57.414 0.0000000000
26135  12.707  -61.818  56.297 0.0000000000
26136  11.925  -61.904  55.951 0.0000000000
26137  11.116  -61.879  56.088 0.0000000000
26138  10.600  -61.861  56.347 0.0000000000
27240  8.057  -60.101  59.221 0.0000000000
27241  7.745  -60.145  59.195 0.0000000000
27242  7.182  -60.152  59.034 0.0000000000
27252  8.702  -60.597  58.509 0.0000000000
27253  8.255  -60.455  58.915 0.0000000000
27254  7.529  -60.807  58.891 0.0000000000
27255  6.832  -60.539  58.570 0.0000000000
27264  9.048  -60.789  58.148 0.0000000000
27273  13.721  -60.818  57.188 0.0000000000
27274  10.050  -61.056  56.791 0.0000000000
27275  9.608  -60.999  57.399 0.0000000000
27285  13.163  -60.763  56.240 0.0000000000
27286  12.287  -60.940  55.816 0.0000000000
27287  11.417  -61.062  55.905 0.0000000000
27288  10.575  -61.178  56.325 0.0000000000
28363  8.835  -59.359  59.336 0.0000000000
28364  8.130  -59.656  59.407 0.0000000000
28365  7.300  -59.494  59.273 0.0000000000
28366  6.726  -59.549  58.811 0.0000000000
28376  8.994  -59.931  58.653 0.0000000000
28377  8.556  -59.826  59.066 0.0000000000
28384  9.855  -59.626  57.564 0.0000000000
28385  9.499  -60.157  57.939 0.0000000000
28392  13.595  -60.210  56.533 0.0000000000
28393  11.006  -59.521  56.274 0.0000000000
28394  10.167  -60.206  56.789 0.0000000000
28395  9.753  -60.234  57.422 0.0000000000
28401  13.958  -59.171  56.035 0.0000000000
28402  13.461  -59.622  55.966 0.0000000000
28403  12.584  -59.883  55.720 0.0000000000
28404  11.664  -60.112  55.757 0.0000000000
28405  10.928  -60.393  56.117 0.0000000000
29456  8.955  -58.356  60.299 0.0000000000
29457  8.204  -58.298  60.174 0.0000000000
29458  7.741  -58.217  60.072 0.0000000000
29467  9.701  -58.318  59.377 0.0000000000
29468  9.198  -58.708  59.708 0.0000000000
29469  8.518  -58.883  59.843 0.0000000000
29470  7.581  -58.666  59.761 0.0000000000
29471  6.534  -58.613  59.120 0.0000000000
29472  5.941  -58.131  58.916 0.0000000000
29482  9.867  -58.579  58.586 0.0000000000
29483  9.395  -59.051  59.033 0.0000000000
29484  6.330  -59.024  58.653 0.0000000000
29494  9.988  -58.919  57.886 0.0000000000
29495  9.612  -59.374  58.303 0.0000000000
29503  11.182  -58.668  56.519 0.0000000000
29504  10.406  -58.977  57.061 0.0000000000
29511  14.446  -58.629  56.108 0.0000000000
29512  13.653  -58.623  55.717 0.0000000000
29513  12.846  -58.836  55.655 0.0000000000
29514  11.880  -58.967  55.893 0.0000000000
30454  9.892  -57.623  60.319 0.0000000000
30455  9.382  -57.716  60.565 0.0000000000
30456  8.604  -57.773  60.574 0.0000000000
30457  7.663  -57.667  60.247 0.0000000000
30458  6.991  -57.226  60.114 0.0000000000
30462  10.031  -57.768  59.767 0.0000000000
30463  9.546  -58.096  60.038 0.0000000000
30464  7.454  -58.097  59.977 0.0000000000
30465  6.810  -57.729  59.750 0.0000000000
30466  5.996  -57.696  59.269 0.0000000000
30472  10.841  -57.435  58.344 0.0000000000
30473  10.267  -57.780  58.991 0.0000000000
30482  11.147  -57.544  57.469 0.0000000000
30483  10.445  -58.158  57.900 0.0000000000
30491  12.395  -57.424  56.029 0.0000000000
30492  11.683  -57.787  56.504 0.0000000000
30493  10.946  -58.194  57.057 0.0000000000
30502  14.080  -57.709  55.472 0.0000000000
30503  13.069  -57.758  55.636 0.0000000000
30504  12.375  -58.147  55.868 0.0000000000
31442  10.709  -56.041  61.643 0.0000000000
31443  10.237  -56.362  61.624 0.0000000000
31444  9.450  -56.528  61.510 0.0000000000
31445  8.537  -56.450  61.219 0.0000000000
31446  7.760  -56.376  60.875 0.0000000000
31447  10.795  -56.406  61.232 0.0000000000
31448  10.079  -57.152  60.994 0.0000000000
31449  9.056  -57.241  61.095 0.0000000000
31450  8.169  -57.068  60.759 0.0000000000
31451  7.194  -56.728  60.451 0.0000000000
31452  6.317  -56.783  60.103 0.0000000000
31453  5.717  -56.533  59.833 0.0000000000
31458  10.838  -56.782  60.418 0.0000000000
31459  10.386  -57.350  60.111 0.0000000000
31460  5.999  -57.128  59.657 0.0000000000
31467  10.893  -57.028  59.333 0.0000000000
31468  10.400  -57.487  59.588 0.0000000000
31477  12.082  -56.240  57.687 0.0000000000
31478  11.526  -56.746  57.995 0.0000000000
31486  13.083  -56.043  56.400 0.0000000000
31487  12.319  -56.546  56.724 0.0000000000
31488  11.633  -57.119  57.133 0.0000000000
31498  14.651  -56.780  55.623 0.0000000000
31499  13.455  -56.590  55.791 0.0000000000
31500  12.758  -57.033  55.919 0.0000000000
32387  12.291  -54.617  62.552 0.0000000000
32388  11.752  -54.879  62.443 0.0000000000
32389  10.885  -55.164  62.478 0.0000000000
32390  9.963  -55.199  62.409 0.0000000000
32391  9.319  -55.228  62.154 0.0000000000
32395  13.189  -54.671  62.090 0.0000000000
32396  12.527  -54.886  62.098 0.0000000000
32397  11.377  -55.631  61.740 0.0000000000
32398  10.499  -55.746  62.005 0.0000000000
32399  9.746  -55.856  61.971 0.0000000000
32400  8.858  -55.678  61.730 0.0000000000
32401  7.666  -55.643  61.291 0.0000000000
32402  6.425  -55.432  61.130 0.0000000000
32403  5.795  -55.393  60.806 0.0000000000
32411  13.286  -54.932  61.474 0.0000000000
32412  12.332  -55.559  61.088 0.0000000000
32413  11.497  -56.199  60.784 0.0000000000
32414  7.054  -56.037  60.835 0.0000000000
32415  6.322  -56.082  60.613 0.0000000000
32416  5.672  -55.999  60.327 0.0000000000
32424  13.032  -55.279  60.126 0.0000000000
32425  12.053  -55.926  60.031 0.0000000000
32426  11.394  -56.466  59.955 0.0000000000
32427  5.474  -55.892  59.784 0.0000000000
32434  13.247  -55.183  58.804 0.0000000000
32435  12.433  -55.736  59.036 0.0000000000
32436  11.703  -56.323  59.119 0.0000000000
32447  14.357  -55.138  57.114 0.0000000000
32448  13.661  -55.186  57.639 0.0000000000
32449  12.611  -55.714  57.841 0.0000000000
32450  12.032  -56.114  58.325 0.0000000000
32461  14.837  -55.383  56.569 0.0000000000
32462  13.780  -55.599  56.516 0.0000000000
32463  13.037  -55.742  56.969 0.0000000000
32476  14.390  -55.964  55.899 0.0000000000
33343  13.002  -53.957  62.983 0.0000000000
33344  12.449  -53.996  63.049 0.0000000000
33345  11.690  -53.970  63.030 0.0000000000
33346  10.762  -53.922  62.995 0.0000000000
33347  9.788  -53.833  63.118 0.0000000000
33348  9.103  -53.609  63.042 0.0000000000
33353  14.999  -54.002  62.336 0.0000000000
33354  14.372  -53.933  62.403 0.0000000000
33355  13.482  -53.993  62.663 0.0000000000
33356  12.742  -54.344  62.735 0.0000000000
33357  12.065  -54.390  62.806 0.0000000000
33358  11.266  -54.481  62.784 0.0000000000
33359  10.292  -54.515  62.791 0.0000000000
33360  8.902  -54.356  62.620 0.0000000000
33361  7.317  -54.263  62.347 0.0000000000
33362  6.028  -54.159  62.248 0.0000000000
33363  5.173  -53.927  62.324 0.0000000000
33364  4.903  -53.745  62.458 0.0000000000
33371  16.195  -54.126  61.785 0.0000000000
33372  15.345  -54.201  62.012 0.0000000000
33373  14.569  -54.272  62.064 0.0000000000
33374  13.742  -54.389  62.154 0.0000000000
33375  13.158  -54.468  62.417 0.0000000000
33376  8.846  -55.044  62.104 0.0000000000
33377  8.101  -54.917  61.911 0.0000000000
33378  6.782  -54.809  61.711 0.0000000000
33379  5.445  -54.559  61.595 0.0000000000
33380  4.963  -53.882  62.188 0.0000000000
33388  16.502  -54.323  60.958 0.0000000000
33389  15.556  -54.386  61.155 0.0000000000
33390  14.735  -54.488  61.382 0.0000000000
33391  14.061  -54.538  61.599 0.0000000000
33392  5.428  -54.981  60.508 0.0000000000
33398  15.695  -54.537  60.100 0.0000000000
33399  14.806  -54.630  60.391 0.0000000000
33400  13.991  -54.818  60.784 0.0000000000
33408  15.788  -54.633  58.914 0.0000000000
33409  14.863  -54.716  59.249 0.0000000000
33410  14.003  -54.928  59.654 0.0000000000
33419  14.817  -54.732  57.909 0.0000000000
33420  14.102  -54.914  58.626 0.0000000000
33431  15.281  -54.999  57.169 0.0000000000
33432  14.804  -55.024  57.149 0.0000000000
34321  12.720  -53.716  63.005 0.0000000000
34322  12.202  -53.507  62.935 0.0000000000
34323  11.150  -53.474  62.873 0.0000000000
34324  10.171  -53.285  63.089 0.0000000000
34325  9.217  -53.097  63.202 0.0000000000
34326  8.252  -53.210  63.216 0.0000000000
34327  6.959  -53.128  63.284 0.0000000000
34328  5.836  -53.181  63.262 0.0000000000
34329  5.060  -53.403  63.364 0.0000000000
34330  4.763  -53.291  63.113 0.0000000000
34335  16.219  -53.371  62.110 0.0000000000
34336  15.186  -53.529  62.324 0.0000000000
34337  14.091  -53.436  62.457 0.0000000000
34338  13.066  -53.457  62.781 0.0000000000
34339  12.538  -53.277  62.795 0.0000000000
34340  7.613  -53.691  62.824 0.0000000000
34341  6.514  -53.636  62.747 0.0000000000
34342  5.490  -53.605  62.747 0.0000000000
34343  4.940  -53.612  62.766 0.0000000000
34344  4.757  -53.511  62.540 0.0000000000
34349  16.546  -53.781  62.024 0.0000000000
34350  15.816  -53.855  62.198 0.0000000000
34351  15.361  -53.936  62.342 0.0000000000
34352  5.094  -53.924  61.147 0.0000000000
34353  4.830  -53.713  61.935 0.0000000000
35324  7.961  -51.606  64.121 0.0000000000
35325  7.510  -51.791  64.338 0.0000000000
35326  6.487  -52.031  64.423 0.0000000000
35327  5.342  -52.469  64.453 0.0000000000
35328  4.741  -52.373  64.504 0.0000000000
35329  12.084  -53.178  62.668 0.0000000000
35330  11.419  -53.210  62.681 0.0000000000
35331  10.466  -52.946  62.850 0.0000000000
35332  9.363  -52.498  63.114 0.0000000000
35333  8.322  -52.212  63.613 0.0000000000
35334  7.309  -52.472  63.799 0.0000000000
35335  6.160  -52.656  63.819 0.0000000000
35336  5.328  -53.039  63.864 0.0000000000
35337  4.638  -52.853  63.905 0.0000000000
35341  16.772  -52.868  61.969 0.0000000000
35342  15.848  -52.774  61.979 0.0000000000
35343  14.714  -52.829  62.208 0.0000000000
35344  13.631  -52.903  62.318 0.0000000000
35345  12.591  -53.076  62.428 0.0000000000
35346  11.641  -53.062  62.385 0.0000000000
35347  10.724  -52.851  62.491 0.0000000000
35348  9.812  -52.356  62.715 0.0000000000
35350  4.521  -52.869  62.963 0.0000000000
35356  15.796  -52.481  61.714 0.0000000000
35357  15.258  -52.451  61.709 0.0000000000
35358  14.169  -52.405  61.458 0.0000000000
35359  12.963  -52.738  61.666 0.0000000000
35360  11.887  -52.871  61.772 0.0000000000
35361  10.925  -52.756  61.967 0.0000000000
35362  10.117  -52.327  62.167 0.0000000000
35365  4.588  -53.188  62.307 0.0000000000
35371  13.941  -52.215  60.439 0.0000000000
35372  13.156  -52.425  60.778 0.0000000000
35373  12.117  -52.540  60.934 0.0000000000
35374  10.941  -52.535  61.079 0.0000000000
35375  10.323  -52.354  61.589 0.0000000000
35384  13.980  -52.167  59.622 0.0000000000
35385  13.298  -52.312  59.868 0.0000000000
35386  12.385  -52.450  60.010 0.0000000000
35387  11.269  -52.392  60.012 0.0000000000
35395  14.041  -52.102  59.065 0.0000000000
35396  13.542  -52.235  59.049 0.0000000000
35397  12.668  -52.309  59.114 0.0000000000
35398  11.774  -52.239  59.227 0.0000000000
36411  6.472  -50.707  65.121 0.0000000000
36412  5.939  -50.879  65.194 0.0000000000
36413  5.132  -51.119  65.260 0.0000000000
36414  4.661  -51.217  64.956 0.0000000000
36415  7.758  -51.201  64.549 0.0000000000
36416  6.849  -51.192  64.944 0.0000000000
36417  5.733  -51.616  64.892 0.0000000000
36418  4.848  -52.001  65.021 0.0000000000
36419  4.467  -51.814  64.389 0.0000000000
36420  8.657  -51.916  63.379 0.0000000000
36421  8.251  -51.331  63.838 0.0000000000
36422  4.398  -52.056  63.539 0.0000000000
36424  16.688  -52.580  61.726 0.0000000000
36425  16.195  -52.492  61.665 0.0000000000
36426  8.858  -51.615  63.077 0.0000000000
36427  8.439  -51.042  63.501 0.0000000000
36433  15.920  -52.295  61.369 0.0000000000
36434  15.111  -52.159  61.089 0.0000000000
36435  14.542  -52.140  60.687 0.0000000000
36436  9.395  -51.673  62.428 0.0000000000
36442  15.792  -52.085  60.607 0.0000000000
36443  15.078  -52.021  60.256 0.0000000000
36444  14.491  -52.098  59.942 0.0000000000
36445  10.230  -52.115  61.095 0.0000000000
36446  9.714  -51.632  61.465 0.0000000000
36452  14.978  -51.840  59.384 0.0000000000
36453  14.416  -51.977  59.154 0.0000000000
36454  10.138  -51.716  60.299 0.0000000000
36455  9.631  -51.178  60.781 0.0000000000
36460  14.744  -51.686  58.477 0.0000000000
36461  13.979  -51.853  58.416 0.0000000000
36462  13.030  -52.078  58.243 0.0000000000
36463  11.963  -51.927  58.372 0.0000000000
36464  10.839  -51.577  58.863 0.0000000000
36472  14.313  -51.511  57.469 0.0000000000
36473  13.443  -51.648  57.423 0.0000000000
36474  12.417  -51.566  57.498 0.0000000000
36475  11.400  -51.141  57.689 0.0000000000
36476  10.811  -50.934  58.125 0.0000000000
36488  13.743  -51.163  56.577 0.0000000000
36489  12.818  -51.185  56.640 0.0000000000
36490  11.967  -50.886  56.993 0.0000000000
36491  11.547  -50.698  57.245 0.0000000000
37396  6.816  -50.484  65.039 0.0000000000
37397  6.099  -50.301  65.229 0.0000000000
37401  7.950  -50.620  64.377 0.0000000000
37402  7.433  -50.602  64.831 0.0000000000
37405  8.296  -50.575  63.870 0.0000000000
37409  8.910  -51.204  62.701 0.0000000000
37410  8.563  -50.609  63.083 0.0000000000
37413  8.995  -50.730  62.098 0.0000000000
37414  8.666  -50.153  62.509 0.0000000000
37417  9.312  -50.647  61.148 0.0000000000
37422  9.986  -50.667  59.374 0.0000000000
37423  9.556  -50.598  60.316 0.0000000000
37428  10.419  -50.477  58.494 0.0000000000
37435  11.306  -50.525  57.363 0.0000000000
37436  10.873  -50.267  57.676 0.0000000000
37447  13.141  -50.644  55.991 0.0000000000
37448  12.240  -50.205  56.240 0.0000000000
37449  11.520  -50.249  56.940 0.0000000000
37450  11.218  -50.225  57.287 0.0000000000
37462  12.781  -50.143  55.733 0.0000000000
38334  7.117  -50.239  64.846 0.0000000000
38335  6.580  -49.819  65.001 0.0000000000
38340  8.057  -50.198  64.179 0.0000000000
38341  7.522  -49.862  64.479 0.0000000000
38342  6.844  -49.223  64.671 0.0000000000
38345  8.195  -49.736  63.723 0.0000000000
38346  7.754  -49.294  64.013 0.0000000000
38350  8.453  -49.690  62.865 0.0000000000
38353  9.017  -50.130  61.480 0.0000000000
38354  8.655  -49.575  61.900 0.0000000000
38360  9.093  -49.565  60.800 0.0000000000
38361  8.682  -48.948  61.246 0.0000000000
38370  10.070  -49.660  58.943 0.0000000000
38371  9.638  -49.622  59.760 0.0000000000
38380  10.391  -49.556  58.229 0.0000000000
38389  10.941  -48.767  57.106 0.0000000000
38390  10.783  -49.214  57.478 0.0000000000
38400  12.013  -49.535  56.047 0.0000000000
38401  11.402  -49.230  56.543 0.0000000000
38402  11.139  -49.844  57.167 0.0000000000
38414  12.525  -49.457  55.569 0.0000000000
38415  11.945  -49.177  55.938 0.0000000000
39273  7.292  -48.933  64.204 0.0000000000
39277  8.269  -49.219  63.196 0.0000000000
39278  7.740  -48.715  63.393 0.0000000000
39282  8.274  -48.907  62.601 0.0000000000
39283  7.822  -48.049  62.418 0.0000000000
39290  8.313  -48.381  61.666 0.0000000000
39291  7.946  -47.614  61.782 0.0000000000
39299  9.308  -48.704  60.044 0.0000000000
39300  8.740  -48.267  60.702 0.0000000000
39308  10.122  -49.094  58.641 0.0000000000
39309  9.788  -48.574  59.140 0.0000000000
39315  10.175  -48.604  58.195 0.0000000000
39316  9.815  -47.962  58.551 0.0000000000
39322  10.988  -48.388  56.917 0.0000000000
39323  10.581  -48.230  57.442 0.0000000000
39331  11.219  -48.211  56.426 0.0000000000
39344  11.882  -48.445  55.711 0.0000000000
40194  8.288  -47.280  61.160 0.0000000000
40198  9.260  -47.505  59.868 0.0000000000
40199  8.751  -47.396  60.527 0.0000000000
40201  9.647  -47.502  58.979 0.0000000000
40203  9.972  -47.525  57.960 0.0000000000
40204  9.736  -47.502  58.505 0.0000000000
40206  10.777  -47.475  57.000 0.0000000000
40207  10.419  -47.570  57.476 0.0000000000
40209  11.286  -47.432  56.094 0.0000000000
40215  11.808  -47.428  55.480 0.0000000000
41029  9.316  -46.572  59.899 0.0000000000
41032  9.947  -46.044  58.810 0.0000000000
41033  9.662  -46.432  59.194 0.0000000000
41035  10.555  -46.061  57.922 0.0000000000
41036  10.158  -46.280  58.255 0.0000000000
41037  9.718  -47.007  58.542 0.0000000000
41042  10.621  -46.360  57.506 0.0000000000
41043  10.328  -47.015  57.567 0.0000000000
41048  10.996  -46.511  56.604 0.0000000000
41889  10.716  -45.210  58.809 0.0000000000
41890  10.200  -45.595  59.023 0.0000000000
41891  9.879  -45.668  59.512 0.0000000000
41895  10.733  -45.610  58.076 0.0000000000
41896  10.482  -45.639  58.541 0.0000000000
