#!ascii label  , from subject FREESURFER vox2ras=TkReg 
605
112006  12.921  34.372  46.873 0.0000000000
112633  12.516  34.763  48.184 0.0000000000
112640  12.644  34.932  47.265 0.0000000000
112650  13.181  34.361  46.183 0.0000000000
112651  12.942  35.021  46.477 0.0000000000
112661  13.406  34.747  45.207 0.0000000000
112662  13.191  34.972  45.927 0.0000000000
112673  13.876  34.584  44.253 0.0000000000
112687  15.364  34.854  43.147 0.0000000000
113232  6.280  36.269  55.461 0.0000000000
113233  5.796  36.115  55.510 0.0000000000
113234  4.834  35.860  55.665 0.0000000000
113235  4.064  35.715  55.591 0.0000000000
113244  6.696  36.030  55.019 0.0000000000
113245  5.338  35.376  54.947 0.0000000000
113246  4.255  35.061  55.295 0.0000000000
113247  3.415  35.100  54.978 0.0000000000
113256  2.909  35.153  54.218 0.0000000000
113260  3.819  35.831  52.561 0.0000000000
113261  3.375  35.438  53.035 0.0000000000
113264  4.786  35.927  51.533 0.0000000000
113265  4.206  35.631  51.955 0.0000000000
113266  3.449  34.788  52.222 0.0000000000
113273  5.616  35.931  50.535 0.0000000000
113274  5.153  35.664  50.977 0.0000000000
113275  4.395  34.857  51.196 0.0000000000
113282  12.257  35.461  49.683 0.0000000000
113283  5.804  35.617  50.094 0.0000000000
113289  12.314  35.545  48.691 0.0000000000
113295  12.405  35.692  47.741 0.0000000000
113303  12.615  35.786  46.792 0.0000000000
113313  13.340  35.664  45.081 0.0000000000
113314  13.048  35.735  45.809 0.0000000000
113325  14.257  36.016  43.991 0.0000000000
113326  13.819  35.727  44.339 0.0000000000
113342  15.856  35.684  43.340 0.0000000000
113343  14.721  35.732  43.644 0.0000000000
113344  14.179  34.996  43.849 0.0000000000
113902  10.270  36.788  56.548 0.0000000000
113903  9.219  36.983  56.324 0.0000000000
113904  8.166  37.121  56.217 0.0000000000
113905  7.112  37.122  56.217 0.0000000000
113906  6.058  37.138  56.203 0.0000000000
113907  5.129  37.075  56.461 0.0000000000
113908  4.604  37.201  56.374 0.0000000000
113916  8.515  36.759  55.786 0.0000000000
113917  7.508  36.765  55.848 0.0000000000
113918  6.474  36.565  55.755 0.0000000000
113919  5.409  36.539  55.997 0.0000000000
113920  4.400  36.577  56.068 0.0000000000
113921  3.708  36.149  55.460 0.0000000000
113927  7.752  36.433  55.358 0.0000000000
113928  7.090  36.480  55.530 0.0000000000
113929  3.305  36.004  54.788 0.0000000000
113933  3.828  36.783  53.680 0.0000000000
113934  3.297  36.105  53.945 0.0000000000
113937  4.031  36.365  52.793 0.0000000000
113938  3.565  36.200  53.350 0.0000000000
113940  11.757  37.107  51.221 0.0000000000
113941  4.970  36.538  51.683 0.0000000000
113942  4.475  36.392  52.206 0.0000000000
113943  12.057  36.275  50.187 0.0000000000
113944  11.794  37.042  50.526 0.0000000000
113945  5.833  36.571  50.504 0.0000000000
113946  5.436  36.560  51.096 0.0000000000
113947  12.137  36.302  49.149 0.0000000000
113948  11.902  37.047  49.525 0.0000000000
113949  6.348  36.449  49.571 0.0000000000
113952  12.215  36.393  48.242 0.0000000000
113953  12.031  37.031  48.586 0.0000000000
113957  12.288  36.782  47.308 0.0000000000
113958  12.152  36.974  47.988 0.0000000000
113964  12.621  36.635  46.254 0.0000000000
113972  13.299  36.472  45.102 0.0000000000
113973  12.947  36.557  45.681 0.0000000000
113985  14.334  36.572  44.075 0.0000000000
113986  13.766  36.738  44.504 0.0000000000
114000  16.373  36.343  43.697 0.0000000000
114001  15.585  36.449  43.625 0.0000000000
114002  14.976  36.718  43.773 0.0000000000
114586  10.812  37.338  56.673 0.0000000000
114587  9.794  37.409  56.612 0.0000000000
114588  8.827  37.529  56.349 0.0000000000
114589  7.772  37.613  56.430 0.0000000000
114590  6.698  37.668  56.503 0.0000000000
114591  5.688  37.697  56.530 0.0000000000
114592  4.870  37.678  56.503 0.0000000000
114596  4.244  37.539  56.077 0.0000000000
114597  3.870  36.901  55.686 0.0000000000
114600  11.507  38.009  55.050 0.0000000000
114601  3.881  37.557  55.182 0.0000000000
114602  3.615  36.685  55.181 0.0000000000
114605  11.709  37.820  54.154 0.0000000000
114606  4.019  37.683  54.178 0.0000000000
114607  3.603  36.811  54.526 0.0000000000
114609  11.707  37.573  53.155 0.0000000000
114610  4.711  37.910  52.459 0.0000000000
114611  4.334  37.619  53.143 0.0000000000
114613  11.702  37.351  51.987 0.0000000000
114614  5.058  37.694  51.953 0.0000000000
114615  4.629  37.080  52.391 0.0000000000
114616  11.429  37.635  50.905 0.0000000000
114617  5.946  37.427  50.478 0.0000000000
114618  5.602  37.557  51.108 0.0000000000
114619  11.404  37.722  49.875 0.0000000000
114620  6.239  37.521  49.856 0.0000000000
114621  5.924  38.043  50.330 0.0000000000
114622  11.568  37.739  48.822 0.0000000000
114623  6.592  37.321  49.025 0.0000000000
114624  12.128  37.510  47.164 0.0000000000
114625  11.917  37.642  47.786 0.0000000000
114630  12.346  37.624  46.524 0.0000000000
114631  11.994  37.986  47.043 0.0000000000
114638  13.496  37.485  44.824 0.0000000000
114639  12.893  37.381  45.607 0.0000000000
114648  15.996  37.657  44.003 0.0000000000
114649  14.923  37.629  44.060 0.0000000000
114650  14.076  37.391  44.341 0.0000000000
114661  15.511  37.103  43.822 0.0000000000
115224  11.126  37.872  56.284 0.0000000000
115225  10.191  37.986  56.449 0.0000000000
115226  9.344  37.945  56.467 0.0000000000
115227  8.456  38.149  56.408 0.0000000000
115228  7.341  38.266  56.487 0.0000000000
115229  6.252  38.346  56.564 0.0000000000
115230  5.289  38.352  56.522 0.0000000000
115231  4.617  38.247  56.290 0.0000000000
115232  11.221  38.136  55.679 0.0000000000
115233  10.496  38.302  55.710 0.0000000000
115234  9.332  38.649  55.695 0.0000000000
115235  7.999  38.866  55.976 0.0000000000
115236  6.835  38.990  56.182 0.0000000000
115237  5.754  39.052  56.241 0.0000000000
115238  4.820  39.001  56.179 0.0000000000
115239  4.253  38.584  55.623 0.0000000000
115240  10.840  38.274  55.085 0.0000000000
115241  10.073  38.801  54.642 0.0000000000
115242  9.488  39.099  54.903 0.0000000000
115243  4.052  38.636  54.670 0.0000000000
115244  10.922  38.323  54.286 0.0000000000
115245  10.392  38.901  53.604 0.0000000000
115246  4.093  38.720  53.660 0.0000000000
115247  11.012  38.246  53.365 0.0000000000
115248  10.533  38.992  52.759 0.0000000000
115249  4.876  38.305  52.166 0.0000000000
115250  4.523  38.798  52.545 0.0000000000
115251  11.096  38.233  52.424 0.0000000000
115252  10.682  39.064  51.909 0.0000000000
115253  5.111  38.746  51.641 0.0000000000
115254  4.721  39.271  51.971 0.0000000000
115255  11.084  38.288  51.437 0.0000000000
115256  10.691  39.103  50.974 0.0000000000
115257  5.540  38.819  50.573 0.0000000000
115258  10.959  38.381  50.391 0.0000000000
115259  10.616  39.157  50.004 0.0000000000
115260  6.361  37.965  49.264 0.0000000000
115261  5.893  38.714  49.438 0.0000000000
115262  10.958  38.661  49.176 0.0000000000
115263  10.650  39.310  49.375 0.0000000000
115264  6.396  38.150  48.617 0.0000000000
115265  5.835  38.958  48.209 0.0000000000
115269  11.366  38.525  48.109 0.0000000000
115276  12.124  38.597  46.568 0.0000000000
115277  11.704  38.600  47.258 0.0000000000
115284  13.285  38.413  45.235 0.0000000000
115285  12.611  38.466  45.887 0.0000000000
115293  15.699  38.295  44.339 0.0000000000
115294  15.022  38.517  44.426 0.0000000000
115295  14.167  38.418  44.612 0.0000000000
115852  9.205  39.269  55.027 0.0000000000
115853  8.558  39.528  55.126 0.0000000000
115854  7.385  39.565  55.427 0.0000000000
115855  6.290  39.626  55.608 0.0000000000
115856  5.217  39.788  55.667 0.0000000000
115857  4.445  39.519  55.584 0.0000000000
115858  9.954  39.500  53.791 0.0000000000
115859  9.331  39.789  54.299 0.0000000000
115860  8.615  40.238  54.518 0.0000000000
115861  7.843  40.261  54.749 0.0000000000
115862  6.815  40.293  54.966 0.0000000000
115863  5.914  40.327  55.278 0.0000000000
115864  4.078  39.513  55.057 0.0000000000
115865  10.181  39.882  53.136 0.0000000000
115866  9.820  40.214  53.580 0.0000000000
115867  3.785  39.689  54.174 0.0000000000
115868  10.344  39.900  52.352 0.0000000000
115869  3.926  39.771  53.080 0.0000000000
115870  10.389  39.872  51.494 0.0000000000
115871  4.743  39.546  51.533 0.0000000000
115872  4.315  39.857  52.035 0.0000000000
115873  10.358  39.856  50.535 0.0000000000
115874  4.996  39.615  50.861 0.0000000000
115875  4.441  40.099  51.105 0.0000000000
115876  10.433  39.845  49.602 0.0000000000
115877  5.051  39.819  49.799 0.0000000000
115878  4.577  40.194  50.359 0.0000000000
115881  11.013  39.217  48.292 0.0000000000
115882  10.689  39.676  48.790 0.0000000000
115883  5.147  39.919  48.655 0.0000000000
115884  4.696  40.446  48.469 0.0000000000
115888  11.307  39.498  47.510 0.0000000000
115889  10.900  39.868  48.027 0.0000000000
115890  5.263  39.561  47.603 0.0000000000
115891  4.777  40.306  47.884 0.0000000000
115895  12.404  39.398  46.121 0.0000000000
115896  11.810  39.463  46.712 0.0000000000
115901  16.411  39.237  45.433 0.0000000000
115902  15.432  39.609  45.085 0.0000000000
115903  14.629  39.629  45.094 0.0000000000
115904  13.871  39.329  45.204 0.0000000000
115905  13.022  39.317  45.588 0.0000000000
115913  16.224  38.605  44.791 0.0000000000
115914  15.609  38.932  44.754 0.0000000000
115915  14.847  39.078  44.755 0.0000000000
115916  14.368  39.110  44.936 0.0000000000
116428  4.526  40.165  55.367 0.0000000000
116429  4.189  39.966  55.264 0.0000000000
116430  8.908  40.708  54.147 0.0000000000
116431  8.270  40.893  54.333 0.0000000000
116432  7.404  41.246  54.488 0.0000000000
116433  6.284  41.124  54.948 0.0000000000
116434  5.128  40.806  55.100 0.0000000000
116435  4.064  40.599  54.794 0.0000000000
116436  9.974  40.675  53.260 0.0000000000
116437  9.451  41.110  53.620 0.0000000000
116438  8.602  41.420  54.012 0.0000000000
116439  8.047  41.437  54.216 0.0000000000
116440  3.523  40.879  53.519 0.0000000000
116441  3.305  41.489  53.117 0.0000000000
116442  10.117  40.856  52.791 0.0000000000
116443  9.885  41.117  53.166 0.0000000000
116444  3.681  40.612  52.406 0.0000000000
116445  3.313  41.328  52.617 0.0000000000
116446  10.207  40.684  51.996 0.0000000000
116447  3.904  40.609  51.402 0.0000000000
116448  3.440  41.234  51.704 0.0000000000
116452  10.113  40.658  51.059 0.0000000000
116453  4.095  40.658  50.491 0.0000000000
116454  3.643  41.204  50.754 0.0000000000
116458  10.135  40.651  49.998 0.0000000000
116459  4.686  40.402  49.079 0.0000000000
116460  4.347  40.645  49.625 0.0000000000
116461  3.852  41.169  49.883 0.0000000000
116466  10.372  40.575  48.976 0.0000000000
116467  4.669  40.459  48.718 0.0000000000
116468  4.291  40.883  48.611 0.0000000000
116469  4.029  41.106  49.305 0.0000000000
116474  11.118  40.635  47.554 0.0000000000
116475  10.733  40.437  48.273 0.0000000000
116476  4.398  40.733  47.377 0.0000000000
116480  16.718  40.253  46.106 0.0000000000
116481  12.260  40.433  46.347 0.0000000000
116482  11.540  40.292  46.898 0.0000000000
116487  15.924  40.217  45.541 0.0000000000
116488  15.101  40.274  45.364 0.0000000000
116489  14.286  40.248  45.378 0.0000000000
116490  13.474  40.146  45.565 0.0000000000
116491  12.794  40.048  45.839 0.0000000000
117067  7.349  41.816  54.372 0.0000000000
117068  6.825  42.028  54.569 0.0000000000
117069  5.663  41.961  54.981 0.0000000000
117070  4.559  41.816  54.920 0.0000000000
117071  9.322  41.963  53.421 0.0000000000
117072  8.834  42.110  53.747 0.0000000000
117073  7.790  42.140  54.164 0.0000000000
117074  7.087  42.772  54.506 0.0000000000
117075  3.785  41.786  54.186 0.0000000000
117076  3.359  41.849  53.418 0.0000000000
117077  9.929  41.285  52.757 0.0000000000
117078  9.693  41.716  52.960 0.0000000000
117079  3.173  41.909  52.821 0.0000000000
117080  9.936  41.319  52.430 0.0000000000
117081  9.671  42.058  52.187 0.0000000000
117082  3.136  41.893  52.022 0.0000000000
117086  9.887  41.400  51.630 0.0000000000
117087  9.609  42.225  51.329 0.0000000000
117088  3.316  41.825  51.077 0.0000000000
117094  9.783  41.624  50.528 0.0000000000
117095  9.585  42.489  50.609 0.0000000000
117096  3.544  41.752  50.162 0.0000000000
117103  10.085  41.566  49.304 0.0000000000
117104  4.108  41.528  48.613 0.0000000000
117105  3.816  41.626  49.226 0.0000000000
117110  16.977  41.922  47.913 0.0000000000
117111  11.233  41.464  47.497 0.0000000000
117112  10.725  41.487  48.181 0.0000000000
117113  4.342  41.412  47.999 0.0000000000
117118  16.648  41.412  46.769 0.0000000000
117119  15.603  41.534  46.114 0.0000000000
117120  14.585  41.772  46.052 0.0000000000
117121  13.602  41.751  46.096 0.0000000000
117122  12.676  41.524  46.345 0.0000000000
117123  11.758  41.395  46.906 0.0000000000
117127  16.139  40.894  45.970 0.0000000000
117128  15.529  40.802  45.690 0.0000000000
117129  14.836  40.977  45.639 0.0000000000
117130  13.944  41.010  45.654 0.0000000000
117131  13.098  40.835  45.936 0.0000000000
117654  6.239  43.056  54.709 0.0000000000
117655  5.126  42.800  54.856 0.0000000000
117656  4.303  42.747  54.453 0.0000000000
117657  9.101  42.838  53.377 0.0000000000
117658  8.400  43.038  53.971 0.0000000000
117659  7.552  43.223  54.426 0.0000000000
117660  6.945  43.287  54.608 0.0000000000
117661  3.646  42.765  53.492 0.0000000000
117662  3.288  42.292  53.086 0.0000000000
117663  9.337  42.841  52.658 0.0000000000
117664  3.533  43.138  52.851 0.0000000000
117665  3.220  42.655  52.501 0.0000000000
117666  9.387  42.957  51.839 0.0000000000
117667  3.168  42.502  51.441 0.0000000000
117671  9.464  43.034  50.995 0.0000000000
117672  3.601  42.924  50.188 0.0000000000
117673  3.366  42.383  50.550 0.0000000000
117681  9.744  42.748  49.755 0.0000000000
117682  9.550  42.992  50.418 0.0000000000
117683  3.947  42.570  49.457 0.0000000000
117684  3.607  42.252  49.749 0.0000000000
117691  16.777  42.767  48.359 0.0000000000
117692  10.370  42.525  48.683 0.0000000000
117693  4.672  42.410  48.362 0.0000000000
117694  4.043  42.072  48.650 0.0000000000
117695  3.769  42.150  49.218 0.0000000000
117701  16.054  42.602  47.476 0.0000000000
117702  15.048  43.077  47.217 0.0000000000
117703  14.522  43.242  47.124 0.0000000000
117704  12.180  42.787  47.041 0.0000000000
117705  11.403  42.332  47.493 0.0000000000
117706  10.814  42.436  48.055 0.0000000000
117709  4.463  41.832  47.708 0.0000000000
117713  15.955  42.055  46.680 0.0000000000
117714  15.270  42.353  46.642 0.0000000000
117715  14.248  42.691  46.618 0.0000000000
117716  13.197  42.392  46.499 0.0000000000
117717  12.415  42.191  46.743 0.0000000000
117718  11.937  42.173  47.037 0.0000000000
118263  6.101  43.758  54.825 0.0000000000
118264  5.478  43.657  54.782 0.0000000000
118265  4.810  43.413  54.638 0.0000000000
118266  9.040  43.456  53.404 0.0000000000
118267  8.789  43.789  53.662 0.0000000000
118268  8.024  43.990  54.327 0.0000000000
118269  6.856  43.952  54.765 0.0000000000
118270  5.038  43.956  54.556 0.0000000000
118271  4.409  43.768  54.070 0.0000000000
118272  9.143  43.754  53.120 0.0000000000
118273  8.984  44.499  53.403 0.0000000000
118274  3.910  43.783  52.962 0.0000000000
118275  3.461  43.362  52.414 0.0000000000
118276  9.258  43.889  52.287 0.0000000000
118277  3.620  43.950  52.016 0.0000000000
118278  3.295  43.219  51.699 0.0000000000
118279  9.376  43.907  51.357 0.0000000000
118280  3.725  43.634  50.976 0.0000000000
118281  3.345  42.963  50.932 0.0000000000
118288  9.858  43.676  49.632 0.0000000000
118289  9.618  43.800  50.337 0.0000000000
118290  4.742  43.545  49.589 0.0000000000
118291  4.284  43.459  49.865 0.0000000000
118298  16.771  43.605  48.483 0.0000000000
118299  15.844  44.051  48.369 0.0000000000
118300  15.139  44.177  48.243 0.0000000000
118301  10.192  43.556  48.993 0.0000000000
118302  5.560  43.483  48.680 0.0000000000
118303  5.088  43.280  49.027 0.0000000000
118304  4.399  42.713  49.093 0.0000000000
118312  16.161  43.336  48.220 0.0000000000
118313  15.475  43.522  47.914 0.0000000000
118314  14.572  43.737  47.662 0.0000000000
118315  13.797  43.746  47.317 0.0000000000
118316  12.874  43.553  47.208 0.0000000000
118317  11.856  43.484  47.467 0.0000000000
118318  10.902  43.412  48.080 0.0000000000
118319  5.767  43.308  48.118 0.0000000000
118320  5.186  42.707  48.077 0.0000000000
118326  14.151  43.352  47.068 0.0000000000
118327  13.518  43.126  46.864 0.0000000000
118328  12.825  42.834  46.814 0.0000000000
118892  5.870  44.234  54.808 0.0000000000
118893  5.371  44.164  54.699 0.0000000000
118894  8.459  44.914  53.786 0.0000000000
118895  7.491  44.926  54.483 0.0000000000
118896  6.353  44.957  54.659 0.0000000000
118897  5.213  44.723  54.382 0.0000000000
118898  4.472  44.796  53.450 0.0000000000
118899  9.176  44.966  52.769 0.0000000000
118900  8.920  45.041  53.331 0.0000000000
118901  4.079  44.822  52.488 0.0000000000
118902  9.387  44.971  51.743 0.0000000000
118903  4.087  44.579  51.562 0.0000000000
118904  9.585  44.829  50.820 0.0000000000
118905  4.756  44.665  50.576 0.0000000000
118906  4.289  44.217  50.744 0.0000000000
118909  10.139  44.613  49.585 0.0000000000
118910  9.785  44.650  50.246 0.0000000000
118911  5.620  44.565  49.643 0.0000000000
118912  4.965  43.992  49.866 0.0000000000
118913  4.565  44.032  50.290 0.0000000000
118916  16.950  44.062  48.301 0.0000000000
118917  16.079  44.621  48.316 0.0000000000
118918  15.370  44.779  48.478 0.0000000000
118919  14.380  44.783  48.206 0.0000000000
118920  13.192  45.046  48.298 0.0000000000
118921  12.129  45.021  48.296 0.0000000000
118922  11.277  44.795  48.462 0.0000000000
118923  10.667  44.323  48.661 0.0000000000
118924  6.596  44.789  48.501 0.0000000000
118925  5.878  43.969  48.861 0.0000000000
118926  5.369  43.917  49.362 0.0000000000
118928  16.998  44.167  47.391 0.0000000000
118929  16.387  44.714  47.868 0.0000000000
118930  14.083  44.168  47.710 0.0000000000
118931  13.482  44.297  47.720 0.0000000000
118932  12.506  44.318  47.750 0.0000000000
118933  11.570  44.260  47.934 0.0000000000
118934  11.059  44.220  48.223 0.0000000000
118936  6.494  43.993  47.892 0.0000000000
118938  17.092  44.204  46.288 0.0000000000
118939  16.267  44.749  46.787 0.0000000000
118940  15.832  45.088  46.409 0.0000000000
118946  16.570  44.555  45.680 0.0000000000
118947  16.013  44.897  45.826 0.0000000000
119518  8.413  45.635  53.629 0.0000000000
119519  7.883  45.687  53.957 0.0000000000
119520  6.911  45.801  54.267 0.0000000000
119521  5.841  45.768  54.102 0.0000000000
119522  4.976  45.780  53.681 0.0000000000
119523  9.148  45.827  52.646 0.0000000000
119524  8.823  45.742  53.159 0.0000000000
119525  4.488  45.807  52.944 0.0000000000
119526  9.379  45.939  52.068 0.0000000000
119527  4.724  46.177  51.568 0.0000000000
119528  4.375  45.890  51.909 0.0000000000
119529  10.569  46.472  50.612 0.0000000000
119530  9.971  46.146  51.000 0.0000000000
119531  5.596  46.139  50.640 0.0000000000
119532  5.098  45.890  51.034 0.0000000000
119533  4.476  45.047  51.166 0.0000000000
119534  13.631  46.477  49.265 0.0000000000
119535  13.217  46.374  49.363 0.0000000000
119536  12.244  46.280  49.508 0.0000000000
119537  10.878  46.162  49.920 0.0000000000
119538  9.961  45.339  50.270 0.0000000000
119539  6.444  46.039  49.585 0.0000000000
119540  6.017  45.813  50.076 0.0000000000
119541  5.290  44.956  50.265 0.0000000000
119542  15.895  45.027  48.390 0.0000000000
119543  15.601  45.234  48.339 0.0000000000
119544  14.933  45.603  48.658 0.0000000000
119545  13.864  46.100  48.844 0.0000000000
119546  12.727  45.737  48.892 0.0000000000
119547  11.657  45.567  48.983 0.0000000000
119548  10.833  45.169  49.034 0.0000000000
119549  6.647  45.742  49.129 0.0000000000
119550  6.229  44.921  49.311 0.0000000000
119551  15.974  45.110  48.189 0.0000000000
119552  15.619  45.498  47.889 0.0000000000
119554  15.959  45.120  47.619 0.0000000000
119555  15.551  45.399  46.984 0.0000000000
119556  15.105  45.713  46.465 0.0000000000
119559  15.522  45.291  46.027 0.0000000000
119560  14.941  45.673  45.655 0.0000000000
120126  8.323  46.238  53.534 0.0000000000
120127  7.434  46.601  53.747 0.0000000000
120128  6.351  46.640  53.877 0.0000000000
120129  5.355  46.765  53.787 0.0000000000
120130  4.701  46.715  53.324 0.0000000000
120131  9.291  46.588  52.505 0.0000000000
120132  8.778  46.750  53.022 0.0000000000
120133  8.182  46.991  53.361 0.0000000000
120134  4.510  46.716  52.709 0.0000000000
120135  10.450  47.153  51.409 0.0000000000
120136  9.978  46.829  51.816 0.0000000000
120137  4.781  46.710  51.688 0.0000000000
120138  4.569  46.877  52.216 0.0000000000
120139  13.251  47.153  50.064 0.0000000000
120140  12.686  47.170  50.223 0.0000000000
120141  11.919  47.181  50.431 0.0000000000
120142  10.908  46.913  50.823 0.0000000000
120143  10.336  46.813  51.305 0.0000000000
120144  5.668  46.728  50.725 0.0000000000
120145  5.242  46.926  51.291 0.0000000000
120146  14.304  47.045  49.354 0.0000000000
120147  13.748  46.833  49.609 0.0000000000
120148  12.902  46.772  49.856 0.0000000000
120149  12.039  46.771  50.074 0.0000000000
120150  11.462  46.795  50.360 0.0000000000
120152  6.214  46.940  50.164 0.0000000000
120153  15.197  45.944  48.272 0.0000000000
120154  14.611  46.596  48.797 0.0000000000
120155  14.202  46.667  49.199 0.0000000000
120158  15.148  45.949  47.503 0.0000000000
120159  14.803  46.538  47.950 0.0000000000
120162  15.059  45.846  46.937 0.0000000000
120163  14.513  46.407  46.723 0.0000000000
120164  13.867  47.007  46.513 0.0000000000
120169  14.294  46.256  45.308 0.0000000000
120170  13.788  46.838  45.845 0.0000000000
120671  6.752  47.245  53.635 0.0000000000
120672  5.931  47.623  53.587 0.0000000000
120673  4.901  47.720  53.404 0.0000000000
120674  4.586  47.221  53.056 0.0000000000
120675  9.116  47.263  52.565 0.0000000000
120676  8.495  47.604  52.714 0.0000000000
120677  7.397  47.531  53.238 0.0000000000
120678  6.601  47.696  53.432 0.0000000000
120679  4.818  48.070  52.876 0.0000000000
120680  4.652  47.553  52.645 0.0000000000
120681  10.231  47.429  51.664 0.0000000000
120682  9.655  47.634  52.039 0.0000000000
120683  9.068  47.688  52.353 0.0000000000
120684  5.051  47.704  51.611 0.0000000000
120685  4.671  47.397  52.059 0.0000000000
120686  13.099  47.447  50.227 0.0000000000
120687  12.607  47.652  50.309 0.0000000000
120688  11.631  47.574  50.610 0.0000000000
120689  10.689  47.625  51.174 0.0000000000
120690  10.207  47.810  51.610 0.0000000000
120692  5.458  47.572  51.033 0.0000000000
120693  14.122  47.490  49.689 0.0000000000
120694  13.567  47.518  50.078 0.0000000000
120695  13.147  47.697  50.234 0.0000000000
120698  14.314  47.528  49.084 0.0000000000
120699  14.026  47.976  48.847 0.0000000000
120702  14.517  47.104  48.406 0.0000000000
120703  14.031  47.623  48.253 0.0000000000
120704  13.370  47.993  47.778 0.0000000000
120707  14.392  47.034  47.728 0.0000000000
120708  13.817  47.378  47.186 0.0000000000
120709  13.115  48.136  46.964 0.0000000000
120714  13.437  47.469  46.315 0.0000000000
120715  12.838  48.039  46.043 0.0000000000
121180  5.912  48.080  53.447 0.0000000000
121181  5.601  48.143  53.379 0.0000000000
121182  8.396  48.032  52.427 0.0000000000
121183  7.786  48.258  52.550 0.0000000000
121184  6.353  48.254  53.093 0.0000000000
121185  5.280  48.549  52.793 0.0000000000
121186  4.863  48.180  52.509 0.0000000000
121187  9.493  48.103  51.763 0.0000000000
121188  8.775  48.268  51.981 0.0000000000
121189  8.007  48.620  52.129 0.0000000000
121190  5.080  48.625  51.900 0.0000000000
121191  4.786  47.934  52.161 0.0000000000
121192  12.710  47.914  50.329 0.0000000000
121193  12.272  47.928  50.353 0.0000000000
121194  11.254  48.051  50.547 0.0000000000
121195  9.850  48.351  51.055 0.0000000000
121196  8.998  48.686  51.314 0.0000000000
121198  5.477  48.560  50.867 0.0000000000
121199  14.164  47.772  49.778 0.0000000000
121200  13.898  47.865  49.853 0.0000000000
121201  13.088  48.078  50.121 0.0000000000
121202  11.987  48.292  49.845 0.0000000000
121203  10.811  48.515  49.837 0.0000000000
121204  9.890  48.845  49.787 0.0000000000
121207  14.159  47.820  49.562 0.0000000000
121208  13.786  48.119  49.370 0.0000000000
121209  12.743  48.375  49.127 0.0000000000
121210  11.500  48.819  48.733 0.0000000000
121211  10.344  48.983  48.961 0.0000000000
121212  9.775  49.218  49.189 0.0000000000
121215  13.421  48.121  48.575 0.0000000000
121216  12.438  48.693  47.861 0.0000000000
121217  11.681  49.068  48.030 0.0000000000
121223  12.379  48.731  46.724 0.0000000000
121224  11.916  49.037  46.299 0.0000000000
121689  7.648  48.769  52.231 0.0000000000
121690  6.993  48.931  52.427 0.0000000000
121691  6.054  49.046  52.527 0.0000000000
121692  8.579  48.877  51.451 0.0000000000
121693  7.722  49.219  51.711 0.0000000000
121694  6.436  49.656  52.029 0.0000000000
121695  5.576  49.427  51.951 0.0000000000
121696  9.419  48.963  50.269 0.0000000000
121697  8.671  49.348  50.683 0.0000000000
121698  7.580  50.086  50.884 0.0000000000
121699  5.441  49.467  51.223 0.0000000000
121700  9.296  49.511  49.589 0.0000000000
121701  8.604  50.108  49.714 0.0000000000
121704  11.337  49.232  48.083 0.0000000000
121705  10.718  49.524  48.121 0.0000000000
121706  9.764  49.833  48.665 0.0000000000
121709  12.044  49.064  47.232 0.0000000000
121710  11.509  49.489  47.454 0.0000000000
121711  10.778  50.203  47.537 0.0000000000
121714  11.922  49.271  46.841 0.0000000000
121715  11.550  49.648  46.379 0.0000000000
122226  6.727  50.269  51.325 0.0000000000
122227  5.861  50.238  51.502 0.0000000000
122228  5.555  49.929  51.373 0.0000000000
122229  7.912  50.482  50.132 0.0000000000
122230  6.900  51.007  50.507 0.0000000000
122231  6.034  50.957  50.972 0.0000000000
122232  5.527  50.423  50.749 0.0000000000
122233  8.896  50.354  48.958 0.0000000000
122234  8.184  50.818  49.315 0.0000000000
122235  7.460  51.353  49.679 0.0000000000
122237  10.147  50.474  47.925 0.0000000000
122238  9.282  50.920  48.234 0.0000000000
122239  8.468  51.173  48.658 0.0000000000
122240  7.934  51.531  49.092 0.0000000000
122243  11.081  50.370  46.892 0.0000000000
122770  6.118  51.598  50.471 0.0000000000
