#!ascii label  , from subject FREESURFER vox2ras=TkReg 
648
3618  9.565  -89.106  30.079 0.0000000000
4101  9.225  -88.503  30.372 0.0000000000
4102  8.819  -88.240  30.218 0.0000000000
4114  9.227  -88.755  29.624 0.0000000000
4115  8.862  -88.410  29.980 0.0000000000
4120  9.602  -88.978  28.918 0.0000000000
4124  9.977  -88.951  27.988 0.0000000000
4128  10.056  -88.470  27.230 0.0000000000
4139  10.785  -88.351  25.368 0.0000000000
4211  6.841  -87.758  16.483 0.0000000000
4212  6.280  -88.020  16.888 0.0000000000
4213  5.137  -88.633  16.480 0.0000000000
4223  6.728  -88.003  15.732 0.0000000000
4224  5.563  -88.416  15.729 0.0000000000
4225  4.719  -88.674  15.681 0.0000000000
4234  6.943  -87.955  14.313 0.0000000000
4235  5.919  -88.461  14.628 0.0000000000
4236  4.978  -88.615  14.793 0.0000000000
4237  4.537  -88.921  14.905 0.0000000000
4246  6.799  -87.915  13.594 0.0000000000
4247  6.081  -88.196  13.420 0.0000000000
4248  5.106  -88.412  13.788 0.0000000000
4249  4.546  -88.710  13.902 0.0000000000
4259  5.641  -87.951  12.767 0.0000000000
4260  5.101  -88.098  12.936 0.0000000000
4261  4.573  -88.384  13.018 0.0000000000
4262  4.257  -88.749  12.772 0.0000000000
4267  4.232  -88.492  11.615 0.0000000000
4282  4.201  -88.429  10.900 0.0000000000
4300  4.141  -88.268  10.280 0.0000000000
4655  9.251  -87.780  30.873 0.0000000000
4656  8.735  -87.861  30.463 0.0000000000
4669  8.930  -88.295  29.541 0.0000000000
4670  8.680  -87.982  29.826 0.0000000000
4680  9.228  -88.287  28.775 0.0000000000
4681  8.866  -87.971  29.282 0.0000000000
4688  9.593  -88.119  27.755 0.0000000000
4691  10.329  -88.451  26.605 0.0000000000
4692  9.871  -87.778  26.855 0.0000000000
4694  10.373  -87.941  25.970 0.0000000000
4695  9.908  -87.201  26.182 0.0000000000
4701  11.024  -88.081  24.664 0.0000000000
4702  10.593  -87.549  25.173 0.0000000000
4709  12.046  -87.816  23.226 0.0000000000
4710  11.358  -87.495  23.962 0.0000000000
4716  13.361  -87.584  21.699 0.0000000000
4717  12.748  -87.655  22.464 0.0000000000
4774  6.940  -86.763  18.067 0.0000000000
4775  6.594  -87.441  17.825 0.0000000000
4785  7.939  -86.583  16.322 0.0000000000
4786  7.399  -87.144  16.793 0.0000000000
4787  6.752  -87.547  17.187 0.0000000000
4798  8.117  -86.612  15.584 0.0000000000
4799  7.629  -87.474  15.154 0.0000000000
4809  8.207  -87.057  14.197 0.0000000000
4810  7.625  -87.568  14.264 0.0000000000
4819  8.169  -86.987  13.030 0.0000000000
4820  7.392  -87.628  13.411 0.0000000000
4821  6.686  -87.867  13.230 0.0000000000
4832  8.079  -86.846  12.474 0.0000000000
4833  7.526  -87.191  12.311 0.0000000000
4834  6.377  -87.677  12.528 0.0000000000
4835  5.211  -87.749  12.257 0.0000000000
4836  4.604  -87.997  12.382 0.0000000000
4837  4.401  -88.346  12.483 0.0000000000
4844  7.325  -87.073  11.843 0.0000000000
4845  6.824  -87.168  11.729 0.0000000000
4846  5.572  -87.213  11.348 0.0000000000
4847  4.597  -87.672  11.574 0.0000000000
4848  4.323  -88.206  11.934 0.0000000000
4857  5.197  -86.849  10.706 0.0000000000
4858  4.626  -87.184  10.629 0.0000000000
4859  4.205  -88.004  10.850 0.0000000000
4872  4.243  -87.792  9.798 0.0000000000
4873  4.129  -88.035  10.286 0.0000000000
5275  8.620  -86.173  31.238 0.0000000000
5276  8.102  -86.064  31.210 0.0000000000
5277  7.793  -85.778  31.107 0.0000000000
5287  9.273  -86.837  31.106 0.0000000000
5288  8.376  -86.966  30.949 0.0000000000
5289  7.747  -86.113  30.794 0.0000000000
5298  8.414  -87.382  30.072 0.0000000000
5299  8.020  -86.520  29.823 0.0000000000
5311  9.230  -87.742  28.236 0.0000000000
5312  8.726  -87.212  28.837 0.0000000000
5313  8.117  -86.398  28.879 0.0000000000
5320  9.299  -87.360  27.619 0.0000000000
5321  8.820  -86.538  27.413 0.0000000000
5326  9.423  -86.862  26.701 0.0000000000
5327  8.916  -86.094  26.424 0.0000000000
5329  10.160  -87.098  25.603 0.0000000000
5330  9.529  -86.424  25.733 0.0000000000
5331  9.003  -85.776  25.783 0.0000000000
5339  10.822  -87.238  24.528 0.0000000000
5340  10.170  -86.485  24.837 0.0000000000
5341  9.581  -86.081  25.174 0.0000000000
5351  11.747  -86.615  23.356 0.0000000000
5352  10.942  -86.486  24.015 0.0000000000
5353  10.454  -86.095  24.248 0.0000000000
5364  12.915  -86.508  22.124 0.0000000000
5365  12.357  -86.871  22.822 0.0000000000
5374  13.573  -86.676  21.246 0.0000000000
5424  7.772  -85.878  17.380 0.0000000000
5425  7.460  -86.056  17.932 0.0000000000
5441  8.067  -85.938  16.650 0.0000000000
5442  7.709  -86.258  17.171 0.0000000000
5457  8.313  -85.768  15.513 0.0000000000
5468  8.430  -86.092  14.510 0.0000000000
5475  8.523  -86.298  13.416 0.0000000000
5484  8.406  -86.374  12.458 0.0000000000
5485  8.010  -86.753  12.104 0.0000000000
5494  8.200  -86.372  11.801 0.0000000000
5495  7.501  -86.721  11.600 0.0000000000
5496  6.525  -86.657  11.078 0.0000000000
5497  5.710  -86.662  10.702 0.0000000000
5510  8.031  -86.166  11.275 0.0000000000
5511  7.317  -86.195  10.805 0.0000000000
5512  6.325  -86.160  10.274 0.0000000000
5513  5.222  -86.623  10.140 0.0000000000
5514  4.589  -87.103  9.821 0.0000000000
5892  8.620  -85.680  31.333 0.0000000000
5893  8.286  -85.731  31.358 0.0000000000
5894  7.913  -85.581  31.236 0.0000000000
5905  9.287  -85.802  31.080 0.0000000000
5906  7.383  -85.304  30.822 0.0000000000
5907  6.908  -84.680  30.611 0.0000000000
5914  7.285  -85.660  29.927 0.0000000000
5915  6.555  -84.853  30.016 0.0000000000
5926  8.181  -86.126  28.040 0.0000000000
5927  7.540  -85.781  28.756 0.0000000000
5928  6.744  -85.192  28.915 0.0000000000
5937  8.273  -85.757  26.958 0.0000000000
5938  7.504  -85.302  27.437 0.0000000000
5939  7.089  -85.268  28.184 0.0000000000
5948  8.398  -85.417  26.073 0.0000000000
5949  7.882  -85.221  26.569 0.0000000000
5955  9.269  -85.827  25.368 0.0000000000
5956  8.841  -85.315  25.363 0.0000000000
5965  10.146  -85.779  24.398 0.0000000000
5966  9.514  -85.559  24.863 0.0000000000
5967  9.051  -85.075  24.968 0.0000000000
5978  11.797  -86.053  23.180 0.0000000000
5979  11.462  -85.837  23.395 0.0000000000
5980  10.673  -85.597  23.900 0.0000000000
5992  12.789  -85.669  22.192 0.0000000000
5993  12.186  -85.732  22.819 0.0000000000
5994  11.651  -85.333  23.129 0.0000000000
6005  13.213  -85.354  21.492 0.0000000000
6006  12.664  -85.135  22.198 0.0000000000
6014  13.808  -85.923  20.526 0.0000000000
6042  7.732  -84.734  18.482 0.0000000000
6057  7.765  -85.279  17.845 0.0000000000
6058  7.526  -85.502  18.193 0.0000000000
6076  8.111  -84.842  17.155 0.0000000000
6088  8.300  -84.927  16.126 0.0000000000
6102  7.986  -85.252  14.794 0.0000000000
6109  8.415  -85.490  13.578 0.0000000000
6117  9.060  -85.064  12.228 0.0000000000
6118  8.693  -85.621  12.694 0.0000000000
6127  9.109  -85.049  11.802 0.0000000000
6128  8.655  -85.569  11.686 0.0000000000
6143  8.062  -85.595  10.752 0.0000000000
6144  7.280  -85.565  10.155 0.0000000000
6538  8.404  -85.505  31.349 0.0000000000
6539  8.169  -85.322  31.279 0.0000000000
6540  7.786  -85.088  31.104 0.0000000000
6551  8.625  -85.136  31.167 0.0000000000
6552  8.050  -84.626  31.054 0.0000000000
6553  7.337  -84.407  30.779 0.0000000000
6554  6.414  -84.079  30.463 0.0000000000
6555  5.682  -83.679  30.193 0.0000000000
6561  9.323  -84.741  30.575 0.0000000000
6562  5.904  -84.196  29.879 0.0000000000
6563  5.358  -83.665  29.510 0.0000000000
6573  5.882  -84.351  28.869 0.0000000000
6574  5.436  -83.756  28.898 0.0000000000
6585  7.157  -84.820  27.107 0.0000000000
6586  6.715  -84.716  27.680 0.0000000000
6597  7.944  -84.926  26.111 0.0000000000
6598  7.410  -84.701  26.455 0.0000000000
6599  7.016  -84.598  26.936 0.0000000000
6608  8.190  -84.801  25.584 0.0000000000
6609  7.778  -84.637  25.913 0.0000000000
6619  10.013  -85.115  24.261 0.0000000000
6620  9.254  -84.710  24.547 0.0000000000
6621  8.648  -84.737  25.005 0.0000000000
6634  11.207  -85.094  23.402 0.0000000000
6635  10.541  -84.760  23.692 0.0000000000
6636  9.823  -84.394  23.934 0.0000000000
6648  12.280  -84.764  22.477 0.0000000000
6649  11.700  -84.710  22.921 0.0000000000
6663  13.305  -84.131  21.128 0.0000000000
6664  12.669  -84.235  21.887 0.0000000000
6678  13.853  -84.549  19.640 0.0000000000
6679  13.693  -84.667  20.409 0.0000000000
6680  2.887  -84.090  19.816 0.0000000000
6681  2.591  -83.899  19.797 0.0000000000
6698  3.120  -84.266  19.122 0.0000000000
6699  2.575  -83.998  19.258 0.0000000000
6700  2.308  -83.914  18.993 0.0000000000
6716  3.938  -84.262  17.875 0.0000000000
6717  3.455  -84.371  18.287 0.0000000000
6718  2.767  -84.362  18.424 0.0000000000
6719  2.391  -84.103  18.609 0.0000000000
6731  7.925  -84.210  18.090 0.0000000000
6732  4.057  -84.230  17.369 0.0000000000
6733  3.722  -84.431  17.371 0.0000000000
6734  3.018  -84.635  17.499 0.0000000000
6735  2.293  -84.287  17.777 0.0000000000
6753  8.044  -84.028  17.026 0.0000000000
6754  4.891  -84.137  16.155 0.0000000000
6755  4.355  -84.101  16.578 0.0000000000
6756  3.541  -84.444  16.582 0.0000000000
6757  2.635  -84.324  16.657 0.0000000000
6758  1.949  -84.025  17.032 0.0000000000
6772  7.858  -84.052  15.853 0.0000000000
6773  7.001  -84.113  15.360 0.0000000000
6774  6.116  -84.151  15.190 0.0000000000
6775  5.157  -84.354  15.659 0.0000000000
6776  4.237  -84.382  15.702 0.0000000000
6777  3.440  -84.164  15.738 0.0000000000
6778  2.729  -83.804  16.047 0.0000000000
6796  7.348  -84.780  14.638 0.0000000000
6797  6.536  -84.502  14.586 0.0000000000
6798  5.626  -84.538  14.722 0.0000000000
6799  4.795  -84.646  14.888 0.0000000000
6800  4.157  -84.196  14.944 0.0000000000
6801  3.820  -84.129  15.345 0.0000000000
6810  7.966  -84.650  13.420 0.0000000000
6811  6.979  -84.373  13.790 0.0000000000
6812  6.016  -84.395  13.967 0.0000000000
6813  5.184  -84.461  14.203 0.0000000000
6814  4.678  -84.419  14.440 0.0000000000
6820  9.066  -84.513  12.323 0.0000000000
6821  8.671  -84.890  12.752 0.0000000000
6829  9.214  -84.537  11.834 0.0000000000
6830  9.083  -84.886  11.422 0.0000000000
6846  9.199  -84.269  11.116 0.0000000000
6847  8.705  -84.807  10.710 0.0000000000
7293  8.581  -84.148  30.759 0.0000000000
7294  7.818  -83.504  30.717 0.0000000000
7295  6.772  -83.392  30.683 0.0000000000
7296  5.822  -83.240  30.588 0.0000000000
7297  4.947  -83.165  30.272 0.0000000000
7298  4.430  -82.804  29.937 0.0000000000
7307  9.160  -83.496  30.058 0.0000000000
7308  8.497  -83.435  30.553 0.0000000000
7309  4.728  -83.157  29.560 0.0000000000
7310  4.403  -82.764  29.518 0.0000000000
7325  5.544  -83.690  28.457 0.0000000000
7326  5.000  -83.201  28.727 0.0000000000
7327  4.567  -82.912  29.210 0.0000000000
7340  5.943  -83.677  27.637 0.0000000000
7341  5.474  -83.331  28.106 0.0000000000
7353  7.265  -84.342  26.190 0.0000000000
7354  6.829  -84.133  26.596 0.0000000000
7363  8.216  -84.443  25.147 0.0000000000
7364  7.579  -84.161  25.570 0.0000000000
7365  6.854  -83.480  25.891 0.0000000000
7371  9.260  -84.182  24.145 0.0000000000
7372  8.511  -84.048  24.442 0.0000000000
7373  7.806  -83.522  24.653 0.0000000000
7384  11.047  -84.430  23.242 0.0000000000
7385  10.415  -84.025  23.361 0.0000000000
7386  9.436  -83.716  23.531 0.0000000000
7387  8.655  -83.415  23.652 0.0000000000
7399  12.029  -84.087  22.460 0.0000000000
7400  11.205  -83.728  22.683 0.0000000000
7401  10.261  -83.423  22.822 0.0000000000
7402  9.586  -83.172  22.815 0.0000000000
7414  12.764  -83.166  21.112 0.0000000000
7415  11.901  -83.278  21.928 0.0000000000
7416  11.234  -83.122  22.125 0.0000000000
7417  2.942  -83.415  20.901 0.0000000000
7418  2.585  -83.234  20.775 0.0000000000
7433  13.754  -84.014  19.835 0.0000000000
7434  13.459  -83.494  20.222 0.0000000000
7435  3.873  -83.804  20.100 0.0000000000
7436  3.222  -83.891  20.355 0.0000000000
7437  2.497  -83.655  20.251 0.0000000000
7438  2.104  -83.446  19.925 0.0000000000
7450  13.909  -83.914  19.182 0.0000000000
7451  13.711  -83.553  19.593 0.0000000000
7454  3.935  -84.030  19.447 0.0000000000
7455  3.466  -84.130  19.705 0.0000000000
7456  2.395  -83.826  19.719 0.0000000000
7457  2.221  -83.769  19.487 0.0000000000
7472  4.071  -84.001  18.649 0.0000000000
7473  3.611  -84.184  19.069 0.0000000000
7474  2.076  -83.809  18.617 0.0000000000
7487  8.262  -83.124  17.869 0.0000000000
7488  7.952  -82.692  17.379 0.0000000000
7489  4.248  -83.742  17.632 0.0000000000
7490  1.908  -83.669  17.711 0.0000000000
7508  7.857  -83.302  16.932 0.0000000000
7509  7.646  -82.729  16.784 0.0000000000
7510  5.188  -83.491  16.217 0.0000000000
7511  4.589  -83.304  16.880 0.0000000000
7512  2.237  -83.375  16.422 0.0000000000
7513  1.803  -83.384  17.036 0.0000000000
7524  7.665  -83.314  16.435 0.0000000000
7525  7.331  -83.169  16.054 0.0000000000
7526  6.543  -83.391  15.682 0.0000000000
7527  5.795  -83.685  15.639 0.0000000000
7528  3.019  -83.268  15.648 0.0000000000
7529  2.586  -83.291  15.973 0.0000000000
7548  4.212  -83.082  14.665 0.0000000000
7549  3.715  -83.636  15.291 0.0000000000
7562  8.063  -83.982  12.835 0.0000000000
7563  7.466  -83.877  13.070 0.0000000000
7564  6.437  -83.693  13.241 0.0000000000
7565  5.529  -83.999  13.608 0.0000000000
7566  4.764  -83.780  14.004 0.0000000000
7574  9.205  -84.162  12.147 0.0000000000
7575  8.728  -83.925  12.476 0.0000000000
7576  8.015  -83.389  12.583 0.0000000000
7577  7.229  -83.079  12.701 0.0000000000
7583  9.256  -83.761  11.661 0.0000000000
7584  9.025  -83.164  11.907 0.0000000000
8060  7.746  -82.797  30.548 0.0000000000
8061  7.167  -82.534  30.604 0.0000000000
8062  6.102  -82.561  30.733 0.0000000000
8063  5.130  -82.503  30.758 0.0000000000
8064  4.190  -82.273  30.329 0.0000000000
8065  3.593  -81.879  30.250 0.0000000000
8074  8.259  -82.761  30.186 0.0000000000
8075  7.719  -82.513  30.396 0.0000000000
8076  4.081  -82.446  29.755 0.0000000000
8077  3.608  -82.110  29.958 0.0000000000
8090  4.835  -82.588  28.375 0.0000000000
8091  4.230  -82.342  28.977 0.0000000000
8092  3.824  -82.152  29.563 0.0000000000
8106  5.841  -83.140  27.293 0.0000000000
8107  5.429  -82.635  27.566 0.0000000000
8108  4.662  -82.106  28.118 0.0000000000
8118  6.181  -83.052  26.678 0.0000000000
8119  5.846  -82.336  26.711 0.0000000000
8128  7.259  -83.195  25.128 0.0000000000
8129  6.655  -82.665  25.648 0.0000000000
8136  8.092  -83.389  23.965 0.0000000000
8137  7.567  -82.840  24.177 0.0000000000
8144  8.991  -83.197  23.080 0.0000000000
8145  8.280  -82.816  23.248 0.0000000000
8146  7.648  -82.299  23.508 0.0000000000
8158  10.776  -83.096  22.302 0.0000000000
8159  10.115  -82.812  22.323 0.0000000000
8160  9.157  -82.632  22.468 0.0000000000
8161  8.494  -82.291  22.606 0.0000000000
8162  3.741  -82.504  21.873 0.0000000000
8163  3.205  -82.436  22.146 0.0000000000
8164  2.709  -82.067  22.180 0.0000000000
8176  12.487  -82.514  20.801 0.0000000000
8177  12.036  -82.562  21.239 0.0000000000
8178  10.999  -82.406  21.607 0.0000000000
8179  9.822  -82.222  21.894 0.0000000000
8180  9.261  -82.143  22.036 0.0000000000
8181  3.951  -82.780  21.180 0.0000000000
8182  3.330  -82.897  21.384 0.0000000000
8183  2.532  -82.702  21.285 0.0000000000
8184  2.044  -82.490  20.978 0.0000000000
8198  12.906  -82.304  20.129 0.0000000000
8199  12.120  -82.097  20.654 0.0000000000
8200  11.633  -82.169  21.027 0.0000000000
8201  4.079  -83.033  20.297 0.0000000000
8202  3.584  -83.376  20.759 0.0000000000
8203  2.415  -83.169  20.721 0.0000000000
8204  2.030  -82.902  20.456 0.0000000000
8217  14.062  -83.505  18.702 0.0000000000
8218  13.762  -82.844  19.093 0.0000000000
8219  4.172  -83.433  19.437 0.0000000000
8220  1.864  -83.130  19.326 0.0000000000
8234  14.016  -82.539  18.299 0.0000000000
8235  4.338  -83.076  18.503 0.0000000000
8236  1.793  -83.194  18.337 0.0000000000
8252  9.274  -82.454  17.680 0.0000000000
8253  8.464  -82.291  17.590 0.0000000000
8254  7.908  -82.144  17.340 0.0000000000
8255  4.544  -82.669  17.547 0.0000000000
8256  1.718  -82.871  17.585 0.0000000000
8274  9.739  -81.834  17.260 0.0000000000
8275  7.479  -82.021  16.838 0.0000000000
8276  7.197  -81.686  16.672 0.0000000000
8277  5.602  -82.392  16.288 0.0000000000
8278  5.029  -82.308  16.752 0.0000000000
8279  2.085  -82.698  16.207 0.0000000000
8280  1.800  -82.493  16.644 0.0000000000
8292  7.305  -82.546  16.487 0.0000000000
8293  6.806  -82.283  16.263 0.0000000000
8294  5.984  -82.838  15.869 0.0000000000
8331  6.515  -82.630  12.896 0.0000000000
8332  5.627  -82.910  13.340 0.0000000000
8345  8.524  -83.054  12.179 0.0000000000
8835  7.047  -81.944  30.382 0.0000000000
8836  6.383  -81.812  30.481 0.0000000000
8837  5.499  -81.847  30.820 0.0000000000
8838  4.570  -81.652  30.759 0.0000000000
8839  3.590  -81.342  30.412 0.0000000000
8840  3.163  -80.870  30.301 0.0000000000
8848  8.440  -81.992  29.350 0.0000000000
8849  7.637  -81.999  30.032 0.0000000000
8850  6.938  -81.573  30.061 0.0000000000
8851  3.258  -81.575  30.024 0.0000000000
8852  2.971  -81.039  30.100 0.0000000000
8862  3.728  -81.670  28.781 0.0000000000
8863  3.438  -81.647  29.338 0.0000000000
8864  2.897  -81.002  29.566 0.0000000000
8880  4.746  -81.453  27.376 0.0000000000
8881  4.012  -81.506  28.133 0.0000000000
8882  3.272  -81.221  28.484 0.0000000000
8883  2.833  -81.002  28.899 0.0000000000
8897  6.137  -82.216  26.132 0.0000000000
8898  5.587  -81.487  26.406 0.0000000000
8909  7.020  -82.454  24.854 0.0000000000
8910  6.364  -81.604  25.160 0.0000000000
8911  5.735  -81.076  25.567 0.0000000000
8917  7.118  -82.012  24.127 0.0000000000
8918  6.736  -81.260  23.952 0.0000000000
8919  3.265  -80.991  23.853 0.0000000000
8920  3.069  -80.931  23.936 0.0000000000
8927  7.975  -82.171  22.923 0.0000000000
8928  7.406  -81.583  23.176 0.0000000000
8929  6.926  -81.065  23.368 0.0000000000
8930  3.797  -81.527  23.184 0.0000000000
8931  3.439  -81.266  23.474 0.0000000000
8932  2.910  -81.077  23.496 0.0000000000
8941  8.865  -82.084  22.192 0.0000000000
8942  8.246  -81.686  22.301 0.0000000000
8943  7.642  -81.178  22.480 0.0000000000
8944  3.853  -81.855  22.665 0.0000000000
8945  3.101  -81.788  22.837 0.0000000000
8946  2.641  -81.310  22.647 0.0000000000
8958  10.727  -81.732  21.053 0.0000000000
8959  10.150  -81.730  21.314 0.0000000000
8960  9.175  -81.609  21.634 0.0000000000
8961  8.540  -81.316  21.763 0.0000000000
8962  4.193  -82.066  21.617 0.0000000000
8963  2.233  -81.609  21.625 0.0000000000
8964  2.080  -82.240  21.210 0.0000000000
8977  12.634  -81.626  19.570 0.0000000000
8978  12.157  -81.557  19.986 0.0000000000
8979  11.297  -81.636  20.590 0.0000000000
8980  10.342  -81.263  20.605 0.0000000000
8981  9.700  -81.232  21.002 0.0000000000
8982  4.246  -82.142  20.600 0.0000000000
8983  1.881  -81.165  20.998 0.0000000000
8984  1.834  -81.887  20.744 0.0000000000
8994  13.135  -81.682  19.057 0.0000000000
8995  12.187  -81.105  19.000 0.0000000000
8996  11.390  -81.066  19.599 0.0000000000
8997  10.754  -81.026  20.006 0.0000000000
8998  4.322  -82.281  19.393 0.0000000000
8999  1.697  -82.079  19.729 0.0000000000
9013  13.759  -81.862  18.103 0.0000000000
9014  12.815  -81.087  17.985 0.0000000000
9015  4.489  -82.069  18.277 0.0000000000
9016  1.640  -82.187  18.465 0.0000000000
9033  13.497  -81.144  16.994 0.0000000000
9034  12.860  -80.874  17.242 0.0000000000
9035  9.084  -81.874  17.453 0.0000000000
9036  8.577  -81.692  17.334 0.0000000000
9037  8.021  -81.592  17.182 0.0000000000
9038  5.287  -80.897  17.227 0.0000000000
9039  4.857  -81.502  17.379 0.0000000000
9040  1.614  -82.017  17.416 0.0000000000
9054  13.650  -81.102  16.129 0.0000000000
9055  11.133  -81.667  16.603 0.0000000000
9056  10.445  -81.450  16.991 0.0000000000
9057  9.463  -81.295  17.204 0.0000000000
9058  8.624  -81.081  17.130 0.0000000000
9059  7.735  -81.183  16.933 0.0000000000
9060  6.864  -81.274  16.596 0.0000000000
9061  5.728  -81.279  16.634 0.0000000000
9062  5.179  -81.663  16.879 0.0000000000
9073  13.554  -80.941  15.779 0.0000000000
9074  12.271  -81.336  14.970 0.0000000000
9075  11.806  -81.535  15.810 0.0000000000
9076  6.370  -81.684  16.330 0.0000000000
9077  6.080  -82.027  16.098 0.0000000000
9600  5.778  -81.430  30.450 0.0000000000
9601  5.171  -81.129  30.540 0.0000000000
9602  4.190  -80.662  30.515 0.0000000000
9603  3.324  -80.510  30.333 0.0000000000
9604  2.943  -80.610  30.169 0.0000000000
9611  7.951  -81.638  29.384 0.0000000000
9612  7.379  -81.297  29.439 0.0000000000
9613  6.178  -80.836  29.775 0.0000000000
9614  4.889  -80.431  30.046 0.0000000000
9615  4.325  -80.194  30.217 0.0000000000
9616  2.843  -80.215  30.105 0.0000000000
9617  2.659  -80.423  29.746 0.0000000000
9626  7.134  -80.529  28.615 0.0000000000
9627  6.417  -80.290  29.018 0.0000000000
9628  2.350  -80.429  28.974 0.0000000000
9629  2.097  -80.140  28.290 0.0000000000
9643  7.453  -80.222  27.892 0.0000000000
9644  4.511  -81.029  27.132 0.0000000000
9645  4.139  -80.987  27.290 0.0000000000
9646  3.339  -80.924  27.566 0.0000000000
9647  2.515  -80.633  27.962 0.0000000000
9648  2.060  -80.098  27.592 0.0000000000
9664  4.620  -80.785  26.613 0.0000000000
9665  3.639  -80.701  26.567 0.0000000000
9666  2.792  -80.588  26.801 0.0000000000
9667  2.250  -80.283  26.999 0.0000000000
9668  2.038  -80.031  27.067 0.0000000000
9681  5.802  -80.841  25.101 0.0000000000
9682  5.220  -80.524  25.562 0.0000000000
9683  4.159  -80.556  25.346 0.0000000000
9684  3.079  -80.616  25.629 0.0000000000
9685  2.420  -80.337  26.062 0.0000000000
9686  2.050  -80.000  26.546 0.0000000000
9692  6.146  -80.786  24.425 0.0000000000
9693  5.529  -80.453  24.701 0.0000000000
9694  4.092  -80.664  24.152 0.0000000000
9695  3.371  -80.754  24.313 0.0000000000
9696  2.616  -80.391  24.651 0.0000000000
9697  2.115  -80.007  25.738 0.0000000000
9704  7.097  -80.886  22.871 0.0000000000
9705  6.428  -80.577  23.451 0.0000000000
9706  5.793  -80.369  24.026 0.0000000000
9707  4.064  -81.114  23.270 0.0000000000
9708  3.703  -80.963  23.786 0.0000000000
9709  2.561  -80.412  23.344 0.0000000000
9716  8.045  -81.033  21.885 0.0000000000
9717  7.358  -80.718  22.135 0.0000000000
9718  6.643  -80.368  22.509 0.0000000000
9719  4.210  -81.224  22.612 0.0000000000
9720  2.296  -80.436  22.242 0.0000000000
9730  9.276  -81.057  21.072 0.0000000000
9731  8.687  -80.889  21.258 0.0000000000
9732  7.723  -80.429  21.313 0.0000000000
9733  7.019  -80.335  21.797 0.0000000000
9734  4.337  -81.258  21.962 0.0000000000
9735  2.034  -80.602  21.350 0.0000000000
9748  10.261  -80.788  20.043 0.0000000000
9749  9.456  -80.556  20.319 0.0000000000
9750  8.450  -80.338  20.663 0.0000000000
9751  7.885  -80.139  20.708 0.0000000000
9752  4.405  -81.271  20.974 0.0000000000
9754  1.704  -81.089  20.506 0.0000000000
9766  11.841  -80.795  18.673 0.0000000000
9767  11.458  -80.677  18.830 0.0000000000
9768  10.394  -80.386  19.216 0.0000000000
9769  9.587  -80.106  19.494 0.0000000000
9770  4.411  -81.243  19.911 0.0000000000
9772  1.609  -81.301  20.041 0.0000000000
9783  11.832  -80.669  18.210 0.0000000000
9784  10.927  -80.355  18.284 0.0000000000
9785  10.372  -80.101  18.344 0.0000000000
9786  5.144  -80.224  18.121 0.0000000000
9787  4.627  -80.909  18.666 0.0000000000
9806  12.843  -80.794  16.780 0.0000000000
9807  12.213  -80.687  17.225 0.0000000000
9808  11.163  -80.594  17.529 0.0000000000
9809  10.127  -80.289  17.735 0.0000000000
9810  9.331  -80.084  17.398 0.0000000000
9811  8.896  -79.907  17.350 0.0000000000
9812  7.150  -79.984  17.051 0.0000000000
9813  6.533  -79.979  17.234 0.0000000000
9814  5.693  -80.287  17.435 0.0000000000
9815  5.027  -80.692  17.698 0.0000000000
9829  13.158  -80.847  16.119 0.0000000000
9830  12.401  -80.860  16.370 0.0000000000
9831  11.455  -81.033  16.690 0.0000000000
9832  10.354  -80.862  17.236 0.0000000000
9833  9.411  -80.611  17.249 0.0000000000
9834  8.519  -80.329  17.114 0.0000000000
9835  7.535  -80.429  16.943 0.0000000000
9836  6.657  -80.535  16.840 0.0000000000
9837  6.128  -80.463  16.952 0.0000000000
9853  13.433  -80.842  15.361 0.0000000000
9854  12.610  -80.943  15.459 0.0000000000
9855  12.100  -81.094  16.074 0.0000000000
10362  4.105  -80.108  30.304 0.0000000000
10363  3.816  -80.043  30.332 0.0000000000
10370  6.083  -80.180  29.174 0.0000000000
10371  5.466  -79.969  29.378 0.0000000000
10372  4.226  -79.600  29.769 0.0000000000
10373  3.171  -79.777  30.027 0.0000000000
10374  2.602  -79.818  29.655 0.0000000000
10381  7.031  -79.954  27.944 0.0000000000
10382  6.208  -79.714  28.443 0.0000000000
10383  5.124  -79.238  28.839 0.0000000000
10384  4.383  -78.902  28.878 0.0000000000
10385  2.238  -79.910  29.283 0.0000000000
10386  2.086  -79.794  28.683 0.0000000000
10396  6.838  -79.447  27.635 0.0000000000
10397  2.079  -79.668  28.025 0.0000000000
10413  2.008  -79.555  27.151 0.0000000000
10433  5.090  -80.235  24.856 0.0000000000
10434  4.789  -80.324  25.124 0.0000000000
10435  1.952  -79.376  26.228 0.0000000000
10444  5.236  -80.126  24.182 0.0000000000
10445  4.682  -80.320  24.554 0.0000000000
10446  2.267  -79.387  24.013 0.0000000000
10447  2.106  -79.360  25.184 0.0000000000
10457  6.209  -80.199  22.989 0.0000000000
10458  5.677  -80.126  23.335 0.0000000000
10459  4.725  -80.202  23.491 0.0000000000
10469  6.046  -80.026  22.609 0.0000000000
10470  5.405  -80.002  22.514 0.0000000000
10471  4.626  -80.526  22.397 0.0000000000
10481  7.052  -80.182  21.348 0.0000000000
10482  6.313  -80.032  21.690 0.0000000000
10483  5.286  -79.941  21.517 0.0000000000
10484  4.668  -80.476  21.294 0.0000000000
10498  8.747  -80.093  20.185 0.0000000000
10499  8.145  -79.910  20.216 0.0000000000
10500  7.169  -79.945  20.622 0.0000000000
10501  6.005  -79.785  20.617 0.0000000000
10502  5.113  -79.918  20.529 0.0000000000
10503  4.653  -80.525  20.318 0.0000000000
10522  9.589  -79.826  18.980 0.0000000000
10523  8.835  -79.745  19.488 0.0000000000
10524  7.656  -79.526  19.550 0.0000000000
10525  6.586  -79.554  19.662 0.0000000000
10526  5.633  -79.721  19.690 0.0000000000
10527  4.943  -80.057  19.680 0.0000000000
10528  4.656  -80.556  19.537 0.0000000000
10544  9.814  -79.898  18.265 0.0000000000
10545  9.028  -79.608  18.389 0.0000000000
10546  8.071  -79.410  18.524 0.0000000000
10547  7.007  -79.352  18.678 0.0000000000
10548  6.017  -79.416  18.828 0.0000000000
10549  5.154  -79.904  18.875 0.0000000000
10550  4.809  -80.303  19.172 0.0000000000
10567  9.645  -79.961  17.725 0.0000000000
10568  9.214  -79.798  17.718 0.0000000000
10569  8.386  -79.698  17.528 0.0000000000
10570  7.319  -79.538  17.652 0.0000000000
10571  6.339  -79.555  17.934 0.0000000000
10572  5.639  -79.781  18.199 0.0000000000
10584  8.073  -79.997  17.040 0.0000000000
10585  7.707  -79.856  17.152 0.0000000000
11161  3.780  -78.932  29.020 0.0000000000
11162  3.211  -79.240  29.357 0.0000000000
11163  2.813  -79.531  29.482 0.0000000000
11169  5.548  -78.908  28.087 0.0000000000
11170  4.824  -78.555  28.275 0.0000000000
11171  3.991  -78.261  28.404 0.0000000000
11172  3.224  -78.645  28.635 0.0000000000
11173  2.481  -79.185  28.711 0.0000000000
11174  2.196  -79.414  28.332 0.0000000000
11184  2.370  -78.677  27.977 0.0000000000
11185  2.136  -78.855  27.712 0.0000000000
11200  1.794  -78.605  26.783 0.0000000000
11953  2.774  -78.307  28.095 0.0000000000
11954  2.477  -78.566  28.047 0.0000000000
