#!ascii label  , from subject FREESURFER vox2ras=TkReg 
1115
70766  -21.174  -15.307  41.588 0.0000000000
70767  -21.939  -15.396  41.183 0.0000000000
70768  -22.868  -15.345  41.107 0.0000000000
70769  -23.886  -15.297  41.328 0.0000000000
70778  -21.633  -14.938  41.303 0.0000000000
70779  -21.888  -14.868  41.188 0.0000000000
71759  -19.852  -14.177  42.340 0.0000000000
71760  -20.456  -14.451  41.813 0.0000000000
71761  -21.367  -14.378  41.416 0.0000000000
71762  -22.150  -14.480  41.206 0.0000000000
71763  -23.261  -14.335  41.398 0.0000000000
71764  -24.284  -14.293  41.637 0.0000000000
71774  -21.789  -14.680  41.259 0.0000000000
71775  -22.001  -14.681  41.166 0.0000000000
72742  -18.939  -13.222  43.451 0.0000000000
72743  -19.442  -13.461  42.784 0.0000000000
72744  -23.779  -13.006  42.398 0.0000000000
72745  -24.034  -13.058  42.413 0.0000000000
72760  -20.074  -13.436  42.074 0.0000000000
72761  -20.819  -13.431  41.656 0.0000000000
72762  -21.675  -13.366  41.534 0.0000000000
72763  -22.647  -13.396  41.651 0.0000000000
72764  -23.666  -13.275  42.018 0.0000000000
72765  -24.573  -13.317  41.993 0.0000000000
73689  -22.785  -12.442  44.337 0.0000000000
73690  -23.034  -12.461  44.309 0.0000000000
73703  -18.536  -12.570  43.923 0.0000000000
73704  -22.761  -12.448  43.962 0.0000000000
73705  -23.273  -12.434  43.760 0.0000000000
73718  -19.027  -12.439  43.120 0.0000000000
73719  -19.740  -12.404  42.408 0.0000000000
73720  -20.353  -12.020  42.073 0.0000000000
73721  -22.007  -12.101  42.591 0.0000000000
73722  -22.514  -12.349  42.952 0.0000000000
73723  -23.633  -12.672  42.745 0.0000000000
73724  -24.259  -12.597  42.501 0.0000000000
73744  -20.402  -12.710  41.938 0.0000000000
73745  -21.069  -12.363  41.758 0.0000000000
73746  -22.014  -12.324  42.082 0.0000000000
73747  -23.017  -12.807  42.262 0.0000000000
73748  -23.474  -12.927  42.340 0.0000000000
73749  -24.842  -12.475  42.037 0.0000000000
74606  -25.402  -10.690  54.505 0.0000000000
74607  -25.566  -10.873  54.244 0.0000000000
74608  -25.804  -11.002  53.912 0.0000000000
74614  -25.100  -10.784  54.038 0.0000000000
74615  -25.335  -11.063  53.512 0.0000000000
74616  -25.754  -11.065  53.269 0.0000000000
74621  -24.214  -10.638  52.647 0.0000000000
74622  -24.604  -10.936  52.994 0.0000000000
74623  -25.257  -11.306  52.569 0.0000000000
74624  -25.713  -11.101  52.832 0.0000000000
74632  -24.050  -10.833  52.122 0.0000000000
74633  -24.411  -11.290  51.811 0.0000000000
74634  -24.982  -11.533  51.419 0.0000000000
74641  -22.999  -10.842  50.707 0.0000000000
74642  -23.511  -11.060  51.076 0.0000000000
74643  -24.203  -11.394  50.681 0.0000000000
74644  -24.720  -11.362  50.397 0.0000000000
74652  -22.998  -11.006  50.212 0.0000000000
74653  -23.496  -11.291  49.932 0.0000000000
74654  -24.123  -11.450  49.582 0.0000000000
74655  -24.587  -11.316  49.856 0.0000000000
74664  -22.907  -11.094  49.286 0.0000000000
74665  -23.341  -11.415  48.888 0.0000000000
74666  -23.737  -11.463  48.628 0.0000000000
74676  -22.636  -11.233  48.228 0.0000000000
74677  -23.197  -11.531  47.834 0.0000000000
74678  -23.756  -11.373  48.057 0.0000000000
74686  -21.994  -11.310  46.640 0.0000000000
74687  -22.341  -11.302  46.972 0.0000000000
74688  -23.067  -11.685  46.747 0.0000000000
74696  -21.923  -11.448  46.247 0.0000000000
74697  -22.479  -11.871  45.967 0.0000000000
74698  -23.226  -11.881  45.723 0.0000000000
74709  -18.263  -11.641  44.497 0.0000000000
74710  -21.972  -11.539  45.258 0.0000000000
74711  -22.653  -12.186  44.682 0.0000000000
74712  -23.516  -12.135  44.674 0.0000000000
74725  -18.622  -11.525  43.600 0.0000000000
74726  -21.880  -11.518  44.123 0.0000000000
74727  -22.247  -12.097  43.589 0.0000000000
74728  -23.937  -12.113  43.790 0.0000000000
74729  -24.181  -11.715  43.438 0.0000000000
74739  -19.185  -11.480  42.873 0.0000000000
74740  -19.886  -11.398  42.433 0.0000000000
74741  -20.740  -11.380  42.194 0.0000000000
74742  -21.660  -11.546  42.794 0.0000000000
74743  -22.093  -12.064  43.049 0.0000000000
74744  -24.076  -12.188  43.054 0.0000000000
74745  -24.348  -11.733  42.720 0.0000000000
74757  -21.453  -11.841  42.116 0.0000000000
74758  -21.686  -11.900  42.286 0.0000000000
74759  -24.873  -11.539  41.956 0.0000000000
75643  -25.572  -10.060  55.474 0.0000000000
75644  -25.684  -10.344  55.297 0.0000000000
75645  -26.073  -10.478  55.328 0.0000000000
75646  -26.536  -10.335  55.141 0.0000000000
75655  -25.264  -10.298  54.877 0.0000000000
75656  -25.667  -10.664  54.845 0.0000000000
75657  -26.125  -10.802  54.605 0.0000000000
75658  -26.775  -10.370  54.546 0.0000000000
75664  -24.676  -10.276  53.931 0.0000000000
75665  -26.270  -10.788  53.843 0.0000000000
75666  -26.925  -10.331  53.745 0.0000000000
75672  -23.981  -10.382  52.477 0.0000000000
75673  -24.229  -10.212  53.078 0.0000000000
75674  -25.682  -11.082  52.584 0.0000000000
75675  -26.192  -10.735  52.906 0.0000000000
75676  -27.020  -10.184  53.079 0.0000000000
75681  -23.568  -10.359  51.888 0.0000000000
75682  -25.630  -11.031  52.038 0.0000000000
75683  -26.131  -10.469  52.192 0.0000000000
75687  -22.835  -10.607  50.432 0.0000000000
75688  -22.973  -10.332  51.090 0.0000000000
75689  -25.430  -11.122  51.009 0.0000000000
75693  -22.713  -10.513  49.745 0.0000000000
75694  -24.512  -11.242  49.564 0.0000000000
75695  -25.093  -10.936  49.932 0.0000000000
75699  -22.425  -10.509  48.761 0.0000000000
75700  -24.369  -11.096  48.877 0.0000000000
75701  -25.010  -10.334  49.258 0.0000000000
75706  -21.822  -10.456  47.121 0.0000000000
75707  -21.946  -10.593  47.588 0.0000000000
75708  -23.535  -11.448  47.370 0.0000000000
75709  -24.129  -10.992  47.627 0.0000000000
75712  -21.902  -10.795  46.731 0.0000000000
75713  -22.001  -10.994  47.107 0.0000000000
75714  -23.622  -11.384  46.613 0.0000000000
75715  -24.117  -10.726  46.607 0.0000000000
75718  -21.694  -10.744  45.703 0.0000000000
75719  -23.906  -11.373  45.620 0.0000000000
75720  -24.162  -10.567  45.892 0.0000000000
75729  -18.044  -10.674  44.976 0.0000000000
75730  -18.300  -10.616  44.165 0.0000000000
75731  -21.591  -10.665  44.700 0.0000000000
75732  -24.081  -11.458  44.613 0.0000000000
75733  -24.135  -10.995  44.288 0.0000000000
75741  -18.832  -10.462  43.369 0.0000000000
75742  -19.406  -10.121  43.005 0.0000000000
75743  -21.420  -10.512  43.727 0.0000000000
75744  -24.139  -11.468  43.954 0.0000000000
75745  -24.213  -10.946  43.586 0.0000000000
75752  -19.426  -10.765  42.795 0.0000000000
75753  -20.015  -10.489  42.592 0.0000000000
75754  -20.730  -10.526  42.632 0.0000000000
75755  -21.096  -10.200  43.062 0.0000000000
75756  -24.409  -10.697  42.630 0.0000000000
75763  -24.849  -10.536  41.753 0.0000000000
76706  -25.577  -9.195  56.409 0.0000000000
76707  -25.802  -9.337  56.451 0.0000000000
76708  -26.362  -9.445  56.399 0.0000000000
76709  -27.065  -9.406  56.216 0.0000000000
76710  -27.823  -9.280  56.010 0.0000000000
76713  -25.453  -9.484  55.820 0.0000000000
76714  -25.898  -9.949  55.845 0.0000000000
76715  -26.503  -9.912  55.718 0.0000000000
76716  -27.203  -9.777  55.340 0.0000000000
76717  -28.341  -9.377  55.252 0.0000000000
76718  -29.167  -9.235  54.783 0.0000000000
76722  -24.832  -9.538  54.838 0.0000000000
76723  -27.561  -9.856  54.459 0.0000000000
76724  -28.483  -9.518  54.241 0.0000000000
76725  -29.403  -9.239  53.994 0.0000000000
76730  -24.098  -9.290  53.160 0.0000000000
76731  -24.333  -9.432  53.625 0.0000000000
76732  -27.702  -9.849  53.579 0.0000000000
76733  -28.608  -9.493  53.302 0.0000000000
76734  -29.517  -9.175  53.007 0.0000000000
76740  -23.920  -9.629  52.729 0.0000000000
76741  -24.147  -9.793  53.126 0.0000000000
76742  -26.676  -10.184  52.531 0.0000000000
76743  -27.597  -9.750  52.605 0.0000000000
76744  -28.755  -9.344  52.320 0.0000000000
76745  -29.672  -9.099  52.034 0.0000000000
76751  -23.307  -9.517  51.798 0.0000000000
76752  -25.826  -10.539  51.603 0.0000000000
76753  -26.585  -9.894  51.781 0.0000000000
76754  -27.813  -9.353  51.579 0.0000000000
76755  -29.046  -9.231  51.335 0.0000000000
76756  -29.939  -9.060  51.153 0.0000000000
76760  -22.719  -9.927  50.349 0.0000000000
76761  -22.834  -9.311  51.071 0.0000000000
76762  -25.778  -10.191  50.890 0.0000000000
76763  -26.755  -9.344  50.797 0.0000000000
76764  -28.128  -9.049  50.479 0.0000000000
76765  -29.479  -9.146  50.489 0.0000000000
76766  -30.192  -9.018  50.428 0.0000000000
76769  -22.418  -9.518  49.404 0.0000000000
76770  -25.744  -9.603  49.959 0.0000000000
76771  -26.500  -9.076  50.213 0.0000000000
76772  -29.014  -9.040  49.862 0.0000000000
76773  -29.861  -9.083  49.833 0.0000000000
76774  -30.257  -8.914  49.958 0.0000000000
76778  -22.035  -9.642  48.377 0.0000000000
76779  -24.688  -10.222  48.461 0.0000000000
76780  -25.361  -9.617  49.043 0.0000000000
76785  -21.682  -9.811  47.061 0.0000000000
76786  -21.781  -9.559  47.754 0.0000000000
76787  -24.506  -9.787  47.504 0.0000000000
76788  -25.097  -9.357  48.365 0.0000000000
76791  -21.607  -9.772  46.090 0.0000000000
76792  -24.338  -9.873  46.467 0.0000000000
76799  -18.157  -8.891  44.867 0.0000000000
76800  -21.502  -9.724  45.137 0.0000000000
76801  -24.119  -10.752  45.175 0.0000000000
76802  -24.237  -9.898  45.626 0.0000000000
76813  -18.123  -10.044  44.639 0.0000000000
76814  -18.402  -9.441  44.254 0.0000000000
76815  -21.362  -9.663  44.292 0.0000000000
76816  -24.143  -10.866  44.676 0.0000000000
76817  -24.162  -10.148  44.567 0.0000000000
76824  -19.143  -9.486  43.521 0.0000000000
76825  -19.869  -9.550  43.099 0.0000000000
76826  -20.448  -9.292  43.389 0.0000000000
76827  -21.018  -9.521  43.608 0.0000000000
76828  -24.280  -9.851  43.482 0.0000000000
76835  -20.280  -10.077  42.787 0.0000000000
76836  -20.528  -9.850  42.976 0.0000000000
76837  -20.776  -9.679  43.216 0.0000000000
76838  -24.463  -9.647  42.485 0.0000000000
76845  -24.863  -9.523  41.587 0.0000000000
76846  -25.458  -9.396  41.044 0.0000000000
77707  -25.596  -8.088  57.645 0.0000000000
77708  -25.968  -8.346  57.637 0.0000000000
77709  -26.627  -8.347  57.529 0.0000000000
77710  -27.355  -8.258  57.284 0.0000000000
77711  -28.030  -8.167  56.961 0.0000000000
77716  -25.508  -8.636  56.860 0.0000000000
77717  -26.155  -8.948  57.071 0.0000000000
77718  -26.843  -8.855  56.859 0.0000000000
77719  -27.626  -8.762  56.613 0.0000000000
77720  -28.689  -8.596  56.252 0.0000000000
77721  -29.658  -8.439  55.732 0.0000000000
77725  -24.986  -8.694  55.805 0.0000000000
77726  -29.246  -8.953  55.424 0.0000000000
77727  -30.050  -8.718  54.834 0.0000000000
77728  -30.422  -8.192  54.124 0.0000000000
77732  -24.622  -8.647  54.754 0.0000000000
77733  -30.094  -8.799  53.659 0.0000000000
77734  -30.322  -8.212  53.268 0.0000000000
77738  -24.080  -8.742  53.195 0.0000000000
77739  -24.368  -8.483  53.965 0.0000000000
77740  -30.087  -8.764  52.661 0.0000000000
77741  -30.213  -8.316  52.290 0.0000000000
77745  -23.593  -8.690  52.429 0.0000000000
77746  -30.147  -8.723  51.747 0.0000000000
77747  -30.302  -8.422  51.500 0.0000000000
77753  -23.180  -8.572  51.663 0.0000000000
77754  -30.333  -8.649  51.026 0.0000000000
77755  -30.389  -8.417  51.208 0.0000000000
77761  -22.656  -8.921  50.305 0.0000000000
77762  -22.875  -8.338  50.994 0.0000000000
77763  -27.091  -8.918  50.286 0.0000000000
77764  -27.461  -8.889  49.973 0.0000000000
77765  -30.383  -8.628  50.275 0.0000000000
77769  -22.414  -8.458  49.644 0.0000000000
77770  -25.802  -9.148  49.423 0.0000000000
77771  -26.605  -8.788  49.663 0.0000000000
77772  -27.977  -8.827  49.457 0.0000000000
77773  -29.176  -8.818  49.159 0.0000000000
77774  -30.175  -8.656  49.230 0.0000000000
77775  -30.273  -8.252  48.679 0.0000000000
77780  -21.792  -7.912  48.101 0.0000000000
77781  -22.004  -8.386  48.687 0.0000000000
77782  -25.797  -8.860  48.873 0.0000000000
77783  -26.882  -8.506  48.712 0.0000000000
77784  -28.191  -8.597  48.458 0.0000000000
77785  -29.333  -8.794  48.101 0.0000000000
77786  -30.096  -8.475  48.276 0.0000000000
77787  -30.299  -8.146  48.316 0.0000000000
77792  -21.680  -8.540  47.598 0.0000000000
77793  -21.840  -9.050  48.103 0.0000000000
77794  -24.688  -9.086  46.985 0.0000000000
77795  -25.559  -8.535  47.780 0.0000000000
77796  -27.100  -8.152  47.862 0.0000000000
77797  -28.234  -8.342  47.581 0.0000000000
77798  -28.951  -8.435  47.090 0.0000000000
77799  -29.692  -8.333  47.485 0.0000000000
77800  -30.117  -8.128  47.875 0.0000000000
77803  -21.551  -8.651  46.445 0.0000000000
77804  -24.588  -9.101  46.221 0.0000000000
77805  -25.104  -8.523  46.787 0.0000000000
77806  -29.053  -8.165  46.685 0.0000000000
77807  -29.354  -8.212  46.939 0.0000000000
77816  -18.408  -8.333  44.694 0.0000000000
77817  -21.474  -8.741  45.479 0.0000000000
77818  -24.464  -8.931  45.329 0.0000000000
77819  -24.908  -8.432  46.087 0.0000000000
77828  -19.102  -8.465  44.067 0.0000000000
77829  -19.565  -8.066  44.049 0.0000000000
77830  -20.887  -8.455  44.276 0.0000000000
77831  -21.251  -8.741  44.671 0.0000000000
77832  -24.377  -9.015  44.314 0.0000000000
77838  -19.492  -9.024  43.618 0.0000000000
77839  -19.911  -8.555  43.724 0.0000000000
77840  -20.613  -8.723  43.902 0.0000000000
77841  -21.031  -8.996  44.129 0.0000000000
77842  -24.501  -8.820  43.356 0.0000000000
77848  -24.710  -8.650  42.348 0.0000000000
77855  -25.142  -8.671  41.531 0.0000000000
77856  -25.621  -8.658  40.971 0.0000000000
77863  -26.190  -8.653  40.526 0.0000000000
78653  -25.036  -7.096  58.608 0.0000000000
78654  -25.426  -7.138  58.577 0.0000000000
78655  -26.031  -7.130  58.475 0.0000000000
78656  -26.656  -7.124  58.297 0.0000000000
78661  -25.199  -7.515  57.863 0.0000000000
78662  -25.745  -7.702  58.069 0.0000000000
78663  -26.345  -7.750  58.027 0.0000000000
78664  -27.092  -7.543  57.838 0.0000000000
78665  -27.748  -7.512  57.366 0.0000000000
78671  -24.868  -7.803  56.754 0.0000000000
78672  -28.576  -7.503  56.913 0.0000000000
78673  -29.714  -7.600  56.304 0.0000000000
78674  -30.567  -7.321  55.756 0.0000000000
78679  -24.689  -7.797  55.643 0.0000000000
78680  -30.267  -8.028  55.581 0.0000000000
78681  -30.668  -7.580  54.899 0.0000000000
78684  -24.481  -7.759  54.620 0.0000000000
78685  -30.440  -7.430  53.978 0.0000000000
78689  -23.889  -7.803  52.957 0.0000000000
78690  -24.256  -7.791  53.722 0.0000000000
78691  -29.785  -7.257  52.913 0.0000000000
78692  -30.111  -7.555  52.971 0.0000000000
78695  -23.498  -7.742  52.216 0.0000000000
78696  -29.438  -7.329  51.867 0.0000000000
78697  -29.839  -7.539  52.142 0.0000000000
78698  -30.227  -8.095  51.835 0.0000000000
78702  -23.149  -7.689  51.524 0.0000000000
78703  -29.728  -7.503  51.276 0.0000000000
78704  -30.405  -8.085  51.065 0.0000000000
78705  -30.363  -8.323  51.318 0.0000000000
78711  -22.705  -7.827  50.322 0.0000000000
78712  -22.935  -7.588  50.996 0.0000000000
78713  -30.053  -7.641  50.591 0.0000000000
78714  -30.347  -7.943  49.990 0.0000000000
78718  -22.371  -7.597  49.505 0.0000000000
78719  -30.257  -7.843  49.029 0.0000000000
78720  -30.339  -7.929  48.547 0.0000000000
78725  -21.902  -7.351  48.389 0.0000000000
78726  -22.144  -7.350  48.942 0.0000000000
78727  -30.193  -7.588  48.518 0.0000000000
78728  -30.188  -7.685  48.049 0.0000000000
78732  -21.671  -7.380  47.718 0.0000000000
78733  -25.597  -8.245  47.061 0.0000000000
78734  -26.203  -7.942  47.171 0.0000000000
78735  -27.277  -7.845  47.082 0.0000000000
78736  -28.132  -8.009  46.914 0.0000000000
78737  -29.607  -8.080  46.988 0.0000000000
78738  -29.952  -7.657  47.073 0.0000000000
78745  -18.430  -7.033  45.459 0.0000000000
78746  -21.514  -7.514  46.833 0.0000000000
78747  -25.536  -8.070  46.501 0.0000000000
78748  -26.319  -7.672  46.351 0.0000000000
78749  -27.394  -7.677  46.255 0.0000000000
78750  -28.462  -7.874  46.322 0.0000000000
78751  -29.282  -7.830  46.349 0.0000000000
78752  -29.872  -7.267  45.898 0.0000000000
78762  -18.264  -7.665  45.172 0.0000000000
78763  -18.868  -7.372  44.789 0.0000000000
78764  -19.525  -7.250  44.620 0.0000000000
78765  -20.914  -7.075  45.174 0.0000000000
78766  -21.314  -7.569  45.651 0.0000000000
78767  -24.627  -8.450  44.857 0.0000000000
78768  -25.232  -7.945  45.431 0.0000000000
78769  -26.442  -7.542  45.351 0.0000000000
78770  -27.563  -7.631  45.324 0.0000000000
78771  -28.533  -7.736  45.355 0.0000000000
78772  -29.289  -7.535  45.259 0.0000000000
78773  -29.909  -7.217  44.930 0.0000000000
78782  -19.383  -7.731  44.319 0.0000000000
78783  -19.967  -7.645  44.245 0.0000000000
78784  -20.806  -7.721  44.614 0.0000000000
78785  -21.355  -8.124  45.030 0.0000000000
78786  -24.786  -8.195  44.269 0.0000000000
78787  -25.579  -7.594  44.326 0.0000000000
78788  -26.698  -7.394  44.250 0.0000000000
78789  -27.794  -7.536  44.410 0.0000000000
78790  -28.662  -7.612  44.531 0.0000000000
78791  -29.324  -7.441  44.430 0.0000000000
78792  -29.805  -7.214  44.251 0.0000000000
78799  -20.389  -8.145  44.103 0.0000000000
78800  -20.666  -8.240  44.205 0.0000000000
78801  -24.942  -7.904  43.272 0.0000000000
78802  -25.830  -7.429  43.247 0.0000000000
78803  -26.674  -7.302  43.210 0.0000000000
78804  -28.192  -7.486  43.950 0.0000000000
78805  -28.747  -7.467  43.837 0.0000000000
78806  -29.365  -7.280  43.769 0.0000000000
78807  -29.889  -7.049  43.770 0.0000000000
78814  -25.363  -7.887  42.140 0.0000000000
78815  -26.263  -7.413  42.294 0.0000000000
78816  -26.931  -7.199  42.538 0.0000000000
78822  -25.515  -8.261  41.449 0.0000000000
78823  -26.074  -7.900  41.160 0.0000000000
78824  -27.066  -7.176  41.550 0.0000000000
78825  -27.731  -6.942  41.388 0.0000000000
78831  -26.445  -8.216  40.541 0.0000000000
78832  -26.983  -7.848  40.373 0.0000000000
78833  -27.966  -7.152  40.628 0.0000000000
79595  -23.939  -6.210  59.012 0.0000000000
79596  -24.376  -6.211  59.362 0.0000000000
79597  -24.950  -6.159  59.665 0.0000000000
79598  -25.414  -5.886  59.569 0.0000000000
79602  -23.969  -6.276  58.235 0.0000000000
79603  -24.611  -6.708  58.591 0.0000000000
79604  -24.980  -6.783  59.141 0.0000000000
79605  -25.699  -6.431  59.135 0.0000000000
79606  -26.459  -6.460  58.656 0.0000000000
79610  -24.027  -6.201  57.219 0.0000000000
79611  -24.589  -6.877  57.563 0.0000000000
79612  -27.188  -6.431  57.999 0.0000000000
79613  -27.478  -7.007  57.651 0.0000000000
79618  -24.063  -6.094  56.111 0.0000000000
79619  -24.496  -6.934  56.470 0.0000000000
79620  -27.600  -5.994  57.634 0.0000000000
79621  -27.947  -6.501  57.341 0.0000000000
79622  -29.144  -6.478  56.837 0.0000000000
79623  -30.462  -6.358  56.240 0.0000000000
79624  -30.999  -5.743  56.150 0.0000000000
79630  -24.142  -6.060  54.978 0.0000000000
79631  -24.429  -6.910  55.367 0.0000000000
79632  -31.094  -6.671  55.438 0.0000000000
79633  -31.292  -5.927  55.778 0.0000000000
79639  -23.994  -6.265  53.931 0.0000000000
79640  -24.341  -6.935  54.318 0.0000000000
79641  -31.021  -6.342  54.560 0.0000000000
79642  -31.476  -5.957  55.182 0.0000000000
79647  -23.713  -6.748  52.922 0.0000000000
79648  -24.148  -7.071  53.488 0.0000000000
79649  -29.329  -6.202  53.246 0.0000000000
79650  -29.909  -6.550  53.517 0.0000000000
79651  -30.342  -6.670  53.916 0.0000000000
79654  -23.314  -6.878  52.032 0.0000000000
79655  -29.096  -6.863  52.463 0.0000000000
79656  -29.573  -6.994  52.927 0.0000000000
79659  -22.841  -6.323  50.973 0.0000000000
79660  -23.034  -6.957  51.344 0.0000000000
79661  -28.413  -6.366  51.116 0.0000000000
79662  -29.005  -7.017  51.552 0.0000000000
79667  -22.697  -6.732  50.091 0.0000000000
79668  -22.872  -7.089  50.751 0.0000000000
79669  -28.318  -6.311  50.278 0.0000000000
79670  -29.266  -7.094  50.521 0.0000000000
79671  -29.955  -7.513  50.172 0.0000000000
79675  -22.396  -6.829  49.333 0.0000000000
79676  -28.236  -6.226  49.828 0.0000000000
79677  -28.748  -6.561  49.675 0.0000000000
79678  -29.731  -7.260  49.560 0.0000000000
79682  -21.791  -6.505  48.085 0.0000000000
79683  -22.156  -6.597  48.771 0.0000000000
79684  -29.090  -6.597  48.871 0.0000000000
79685  -29.859  -7.114  48.633 0.0000000000
79686  -30.045  -7.233  48.158 0.0000000000
79690  -21.553  -6.497  47.261 0.0000000000
79691  -29.347  -6.512  48.228 0.0000000000
79692  -29.778  -6.763  47.942 0.0000000000
79693  -30.075  -6.904  47.424 0.0000000000
79705  -21.299  -6.524  46.370 0.0000000000
79706  -30.130  -6.565  46.266 0.0000000000
79707  -30.681  -5.945  45.487 0.0000000000
79718  -18.830  -6.418  45.502 0.0000000000
79719  -19.532  -6.554  45.131 0.0000000000
79720  -20.380  -6.680  45.047 0.0000000000
79721  -20.949  -6.526  45.610 0.0000000000
79722  -30.399  -6.686  45.321 0.0000000000
79723  -30.937  -6.051  44.766 0.0000000000
79731  -19.926  -7.004  44.649 0.0000000000
79732  -20.267  -7.239  44.617 0.0000000000
79733  -27.220  -7.370  43.752 0.0000000000
79734  -27.706  -7.410  43.706 0.0000000000
79735  -30.355  -6.781  44.332 0.0000000000
79736  -30.980  -6.244  43.856 0.0000000000
79744  -27.331  -7.274  43.160 0.0000000000
79745  -28.067  -7.251  43.269 0.0000000000
79746  -28.813  -7.161  43.168 0.0000000000
79747  -29.512  -6.993  43.156 0.0000000000
79748  -30.299  -6.708  43.283 0.0000000000
79749  -30.999  -6.269  43.002 0.0000000000
79756  -27.520  -7.046  42.496 0.0000000000
79757  -28.224  -6.935  42.500 0.0000000000
79758  -28.970  -6.865  42.438 0.0000000000
79759  -29.741  -6.750  42.431 0.0000000000
79760  -30.500  -6.499  42.358 0.0000000000
79769  -27.725  -6.872  41.900 0.0000000000
79770  -28.350  -6.787  41.617 0.0000000000
79771  -29.221  -6.764  41.663 0.0000000000
79772  -29.992  -6.655  41.617 0.0000000000
79787  -28.791  -6.880  40.979 0.0000000000
80564  -22.961  -5.005  60.049 0.0000000000
80565  -23.526  -5.003  60.140 0.0000000000
80566  -24.202  -5.039  60.095 0.0000000000
80567  -24.538  -5.000  59.926 0.0000000000
80572  -22.855  -5.246  59.392 0.0000000000
80573  -23.603  -5.609  59.587 0.0000000000
80574  -24.253  -5.582  59.812 0.0000000000
80575  -24.952  -5.352  59.777 0.0000000000
80576  -26.005  -5.433  59.312 0.0000000000
80577  -26.624  -5.023  59.079 0.0000000000
80582  -22.798  -5.249  58.452 0.0000000000
80583  -23.391  -5.769  58.823 0.0000000000
80584  -26.302  -5.985  59.051 0.0000000000
80585  -26.851  -5.469  58.691 0.0000000000
80590  -22.825  -5.095  57.423 0.0000000000
80591  -23.409  -5.676  57.867 0.0000000000
80592  -27.658  -5.334  57.868 0.0000000000
80593  -28.108  -4.838  57.620 0.0000000000
80598  -22.925  -4.906  56.449 0.0000000000
80599  -23.470  -5.497  56.817 0.0000000000
80600  -27.842  -5.782  57.471 0.0000000000
80601  -28.430  -5.382  57.218 0.0000000000
80602  -29.638  -5.446  56.758 0.0000000000
80603  -30.605  -5.290  56.370 0.0000000000
80604  -31.340  -5.229  56.028 0.0000000000
80608  -23.000  -4.800  55.896 0.0000000000
80609  -23.464  -5.265  55.654 0.0000000000
80610  -31.746  -5.271  55.424 0.0000000000
80615  -23.687  -5.486  54.533 0.0000000000
80616  -31.256  -5.541  54.397 0.0000000000
80617  -31.666  -5.322  54.711 0.0000000000
80623  -23.157  -5.217  53.030 0.0000000000
80624  -23.513  -5.616  53.585 0.0000000000
80625  -29.253  -5.339  53.221 0.0000000000
80626  -29.867  -5.390  53.543 0.0000000000
80627  -30.738  -5.495  53.998 0.0000000000
80628  -31.423  -5.005  54.264 0.0000000000
80632  -22.968  -5.324  52.242 0.0000000000
80633  -23.350  -5.967  52.560 0.0000000000
80634  -28.317  -5.409  52.197 0.0000000000
80635  -28.732  -5.705  52.794 0.0000000000
80638  -22.781  -5.432  51.382 0.0000000000
80639  -23.060  -6.144  51.752 0.0000000000
80640  -28.081  -5.543  51.535 0.0000000000
80641  -28.496  -6.226  52.009 0.0000000000
80645  -22.680  -5.598  50.446 0.0000000000
80646  -27.813  -5.570  50.714 0.0000000000
80649  -22.439  -5.872  49.431 0.0000000000
80650  -27.781  -5.719  49.743 0.0000000000
80651  -28.256  -6.157  49.581 0.0000000000
80655  -21.697  -5.577  47.728 0.0000000000
80656  -22.041  -5.695  48.557 0.0000000000
80657  -27.817  -5.418  48.863 0.0000000000
80658  -28.342  -6.065  49.117 0.0000000000
80669  -21.412  -5.587  46.868 0.0000000000
80670  -27.804  -5.226  48.314 0.0000000000
80671  -28.506  -5.737  48.089 0.0000000000
80672  -29.325  -6.245  47.582 0.0000000000
80673  -29.708  -6.522  47.423 0.0000000000
80685  -19.049  -4.986  46.259 0.0000000000
80686  -20.397  -5.369  45.837 0.0000000000
80687  -20.970  -5.599  46.112 0.0000000000
80688  -28.498  -5.437  47.432 0.0000000000
80689  -28.940  -5.617  47.155 0.0000000000
80690  -29.722  -5.974  46.695 0.0000000000
80691  -30.527  -5.467  45.822 0.0000000000
80700  -18.687  -5.840  45.861 0.0000000000
80701  -19.258  -5.434  45.807 0.0000000000
80702  -19.995  -5.778  45.472 0.0000000000
80703  -20.534  -5.970  45.606 0.0000000000
81512  -21.975  -3.367  61.309 0.0000000000
81513  -22.162  -3.504  61.141 0.0000000000
81519  -21.980  -3.600  61.074 0.0000000000
81520  -22.644  -4.132  60.565 0.0000000000
81521  -23.632  -4.435  60.160 0.0000000000
81522  -24.318  -4.720  59.926 0.0000000000
81523  -24.783  -4.859  59.758 0.0000000000
81527  -21.886  -3.997  60.444 0.0000000000
81528  -22.355  -4.645  59.942 0.0000000000
81529  -24.200  -4.336  59.822 0.0000000000
81530  -24.753  -4.491  59.599 0.0000000000
81531  -25.489  -4.683  59.431 0.0000000000
81532  -26.439  -4.509  59.035 0.0000000000
81533  -26.933  -4.685  58.851 0.0000000000
81537  -21.787  -4.170  59.512 0.0000000000
81538  -22.247  -4.781  59.006 0.0000000000
81539  -27.080  -4.121  58.790 0.0000000000
81540  -27.535  -4.373  58.437 0.0000000000
81541  -28.076  -3.931  58.041 0.0000000000
81544  -21.788  -4.183  58.468 0.0000000000
81545  -22.263  -4.693  57.975 0.0000000000
81546  -27.960  -4.520  57.906 0.0000000000
81547  -28.554  -4.214  57.526 0.0000000000
81548  -29.307  -4.024  57.111 0.0000000000
81552  -21.873  -4.158  57.579 0.0000000000
81553  -22.306  -4.454  56.911 0.0000000000
81554  -29.142  -4.681  57.015 0.0000000000
81555  -30.016  -4.431  56.777 0.0000000000
81556  -31.009  -4.422  56.318 0.0000000000
81557  -31.753  -4.440  55.761 0.0000000000
81562  -22.602  -4.469  55.929 0.0000000000
81563  -23.044  -4.721  55.491 0.0000000000
81564  -32.196  -4.420  54.973 0.0000000000
81565  -32.162  -3.914  54.397 0.0000000000
81570  -22.872  -4.348  55.066 0.0000000000
81571  -23.326  -4.870  54.834 0.0000000000
81572  -31.835  -4.450  54.352 0.0000000000
81573  -31.928  -3.820  53.994 0.0000000000
81578  -23.109  -4.628  53.953 0.0000000000
81579  -23.424  -5.132  54.230 0.0000000000
81580  -28.925  -4.996  53.019 0.0000000000
81581  -29.399  -4.402  53.156 0.0000000000
81582  -30.443  -4.406  53.589 0.0000000000
81583  -31.374  -4.204  53.866 0.0000000000
81584  -31.681  -3.645  53.820 0.0000000000
81589  -22.827  -4.581  52.850 0.0000000000
81590  -28.063  -4.889  51.878 0.0000000000
81591  -28.543  -4.588  52.492 0.0000000000
81592  -28.875  -3.875  52.674 0.0000000000
81596  -22.651  -4.618  51.912 0.0000000000
81597  -27.702  -4.700  51.224 0.0000000000
81602  -22.499  -4.619  50.932 0.0000000000
81603  -27.001  -4.330  49.519 0.0000000000
81604  -27.210  -4.508  50.215 0.0000000000
81610  -21.985  -4.307  49.204 0.0000000000
81611  -22.398  -4.718  49.915 0.0000000000
81612  -26.843  -4.284  48.974 0.0000000000
81613  -27.266  -4.874  49.330 0.0000000000
81621  -21.799  -4.669  48.340 0.0000000000
81622  -22.219  -5.024  49.058 0.0000000000
81623  -26.790  -4.263  48.168 0.0000000000
81624  -27.329  -4.835  48.570 0.0000000000
81637  -21.038  -4.312  46.863 0.0000000000
81638  -21.430  -4.625  47.359 0.0000000000
81640  -27.593  -4.888  47.695 0.0000000000
81641  -28.221  -5.297  47.533 0.0000000000
81650  -19.530  -4.544  46.479 0.0000000000
81651  -20.537  -4.676  46.362 0.0000000000
81652  -21.183  -4.896  46.622 0.0000000000
81655  -28.283  -5.031  46.857 0.0000000000
81656  -29.316  -5.020  46.265 0.0000000000
81657  -30.189  -4.927  45.972 0.0000000000
81669  -19.543  -4.972  46.029 0.0000000000
81670  -19.877  -5.038  45.879 0.0000000000
82461  -21.696  -3.011  61.193 0.0000000000
82462  -22.052  -3.149  61.345 0.0000000000
82467  -20.972  -2.824  60.252 0.0000000000
82468  -21.520  -3.275  60.727 0.0000000000
82469  -22.416  -3.445  61.010 0.0000000000
82470  -23.037  -3.744  60.597 0.0000000000
82473  -20.881  -2.994  59.385 0.0000000000
82474  -21.382  -3.491  59.932 0.0000000000
82475  -23.827  -3.753  59.686 0.0000000000
82476  -24.561  -4.090  59.438 0.0000000000
82477  -25.255  -4.135  59.070 0.0000000000
82478  -26.016  -4.090  58.931 0.0000000000
82482  -20.910  -3.063  58.799 0.0000000000
82483  -21.300  -3.524  58.897 0.0000000000
82484  -24.085  -3.405  59.022 0.0000000000
82485  -24.775  -3.599  58.776 0.0000000000
82486  -25.996  -3.407  58.514 0.0000000000
82487  -26.795  -3.599  58.674 0.0000000000
82488  -27.463  -3.551  58.564 0.0000000000
82489  -27.943  -3.410  58.310 0.0000000000
82493  -21.009  -3.093  58.279 0.0000000000
82494  -21.439  -3.536  57.780 0.0000000000
82495  -25.534  -3.162  58.174 0.0000000000
82496  -26.007  -2.929  58.206 0.0000000000
82497  -28.478  -3.247  57.910 0.0000000000
82498  -29.217  -3.246  57.400 0.0000000000
82499  -29.910  -3.026  57.068 0.0000000000
82503  -21.732  -3.765  56.841 0.0000000000
82504  -22.105  -4.062  56.211 0.0000000000
82505  -29.775  -3.629  56.980 0.0000000000
82506  -30.534  -3.458  56.669 0.0000000000
82507  -31.463  -3.533  56.127 0.0000000000
82512  -21.820  -3.542  55.936 0.0000000000
82513  -22.315  -3.931  55.475 0.0000000000
82514  -32.063  -3.531  55.432 0.0000000000
82515  -32.245  -3.424  54.725 0.0000000000
82521  -21.978  -3.365  55.043 0.0000000000
82522  -22.551  -3.852  54.543 0.0000000000
82523  -32.077  -3.288  54.196 0.0000000000
82528  -22.164  -3.225  54.092 0.0000000000
82529  -22.572  -3.876  53.506 0.0000000000
82530  -30.056  -3.458  53.359 0.0000000000
82531  -30.830  -3.458  53.565 0.0000000000
82532  -31.386  -3.251  53.705 0.0000000000
82533  -31.773  -3.201  53.876 0.0000000000
82537  -22.142  -3.230  53.108 0.0000000000
82538  -22.459  -3.891  52.508 0.0000000000
82539  -27.961  -4.175  51.795 0.0000000000
82540  -28.415  -3.314  52.052 0.0000000000
82541  -29.278  -3.263  52.796 0.0000000000
82546  -22.061  -3.255  52.146 0.0000000000
82547  -22.369  -3.911  51.580 0.0000000000
82548  -27.597  -3.436  51.017 0.0000000000
82549  -27.989  -2.779  51.445 0.0000000000
82555  -22.039  -3.304  51.178 0.0000000000
82556  -22.282  -3.915  50.832 0.0000000000
82557  -26.807  -3.653  49.494 0.0000000000
82558  -27.039  -3.404  50.147 0.0000000000
82565  -22.041  -3.619  50.043 0.0000000000
82566  -22.318  -4.206  50.432 0.0000000000
82574  -21.132  -3.057  48.240 0.0000000000
82575  -21.548  -3.537  48.666 0.0000000000
82586  -19.873  -3.507  47.173 0.0000000000
82587  -20.910  -3.589  47.518 0.0000000000
82588  -21.467  -4.069  47.935 0.0000000000
82601  -20.343  -3.990  46.773 0.0000000000
82602  -20.734  -4.105  46.843 0.0000000000
83467  -20.697  -2.056  61.061 0.0000000000
83468  -21.227  -2.254  61.205 0.0000000000
83469  -21.731  -2.520  61.200 0.0000000000
83474  -20.621  -2.127  60.477 0.0000000000
83475  -21.097  -2.632  60.906 0.0000000000
83476  -22.260  -2.625  60.951 0.0000000000
83477  -22.658  -3.288  60.847 0.0000000000
83482  -20.536  -2.249  59.616 0.0000000000
83483  -22.656  -2.346  59.888 0.0000000000
83484  -22.970  -3.148  60.251 0.0000000000
83489  -20.642  -2.504  58.583 0.0000000000
83490  -22.893  -2.244  59.247 0.0000000000
83491  -23.495  -2.815  58.908 0.0000000000
83492  -24.261  -3.243  58.625 0.0000000000
83493  -26.400  -2.724  58.084 0.0000000000
83494  -26.898  -2.748  58.235 0.0000000000
83495  -27.466  -2.873  58.347 0.0000000000
83496  -27.774  -3.035  58.385 0.0000000000
83500  -20.955  -2.692  57.333 0.0000000000
83501  -21.399  -3.277  57.103 0.0000000000
83502  -23.848  -2.260  57.495 0.0000000000
83503  -24.735  -2.927  57.774 0.0000000000
83504  -25.999  -2.625  57.647 0.0000000000
83505  -26.902  -2.017  57.483 0.0000000000
83506  -27.582  -2.093  57.794 0.0000000000
83507  -28.132  -2.442  58.016 0.0000000000
83508  -28.938  -2.340  57.754 0.0000000000
83509  -29.669  -2.318  57.318 0.0000000000
83513  -20.998  -2.403  56.097 0.0000000000
83514  -21.437  -3.083  56.486 0.0000000000
83515  -23.948  -1.943  56.834 0.0000000000
83516  -24.564  -2.092  56.651 0.0000000000
83517  -25.663  -2.081  56.720 0.0000000000
83518  -26.379  -2.064  57.104 0.0000000000
83519  -30.343  -2.480  56.840 0.0000000000
83520  -31.040  -2.613  56.403 0.0000000000
83524  -21.130  -2.245  55.103 0.0000000000
83525  -21.519  -2.872  55.561 0.0000000000
83526  -24.873  -1.775  56.077 0.0000000000
83527  -25.152  -1.928  56.264 0.0000000000
83528  -31.719  -2.591  55.761 0.0000000000
83529  -32.212  -2.604  55.059 0.0000000000
83535  -21.273  -2.167  54.542 0.0000000000
83536  -21.616  -2.657  54.602 0.0000000000
83537  -32.146  -2.612  54.426 0.0000000000
83542  -21.764  -2.632  53.680 0.0000000000
83543  -30.437  -2.906  53.427 0.0000000000
83544  -30.815  -2.363  53.479 0.0000000000
83545  -31.459  -2.412  53.745 0.0000000000
83546  -31.909  -2.540  53.973 0.0000000000
83551  -21.718  -2.614  52.749 0.0000000000
83552  -28.998  -2.252  52.363 0.0000000000
83553  -29.929  -2.280  53.092 0.0000000000
83554  -30.405  -1.786  53.278 0.0000000000
83560  -21.674  -2.609  51.765 0.0000000000
83561  -27.796  -2.196  50.961 0.0000000000
83562  -28.332  -2.175  51.670 0.0000000000
83569  -21.690  -2.603  50.701 0.0000000000
83570  -26.882  -2.992  49.714 0.0000000000
83571  -27.242  -2.401  50.022 0.0000000000
83578  -21.538  -2.631  49.566 0.0000000000
83587  -20.747  -2.643  48.212 0.0000000000
83588  -21.191  -2.622  48.701 0.0000000000
83599  -20.235  -2.699  47.774 0.0000000000
84475  -20.793  -1.439  61.185 0.0000000000
84476  -21.399  -1.573  61.216 0.0000000000
84477  -21.797  -2.168  61.153 0.0000000000
84482  -20.526  -1.400  60.648 0.0000000000
84483  -21.623  -1.076  60.957 0.0000000000
84484  -21.815  -1.807  61.029 0.0000000000
84489  -19.964  -0.962  59.164 0.0000000000
84490  -20.289  -1.349  59.850 0.0000000000
84491  -21.655  -0.799  60.653 0.0000000000
84492  -21.965  -1.462  60.393 0.0000000000
84496  -19.971  -0.968  58.827 0.0000000000
84497  -20.212  -1.475  58.832 0.0000000000
84498  -22.493  -1.558  59.211 0.0000000000
84499  -22.991  -2.154  58.905 0.0000000000
84503  -20.429  -1.731  57.754 0.0000000000
84504  -22.605  -0.944  57.914 0.0000000000
84505  -23.125  -1.897  58.201 0.0000000000
84506  -27.173  -1.342  57.092 0.0000000000
84507  -27.656  -1.067  57.222 0.0000000000
84508  -28.220  -1.276  57.611 0.0000000000
84509  -28.744  -1.437  57.731 0.0000000000
84510  -29.356  -1.438  57.572 0.0000000000
84514  -20.545  -1.739  56.618 0.0000000000
84515  -22.902  -0.866  57.077 0.0000000000
84516  -23.436  -1.402  56.813 0.0000000000
84517  -24.062  -1.738  56.521 0.0000000000
84518  -26.005  -1.453  56.370 0.0000000000
84519  -26.654  -1.263  56.679 0.0000000000
84520  -27.260  -1.002  56.923 0.0000000000
84521  -30.215  -1.413  56.956 0.0000000000
84522  -30.671  -2.023  56.571 0.0000000000
84526  -20.656  -1.649  55.496 0.0000000000
84527  -23.737  -1.049  56.066 0.0000000000
84528  -24.366  -1.324  55.918 0.0000000000
84529  -25.427  -1.258  55.936 0.0000000000
84530  -26.104  -1.096  56.245 0.0000000000
84531  -30.601  -0.909  56.464 0.0000000000
84532  -31.109  -1.529  56.115 0.0000000000
84533  -31.985  -1.626  55.338 0.0000000000
84540  -20.924  -1.655  54.302 0.0000000000
84541  -21.424  -2.188  54.118 0.0000000000
84542  -24.659  -0.925  55.294 0.0000000000
84543  -24.933  -1.163  55.405 0.0000000000
84544  -32.166  -1.732  54.603 0.0000000000
84551  -20.900  -1.385  53.085 0.0000000000
84552  -21.370  -2.039  53.395 0.0000000000
84553  -31.169  -1.302  53.509 0.0000000000
84554  -31.698  -1.603  53.812 0.0000000000
84555  -32.011  -1.891  54.153 0.0000000000
84560  -20.970  -1.258  52.016 0.0000000000
84561  -21.364  -1.936  52.406 0.0000000000
84562  -29.382  -1.076  52.532 0.0000000000
84563  -30.209  -1.158  53.009 0.0000000000
84564  -30.666  -1.370  53.350 0.0000000000
84570  -21.036  -1.253  51.135 0.0000000000
84571  -21.358  -1.878  51.392 0.0000000000
84572  -28.146  -1.083  51.269 0.0000000000
84573  -28.666  -1.348  51.993 0.0000000000
84579  -20.772  -1.036  50.548 0.0000000000
84580  -21.227  -1.746  50.293 0.0000000000
84581  -27.697  -1.276  50.297 0.0000000000
84586  -20.610  -1.254  49.658 0.0000000000
84587  -20.992  -1.981  49.179 0.0000000000
84596  -20.792  -2.236  48.628 0.0000000000
85479  -20.894  -0.582  61.293 0.0000000000
85480  -21.293  -0.509  61.172 0.0000000000
85486  -20.088  -0.155  60.222 0.0000000000
85487  -20.435  -0.514  60.795 0.0000000000
85488  -21.530  -0.304  60.861 0.0000000000
85493  -19.906  -0.409  59.584 0.0000000000
85494  -20.254  -0.778  60.262 0.0000000000
85495  -21.658  -0.322  60.227 0.0000000000
85496  -21.930  -0.946  59.778 0.0000000000
85501  -19.785  -0.483  58.567 0.0000000000
85502  -20.010  -0.962  58.609 0.0000000000
85503  -21.631  0.184  59.803 0.0000000000
85504  -21.912  -0.302  59.162 0.0000000000
85508  -19.728  -0.351  57.452 0.0000000000
85509  -20.117  -0.960  58.061 0.0000000000
85510  -22.173  -0.020  58.070 0.0000000000
85511  -27.821  -0.034  57.210 0.0000000000
85512  -28.226  -0.250  57.457 0.0000000000
85513  -28.783  -0.348  57.655 0.0000000000
85514  -29.090  -0.870  57.722 0.0000000000
85517  -19.708  -0.319  56.409 0.0000000000
85518  -20.094  -1.017  57.045 0.0000000000
85519  -22.667  -0.197  57.015 0.0000000000
85520  -23.065  -0.753  56.686 0.0000000000
85521  -26.830  -0.516  56.415 0.0000000000
85522  -27.288  -0.310  56.780 0.0000000000
85523  -29.083  0.163  57.632 0.0000000000
85524  -29.450  -0.346  57.400 0.0000000000
85528  -19.717  -0.285  55.358 0.0000000000
85529  -20.203  -0.951  55.972 0.0000000000
85530  -22.836  0.140  56.281 0.0000000000
85531  -23.356  -0.433  55.971 0.0000000000
85532  -23.872  -0.865  55.711 0.0000000000
85533  -25.689  -0.644  55.480 0.0000000000
85534  -26.316  -0.465  55.881 0.0000000000
85535  -26.919  -0.024  56.271 0.0000000000
85536  -30.225  -0.294  56.701 0.0000000000
85537  -30.916  -0.368  56.098 0.0000000000
85538  -31.683  -0.565  55.504 0.0000000000
85543  -19.925  -0.125  54.314 0.0000000000
85544  -20.294  -0.901  54.870 0.0000000000
85545  -23.628  -0.139  55.319 0.0000000000
85546  -24.146  -0.450  55.126 0.0000000000
85547  -25.164  -0.602  54.928 0.0000000000
85548  -25.822  -0.222  55.195 0.0000000000
85549  -32.198  -0.702  54.790 0.0000000000
85556  -20.009  -0.001  53.232 0.0000000000
85557  -20.422  -0.773  53.746 0.0000000000
85558  -24.271  -0.033  54.578 0.0000000000
85559  -24.573  -0.088  54.536 0.0000000000
85560  -31.240  -0.537  53.298 0.0000000000
85561  -31.623  -0.535  53.447 0.0000000000
85562  -32.114  -0.850  54.013 0.0000000000
85568  -20.477  -0.644  52.612 0.0000000000
85569  -29.436  -0.336  52.223 0.0000000000
85570  -29.997  -0.123  52.454 0.0000000000
85571  -30.888  -0.415  52.993 0.0000000000
85572  -31.400  -0.127  53.096 0.0000000000
85579  -20.528  -0.600  51.396 0.0000000000
85580  -28.385  -0.354  51.174 0.0000000000
85581  -28.896  -0.202  51.694 0.0000000000
85582  -29.498  0.015  52.057 0.0000000000
85590  -28.159  -0.145  50.554 0.0000000000
85591  -28.479  0.013  51.097 0.0000000000
86427  -21.020  0.140  61.293 0.0000000000
86428  -21.248  0.320  61.055 0.0000000000
86433  -20.167  0.481  60.468 0.0000000000
86434  -20.627  0.443  61.018 0.0000000000
86435  -21.426  0.479  60.652 0.0000000000
86440  -19.812  0.514  59.786 0.0000000000
86441  -21.514  0.652  60.130 0.0000000000
86446  -19.566  0.481  58.861 0.0000000000
86447  -21.625  0.712  59.516 0.0000000000
86448  -21.848  0.724  58.676 0.0000000000
86451  -19.460  0.418  57.800 0.0000000000
86452  -22.142  0.746  57.651 0.0000000000
86453  -28.152  0.604  57.374 0.0000000000
86454  -28.544  0.475  57.534 0.0000000000
86455  -28.885  0.574  57.610 0.0000000000
86458  -19.448  0.349  56.815 0.0000000000
86459  -22.445  0.710  56.633 0.0000000000
86460  -27.680  0.707  56.947 0.0000000000
86461  -29.225  0.665  57.434 0.0000000000
86462  -29.769  0.655  56.925 0.0000000000
86466  -19.313  0.468  55.841 0.0000000000
86467  -22.882  0.547  55.571 0.0000000000
86468  -23.364  0.050  55.401 0.0000000000
86469  -26.786  0.542  55.849 0.0000000000
86470  -27.169  0.630  56.428 0.0000000000
86471  -30.547  0.614  56.284 0.0000000000
86472  -31.394  0.511  55.661 0.0000000000
86473  -32.149  0.345  55.051 0.0000000000
86477  -19.373  0.423  54.785 0.0000000000
86478  -22.938  0.898  54.531 0.0000000000
86479  -23.553  0.234  54.798 0.0000000000
86480  -24.037  0.026  54.631 0.0000000000
86481  -25.627  0.164  54.718 0.0000000000
86482  -26.241  0.523  55.088 0.0000000000
86483  -32.288  0.264  54.259 0.0000000000
86491  -22.931  1.094  53.944 0.0000000000
86492  -23.351  0.778  53.949 0.0000000000
86493  -24.145  0.346  54.074 0.0000000000
86494  -25.105  0.391  54.132 0.0000000000
86495  -25.776  0.802  54.366 0.0000000000
86496  -31.679  0.226  53.118 0.0000000000
86497  -32.054  0.384  53.479 0.0000000000
86503  -30.153  0.556  52.225 0.0000000000
86504  -30.699  0.632  52.432 0.0000000000
86505  -31.421  0.551  52.765 0.0000000000
86506  -31.905  0.789  52.936 0.0000000000
86516  -29.113  0.553  51.373 0.0000000000
86517  -29.652  0.663  51.777 0.0000000000
86518  -30.248  0.999  52.086 0.0000000000
86528  -28.365  0.549  50.372 0.0000000000
86529  -28.724  0.649  50.834 0.0000000000
86530  -29.257  1.013  51.152 0.0000000000
86537  -28.119  0.689  49.860 0.0000000000
86538  -28.530  0.970  50.237 0.0000000000
87353  -20.969  0.925  61.101 0.0000000000
87354  -21.168  1.115  60.872 0.0000000000
87359  -20.356  1.323  60.628 0.0000000000
87360  -20.708  1.289  60.935 0.0000000000
87361  -21.345  1.379  60.435 0.0000000000
87367  -19.915  1.374  60.043 0.0000000000
87368  -21.537  1.469  59.908 0.0000000000
87375  -21.625  1.551  59.249 0.0000000000
87376  -21.847  1.679  58.343 0.0000000000
87382  -22.117  1.642  57.253 0.0000000000
87383  -28.423  0.966  57.440 0.0000000000
87384  -28.672  1.121  57.489 0.0000000000
87385  -29.012  1.201  57.543 0.0000000000
87391  -22.291  1.532  56.127 0.0000000000
87392  -28.227  1.568  57.144 0.0000000000
87393  -28.866  1.866  57.384 0.0000000000
87394  -29.431  1.637  57.162 0.0000000000
87395  -30.125  1.611  56.480 0.0000000000
87401  -22.490  1.505  55.027 0.0000000000
87402  -27.016  1.099  56.053 0.0000000000
87403  -27.455  1.617  56.287 0.0000000000
87404  -30.957  1.549  55.834 0.0000000000
87405  -31.837  1.476  55.134 0.0000000000
87406  -32.294  1.058  54.559 0.0000000000
87411  -22.599  1.483  54.087 0.0000000000
87412  -26.837  1.514  55.409 0.0000000000
87413  -27.210  2.082  55.688 0.0000000000
87414  -32.217  1.786  54.473 0.0000000000
87415  -32.338  1.397  53.872 0.0000000000
87423  -23.030  1.463  53.409 0.0000000000
87424  -23.786  1.117  53.343 0.0000000000
87425  -24.634  1.131  53.437 0.0000000000
87428  -32.142  1.463  53.126 0.0000000000
87438  -23.497  1.714  52.839 0.0000000000
87439  -24.201  1.688  52.797 0.0000000000
87442  -30.637  1.525  52.165 0.0000000000
87443  -31.163  1.425  52.444 0.0000000000
87444  -31.702  1.493  52.695 0.0000000000
87451  -29.591  1.475  51.265 0.0000000000
87452  -30.075  1.602  51.735 0.0000000000
87458  -28.781  1.250  50.357 0.0000000000
87459  -29.199  1.641  50.590 0.0000000000
87464  -28.656  1.688  49.827 0.0000000000
87465  -29.112  2.121  50.108 0.0000000000
88258  -20.883  1.603  60.941 0.0000000000
88259  -21.050  1.422  60.971 0.0000000000
88264  -20.631  2.147  60.716 0.0000000000
88265  -21.105  2.119  60.741 0.0000000000
88272  -21.492  2.452  60.137 0.0000000000
88273  -21.630  3.042  59.911 0.0000000000
88282  -21.553  2.036  59.678 0.0000000000
88283  -21.657  2.646  59.281 0.0000000000
88289  -21.909  3.232  57.319 0.0000000000
88290  -21.959  2.744  57.990 0.0000000000
88296  -21.893  3.363  56.445 0.0000000000
88297  -22.046  2.488  56.781 0.0000000000
88298  -28.060  2.722  56.408 0.0000000000
88299  -28.669  2.683  56.885 0.0000000000
88300  -29.235  2.672  56.960 0.0000000000
88301  -29.846  2.610  56.639 0.0000000000
88307  -21.855  3.368  55.488 0.0000000000
88308  -22.079  2.484  55.552 0.0000000000
88309  -27.529  2.507  55.852 0.0000000000
88310  -30.536  2.548  56.031 0.0000000000
88311  -31.283  2.488  55.364 0.0000000000
88316  -21.827  3.046  54.640 0.0000000000
88317  -22.168  2.193  54.387 0.0000000000
88320  -31.909  2.491  54.725 0.0000000000
88321  -32.253  2.455  54.100 0.0000000000
88328  -21.891  2.771  53.630 0.0000000000
88329  -22.403  2.084  53.459 0.0000000000
88333  -32.187  2.390  53.454 0.0000000000
88346  -22.194  2.617  52.907 0.0000000000
88347  -22.843  2.293  52.561 0.0000000000
88348  -23.734  2.227  52.309 0.0000000000
88352  -30.922  1.981  52.288 0.0000000000
88353  -31.317  2.435  52.361 0.0000000000
88354  -31.910  2.407  52.864 0.0000000000
88360  -23.310  2.716  51.868 0.0000000000
88364  -29.797  2.373  51.159 0.0000000000
88365  -30.631  2.464  51.870 0.0000000000
88366  -31.079  2.923  51.998 0.0000000000
88370  -29.372  2.576  50.386 0.0000000000
88373  -28.584  2.621  49.297 0.0000000000
88374  -28.994  2.626  49.848 0.0000000000
89211  -28.175  3.464  56.201 0.0000000000
89212  -28.548  3.661  56.434 0.0000000000
89213  -29.073  3.617  56.684 0.0000000000
89214  -29.635  3.567  56.601 0.0000000000
89222  -28.252  3.953  56.090 0.0000000000
89223  -30.293  3.515  56.252 0.0000000000
89224  -30.945  3.442  55.631 0.0000000000
89231  -31.614  3.380  55.023 0.0000000000
89232  -32.124  3.323  54.430 0.0000000000
89238  -21.419  3.634  53.881 0.0000000000
89241  -32.288  3.291  53.801 0.0000000000
89252  -21.704  3.347  52.613 0.0000000000
89253  -22.292  2.819  52.409 0.0000000000
89256  -31.741  3.371  52.599 0.0000000000
89257  -32.159  3.315  53.174 0.0000000000
89263  -21.777  3.847  51.573 0.0000000000
89264  -22.519  3.178  51.687 0.0000000000
89268  -30.278  3.378  51.406 0.0000000000
89269  -30.892  3.406  51.813 0.0000000000
89270  -31.294  3.403  52.146 0.0000000000
89277  -29.709  3.361  50.734 0.0000000000
89279  -28.817  3.424  49.548 0.0000000000
89280  -29.282  3.388  50.089 0.0000000000
90096  -28.969  4.610  56.470 0.0000000000
90097  -29.458  4.477  56.447 0.0000000000
90098  -30.029  4.427  56.271 0.0000000000
90107  -28.581  4.622  56.135 0.0000000000
90108  -30.657  4.356  55.812 0.0000000000
90109  -31.353  4.278  55.324 0.0000000000
90117  -31.962  4.179  54.783 0.0000000000
90118  -32.339  4.069  54.224 0.0000000000
90129  -32.356  4.121  53.606 0.0000000000
90136  -21.270  4.290  52.060 0.0000000000
90139  -30.962  4.913  52.176 0.0000000000
90140  -31.403  4.396  52.354 0.0000000000
90141  -32.104  4.270  52.957 0.0000000000
90151  -29.947  4.291  51.096 0.0000000000
90152  -30.694  4.374  51.766 0.0000000000
90153  -31.115  3.897  51.975 0.0000000000
90164  -29.484  4.212  50.420 0.0000000000
90173  -29.067  4.225  49.841 0.0000000000
90993  -28.830  5.607  56.260 0.0000000000
90994  -29.450  5.601  56.326 0.0000000000
90995  -29.782  5.011  56.240 0.0000000000
91005  -29.781  6.086  56.045 0.0000000000
91006  -30.306  5.491  55.735 0.0000000000
91007  -30.992  4.880  55.472 0.0000000000
91019  -30.773  5.980  55.177 0.0000000000
91020  -31.495  5.309  54.874 0.0000000000
91021  -32.136  4.619  54.530 0.0000000000
91031  -31.963  5.651  53.955 0.0000000000
91032  -32.307  4.832  54.145 0.0000000000
91038  -31.135  5.478  52.478 0.0000000000
91039  -31.708  5.379  53.098 0.0000000000
91040  -32.205  4.875  53.523 0.0000000000
91046  -30.097  5.276  51.427 0.0000000000
91047  -30.669  5.441  51.974 0.0000000000
91057  -29.544  5.191  50.704 0.0000000000
91907  -29.068  6.629  56.341 0.0000000000
91908  -29.581  6.747  56.195 0.0000000000
91909  -30.061  7.085  56.016 0.0000000000
91920  -29.998  6.454  55.876 0.0000000000
91921  -30.547  6.763  55.506 0.0000000000
91922  -31.090  7.060  55.041 0.0000000000
91932  -31.028  6.357  54.953 0.0000000000
91933  -31.352  6.605  54.428 0.0000000000
91941  -31.458  6.527  53.623 0.0000000000
91947  -30.766  6.355  52.295 0.0000000000
91948  -31.230  6.419  52.902 0.0000000000
91953  -30.301  6.264  51.648 0.0000000000
92825  -29.282  7.559  56.376 0.0000000000
92826  -29.766  7.664  56.216 0.0000000000
92837  -30.305  7.731  55.878 0.0000000000
92838  -30.852  7.765  55.375 0.0000000000
92846  -31.217  7.726  54.741 0.0000000000
92853  -31.339  7.604  54.041 0.0000000000
92859  -30.929  7.197  52.618 0.0000000000
92860  -31.206  7.588  53.272 0.0000000000
93729  -29.994  8.414  56.196 0.0000000000
93738  -30.504  8.568  55.714 0.0000000000
93739  -31.031  8.615  55.103 0.0000000000
93745  -31.252  8.582  54.399 0.0000000000
93751  -31.268  8.501  53.765 0.0000000000
