#!ascii label  , from subject FREESURFER vox2ras=TkReg 
621
91440  -30.057  4.697  9.775 0.0000000000
91442  -30.244  4.882  9.344 0.0000000000
91443  -30.603  4.883  9.101 0.0000000000
91446  -30.448  5.231  8.851 0.0000000000
91447  -30.877  5.194  8.567 0.0000000000
91448  -31.292  5.121  8.224 0.0000000000
91451  -31.144  5.513  7.998 0.0000000000
91452  -31.589  5.313  7.578 0.0000000000
91457  -31.898  5.563  6.829 0.0000000000
91462  -32.202  5.702  6.256 0.0000000000
91468  -33.187  5.641  4.840 0.0000000000
92298  -28.679  6.519  10.369 0.0000000000
92299  -30.057  5.077  9.349 0.0000000000
92304  -28.992  6.753  9.692 0.0000000000
92305  -30.260  5.389  8.897 0.0000000000
92309  -30.556  5.634  8.404 0.0000000000
92310  -30.878  5.697  8.075 0.0000000000
92314  -30.790  5.915  7.907 0.0000000000
92315  -31.173  5.943  7.448 0.0000000000
92316  -31.539  5.881  7.016 0.0000000000
92318  -31.465  6.246  6.817 0.0000000000
92319  -31.771  6.150  6.427 0.0000000000
92321  -32.242  6.143  5.770 0.0000000000
92322  -32.727  6.097  5.029 0.0000000000
92324  -33.359  6.302  4.111 0.0000000000
92325  -33.714  6.003  3.868 0.0000000000
92327  -33.539  6.856  3.441 0.0000000000
92328  -33.750  6.592  3.229 0.0000000000
92330  -33.861  6.941  2.482 0.0000000000
92332  -33.655  6.671  1.675 0.0000000000
92333  -33.832  6.836  2.058 0.0000000000
92335  -33.288  6.746  0.915 0.0000000000
92336  -33.764  7.124  1.504 0.0000000000
92340  -32.620  6.552  -0.204 0.0000000000
92344  -32.386  6.446  -1.275 0.0000000000
92347  -32.461  6.434  -2.281 0.0000000000
93204  -28.264  7.534  10.417 0.0000000000
93209  -28.717  7.539  9.601 0.0000000000
93210  -29.069  7.066  9.338 0.0000000000
93216  -28.826  8.034  9.031 0.0000000000
93217  -30.353  5.747  8.489 0.0000000000
93223  -30.627  5.927  8.096 0.0000000000
93224  -30.948  6.125  7.532 0.0000000000
93226  -31.378  6.497  6.693 0.0000000000
93227  -31.576  6.476  6.465 0.0000000000
93229  -31.530  7.084  5.997 0.0000000000
93230  -31.760  6.781  5.880 0.0000000000
93231  -32.304  6.525  5.336 0.0000000000
93237  -32.129  6.813  5.355 0.0000000000
93238  -32.737  6.574  4.641 0.0000000000
93243  -33.364  7.085  3.553 0.0000000000
93244  -33.705  7.396  3.040 0.0000000000
93248  -33.822  7.480  2.572 0.0000000000
93250  -33.925  7.671  1.845 0.0000000000
93252  -33.101  7.598  0.394 0.0000000000
93253  -33.661  7.625  1.068 0.0000000000
93256  -32.218  8.337  -0.920 0.0000000000
93257  -32.484  7.728  -0.650 0.0000000000
93261  -32.080  8.100  -1.397 0.0000000000
93262  -32.210  7.336  -1.711 0.0000000000
93266  -31.976  7.914  -2.049 0.0000000000
93267  -32.242  7.460  -2.666 0.0000000000
93277  -32.491  7.460  -3.719 0.0000000000
94113  -28.234  8.362  9.959 0.0000000000
94121  -28.514  8.543  9.262 0.0000000000
94126  -28.885  8.554  8.507 0.0000000000
94127  -29.306  8.138  8.083 0.0000000000
94134  -29.163  8.737  7.825 0.0000000000
94135  -29.613  8.408  7.359 0.0000000000
94136  -30.127  8.123  6.834 0.0000000000
94140  -29.868  8.716  6.702 0.0000000000
94141  -30.314  8.489  6.234 0.0000000000
94145  -31.522  7.820  5.389 0.0000000000
94146  -31.768  7.177  5.542 0.0000000000
94152  -31.180  8.740  4.731 0.0000000000
94153  -31.758  8.400  4.223 0.0000000000
94154  -32.258  7.898  3.975 0.0000000000
94158  -31.933  8.788  3.610 0.0000000000
94159  -33.430  8.234  2.687 0.0000000000
94160  -33.747  7.880  2.643 0.0000000000
94164  -33.425  8.584  2.363 0.0000000000
94165  -33.730  8.290  2.258 0.0000000000
94167  -33.720  8.489  1.699 0.0000000000
94169  -33.517  8.164  0.690 0.0000000000
94170  -33.686  8.389  1.139 0.0000000000
94175  -32.434  8.875  -0.595 0.0000000000
94176  -33.209  8.542  0.125 0.0000000000
94177  -33.537  8.554  0.667 0.0000000000
94185  -31.918  8.643  -1.125 0.0000000000
94195  -31.853  8.659  -2.021 0.0000000000
94196  -32.021  8.126  -2.472 0.0000000000
94208  -31.795  9.072  -2.668 0.0000000000
94209  -32.074  8.473  -3.144 0.0000000000
94231  -32.405  8.335  -4.294 0.0000000000
94246  -32.587  8.333  -5.301 0.0000000000
94980  -27.961  8.828  10.211 0.0000000000
94986  -27.631  9.859  10.161 0.0000000000
94987  -28.019  9.334  9.710 0.0000000000
94994  -28.402  9.388  8.817 0.0000000000
95000  -28.812  9.519  7.815 0.0000000000
95001  -29.237  9.045  7.426 0.0000000000
95006  -28.863  10.013  7.211 0.0000000000
95007  -29.382  9.500  6.761 0.0000000000
95008  -29.899  9.045  6.357 0.0000000000
95011  -29.516  9.943  6.078 0.0000000000
95012  -30.016  9.465  5.766 0.0000000000
95016  -30.963  9.982  3.981 0.0000000000
95017  -31.276  9.029  4.307 0.0000000000
95019  -30.991  10.357  3.493 0.0000000000
95020  -31.705  9.919  2.911 0.0000000000
95021  -32.725  9.104  2.636 0.0000000000
95025  -32.067  9.966  2.212 0.0000000000
95026  -32.908  9.152  2.309 0.0000000000
95027  -33.420  8.752  2.187 0.0000000000
95032  -32.111  10.208  1.840 0.0000000000
95033  -32.712  9.749  1.582 0.0000000000
95034  -33.386  8.923  1.895 0.0000000000
95039  -33.055  9.783  0.771 0.0000000000
95040  -33.442  9.084  1.298 0.0000000000
95045  -32.276  9.731  -0.579 0.0000000000
95046  -33.065  9.678  -0.112 0.0000000000
95047  -33.454  9.030  0.647 0.0000000000
95055  -31.788  9.411  -1.162 0.0000000000
95061  -31.770  9.608  -2.206 0.0000000000
95069  -31.837  9.586  -3.264 0.0000000000
95070  -32.125  9.086  -3.986 0.0000000000
95090  -31.964  9.842  -4.337 0.0000000000
95091  -32.313  9.151  -4.851 0.0000000000
95105  -32.069  9.969  -5.341 0.0000000000
95106  -32.383  9.193  -5.845 0.0000000000
95116  -31.849  9.922  -6.366 0.0000000000
95802  -27.660  10.461  9.575 0.0000000000
95803  -28.056  9.911  9.147 0.0000000000
95812  -27.710  10.994  8.962 0.0000000000
95813  -28.113  10.424  8.519 0.0000000000
95820  -28.484  10.475  7.556 0.0000000000
95824  -28.799  10.562  6.774 0.0000000000
95825  -29.215  10.282  6.250 0.0000000000
95827  -28.958  10.892  6.116 0.0000000000
95828  -29.658  11.575  4.469 0.0000000000
95829  -30.207  10.926  4.148 0.0000000000
95833  -29.880  11.364  4.205 0.0000000000
95834  -30.427  10.905  3.826 0.0000000000
95837  -30.898  10.695  3.147 0.0000000000
95838  -31.471  10.412  2.616 0.0000000000
95841  -31.037  10.896  2.604 0.0000000000
95842  -31.573  10.652  2.078 0.0000000000
95844  -32.085  10.626  1.509 0.0000000000
95845  -32.566  10.594  0.961 0.0000000000
95847  -32.666  10.580  0.274 0.0000000000
95849  -31.914  10.062  -0.835 0.0000000000
95850  -32.232  10.648  -0.523 0.0000000000
95857  -31.831  10.419  -1.498 0.0000000000
95858  -31.966  11.249  -1.231 0.0000000000
95864  -31.704  10.494  -2.665 0.0000000000
95869  -31.664  10.546  -3.753 0.0000000000
95889  -31.666  10.642  -4.781 0.0000000000
95913  -31.503  10.678  -5.807 0.0000000000
95937  -31.284  10.686  -6.953 0.0000000000
95956  -30.622  11.190  -9.183 0.0000000000
96583  -27.191  11.201  10.053 0.0000000000
96590  -27.011  11.971  9.921 0.0000000000
96591  -27.376  11.570  9.298 0.0000000000
96601  -27.716  11.532  8.444 0.0000000000
96602  -28.086  11.098  7.868 0.0000000000
96611  -28.240  13.525  6.445 0.0000000000
96612  -28.289  11.245  7.195 0.0000000000
96620  -28.384  13.309  6.109 0.0000000000
96621  -28.677  12.947  5.607 0.0000000000
96626  -29.224  12.397  4.968 0.0000000000
96627  -29.569  11.846  4.489 0.0000000000
96630  -29.383  12.294  4.573 0.0000000000
96631  -29.704  11.775  3.998 0.0000000000
96632  -30.289  11.291  3.489 0.0000000000
96634  -29.926  11.866  3.327 0.0000000000
96635  -30.526  11.357  2.949 0.0000000000
96638  -30.230  11.980  2.771 0.0000000000
96639  -30.880  11.607  2.186 0.0000000000
96640  -31.561  11.232  1.657 0.0000000000
96642  -31.322  11.877  1.500 0.0000000000
96643  -32.022  11.572  1.066 0.0000000000
96644  -32.420  11.227  0.545 0.0000000000
96646  -32.224  11.840  0.437 0.0000000000
96647  -32.391  11.552  -0.038 0.0000000000
96651  -32.240  11.811  -0.791 0.0000000000
96659  -31.685  11.429  -2.079 0.0000000000
96660  -31.920  11.874  -1.417 0.0000000000
96666  -31.492  11.358  -3.202 0.0000000000
96670  -31.355  11.335  -4.213 0.0000000000
96677  -31.232  11.355  -5.176 0.0000000000
96692  -30.538  11.869  -6.376 0.0000000000
96693  -30.895  11.452  -6.190 0.0000000000
96722  -30.487  11.657  -6.844 0.0000000000
96723  -30.824  11.273  -7.084 0.0000000000
96745  -30.536  11.569  -7.614 0.0000000000
96746  -31.055  11.174  -7.775 0.0000000000
96759  -29.808  11.701  -8.908 0.0000000000
96760  -30.592  11.387  -8.553 0.0000000000
96761  -31.070  11.003  -8.345 0.0000000000
96770  -30.245  11.485  -9.407 0.0000000000
97432  -26.732  12.842  10.206 0.0000000000
97438  -27.087  12.655  9.327 0.0000000000
97439  -27.376  12.241  8.760 0.0000000000
97447  -27.283  12.912  8.634 0.0000000000
97448  -28.170  13.946  6.602 0.0000000000
97456  -28.282  13.668  6.338 0.0000000000
97464  -28.496  13.382  5.841 0.0000000000
97465  -28.805  12.953  5.377 0.0000000000
97471  -28.724  13.347  5.399 0.0000000000
97472  -29.072  12.965  4.895 0.0000000000
97475  -29.347  12.663  4.286 0.0000000000
97476  -29.508  12.540  3.708 0.0000000000
97478  -29.690  12.612  2.984 0.0000000000
97481  -30.265  12.609  2.323 0.0000000000
97482  -30.849  12.582  1.648 0.0000000000
97484  -31.483  12.568  1.077 0.0000000000
97485  -31.964  12.504  0.516 0.0000000000
97490  -32.263  12.379  0.072 0.0000000000
97491  -32.302  12.321  -0.346 0.0000000000
97496  -32.286  12.496  -0.758 0.0000000000
97503  -31.676  12.383  -1.884 0.0000000000
97504  -32.087  12.463  -1.229 0.0000000000
97511  -31.363  12.210  -2.763 0.0000000000
97518  -31.102  12.082  -3.707 0.0000000000
97525  -30.656  12.566  -5.034 0.0000000000
97526  -30.950  11.990  -4.615 0.0000000000
97536  -30.476  12.231  -5.870 0.0000000000
97537  -30.829  11.915  -5.378 0.0000000000
97552  -28.838  12.325  -6.888 0.0000000000
97553  -29.607  12.244  -6.745 0.0000000000
97554  -30.210  12.107  -6.552 0.0000000000
97579  -29.398  11.936  -7.498 0.0000000000
97580  -30.060  11.893  -7.242 0.0000000000
97592  -29.224  11.750  -8.326 0.0000000000
97593  -29.998  11.854  -8.074 0.0000000000
98222  -26.694  13.822  10.085 0.0000000000
98228  -26.908  13.592  9.529 0.0000000000
98233  -27.157  13.559  8.849 0.0000000000
98234  -28.225  14.601  6.892 0.0000000000
98240  -28.255  14.274  6.565 0.0000000000
98247  -28.319  13.997  6.117 0.0000000000
98254  -28.523  13.873  5.647 0.0000000000
98255  -28.836  13.802  5.051 0.0000000000
98258  -29.199  13.562  4.328 0.0000000000
98259  -29.360  13.048  3.998 0.0000000000
98261  -29.291  13.940  3.953 0.0000000000
98262  -29.465  13.519  3.545 0.0000000000
98265  -29.845  13.527  2.583 0.0000000000
98266  -30.467  13.522  1.861 0.0000000000
98269  -31.124  13.501  1.220 0.0000000000
98270  -31.720  13.448  0.620 0.0000000000
98272  -32.267  13.298  -0.028 0.0000000000
98273  -32.319  12.733  -0.182 0.0000000000
98275  -32.181  13.497  -0.823 0.0000000000
98276  -32.300  12.893  -0.500 0.0000000000
98280  -31.788  13.217  -1.514 0.0000000000
98281  -32.231  12.934  -0.975 0.0000000000
98286  -31.304  13.072  -2.414 0.0000000000
98293  -30.610  13.537  -3.812 0.0000000000
98294  -30.990  12.907  -3.310 0.0000000000
98302  -30.410  13.306  -4.625 0.0000000000
98303  -30.760  12.737  -4.185 0.0000000000
98310  -29.580  13.378  -5.691 0.0000000000
98311  -30.200  13.015  -5.407 0.0000000000
98321  -28.477  13.155  -6.540 0.0000000000
98322  -29.211  12.883  -6.298 0.0000000000
98323  -29.927  12.676  -6.126 0.0000000000
98995  -26.921  14.557  9.581 0.0000000000
98996  -27.202  14.845  8.921 0.0000000000
99001  -27.081  14.200  9.055 0.0000000000
99002  -28.323  15.423  7.328 0.0000000000
99007  -28.370  15.003  6.904 0.0000000000
99012  -28.436  14.805  6.279 0.0000000000
99013  -28.655  15.279  5.896 0.0000000000
99019  -28.434  14.298  5.897 0.0000000000
99020  -28.680  14.688  5.453 0.0000000000
99023  -29.120  14.591  4.533 0.0000000000
99024  -29.409  15.142  4.072 0.0000000000
99027  -29.223  14.154  4.151 0.0000000000
99028  -29.460  14.564  3.759 0.0000000000
99030  -29.827  14.455  2.993 0.0000000000
99031  -30.303  14.500  2.189 0.0000000000
99034  -30.899  14.466  1.451 0.0000000000
99035  -31.502  14.418  0.823 0.0000000000
99038  -31.993  14.353  0.194 0.0000000000
99042  -32.064  14.289  -0.567 0.0000000000
99047  -31.721  14.144  -1.321 0.0000000000
99051  -30.718  14.549  -2.660 0.0000000000
99052  -31.254  13.930  -2.112 0.0000000000
99058  -30.408  14.339  -3.474 0.0000000000
99059  -30.855  13.732  -2.959 0.0000000000
99066  -29.584  14.537  -4.627 0.0000000000
99067  -30.135  14.069  -4.236 0.0000000000
99074  -28.604  14.554  -5.712 0.0000000000
99075  -29.273  14.174  -5.354 0.0000000000
99076  -29.874  13.754  -4.984 0.0000000000
99085  -28.228  14.071  -6.334 0.0000000000
99086  -28.908  13.719  -6.001 0.0000000000
99774  -28.301  16.953  9.063 0.0000000000
99780  -28.329  16.370  8.060 0.0000000000
99785  -28.494  15.945  7.298 0.0000000000
99786  -28.714  16.372  7.062 0.0000000000
99792  -28.498  15.354  6.768 0.0000000000
99793  -28.752  15.854  6.454 0.0000000000
99799  -29.134  15.783  5.425 0.0000000000
99800  -29.548  16.252  4.865 0.0000000000
99802  -29.060  15.185  4.973 0.0000000000
99803  -29.485  15.699  4.480 0.0000000000
99806  -29.877  15.649  3.601 0.0000000000
99807  -30.324  16.170  3.089 0.0000000000
99810  -29.834  15.059  3.248 0.0000000000
99811  -30.292  15.557  2.646 0.0000000000
99816  -30.808  15.438  1.700 0.0000000000
99817  -31.372  15.347  1.052 0.0000000000
99821  -31.677  15.262  0.373 0.0000000000
99824  -31.811  15.158  -0.329 0.0000000000
99827  -30.847  15.483  -1.536 0.0000000000
99828  -31.569  14.981  -1.082 0.0000000000
99830  -30.494  15.289  -2.369 0.0000000000
99831  -31.123  14.755  -1.846 0.0000000000
99835  -29.828  15.725  -3.767 0.0000000000
99836  -30.234  15.137  -3.206 0.0000000000
99843  -29.370  15.359  -4.384 0.0000000000
99844  -29.954  14.896  -3.956 0.0000000000
99852  -28.335  15.381  -5.473 0.0000000000
99853  -28.921  14.943  -4.998 0.0000000000
99869  -27.301  15.273  -6.435 0.0000000000
99870  -27.945  14.926  -6.073 0.0000000000
100565  -28.433  17.136  8.624 0.0000000000
100566  -28.519  17.509  8.236 0.0000000000
100570  -28.440  16.570  7.922 0.0000000000
100571  -28.634  16.993  7.622 0.0000000000
100576  -28.968  16.841  6.764 0.0000000000
100580  -29.242  16.703  5.952 0.0000000000
100581  -29.605  16.769  5.153 0.0000000000
100583  -29.956  16.755  4.353 0.0000000000
100584  -30.254  17.195  3.887 0.0000000000
100587  -29.950  16.215  4.001 0.0000000000
100588  -30.355  16.770  3.493 0.0000000000
100591  -30.669  16.710  2.573 0.0000000000
100595  -30.871  16.424  1.817 0.0000000000
100596  -31.267  16.206  1.189 0.0000000000
100598  -31.475  16.076  0.578 0.0000000000
100601  -30.954  16.486  -0.515 0.0000000000
100602  -31.442  15.939  -0.083 0.0000000000
100605  -29.824  16.522  -1.651 0.0000000000
100606  -30.554  16.186  -1.212 0.0000000000
100607  -31.206  15.726  -0.767 0.0000000000
100609  -29.588  16.421  -2.575 0.0000000000
100610  -30.144  15.913  -2.020 0.0000000000
100614  -29.441  16.370  -3.450 0.0000000000
100615  -30.005  15.863  -2.936 0.0000000000
100620  -28.459  16.523  -4.672 0.0000000000
100621  -29.124  16.122  -4.185 0.0000000000
100626  -27.510  16.565  -5.752 0.0000000000
100627  -28.105  16.177  -5.311 0.0000000000
100628  -28.741  15.784  -4.853 0.0000000000
100641  -24.792  16.811  -6.979 0.0000000000
100642  -25.627  16.626  -6.832 0.0000000000
100643  -26.364  16.369  -6.519 0.0000000000
100644  -27.068  16.092  -6.232 0.0000000000
100645  -27.718  15.763  -5.887 0.0000000000
101273  -28.883  17.756  7.014 0.0000000000
101275  -29.140  17.570  6.210 0.0000000000
101276  -29.468  17.528  5.463 0.0000000000
101278  -29.806  17.662  4.606 0.0000000000
101279  -30.112  17.477  4.083 0.0000000000
101282  -29.936  17.989  3.927 0.0000000000
101283  -30.199  17.750  3.454 0.0000000000
101286  -30.482  17.735  2.589 0.0000000000
101290  -30.700  17.563  1.588 0.0000000000
101291  -31.151  16.932  1.192 0.0000000000
101294  -27.598  18.061  -0.456 0.0000000000
101295  -28.149  17.975  -0.101 0.0000000000
101296  -30.787  17.351  0.647 0.0000000000
101297  -31.245  16.680  0.746 0.0000000000
101300  -27.822  17.788  -1.070 0.0000000000
101301  -28.921  17.609  -0.522 0.0000000000
101302  -29.903  17.408  -0.382 0.0000000000
101303  -30.632  17.131  -0.163 0.0000000000
101304  -31.121  16.624  0.183 0.0000000000
101306  -27.718  17.783  -2.259 0.0000000000
101307  -28.507  17.318  -1.629 0.0000000000
101308  -29.423  17.072  -1.186 0.0000000000
101309  -30.274  16.850  -0.867 0.0000000000
101311  -27.652  17.812  -3.287 0.0000000000
101312  -28.343  17.316  -2.685 0.0000000000
101313  -29.073  16.859  -2.136 0.0000000000
101317  -27.558  17.736  -4.178 0.0000000000
101318  -28.230  17.309  -3.623 0.0000000000
101319  -29.009  16.985  -3.113 0.0000000000
101324  -27.405  17.524  -4.915 0.0000000000
101325  -28.046  17.154  -4.435 0.0000000000
101326  -28.789  16.826  -3.961 0.0000000000
101331  -26.637  17.675  -5.888 0.0000000000
101332  -27.209  17.267  -5.546 0.0000000000
101333  -27.824  16.912  -5.149 0.0000000000
101340  -23.600  17.868  -6.786 0.0000000000
101341  -24.623  17.724  -6.715 0.0000000000
101342  -25.490  17.488  -6.613 0.0000000000
101343  -26.195  17.188  -6.366 0.0000000000
101344  -26.861  16.892  -6.078 0.0000000000
102021  -28.733  18.502  6.217 0.0000000000
102022  -29.104  18.115  5.632 0.0000000000
102025  -28.795  18.790  5.278 0.0000000000
102026  -29.308  18.287  4.937 0.0000000000
102030  -28.891  18.933  4.531 0.0000000000
102031  -29.349  18.633  3.909 0.0000000000
102032  -29.763  18.353  3.378 0.0000000000
102035  -29.501  18.965  3.041 0.0000000000
102036  -29.976  18.691  2.613 0.0000000000
102040  -30.284  18.761  1.747 0.0000000000
102044  -26.819  18.574  0.047 0.0000000000
102045  -27.358  18.404  0.086 0.0000000000
102046  -28.465  18.676  0.517 0.0000000000
102047  -29.435  18.945  0.620 0.0000000000
102048  -30.310  18.818  0.836 0.0000000000
102050  -26.706  18.586  -0.428 0.0000000000
102051  -27.162  18.261  -0.849 0.0000000000
102052  -28.947  18.196  0.229 0.0000000000
102053  -29.657  18.097  0.221 0.0000000000
102054  -30.237  17.707  0.279 0.0000000000
102056  -26.559  18.709  -1.435 0.0000000000
102057  -27.120  18.310  -1.874 0.0000000000
102059  -26.444  18.993  -2.625 0.0000000000
102060  -27.079  18.377  -2.969 0.0000000000
102062  -26.656  19.124  -3.723 0.0000000000
102063  -27.109  18.390  -3.945 0.0000000000
102067  -26.657  18.995  -4.640 0.0000000000
102068  -27.011  18.218  -4.788 0.0000000000
102072  -25.681  19.110  -5.892 0.0000000000
102073  -26.321  18.672  -5.568 0.0000000000
102074  -26.930  17.891  -5.362 0.0000000000
102078  -23.300  18.963  -6.774 0.0000000000
102079  -24.445  18.693  -6.474 0.0000000000
102080  -25.454  18.455  -6.305 0.0000000000
102081  -26.047  17.921  -6.169 0.0000000000
102739  -28.326  19.541  5.600 0.0000000000
102742  -28.543  19.598  4.731 0.0000000000
102745  -28.853  19.677  3.909 0.0000000000
102746  -29.334  19.715  3.180 0.0000000000
102748  -29.755  19.744  2.511 0.0000000000
102749  -30.205  19.777  1.917 0.0000000000
102753  -25.770  19.862  0.943 0.0000000000
102754  -26.193  19.710  1.076 0.0000000000
102755  -27.240  19.665  1.332 0.0000000000
102756  -28.283  19.942  1.362 0.0000000000
102757  -30.533  19.940  1.316 0.0000000000
102760  -25.728  19.691  0.545 0.0000000000
102761  -26.517  18.981  0.366 0.0000000000
102762  -27.824  19.101  0.932 0.0000000000
102763  -29.014  19.774  0.872 0.0000000000
102764  -29.955  20.014  0.636 0.0000000000
102765  -30.511  20.361  0.879 0.0000000000
102767  -25.601  19.523  -0.390 0.0000000000
102768  -26.057  19.007  -0.873 0.0000000000
102770  -25.580  19.694  -1.411 0.0000000000
102771  -25.995  19.289  -1.917 0.0000000000
102774  -25.693  20.006  -2.283 0.0000000000
102775  -25.986  19.648  -2.705 0.0000000000
102779  -25.802  20.193  -3.006 0.0000000000
102780  -26.092  19.818  -3.525 0.0000000000
102784  -25.952  20.187  -4.895 0.0000000000
102785  -26.184  19.888  -4.529 0.0000000000
102787  -24.869  20.101  -5.670 0.0000000000
102788  -25.573  19.919  -5.427 0.0000000000
102789  -26.273  19.433  -5.098 0.0000000000
102802  -23.335  19.908  -6.449 0.0000000000
102803  -24.386  19.814  -6.031 0.0000000000
102804  -25.149  19.226  -6.061 0.0000000000
103442  -28.280  20.134  4.969 0.0000000000
103446  -28.230  21.343  4.609 0.0000000000
103447  -28.588  20.733  4.263 0.0000000000
103450  -29.259  20.637  3.333 0.0000000000
103451  -29.696  20.573  2.662 0.0000000000
103453  -25.046  21.082  1.970 0.0000000000
103454  -26.110  20.801  2.256 0.0000000000
103455  -27.308  20.981  2.317 0.0000000000
103456  -28.225  21.212  2.193 0.0000000000
103457  -28.622  21.106  1.860 0.0000000000
103458  -30.216  20.563  2.134 0.0000000000
103459  -30.541  20.617  1.626 0.0000000000
103461  -24.597  20.975  1.164 0.0000000000
103462  -25.437  20.251  1.175 0.0000000000
103463  -26.695  20.271  1.721 0.0000000000
103464  -27.972  20.526  1.834 0.0000000000
103465  -29.088  20.789  1.422 0.0000000000
103466  -29.797  21.157  1.028 0.0000000000
103467  -30.741  20.810  1.177 0.0000000000
103472  -24.515  20.790  0.300 0.0000000000
103473  -25.069  20.106  -0.010 0.0000000000
103474  -29.683  20.637  0.872 0.0000000000
103475  -30.262  20.953  0.801 0.0000000000
103476  -30.626  21.030  0.928 0.0000000000
103478  -24.653  20.815  -0.748 0.0000000000
103479  -25.118  20.165  -1.009 0.0000000000
103481  -24.902  20.768  -1.501 0.0000000000
103482  -25.321  20.417  -1.843 0.0000000000
103486  -25.027  21.009  -2.099 0.0000000000
103487  -25.442  20.778  -2.708 0.0000000000
103491  -25.739  20.660  -3.645 0.0000000000
103492  -25.992  20.261  -4.170 0.0000000000
103494  -25.770  20.557  -4.547 0.0000000000
103495  -25.983  20.243  -4.443 0.0000000000
103504  -24.086  20.746  -5.590 0.0000000000
103505  -24.564  20.548  -5.567 0.0000000000
103506  -25.219  20.860  -5.032 0.0000000000
103521  -22.702  20.478  -6.450 0.0000000000
103522  -23.737  20.562  -5.873 0.0000000000
103523  -24.239  20.288  -5.788 0.0000000000
104088  -28.574  21.953  4.167 0.0000000000
104091  -25.389  22.171  3.177 0.0000000000
104092  -26.343  22.099  3.281 0.0000000000
104093  -27.357  22.210  3.164 0.0000000000
104094  -27.928  22.362  2.981 0.0000000000
104095  -29.279  21.721  3.269 0.0000000000
104096  -29.621  21.109  2.847 0.0000000000
104098  -24.635  21.907  2.504 0.0000000000
104099  -25.674  21.524  2.735 0.0000000000
104100  -26.789  21.529  2.796 0.0000000000
104101  -27.988  21.806  2.705 0.0000000000
104102  -29.097  21.589  2.202 0.0000000000
104103  -30.023  21.240  2.233 0.0000000000
104104  -30.451  20.959  1.862 0.0000000000
104107  -23.709  22.156  1.072 0.0000000000
104108  -24.303  21.604  1.552 0.0000000000
104109  -29.616  21.248  1.442 0.0000000000
104110  -30.147  21.296  1.341 0.0000000000
104111  -30.513  21.075  1.510 0.0000000000
104114  -23.788  22.198  0.176 0.0000000000
104115  -24.128  21.542  0.635 0.0000000000
104116  -30.457  21.255  1.001 0.0000000000
104117  -30.605  21.198  1.149 0.0000000000
104118  -23.926  22.288  -0.314 0.0000000000
104119  -24.193  21.770  -0.473 0.0000000000
104121  -24.640  21.585  -1.641 0.0000000000
104123  -25.058  21.610  -2.586 0.0000000000
104124  -25.381  21.483  -3.320 0.0000000000
104126  -25.529  21.397  -4.033 0.0000000000
104132  -24.181  21.901  -4.824 0.0000000000
104133  -24.894  21.781  -4.651 0.0000000000
104134  -25.315  21.323  -4.565 0.0000000000
104145  -22.280  21.737  -5.690 0.0000000000
104146  -23.112  21.514  -5.484 0.0000000000
104147  -23.923  21.184  -5.395 0.0000000000
104148  -24.693  21.300  -5.088 0.0000000000
104149  -25.086  21.343  -4.856 0.0000000000
104159  -21.993  21.145  -6.319 0.0000000000
104160  -22.872  21.074  -5.915 0.0000000000
104161  -23.417  21.076  -5.669 0.0000000000
104688  -28.524  22.917  4.514 0.0000000000
104689  -28.835  22.916  3.881 0.0000000000
104694  -25.973  22.825  3.676 0.0000000000
104695  -26.994  22.823  3.498 0.0000000000
104696  -27.947  22.887  3.222 0.0000000000
104697  -28.752  22.699  3.140 0.0000000000
104702  -28.281  22.463  2.862 0.0000000000
104703  -28.584  22.214  2.664 0.0000000000
104708  -23.948  22.180  1.868 0.0000000000
104711  -23.255  22.877  0.469 0.0000000000
104713  -23.686  22.721  -0.300 0.0000000000
104714  -24.023  22.494  -0.655 0.0000000000
104716  -23.930  23.036  -0.831 0.0000000000
104717  -24.298  22.666  -1.368 0.0000000000
104719  -24.725  22.563  -2.452 0.0000000000
104720  -25.168  22.183  -3.089 0.0000000000
104722  -25.071  22.898  -3.303 0.0000000000
104723  -25.211  22.129  -3.709 0.0000000000
104731  -21.967  22.979  -4.995 0.0000000000
104732  -22.378  22.851  -4.845 0.0000000000
104733  -23.408  22.599  -4.637 0.0000000000
104734  -24.581  22.681  -4.154 0.0000000000
104735  -25.183  21.910  -4.253 0.0000000000
104745  -21.059  23.020  -5.725 0.0000000000
104746  -21.674  22.777  -5.427 0.0000000000
104747  -22.713  22.211  -5.182 0.0000000000
104748  -23.485  21.893  -5.122 0.0000000000
104757  -20.622  22.672  -6.166 0.0000000000
104758  -21.452  21.877  -6.013 0.0000000000
105244  -29.239  24.054  4.560 0.0000000000
105245  -29.746  24.512  4.349 0.0000000000
105251  -26.756  23.285  3.740 0.0000000000
105252  -27.548  23.752  3.641 0.0000000000
105253  -28.568  23.796  3.400 0.0000000000
105254  -29.209  23.888  3.766 0.0000000000
105255  -29.754  24.345  4.130 0.0000000000
105270  -23.619  23.636  -0.402 0.0000000000
105272  -24.179  23.693  -1.283 0.0000000000
105273  -24.500  23.499  -2.077 0.0000000000
105275  -24.674  23.447  -2.761 0.0000000000
105277  -23.248  23.764  -3.787 0.0000000000
105278  -23.883  23.735  -3.594 0.0000000000
105279  -24.458  23.496  -3.391 0.0000000000
105288  -21.262  23.769  -4.859 0.0000000000
105289  -21.888  23.337  -4.748 0.0000000000
105290  -22.747  23.368  -4.286 0.0000000000
105291  -23.700  23.261  -4.051 0.0000000000
105292  -24.203  23.329  -3.819 0.0000000000
105302  -20.848  23.553  -5.487 0.0000000000
105303  -21.435  23.383  -5.161 0.0000000000
105772  -29.513  25.073  4.703 0.0000000000
105773  -29.808  25.323  4.322 0.0000000000
105781  -29.686  24.693  4.464 0.0000000000
105782  -30.142  24.871  4.202 0.0000000000
105789  -29.284  24.591  3.542 0.0000000000
105790  -29.832  24.509  3.738 0.0000000000
105803  -24.006  24.645  -0.957 0.0000000000
105806  -24.395  24.580  -2.051 0.0000000000
105807  -24.493  23.912  -2.446 0.0000000000
105809  -24.016  24.735  -2.879 0.0000000000
105810  -24.393  24.070  -2.807 0.0000000000
105813  -21.591  24.805  -3.771 0.0000000000
105814  -22.492  24.166  -3.841 0.0000000000
105815  -23.432  24.399  -3.363 0.0000000000
105816  -24.117  24.146  -3.257 0.0000000000
105827  -21.672  24.078  -4.370 0.0000000000
105828  -22.191  23.728  -4.301 0.0000000000
106352  -29.842  25.539  3.980 0.0000000000
106361  -29.915  25.038  3.581 0.0000000000
106385  -22.636  25.159  -3.221 0.0000000000
106386  -23.474  25.048  -3.015 0.0000000000
