#!ascii label  , from subject FREESURFER vox2ras=TkReg 
1027
21601  -4.665  -65.455  6.121 0.0000000000
21602  -5.242  -65.304  5.394 0.0000000000
21635  -3.441  -64.865  3.371 0.0000000000
22416  -3.705  -63.858  7.586 0.0000000000
22428  -3.936  -65.391  7.484 0.0000000000
22429  -4.133  -64.507  6.810 0.0000000000
22445  -4.823  -64.391  5.740 0.0000000000
22446  -5.423  -64.381  4.952 0.0000000000
22460  -2.963  -64.430  4.581 0.0000000000
22461  -3.227  -64.231  4.233 0.0000000000
22462  -6.022  -64.461  4.265 0.0000000000
22481  -3.036  -64.702  4.097 0.0000000000
22482  -3.420  -64.407  3.706 0.0000000000
22495  -3.706  -64.469  3.100 0.0000000000
22496  -4.043  -64.541  2.510 0.0000000000
22507  -4.455  -64.420  1.661 0.0000000000
22522  -4.699  -64.058  0.992 0.0000000000
22523  -5.245  -64.136  0.686 0.0000000000
23285  -3.075  -64.245  8.731 0.0000000000
23295  -3.402  -63.652  8.139 0.0000000000
23296  -3.666  -63.133  7.632 0.0000000000
23314  -2.553  -64.264  6.081 0.0000000000
23315  -4.112  -63.087  7.003 0.0000000000
23329  -2.943  -63.703  4.957 0.0000000000
23330  -3.393  -63.196  4.682 0.0000000000
23331  -4.534  -63.338  6.088 0.0000000000
23332  -5.093  -63.355  5.246 0.0000000000
23345  -3.148  -63.977  4.498 0.0000000000
23346  -3.514  -63.599  4.227 0.0000000000
23347  -5.694  -63.414  4.488 0.0000000000
23348  -6.357  -63.561  3.845 0.0000000000
23361  -3.833  -63.646  3.267 0.0000000000
23362  -4.031  -63.504  2.692 0.0000000000
23363  -7.127  -63.727  3.356 0.0000000000
23374  -3.943  -63.961  2.718 0.0000000000
23375  -4.207  -63.625  2.144 0.0000000000
23381  -12.644  -63.196  1.818 0.0000000000
23382  -13.225  -63.083  1.538 0.0000000000
23388  -4.592  -63.447  1.272 0.0000000000
23389  -4.911  -63.109  0.886 0.0000000000
23392  -13.743  -63.468  1.256 0.0000000000
23393  -14.438  -63.406  0.907 0.0000000000
23401  -4.877  -63.597  0.821 0.0000000000
23402  -5.245  -63.245  0.664 0.0000000000
23403  -5.821  -63.377  0.445 0.0000000000
23404  -6.588  -63.459  0.197 0.0000000000
23405  -14.964  -63.542  0.670 0.0000000000
23406  -15.554  -63.490  0.593 0.0000000000
23407  -16.382  -63.549  0.557 0.0000000000
24200  -2.806  -63.576  8.457 0.0000000000
24201  -3.139  -63.232  8.387 0.0000000000
24212  -2.690  -63.325  7.811 0.0000000000
24213  -3.417  -62.802  7.908 0.0000000000
24214  -3.838  -62.428  7.402 0.0000000000
24230  -2.720  -63.247  6.695 0.0000000000
24231  -4.179  -62.142  6.850 0.0000000000
24243  -2.829  -63.001  5.654 0.0000000000
24244  -3.295  -62.770  5.006 0.0000000000
24245  -4.478  -62.339  6.318 0.0000000000
24246  -5.008  -62.402  5.712 0.0000000000
24259  -3.722  -62.730  4.482 0.0000000000
24260  -5.605  -62.255  4.945 0.0000000000
24261  -6.179  -62.520  4.172 0.0000000000
24275  -3.909  -62.772  3.723 0.0000000000
24276  -4.187  -62.783  2.711 0.0000000000
24277  -6.845  -62.704  3.609 0.0000000000
24278  -7.804  -62.814  2.973 0.0000000000
24279  -8.935  -62.376  2.915 0.0000000000
24280  -9.967  -62.156  2.959 0.0000000000
24281  -10.989  -62.031  2.948 0.0000000000
24282  -11.943  -61.992  2.882 0.0000000000
24283  -12.634  -61.816  2.536 0.0000000000
24284  -12.947  -61.629  2.318 0.0000000000
24295  -4.559  -62.705  1.769 0.0000000000
24296  -8.167  -63.507  2.789 0.0000000000
24297  -8.668  -63.256  2.740 0.0000000000
24298  -9.539  -63.059  2.729 0.0000000000
24299  -10.482  -62.927  2.726 0.0000000000
24300  -11.418  -62.811  2.611 0.0000000000
24301  -12.276  -62.595  2.323 0.0000000000
24302  -13.177  -62.221  1.853 0.0000000000
24303  -13.784  -61.931  1.517 0.0000000000
24310  -4.897  -62.630  1.177 0.0000000000
24311  -5.223  -62.674  0.856 0.0000000000
24312  -13.555  -62.817  1.461 0.0000000000
24313  -14.076  -62.537  1.249 0.0000000000
24327  -5.672  -62.614  0.615 0.0000000000
24328  -6.315  -62.671  0.370 0.0000000000
24329  -7.154  -62.655  0.103 0.0000000000
24330  -7.953  -62.282  -0.110 0.0000000000
24335  -14.948  -62.788  0.737 0.0000000000
24336  -15.864  -62.720  0.587 0.0000000000
24337  -16.769  -62.749  0.467 0.0000000000
24338  -17.731  -62.735  0.373 0.0000000000
24339  -18.761  -62.737  0.234 0.0000000000
24366  -20.029  -62.121  -0.167 0.0000000000
24367  -20.523  -61.864  -0.178 0.0000000000
25161  -2.872  -62.914  8.234 0.0000000000
25162  -3.155  -62.580  8.071 0.0000000000
25177  -2.934  -62.286  7.780 0.0000000000
25178  -3.445  -62.066  7.468 0.0000000000
25179  -4.020  -61.608  6.996 0.0000000000
25191  -2.843  -62.011  6.952 0.0000000000
25192  -4.653  -61.392  6.471 0.0000000000
25193  -5.070  -60.892  6.304 0.0000000000
25206  -2.889  -61.910  5.833 0.0000000000
25207  -3.184  -62.336  5.365 0.0000000000
25208  -4.902  -61.852  6.054 0.0000000000
25209  -5.431  -61.297  5.642 0.0000000000
25210  -6.031  -60.810  5.338 0.0000000000
25221  -3.348  -61.359  5.491 0.0000000000
25222  -3.670  -61.726  4.818 0.0000000000
25223  -4.022  -61.113  4.100 0.0000000000
25224  -5.804  -61.619  5.066 0.0000000000
25225  -6.347  -61.300  4.595 0.0000000000
25226  -7.046  -61.121  4.060 0.0000000000
25227  -9.774  -60.674  3.371 0.0000000000
25228  -10.290  -60.594  3.333 0.0000000000
25239  -3.869  -62.216  4.126 0.0000000000
25240  -4.139  -61.667  3.477 0.0000000000
25241  -6.607  -62.022  3.958 0.0000000000
25242  -7.254  -61.684  3.717 0.0000000000
25243  -8.325  -61.646  3.258 0.0000000000
25244  -9.388  -61.459  3.203 0.0000000000
25245  -10.477  -61.107  3.238 0.0000000000
25246  -11.593  -61.173  3.120 0.0000000000
25247  -12.424  -61.262  2.918 0.0000000000
25248  -12.889  -61.262  2.609 0.0000000000
25261  -4.713  -61.639  2.043 0.0000000000
25262  -5.198  -61.193  1.573 0.0000000000
25263  -13.157  -61.351  2.161 0.0000000000
25264  -13.578  -61.447  1.724 0.0000000000
25275  -4.891  -62.172  1.495 0.0000000000
25276  -5.441  -61.788  1.136 0.0000000000
25277  -6.369  -61.533  0.842 0.0000000000
25278  -6.899  -61.635  0.706 0.0000000000
25279  -14.312  -61.544  1.255 0.0000000000
25280  -14.806  -61.198  0.950 0.0000000000
25297  -6.065  -62.070  0.587 0.0000000000
25298  -6.697  -62.041  0.503 0.0000000000
25299  -7.418  -61.770  0.416 0.0000000000
25300  -8.262  -61.628  0.332 0.0000000000
25305  -14.634  -62.145  0.962 0.0000000000
25306  -15.262  -61.763  0.759 0.0000000000
25307  -16.225  -62.006  0.525 0.0000000000
25308  -17.044  -61.842  0.353 0.0000000000
25309  -18.079  -61.778  0.276 0.0000000000
25310  -19.166  -61.790  0.012 0.0000000000
25331  -19.902  -61.391  -0.254 0.0000000000
25332  -20.756  -61.165  -0.198 0.0000000000
25333  -21.463  -60.769  -0.151 0.0000000000
26146  -3.244  -61.729  7.160 0.0000000000
26147  -3.746  -61.097  6.762 0.0000000000
26148  -4.353  -60.660  6.737 0.0000000000
26166  -3.310  -61.219  6.701 0.0000000000
26167  -3.572  -60.297  6.404 0.0000000000
26168  -4.893  -60.510  6.638 0.0000000000
26169  -5.273  -60.404  6.242 0.0000000000
26184  -3.196  -61.034  6.168 0.0000000000
26185  -3.429  -60.233  5.911 0.0000000000
26186  -5.825  -60.217  5.743 0.0000000000
26187  -6.359  -60.371  5.199 0.0000000000
26202  -3.232  -61.214  5.760 0.0000000000
26203  -3.529  -60.670  5.415 0.0000000000
26204  -3.928  -60.538  4.474 0.0000000000
26205  -6.750  -60.411  4.784 0.0000000000
26206  -7.329  -60.560  4.259 0.0000000000
26207  -8.369  -60.218  3.984 0.0000000000
26208  -9.337  -60.022  3.655 0.0000000000
26209  -10.294  -60.049  3.342 0.0000000000
26210  -10.783  -59.764  3.262 0.0000000000
26228  -4.241  -60.591  3.656 0.0000000000
26229  -7.402  -61.093  3.964 0.0000000000
26230  -7.948  -61.034  3.856 0.0000000000
26231  -8.855  -60.838  3.552 0.0000000000
26232  -10.565  -60.500  3.314 0.0000000000
26233  -11.148  -60.212  3.234 0.0000000000
26234  -12.321  -60.359  2.938 0.0000000000
26235  -12.739  -60.888  2.800 0.0000000000
26254  -4.604  -60.669  2.816 0.0000000000
26255  -5.354  -60.578  2.024 0.0000000000
26256  -5.994  -60.320  2.066 0.0000000000
26257  -12.681  -60.029  2.570 0.0000000000
26258  -13.014  -60.568  2.269 0.0000000000
26259  -13.338  -61.004  1.940 0.0000000000
26274  -5.513  -61.051  1.497 0.0000000000
26275  -6.151  -60.793  1.483 0.0000000000
26276  -7.132  -61.180  1.091 0.0000000000
26277  -7.989  -60.626  1.307 0.0000000000
26278  -8.875  -60.325  1.430 0.0000000000
26279  -9.642  -60.172  1.442 0.0000000000
26280  -13.315  -60.360  1.832 0.0000000000
26281  -13.739  -60.662  1.637 0.0000000000
26282  -14.543  -60.713  1.136 0.0000000000
26297  -7.857  -61.203  0.709 0.0000000000
26298  -8.565  -61.070  0.911 0.0000000000
26299  -9.434  -60.900  1.113 0.0000000000
26303  -15.172  -60.795  0.793 0.0000000000
26304  -16.162  -60.982  0.569 0.0000000000
26305  -17.317  -60.840  0.358 0.0000000000
26306  -18.399  -60.772  0.215 0.0000000000
26307  -19.226  -60.931  -0.068 0.0000000000
26327  -18.900  -60.300  -0.080 0.0000000000
26328  -19.756  -60.404  -0.280 0.0000000000
26329  -20.791  -60.174  -0.340 0.0000000000
26330  -21.866  -60.028  -0.266 0.0000000000
26331  -22.531  -59.509  0.012 0.0000000000
27182  -4.239  -59.514  7.080 0.0000000000
27183  -4.303  -59.416  6.975 0.0000000000
27202  -4.132  -59.800  6.756 0.0000000000
27203  -4.747  -59.732  6.847 0.0000000000
27204  -5.020  -59.353  6.728 0.0000000000
27223  -3.810  -59.517  6.380 0.0000000000
27224  -5.103  -60.039  6.607 0.0000000000
27225  -5.327  -59.536  6.205 0.0000000000
27226  -5.683  -58.893  5.832 0.0000000000
27243  -3.664  -59.488  5.864 0.0000000000
27244  -3.979  -59.070  5.417 0.0000000000
27245  -5.823  -59.708  5.811 0.0000000000
27246  -6.315  -59.410  5.395 0.0000000000
27247  -7.350  -59.037  4.698 0.0000000000
27248  -8.076  -58.867  4.246 0.0000000000
27249  -8.454  -58.681  4.138 0.0000000000
27267  -3.599  -59.945  5.560 0.0000000000
27268  -3.929  -59.557  4.969 0.0000000000
27269  -6.661  -60.018  5.089 0.0000000000
27270  -7.048  -59.839  4.772 0.0000000000
27271  -7.832  -59.613  4.325 0.0000000000
27272  -8.785  -59.150  4.017 0.0000000000
27273  -9.902  -59.198  3.589 0.0000000000
27274  -10.527  -59.456  3.308 0.0000000000
27292  -4.312  -59.751  3.967 0.0000000000
27293  -4.839  -59.317  3.484 0.0000000000
27294  -5.423  -59.218  3.277 0.0000000000
27295  -10.545  -58.981  3.296 0.0000000000
27296  -11.074  -59.330  3.154 0.0000000000
27297  -11.810  -59.418  3.077 0.0000000000
27309  -4.544  -59.990  3.288 0.0000000000
27310  -5.098  -59.877  2.878 0.0000000000
27311  -5.993  -59.647  2.684 0.0000000000
27312  -6.877  -59.424  2.447 0.0000000000
27313  -7.584  -59.301  2.320 0.0000000000
27314  -12.501  -59.364  2.627 0.0000000000
27315  -12.850  -59.805  2.235 0.0000000000
27326  -6.445  -60.108  2.093 0.0000000000
27327  -7.212  -60.195  1.832 0.0000000000
27328  -8.309  -59.612  1.922 0.0000000000
27329  -9.296  -59.468  1.686 0.0000000000
27330  -10.127  -59.542  1.503 0.0000000000
27331  -12.945  -59.190  2.057 0.0000000000
27332  -13.423  -59.783  1.728 0.0000000000
27333  -14.320  -59.886  1.217 0.0000000000
27334  -14.829  -60.219  0.868 0.0000000000
27351  -14.819  -59.750  0.850 0.0000000000
27352  -15.436  -59.913  0.653 0.0000000000
27353  -16.545  -59.782  0.348 0.0000000000
27354  -17.601  -59.947  0.215 0.0000000000
27355  -18.325  -59.928  0.048 0.0000000000
27356  -23.140  -59.289  0.524 0.0000000000
27357  -23.738  -58.972  1.153 0.0000000000
27372  -17.103  -59.232  0.036 0.0000000000
27373  -17.843  -59.242  -0.092 0.0000000000
27374  -18.843  -59.440  -0.231 0.0000000000
27375  -19.925  -59.341  -0.406 0.0000000000
27376  -20.955  -59.206  -0.461 0.0000000000
27377  -21.878  -58.994  -0.332 0.0000000000
27378  -22.628  -58.730  0.027 0.0000000000
28180  -4.370  -59.199  7.054 0.0000000000
28181  -4.537  -59.335  6.965 0.0000000000
28200  -4.368  -59.251  6.835 0.0000000000
28201  -4.796  -59.129  6.772 0.0000000000
28202  -5.075  -59.150  6.575 0.0000000000
28218  -3.993  -59.074  6.522 0.0000000000
28219  -4.578  -58.753  6.270 0.0000000000
28220  -5.168  -58.696  6.191 0.0000000000
28221  -5.540  -58.353  5.654 0.0000000000
28232  -3.824  -59.145  6.192 0.0000000000
28233  -4.172  -58.767  5.787 0.0000000000
28234  -6.067  -58.342  5.343 0.0000000000
28235  -6.851  -58.282  4.858 0.0000000000
28236  -7.829  -58.198  4.364 0.0000000000
28237  -8.253  -58.484  4.179 0.0000000000
28252  -4.362  -58.685  4.969 0.0000000000
28253  -8.235  -57.835  4.147 0.0000000000
28254  -8.628  -58.190  4.104 0.0000000000
28255  -9.486  -58.364  3.852 0.0000000000
28270  -4.582  -58.741  4.126 0.0000000000
28271  -5.179  -58.510  3.548 0.0000000000
28272  -5.894  -58.559  3.351 0.0000000000
28273  -10.194  -58.407  3.408 0.0000000000
28274  -10.983  -58.522  2.880 0.0000000000
28275  -11.505  -58.938  3.006 0.0000000000
28287  -6.616  -58.567  2.981 0.0000000000
28288  -7.324  -58.517  2.651 0.0000000000
28289  -8.112  -58.530  2.407 0.0000000000
28290  -11.435  -58.128  2.671 0.0000000000
28291  -11.896  -58.458  2.763 0.0000000000
28306  -8.916  -58.524  1.937 0.0000000000
28307  -9.775  -58.625  1.592 0.0000000000
28308  -10.504  -58.822  1.402 0.0000000000
28309  -12.653  -58.355  2.116 0.0000000000
28310  -13.396  -58.662  1.588 0.0000000000
28311  -14.007  -59.152  1.322 0.0000000000
28326  -11.079  -58.541  0.942 0.0000000000
28328  -13.983  -58.511  1.098 0.0000000000
28329  -14.708  -58.985  0.765 0.0000000000
28330  -15.681  -58.944  0.285 0.0000000000
28331  -16.395  -58.749  -0.025 0.0000000000
28332  -23.332  -58.308  0.538 0.0000000000
28333  -24.126  -58.173  1.334 0.0000000000
28334  -24.454  -57.985  1.929 0.0000000000
28342  -17.120  -58.513  -0.318 0.0000000000
28343  -18.085  -58.437  -0.340 0.0000000000
28344  -19.115  -58.411  -0.371 0.0000000000
28345  -20.143  -58.339  -0.447 0.0000000000
28346  -21.128  -58.231  -0.444 0.0000000000
28347  -22.031  -58.102  -0.317 0.0000000000
28348  -22.702  -58.009  0.012 0.0000000000
29122  -5.009  -58.224  5.771 0.0000000000
29123  -5.348  -58.157  5.585 0.0000000000
29124  -5.757  -57.889  5.229 0.0000000000
29137  -4.740  -58.347  5.630 0.0000000000
29138  -6.391  -57.451  4.938 0.0000000000
29139  -7.335  -57.324  4.591 0.0000000000
29140  -7.941  -57.551  4.200 0.0000000000
29153  -4.811  -58.210  5.044 0.0000000000
29154  -7.897  -57.017  4.124 0.0000000000
29155  -8.498  -57.341  4.030 0.0000000000
29156  -9.241  -57.459  3.844 0.0000000000
29157  -9.808  -57.819  3.546 0.0000000000
29170  -4.887  -58.016  4.392 0.0000000000
29171  -5.076  -57.798  3.832 0.0000000000
29172  -5.660  -57.718  3.532 0.0000000000
29173  -9.672  -57.270  3.370 0.0000000000
29174  -10.301  -57.577  2.944 0.0000000000
29175  -11.049  -57.845  2.628 0.0000000000
29192  -6.244  -57.627  3.220 0.0000000000
29193  -6.956  -57.477  2.790 0.0000000000
29194  -7.705  -57.766  2.558 0.0000000000
29195  -10.923  -57.235  2.502 0.0000000000
29196  -11.577  -57.595  2.469 0.0000000000
29197  -12.158  -57.584  2.239 0.0000000000
29210  -7.564  -57.061  2.410 0.0000000000
29211  -8.365  -57.418  2.075 0.0000000000
29212  -9.303  -57.592  1.382 0.0000000000
29213  -10.274  -57.950  1.182 0.0000000000
29214  -12.584  -57.479  1.846 0.0000000000
29215  -13.038  -57.745  1.512 0.0000000000
29224  -9.806  -57.265  0.794 0.0000000000
29225  -10.583  -57.439  0.208 0.0000000000
29226  -11.339  -57.821  -0.323 0.0000000000
29227  -13.572  -57.924  1.140 0.0000000000
29228  -14.179  -57.838  0.637 0.0000000000
29229  -15.139  -57.928  0.013 0.0000000000
29230  -15.811  -58.353  -0.092 0.0000000000
29231  -23.071  -57.570  0.189 0.0000000000
29232  -23.721  -57.287  0.653 0.0000000000
29233  -24.409  -57.325  1.710 0.0000000000
29241  -10.985  -57.285  -0.548 0.0000000000
29244  -15.425  -57.361  -0.259 0.0000000000
29245  -16.111  -57.731  -0.386 0.0000000000
29246  -17.295  -57.563  -0.559 0.0000000000
29247  -18.359  -57.479  -0.503 0.0000000000
29248  -19.394  -57.426  -0.454 0.0000000000
29249  -20.405  -57.367  -0.443 0.0000000000
29250  -21.390  -57.294  -0.416 0.0000000000
29251  -22.373  -57.232  -0.160 0.0000000000
29252  -23.081  -56.939  0.117 0.0000000000
29259  -11.772  -57.009  -1.346 0.0000000000
30031  -5.268  -57.996  5.360 0.0000000000
30032  -5.564  -57.755  5.083 0.0000000000
30033  -5.956  -57.282  5.035 0.0000000000
30044  -5.238  -57.915  5.085 0.0000000000
30045  -5.797  -56.973  4.551 0.0000000000
30046  -6.241  -56.744  4.685 0.0000000000
30047  -6.821  -56.599  4.695 0.0000000000
30062  -5.258  -57.361  4.372 0.0000000000
30063  -5.800  -56.449  3.993 0.0000000000
30064  -7.459  -56.401  4.244 0.0000000000
30065  -8.393  -56.429  3.835 0.0000000000
30066  -8.910  -56.907  3.882 0.0000000000
30081  -5.029  -57.418  3.968 0.0000000000
30082  -5.735  -56.856  3.623 0.0000000000
30083  -5.985  -57.160  3.359 0.0000000000
30084  -8.772  -56.139  3.641 0.0000000000
30085  -9.262  -56.425  3.413 0.0000000000
30086  -9.840  -56.921  3.031 0.0000000000
30103  -5.981  -56.219  3.161 0.0000000000
30104  -6.257  -56.627  2.947 0.0000000000
30105  -6.982  -56.477  2.471 0.0000000000
30106  -9.614  -55.845  2.873 0.0000000000
30107  -10.341  -56.285  2.582 0.0000000000
30108  -11.393  -56.797  2.264 0.0000000000
30109  -11.921  -57.085  2.305 0.0000000000
30117  -7.784  -56.373  2.040 0.0000000000
30118  -8.632  -56.496  1.209 0.0000000000
30119  -9.310  -56.950  0.888 0.0000000000
30120  -10.692  -55.629  2.121 0.0000000000
30121  -11.200  -55.972  1.945 0.0000000000
30122  -12.223  -56.595  1.710 0.0000000000
30123  -12.759  -57.175  1.481 0.0000000000
30124  -25.852  -55.488  1.439 0.0000000000
30133  -8.796  -55.953  0.725 0.0000000000
30134  -9.587  -56.423  0.317 0.0000000000
30135  -10.203  -56.781  -0.026 0.0000000000
30136  -12.650  -56.166  1.068 0.0000000000
30137  -13.245  -56.864  0.883 0.0000000000
30138  -14.483  -56.808  0.072 0.0000000000
30139  -15.109  -57.169  -0.144 0.0000000000
30140  -24.144  -56.360  0.687 0.0000000000
30141  -24.371  -56.163  0.915 0.0000000000
30150  -9.921  -55.998  -0.280 0.0000000000
30151  -10.429  -56.581  -0.536 0.0000000000
30152  -11.038  -56.978  -0.855 0.0000000000
30153  -14.776  -56.217  -0.256 0.0000000000
30154  -15.389  -56.625  -0.393 0.0000000000
30155  -16.539  -56.606  -0.648 0.0000000000
30156  -17.646  -56.546  -0.701 0.0000000000
30157  -18.703  -56.498  -0.635 0.0000000000
30158  -19.727  -56.454  -0.517 0.0000000000
30159  -20.732  -56.410  -0.449 0.0000000000
30160  -21.719  -56.354  -0.326 0.0000000000
30161  -22.649  -56.273  -0.096 0.0000000000
30162  -23.496  -56.275  0.215 0.0000000000
30168  -10.578  -56.041  -1.079 0.0000000000
30169  -11.129  -56.472  -1.327 0.0000000000
30170  -11.816  -56.639  -1.616 0.0000000000
30178  -11.513  -56.113  -1.847 0.0000000000
30179  -12.202  -56.326  -2.067 0.0000000000
30180  -12.981  -56.402  -2.416 0.0000000000
30915  -5.982  -56.055  4.053 0.0000000000
30916  -6.253  -56.155  4.292 0.0000000000
30917  -6.491  -56.253  4.461 0.0000000000
30936  -5.976  -55.715  3.823 0.0000000000
30937  -6.142  -55.298  4.003 0.0000000000
30938  -6.777  -55.593  4.264 0.0000000000
30939  -7.683  -55.553  3.881 0.0000000000
30945  -24.679  -57.160  3.593 0.0000000000
30958  -5.943  -55.913  3.505 0.0000000000
30959  -6.008  -55.166  3.471 0.0000000000
30960  -8.534  -55.609  3.516 0.0000000000
30961  -9.163  -55.348  3.020 0.0000000000
30976  -5.921  -56.048  3.309 0.0000000000
30977  -6.142  -55.541  2.818 0.0000000000
30978  -6.522  -56.036  2.522 0.0000000000
30979  -9.810  -55.229  2.627 0.0000000000
30980  -10.367  -55.155  2.222 0.0000000000
30988  -6.539  -55.082  2.280 0.0000000000
30989  -6.950  -55.603  2.067 0.0000000000
30990  -7.808  -55.770  1.546 0.0000000000
30991  -10.879  -55.065  1.730 0.0000000000
30992  -11.680  -55.330  1.384 0.0000000000
30993  -12.319  -55.726  1.130 0.0000000000
30994  -26.251  -55.543  0.648 0.0000000000
30995  -26.633  -55.419  0.646 0.0000000000
31005  -8.264  -55.495  1.076 0.0000000000
31006  -8.822  -55.329  0.516 0.0000000000
31007  -12.172  -55.092  0.875 0.0000000000
31008  -12.827  -55.489  0.544 0.0000000000
31009  -13.708  -55.917  0.134 0.0000000000
31010  -14.374  -55.934  -0.171 0.0000000000
31011  -24.265  -55.758  0.652 0.0000000000
31012  -24.365  -55.344  0.573 0.0000000000
31013  -26.606  -55.104  0.387 0.0000000000
31022  -9.529  -55.347  -0.052 0.0000000000
31023  -10.195  -55.537  -0.721 0.0000000000
31024  -13.426  -55.103  0.009 0.0000000000
31025  -14.045  -55.240  -0.298 0.0000000000
31026  -14.876  -55.523  -0.509 0.0000000000
31027  -15.898  -55.583  -0.774 0.0000000000
31028  -16.989  -55.565  -0.815 0.0000000000
31029  -18.066  -55.555  -0.851 0.0000000000
31030  -19.106  -55.526  -0.715 0.0000000000
31031  -20.121  -55.491  -0.538 0.0000000000
31032  -21.130  -55.454  -0.402 0.0000000000
31033  -22.135  -55.416  -0.273 0.0000000000
31034  -23.130  -55.402  -0.129 0.0000000000
31035  -24.065  -55.380  0.217 0.0000000000
31036  -24.406  -54.940  0.386 0.0000000000
31043  -10.678  -55.491  -1.500 0.0000000000
31044  -11.110  -55.736  -1.839 0.0000000000
31055  -10.931  -55.201  -2.049 0.0000000000
31056  -11.523  -55.408  -2.261 0.0000000000
31057  -12.412  -55.424  -2.594 0.0000000000
31058  -13.213  -55.700  -2.765 0.0000000000
31059  -13.864  -55.746  -2.870 0.0000000000
31067  -12.808  -55.027  -2.930 0.0000000000
31068  -13.394  -55.077  -3.122 0.0000000000
31069  -14.373  -55.341  -3.150 0.0000000000
31878  -6.562  -54.608  3.841 0.0000000000
31879  -7.168  -54.519  3.773 0.0000000000
31880  -7.881  -54.846  3.529 0.0000000000
31889  -26.711  -55.488  2.858 0.0000000000
31898  -6.283  -54.555  3.501 0.0000000000
31899  -7.644  -54.153  3.226 0.0000000000
31900  -8.442  -54.478  3.046 0.0000000000
31901  -9.277  -54.404  2.637 0.0000000000
31915  -6.067  -54.546  2.971 0.0000000000
31916  -9.960  -54.350  2.268 0.0000000000
31917  -10.487  -54.362  1.842 0.0000000000
31922  -27.169  -55.228  1.556 0.0000000000
31929  -6.442  -54.638  2.478 0.0000000000
31930  -6.827  -54.653  1.925 0.0000000000
31931  -7.462  -55.040  1.440 0.0000000000
31932  -10.822  -54.386  1.585 0.0000000000
31933  -11.193  -54.419  1.338 0.0000000000
31934  -27.270  -54.885  0.438 0.0000000000
31945  -7.255  -54.278  1.437 0.0000000000
31946  -8.036  -54.444  1.002 0.0000000000
31947  -8.891  -54.223  0.303 0.0000000000
31948  -11.728  -54.423  0.881 0.0000000000
31949  -12.333  -54.479  0.460 0.0000000000
31950  -24.444  -54.679  0.485 0.0000000000
31951  -26.401  -54.376  0.176 0.0000000000
31960  -9.746  -54.480  -0.379 0.0000000000
31961  -10.398  -54.612  -1.079 0.0000000000
31962  -12.951  -54.479  0.052 0.0000000000
31963  -13.602  -54.413  -0.387 0.0000000000
31964  -14.400  -54.505  -0.689 0.0000000000
31965  -15.315  -54.571  -0.949 0.0000000000
31966  -16.374  -54.564  -1.052 0.0000000000
31967  -17.473  -54.580  -1.003 0.0000000000
31968  -18.536  -54.585  -0.925 0.0000000000
31969  -19.562  -54.562  -0.722 0.0000000000
31970  -20.584  -54.527  -0.521 0.0000000000
31971  -21.622  -54.505  -0.416 0.0000000000
31972  -22.664  -54.515  -0.375 0.0000000000
31973  -23.649  -54.536  -0.232 0.0000000000
31974  -24.338  -54.449  0.201 0.0000000000
31975  -24.539  -54.113  0.463 0.0000000000
31985  -10.716  -54.630  -1.835 0.0000000000
31998  -11.086  -54.559  -2.365 0.0000000000
31999  -11.897  -54.368  -2.735 0.0000000000
32000  -12.448  -54.735  -2.849 0.0000000000
32007  -12.158  -53.790  -3.117 0.0000000000
32008  -12.670  -54.228  -3.194 0.0000000000
32009  -13.652  -54.287  -3.376 0.0000000000
32010  -14.665  -54.386  -3.456 0.0000000000
32869  -6.648  -54.136  3.446 0.0000000000
32870  -6.865  -54.146  3.556 0.0000000000
32894  -6.494  -53.919  3.095 0.0000000000
32895  -7.126  -53.397  3.172 0.0000000000
32896  -7.937  -53.439  2.834 0.0000000000
32897  -8.726  -53.480  2.592 0.0000000000
32903  -27.546  -53.734  2.807 0.0000000000
32912  -6.537  -54.047  2.568 0.0000000000
32913  -6.950  -53.407  2.529 0.0000000000
32914  -9.467  -53.474  2.218 0.0000000000
32915  -10.154  -53.476  1.822 0.0000000000
32921  -27.683  -54.074  1.442 0.0000000000
32922  -27.529  -54.525  2.584 0.0000000000
32932  -6.653  -54.248  2.234 0.0000000000
32933  -6.964  -53.826  1.960 0.0000000000
32934  -10.767  -53.684  1.434 0.0000000000
32935  -11.267  -53.614  0.964 0.0000000000
32936  -27.180  -54.000  0.310 0.0000000000
32949  -7.452  -53.519  1.277 0.0000000000
32950  -8.108  -53.364  0.776 0.0000000000
32951  -8.692  -53.145  0.383 0.0000000000
32952  -11.899  -53.509  0.434 0.0000000000
32953  -12.515  -53.841  0.094 0.0000000000
32954  -26.750  -53.612  -0.104 0.0000000000
32962  -9.360  -53.418  -0.059 0.0000000000
32963  -10.070  -53.634  -0.652 0.0000000000
32964  -12.413  -53.167  -0.038 0.0000000000
32965  -13.008  -53.560  -0.406 0.0000000000
32966  -13.897  -53.543  -0.845 0.0000000000
32967  -14.734  -53.720  -1.078 0.0000000000
32968  -15.707  -53.456  -1.356 0.0000000000
32969  -16.922  -53.596  -1.292 0.0000000000
32970  -18.013  -53.642  -1.152 0.0000000000
32971  -19.052  -53.641  -0.973 0.0000000000
32972  -20.077  -53.605  -0.736 0.0000000000
32973  -21.136  -53.571  -0.582 0.0000000000
32974  -22.216  -53.600  -0.590 0.0000000000
32975  -23.243  -53.669  -0.481 0.0000000000
32976  -24.103  -53.752  -0.181 0.0000000000
32977  -24.611  -53.762  0.332 0.0000000000
32978  -24.685  -53.616  0.580 0.0000000000
32986  -10.641  -53.710  -1.399 0.0000000000
32987  -10.916  -53.331  -1.944 0.0000000000
32988  -14.333  -53.205  -1.178 0.0000000000
32989  -14.800  -53.000  -1.404 0.0000000000
32990  -15.353  -52.731  -1.540 0.0000000000
33005  -10.895  -53.988  -2.073 0.0000000000
33006  -11.250  -53.561  -2.508 0.0000000000
33014  -11.794  -53.368  -3.061 0.0000000000
33015  -12.279  -53.296  -3.477 0.0000000000
33016  -13.052  -53.294  -3.666 0.0000000000
33017  -13.963  -53.484  -3.736 0.0000000000
33027  -13.525  -52.837  -3.967 0.0000000000
33028  -14.164  -52.770  -4.133 0.0000000000
33975  -7.534  -52.597  2.588 0.0000000000
33976  -7.705  -52.643  2.660 0.0000000000
33977  -8.278  -52.581  2.525 0.0000000000
33999  -7.428  -52.682  2.390 0.0000000000
34000  -8.984  -52.558  2.229 0.0000000000
34001  -9.747  -52.502  1.903 0.0000000000
34008  -26.996  -53.353  2.047 0.0000000000
34022  -7.406  -52.839  1.817 0.0000000000
34023  -10.539  -52.423  1.357 0.0000000000
34024  -10.924  -53.068  1.098 0.0000000000
34025  -26.745  -53.429  0.781 0.0000000000
34038  -7.671  -52.583  1.142 0.0000000000
34039  -8.227  -52.377  0.666 0.0000000000
34040  -8.893  -52.400  0.144 0.0000000000
34041  -10.873  -51.996  1.003 0.0000000000
34042  -11.236  -52.519  0.740 0.0000000000
34043  -24.723  -53.106  0.745 0.0000000000
34053  -9.689  -52.596  -0.346 0.0000000000
34054  -10.369  -52.885  -0.807 0.0000000000
34055  -12.034  -52.442  0.200 0.0000000000
34056  -12.686  -52.455  -0.430 0.0000000000
34057  -13.314  -52.862  -0.837 0.0000000000
34058  -15.788  -52.743  -1.563 0.0000000000
34059  -16.439  -52.567  -1.587 0.0000000000
34060  -17.553  -52.707  -1.412 0.0000000000
34061  -18.577  -52.726  -1.191 0.0000000000
34062  -19.593  -52.714  -0.990 0.0000000000
34063  -20.665  -52.666  -0.873 0.0000000000
34064  -21.790  -52.670  -0.876 0.0000000000
34065  -22.892  -52.745  -0.752 0.0000000000
34066  -23.838  -52.923  -0.426 0.0000000000
34067  -24.419  -53.166  0.154 0.0000000000
34068  -24.702  -53.330  0.601 0.0000000000
34081  -10.734  -52.668  -1.387 0.0000000000
34082  -11.058  -52.595  -2.110 0.0000000000
34083  -13.187  -52.153  -0.957 0.0000000000
34084  -13.957  -52.508  -1.302 0.0000000000
34085  -14.836  -52.221  -1.594 0.0000000000
34086  -15.664  -52.166  -1.687 0.0000000000
34087  -16.156  -52.008  -1.741 0.0000000000
34101  -11.485  -52.582  -2.748 0.0000000000
34108  -11.923  -52.502  -3.335 0.0000000000
34109  -12.546  -52.391  -3.743 0.0000000000
34110  -13.094  -52.530  -3.952 0.0000000000
34119  -12.970  -51.980  -4.072 0.0000000000
34120  -13.561  -52.120  -4.245 0.0000000000
35030  -7.734  -52.276  2.491 0.0000000000
35031  -7.978  -51.846  2.334 0.0000000000
35032  -8.508  -51.756  2.184 0.0000000000
35056  -7.747  -52.108  2.274 0.0000000000
35057  -7.922  -51.353  1.994 0.0000000000
35058  -9.251  -51.592  2.029 0.0000000000
35059  -10.028  -51.532  1.680 0.0000000000
35066  -24.772  -52.499  2.541 0.0000000000
35082  -7.715  -51.903  1.823 0.0000000000
35083  -7.961  -50.925  1.563 0.0000000000
35084  -10.432  -51.523  1.380 0.0000000000
35085  -24.609  -51.855  1.749 0.0000000000
35086  -24.669  -52.401  1.533 0.0000000000
35098  -7.678  -52.176  1.486 0.0000000000
35099  -7.841  -51.491  1.103 0.0000000000
35100  -8.385  -51.446  0.434 0.0000000000
35101  -10.709  -51.519  1.159 0.0000000000
35102  -11.071  -51.516  0.844 0.0000000000
35103  -24.526  -52.277  0.871 0.0000000000
35104  -24.653  -52.729  0.969 0.0000000000
35114  -9.137  -51.502  -0.126 0.0000000000
35115  -10.159  -51.762  -0.679 0.0000000000
35116  -11.593  -51.516  0.427 0.0000000000
35117  -12.254  -51.503  -0.063 0.0000000000
35118  -16.526  -51.838  -1.764 0.0000000000
35119  -17.195  -51.902  -1.671 0.0000000000
35120  -18.170  -51.762  -1.399 0.0000000000
35121  -19.114  -51.884  -1.155 0.0000000000
35122  -20.137  -51.768  -0.992 0.0000000000
35123  -21.317  -51.726  -1.149 0.0000000000
35124  -22.550  -51.742  -1.075 0.0000000000
35125  -23.622  -51.936  -0.664 0.0000000000
35126  -24.382  -52.338  0.008 0.0000000000
35127  -24.651  -52.856  0.618 0.0000000000
35141  -10.796  -51.671  -1.492 0.0000000000
35142  -11.224  -51.664  -2.257 0.0000000000
35143  -12.802  -51.433  -0.646 0.0000000000
35144  -13.420  -51.417  -1.200 0.0000000000
35145  -14.209  -51.426  -1.631 0.0000000000
35146  -15.090  -51.409  -1.890 0.0000000000
35147  -16.004  -51.412  -1.906 0.0000000000
35148  -16.836  -51.244  -1.868 0.0000000000
35149  -17.577  -51.207  -1.622 0.0000000000
35157  -11.627  -51.629  -2.939 0.0000000000
35165  -12.137  -51.551  -3.460 0.0000000000
35166  -12.667  -51.409  -3.884 0.0000000000
35175  -13.213  -51.306  -4.269 0.0000000000
35176  -13.890  -51.268  -4.582 0.0000000000
36102  -8.108  -51.124  2.057 0.0000000000
36103  -8.230  -51.343  2.110 0.0000000000
36121  -8.100  -50.549  1.717 0.0000000000
36122  -8.596  -50.772  1.949 0.0000000000
36123  -9.537  -50.622  1.723 0.0000000000
36127  -24.099  -50.153  2.076 0.0000000000
36128  -24.507  -51.077  2.486 0.0000000000
36137  -8.053  -50.340  1.451 0.0000000000
36138  -10.439  -50.636  1.322 0.0000000000
36139  -10.772  -49.977  1.078 0.0000000000
36140  -24.085  -50.161  1.214 0.0000000000
36141  -24.347  -50.817  1.403 0.0000000000
36149  -7.974  -50.343  1.103 0.0000000000
36150  -8.105  -50.694  0.720 0.0000000000
36151  -10.857  -51.042  1.028 0.0000000000
36152  -11.156  -50.513  0.758 0.0000000000
36153  -23.830  -50.218  -0.427 0.0000000000
36154  -24.139  -50.297  0.231 0.0000000000
36155  -24.402  -51.418  0.728 0.0000000000
36167  -8.126  -50.115  0.670 0.0000000000
36168  -8.486  -50.433  0.236 0.0000000000
36169  -9.397  -50.493  -0.322 0.0000000000
36170  -11.854  -50.603  0.185 0.0000000000
36171  -12.376  -50.579  -0.290 0.0000000000
36172  -18.779  -51.311  -1.247 0.0000000000
36173  -19.465  -51.024  -1.091 0.0000000000
36174  -20.725  -50.721  -1.329 0.0000000000
36175  -22.091  -50.776  -1.394 0.0000000000
36176  -23.406  -50.583  -0.804 0.0000000000
36177  -24.200  -51.370  -0.142 0.0000000000
36178  -24.441  -51.846  0.352 0.0000000000
36192  -10.296  -50.616  -0.960 0.0000000000
36193  -10.952  -50.707  -1.664 0.0000000000
36194  -12.939  -50.459  -0.847 0.0000000000
36195  -13.621  -50.441  -1.494 0.0000000000
36196  -14.482  -50.445  -1.993 0.0000000000
36197  -15.416  -50.629  -2.157 0.0000000000
36198  -16.352  -50.500  -2.129 0.0000000000
36199  -17.302  -50.550  -1.877 0.0000000000
36200  -18.422  -50.600  -1.479 0.0000000000
36201  -19.722  -50.068  -1.444 0.0000000000
36202  -20.740  -49.800  -1.604 0.0000000000
36210  -11.405  -50.714  -2.357 0.0000000000
36211  -14.964  -49.988  -2.292 0.0000000000
36212  -15.632  -49.892  -2.345 0.0000000000
36213  -16.306  -49.768  -2.317 0.0000000000
36220  -11.804  -50.628  -3.016 0.0000000000
36221  -12.337  -50.548  -3.556 0.0000000000
36230  -12.881  -50.470  -4.064 0.0000000000
36231  -13.512  -50.407  -4.518 0.0000000000
37007  -8.448  -49.981  1.542 0.0000000000
37008  -9.066  -49.720  1.510 0.0000000000
37009  -9.783  -49.701  1.445 0.0000000000
37013  -22.027  -48.720  3.254 0.0000000000
37015  -23.429  -49.410  2.683 0.0000000000
37019  -8.202  -49.824  1.282 0.0000000000
37020  -8.667  -49.355  1.239 0.0000000000
37021  -10.418  -49.457  1.222 0.0000000000
37022  -11.008  -49.386  0.895 0.0000000000
37023  -23.696  -49.518  1.189 0.0000000000
37035  -8.190  -49.669  0.797 0.0000000000
37036  -8.473  -49.088  0.919 0.0000000000
37037  -11.653  -49.500  0.308 0.0000000000
37038  -11.934  -48.967  0.094 0.0000000000
37039  -23.739  -49.825  -0.488 0.0000000000
37040  -23.798  -49.326  0.007 0.0000000000
37054  -8.312  -49.833  0.517 0.0000000000
37055  -8.783  -49.403  0.272 0.0000000000
37056  -9.771  -49.498  -0.503 0.0000000000
37057  -12.041  -50.029  -0.050 0.0000000000
37058  -12.336  -49.449  -0.311 0.0000000000
37059  -21.678  -49.916  -1.598 0.0000000000
37060  -22.680  -49.837  -1.391 0.0000000000
37061  -23.392  -49.358  -1.053 0.0000000000
37062  -23.675  -49.284  -0.600 0.0000000000
37073  -10.513  -49.687  -1.260 0.0000000000
37074  -11.066  -49.918  -1.859 0.0000000000
37075  -13.052  -49.421  -1.141 0.0000000000
37076  -13.826  -49.411  -1.881 0.0000000000
37077  -14.465  -49.658  -2.188 0.0000000000
37078  -16.899  -49.976  -2.167 0.0000000000
37079  -17.681  -49.772  -1.991 0.0000000000
37080  -18.860  -49.292  -1.936 0.0000000000
37081  -20.214  -49.205  -1.904 0.0000000000
37082  -21.383  -49.177  -1.942 0.0000000000
37083  -22.388  -49.183  -1.702 0.0000000000
37084  -22.937  -49.224  -1.429 0.0000000000
37093  -11.484  -49.677  -2.374 0.0000000000
37094  -14.294  -49.156  -2.195 0.0000000000
37095  -14.894  -49.228  -2.397 0.0000000000
37096  -15.814  -49.204  -2.562 0.0000000000
37097  -16.829  -49.271  -2.439 0.0000000000
37098  -17.832  -49.024  -2.371 0.0000000000
37099  -18.521  -48.764  -2.387 0.0000000000
37108  -12.019  -49.543  -3.023 0.0000000000
37109  -12.550  -49.500  -3.670 0.0000000000
37116  -13.122  -49.469  -4.256 0.0000000000
37855  -9.196  -49.349  1.367 0.0000000000
37856  -9.436  -49.285  1.334 0.0000000000
37860  -20.775  -48.155  3.175 0.0000000000
37861  -21.489  -48.333  3.052 0.0000000000
37862  -22.250  -48.362  2.638 0.0000000000
37863  -22.834  -48.707  2.452 0.0000000000
37869  -9.144  -49.137  1.263 0.0000000000
37870  -9.750  -48.786  1.139 0.0000000000
37871  -10.604  -48.570  0.974 0.0000000000
37872  -22.599  -48.301  1.927 0.0000000000
37873  -23.119  -48.768  1.654 0.0000000000
37883  -8.978  -48.683  1.054 0.0000000000
37884  -9.565  -48.421  0.524 0.0000000000
37885  -11.228  -48.501  0.616 0.0000000000
37886  -11.657  -48.657  0.272 0.0000000000
37887  -22.773  -48.238  1.154 0.0000000000
37888  -23.296  -48.610  0.491 0.0000000000
37896  -8.983  -48.698  0.569 0.0000000000
37897  -9.522  -48.492  -0.077 0.0000000000
37898  -11.495  -48.099  0.318 0.0000000000
37899  -11.926  -48.327  -0.067 0.0000000000
37900  -23.440  -48.854  -1.086 0.0000000000
37901  -23.555  -48.691  -0.643 0.0000000000
37904  -10.219  -48.693  -0.839 0.0000000000
37905  -10.878  -48.865  -1.643 0.0000000000
37906  -12.562  -48.376  -0.686 0.0000000000
37907  -13.199  -48.362  -1.464 0.0000000000
37908  -18.991  -48.726  -2.321 0.0000000000
37909  -19.695  -48.505  -2.394 0.0000000000
37910  -20.969  -48.471  -2.375 0.0000000000
37911  -22.217  -48.369  -2.081 0.0000000000
37912  -23.159  -48.553  -1.367 0.0000000000
37913  -23.532  -48.245  -1.015 0.0000000000
37920  -11.452  -48.408  -2.420 0.0000000000
37921  -14.105  -48.284  -2.152 0.0000000000
37922  -15.143  -48.343  -2.621 0.0000000000
37923  -16.133  -48.480  -2.849 0.0000000000
37924  -17.111  -48.476  -2.755 0.0000000000
37925  -18.026  -48.408  -2.766 0.0000000000
37926  -18.960  -48.324  -2.719 0.0000000000
37927  -19.503  -48.112  -2.707 0.0000000000
37935  -12.062  -48.438  -3.260 0.0000000000
37936  -12.619  -48.457  -3.938 0.0000000000
38708  -19.887  -47.754  3.128 0.0000000000
38709  -20.421  -47.907  3.130 0.0000000000
38716  -19.752  -47.129  2.592 0.0000000000
38717  -20.778  -47.388  2.419 0.0000000000
38718  -21.849  -47.778  2.220 0.0000000000
38719  -22.290  -48.013  2.104 0.0000000000
38731  -10.272  -47.975  0.575 0.0000000000
38732  -10.850  -47.890  0.636 0.0000000000
38733  -21.056  -46.893  1.586 0.0000000000
38734  -21.759  -47.139  1.307 0.0000000000
38735  -22.336  -47.828  1.504 0.0000000000
38747  -10.017  -47.906  0.004 0.0000000000
38748  -11.165  -47.741  0.465 0.0000000000
38749  -22.190  -46.929  0.594 0.0000000000
38750  -22.791  -47.535  0.310 0.0000000000
38751  -23.368  -48.172  -0.110 0.0000000000
38758  -10.261  -47.954  -0.509 0.0000000000
38759  -11.464  -47.515  0.088 0.0000000000
38760  -11.999  -47.418  -0.430 0.0000000000
38761  -23.317  -47.317  -0.771 0.0000000000
38762  -23.440  -47.941  -0.590 0.0000000000
38768  -10.526  -48.092  -1.128 0.0000000000
38769  -10.963  -47.771  -1.574 0.0000000000
38770  -12.695  -47.375  -0.965 0.0000000000
38771  -13.359  -47.301  -1.587 0.0000000000
38772  -19.793  -48.008  -2.682 0.0000000000
38773  -20.441  -47.846  -2.685 0.0000000000
38774  -21.763  -47.423  -2.553 0.0000000000
38775  -23.025  -47.260  -1.691 0.0000000000
38776  -23.407  -47.842  -1.147 0.0000000000
38779  -11.261  -47.284  -2.098 0.0000000000
38780  -13.936  -47.108  -2.059 0.0000000000
38781  -14.635  -47.310  -2.527 0.0000000000
38782  -15.572  -47.444  -2.965 0.0000000000
38783  -16.503  -47.758  -3.097 0.0000000000
38784  -17.426  -47.823  -3.148 0.0000000000
38785  -18.419  -47.784  -3.177 0.0000000000
38786  -19.610  -47.547  -3.064 0.0000000000
38787  -20.866  -47.060  -3.019 0.0000000000
38788  -21.685  -46.578  -2.803 0.0000000000
38791  -11.560  -47.366  -2.864 0.0000000000
38792  -12.089  -47.410  -3.585 0.0000000000
38793  -16.114  -47.055  -3.309 0.0000000000
38794  -16.829  -47.139  -3.515 0.0000000000
38795  -17.809  -47.182  -3.537 0.0000000000
38796  -18.764  -47.088  -3.522 0.0000000000
38797  -19.533  -46.794  -3.551 0.0000000000
39639  -19.613  -46.566  2.161 0.0000000000
39640  -20.163  -46.840  2.168 0.0000000000
39651  -10.764  -47.557  0.475 0.0000000000
39652  -11.002  -47.569  0.522 0.0000000000
39654  -19.392  -46.061  1.688 0.0000000000
39655  -20.457  -46.428  1.374 0.0000000000
39656  -21.220  -46.707  1.175 0.0000000000
39664  -10.584  -47.343  0.131 0.0000000000
39665  -11.018  -47.325  0.282 0.0000000000
39666  -20.834  -46.048  0.613 0.0000000000
39667  -21.633  -46.373  0.425 0.0000000000
39668  -22.407  -46.782  0.208 0.0000000000
39674  -10.667  -47.348  -0.475 0.0000000000
39675  -11.235  -46.661  -0.486 0.0000000000
39676  -12.117  -46.522  -0.768 0.0000000000
39677  -22.121  -45.932  -0.291 0.0000000000
39678  -22.788  -46.422  -0.574 0.0000000000
39684  -10.713  -47.530  -0.941 0.0000000000
39685  -11.022  -46.681  -1.340 0.0000000000
39686  -12.916  -46.418  -1.078 0.0000000000
39687  -13.544  -46.340  -1.669 0.0000000000
39688  -22.457  -46.196  -2.310 0.0000000000
39689  -22.978  -46.278  -1.543 0.0000000000
39693  -11.305  -46.376  -2.368 0.0000000000
39694  -14.178  -46.321  -2.301 0.0000000000
39695  -15.001  -46.319  -3.121 0.0000000000
39696  -15.655  -46.785  -3.331 0.0000000000
39697  -20.304  -46.626  -3.378 0.0000000000
39698  -21.234  -46.105  -3.154 0.0000000000
39699  -21.852  -46.057  -2.785 0.0000000000
39704  -15.242  -45.757  -3.698 0.0000000000
39705  -16.005  -46.282  -4.014 0.0000000000
39706  -17.276  -46.629  -4.093 0.0000000000
39707  -18.255  -46.611  -3.959 0.0000000000
39708  -19.088  -46.499  -3.899 0.0000000000
39709  -19.939  -46.033  -3.804 0.0000000000
39710  -20.611  -46.034  -3.432 0.0000000000
39715  -16.420  -45.715  -4.607 0.0000000000
39716  -16.983  -45.946  -4.613 0.0000000000
39717  -17.939  -46.104  -4.573 0.0000000000
39718  -18.788  -46.110  -4.340 0.0000000000
39719  -19.313  -46.090  -4.122 0.0000000000
40571  -19.707  -45.765  1.099 0.0000000000
40579  -19.277  -45.354  0.589 0.0000000000
40580  -20.267  -45.596  0.445 0.0000000000
40581  -21.013  -45.764  0.221 0.0000000000
40586  -11.305  -45.768  -0.828 0.0000000000
40587  -11.667  -45.845  -0.866 0.0000000000
40588  -20.777  -45.336  -0.138 0.0000000000
40589  -21.538  -45.486  -0.303 0.0000000000
40590  -22.326  -45.529  -0.708 0.0000000000
40594  -11.052  -45.611  -1.132 0.0000000000
40595  -12.283  -45.736  -1.082 0.0000000000
40596  -13.017  -45.513  -1.361 0.0000000000
40597  -22.417  -45.319  -2.123 0.0000000000
40598  -22.595  -45.510  -1.404 0.0000000000
40601  -11.227  -45.496  -2.004 0.0000000000
40602  -13.682  -45.476  -1.957 0.0000000000
40603  -14.279  -45.388  -2.621 0.0000000000
40604  -21.425  -45.617  -3.178 0.0000000000
40605  -21.840  -45.364  -2.789 0.0000000000
40610  -14.774  -45.093  -3.417 0.0000000000
40611  -15.366  -45.218  -4.152 0.0000000000
40612  -20.163  -45.091  -4.055 0.0000000000
40613  -21.008  -45.347  -3.448 0.0000000000
40614  -21.570  -44.886  -3.166 0.0000000000
40619  -16.000  -45.279  -4.767 0.0000000000
40620  -16.797  -45.212  -4.946 0.0000000000
40621  -17.695  -45.342  -5.050 0.0000000000
40622  -18.680  -45.389  -4.778 0.0000000000
40623  -19.417  -45.555  -4.306 0.0000000000
41454  -19.703  -44.997  -0.111 0.0000000000
41455  -20.362  -45.148  -0.169 0.0000000000
41460  -11.500  -45.291  -1.123 0.0000000000
41461  -11.882  -45.455  -1.168 0.0000000000
41463  -19.376  -44.263  -0.456 0.0000000000
41464  -20.742  -44.515  -0.738 0.0000000000
41465  -22.020  -44.863  -0.800 0.0000000000
41466  -22.428  -45.183  -0.994 0.0000000000
41471  -11.418  -44.616  -1.795 0.0000000000
41472  -12.140  -44.876  -1.559 0.0000000000
41473  -13.097  -44.666  -1.871 0.0000000000
41474  -21.135  -43.949  -1.470 0.0000000000
41475  -21.934  -44.514  -1.739 0.0000000000
41476  -22.296  -45.015  -1.218 0.0000000000
41479  -13.754  -44.733  -2.302 0.0000000000
41480  -14.187  -44.418  -2.828 0.0000000000
41481  -21.682  -44.433  -2.796 0.0000000000
41485  -14.533  -44.136  -3.421 0.0000000000
41486  -14.998  -44.291  -4.015 0.0000000000
41487  -20.237  -44.529  -4.187 0.0000000000
41488  -20.722  -44.502  -3.847 0.0000000000
41489  -21.339  -44.429  -3.400 0.0000000000
41494  -15.596  -44.361  -4.707 0.0000000000
41495  -16.454  -44.318  -5.230 0.0000000000
41496  -17.389  -44.526  -5.324 0.0000000000
41497  -18.481  -44.391  -5.241 0.0000000000
41498  -19.620  -44.473  -4.577 0.0000000000
41502  -17.174  -43.846  -5.539 0.0000000000
41503  -17.902  -43.789  -5.546 0.0000000000
41504  -18.573  -43.557  -5.470 0.0000000000
42360  -19.795  -43.661  -0.839 0.0000000000
42369  -19.248  -43.018  -1.151 0.0000000000
42370  -20.481  -43.129  -1.510 0.0000000000
42371  -21.301  -43.641  -1.863 0.0000000000
42376  -21.162  -43.122  -2.178 0.0000000000
42377  -21.464  -43.686  -2.509 0.0000000000
42382  -20.441  -44.007  -4.211 0.0000000000
42383  -21.071  -43.602  -3.717 0.0000000000
42384  -21.486  -43.861  -3.124 0.0000000000
42389  -15.899  -43.412  -5.190 0.0000000000
42390  -16.724  -43.291  -5.618 0.0000000000
42391  -19.376  -43.307  -5.211 0.0000000000
42392  -20.212  -43.447  -4.583 0.0000000000
42393  -20.643  -43.458  -4.197 0.0000000000
42397  -17.553  -43.161  -5.822 0.0000000000
42398  -18.330  -43.094  -5.723 0.0000000000
42399  -18.819  -43.110  -5.527 0.0000000000
43328  -19.394  -42.279  -1.657 0.0000000000
43329  -20.130  -42.188  -1.992 0.0000000000
43336  -20.755  -42.476  -2.456 0.0000000000
43337  -21.334  -42.965  -2.716 0.0000000000
43345  -21.080  -42.628  -3.340 0.0000000000
43346  -21.440  -43.292  -3.107 0.0000000000
43355  -19.754  -42.268  -5.221 0.0000000000
43356  -20.223  -42.599  -4.807 0.0000000000
43357  -20.729  -42.817  -4.196 0.0000000000
43363  -17.193  -42.365  -5.956 0.0000000000
43364  -18.113  -42.315  -5.870 0.0000000000
43365  -18.976  -42.422  -5.550 0.0000000000
44312  -19.527  -41.611  -2.197 0.0000000000
44313  -20.201  -41.767  -2.478 0.0000000000
44318  -18.998  -41.040  -2.463 0.0000000000
44319  -19.771  -41.116  -2.886 0.0000000000
44320  -20.519  -41.811  -3.121 0.0000000000
44326  -20.230  -41.209  -3.734 0.0000000000
44327  -20.690  -41.964  -3.936 0.0000000000
44334  -19.529  -41.474  -5.237 0.0000000000
44335  -20.197  -41.612  -4.638 0.0000000000
44336  -20.499  -42.221  -4.412 0.0000000000
44344  -18.741  -41.379  -5.662 0.0000000000
45414  -19.603  -40.659  -3.572 0.0000000000
45420  -19.213  -40.106  -3.982 0.0000000000
45421  -19.804  -40.753  -4.309 0.0000000000
45428  -19.291  -40.372  -5.057 0.0000000000
45429  -19.750  -41.020  -4.821 0.0000000000
129857  -3.641  -64.720  7.904 0.0000000000
129859  -3.348  -65.085  8.725 0.0000000000
129861  -3.261  -64.513  8.711 0.0000000000
129862  -3.370  -64.364  8.413 0.0000000000
129863  -3.532  -64.132  8.035 0.0000000000
129867  -24.535  -57.674  2.634 0.0000000000
129869  -26.576  -55.857  1.993 0.0000000000
129870  -24.475  -57.740  2.172 0.0000000000
