#!ascii label  , from subject FREESURFER vox2ras=TkReg 
1561
758  -27.107  -93.645  -15.030 0.0000000000
759  -27.407  -93.586  -14.732 0.0000000000
760  -27.672  -93.550  -14.487 0.0000000000
761  -27.342  -93.564  -15.279 0.0000000000
762  -27.572  -93.574  -15.042 0.0000000000
763  -27.771  -93.541  -14.695 0.0000000000
1041  -27.123  -93.462  -13.943 0.0000000000
1042  -27.674  -93.473  -13.848 0.0000000000
1044  -26.855  -93.582  -14.773 0.0000000000
1045  -27.462  -93.540  -14.323 0.0000000000
1046  -27.968  -93.471  -14.253 0.0000000000
1047  -26.297  -93.486  -15.715 0.0000000000
1048  -27.086  -93.551  -15.549 0.0000000000
1049  -27.610  -93.463  -15.461 0.0000000000
1050  -28.117  -93.394  -14.997 0.0000000000
1051  -26.384  -93.149  -16.317 0.0000000000
1052  -26.926  -93.267  -16.438 0.0000000000
1053  -27.511  -93.350  -16.029 0.0000000000
1054  -28.030  -93.177  -15.862 0.0000000000
1055  -27.270  -93.082  -16.929 0.0000000000
1056  -27.568  -93.128  -16.550 0.0000000000
1057  -27.802  -93.121  -16.218 0.0000000000
1325  -27.993  -92.954  -12.795 0.0000000000
1326  -28.364  -92.723  -13.133 0.0000000000
1330  -27.525  -93.245  -13.353 0.0000000000
1331  -28.146  -93.225  -13.559 0.0000000000
1332  -28.531  -92.721  -13.746 0.0000000000
1335  -28.376  -93.107  -14.275 0.0000000000
1336  -28.712  -92.597  -14.447 0.0000000000
1339  -28.541  -92.913  -14.852 0.0000000000
1340  -28.857  -92.430  -15.110 0.0000000000
1342  -25.903  -92.768  -16.323 0.0000000000
1343  -26.410  -93.021  -16.834 0.0000000000
1344  -28.439  -92.827  -15.506 0.0000000000
1345  -28.848  -92.177  -15.921 0.0000000000
1346  -26.340  -92.447  -17.133 0.0000000000
1347  -26.950  -92.752  -17.425 0.0000000000
1348  -27.631  -92.804  -17.066 0.0000000000
1349  -28.160  -92.705  -16.425 0.0000000000
1350  -28.585  -92.106  -16.586 0.0000000000
1351  -27.241  -92.447  -17.995 0.0000000000
1352  -27.624  -92.486  -17.665 0.0000000000
1353  -28.093  -92.367  -17.200 0.0000000000
1354  -28.347  -92.244  -16.862 0.0000000000
1655  -28.040  -92.022  -12.302 0.0000000000
1656  -28.165  -91.812  -12.324 0.0000000000
1664  -27.674  -92.293  -12.477 0.0000000000
1665  -28.265  -92.140  -12.629 0.0000000000
1666  -28.552  -92.194  -13.288 0.0000000000
1674  -28.829  -92.141  -14.061 0.0000000000
1680  -29.064  -92.137  -14.721 0.0000000000
1685  -29.265  -91.785  -15.365 0.0000000000
1686  -29.282  -91.406  -15.526 0.0000000000
1688  -25.933  -91.906  -16.828 0.0000000000
1689  -29.252  -91.513  -16.024 0.0000000000
1690  -29.308  -91.317  -15.742 0.0000000000
1691  -26.091  -91.939  -17.786 0.0000000000
1692  -26.629  -92.233  -17.603 0.0000000000
1693  -29.014  -91.614  -16.543 0.0000000000
1694  -26.445  -91.619  -18.186 0.0000000000
1695  -26.843  -91.955  -18.256 0.0000000000
1696  -27.582  -92.099  -18.230 0.0000000000
1697  -28.103  -91.995  -17.794 0.0000000000
1698  -28.630  -91.755  -17.219 0.0000000000
1699  -27.078  -91.615  -18.863 0.0000000000
1700  -27.502  -91.601  -18.658 0.0000000000
1701  -28.041  -91.468  -18.287 0.0000000000
1702  -28.509  -91.464  -17.892 0.0000000000
2069  -27.790  -91.452  -12.049 0.0000000000
2070  -28.303  -91.449  -12.424 0.0000000000
2071  -28.485  -91.141  -12.624 0.0000000000
2086  -28.328  -91.779  -12.588 0.0000000000
2087  -28.482  -91.593  -12.811 0.0000000000
2099  -28.787  -91.484  -13.597 0.0000000000
2110  -29.142  -91.430  -14.686 0.0000000000
2111  -29.341  -90.991  -15.272 0.0000000000
2121  -29.308  -91.354  -15.320 0.0000000000
2122  -29.391  -90.892  -15.747 0.0000000000
2130  -25.692  -91.400  -16.550 0.0000000000
2131  -29.363  -91.184  -16.519 0.0000000000
2132  -29.470  -90.905  -16.273 0.0000000000
2135  -25.264  -90.702  -17.182 0.0000000000
2136  -25.743  -91.052  -17.208 0.0000000000
2137  -29.427  -91.013  -17.131 0.0000000000
2138  -29.547  -90.902  -16.757 0.0000000000
2139  -26.059  -91.156  -18.290 0.0000000000
2140  -26.592  -91.405  -18.357 0.0000000000
2141  -29.005  -91.136  -17.709 0.0000000000
2142  -26.016  -91.002  -18.977 0.0000000000
2143  -26.657  -91.172  -18.855 0.0000000000
2144  -27.307  -91.169  -18.981 0.0000000000
2145  -27.848  -90.777  -18.641 0.0000000000
2146  -28.690  -90.708  -18.180 0.0000000000
2147  -26.653  -90.555  -19.184 0.0000000000
2148  -27.221  -90.471  -19.043 0.0000000000
2149  -27.803  -90.090  -18.731 0.0000000000
2150  -26.753  -90.141  -19.192 0.0000000000
2151  -26.990  -89.909  -19.048 0.0000000000
2586  -26.528  -89.894  -10.908 0.0000000000
2587  -26.807  -89.912  -10.917 0.0000000000
2604  -27.329  -90.304  -11.390 0.0000000000
2605  -28.235  -90.464  -12.010 0.0000000000
2606  -28.458  -90.926  -12.453 0.0000000000
2614  -28.582  -89.887  -12.407 0.0000000000
2615  -28.669  -90.641  -12.859 0.0000000000
2622  -29.034  -90.581  -14.004 0.0000000000
2630  -29.323  -90.462  -15.035 0.0000000000
2631  -29.443  -90.561  -15.568 0.0000000000
2640  -29.522  -90.075  -15.673 0.0000000000
2641  -29.618  -90.095  -16.000 0.0000000000
2650  -24.524  -90.290  -16.618 0.0000000000
2651  -29.678  -90.352  -16.343 0.0000000000
2658  -24.221  -89.989  -17.093 0.0000000000
2659  -24.899  -90.238  -17.372 0.0000000000
2660  -25.520  -90.452  -17.330 0.0000000000
2661  -29.765  -90.381  -17.388 0.0000000000
2662  -29.904  -90.313  -16.952 0.0000000000
2665  -24.993  -90.041  -18.379 0.0000000000
2666  -25.645  -90.384  -17.811 0.0000000000
2667  -29.536  -90.391  -17.809 0.0000000000
2668  -30.174  -89.951  -17.686 0.0000000000
2669  -25.008  -90.003  -19.016 0.0000000000
2670  -25.701  -90.257  -18.904 0.0000000000
2671  -26.266  -90.642  -19.122 0.0000000000
2672  -28.565  -89.853  -18.571 0.0000000000
2673  -29.453  -89.812  -18.333 0.0000000000
2674  -30.065  -89.748  -18.163 0.0000000000
2675  -25.972  -89.693  -19.424 0.0000000000
2676  -26.290  -90.158  -19.268 0.0000000000
2677  -27.464  -89.742  -18.862 0.0000000000
2678  -28.087  -89.606  -18.751 0.0000000000
2679  -26.070  -89.340  -19.256 0.0000000000
2680  -26.490  -89.628  -19.126 0.0000000000
2681  -26.962  -89.563  -18.869 0.0000000000
3079  -32.726  -89.460  -8.953 0.0000000000
3088  -32.276  -89.255  -9.554 0.0000000000
3089  -33.065  -89.325  -9.955 0.0000000000
3102  -26.321  -89.528  -10.641 0.0000000000
3103  -27.106  -89.442  -10.683 0.0000000000
3104  -32.858  -89.059  -10.665 0.0000000000
3105  -33.431  -89.162  -10.786 0.0000000000
3106  -33.870  -89.169  -10.917 0.0000000000
3119  -26.370  -89.891  -10.928 0.0000000000
3120  -27.834  -89.441  -11.213 0.0000000000
3121  -28.409  -89.299  -11.869 0.0000000000
3122  -33.346  -89.076  -11.306 0.0000000000
3123  -33.715  -89.169  -11.329 0.0000000000
3124  -34.027  -89.124  -11.211 0.0000000000
3134  -28.785  -89.096  -12.652 0.0000000000
3135  -28.773  -89.814  -12.799 0.0000000000
3143  -29.009  -88.989  -13.147 0.0000000000
3144  -28.964  -89.563  -13.423 0.0000000000
3150  -29.175  -89.654  -14.523 0.0000000000
3158  -29.468  -89.541  -15.432 0.0000000000
3159  -29.854  -89.484  -16.096 0.0000000000
3166  -30.167  -89.625  -16.650 0.0000000000
3167  -30.656  -88.919  -17.091 0.0000000000
3175  -23.979  -89.278  -17.264 0.0000000000
3176  -24.531  -89.622  -17.396 0.0000000000
3177  -30.482  -89.315  -17.427 0.0000000000
3178  -30.759  -88.589  -17.517 0.0000000000
3184  -24.144  -89.157  -18.004 0.0000000000
3185  -24.564  -89.378  -17.996 0.0000000000
3186  -30.498  -89.120  -18.090 0.0000000000
3187  -30.779  -88.646  -17.844 0.0000000000
3188  -24.700  -88.770  -19.508 0.0000000000
3189  -24.851  -89.243  -18.956 0.0000000000
3190  -25.257  -89.732  -19.201 0.0000000000
3191  -28.125  -88.902  -18.794 0.0000000000
3192  -28.697  -89.113  -18.942 0.0000000000
3193  -29.547  -89.169  -18.810 0.0000000000
3194  -30.156  -89.179  -18.504 0.0000000000
3195  -24.597  -88.937  -19.733 0.0000000000
3196  -24.868  -89.178  -19.737 0.0000000000
3197  -25.416  -89.526  -19.270 0.0000000000
3198  -26.407  -88.881  -18.754 0.0000000000
3199  -27.284  -89.116  -18.713 0.0000000000
3200  -27.951  -89.307  -18.791 0.0000000000
3201  -24.992  -89.058  -20.106 0.0000000000
3202  -25.596  -89.071  -19.517 0.0000000000
3203  -26.112  -89.124  -19.065 0.0000000000
3204  -26.632  -89.277  -18.847 0.0000000000
3652  -33.150  -89.141  -8.505 0.0000000000
3664  -25.729  -88.287  -9.637 0.0000000000
3665  -31.587  -88.950  -9.488 0.0000000000
3666  -32.329  -88.672  -10.187 0.0000000000
3667  -33.500  -88.921  -9.315 0.0000000000
3668  -34.067  -88.558  -9.924 0.0000000000
3683  -26.493  -88.561  -10.140 0.0000000000
3684  -27.447  -88.531  -10.612 0.0000000000
3685  -32.727  -88.600  -10.957 0.0000000000
3686  -33.704  -89.030  -10.311 0.0000000000
3687  -34.418  -88.678  -10.816 0.0000000000
3688  -35.001  -88.149  -11.054 0.0000000000
3698  -28.092  -88.359  -11.321 0.0000000000
3699  -28.491  -88.405  -12.082 0.0000000000
3700  -33.069  -88.765  -11.638 0.0000000000
3701  -33.521  -89.020  -11.817 0.0000000000
3702  -34.149  -88.959  -11.708 0.0000000000
3703  -34.983  -88.310  -11.673 0.0000000000
3713  -28.637  -88.307  -12.683 0.0000000000
3714  -33.124  -88.625  -12.025 0.0000000000
3715  -33.285  -88.644  -12.118 0.0000000000
3716  -33.829  -88.646  -12.327 0.0000000000
3717  -34.519  -88.458  -12.322 0.0000000000
3728  -28.815  -88.542  -13.153 0.0000000000
3729  -28.966  -88.854  -13.513 0.0000000000
3737  -28.655  -88.328  -13.862 0.0000000000
3738  -29.034  -88.896  -14.142 0.0000000000
3745  -28.801  -88.280  -14.581 0.0000000000
3746  -29.193  -88.698  -15.149 0.0000000000
3747  -29.812  -88.705  -15.952 0.0000000000
3752  -23.881  -88.615  -16.567 0.0000000000
3753  -30.407  -88.697  -16.606 0.0000000000
3754  -30.809  -88.195  -17.309 0.0000000000
3760  -23.618  -88.218  -17.907 0.0000000000
3761  -23.797  -88.512  -17.435 0.0000000000
3762  -31.024  -87.924  -17.815 0.0000000000
3769  -23.847  -88.263  -18.489 0.0000000000
3770  -24.034  -88.703  -18.165 0.0000000000
3771  -24.371  -88.978  -18.234 0.0000000000
3772  -30.528  -88.632  -18.442 0.0000000000
3773  -30.815  -88.213  -18.208 0.0000000000
3777  -23.893  -88.104  -18.935 0.0000000000
3778  -24.414  -88.331  -19.071 0.0000000000
3779  -24.585  -88.770  -18.425 0.0000000000
3780  -26.823  -88.294  -18.414 0.0000000000
3781  -27.754  -88.448  -18.569 0.0000000000
3782  -28.797  -88.370  -18.694 0.0000000000
3783  -29.635  -88.356  -18.850 0.0000000000
3784  -30.335  -88.420  -18.706 0.0000000000
3785  -30.641  -88.205  -18.496 0.0000000000
3786  -24.237  -88.700  -19.949 0.0000000000
3787  -24.480  -89.056  -20.063 0.0000000000
3788  -26.122  -88.456  -18.690 0.0000000000
3789  -26.881  -88.655  -18.559 0.0000000000
3790  -24.395  -88.622  -20.301 0.0000000000
3791  -24.713  -88.784  -20.344 0.0000000000
3792  -25.293  -88.603  -20.040 0.0000000000
3793  -25.698  -88.581  -19.261 0.0000000000
4264  -24.528  -87.517  -5.514 0.0000000000
4265  -25.233  -87.114  -5.251 0.0000000000
4310  -24.903  -87.519  -8.781 0.0000000000
4311  -25.551  -86.994  -8.727 0.0000000000
4314  -33.641  -88.210  -8.318 0.0000000000
4324  -25.473  -88.031  -9.165 0.0000000000
4325  -26.152  -87.496  -9.263 0.0000000000
4326  -31.942  -88.169  -9.685 0.0000000000
4327  -32.304  -88.006  -10.240 0.0000000000
4328  -34.066  -87.835  -9.228 0.0000000000
4329  -34.593  -87.887  -9.929 0.0000000000
4341  -26.996  -87.653  -10.114 0.0000000000
4342  -27.793  -87.496  -10.755 0.0000000000
4343  -28.290  -87.159  -11.142 0.0000000000
4344  -32.518  -88.219  -10.732 0.0000000000
4345  -35.050  -87.787  -10.542 0.0000000000
4346  -35.537  -87.603  -11.089 0.0000000000
4347  -36.026  -87.282  -11.477 0.0000000000
4355  -28.159  -87.667  -11.211 0.0000000000
4356  -28.367  -87.570  -11.725 0.0000000000
4357  -32.751  -88.105  -11.447 0.0000000000
4358  -32.973  -87.797  -12.061 0.0000000000
4359  -35.568  -87.717  -11.810 0.0000000000
4360  -35.919  -87.379  -12.048 0.0000000000
4369  -28.451  -87.788  -12.427 0.0000000000
4370  -33.050  -88.427  -12.081 0.0000000000
4371  -33.411  -87.984  -12.675 0.0000000000
4372  -34.356  -88.114  -12.921 0.0000000000
4373  -35.374  -87.820  -12.624 0.0000000000
4374  -36.022  -87.146  -12.450 0.0000000000
4385  -23.952  -86.612  -13.992 0.0000000000
4386  -28.446  -87.729  -13.234 0.0000000000
4387  -34.153  -87.316  -13.189 0.0000000000
4388  -34.927  -87.404  -13.239 0.0000000000
4389  -35.428  -87.302  -13.108 0.0000000000
4399  -24.373  -87.031  -14.427 0.0000000000
4400  -24.731  -86.692  -14.913 0.0000000000
4401  -28.710  -87.295  -14.495 0.0000000000
4402  -29.106  -86.750  -15.199 0.0000000000
4410  -24.369  -87.804  -15.376 0.0000000000
4411  -25.064  -87.117  -15.482 0.0000000000
4412  -25.501  -86.981  -15.968 0.0000000000
4413  -28.934  -87.957  -15.119 0.0000000000
4414  -29.540  -87.486  -15.895 0.0000000000
4415  -30.158  -88.164  -16.360 0.0000000000
4422  -24.045  -88.525  -15.984 0.0000000000
4423  -24.368  -88.336  -16.164 0.0000000000
4424  -24.935  -87.944  -16.341 0.0000000000
4425  -25.511  -87.436  -16.448 0.0000000000
4426  -26.062  -87.286  -16.721 0.0000000000
4427  -30.278  -87.012  -16.601 0.0000000000
4428  -30.632  -87.563  -16.899 0.0000000000
4429  -31.279  -87.448  -17.657 0.0000000000
4435  -23.433  -87.925  -17.748 0.0000000000
4436  -23.939  -87.881  -17.401 0.0000000000
4437  -24.970  -87.725  -17.396 0.0000000000
4438  -25.680  -87.599  -17.255 0.0000000000
4439  -26.449  -87.421  -17.255 0.0000000000
4440  -27.123  -87.206  -17.530 0.0000000000
4441  -31.466  -87.407  -17.904 0.0000000000
4446  -23.280  -87.918  -18.171 0.0000000000
4447  -23.703  -87.548  -18.225 0.0000000000
4448  -25.260  -87.640  -17.785 0.0000000000
4449  -25.647  -87.702  -17.986 0.0000000000
4450  -26.524  -87.699  -17.875 0.0000000000
4451  -27.492  -87.383  -17.914 0.0000000000
4452  -28.226  -87.209  -18.272 0.0000000000
4453  -28.879  -86.989  -18.554 0.0000000000
4454  -31.297  -87.478  -18.111 0.0000000000
4458  -23.348  -88.104  -18.946 0.0000000000
4459  -23.648  -88.092  -19.497 0.0000000000
4460  -25.646  -87.831  -18.522 0.0000000000
4461  -26.665  -87.952  -18.215 0.0000000000
4462  -27.613  -87.863  -18.329 0.0000000000
4463  -28.535  -87.731  -18.535 0.0000000000
4464  -29.588  -87.277  -18.807 0.0000000000
4465  -30.429  -87.539  -18.879 0.0000000000
4466  -30.926  -87.667  -18.526 0.0000000000
4467  -24.080  -88.011  -20.175 0.0000000000
4468  -24.795  -87.653  -19.975 0.0000000000
4469  -25.249  -87.716  -19.342 0.0000000000
4470  -25.886  -88.127  -18.634 0.0000000000
4471  -24.432  -88.375  -20.264 0.0000000000
4472  -24.787  -88.170  -20.182 0.0000000000
4473  -25.253  -88.068  -19.763 0.0000000000
4474  -25.702  -87.968  -19.040 0.0000000000
4941  -24.115  -87.183  -5.805 0.0000000000
4942  -24.552  -86.559  -5.835 0.0000000000
4943  -25.452  -86.370  -5.686 0.0000000000
4964  -23.817  -86.971  -6.243 0.0000000000
4965  -24.257  -86.363  -6.727 0.0000000000
4966  -25.760  -86.082  -6.006 0.0000000000
4976  -23.722  -87.003  -7.239 0.0000000000
4977  -24.514  -86.256  -7.567 0.0000000000
4978  -25.070  -86.023  -7.841 0.0000000000
4982  -34.043  -87.087  -7.704 0.0000000000
4991  -24.185  -86.906  -8.141 0.0000000000
4992  -25.078  -86.484  -8.340 0.0000000000
4993  -26.011  -86.463  -8.652 0.0000000000
4996  -34.129  -87.122  -8.638 0.0000000000
4997  -34.421  -86.488  -8.642 0.0000000000
4998  -37.022  -86.145  -9.075 0.0000000000
4999  -37.330  -86.059  -8.903 0.0000000000
5016  -26.885  -86.450  -9.260 0.0000000000
5017  -27.717  -86.062  -9.700 0.0000000000
5018  -28.291  -85.753  -9.821 0.0000000000
5019  -31.753  -87.514  -9.396 0.0000000000
5020  -32.122  -87.408  -9.948 0.0000000000
5021  -34.240  -87.250  -9.053 0.0000000000
5022  -34.641  -86.867  -9.246 0.0000000000
5023  -35.587  -86.591  -9.594 0.0000000000
5024  -36.482  -86.468  -9.593 0.0000000000
5025  -37.282  -86.240  -9.577 0.0000000000
5043  -26.838  -87.088  -9.693 0.0000000000
5044  -27.377  -86.792  -10.083 0.0000000000
5045  -28.391  -86.293  -10.538 0.0000000000
5046  -32.466  -87.448  -10.673 0.0000000000
5047  -35.115  -87.246  -9.926 0.0000000000
5048  -35.737  -87.102  -10.235 0.0000000000
5049  -36.464  -86.813  -10.627 0.0000000000
5050  -37.353  -86.115  -10.777 0.0000000000
5063  -28.554  -86.643  -11.569 0.0000000000
5064  -32.826  -87.002  -11.445 0.0000000000
5065  -33.241  -86.996  -12.142 0.0000000000
5066  -36.501  -86.702  -11.767 0.0000000000
5067  -37.055  -86.086  -11.835 0.0000000000
5078  -28.333  -86.902  -12.512 0.0000000000
5079  -33.622  -86.767  -12.770 0.0000000000
5080  -35.833  -87.066  -12.974 0.0000000000
5081  -36.396  -86.540  -12.670 0.0000000000
5082  -36.772  -86.290  -12.257 0.0000000000
5088  -16.049  -85.944  -13.221 0.0000000000
5089  -16.471  -85.983  -13.556 0.0000000000
5090  -17.236  -85.962  -13.349 0.0000000000
5093  -23.808  -86.185  -13.880 0.0000000000
5094  -28.325  -86.794  -13.505 0.0000000000
5095  -34.066  -86.470  -13.323 0.0000000000
5096  -34.718  -86.615  -13.525 0.0000000000
5097  -35.518  -86.688  -13.427 0.0000000000
5098  -36.116  -86.482  -13.232 0.0000000000
5107  -16.693  -85.925  -14.277 0.0000000000
5108  -17.077  -86.039  -14.242 0.0000000000
5109  -18.052  -85.994  -14.094 0.0000000000
5110  -18.802  -85.602  -14.641 0.0000000000
5111  -24.195  -86.345  -14.237 0.0000000000
5112  -24.526  -86.308  -14.661 0.0000000000
5113  -28.613  -86.298  -13.989 0.0000000000
5114  -28.983  -86.190  -14.684 0.0000000000
5120  -16.820  -86.011  -14.824 0.0000000000
5121  -17.435  -86.061  -15.157 0.0000000000
5122  -18.256  -85.856  -15.233 0.0000000000
5123  -19.126  -85.494  -15.547 0.0000000000
5124  -24.875  -86.306  -15.247 0.0000000000
5125  -25.452  -86.421  -15.835 0.0000000000
5126  -25.955  -86.410  -16.286 0.0000000000
5127  -29.437  -86.063  -15.584 0.0000000000
5134  -17.805  -85.842  -15.786 0.0000000000
5135  -18.390  -85.649  -16.062 0.0000000000
5136  -18.931  -85.481  -16.273 0.0000000000
5137  -25.844  -86.888  -16.284 0.0000000000
5138  -26.492  -86.676  -16.658 0.0000000000
5139  -27.088  -86.341  -17.011 0.0000000000
5140  -30.085  -86.363  -16.439 0.0000000000
5141  -30.800  -86.572  -16.955 0.0000000000
5142  -31.310  -86.778  -17.420 0.0000000000
5149  -24.150  -87.524  -18.149 0.0000000000
5150  -24.449  -87.632  -17.879 0.0000000000
5151  -27.012  -86.825  -17.201 0.0000000000
5152  -27.676  -86.396  -17.618 0.0000000000
5153  -28.218  -85.930  -18.033 0.0000000000
5154  -31.840  -86.991  -17.954 0.0000000000
5160  -23.329  -87.554  -18.876 0.0000000000
5161  -24.048  -87.345  -18.778 0.0000000000
5162  -24.799  -87.479  -18.378 0.0000000000
5163  -25.258  -87.592  -18.551 0.0000000000
5164  -28.036  -86.852  -18.010 0.0000000000
5165  -28.508  -86.344  -18.295 0.0000000000
5166  -29.324  -86.295  -18.720 0.0000000000
5167  -31.442  -87.083  -18.403 0.0000000000
5171  -23.270  -87.817  -19.378 0.0000000000
5172  -23.755  -87.457  -19.616 0.0000000000
5173  -24.557  -87.254  -19.383 0.0000000000
5174  -25.045  -87.398  -19.067 0.0000000000
5175  -29.897  -86.197  -19.069 0.0000000000
5176  -30.443  -86.505  -19.032 0.0000000000
5177  -31.077  -86.826  -18.800 0.0000000000
5178  -24.136  -87.505  -19.955 0.0000000000
5179  -24.380  -87.414  -19.884 0.0000000000
5180  -24.767  -87.354  -19.629 0.0000000000
5637  -25.126  -86.004  -6.028 0.0000000000
5638  -25.476  -86.035  -6.032 0.0000000000
5645  -24.804  -85.914  -6.528 0.0000000000
5646  -25.616  -85.843  -6.477 0.0000000000
5657  -24.611  -85.950  -7.048 0.0000000000
5658  -25.155  -85.740  -7.292 0.0000000000
5659  -26.209  -85.532  -7.358 0.0000000000
5664  -33.837  -85.840  -7.336 0.0000000000
5665  -34.278  -85.478  -7.893 0.0000000000
5666  -37.401  -85.615  -7.954 0.0000000000
5667  -37.726  -85.667  -8.001 0.0000000000
5668  -38.208  -85.491  -8.223 0.0000000000
5676  -25.645  -85.835  -8.053 0.0000000000
5677  -26.715  -85.594  -8.405 0.0000000000
5678  -27.632  -85.282  -8.669 0.0000000000
5679  -28.303  -85.076  -8.897 0.0000000000
5683  -34.176  -86.258  -8.156 0.0000000000
5684  -34.847  -85.773  -8.544 0.0000000000
5685  -35.946  -85.671  -8.614 0.0000000000
5686  -37.034  -85.841  -8.389 0.0000000000
5687  -37.802  -85.883  -8.731 0.0000000000
5688  -38.336  -85.368  -8.809 0.0000000000
5697  -27.385  -85.733  -9.077 0.0000000000
5698  -28.031  -85.459  -9.337 0.0000000000
5699  -29.027  -85.275  -9.632 0.0000000000
5700  -30.102  -85.048  -9.733 0.0000000000
5701  -30.825  -85.478  -9.415 0.0000000000
5702  -31.727  -86.529  -9.680 0.0000000000
5703  -32.191  -86.920  -10.222 0.0000000000
5704  -35.399  -86.107  -9.101 0.0000000000
5705  -36.215  -86.064  -9.108 0.0000000000
5706  -36.734  -86.109  -9.044 0.0000000000
5707  -37.968  -85.666  -9.618 0.0000000000
5708  -38.342  -85.153  -9.366 0.0000000000
5719  -29.224  -85.647  -10.631 0.0000000000
5720  -29.841  -85.164  -10.579 0.0000000000
5721  -30.643  -85.103  -10.313 0.0000000000
5722  -31.537  -85.479  -10.579 0.0000000000
5723  -32.266  -86.463  -10.649 0.0000000000
5724  -37.766  -85.245  -10.407 0.0000000000
5725  -38.117  -85.267  -9.767 0.0000000000
5737  -29.068  -85.737  -11.453 0.0000000000
5738  -29.504  -85.456  -11.022 0.0000000000
5739  -31.758  -85.278  -11.276 0.0000000000
5740  -32.352  -85.793  -11.419 0.0000000000
5741  -32.923  -86.375  -11.778 0.0000000000
5742  -37.375  -85.377  -11.633 0.0000000000
5756  -28.521  -86.023  -12.155 0.0000000000
5757  -32.241  -85.343  -11.830 0.0000000000
5758  -32.963  -85.770  -12.139 0.0000000000
5759  -36.457  -86.161  -13.131 0.0000000000
5760  -36.943  -85.751  -12.762 0.0000000000
5767  -15.858  -85.565  -13.061 0.0000000000
5768  -15.948  -85.824  -13.751 0.0000000000
5774  -23.469  -85.715  -13.960 0.0000000000
5775  -28.388  -85.835  -13.142 0.0000000000
5776  -33.571  -85.728  -13.029 0.0000000000
5777  -34.377  -85.600  -13.674 0.0000000000
5778  -35.313  -85.869  -13.990 0.0000000000
5779  -36.277  -85.756  -13.702 0.0000000000
5780  -37.113  -84.999  -13.781 0.0000000000
5787  -15.771  -85.057  -14.227 0.0000000000
5788  -16.379  -85.681  -14.515 0.0000000000
5789  -18.966  -85.576  -13.879 0.0000000000
5790  -19.781  -85.397  -14.415 0.0000000000
5791  -21.098  -85.290  -14.667 0.0000000000
5792  -22.266  -85.225  -14.524 0.0000000000
5793  -23.227  -85.337  -14.528 0.0000000000
5794  -24.151  -85.680  -14.533 0.0000000000
5795  -24.589  -85.916  -15.015 0.0000000000
5796  -28.771  -85.485  -14.067 0.0000000000
5797  -29.162  -85.309  -14.855 0.0000000000
5798  -35.046  -84.998  -14.296 0.0000000000
5799  -35.896  -85.066  -14.458 0.0000000000
5800  -36.709  -84.813  -14.420 0.0000000000
5801  -37.138  -84.549  -14.340 0.0000000000
5808  -16.066  -85.115  -15.216 0.0000000000
5809  -16.742  -85.605  -15.822 0.0000000000
5810  -17.410  -85.832  -15.849 0.0000000000
5811  -20.239  -85.364  -15.596 0.0000000000
5812  -21.131  -85.190  -15.776 0.0000000000
5813  -21.916  -85.139  -15.507 0.0000000000
5814  -22.890  -84.990  -15.508 0.0000000000
5815  -23.840  -85.074  -15.270 0.0000000000
5816  -24.930  -85.449  -15.685 0.0000000000
5817  -25.840  -85.911  -16.228 0.0000000000
5818  -26.257  -86.186  -16.436 0.0000000000
5819  -29.511  -84.994  -15.591 0.0000000000
5824  -16.920  -85.269  -17.058 0.0000000000
5825  -17.665  -85.577  -16.602 0.0000000000
5826  -18.653  -85.413  -16.825 0.0000000000
5827  -19.585  -85.309  -16.563 0.0000000000
5828  -20.665  -85.130  -16.521 0.0000000000
5829  -21.764  -84.953  -16.576 0.0000000000
5830  -22.363  -84.935  -16.023 0.0000000000
5831  -25.432  -84.963  -16.297 0.0000000000
5832  -25.833  -85.316  -16.468 0.0000000000
5833  -26.671  -85.750  -16.741 0.0000000000
5834  -27.314  -85.959  -17.108 0.0000000000
5835  -29.986  -85.404  -16.275 0.0000000000
5836  -30.766  -85.687  -16.857 0.0000000000
5837  -31.223  -86.111  -17.209 0.0000000000
5841  -16.984  -85.033  -17.480 0.0000000000
5842  -17.353  -85.088  -17.541 0.0000000000
5843  -18.164  -85.181  -17.543 0.0000000000
5844  -19.188  -84.873  -17.568 0.0000000000
5845  -20.229  -84.885  -17.282 0.0000000000
5846  -21.033  -84.742  -17.161 0.0000000000
5847  -26.839  -85.139  -17.168 0.0000000000
5848  -27.401  -85.360  -17.457 0.0000000000
5849  -27.962  -85.619  -17.898 0.0000000000
5850  -31.220  -85.592  -17.206 0.0000000000
5851  -31.368  -86.022  -17.661 0.0000000000
5852  -17.768  -84.793  -17.929 0.0000000000
5853  -18.330  -84.603  -17.913 0.0000000000
5854  -18.814  -84.369  -17.741 0.0000000000
5855  -27.891  -85.062  -18.072 0.0000000000
5856  -28.372  -85.359  -18.501 0.0000000000
5857  -28.950  -85.659  -18.738 0.0000000000
5858  -31.342  -86.337  -18.322 0.0000000000
5859  -28.739  -85.159  -19.161 0.0000000000
5860  -29.388  -85.376  -19.269 0.0000000000
5861  -30.229  -85.487  -19.368 0.0000000000
5862  -30.960  -85.638  -18.977 0.0000000000
6307  -33.742  -83.980  -4.516 0.0000000000
6312  -33.646  -84.066  -5.487 0.0000000000
6323  -33.868  -84.640  -6.613 0.0000000000
6324  -34.468  -84.401  -7.150 0.0000000000
6325  -37.732  -84.591  -7.014 0.0000000000
6326  -38.127  -84.668  -7.234 0.0000000000
6327  -38.374  -84.568  -7.607 0.0000000000
6340  -26.964  -85.235  -7.732 0.0000000000
6344  -34.084  -84.934  -7.459 0.0000000000
6345  -35.009  -84.837  -7.734 0.0000000000
6346  -36.200  -84.906  -7.732 0.0000000000
6347  -37.290  -85.173  -7.601 0.0000000000
6348  -38.153  -85.182  -7.711 0.0000000000
6349  -38.428  -84.845  -8.176 0.0000000000
6359  -27.356  -85.092  -8.150 0.0000000000
6364  -35.683  -85.269  -8.177 0.0000000000
6365  -36.543  -85.415  -8.058 0.0000000000
6366  -36.975  -85.550  -7.942 0.0000000000
6367  -38.261  -84.545  -9.112 0.0000000000
6368  -38.425  -84.733  -8.862 0.0000000000
6378  -29.824  -84.933  -9.156 0.0000000000
6379  -30.288  -85.115  -9.282 0.0000000000
6380  -37.494  -84.303  -9.789 0.0000000000
6381  -37.988  -84.515  -9.455 0.0000000000
6382  -38.310  -84.786  -9.315 0.0000000000
6390  -30.037  -84.847  -11.031 0.0000000000
6391  -30.490  -84.884  -10.884 0.0000000000
6392  -31.000  -84.982  -10.755 0.0000000000
6393  -37.153  -84.210  -10.372 0.0000000000
6394  -37.652  -84.681  -10.152 0.0000000000
6395  -38.175  -84.938  -9.787 0.0000000000
6404  -29.153  -85.095  -11.830 0.0000000000
6405  -29.621  -84.953  -11.401 0.0000000000
6406  -30.319  -84.592  -11.339 0.0000000000
6407  -31.215  -84.868  -11.288 0.0000000000
6408  -31.889  -85.187  -11.613 0.0000000000
6409  -36.899  -83.962  -10.912 0.0000000000
6410  -37.359  -84.418  -11.251 0.0000000000
6420  -28.717  -85.120  -12.347 0.0000000000
6421  -29.280  -84.584  -12.115 0.0000000000
6422  -29.936  -84.255  -11.877 0.0000000000
6423  -30.805  -84.205  -11.748 0.0000000000
6424  -31.885  -84.718  -12.026 0.0000000000
6425  -32.890  -84.794  -12.625 0.0000000000
6426  -37.497  -84.428  -12.792 0.0000000000
6432  -15.634  -84.627  -13.242 0.0000000000
6433  -28.773  -84.625  -13.397 0.0000000000
6434  -29.250  -84.197  -14.105 0.0000000000
6435  -33.617  -84.733  -13.257 0.0000000000
6436  -34.373  -84.469  -13.810 0.0000000000
6437  -37.401  -84.175  -14.084 0.0000000000
6442  -14.762  -83.451  -14.690 0.0000000000
6443  -15.010  -84.085  -14.298 0.0000000000
6444  -29.031  -84.780  -14.270 0.0000000000
6445  -29.462  -84.429  -14.867 0.0000000000
6446  -34.907  -84.251  -14.356 0.0000000000
6447  -35.522  -84.351  -14.693 0.0000000000
6448  -36.395  -84.229  -14.969 0.0000000000
6449  -37.161  -84.101  -14.855 0.0000000000
6456  -14.639  -83.587  -15.237 0.0000000000
6457  -15.307  -84.397  -15.487 0.0000000000
6458  -15.978  -84.883  -16.084 0.0000000000
6459  -23.097  -84.734  -15.940 0.0000000000
6460  -23.509  -84.705  -15.895 0.0000000000
6461  -24.299  -84.712  -15.867 0.0000000000
6462  -29.763  -84.379  -15.503 0.0000000000
6463  -36.920  -83.835  -15.210 0.0000000000
6464  -37.135  -83.716  -15.142 0.0000000000
6469  -14.718  -83.523  -16.239 0.0000000000
6470  -15.467  -84.218  -16.998 0.0000000000
6471  -16.359  -84.941  -16.755 0.0000000000
6472  -22.292  -84.609  -17.160 0.0000000000
6473  -22.931  -84.642  -16.536 0.0000000000
6474  -24.048  -84.467  -16.563 0.0000000000
6475  -25.033  -84.547  -16.453 0.0000000000
6476  -25.877  -84.741  -16.825 0.0000000000
6477  -26.411  -85.070  -16.948 0.0000000000
6478  -30.012  -84.583  -16.047 0.0000000000
6479  -30.569  -84.849  -16.592 0.0000000000
6483  -15.948  -83.771  -17.906 0.0000000000
6484  -16.746  -84.585  -17.615 0.0000000000
6485  -17.401  -84.676  -17.856 0.0000000000
6486  -20.035  -84.326  -17.562 0.0000000000
6487  -20.822  -84.327  -17.682 0.0000000000
6488  -21.739  -84.384  -17.608 0.0000000000
6489  -22.721  -84.107  -17.730 0.0000000000
6490  -23.741  -84.181  -17.507 0.0000000000
6491  -24.756  -84.121  -17.327 0.0000000000
6492  -25.704  -84.206  -17.307 0.0000000000
6493  -26.806  -84.453  -17.651 0.0000000000
6494  -27.538  -84.755  -17.927 0.0000000000
6495  -31.038  -85.117  -16.972 0.0000000000
6496  -31.187  -85.052  -17.414 0.0000000000
6497  -16.248  -83.521  -18.014 0.0000000000
6498  -16.673  -83.877  -18.102 0.0000000000
6499  -17.595  -84.297  -18.190 0.0000000000
6500  -18.558  -84.113  -17.887 0.0000000000
6501  -19.488  -84.021  -17.644 0.0000000000
6502  -20.541  -83.814  -17.933 0.0000000000
6503  -21.449  -83.757  -18.184 0.0000000000
6504  -22.182  -83.733  -18.195 0.0000000000
6505  -27.062  -84.168  -18.515 0.0000000000
6506  -27.722  -84.521  -18.830 0.0000000000
6507  -28.355  -84.911  -19.137 0.0000000000
6508  -31.225  -85.051  -18.225 0.0000000000
6509  -27.805  -84.379  -19.759 0.0000000000
6510  -28.508  -84.589  -19.889 0.0000000000
6511  -29.701  -84.534  -19.900 0.0000000000
6512  -30.594  -84.569  -19.492 0.0000000000
6513  -31.107  -84.523  -18.989 0.0000000000
6514  -28.676  -84.027  -20.441 0.0000000000
6515  -29.123  -84.127  -20.324 0.0000000000
6920  -33.910  -82.526  -3.015 0.0000000000
6927  -33.594  -83.026  -3.630 0.0000000000
6941  -33.542  -83.119  -4.741 0.0000000000
6955  -33.687  -83.097  -5.398 0.0000000000
6968  -33.889  -83.418  -6.067 0.0000000000
6969  -34.708  -83.633  -6.622 0.0000000000
6970  -35.912  -83.693  -6.718 0.0000000000
6971  -37.122  -84.170  -6.827 0.0000000000
6972  -38.128  -84.059  -6.750 0.0000000000
6973  -38.515  -83.932  -7.213 0.0000000000
6981  -35.157  -84.130  -7.148 0.0000000000
6982  -35.996  -84.368  -7.265 0.0000000000
6983  -36.660  -84.678  -7.313 0.0000000000
6984  -38.611  -84.054  -7.805 0.0000000000
6987  -36.727  -83.248  -9.254 0.0000000000
6988  -37.416  -83.542  -9.021 0.0000000000
6989  -38.149  -84.055  -8.828 0.0000000000
6990  -38.480  -84.272  -8.354 0.0000000000
6996  -36.222  -83.308  -9.736 0.0000000000
6997  -36.975  -83.859  -9.668 0.0000000000
6998  -37.628  -84.079  -9.340 0.0000000000
7005  -35.931  -83.121  -10.485 0.0000000000
7006  -36.542  -83.731  -10.453 0.0000000000
7015  -35.772  -82.814  -10.990 0.0000000000
7016  -36.553  -83.292  -11.524 0.0000000000
7017  -37.355  -83.841  -12.080 0.0000000000
7028  -28.950  -84.384  -12.665 0.0000000000
7029  -29.594  -83.893  -12.630 0.0000000000
7030  -30.325  -83.727  -12.248 0.0000000000
7031  -31.193  -83.637  -12.187 0.0000000000
7032  -32.241  -83.693  -12.445 0.0000000000
7033  -33.072  -84.043  -12.798 0.0000000000
7034  -36.871  -82.587  -12.402 0.0000000000
7035  -37.381  -83.116  -12.765 0.0000000000
7039  -15.583  -83.582  -13.394 0.0000000000
7040  -29.047  -84.050  -13.025 0.0000000000
7041  -29.445  -83.759  -13.487 0.0000000000
7042  -32.917  -83.323  -12.661 0.0000000000
7043  -33.653  -83.592  -13.208 0.0000000000
7044  -34.612  -83.453  -13.853 0.0000000000
7045  -35.201  -83.084  -14.269 0.0000000000
7046  -37.656  -83.288  -13.754 0.0000000000
7050  -14.515  -82.903  -14.952 0.0000000000
7051  -14.990  -83.161  -14.228 0.0000000000
7052  -18.629  -83.119  -14.883 0.0000000000
7053  -19.012  -83.213  -14.820 0.0000000000
7054  -29.807  -83.605  -14.455 0.0000000000
7055  -30.300  -83.457  -15.100 0.0000000000
7056  -35.171  -83.757  -14.509 0.0000000000
7057  -35.770  -83.435  -14.856 0.0000000000
7058  -36.553  -83.410  -15.198 0.0000000000
7059  -37.506  -83.344  -14.527 0.0000000000
7063  -14.203  -82.870  -15.816 0.0000000000
7064  -18.718  -83.245  -15.174 0.0000000000
7065  -19.166  -83.224  -15.363 0.0000000000
7066  -29.925  -83.920  -15.225 0.0000000000
7067  -30.295  -83.705  -15.626 0.0000000000
7068  -37.036  -83.342  -15.263 0.0000000000
7069  -37.273  -83.346  -15.007 0.0000000000
7070  -14.222  -82.836  -16.688 0.0000000000
7071  -14.763  -83.292  -17.047 0.0000000000
7072  -18.663  -83.235  -15.626 0.0000000000
7073  -19.058  -83.246  -16.012 0.0000000000
7074  -30.054  -84.072  -15.762 0.0000000000
7075  -30.508  -83.955  -16.299 0.0000000000
7076  -31.046  -83.753  -16.772 0.0000000000
7077  -14.542  -82.751  -17.254 0.0000000000
7078  -15.218  -83.142  -17.742 0.0000000000
7079  -16.765  -83.485  -17.781 0.0000000000
7080  -17.441  -83.598  -17.711 0.0000000000
7081  -17.943  -83.586  -17.659 0.0000000000
7082  -22.782  -83.480  -18.481 0.0000000000
7083  -23.515  -83.571  -18.384 0.0000000000
7084  -24.487  -83.602  -18.230 0.0000000000
7085  -25.488  -83.732  -18.038 0.0000000000
7086  -26.142  -83.993  -17.884 0.0000000000
7087  -30.996  -84.444  -16.927 0.0000000000
7088  -31.299  -83.974  -17.542 0.0000000000
7089  -15.931  -83.283  -18.091 0.0000000000
7090  -16.330  -83.424  -18.001 0.0000000000
7091  -17.132  -83.783  -18.013 0.0000000000
7092  -18.150  -83.767  -17.810 0.0000000000
7093  -19.246  -83.625  -17.571 0.0000000000
7094  -20.296  -83.366  -17.779 0.0000000000
7095  -21.253  -83.190  -18.295 0.0000000000
7096  -22.311  -83.087  -18.894 0.0000000000
7097  -23.274  -83.160  -19.118 0.0000000000
7098  -24.223  -83.218  -19.144 0.0000000000
7099  -25.280  -83.371  -19.063 0.0000000000
7100  -26.437  -83.816  -18.712 0.0000000000
7101  -27.142  -84.081  -18.963 0.0000000000
7102  -31.394  -83.756  -18.573 0.0000000000
7103  -22.750  -82.570  -19.187 0.0000000000
7104  -23.126  -82.654  -19.383 0.0000000000
7105  -23.965  -82.759  -19.580 0.0000000000
7106  -24.995  -82.976  -20.104 0.0000000000
7107  -26.105  -83.365  -19.811 0.0000000000
7108  -27.212  -83.981  -19.739 0.0000000000
7109  -27.841  -84.264  -20.085 0.0000000000
7110  -29.595  -83.818  -20.259 0.0000000000
7111  -30.237  -83.588  -19.964 0.0000000000
7112  -30.957  -83.549  -19.355 0.0000000000
7113  -25.641  -82.507  -20.202 0.0000000000
7114  -25.997  -82.744  -20.292 0.0000000000
7115  -26.883  -83.121  -20.290 0.0000000000
7116  -28.000  -83.654  -20.448 0.0000000000
7117  -29.072  -83.449  -20.486 0.0000000000
7118  -29.759  -83.249  -20.279 0.0000000000
7549  -33.758  -81.926  -3.193 0.0000000000
7563  -33.437  -82.019  -3.753 0.0000000000
7576  -33.444  -82.279  -4.316 0.0000000000
7583  -33.729  -82.274  -5.034 0.0000000000
7584  -34.455  -81.978  -5.396 0.0000000000
7585  -35.440  -82.020  -5.574 0.0000000000
7586  -36.596  -82.253  -5.610 0.0000000000
7587  -37.733  -82.531  -5.549 0.0000000000
7588  -38.735  -82.504  -5.802 0.0000000000
7589  -39.357  -82.247  -6.166 0.0000000000
7592  -33.953  -82.652  -5.654 0.0000000000
7593  -34.609  -82.724  -5.969 0.0000000000
7594  -35.670  -82.861  -6.173 0.0000000000
7595  -36.879  -83.154  -6.154 0.0000000000
7596  -37.993  -83.381  -6.119 0.0000000000
7597  -38.796  -83.097  -6.547 0.0000000000
7598  -39.388  -82.270  -6.683 0.0000000000
7604  -38.500  -82.955  -7.906 0.0000000000
7605  -38.937  -82.953  -7.374 0.0000000000
7606  -39.396  -82.220  -7.006 0.0000000000
7615  -35.134  -82.345  -9.068 0.0000000000
7616  -36.004  -82.723  -9.000 0.0000000000
7617  -36.988  -82.834  -8.723 0.0000000000
7618  -37.935  -83.070  -8.358 0.0000000000
7619  -38.521  -83.580  -8.109 0.0000000000
7631  -34.161  -81.712  -9.858 0.0000000000
7632  -34.636  -82.179  -9.649 0.0000000000
7633  -35.495  -82.736  -9.726 0.0000000000
7640  -20.514  -82.001  -10.960 0.0000000000
7641  -21.199  -82.311  -10.546 0.0000000000
7642  -22.227  -82.636  -10.509 0.0000000000
7643  -23.267  -82.741  -10.474 0.0000000000
7644  -24.337  -82.783  -10.421 0.0000000000
7648  -34.097  -81.503  -10.108 0.0000000000
7649  -34.567  -81.785  -10.493 0.0000000000
7650  -35.263  -82.522  -10.461 0.0000000000
7658  -19.646  -81.479  -11.796 0.0000000000
7659  -20.007  -81.925  -11.637 0.0000000000
7660  -20.782  -82.328  -11.620 0.0000000000
7661  -21.723  -82.552  -11.547 0.0000000000
7662  -22.770  -82.650  -11.518 0.0000000000
7663  -23.839  -82.689  -11.465 0.0000000000
7664  -24.885  -82.605  -11.414 0.0000000000
7665  -25.908  -82.548  -11.394 0.0000000000
7666  -26.766  -82.281  -11.429 0.0000000000
7667  -34.835  -81.458  -11.090 0.0000000000
7668  -35.528  -82.085  -11.394 0.0000000000
7669  -36.353  -82.351  -12.005 0.0000000000
7678  -18.893  -81.398  -13.077 0.0000000000
7679  -19.344  -81.775  -12.581 0.0000000000
7680  -20.150  -82.413  -12.536 0.0000000000
7681  -21.154  -82.562  -12.559 0.0000000000
7682  -22.241  -82.579  -12.584 0.0000000000
7683  -23.343  -82.569  -12.552 0.0000000000
7684  -24.408  -82.583  -12.472 0.0000000000
7685  -25.413  -82.501  -12.401 0.0000000000
7686  -26.334  -82.334  -12.345 0.0000000000
7687  -27.167  -82.113  -12.285 0.0000000000
7688  -30.086  -83.455  -12.624 0.0000000000
7689  -30.548  -83.088  -12.575 0.0000000000
7690  -31.454  -82.667  -12.622 0.0000000000
7691  -32.351  -82.763  -12.617 0.0000000000
7692  -36.164  -81.719  -12.086 0.0000000000
7693  -36.762  -81.847  -12.468 0.0000000000
7694  -37.390  -82.042  -12.942 0.0000000000
7699  -15.522  -82.568  -13.597 0.0000000000
7700  -17.889  -81.670  -14.201 0.0000000000
7701  -18.455  -81.910  -13.617 0.0000000000
7702  -19.438  -82.503  -13.528 0.0000000000
7703  -20.500  -82.617  -13.569 0.0000000000
7704  -21.625  -82.529  -13.610 0.0000000000
7705  -22.817  -82.448  -13.748 0.0000000000
7706  -23.958  -82.473  -13.537 0.0000000000
7707  -24.974  -82.459  -13.435 0.0000000000
7708  -25.940  -82.359  -13.353 0.0000000000
7709  -26.834  -82.266  -13.229 0.0000000000
7710  -27.608  -81.988  -13.137 0.0000000000
7711  -29.945  -83.169  -13.020 0.0000000000
7712  -30.677  -82.516  -13.312 0.0000000000
7713  -31.228  -82.238  -13.073 0.0000000000
7714  -33.091  -82.607  -12.827 0.0000000000
7715  -33.919  -82.485  -13.269 0.0000000000
7716  -34.780  -82.330  -13.772 0.0000000000
7717  -35.445  -82.276  -14.470 0.0000000000
7718  -37.788  -82.110  -13.780 0.0000000000
7719  -38.091  -81.644  -14.213 0.0000000000
7720  -14.195  -81.921  -15.394 0.0000000000
7721  -14.871  -82.211  -14.441 0.0000000000
7722  -17.694  -82.211  -14.700 0.0000000000
7723  -18.689  -82.780  -14.441 0.0000000000
7724  -19.764  -82.926  -14.703 0.0000000000
7725  -21.000  -82.499  -14.624 0.0000000000
7726  -22.051  -82.408  -14.650 0.0000000000
7727  -22.852  -82.346  -14.794 0.0000000000
7728  -23.610  -82.322  -14.566 0.0000000000
7729  -24.558  -82.305  -14.462 0.0000000000
7730  -25.515  -82.214  -14.360 0.0000000000
7731  -26.520  -82.080  -14.320 0.0000000000
7732  -27.302  -82.066  -13.907 0.0000000000
7733  -30.011  -83.060  -13.762 0.0000000000
7734  -30.649  -82.796  -14.524 0.0000000000
7735  -31.256  -82.195  -14.590 0.0000000000
7736  -36.180  -82.555  -14.996 0.0000000000
7737  -36.802  -82.628  -15.269 0.0000000000
7738  -37.777  -82.334  -14.370 0.0000000000
7739  -37.981  -81.834  -14.269 0.0000000000
7740  -13.904  -82.117  -16.342 0.0000000000
7741  -16.889  -82.235  -16.333 0.0000000000
7742  -17.469  -82.549  -15.801 0.0000000000
7743  -18.206  -83.015  -15.227 0.0000000000
7744  -19.716  -82.873  -15.895 0.0000000000
7745  -20.599  -82.492  -15.708 0.0000000000
7746  -21.541  -82.248  -15.585 0.0000000000
7747  -22.441  -82.243  -15.559 0.0000000000
7748  -23.288  -82.260  -15.502 0.0000000000
7749  -24.136  -82.183  -15.414 0.0000000000
7750  -25.110  -82.068  -15.477 0.0000000000
7751  -25.952  -81.940  -15.124 0.0000000000
7752  -30.748  -83.226  -15.717 0.0000000000
7753  -31.318  -82.420  -15.376 0.0000000000
7754  -37.248  -82.607  -15.126 0.0000000000
7755  -37.524  -82.551  -14.806 0.0000000000
7756  -14.108  -82.208  -17.073 0.0000000000
7757  -16.599  -82.377  -16.990 0.0000000000
7758  -17.234  -82.904  -16.638 0.0000000000
7759  -18.278  -83.233  -16.315 0.0000000000
7760  -19.388  -83.028  -16.680 0.0000000000
7761  -20.345  -82.437  -16.786 0.0000000000
7762  -21.130  -81.896  -16.484 0.0000000000
7763  -22.024  -81.965  -16.416 0.0000000000
7764  -22.883  -82.051  -16.376 0.0000000000
7765  -23.718  -82.056  -16.308 0.0000000000
7766  -24.473  -82.037  -16.231 0.0000000000
7767  -30.942  -83.477  -16.354 0.0000000000
7768  -31.417  -82.995  -16.670 0.0000000000
7769  -14.687  -82.316  -17.496 0.0000000000
7770  -15.354  -82.436  -17.786 0.0000000000
7771  -16.138  -82.687  -17.781 0.0000000000
7772  -16.914  -83.210  -17.261 0.0000000000
7773  -17.830  -83.358  -17.266 0.0000000000
7774  -18.826  -83.270  -17.193 0.0000000000
7775  -19.901  -82.839  -17.346 0.0000000000
7776  -20.517  -82.432  -17.782 0.0000000000
7777  -31.849  -82.977  -17.971 0.0000000000
7778  -32.177  -82.473  -18.448 0.0000000000
7779  -15.737  -82.944  -18.062 0.0000000000
7780  -16.039  -83.063  -18.187 0.0000000000
7781  -18.361  -83.557  -17.533 0.0000000000
7782  -19.111  -83.407  -17.465 0.0000000000
7783  -20.063  -83.028  -17.595 0.0000000000
7784  -21.021  -82.679  -18.014 0.0000000000
7785  -21.952  -82.549  -18.540 0.0000000000
7786  -22.528  -82.185  -18.815 0.0000000000
7787  -31.706  -82.570  -19.145 0.0000000000
7788  -32.244  -82.088  -18.891 0.0000000000
7789  -22.551  -82.488  -18.985 0.0000000000
7790  -22.972  -82.161  -19.263 0.0000000000
7791  -23.757  -82.252  -19.447 0.0000000000
7792  -24.680  -82.286  -19.661 0.0000000000
7793  -30.122  -82.909  -20.149 0.0000000000
7794  -30.707  -82.417  -20.015 0.0000000000
7795  -25.444  -82.180  -20.057 0.0000000000
7796  -25.975  -82.145  -20.334 0.0000000000
7797  -26.643  -82.257  -20.418 0.0000000000
7798  -27.546  -82.464  -20.473 0.0000000000
7799  -28.559  -82.535  -20.516 0.0000000000
7800  -29.686  -82.402  -20.359 0.0000000000
7801  -30.267  -81.822  -20.313 0.0000000000
8238  -33.868  -81.133  -3.143 0.0000000000
8247  -33.662  -81.337  -3.608 0.0000000000
8250  -33.480  -81.526  -4.125 0.0000000000
8251  -33.908  -81.165  -4.334 0.0000000000
8252  -35.436  -80.741  -4.869 0.0000000000
8253  -35.770  -80.794  -4.931 0.0000000000
8259  -33.686  -81.697  -4.545 0.0000000000
8260  -34.237  -81.312  -4.785 0.0000000000
8261  -35.149  -81.082  -5.024 0.0000000000
8262  -36.288  -81.353  -5.121 0.0000000000
8263  -37.352  -81.663  -5.142 0.0000000000
8264  -38.455  -81.726  -5.275 0.0000000000
8265  -39.527  -81.603  -5.720 0.0000000000
8266  -40.263  -81.120  -5.985 0.0000000000
8272  -39.959  -81.522  -6.331 0.0000000000
8273  -40.442  -81.031  -6.181 0.0000000000
8281  -33.961  -81.071  -8.092 0.0000000000
8282  -34.829  -81.174  -8.066 0.0000000000
8283  -35.858  -81.302  -8.000 0.0000000000
8284  -36.981  -81.486  -8.004 0.0000000000
8285  -38.189  -82.095  -7.651 0.0000000000
8286  -39.309  -81.875  -7.256 0.0000000000
8287  -39.739  -81.724  -6.790 0.0000000000
8299  -33.596  -81.043  -8.789 0.0000000000
8300  -34.463  -81.690  -8.737 0.0000000000
8301  -35.408  -81.941  -8.493 0.0000000000
8302  -36.415  -82.115  -8.389 0.0000000000
8303  -37.323  -82.334  -8.212 0.0000000000
8311  -19.749  -80.961  -9.971 0.0000000000
8312  -20.279  -81.464  -9.714 0.0000000000
8316  -33.727  -81.191  -9.731 0.0000000000
8317  -34.076  -81.611  -9.330 0.0000000000
8325  -19.585  -80.882  -10.740 0.0000000000
8326  -20.025  -81.478  -10.748 0.0000000000
8327  -20.555  -81.897  -10.280 0.0000000000
8331  -34.065  -81.168  -10.383 0.0000000000
8332  -34.408  -81.146  -10.882 0.0000000000
8340  -19.605  -81.138  -11.342 0.0000000000
8341  -19.830  -81.519  -11.378 0.0000000000
8342  -27.522  -81.933  -11.329 0.0000000000
8343  -28.310  -81.502  -11.420 0.0000000000
8344  -34.657  -81.051  -11.209 0.0000000000
8345  -35.072  -81.093  -11.486 0.0000000000
8353  -19.100  -81.022  -12.715 0.0000000000
8354  -19.413  -80.906  -12.057 0.0000000000
8355  -27.926  -81.805  -12.252 0.0000000000
8356  -28.686  -81.414  -12.321 0.0000000000
8357  -29.222  -81.216  -12.670 0.0000000000
8358  -31.985  -82.339  -12.772 0.0000000000
8359  -32.424  -82.214  -12.900 0.0000000000
8360  -35.768  -81.118  -11.975 0.0000000000
8361  -36.529  -81.079  -12.415 0.0000000000
8362  -37.212  -81.209  -12.897 0.0000000000
8367  -15.469  -81.545  -13.744 0.0000000000
8368  -18.118  -81.185  -14.016 0.0000000000
8369  -18.637  -80.823  -13.392 0.0000000000
8370  -28.264  -81.781  -13.016 0.0000000000
8371  -28.896  -81.615  -13.264 0.0000000000
8372  -29.527  -81.185  -13.343 0.0000000000
8373  -31.195  -82.170  -13.368 0.0000000000
8374  -31.760  -81.993  -13.255 0.0000000000
8375  -32.927  -81.629  -13.366 0.0000000000
8376  -34.060  -81.495  -13.539 0.0000000000
8377  -34.804  -81.339  -14.203 0.0000000000
8378  -35.345  -81.564  -14.504 0.0000000000
8379  -37.726  -81.306  -13.532 0.0000000000
8380  -38.236  -81.292  -14.065 0.0000000000
8381  -14.124  -80.976  -15.401 0.0000000000
8382  -14.763  -81.076  -14.706 0.0000000000
8383  -17.727  -81.173  -14.751 0.0000000000
8384  -27.329  -81.882  -14.685 0.0000000000
8385  -28.176  -81.822  -14.128 0.0000000000
8386  -29.179  -81.489  -14.216 0.0000000000
8387  -29.800  -80.997  -14.168 0.0000000000
8388  -31.171  -82.072  -13.918 0.0000000000
8389  -31.990  -81.657  -14.558 0.0000000000
8390  -32.915  -81.082  -14.333 0.0000000000
8391  -35.234  -81.149  -14.678 0.0000000000
8392  -35.775  -81.564  -14.861 0.0000000000
8393  -36.491  -81.714  -15.160 0.0000000000
8394  -37.809  -81.842  -14.757 0.0000000000
8395  -38.220  -81.396  -14.654 0.0000000000
8396  -13.814  -81.232  -16.045 0.0000000000
8397  -16.716  -81.699  -16.663 0.0000000000
8398  -17.174  -81.334  -15.931 0.0000000000
8399  -25.868  -81.825  -15.960 0.0000000000
8400  -26.762  -81.801  -15.595 0.0000000000
8401  -27.888  -81.672  -15.510 0.0000000000
8402  -28.831  -81.501  -15.249 0.0000000000
8403  -29.559  -81.134  -15.133 0.0000000000
8404  -32.104  -81.990  -16.128 0.0000000000
8405  -33.176  -81.222  -15.599 0.0000000000
8406  -33.786  -80.965  -16.217 0.0000000000
8407  -37.110  -81.747  -15.312 0.0000000000
8408  -37.662  -81.696  -15.144 0.0000000000
8409  -38.096  -81.479  -15.080 0.0000000000
8410  -13.974  -81.505  -16.789 0.0000000000
8411  -16.292  -81.416  -17.237 0.0000000000
8412  -16.775  -81.182  -16.734 0.0000000000
8413  -20.938  -81.882  -17.246 0.0000000000
8414  -21.673  -81.807  -17.222 0.0000000000
8415  -22.496  -81.750  -17.172 0.0000000000
8416  -23.298  -81.720  -17.127 0.0000000000
8417  -24.158  -81.727  -17.059 0.0000000000
8418  -25.193  -81.817  -16.802 0.0000000000
8419  -26.320  -81.618  -16.844 0.0000000000
8420  -27.440  -81.483  -16.747 0.0000000000
8421  -28.717  -81.128  -16.633 0.0000000000
8422  -29.285  -81.151  -15.852 0.0000000000
8423  -32.187  -82.380  -17.343 0.0000000000
8424  -32.913  -81.758  -17.084 0.0000000000
8425  -33.684  -81.283  -16.916 0.0000000000
8426  -14.316  -81.638  -17.280 0.0000000000
8427  -14.941  -81.696  -17.589 0.0000000000
8428  -15.602  -81.858  -17.607 0.0000000000
8429  -20.533  -82.162  -17.529 0.0000000000
8430  -21.329  -82.114  -17.827 0.0000000000
8431  -22.221  -81.736  -17.908 0.0000000000
8432  -22.908  -81.613  -17.798 0.0000000000
8433  -23.636  -81.650  -17.924 0.0000000000
8434  -24.636  -81.767  -17.941 0.0000000000
8435  -25.755  -81.506  -17.970 0.0000000000
8436  -26.908  -81.237  -17.938 0.0000000000
8437  -27.965  -80.998  -17.841 0.0000000000
8438  -32.236  -82.504  -17.983 0.0000000000
8439  -32.603  -82.055  -18.187 0.0000000000
8440  -33.649  -81.477  -18.263 0.0000000000
8441  -34.217  -80.981  -19.067 0.0000000000
8442  -21.611  -82.313  -18.241 0.0000000000
8443  -22.103  -82.066  -18.388 0.0000000000
8444  -22.949  -81.699  -18.621 0.0000000000
8445  -24.025  -81.677  -18.711 0.0000000000
8446  -25.131  -81.658  -18.858 0.0000000000
8447  -26.390  -80.980  -19.158 0.0000000000
8448  -27.556  -80.690  -18.769 0.0000000000
8449  -28.206  -80.612  -18.548 0.0000000000
8450  -32.100  -81.855  -19.333 0.0000000000
8451  -32.702  -81.538  -19.222 0.0000000000
8452  -33.562  -81.057  -19.528 0.0000000000
8453  -34.089  -80.538  -19.661 0.0000000000
8454  -23.589  -81.872  -19.153 0.0000000000
8455  -24.424  -81.913  -19.277 0.0000000000
8456  -25.447  -81.615  -19.671 0.0000000000
8457  -26.339  -81.055  -20.028 0.0000000000
8458  -26.852  -81.079  -20.197 0.0000000000
8459  -31.764  -81.390  -20.094 0.0000000000
8460  -32.736  -80.705  -19.861 0.0000000000
8461  -33.559  -80.372  -19.839 0.0000000000
8462  -33.974  -80.191  -19.876 0.0000000000
8463  -25.910  -81.656  -20.153 0.0000000000
8464  -26.474  -81.581  -20.291 0.0000000000
8465  -27.225  -81.513  -20.381 0.0000000000
8466  -28.052  -81.656  -20.425 0.0000000000
8467  -28.946  -81.566  -20.408 0.0000000000
8468  -29.838  -81.351  -20.418 0.0000000000
8469  -30.635  -81.307  -20.369 0.0000000000
8971  -34.004  -80.533  -3.438 0.0000000000
8972  -34.284  -80.014  -3.552 0.0000000000
8981  -33.807  -80.932  -3.977 0.0000000000
8982  -34.452  -80.299  -4.220 0.0000000000
8983  -35.422  -80.320  -4.752 0.0000000000
8984  -36.557  -80.456  -4.997 0.0000000000
8985  -37.170  -80.149  -5.089 0.0000000000
8999  -34.656  -80.821  -4.699 0.0000000000
9000  -34.883  -80.609  -4.709 0.0000000000
9001  -37.020  -81.085  -4.962 0.0000000000
9002  -37.750  -80.695  -5.151 0.0000000000
9003  -39.114  -80.799  -5.318 0.0000000000
9004  -40.122  -80.696  -5.704 0.0000000000
9005  -40.858  -80.545  -6.042 0.0000000000
9006  -41.231  -80.085  -6.211 0.0000000000
9025  -40.124  -81.338  -6.624 0.0000000000
9026  -40.524  -80.893  -6.465 0.0000000000
9027  -41.080  -80.206  -6.492 0.0000000000
9049  -32.792  -79.752  -8.212 0.0000000000
9050  -33.342  -80.210  -8.133 0.0000000000
9051  -34.237  -80.363  -7.719 0.0000000000
9052  -35.261  -80.445  -7.638 0.0000000000
9053  -36.373  -80.547  -7.656 0.0000000000
9054  -37.558  -80.751  -7.615 0.0000000000
9055  -38.766  -80.913  -7.379 0.0000000000
9056  -39.934  -80.924  -6.989 0.0000000000
9057  -40.798  -80.350  -6.900 0.0000000000
9058  -41.088  -80.042  -6.811 0.0000000000
9073  -19.959  -80.405  -8.844 0.0000000000
9078  -32.907  -80.019  -8.571 0.0000000000
9079  -33.224  -80.433  -8.651 0.0000000000
9093  -19.679  -80.317  -9.400 0.0000000000
9094  -20.035  -80.904  -9.125 0.0000000000
9098  -32.746  -79.830  -8.884 0.0000000000
9099  -33.150  -80.316  -9.252 0.0000000000
9111  -19.461  -80.279  -10.304 0.0000000000
9114  -33.658  -80.367  -10.373 0.0000000000
9115  -34.104  -80.801  -10.739 0.0000000000
9125  -19.227  -79.647  -11.716 0.0000000000
9126  -19.422  -80.307  -11.411 0.0000000000
9127  -28.867  -80.807  -11.551 0.0000000000
9128  -29.242  -80.602  -11.949 0.0000000000
9129  -33.784  -79.711  -11.039 0.0000000000
9130  -34.424  -80.399  -11.255 0.0000000000
9131  -35.285  -80.331  -11.927 0.0000000000
9140  -19.208  -80.090  -12.511 0.0000000000
9141  -19.427  -80.434  -12.011 0.0000000000
9142  -29.104  -80.909  -12.201 0.0000000000
9143  -29.639  -80.648  -12.461 0.0000000000
9144  -30.209  -80.234  -12.809 0.0000000000
9145  -36.062  -80.323  -12.453 0.0000000000
9146  -36.917  -80.329  -12.956 0.0000000000
9147  -37.483  -80.697  -13.400 0.0000000000
9152  -15.384  -80.452  -13.805 0.0000000000
9153  -18.081  -80.246  -14.341 0.0000000000
9154  -18.560  -79.859  -13.509 0.0000000000
9155  -30.013  -80.679  -13.374 0.0000000000
9156  -30.522  -80.186  -13.511 0.0000000000
9157  -30.907  -79.921  -13.912 0.0000000000
9158  -33.474  -81.045  -13.864 0.0000000000
9159  -34.072  -80.821  -14.063 0.0000000000
9160  -34.414  -80.841  -14.439 0.0000000000
9161  -37.387  -80.145  -13.611 0.0000000000
9162  -38.016  -80.456  -14.023 0.0000000000
9163  -38.367  -80.764  -14.475 0.0000000000
9164  -14.285  -80.305  -15.060 0.0000000000
9165  -14.835  -80.164  -14.589 0.0000000000
9166  -17.625  -80.245  -15.442 0.0000000000
9167  -30.278  -80.635  -14.047 0.0000000000
9168  -30.691  -80.318  -14.372 0.0000000000
9169  -31.134  -79.820  -14.610 0.0000000000
9170  -33.519  -80.825  -14.579 0.0000000000
9171  -34.060  -80.668  -14.752 0.0000000000
9172  -34.712  -80.725  -14.895 0.0000000000
9173  -35.427  -80.802  -15.161 0.0000000000
9174  -36.069  -80.982  -15.247 0.0000000000
9175  -38.314  -80.231  -14.678 0.0000000000
9176  -38.434  -80.469  -15.039 0.0000000000
9177  -14.015  -80.374  -15.667 0.0000000000
9178  -17.290  -80.171  -16.239 0.0000000000
9179  -30.191  -80.694  -14.916 0.0000000000
9180  -30.839  -80.310  -15.404 0.0000000000
9181  -31.578  -79.765  -15.597 0.0000000000
9182  -33.663  -80.749  -15.119 0.0000000000
9183  -34.065  -80.728  -15.583 0.0000000000
9184  -34.900  -80.552  -15.822 0.0000000000
9185  -35.759  -80.478  -15.855 0.0000000000
9186  -36.686  -80.746  -15.613 0.0000000000
9187  -37.498  -80.892  -15.633 0.0000000000
9188  -38.144  -80.742  -15.579 0.0000000000
9189  -14.242  -80.666  -16.580 0.0000000000
9190  -15.024  -80.411  -17.009 0.0000000000
9191  -15.977  -80.363  -17.124 0.0000000000
9192  -16.891  -80.492  -16.863 0.0000000000
9193  -29.383  -80.715  -17.319 0.0000000000
9194  -30.020  -80.715  -16.428 0.0000000000
9195  -31.244  -80.161  -16.629 0.0000000000
9196  -32.161  -79.646  -16.652 0.0000000000
9197  -32.568  -79.502  -17.114 0.0000000000
9198  -34.336  -80.793  -16.722 0.0000000000
9199  -35.222  -80.316  -16.810 0.0000000000
9200  -36.260  -80.002  -16.650 0.0000000000
9201  -37.209  -80.247  -16.299 0.0000000000
9202  -37.872  -80.386  -16.162 0.0000000000
9203  -38.108  -80.344  -16.040 0.0000000000
9204  -14.179  -81.196  -17.052 0.0000000000
9205  -14.597  -81.064  -17.264 0.0000000000
9206  -15.402  -81.061  -17.460 0.0000000000
9207  -28.888  -80.606  -18.152 0.0000000000
9208  -29.905  -80.405  -18.058 0.0000000000
9209  -30.853  -80.151  -17.875 0.0000000000
9210  -31.780  -79.784  -17.832 0.0000000000
9211  -32.332  -79.589  -17.506 0.0000000000
9212  -34.131  -81.162  -17.521 0.0000000000
9213  -34.733  -80.762  -18.066 0.0000000000
9214  -35.638  -79.954  -17.715 0.0000000000
9215  -26.869  -80.715  -19.882 0.0000000000
9216  -27.482  -80.555  -19.579 0.0000000000
9217  -28.460  -80.340  -19.198 0.0000000000
9218  -29.568  -80.081  -19.109 0.0000000000
9219  -30.588  -79.847  -19.043 0.0000000000
9220  -31.422  -79.627  -18.888 0.0000000000
9221  -34.738  -80.436  -19.219 0.0000000000
9222  -35.392  -79.995  -18.699 0.0000000000
9223  -26.877  -80.861  -20.067 0.0000000000
9224  -27.426  -80.808  -20.143 0.0000000000
9225  -28.338  -80.476  -19.964 0.0000000000
9226  -29.334  -80.322  -19.840 0.0000000000
9227  -30.360  -80.170  -19.831 0.0000000000
9228  -31.670  -80.078  -19.776 0.0000000000
9229  -32.947  -79.920  -19.904 0.0000000000
9230  -33.799  -79.827  -19.878 0.0000000000
9231  -34.438  -79.924  -19.711 0.0000000000
9232  -35.094  -79.799  -19.309 0.0000000000
9233  -27.747  -81.164  -20.343 0.0000000000
9234  -28.281  -80.995  -20.282 0.0000000000
9235  -29.159  -80.811  -20.220 0.0000000000
9236  -30.071  -80.642  -20.304 0.0000000000
9237  -30.900  -80.629  -20.226 0.0000000000
9779  -34.806  -79.467  -3.910 0.0000000000
9780  -35.244  -79.318  -4.273 0.0000000000
9781  -36.090  -79.399  -4.861 0.0000000000
9782  -36.812  -79.759  -5.086 0.0000000000
9793  -36.764  -79.150  -5.098 0.0000000000
9794  -37.476  -79.569  -5.207 0.0000000000
9795  -38.586  -79.785  -5.317 0.0000000000
9796  -39.758  -79.873  -5.493 0.0000000000
9797  -40.740  -79.897  -5.679 0.0000000000
9798  -41.272  -79.757  -6.040 0.0000000000
9808  -41.331  -79.628  -6.454 0.0000000000
9818  -32.000  -78.840  -8.117 0.0000000000
9819  -32.685  -79.240  -7.804 0.0000000000
9820  -33.662  -79.378  -7.560 0.0000000000
9821  -34.677  -79.505  -7.418 0.0000000000
9822  -35.748  -79.588  -7.440 0.0000000000
9823  -36.868  -79.672  -7.532 0.0000000000
9824  -38.053  -79.778  -7.590 0.0000000000
9825  -39.247  -79.884  -7.456 0.0000000000
9826  -40.289  -79.848  -7.275 0.0000000000
9827  -41.023  -79.713  -7.087 0.0000000000
9828  -41.237  -79.742  -6.774 0.0000000000
9834  -19.779  -79.746  -8.621 0.0000000000
9839  -32.106  -78.892  -8.438 0.0000000000
9840  -32.445  -79.306  -8.533 0.0000000000
9847  -18.922  -78.854  -9.894 0.0000000000
9848  -19.212  -79.407  -9.662 0.0000000000
9853  -32.717  -79.465  -9.268 0.0000000000
9854  -33.157  -79.719  -9.855 0.0000000000
9863  -18.901  -79.003  -10.384 0.0000000000
9864  -19.167  -79.666  -10.706 0.0000000000
9867  -32.925  -79.089  -9.929 0.0000000000
9868  -33.342  -79.281  -10.550 0.0000000000
9875  -18.940  -79.156  -11.222 0.0000000000
9876  -19.199  -79.707  -11.269 0.0000000000
9878  -29.354  -80.101  -11.625 0.0000000000
9879  -33.614  -79.074  -11.199 0.0000000000
9880  -34.169  -79.262  -11.604 0.0000000000
9881  -34.816  -79.677  -11.909 0.0000000000
9886  -18.863  -79.081  -12.109 0.0000000000
9887  -29.928  -79.788  -12.216 0.0000000000
9888  -30.463  -79.567  -12.866 0.0000000000
9889  -30.797  -79.310  -13.316 0.0000000000
9890  -34.668  -79.001  -12.221 0.0000000000
9891  -35.496  -79.381  -12.546 0.0000000000
9892  -36.321  -79.696  -12.914 0.0000000000
9895  -14.157  -79.018  -14.304 0.0000000000
9896  -14.827  -79.407  -14.044 0.0000000000
9897  -17.998  -79.159  -14.096 0.0000000000
9898  -18.502  -79.007  -13.085 0.0000000000
9899  -30.763  -79.681  -13.468 0.0000000000
9900  -31.104  -79.377  -13.842 0.0000000000
9901  -36.059  -79.154  -13.260 0.0000000000
9902  -36.829  -79.461  -13.683 0.0000000000
9903  -37.519  -79.798  -14.106 0.0000000000
9904  -13.959  -79.499  -14.903 0.0000000000
9905  -14.468  -79.799  -14.774 0.0000000000
9906  -17.559  -79.343  -15.039 0.0000000000
9907  -31.612  -79.111  -14.718 0.0000000000
9908  -32.077  -78.557  -15.242 0.0000000000
9909  -37.286  -79.298  -14.454 0.0000000000
9910  -37.913  -79.596  -14.826 0.0000000000
9911  -38.337  -79.882  -15.142 0.0000000000
9912  -14.303  -79.499  -15.939 0.0000000000
9913  -15.047  -78.869  -16.017 0.0000000000
9914  -16.761  -79.275  -16.248 0.0000000000
9915  -17.205  -79.382  -15.895 0.0000000000
9916  -32.281  -79.197  -15.791 0.0000000000
9917  -32.887  -78.317  -15.857 0.0000000000
9918  -33.420  -77.940  -16.317 0.0000000000
9919  -38.118  -79.436  -15.509 0.0000000000
9920  -38.288  -79.780  -15.735 0.0000000000
9921  -14.714  -80.038  -16.553 0.0000000000
9922  -15.458  -79.566  -16.548 0.0000000000
9923  -16.495  -79.685  -16.731 0.0000000000
9924  -17.027  -79.734  -16.506 0.0000000000
9925  -32.419  -79.362  -16.335 0.0000000000
9926  -32.838  -79.165  -16.638 0.0000000000
9927  -33.449  -78.368  -16.678 0.0000000000
9928  -36.392  -79.578  -17.544 0.0000000000
9929  -37.027  -79.647  -17.026 0.0000000000
9930  -37.649  -79.819  -16.606 0.0000000000
9931  -38.096  -79.900  -16.328 0.0000000000
9932  -32.333  -79.507  -18.176 0.0000000000
9933  -32.858  -79.345  -17.735 0.0000000000
9934  -33.481  -78.797  -17.457 0.0000000000
9935  -36.105  -79.463  -18.301 0.0000000000
9936  -36.966  -79.103  -17.939 0.0000000000
9937  -37.573  -79.311  -17.095 0.0000000000
9938  -37.862  -79.551  -16.718 0.0000000000
9939  -32.065  -79.493  -18.825 0.0000000000
9940  -32.745  -79.333  -18.763 0.0000000000
9941  -33.463  -79.018  -18.450 0.0000000000
9942  -35.870  -79.260  -19.061 0.0000000000
9943  -36.407  -79.085  -18.556 0.0000000000
9944  -31.907  -79.659  -19.317 0.0000000000
9945  -32.447  -79.604  -19.432 0.0000000000
9946  -33.487  -79.259  -19.453 0.0000000000
9947  -34.318  -79.268  -19.710 0.0000000000
9948  -35.047  -79.235  -19.504 0.0000000000
10476  -35.742  -78.480  -4.481 0.0000000000
10485  -36.373  -78.445  -4.920 0.0000000000
10486  -37.116  -78.549  -5.241 0.0000000000
10487  -38.034  -78.707  -5.412 0.0000000000
10488  -39.160  -78.810  -5.585 0.0000000000
10489  -40.386  -78.907  -5.683 0.0000000000
10490  -41.134  -79.207  -5.852 0.0000000000
10504  -41.073  -78.420  -5.928 0.0000000000
10505  -41.574  -78.739  -6.360 0.0000000000
10506  -42.177  -78.285  -6.874 0.0000000000
10524  -39.683  -78.987  -7.688 0.0000000000
10525  -40.675  -79.036  -7.595 0.0000000000
10526  -41.567  -78.932  -7.145 0.0000000000
10527  -42.138  -78.167  -7.367 0.0000000000
10532  -18.828  -78.043  -9.365 0.0000000000
10533  -19.260  -78.487  -8.656 0.0000000000
10537  -31.908  -78.459  -8.811 0.0000000000
10538  -32.357  -79.020  -9.011 0.0000000000
10541  -41.119  -78.333  -7.999 0.0000000000
10542  -41.811  -78.174  -7.684 0.0000000000
10543  -42.073  -78.066  -7.606 0.0000000000
10548  -18.663  -78.311  -10.056 0.0000000000
10549  -18.974  -78.633  -9.519 0.0000000000
10555  -32.093  -78.080  -9.916 0.0000000000
10556  -32.449  -78.749  -9.569 0.0000000000
10559  -18.682  -78.494  -10.804 0.0000000000
10566  -32.312  -77.950  -10.333 0.0000000000
10567  -32.769  -78.291  -10.600 0.0000000000
10568  -33.323  -78.740  -11.007 0.0000000000
10570  -18.516  -78.394  -11.547 0.0000000000
10577  -29.480  -79.465  -11.841 0.0000000000
10578  -33.039  -77.810  -11.319 0.0000000000
10579  -33.621  -78.274  -11.669 0.0000000000
10580  -34.212  -78.699  -11.990 0.0000000000
10586  -17.965  -77.994  -13.025 0.0000000000
10587  -18.299  -78.313  -12.474 0.0000000000
10595  -29.761  -78.875  -12.375 0.0000000000
10596  -30.646  -78.845  -13.080 0.0000000000
10597  -30.989  -79.036  -13.440 0.0000000000
10598  -33.975  -77.848  -12.336 0.0000000000
10599  -34.393  -78.247  -12.464 0.0000000000
10600  -34.979  -78.648  -12.713 0.0000000000
10606  -17.844  -78.247  -13.662 0.0000000000
10607  -18.193  -78.387  -13.069 0.0000000000
10615  -30.641  -78.377  -13.418 0.0000000000
10616  -31.103  -78.581  -13.817 0.0000000000
10617  -34.796  -78.207  -13.060 0.0000000000
10618  -35.427  -78.457  -13.425 0.0000000000
10619  -36.142  -78.788  -13.896 0.0000000000
10623  -16.753  -78.005  -15.307 0.0000000000
10624  -17.196  -78.258  -14.835 0.0000000000
10632  -31.648  -78.241  -14.612 0.0000000000
10633  -32.190  -77.878  -15.258 0.0000000000
10634  -35.748  -78.074  -14.529 0.0000000000
10635  -36.713  -78.658  -14.636 0.0000000000
10636  -37.400  -78.923  -15.033 0.0000000000
10638  -14.326  -78.326  -15.701 0.0000000000
10639  -15.429  -78.161  -15.832 0.0000000000
10640  -16.596  -78.326  -15.759 0.0000000000
10641  -17.124  -78.838  -15.425 0.0000000000
10645  -32.671  -77.553  -15.861 0.0000000000
10646  -33.230  -77.447  -16.321 0.0000000000
10647  -36.244  -77.964  -15.539 0.0000000000
10648  -37.059  -78.393  -15.604 0.0000000000
10649  -37.820  -78.777  -15.705 0.0000000000
10650  -38.231  -79.042  -16.028 0.0000000000
10651  -15.806  -78.794  -16.098 0.0000000000
10652  -16.284  -79.123  -16.283 0.0000000000
10653  -33.779  -77.508  -16.859 0.0000000000
10654  -34.234  -77.368  -17.303 0.0000000000
10655  -36.681  -77.926  -16.261 0.0000000000
10656  -37.317  -78.186  -16.431 0.0000000000
10657  -37.841  -78.485  -16.654 0.0000000000
10658  -38.144  -79.157  -16.534 0.0000000000
10659  -34.044  -78.126  -17.291 0.0000000000
10660  -34.569  -77.766  -17.731 0.0000000000
10661  -37.167  -78.359  -18.134 0.0000000000
10662  -37.658  -78.647  -17.343 0.0000000000
10663  -37.962  -79.304  -16.858 0.0000000000
10664  -34.128  -78.520  -18.080 0.0000000000
10665  -34.836  -78.299  -18.621 0.0000000000
10666  -35.632  -78.440  -19.038 0.0000000000
10667  -36.523  -78.543  -18.586 0.0000000000
10668  -34.049  -78.786  -18.884 0.0000000000
10669  -34.297  -78.849  -19.338 0.0000000000
10670  -34.829  -78.776  -19.385 0.0000000000
11228  -37.463  -77.736  -5.351 0.0000000000
11229  -38.412  -77.696  -5.543 0.0000000000
11230  -39.681  -77.665  -5.756 0.0000000000
11231  -40.506  -78.151  -5.813 0.0000000000
11248  -40.043  -77.067  -5.905 0.0000000000
11249  -40.658  -77.510  -5.982 0.0000000000
11250  -41.554  -77.703  -6.185 0.0000000000
11251  -42.222  -77.674  -6.560 0.0000000000
11287  -18.957  -77.361  -8.938 0.0000000000
11307  -18.502  -77.341  -9.761 0.0000000000
11310  -31.545  -77.248  -9.548 0.0000000000
11319  -17.604  -76.755  -11.393 0.0000000000
11320  -18.251  -77.607  -10.806 0.0000000000
11322  -32.199  -77.407  -10.445 0.0000000000
11323  -32.698  -77.313  -11.175 0.0000000000
11332  -17.552  -76.938  -12.387 0.0000000000
11333  -18.036  -77.615  -11.871 0.0000000000
11336  -33.221  -77.288  -11.749 0.0000000000
11337  -33.674  -77.384  -12.351 0.0000000000
11345  -17.543  -77.354  -13.318 0.0000000000
11346  -17.900  -77.642  -12.616 0.0000000000
11351  -29.494  -77.963  -13.071 0.0000000000
11352  -30.235  -78.341  -13.097 0.0000000000
11353  -34.177  -77.510  -12.960 0.0000000000
11354  -34.533  -77.903  -13.018 0.0000000000
11358  -17.379  -77.603  -14.171 0.0000000000
11364  -30.418  -77.796  -13.904 0.0000000000
11365  -31.162  -77.961  -14.246 0.0000000000
11366  -34.119  -76.956  -13.946 0.0000000000
11367  -34.748  -77.648  -13.697 0.0000000000
11368  -35.271  -77.884  -14.031 0.0000000000
11373  -16.278  -76.981  -15.233 0.0000000000
11374  -16.621  -77.524  -15.181 0.0000000000
11375  -17.020  -77.442  -14.669 0.0000000000
11385  -29.854  -77.262  -15.191 0.0000000000
11386  -31.220  -77.425  -15.101 0.0000000000
11387  -32.102  -77.337  -15.794 0.0000000000
11388  -34.126  -76.544  -14.669 0.0000000000
11389  -34.520  -76.869  -14.766 0.0000000000
11390  -35.090  -77.434  -14.647 0.0000000000
11393  -15.897  -77.357  -15.474 0.0000000000
11394  -16.404  -77.764  -15.496 0.0000000000
11401  -30.416  -76.848  -16.283 0.0000000000
11402  -31.633  -76.819  -16.350 0.0000000000
11403  -32.685  -76.785  -16.515 0.0000000000
11404  -33.539  -76.671  -16.946 0.0000000000
11405  -34.919  -76.849  -15.350 0.0000000000
11406  -35.463  -77.237  -15.611 0.0000000000
11407  -29.778  -76.650  -16.643 0.0000000000
11408  -30.352  -76.334  -16.862 0.0000000000
11409  -34.093  -76.741  -17.241 0.0000000000
11410  -34.546  -76.925  -17.383 0.0000000000
11411  -35.974  -77.329  -16.528 0.0000000000
11412  -36.858  -77.577  -16.998 0.0000000000
11413  -37.477  -77.924  -17.069 0.0000000000
11414  -35.122  -77.224  -17.855 0.0000000000
11415  -35.962  -77.135  -17.644 0.0000000000
11416  -37.214  -77.741  -17.818 0.0000000000
11417  -37.623  -78.130  -17.261 0.0000000000
11418  -35.613  -77.652  -18.468 0.0000000000
11419  -36.400  -77.785  -18.508 0.0000000000
11420  -36.933  -78.030  -18.403 0.0000000000
12015  -38.695  -76.636  -5.528 0.0000000000
12016  -39.567  -76.513  -5.801 0.0000000000
12032  -40.297  -76.599  -6.069 0.0000000000
12033  -41.137  -76.794  -6.215 0.0000000000
12074  -18.604  -76.433  -9.234 0.0000000000
12078  -31.234  -76.156  -9.601 0.0000000000
12082  -17.844  -76.225  -10.243 0.0000000000
12084  -31.786  -76.231  -10.517 0.0000000000
12085  -32.320  -76.657  -11.067 0.0000000000
12091  -32.124  -75.985  -11.409 0.0000000000
12092  -32.661  -76.414  -11.956 0.0000000000
12093  -33.240  -76.793  -12.433 0.0000000000
12100  -32.937  -76.226  -13.073 0.0000000000
12101  -33.572  -76.761  -13.266 0.0000000000
12107  -16.949  -76.965  -14.175 0.0000000000
12115  -33.232  -76.092  -13.870 0.0000000000
12116  -33.702  -76.270  -14.458 0.0000000000
12122  -16.482  -76.884  -14.821 0.0000000000
12123  -16.860  -77.126  -14.790 0.0000000000
12132  -34.142  -76.194  -15.590 0.0000000000
12133  -34.631  -76.514  -15.503 0.0000000000
12141  -31.168  -76.296  -17.048 0.0000000000
12142  -32.132  -76.267  -17.292 0.0000000000
12143  -33.099  -75.964  -17.280 0.0000000000
12144  -34.099  -76.157  -16.982 0.0000000000
12145  -34.939  -76.431  -16.255 0.0000000000
12146  -35.436  -76.845  -16.371 0.0000000000
12148  -29.784  -76.130  -16.759 0.0000000000
12149  -30.938  -75.658  -17.378 0.0000000000
12150  -31.639  -75.827  -17.718 0.0000000000
12151  -32.256  -75.550  -17.646 0.0000000000
12152  -34.396  -76.509  -17.253 0.0000000000
12153  -34.881  -76.580  -17.277 0.0000000000
12154  -35.416  -76.729  -16.975 0.0000000000
12155  -31.226  -75.319  -17.766 0.0000000000
12156  -31.465  -75.293  -17.862 0.0000000000
12157  -31.891  -75.305  -18.014 0.0000000000
12158  -35.332  -76.846  -17.498 0.0000000000
12159  -35.393  -76.721  -17.287 0.0000000000
12885  -31.088  -75.248  -10.333 0.0000000000
12894  -31.542  -75.132  -11.570 0.0000000000
12895  -32.127  -75.611  -12.102 0.0000000000
12909  -31.755  -75.071  -12.797 0.0000000000
12910  -32.383  -75.617  -12.946 0.0000000000
12926  -32.024  -75.003  -13.850 0.0000000000
12927  -32.716  -75.503  -14.087 0.0000000000
12928  -33.232  -75.703  -14.648 0.0000000000
12940  -32.276  -74.934  -14.801 0.0000000000
12941  -32.829  -75.166  -15.616 0.0000000000
12942  -33.517  -75.714  -15.361 0.0000000000
12947  -29.929  -75.019  -15.924 0.0000000000
12948  -30.536  -74.850  -16.383 0.0000000000
12949  -32.687  -75.145  -17.178 0.0000000000
12950  -33.455  -75.627  -16.437 0.0000000000
12952  -29.540  -75.803  -16.551 0.0000000000
12953  -30.640  -75.203  -17.068 0.0000000000
12954  -31.248  -74.978  -17.545 0.0000000000
12955  -32.055  -75.112  -17.896 0.0000000000
12956  -31.037  -75.300  -17.609 0.0000000000
12957  -31.315  -75.098  -17.833 0.0000000000
12958  -31.687  -75.135  -18.097 0.0000000000
13763  -31.070  -74.585  -12.719 0.0000000000
13775  -30.488  -74.532  -13.705 0.0000000000
13776  -31.296  -74.648  -13.752 0.0000000000
13781  -29.993  -74.608  -14.736 0.0000000000
13782  -30.736  -74.564  -14.679 0.0000000000
13783  -31.560  -74.601  -14.912 0.0000000000
13784  -32.111  -74.708  -15.609 0.0000000000
13789  -30.326  -74.606  -15.284 0.0000000000
13790  -30.761  -74.619  -15.720 0.0000000000
13791  -31.488  -74.670  -16.116 0.0000000000
13792  -32.128  -74.776  -16.590 0.0000000000
13793  -30.930  -74.724  -16.551 0.0000000000
13794  -31.411  -74.812  -17.116 0.0000000000
13795  -31.932  -74.904  -17.525 0.0000000000
13796  -31.541  -74.948  -17.693 0.0000000000
13797  -31.722  -74.938  -17.966 0.0000000000
