#!ascii label  , from subject FREESURFER vox2ras=TkReg 
1037
82718  -33.613  -3.775  36.530 0.0000000000
82719  -34.566  -3.842  36.582 0.0000000000
82720  -35.491  -3.857  36.637 0.0000000000
82721  -36.427  -3.750  36.631 0.0000000000
82722  -37.311  -3.511  36.648 0.0000000000
82723  -38.140  -3.161  36.608 0.0000000000
82733  -33.229  -3.716  35.553 0.0000000000
82734  -34.268  -3.757  35.563 0.0000000000
82735  -35.233  -3.691  35.632 0.0000000000
82736  -36.130  -3.603  35.694 0.0000000000
82737  -37.090  -3.354  35.605 0.0000000000
82738  -37.808  -3.138  35.904 0.0000000000
82745  -32.826  -3.405  34.625 0.0000000000
82746  -33.866  -3.522  34.616 0.0000000000
82747  -34.982  -3.357  34.530 0.0000000000
82748  -35.887  -3.294  34.848 0.0000000000
82749  -36.592  -3.155  34.968 0.0000000000
82755  -32.477  -2.905  33.889 0.0000000000
82756  -33.443  -3.088  33.800 0.0000000000
82757  -34.350  -3.101  33.858 0.0000000000
82770  -49.717  -2.791  32.217 0.0000000000
82771  -50.087  -2.553  31.978 0.0000000000
82781  -50.184  -2.805  31.463 0.0000000000
82785  -50.192  -3.011  30.655 0.0000000000
83716  -42.746  -1.223  39.725 0.0000000000
83736  -42.485  -1.466  39.232 0.0000000000
83747  -41.467  -1.906  37.791 0.0000000000
83756  -38.927  -2.790  36.534 0.0000000000
83757  -39.637  -2.466  36.625 0.0000000000
83758  -40.432  -2.112  36.716 0.0000000000
83759  -41.087  -1.891  37.080 0.0000000000
83770  -37.778  -2.793  35.256 0.0000000000
83771  -38.559  -2.552  35.521 0.0000000000
83772  -39.405  -2.222  35.850 0.0000000000
83773  -39.997  -1.945  36.082 0.0000000000
83779  -48.865  -1.654  35.533 0.0000000000
83785  -35.773  -2.844  34.162 0.0000000000
83786  -36.438  -2.687  34.376 0.0000000000
83787  -37.284  -2.498  34.597 0.0000000000
83788  -38.090  -2.307  34.769 0.0000000000
83794  -49.007  -1.732  35.056 0.0000000000
83798  -33.076  -2.191  33.243 0.0000000000
83799  -34.084  -2.484  33.296 0.0000000000
83800  -35.197  -2.461  33.477 0.0000000000
83801  -36.182  -2.237  33.759 0.0000000000
83802  -36.804  -2.058  34.028 0.0000000000
83808  -49.375  -2.010  33.886 0.0000000000
83809  -49.860  -1.888  33.382 0.0000000000
83811  -33.364  -1.682  32.980 0.0000000000
83812  -33.811  -1.790  32.922 0.0000000000
83813  -34.565  -1.891  32.955 0.0000000000
83819  -49.326  -2.591  33.030 0.0000000000
83820  -49.959  -2.220  32.694 0.0000000000
83825  -50.529  -2.250  31.580 0.0000000000
83826  -50.927  -2.001  31.236 0.0000000000
83829  -50.748  -2.649  30.818 0.0000000000
83830  -51.024  -2.167  30.915 0.0000000000
83838  -50.838  -2.805  29.985 0.0000000000
83839  -51.208  -2.274  30.213 0.0000000000
83844  -50.679  -2.602  29.119 0.0000000000
83845  -51.144  -2.210  29.378 0.0000000000
83847  -50.567  -2.233  28.175 0.0000000000
83848  -50.984  -2.013  28.677 0.0000000000
84728  -43.224  -0.728  40.112 0.0000000000
84729  -43.472  -0.318  39.674 0.0000000000
84741  -42.455  -1.370  38.740 0.0000000000
84742  -43.023  -0.809  39.010 0.0000000000
84743  -43.453  -0.064  39.228 0.0000000000
84755  -42.283  -1.068  38.029 0.0000000000
84756  -42.755  -0.409  38.226 0.0000000000
84765  -41.016  -1.552  36.542 0.0000000000
84766  -41.638  -1.194  36.973 0.0000000000
84767  -48.684  -1.333  36.219 0.0000000000
84768  -48.893  -1.189  35.773 0.0000000000
84773  -39.190  -1.767  35.223 0.0000000000
84774  -39.866  -1.398  35.436 0.0000000000
84775  -40.578  -1.360  35.938 0.0000000000
84776  -41.234  -1.010  36.197 0.0000000000
84777  -48.795  -1.539  35.736 0.0000000000
84778  -48.975  -1.432  35.439 0.0000000000
84783  -37.937  -1.841  34.289 0.0000000000
84784  -38.662  -1.500  34.563 0.0000000000
84785  -39.420  -1.126  34.847 0.0000000000
84786  -49.304  -1.514  34.547 0.0000000000
84790  -32.536  -1.287  33.099 0.0000000000
84791  -33.105  -1.587  33.008 0.0000000000
84792  -35.954  -1.748  33.246 0.0000000000
84793  -36.682  -1.426  33.490 0.0000000000
84794  -37.403  -1.496  33.898 0.0000000000
84795  -38.069  -1.166  34.029 0.0000000000
84796  -49.730  -1.534  33.735 0.0000000000
84797  -50.085  -1.600  33.025 0.0000000000
84799  -32.973  -0.761  32.825 0.0000000000
84800  -33.419  -1.145  32.724 0.0000000000
84801  -34.348  -1.196  32.584 0.0000000000
84802  -35.325  -1.341  32.814 0.0000000000
84803  -36.187  -1.076  33.005 0.0000000000
84804  -50.357  -1.666  32.220 0.0000000000
84809  -50.833  -1.520  31.348 0.0000000000
84810  -51.054  -1.856  31.017 0.0000000000
84812  -50.958  -1.049  30.813 0.0000000000
84813  -51.184  -1.554  30.509 0.0000000000
84821  -51.317  -1.603  29.628 0.0000000000
84823  -51.240  -1.485  28.792 0.0000000000
84825  -50.715  -1.552  27.548 0.0000000000
84826  -51.072  -1.384  27.962 0.0000000000
84828  -50.680  -1.270  27.006 0.0000000000
84829  -50.952  -0.898  27.198 0.0000000000
84833  -50.339  -1.220  26.291 0.0000000000
84834  -50.985  -0.711  26.602 0.0000000000
85684  -44.025  0.053  40.516 0.0000000000
85693  -43.693  -0.236  40.203 0.0000000000
85694  -43.857  0.187  39.749 0.0000000000
85701  -43.214  0.111  38.565 0.0000000000
85702  -43.639  0.433  39.106 0.0000000000
85714  -42.507  -0.392  37.803 0.0000000000
85715  -42.767  0.133  37.821 0.0000000000
85716  -48.088  -0.418  37.525 0.0000000000
85717  -48.597  -0.703  36.911 0.0000000000
85727  -42.251  -0.194  37.188 0.0000000000
85728  -42.583  0.399  37.348 0.0000000000
85729  -48.755  -0.738  35.931 0.0000000000
85730  -49.009  -1.037  35.485 0.0000000000
85734  -40.373  -0.887  35.408 0.0000000000
85735  -40.937  -0.337  35.550 0.0000000000
85736  -41.681  -0.334  36.346 0.0000000000
85737  -48.831  -0.535  35.154 0.0000000000
85738  -49.170  -1.058  34.894 0.0000000000
85743  -39.163  -0.459  34.405 0.0000000000
85744  -39.991  -0.339  34.958 0.0000000000
85745  -40.524  0.166  35.103 0.0000000000
85746  -48.920  -0.482  34.336 0.0000000000
85747  -49.431  -1.034  34.101 0.0000000000
85751  -32.652  -0.298  32.945 0.0000000000
85752  -37.204  -0.948  33.490 0.0000000000
85753  -37.776  -0.479  33.504 0.0000000000
85754  -38.524  -0.490  33.970 0.0000000000
85755  -49.148  -0.485  33.646 0.0000000000
85756  -49.755  -0.798  33.162 0.0000000000
85757  -50.204  -1.164  32.596 0.0000000000
85759  -33.306  -0.249  32.656 0.0000000000
85760  -34.029  -0.341  32.381 0.0000000000
85761  -34.940  -0.373  32.431 0.0000000000
85762  -35.905  -0.348  32.654 0.0000000000
85763  -36.950  -0.403  33.034 0.0000000000
85764  -37.564  -0.026  33.123 0.0000000000
85765  -49.984  -0.637  32.383 0.0000000000
85766  -50.405  -0.980  31.958 0.0000000000
85771  -49.987  -0.320  31.795 0.0000000000
85772  -50.516  -0.531  31.139 0.0000000000
85775  -50.991  -0.529  30.190 0.0000000000
85776  -51.274  -1.111  29.858 0.0000000000
85784  -50.862  -0.080  29.522 0.0000000000
85785  -51.188  -0.655  29.156 0.0000000000
85789  -51.246  -0.744  28.149 0.0000000000
85791  -51.073  -0.521  27.337 0.0000000000
85793  -51.214  -0.226  26.578 0.0000000000
85795  -50.806  -0.474  25.520 0.0000000000
85796  -51.481  -0.204  25.822 0.0000000000
85797  -51.914  0.045  25.446 0.0000000000
85800  -50.464  -0.294  24.798 0.0000000000
85801  -51.382  0.020  25.087 0.0000000000
85802  -51.851  0.125  25.306 0.0000000000
85807  -50.097  -0.068  24.234 0.0000000000
86571  -44.421  0.193  40.606 0.0000000000
86579  -44.289  0.465  40.022 0.0000000000
86580  -44.707  0.638  40.164 0.0000000000
86588  -44.022  0.905  39.349 0.0000000000
86589  -44.421  0.957  39.672 0.0000000000
86596  -43.174  0.597  38.097 0.0000000000
86597  -43.583  0.925  38.533 0.0000000000
86598  -46.615  1.125  38.658 0.0000000000
86608  -42.924  0.880  37.587 0.0000000000
86609  -43.322  1.009  37.995 0.0000000000
86610  -46.756  1.195  38.014 0.0000000000
86611  -47.324  0.553  37.770 0.0000000000
86612  -48.032  -0.015  37.038 0.0000000000
86625  -42.057  0.220  36.524 0.0000000000
86626  -42.425  0.813  36.790 0.0000000000
86627  -47.593  0.756  36.616 0.0000000000
86628  -48.259  -0.025  36.294 0.0000000000
86637  -40.925  0.672  35.183 0.0000000000
86638  -41.756  0.683  35.893 0.0000000000
86639  -42.217  1.271  36.239 0.0000000000
86640  -47.780  0.752  35.667 0.0000000000
86641  -48.338  0.024  35.453 0.0000000000
86648  -38.887  0.087  34.021 0.0000000000
86649  -39.357  0.660  34.279 0.0000000000
86650  -40.218  0.692  34.833 0.0000000000
86651  -47.892  0.688  34.989 0.0000000000
86652  -48.282  0.294  34.540 0.0000000000
86657  -37.872  0.184  33.208 0.0000000000
86658  -38.430  0.648  33.507 0.0000000000
86659  -38.955  1.219  33.859 0.0000000000
86660  -48.593  0.378  33.534 0.0000000000
86661  -49.090  -0.084  33.062 0.0000000000
86663  -33.049  0.561  32.822 0.0000000000
86664  -33.737  0.575  32.401 0.0000000000
86665  -34.540  0.551  32.265 0.0000000000
86666  -35.471  0.572  32.330 0.0000000000
86667  -36.479  0.616  32.585 0.0000000000
86668  -37.527  0.690  32.950 0.0000000000
86669  -38.023  1.186  33.050 0.0000000000
86670  -48.788  0.595  32.756 0.0000000000
86671  -49.305  0.174  32.273 0.0000000000
86675  -49.703  0.535  31.218 0.0000000000
86676  -50.310  0.144  30.521 0.0000000000
86678  -39.326  1.185  30.213 0.0000000000
86679  -39.812  1.004  30.144 0.0000000000
86680  -40.655  0.823  29.963 0.0000000000
86681  -41.455  0.737  29.750 0.0000000000
86682  -49.896  0.986  30.330 0.0000000000
86683  -50.466  0.356  29.842 0.0000000000
86690  -38.329  1.045  29.422 0.0000000000
86691  -38.972  0.857  29.622 0.0000000000
86692  -39.941  0.572  29.326 0.0000000000
86693  -40.881  0.460  29.143 0.0000000000
86694  -41.868  0.502  29.025 0.0000000000
86695  -42.504  0.548  28.624 0.0000000000
86696  -50.126  1.142  29.680 0.0000000000
86697  -50.589  0.585  28.988 0.0000000000
86698  -51.016  -0.100  28.317 0.0000000000
86702  -37.578  1.258  28.274 0.0000000000
86703  -38.137  0.909  28.695 0.0000000000
86704  -39.149  0.480  28.531 0.0000000000
86705  -40.157  0.252  28.383 0.0000000000
86706  -41.123  0.202  28.254 0.0000000000
86707  -41.976  0.346  28.081 0.0000000000
86708  -42.742  0.507  27.938 0.0000000000
86709  -50.737  0.658  27.939 0.0000000000
86710  -51.045  -0.048  27.555 0.0000000000
86712  -37.790  1.127  27.879 0.0000000000
86713  -38.440  0.784  27.556 0.0000000000
86714  -39.442  0.375  27.497 0.0000000000
86715  -40.401  0.125  27.412 0.0000000000
86716  -41.328  0.202  27.320 0.0000000000
86717  -42.139  0.440  27.231 0.0000000000
86718  -42.867  0.592  27.099 0.0000000000
86719  -50.910  0.626  27.191 0.0000000000
86720  -51.347  0.292  26.750 0.0000000000
86722  -38.897  0.767  26.599 0.0000000000
86723  -39.745  0.450  26.565 0.0000000000
86724  -40.642  0.320  26.485 0.0000000000
86725  -41.529  0.387  26.462 0.0000000000
86726  -42.317  0.548  26.426 0.0000000000
86727  -43.003  0.725  26.372 0.0000000000
86728  -51.878  0.316  26.086 0.0000000000
86729  -52.198  0.465  25.630 0.0000000000
86731  -39.242  0.822  25.911 0.0000000000
86732  -39.948  0.720  25.608 0.0000000000
86733  -40.905  0.577  25.677 0.0000000000
86734  -41.752  0.578  25.674 0.0000000000
86735  -42.537  0.680  25.690 0.0000000000
86736  -43.189  0.867  25.723 0.0000000000
86737  -52.022  0.156  25.619 0.0000000000
86738  -52.117  0.328  25.269 0.0000000000
86740  -40.415  0.874  24.981 0.0000000000
86741  -41.169  0.823  24.932 0.0000000000
86742  -42.027  0.754  24.910 0.0000000000
86743  -42.853  0.837  25.035 0.0000000000
86744  -43.326  0.992  25.245 0.0000000000
86745  -50.521  0.243  24.230 0.0000000000
86746  -51.108  0.658  24.294 0.0000000000
86747  -51.819  0.481  24.909 0.0000000000
86749  -49.561  0.215  23.437 0.0000000000
86750  -50.298  0.632  23.530 0.0000000000
86751  -50.935  1.088  23.619 0.0000000000
86757  -49.344  0.689  22.711 0.0000000000
86758  -50.102  1.039  22.844 0.0000000000
86768  -48.569  0.911  21.921 0.0000000000
86769  -49.149  1.216  21.978 0.0000000000
87506  -45.077  0.994  39.970 0.0000000000
87513  -44.311  1.393  39.290 0.0000000000
87514  -44.724  1.453  39.475 0.0000000000
87515  -45.238  1.469  39.570 0.0000000000
87516  -45.892  1.428  39.366 0.0000000000
87520  -44.029  1.704  38.719 0.0000000000
87521  -44.426  1.853  39.000 0.0000000000
87522  -46.053  1.832  38.620 0.0000000000
87529  -42.895  1.482  37.153 0.0000000000
87530  -43.480  1.701  37.784 0.0000000000
87531  -46.412  1.877  37.897 0.0000000000
87532  -46.844  1.340  37.690 0.0000000000
87542  -42.559  1.858  36.525 0.0000000000
87543  -43.113  2.136  37.034 0.0000000000
87544  -46.507  2.375  37.361 0.0000000000
87545  -46.889  1.776  37.028 0.0000000000
87557  -40.644  1.298  34.833 0.0000000000
87558  -41.314  1.610  35.171 0.0000000000
87559  -42.028  1.763  35.831 0.0000000000
87560  -47.239  1.720  35.878 0.0000000000
87566  -39.336  1.711  33.984 0.0000000000
87567  -40.027  1.601  34.423 0.0000000000
87568  -40.731  1.902  34.597 0.0000000000
87569  -47.538  1.655  34.802 0.0000000000
87570  -47.837  1.008  34.516 0.0000000000
87573  -38.204  1.709  33.169 0.0000000000
87574  -38.737  1.787  33.560 0.0000000000
87575  -47.631  2.131  34.191 0.0000000000
87576  -47.893  1.518  33.845 0.0000000000
87579  -33.484  1.548  32.485 0.0000000000
87580  -34.117  1.440  32.140 0.0000000000
87581  -34.968  1.474  32.128 0.0000000000
87582  -35.943  1.564  32.321 0.0000000000
87583  -36.913  1.667  32.671 0.0000000000
87584  -37.682  1.715  32.955 0.0000000000
87585  -48.492  1.667  32.729 0.0000000000
87586  -48.786  0.997  32.338 0.0000000000
87590  -33.696  1.963  32.234 0.0000000000
87591  -33.837  1.788  32.159 0.0000000000
87592  -40.293  2.045  31.188 0.0000000000
87593  -41.071  1.871  31.207 0.0000000000
87594  -42.040  1.525  31.195 0.0000000000
87595  -43.143  1.542  31.017 0.0000000000
87596  -44.190  1.694  30.935 0.0000000000
87597  -44.733  1.863  30.853 0.0000000000
87598  -48.747  2.275  32.236 0.0000000000
87599  -48.931  1.648  31.836 0.0000000000
87601  -38.144  2.025  30.418 0.0000000000
87602  -38.751  1.837  30.594 0.0000000000
87603  -39.555  1.700  30.714 0.0000000000
87604  -40.456  1.421  30.641 0.0000000000
87605  -41.354  1.139  30.516 0.0000000000
87606  -42.461  0.873  30.013 0.0000000000
87607  -43.748  1.241  30.049 0.0000000000
87608  -44.808  1.742  30.161 0.0000000000
87609  -45.362  2.066  29.814 0.0000000000
87610  -49.409  1.899  30.912 0.0000000000
87617  -36.915  2.029  29.406 0.0000000000
87618  -37.578  1.832  29.849 0.0000000000
87619  -38.364  1.413  29.955 0.0000000000
87620  -38.977  1.340  30.263 0.0000000000
87621  -42.553  0.648  29.149 0.0000000000
87622  -43.285  0.824  28.842 0.0000000000
87623  -44.353  1.436  29.078 0.0000000000
87624  -45.175  1.914  29.176 0.0000000000
87625  -49.865  2.004  30.143 0.0000000000
87626  -50.120  1.904  29.360 0.0000000000
87632  -36.666  2.210  28.546 0.0000000000
87633  -37.342  1.495  28.848 0.0000000000
87634  -37.912  1.263  29.371 0.0000000000
87635  -43.411  0.829  27.663 0.0000000000
87636  -44.087  1.261  28.015 0.0000000000
87637  -44.922  1.744  28.180 0.0000000000
87638  -50.362  1.865  28.439 0.0000000000
87640  -36.817  2.259  27.871 0.0000000000
87641  -37.212  1.760  27.718 0.0000000000
87642  -37.809  1.300  27.256 0.0000000000
87643  -43.367  0.864  26.924 0.0000000000
87644  -43.871  1.171  27.089 0.0000000000
87645  -44.584  1.569  27.186 0.0000000000
87646  -50.733  1.507  27.494 0.0000000000
87647  -51.157  1.258  26.777 0.0000000000
87649  -37.635  1.848  26.676 0.0000000000
87650  -38.180  1.254  26.591 0.0000000000
87651  -43.553  1.046  26.354 0.0000000000
87652  -44.152  1.378  26.333 0.0000000000
87653  -44.901  1.738  26.245 0.0000000000
87654  -51.730  1.148  26.129 0.0000000000
87655  -52.092  0.926  25.847 0.0000000000
87657  -38.038  1.793  26.021 0.0000000000
87658  -38.596  1.429  25.668 0.0000000000
87659  -39.229  1.130  25.296 0.0000000000
87660  -43.684  1.155  25.621 0.0000000000
87661  -44.307  1.466  25.424 0.0000000000
87662  -45.081  1.819  25.249 0.0000000000
87663  -51.934  1.348  25.396 0.0000000000
87664  -52.158  0.782  25.286 0.0000000000
87666  -38.944  1.615  24.919 0.0000000000
87667  -39.630  1.381  24.586 0.0000000000
87668  -40.541  1.251  24.314 0.0000000000
87669  -41.421  1.180  24.171 0.0000000000
87670  -42.390  1.107  24.187 0.0000000000
87671  -43.496  1.169  24.579 0.0000000000
87672  -44.475  1.589  24.438 0.0000000000
87673  -45.221  1.933  24.341 0.0000000000
87674  -51.750  1.239  24.623 0.0000000000
87675  -52.074  0.665  24.974 0.0000000000
87677  -40.011  1.706  23.863 0.0000000000
87678  -40.713  1.735  23.528 0.0000000000
87679  -41.743  1.717  23.367 0.0000000000
87680  -42.777  1.547  23.343 0.0000000000
87681  -43.841  1.604  23.557 0.0000000000
87682  -44.777  1.894  23.481 0.0000000000
87683  -45.334  2.072  23.794 0.0000000000
87684  -50.792  1.295  23.308 0.0000000000
87685  -51.133  1.759  23.365 0.0000000000
87686  -51.261  2.330  22.521 0.0000000000
87688  -41.111  2.096  22.991 0.0000000000
87689  -41.533  2.149  22.957 0.0000000000
87690  -43.336  1.921  22.819 0.0000000000
87691  -44.106  2.002  22.837 0.0000000000
87692  -44.587  2.119  22.879 0.0000000000
87693  -49.982  1.266  22.502 0.0000000000
87694  -50.532  1.543  22.623 0.0000000000
87695  -51.075  2.113  22.055 0.0000000000
87696  -51.316  2.298  22.213 0.0000000000
87704  -48.263  1.126  21.392 0.0000000000
87705  -48.829  1.413  21.395 0.0000000000
87706  -49.756  1.655  21.735 0.0000000000
87707  -50.713  2.131  21.418 0.0000000000
87708  -51.273  2.442  21.068 0.0000000000
87715  -49.050  1.923  20.524 0.0000000000
87716  -50.197  2.348  20.351 0.0000000000
87717  -50.991  2.385  20.559 0.0000000000
87718  -51.347  2.613  20.478 0.0000000000
87727  -50.071  2.468  19.514 0.0000000000
87728  -51.160  2.502  20.312 0.0000000000
87729  -51.281  2.598  20.165 0.0000000000
88422  -44.986  1.880  39.259 0.0000000000
88423  -45.300  2.026  39.101 0.0000000000
88424  -45.652  2.102  38.803 0.0000000000
88427  -44.330  2.202  38.653 0.0000000000
88428  -44.754  2.481  38.711 0.0000000000
88429  -45.348  2.608  38.591 0.0000000000
88430  -45.809  2.590  38.234 0.0000000000
88434  -44.097  2.703  38.065 0.0000000000
88435  -44.493  3.167  38.172 0.0000000000
88436  -46.216  2.895  37.569 0.0000000000
88447  -42.826  2.829  36.674 0.0000000000
88448  -43.417  2.824  37.299 0.0000000000
88449  -46.507  2.905  36.904 0.0000000000
88450  -46.880  2.815  36.143 0.0000000000
88465  -41.764  2.496  35.364 0.0000000000
88466  -42.304  2.640  36.034 0.0000000000
88467  -47.245  2.804  35.199 0.0000000000
88473  -39.728  2.167  34.039 0.0000000000
88474  -40.312  2.554  34.125 0.0000000000
88475  -41.194  2.455  34.712 0.0000000000
88476  -47.606  2.774  34.405 0.0000000000
88479  -37.811  2.873  33.105 0.0000000000
88480  -38.211  2.590  33.186 0.0000000000
88481  -39.211  2.658  33.671 0.0000000000
88482  -39.875  3.102  33.693 0.0000000000
88483  -47.794  2.552  33.864 0.0000000000
88484  -48.179  2.756  33.279 0.0000000000
88487  -33.657  2.397  32.324 0.0000000000
88488  -34.357  2.282  32.080 0.0000000000
88489  -35.385  2.414  32.198 0.0000000000
88490  -36.324  2.548  32.480 0.0000000000
88491  -37.399  2.692  32.901 0.0000000000
88492  -37.891  2.214  33.059 0.0000000000
88493  -41.365  3.043  32.301 0.0000000000
88494  -42.216  2.888  32.460 0.0000000000
88495  -43.209  2.699  32.574 0.0000000000
88496  -44.262  2.691  32.523 0.0000000000
88497  -45.271  2.917  32.437 0.0000000000
88498  -46.058  3.364  32.339 0.0000000000
88499  -46.439  3.729  32.188 0.0000000000
88500  -48.802  3.085  32.489 0.0000000000
88501  -49.200  3.707  32.228 0.0000000000
88505  -33.886  2.067  32.089 0.0000000000
88506  -34.041  1.879  32.029 0.0000000000
88507  -38.268  2.972  31.348 0.0000000000
88508  -38.973  2.833  31.493 0.0000000000
88509  -39.749  2.564  31.479 0.0000000000
88510  -40.684  2.685  31.770 0.0000000000
88511  -41.658  2.398  31.806 0.0000000000
88512  -42.649  2.136  31.880 0.0000000000
88513  -43.723  2.095  31.789 0.0000000000
88514  -44.871  2.192  31.486 0.0000000000
88515  -45.882  2.751  31.621 0.0000000000
88516  -46.496  3.402  31.721 0.0000000000
88517  -48.918  2.559  32.034 0.0000000000
88518  -49.260  3.094  31.694 0.0000000000
88520  -36.838  2.885  30.384 0.0000000000
88521  -37.615  2.654  30.680 0.0000000000
88522  -38.468  2.454  30.945 0.0000000000
88523  -39.090  2.278  31.069 0.0000000000
88524  -45.036  1.974  30.770 0.0000000000
88525  -45.610  2.341  30.504 0.0000000000
88526  -46.469  3.073  30.871 0.0000000000
88527  -49.659  3.085  30.724 0.0000000000
88530  -35.852  3.135  29.333 0.0000000000
88531  -36.364  2.718  29.632 0.0000000000
88532  -37.019  2.375  30.025 0.0000000000
88533  -45.772  2.412  29.417 0.0000000000
88534  -46.431  2.949  29.847 0.0000000000
88535  -50.003  2.978  29.944 0.0000000000
88536  -50.236  2.933  29.222 0.0000000000
88542  -35.676  3.333  28.990 0.0000000000
88543  -36.075  3.000  28.664 0.0000000000
88544  -45.638  2.368  28.415 0.0000000000
88545  -46.347  2.956  28.801 0.0000000000
88546  -50.373  3.083  28.594 0.0000000000
88548  -36.619  2.835  27.745 0.0000000000
88549  -36.944  2.373  27.552 0.0000000000
88550  -45.423  2.235  27.203 0.0000000000
88551  -46.230  2.906  27.735 0.0000000000
88552  -50.557  2.683  27.852 0.0000000000
88553  -50.926  2.318  27.095 0.0000000000
88555  -36.772  3.171  27.158 0.0000000000
88556  -37.117  2.668  26.896 0.0000000000
88557  -45.618  2.272  25.994 0.0000000000
88558  -46.227  2.821  26.645 0.0000000000
88559  -51.257  2.146  26.393 0.0000000000
88561  -37.796  2.568  25.786 0.0000000000
88562  -38.191  2.035  25.542 0.0000000000
88563  -45.749  2.269  24.979 0.0000000000
88564  -46.344  2.729  25.588 0.0000000000
88565  -51.502  2.169  25.649 0.0000000000
88567  -37.902  2.926  25.094 0.0000000000
88568  -38.449  2.436  24.783 0.0000000000
88569  -39.023  1.904  24.443 0.0000000000
88570  -45.780  2.291  24.079 0.0000000000
88571  -46.426  2.675  24.555 0.0000000000
88572  -51.648  2.226  24.820 0.0000000000
88574  -38.687  2.923  24.038 0.0000000000
88575  -39.317  2.419  23.728 0.0000000000
88576  -40.056  2.077  23.478 0.0000000000
88577  -41.867  2.201  22.931 0.0000000000
88578  -42.199  1.942  22.997 0.0000000000
88579  -44.945  2.258  22.889 0.0000000000
88580  -45.514  2.342  23.277 0.0000000000
88581  -46.355  2.723  23.512 0.0000000000
88582  -51.518  2.380  23.859 0.0000000000
88583  -51.491  2.559  22.954 0.0000000000
88585  -39.615  2.959  23.113 0.0000000000
88586  -40.304  2.627  23.028 0.0000000000
88587  -41.410  2.720  22.769 0.0000000000
88588  -42.473  2.508  22.617 0.0000000000
88589  -43.544  2.652  22.398 0.0000000000
88590  -44.462  2.619  22.495 0.0000000000
88591  -45.273  2.726  22.549 0.0000000000
88592  -46.025  2.836  22.744 0.0000000000
88593  -51.399  2.369  22.041 0.0000000000
88594  -51.498  2.586  22.334 0.0000000000
88602  -51.538  2.618  21.541 0.0000000000
88603  -51.564  2.634  21.965 0.0000000000
88611  -50.867  2.463  20.092 0.0000000000
88612  -51.116  2.395  20.264 0.0000000000
88613  -51.662  3.032  20.664 0.0000000000
88614  -51.758  3.181  20.141 0.0000000000
88622  -50.576  2.478  19.428 0.0000000000
88623  -51.131  2.520  19.772 0.0000000000
88624  -51.475  2.786  19.957 0.0000000000
88625  -51.719  3.031  19.920 0.0000000000
88634  -51.015  2.478  18.776 0.0000000000
88635  -51.437  2.765  19.063 0.0000000000
88636  -51.649  2.960  19.441 0.0000000000
89331  -44.765  3.408  38.187 0.0000000000
89332  -45.174  3.248  38.295 0.0000000000
89333  -45.497  3.067  38.272 0.0000000000
89342  -43.806  3.383  37.409 0.0000000000
89343  -44.359  3.902  37.611 0.0000000000
89344  -45.100  3.989  37.971 0.0000000000
89345  -45.640  3.595  37.719 0.0000000000
89358  -42.635  3.248  36.213 0.0000000000
89359  -43.325  3.930  36.614 0.0000000000
89360  -44.150  4.452  36.977 0.0000000000
89361  -46.232  3.761  37.050 0.0000000000
89362  -46.640  3.791  36.422 0.0000000000
89378  -41.578  2.926  34.976 0.0000000000
89379  -42.236  3.341  35.441 0.0000000000
89380  -42.947  4.228  35.379 0.0000000000
89381  -47.136  3.859  35.648 0.0000000000
89387  -40.410  3.096  33.879 0.0000000000
89388  -41.221  3.136  34.319 0.0000000000
89389  -42.258  3.634  34.533 0.0000000000
89390  -43.154  4.117  34.557 0.0000000000
89391  -43.787  4.195  34.337 0.0000000000
89392  -47.621  3.871  34.655 0.0000000000
89393  -48.068  4.256  33.957 0.0000000000
89396  -37.871  3.117  33.019 0.0000000000
89397  -38.416  3.239  33.095 0.0000000000
89398  -39.269  3.372  33.226 0.0000000000
89399  -40.291  3.356  33.432 0.0000000000
89400  -41.406  3.446  33.622 0.0000000000
89401  -42.433  3.618  33.828 0.0000000000
89402  -43.338  3.778  33.865 0.0000000000
89403  -44.270  3.975  33.849 0.0000000000
89404  -45.106  4.049  33.615 0.0000000000
89405  -45.847  4.289  33.437 0.0000000000
89406  -47.962  3.426  33.880 0.0000000000
89407  -48.502  3.990  33.277 0.0000000000
89410  -34.049  3.293  32.167 0.0000000000
89411  -34.928  3.192  32.111 0.0000000000
89412  -35.758  3.210  32.274 0.0000000000
89413  -36.523  3.386  32.353 0.0000000000
89414  -37.565  3.382  32.482 0.0000000000
89415  -38.512  3.436  32.498 0.0000000000
89416  -39.478  3.441  32.628 0.0000000000
89417  -40.571  3.353  32.581 0.0000000000
89418  -41.769  3.420  32.979 0.0000000000
89419  -42.760  3.293  33.198 0.0000000000
89420  -43.746  3.300  33.237 0.0000000000
89421  -44.709  3.404  33.161 0.0000000000
89422  -45.572  3.672  32.988 0.0000000000
89423  -46.356  4.123  32.715 0.0000000000
89424  -49.068  4.212  32.600 0.0000000000
89425  -49.457  4.247  32.054 0.0000000000
89429  -36.650  3.679  31.734 0.0000000000
89430  -37.590  3.374  31.530 0.0000000000
89431  -38.738  3.362  31.913 0.0000000000
89432  -39.597  3.192  32.013 0.0000000000
89433  -40.135  3.033  31.956 0.0000000000
89434  -46.850  4.047  31.958 0.0000000000
89435  -47.262  4.297  31.508 0.0000000000
89436  -49.697  4.175  31.319 0.0000000000
89438  -35.430  3.924  30.229 0.0000000000
89439  -36.222  3.489  30.625 0.0000000000
89440  -37.070  3.163  30.819 0.0000000000
89441  -46.975  3.769  31.198 0.0000000000
89442  -47.452  4.359  30.830 0.0000000000
89443  -50.044  4.134  30.475 0.0000000000
89444  -50.289  4.467  29.931 0.0000000000
89447  -35.485  3.667  29.530 0.0000000000
89448  -35.921  3.213  29.818 0.0000000000
89449  -47.043  3.660  30.294 0.0000000000
89450  -47.562  4.461  29.819 0.0000000000
89451  -50.214  3.725  29.779 0.0000000000
89452  -50.344  4.059  29.199 0.0000000000
89458  -35.685  3.772  28.513 0.0000000000
89459  -36.160  3.435  27.997 0.0000000000
89460  -46.995  3.654  29.265 0.0000000000
89461  -47.547  4.430  28.718 0.0000000000
89462  -50.481  3.912  28.258 0.0000000000
89464  -35.980  3.944  27.769 0.0000000000
89465  -36.471  3.659  27.325 0.0000000000
89466  -46.883  3.625  28.210 0.0000000000
89467  -47.474  4.230  27.651 0.0000000000
89468  -50.772  3.559  27.383 0.0000000000
89469  -51.049  3.008  26.780 0.0000000000
89471  -36.958  3.578  26.734 0.0000000000
89472  -37.412  3.466  26.090 0.0000000000
89473  -46.795  3.547  27.162 0.0000000000
89474  -47.490  4.006  26.649 0.0000000000
89475  -50.966  3.799  26.844 0.0000000000
89476  -51.192  3.363  26.182 0.0000000000
89478  -37.738  3.475  25.309 0.0000000000
89479  -46.904  3.357  26.146 0.0000000000
89480  -47.657  3.811  25.663 0.0000000000
89481  -48.125  4.063  25.162 0.0000000000
89482  -51.387  3.305  25.239 0.0000000000
89484  -37.984  3.365  24.689 0.0000000000
89485  -38.325  3.385  24.189 0.0000000000
89486  -47.071  3.168  25.128 0.0000000000
89487  -47.741  3.657  24.671 0.0000000000
89488  -48.292  4.191  24.462 0.0000000000
89489  -51.418  3.341  24.293 0.0000000000
89491  -38.726  3.492  23.545 0.0000000000
89492  -39.258  3.261  23.182 0.0000000000
89493  -47.127  3.207  23.991 0.0000000000
89494  -47.905  3.933  23.547 0.0000000000
89495  -48.401  4.340  23.862 0.0000000000
89496  -51.530  3.423  23.240 0.0000000000
89497  -51.556  3.057  22.596 0.0000000000
89499  -39.018  3.858  22.962 0.0000000000
89500  -39.717  3.660  22.770 0.0000000000
89501  -40.756  3.724  22.513 0.0000000000
89502  -41.857  3.740  22.328 0.0000000000
89503  -42.970  3.672  21.913 0.0000000000
89504  -43.984  3.398  21.991 0.0000000000
89505  -44.868  3.313  21.991 0.0000000000
89506  -45.807  3.338  22.112 0.0000000000
89507  -46.950  3.630  22.599 0.0000000000
89508  -47.682  4.120  22.813 0.0000000000
89509  -51.488  3.620  22.333 0.0000000000
89510  -51.615  3.066  22.140 0.0000000000
89516  -43.708  4.191  21.720 0.0000000000
89517  -44.442  4.134  21.692 0.0000000000
89518  -45.329  4.073  21.651 0.0000000000
89519  -46.266  4.062  21.752 0.0000000000
89520  -46.783  4.169  21.950 0.0000000000
89521  -51.652  3.434  21.360 0.0000000000
89522  -51.656  2.856  21.748 0.0000000000
89531  -51.703  3.549  20.112 0.0000000000
89532  -51.772  3.236  19.873 0.0000000000
89539  -51.766  3.686  19.500 0.0000000000
89540  -51.760  3.326  19.404 0.0000000000
89548  -51.635  2.958  18.442 0.0000000000
89549  -51.697  3.110  18.867 0.0000000000
89556  -51.720  3.236  18.341 0.0000000000
90252  -44.646  4.716  37.105 0.0000000000
90253  -45.149  4.579  37.408 0.0000000000
90254  -45.443  4.261  37.501 0.0000000000
90266  -43.668  4.723  35.848 0.0000000000
90267  -44.345  4.949  36.463 0.0000000000
90268  -45.315  5.184  36.797 0.0000000000
90269  -46.003  4.757  37.016 0.0000000000
90270  -46.417  4.333  36.666 0.0000000000
90280  -43.721  4.579  35.116 0.0000000000
90281  -44.517  4.977  35.518 0.0000000000
90282  -45.277  5.411  35.995 0.0000000000
90283  -46.354  5.158  36.474 0.0000000000
90284  -46.757  4.756  36.182 0.0000000000
90291  -43.769  4.394  34.683 0.0000000000
90292  -44.504  4.533  34.615 0.0000000000
90293  -45.705  5.226  34.925 0.0000000000
90294  -46.565  5.294  34.581 0.0000000000
90295  -47.397  4.703  35.219 0.0000000000
90296  -47.845  4.725  34.374 0.0000000000
90299  -44.829  4.294  34.068 0.0000000000
90300  -45.474  4.537  34.111 0.0000000000
90301  -46.721  4.947  33.681 0.0000000000
90302  -47.594  5.129  33.375 0.0000000000
90303  -48.328  4.753  33.699 0.0000000000
90307  -34.607  3.978  31.895 0.0000000000
90308  -35.428  3.697  31.986 0.0000000000
90309  -35.934  3.592  32.151 0.0000000000
90310  -47.154  4.540  32.488 0.0000000000
90311  -47.677  4.987  32.787 0.0000000000
90312  -48.854  4.820  33.071 0.0000000000
90313  -49.345  4.930  32.446 0.0000000000
90318  -34.287  4.728  31.259 0.0000000000
90319  -35.259  4.113  31.537 0.0000000000
90320  -35.967  3.807  31.881 0.0000000000
90321  -47.275  4.428  31.913 0.0000000000
90322  -47.743  4.844  31.691 0.0000000000
90323  -49.740  4.991  31.814 0.0000000000
90326  -34.547  4.890  30.347 0.0000000000
90327  -35.270  4.300  30.768 0.0000000000
90328  -35.900  3.962  31.341 0.0000000000
90329  -48.068  5.089  30.540 0.0000000000
90330  -50.101  5.082  31.100 0.0000000000
90331  -50.231  5.144  30.345 0.0000000000
90334  -34.620  5.062  29.557 0.0000000000
90335  -34.922  4.328  29.873 0.0000000000
90336  -48.384  5.441  29.329 0.0000000000
90337  -48.932  6.190  29.027 0.0000000000
90338  -50.329  5.141  29.652 0.0000000000
90344  -34.727  5.266  29.062 0.0000000000
90345  -35.016  4.621  28.816 0.0000000000
90346  -48.113  5.081  28.098 0.0000000000
90347  -48.750  5.927  28.388 0.0000000000
90348  -50.497  5.057  28.814 0.0000000000
90350  -35.694  4.532  27.966 0.0000000000
90351  -36.290  4.459  27.341 0.0000000000
90352  -48.086  4.724  27.081 0.0000000000
90353  -48.688  5.530  27.444 0.0000000000
90354  -50.827  4.944  27.762 0.0000000000
90355  -51.097  5.516  27.335 0.0000000000
90357  -36.844  4.312  26.828 0.0000000000
90358  -37.294  4.282  26.331 0.0000000000
90359  -48.116  4.411  26.143 0.0000000000
90360  -48.715  5.122  26.448 0.0000000000
90361  -50.911  4.286  27.195 0.0000000000
90362  -51.173  4.787  26.799 0.0000000000
90364  -37.596  4.316  25.622 0.0000000000
90365  -48.130  4.227  25.590 0.0000000000
90366  -48.603  4.714  25.307 0.0000000000
90367  -51.320  4.505  25.767 0.0000000000
90369  -37.774  4.266  24.650 0.0000000000
90370  -38.020  3.816  24.317 0.0000000000
90371  -48.766  4.742  24.183 0.0000000000
90372  -51.394  4.447  24.878 0.0000000000
90374  -37.762  4.725  24.088 0.0000000000
90375  -38.096  4.277  23.831 0.0000000000
90376  -48.073  4.379  22.891 0.0000000000
90377  -48.526  4.670  23.292 0.0000000000
90378  -51.451  4.567  23.962 0.0000000000
90380  -38.590  4.445  23.197 0.0000000000
90381  -39.222  4.662  22.803 0.0000000000
90382  -40.135  4.772  22.481 0.0000000000
90383  -41.231  4.992  22.147 0.0000000000
90384  -42.311  4.818  21.886 0.0000000000
90385  -47.106  4.392  22.039 0.0000000000
90386  -47.754  4.702  22.304 0.0000000000
90387  -48.304  4.778  22.709 0.0000000000
90388  -51.465  4.847  22.931 0.0000000000
90393  -43.189  4.853  21.582 0.0000000000
90394  -44.012  4.964  21.513 0.0000000000
90395  -44.872  4.952  21.437 0.0000000000
90396  -45.811  4.892  21.434 0.0000000000
90397  -46.705  4.805  21.700 0.0000000000
90398  -47.253  4.853  21.892 0.0000000000
90399  -51.388  4.595  21.815 0.0000000000
90409  -50.995  5.302  20.249 0.0000000000
90410  -51.380  4.638  20.602 0.0000000000
90422  -50.999  4.993  19.658 0.0000000000
90423  -51.523  4.190  19.454 0.0000000000
90424  -51.764  3.771  19.082 0.0000000000
90432  -51.056  4.714  18.747 0.0000000000
90433  -51.598  4.138  18.581 0.0000000000
90434  -51.747  3.557  18.559 0.0000000000
91204  -45.866  5.315  36.726 0.0000000000
91205  -46.141  5.339  36.564 0.0000000000
91215  -45.873  5.536  36.369 0.0000000000
91216  -46.435  5.400  36.040 0.0000000000
91217  -46.993  5.209  35.493 0.0000000000
91225  -46.008  5.578  35.726 0.0000000000
91226  -46.635  5.465  35.145 0.0000000000
91227  -47.395  5.167  34.654 0.0000000000
91228  -47.964  5.067  34.005 0.0000000000
91231  -47.032  5.336  34.400 0.0000000000
91232  -47.638  5.228  33.819 0.0000000000
91233  -48.298  5.051  33.367 0.0000000000
91237  -48.107  5.206  33.051 0.0000000000
91238  -48.806  5.234  32.578 0.0000000000
91239  -49.338  5.329  32.022 0.0000000000
91245  -48.355  5.295  32.204 0.0000000000
91246  -49.017  5.560  31.750 0.0000000000
91247  -49.543  5.446  31.348 0.0000000000
91252  -48.570  5.399  31.235 0.0000000000
91253  -49.219  5.730  30.816 0.0000000000
91254  -49.873  5.819  30.510 0.0000000000
91255  -50.219  5.778  29.994 0.0000000000
91260  -48.723  5.698  30.340 0.0000000000
91261  -49.387  6.333  29.661 0.0000000000
91262  -50.027  6.311  29.776 0.0000000000
91263  -50.366  6.018  29.366 0.0000000000
91270  -34.930  5.608  28.626 0.0000000000
91271  -35.479  5.290  28.091 0.0000000000
91272  -49.391  6.631  28.654 0.0000000000
91273  -49.702  6.979  28.404 0.0000000000
91274  -50.655  6.006  28.487 0.0000000000
91276  -36.099  5.145  27.574 0.0000000000
91277  -37.019  5.169  27.034 0.0000000000
91278  -37.965  5.678  26.991 0.0000000000
91279  -38.304  5.927  27.015 0.0000000000
91280  -49.256  6.307  27.748 0.0000000000
91281  -49.685  6.856  27.944 0.0000000000
91282  -51.005  6.094  27.695 0.0000000000
91283  -51.193  6.013  26.959 0.0000000000
91285  -37.273  4.738  26.631 0.0000000000
91286  -37.687  5.339  26.305 0.0000000000
91287  -38.092  5.874  26.786 0.0000000000
91288  -49.315  5.929  26.813 0.0000000000
91289  -49.781  6.654  27.128 0.0000000000
91290  -51.428  5.688  26.170 0.0000000000
91292  -37.553  5.179  25.133 0.0000000000
91293  -49.319  5.636  25.743 0.0000000000
91294  -49.957  6.393  26.154 0.0000000000
91295  -51.510  5.343  25.410 0.0000000000
91297  -37.607  5.079  24.362 0.0000000000
91298  -49.279  5.464  24.619 0.0000000000
91299  -49.970  6.250  25.022 0.0000000000
91300  -51.532  5.550  24.700 0.0000000000
91302  -37.737  5.342  23.636 0.0000000000
91303  -38.203  4.902  23.379 0.0000000000
91304  -49.148  5.373  23.559 0.0000000000
91305  -49.805  6.126  23.869 0.0000000000
91306  -51.529  5.789  23.845 0.0000000000
91308  -37.762  5.990  23.079 0.0000000000
91309  -38.457  5.561  22.957 0.0000000000
91310  -39.538  5.762  22.645 0.0000000000
91311  -40.484  5.922  22.341 0.0000000000
91312  -41.242  6.150  22.129 0.0000000000
91313  -41.969  5.923  21.966 0.0000000000
91314  -48.062  5.428  22.028 0.0000000000
91315  -48.713  5.521  22.517 0.0000000000
91316  -49.475  5.980  23.023 0.0000000000
91317  -51.404  6.092  23.134 0.0000000000
91319  -42.770  5.797  21.689 0.0000000000
91320  -43.554  5.817  21.540 0.0000000000
91321  -44.407  5.884  21.448 0.0000000000
91322  -45.350  5.842  21.343 0.0000000000
91323  -46.327  5.764  21.427 0.0000000000
91324  -47.382  5.634  21.748 0.0000000000
91325  -48.268  6.017  21.839 0.0000000000
91326  -51.127  6.229  21.587 0.0000000000
91327  -51.353  5.886  22.264 0.0000000000
91333  -50.917  5.865  20.794 0.0000000000
91334  -51.197  5.422  21.436 0.0000000000
91346  -50.676  5.863  19.899 0.0000000000
91359  -50.640  5.665  18.939 0.0000000000
92119  -49.716  6.809  29.290 0.0000000000
92120  -49.948  6.743  29.390 0.0000000000
92121  -50.191  6.538  29.431 0.0000000000
92129  -35.728  6.176  28.207 0.0000000000
92130  -36.863  6.449  27.963 0.0000000000
92131  -37.930  6.584  27.924 0.0000000000
92134  -49.593  6.792  29.132 0.0000000000
92135  -49.881  6.917  28.782 0.0000000000
92136  -50.264  6.601  28.958 0.0000000000
92138  -35.935  5.590  27.872 0.0000000000
92139  -36.529  5.727  27.677 0.0000000000
92140  -37.518  5.949  27.464 0.0000000000
92141  -38.473  6.306  27.387 0.0000000000
92143  -49.959  6.970  28.138 0.0000000000
92144  -50.440  6.707  27.947 0.0000000000
92145  -51.098  6.732  27.250 0.0000000000
92147  -37.819  6.151  26.302 0.0000000000
92148  -38.330  6.209  26.827 0.0000000000
92150  -50.179  6.930  27.437 0.0000000000
92151  -50.819  7.163  26.804 0.0000000000
92152  -51.336  6.753  26.398 0.0000000000
92154  -37.004  6.732  25.200 0.0000000000
92155  -37.328  6.308  25.528 0.0000000000
92156  -50.370  6.990  26.495 0.0000000000
92157  -50.803  7.474  25.852 0.0000000000
92158  -51.508  6.369  25.506 0.0000000000
92160  -36.898  6.683  24.815 0.0000000000
92161  -37.234  5.924  24.408 0.0000000000
92162  -50.453  7.007  25.467 0.0000000000
92163  -50.827  7.430  24.938 0.0000000000
92164  -51.498  6.559  24.614 0.0000000000
92166  -36.888  6.741  24.110 0.0000000000
92167  -37.374  6.506  23.504 0.0000000000
92168  -50.502  7.040  24.200 0.0000000000
92169  -50.843  7.450  24.367 0.0000000000
92170  -51.450  6.852  23.750 0.0000000000
92172  -37.999  6.768  22.819 0.0000000000
92173  -38.992  6.757  22.690 0.0000000000
92174  -39.941  6.890  22.453 0.0000000000
92175  -40.838  6.955  22.248 0.0000000000
92176  -41.706  6.928  22.113 0.0000000000
92177  -42.556  6.814  21.874 0.0000000000
92178  -43.126  7.125  21.705 0.0000000000
92179  -49.343  6.291  22.542 0.0000000000
92180  -49.961  6.790  22.871 0.0000000000
92181  -51.383  6.836  22.851 0.0000000000
92183  -43.160  6.503  21.651 0.0000000000
92184  -43.838  6.855  21.547 0.0000000000
92185  -44.885  6.820  21.431 0.0000000000
92186  -45.849  6.736  21.339 0.0000000000
92187  -46.814  6.740  21.417 0.0000000000
92188  -47.879  6.833  21.456 0.0000000000
92189  -49.093  6.810  21.878 0.0000000000
92190  -49.732  7.357  22.197 0.0000000000
92191  -50.670  6.877  21.317 0.0000000000
92192  -51.155  6.880  22.089 0.0000000000
92194  -50.406  6.852  20.320 0.0000000000
92203  -50.381  6.797  19.278 0.0000000000
93047  -36.957  7.586  26.124 0.0000000000
93048  -37.829  6.945  26.433 0.0000000000
93049  -38.807  6.976  26.933 0.0000000000
93051  -51.221  7.361  25.941 0.0000000000
93052  -51.387  7.001  25.810 0.0000000000
93054  -36.716  7.191  25.315 0.0000000000
93055  -37.198  6.975  25.856 0.0000000000
93056  -51.109  7.464  25.194 0.0000000000
93057  -51.354  7.096  25.287 0.0000000000
93059  -36.535  7.374  24.357 0.0000000000
93060  -51.044  7.521  24.488 0.0000000000
93061  -51.285  7.226  24.562 0.0000000000
93063  -36.904  7.409  23.646 0.0000000000
93064  -37.405  7.437  23.080 0.0000000000
93065  -50.524  7.302  23.250 0.0000000000
93066  -50.895  7.501  23.793 0.0000000000
93067  -51.178  7.361  23.981 0.0000000000
93069  -37.922  7.656  22.680 0.0000000000
93070  -38.587  7.571  22.589 0.0000000000
93071  -39.430  7.851  22.468 0.0000000000
93072  -40.372  7.940  22.376 0.0000000000
93073  -41.264  7.753  22.136 0.0000000000
93074  -42.267  7.796  21.903 0.0000000000
93075  -42.815  7.435  21.783 0.0000000000
93076  -50.228  7.372  22.427 0.0000000000
93077  -50.774  7.441  22.924 0.0000000000
93078  -51.186  7.341  23.324 0.0000000000
93080  -39.628  8.338  22.199 0.0000000000
93081  -39.908  8.250  22.300 0.0000000000
93082  -42.721  8.222  21.565 0.0000000000
93083  -43.315  7.849  21.600 0.0000000000
93084  -44.461  7.779  21.482 0.0000000000
93085  -45.449  7.670  21.425 0.0000000000
93086  -46.268  7.506  21.307 0.0000000000
93087  -47.140  7.912  21.162 0.0000000000
93088  -48.415  7.908  21.161 0.0000000000
93089  -49.577  7.944  21.534 0.0000000000
93090  -50.497  7.390  21.991 0.0000000000
93091  -51.076  7.306  22.638 0.0000000000
93093  -47.176  8.540  20.909 0.0000000000
93094  -47.653  8.462  20.866 0.0000000000
93095  -49.614  8.365  20.895 0.0000000000
93096  -50.148  7.946  20.768 0.0000000000
93107  -43.247  8.024  19.412 0.0000000000
93108  -44.119  8.252  19.354 0.0000000000
93109  -44.601  8.445  19.317 0.0000000000
93110  -50.020  8.336  19.144 0.0000000000
93111  -50.171  7.865  19.650 0.0000000000
93125  -49.918  8.467  18.776 0.0000000000
93951  -36.172  8.045  25.773 0.0000000000
93953  -35.505  8.831  24.408 0.0000000000
93954  -36.018  8.035  24.801 0.0000000000
93956  -35.572  8.984  23.760 0.0000000000
93957  -36.216  8.343  23.477 0.0000000000
93958  -36.946  7.871  23.198 0.0000000000
93960  -36.506  8.697  22.363 0.0000000000
93961  -37.313  8.210  22.611 0.0000000000
93962  -38.288  8.079  22.323 0.0000000000
93963  -38.850  8.057  22.392 0.0000000000
93964  -40.466  8.346  22.151 0.0000000000
93965  -40.821  8.315  22.048 0.0000000000
93966  -41.510  8.259  21.864 0.0000000000
93968  -36.440  8.803  21.712 0.0000000000
93969  -37.028  8.621  21.767 0.0000000000
93970  -37.894  8.400  21.756 0.0000000000
93971  -39.001  8.323  21.870 0.0000000000
93972  -40.125  8.530  21.857 0.0000000000
93973  -41.093  8.561  21.503 0.0000000000
93974  -42.107  8.477  21.413 0.0000000000
93975  -43.186  8.555  21.188 0.0000000000
93976  -44.165  8.544  21.324 0.0000000000
93977  -45.125  8.574  21.377 0.0000000000
93978  -46.072  8.346  21.155 0.0000000000
93979  -46.751  8.610  20.942 0.0000000000
93980  -48.932  8.351  21.032 0.0000000000
93981  -49.208  8.479  20.871 0.0000000000
93987  -36.527  8.719  21.099 0.0000000000
93988  -37.277  8.480  20.926 0.0000000000
93989  -38.257  8.313  20.843 0.0000000000
93990  -39.352  8.313  20.771 0.0000000000
93991  -40.454  8.493  20.737 0.0000000000
93992  -41.489  8.637  20.752 0.0000000000
93993  -42.486  8.654  20.693 0.0000000000
93994  -43.425  8.787  20.549 0.0000000000
93995  -45.614  8.911  21.117 0.0000000000
93996  -46.148  8.981  20.746 0.0000000000
93997  -47.119  8.939  20.573 0.0000000000
93998  -48.370  8.739  20.543 0.0000000000
93999  -49.378  8.606  20.266 0.0000000000
94000  -49.905  8.392  19.897 0.0000000000
94008  -36.481  8.683  20.077 0.0000000000
94009  -37.456  8.280  19.867 0.0000000000
94013  -41.892  8.459  19.999 0.0000000000
94014  -42.841  8.510  20.008 0.0000000000
94015  -43.765  8.744  19.883 0.0000000000
94016  -44.499  8.815  19.654 0.0000000000
94017  -45.189  9.052  19.744 0.0000000000
94018  -46.130  9.261  19.988 0.0000000000
94019  -47.449  9.118  19.675 0.0000000000
94020  -48.577  8.907  19.467 0.0000000000
94021  -49.546  8.621  19.220 0.0000000000
94022  -50.007  8.424  19.491 0.0000000000
94030  -44.945  8.650  19.352 0.0000000000
94031  -45.619  8.717  19.233 0.0000000000
94032  -46.638  8.901  18.908 0.0000000000
94875  -35.444  9.276  23.141 0.0000000000
94876  -35.940  8.964  22.634 0.0000000000
94879  -35.466  9.355  22.223 0.0000000000
94880  -35.970  9.001  21.934 0.0000000000
94883  -35.467  9.398  21.338 0.0000000000
94884  -36.040  8.931  21.353 0.0000000000
94885  -44.052  9.046  20.954 0.0000000000
94886  -44.790  9.099  21.170 0.0000000000
94887  -45.254  9.045  21.199 0.0000000000
94894  -35.910  9.015  20.695 0.0000000000
94895  -44.143  9.086  20.366 0.0000000000
94896  -44.732  9.233  20.639 0.0000000000
94897  -45.435  9.217  20.801 0.0000000000
94898  -45.852  9.199  20.500 0.0000000000
94906  -44.251  9.046  19.976 0.0000000000
94907  -44.677  9.168  20.102 0.0000000000
94908  -45.309  9.250  20.291 0.0000000000
94909  -45.660  9.265  20.390 0.0000000000
