#!ascii label  , from subject FREESURFER vox2ras=TkReg 
846
32226  -8.929  -53.113  59.008 0.0000000000
32227  -9.301  -53.131  59.381 0.0000000000
32228  -9.646  -53.066  59.603 0.0000000000
32232  -8.194  -53.179  57.902 0.0000000000
32233  -8.686  -53.307  58.400 0.0000000000
32234  -9.276  -53.312  58.705 0.0000000000
32235  -9.770  -53.137  59.181 0.0000000000
32240  -8.111  -53.078  57.083 0.0000000000
32241  -8.559  -53.540  57.481 0.0000000000
32242  -9.191  -53.472  57.819 0.0000000000
32243  -9.984  -53.243  58.215 0.0000000000
32248  -8.219  -52.738  56.263 0.0000000000
32249  -8.597  -53.316  56.674 0.0000000000
32250  -9.093  -53.644  56.960 0.0000000000
32251  -9.726  -53.324  57.150 0.0000000000
32254  -8.298  -52.525  55.782 0.0000000000
32255  -8.671  -52.888  55.999 0.0000000000
32256  -9.146  -53.247  56.292 0.0000000000
32257  -9.454  -53.305  56.621 0.0000000000
33241  -8.947  -52.322  59.962 0.0000000000
33242  -9.220  -52.375  60.087 0.0000000000
33243  -9.939  -52.385  60.207 0.0000000000
33244  -10.723  -52.343  60.245 0.0000000000
33245  -11.245  -52.174  60.099 0.0000000000
33249  -8.532  -52.576  59.133 0.0000000000
33250  -8.799  -52.600  59.499 0.0000000000
33251  -9.487  -52.869  59.835 0.0000000000
33252  -10.138  -52.901  59.773 0.0000000000
33253  -10.891  -52.567  59.640 0.0000000000
33254  -11.447  -52.124  59.472 0.0000000000
33257  -8.385  -52.708  58.701 0.0000000000
33258  -8.690  -52.983  58.928 0.0000000000
33259  -10.464  -52.948  59.025 0.0000000000
33260  -11.086  -52.490  58.843 0.0000000000
33261  -11.586  -51.975  58.613 0.0000000000
33264  -7.917  -52.406  57.643 0.0000000000
33265  -10.706  -52.833  58.261 0.0000000000
33266  -11.181  -52.251  57.913 0.0000000000
33267  -11.624  -51.787  57.881 0.0000000000
33272  -7.295  -51.861  55.886 0.0000000000
33273  -7.700  -52.309  56.552 0.0000000000
33274  -10.577  -52.798  57.306 0.0000000000
33275  -11.137  -52.167  57.139 0.0000000000
33279  -7.218  -51.803  55.460 0.0000000000
33280  -7.771  -52.064  55.380 0.0000000000
33281  -8.571  -52.376  55.339 0.0000000000
33282  -9.164  -52.759  55.549 0.0000000000
33283  -10.002  -52.755  56.104 0.0000000000
33284  -10.870  -52.233  56.538 0.0000000000
33288  -7.860  -51.687  54.577 0.0000000000
33289  -8.374  -51.793  54.424 0.0000000000
33290  -9.025  -52.173  54.776 0.0000000000
33291  -9.618  -52.255  55.119 0.0000000000
33295  -8.623  -51.566  53.780 0.0000000000
33296  -8.987  -51.704  53.986 0.0000000000
33297  -9.446  -51.829  54.385 0.0000000000
34288  -11.271  -51.183  61.091 0.0000000000
34289  -11.593  -51.241  60.847 0.0000000000
34293  -8.922  -51.885  60.080 0.0000000000
34294  -9.594  -51.805  60.432 0.0000000000
34295  -10.546  -51.602  60.717 0.0000000000
34296  -11.245  -51.805  60.603 0.0000000000
34297  -11.657  -51.564  60.174 0.0000000000
34301  -8.450  -52.300  59.120 0.0000000000
34302  -8.452  -51.650  59.485 0.0000000000
34303  -11.788  -51.459  59.226 0.0000000000
34306  -8.137  -51.697  58.543 0.0000000000
34307  -8.259  -51.210  59.077 0.0000000000
34308  -11.803  -51.332  58.307 0.0000000000
34312  -7.236  -50.967  57.109 0.0000000000
34313  -7.640  -51.411  57.480 0.0000000000
34314  -11.529  -51.903  57.355 0.0000000000
34315  -11.773  -51.325  57.317 0.0000000000
34319  -7.181  -51.385  56.615 0.0000000000
34320  -7.683  -51.886  57.056 0.0000000000
34321  -11.468  -51.800  56.660 0.0000000000
34322  -11.786  -51.174  56.303 0.0000000000
34325  -6.867  -51.313  55.587 0.0000000000
34326  -7.167  -51.644  55.127 0.0000000000
34327  -10.175  -52.096  55.325 0.0000000000
34328  -11.050  -51.580  55.508 0.0000000000
34329  -11.699  -51.044  55.730 0.0000000000
34333  -6.819  -51.091  54.745 0.0000000000
34334  -7.418  -51.478  54.485 0.0000000000
34335  -7.864  -51.525  54.084 0.0000000000
34336  -10.099  -51.721  54.645 0.0000000000
34337  -10.615  -51.060  54.221 0.0000000000
34347  -7.020  -50.949  54.006 0.0000000000
34348  -7.513  -51.170  53.553 0.0000000000
34349  -8.186  -51.399  53.509 0.0000000000
34350  -8.818  -51.447  53.236 0.0000000000
34351  -9.712  -51.207  53.482 0.0000000000
34352  -10.382  -50.800  53.629 0.0000000000
34366  -7.810  -51.065  52.945 0.0000000000
34367  -8.319  -51.070  52.614 0.0000000000
34368  -9.082  -50.906  52.463 0.0000000000
34369  -9.566  -50.839  52.712 0.0000000000
34382  -8.576  -50.743  52.133 0.0000000000
34383  -8.852  -50.561  51.919 0.0000000000
35340  -17.986  -50.886  61.305 0.0000000000
35342  -8.731  -51.067  60.034 0.0000000000
35343  -9.289  -51.031  60.394 0.0000000000
35344  -9.902  -51.143  60.714 0.0000000000
35345  -12.018  -50.778  60.716 0.0000000000
35346  -12.501  -50.125  61.191 0.0000000000
35347  -17.739  -50.901  60.235 0.0000000000
35349  -8.464  -50.702  59.464 0.0000000000
35351  -12.137  -50.692  59.798 0.0000000000
35352  -12.548  -50.267  60.465 0.0000000000
35353  -17.428  -50.810  59.147 0.0000000000
35356  -7.798  -50.982  57.967 0.0000000000
35357  -8.152  -50.796  58.566 0.0000000000
35358  -8.537  -50.266  58.777 0.0000000000
35359  -12.078  -50.728  58.870 0.0000000000
35363  -6.901  -50.474  56.851 0.0000000000
35364  -7.426  -50.495  57.269 0.0000000000
35365  -7.973  -50.412  57.652 0.0000000000
35366  -8.353  -50.222  58.077 0.0000000000
35367  -12.129  -50.601  57.951 0.0000000000
35370  -6.135  -49.861  55.871 0.0000000000
35371  -6.500  -50.429  56.244 0.0000000000
35372  -12.113  -50.470  56.938 0.0000000000
35375  -6.022  -49.791  55.510 0.0000000000
35376  -6.232  -50.322  55.234 0.0000000000
35377  -11.657  -50.809  55.338 0.0000000000
35378  -12.000  -50.432  55.904 0.0000000000
35381  -6.438  -50.368  54.178 0.0000000000
35382  -11.426  -50.564  54.551 0.0000000000
35383  -11.852  -50.202  55.116 0.0000000000
35395  -6.961  -50.419  53.174 0.0000000000
35396  -7.482  -50.844  52.956 0.0000000000
35397  -10.320  -50.606  53.196 0.0000000000
35398  -10.954  -50.303  53.577 0.0000000000
35409  -7.098  -50.074  52.526 0.0000000000
35410  -7.690  -50.463  52.211 0.0000000000
35411  -8.240  -50.707  52.101 0.0000000000
35412  -9.577  -50.550  52.259 0.0000000000
35413  -10.012  -50.546  52.630 0.0000000000
35414  -10.583  -50.128  52.705 0.0000000000
35427  -8.004  -50.104  51.488 0.0000000000
35428  -8.476  -50.215  51.547 0.0000000000
35429  -9.308  -50.153  51.551 0.0000000000
35430  -10.021  -50.184  51.913 0.0000000000
35431  -10.344  -50.132  52.248 0.0000000000
35444  -8.603  -49.844  51.101 0.0000000000
35445  -8.857  -49.832  51.095 0.0000000000
36416  -13.057  -49.348  61.584 0.0000000000
36417  -17.012  -49.469  62.167 0.0000000000
36418  -17.633  -50.025  61.785 0.0000000000
36422  -13.006  -49.598  60.718 0.0000000000
36423  -17.030  -49.312  61.267 0.0000000000
36424  -17.616  -49.922  60.726 0.0000000000
36430  -12.383  -50.306  59.239 0.0000000000
36431  -12.827  -49.807  59.601 0.0000000000
36432  -16.859  -49.188  60.176 0.0000000000
36433  -17.280  -49.933  59.646 0.0000000000
36438  -12.508  -50.093  58.647 0.0000000000
36439  -13.012  -49.471  58.532 0.0000000000
36440  -16.703  -49.181  59.019 0.0000000000
36441  -17.131  -49.915  58.576 0.0000000000
36443  -6.447  -48.999  56.832 0.0000000000
36444  -6.770  -49.465  56.853 0.0000000000
36445  -7.430  -49.566  57.113 0.0000000000
36449  -12.649  -49.809  57.673 0.0000000000
36450  -13.149  -49.226  57.859 0.0000000000
36451  -16.645  -49.281  57.921 0.0000000000
36452  -17.064  -49.945  57.591 0.0000000000
36454  -6.291  -49.341  56.517 0.0000000000
36455  -6.558  -49.965  56.677 0.0000000000
36458  -12.618  -49.624  56.553 0.0000000000
36459  -16.735  -49.349  56.965 0.0000000000
36462  -5.961  -49.192  55.700 0.0000000000
36463  -5.920  -49.633  55.186 0.0000000000
36464  -12.361  -49.571  55.447 0.0000000000
36465  -16.810  -49.487  56.111 0.0000000000
36468  -5.695  -49.020  54.939 0.0000000000
36469  -5.924  -49.643  54.546 0.0000000000
36470  -11.489  -50.043  53.988 0.0000000000
36471  -11.887  -49.574  54.365 0.0000000000
36484  -5.612  -48.967  54.249 0.0000000000
36485  -6.056  -49.330  53.538 0.0000000000
36486  -11.534  -49.596  53.557 0.0000000000
36487  -11.808  -49.265  53.762 0.0000000000
36500  -6.660  -49.572  52.694 0.0000000000
36501  -7.237  -49.578  52.107 0.0000000000
36502  -11.172  -49.634  52.782 0.0000000000
36514  -7.802  -49.534  51.170 0.0000000000
36515  -8.218  -49.863  51.228 0.0000000000
36516  -9.628  -49.656  50.984 0.0000000000
36517  -10.010  -49.736  51.230 0.0000000000
36518  -10.672  -49.611  51.826 0.0000000000
36526  -7.896  -49.191  49.852 0.0000000000
36527  -8.548  -49.631  50.587 0.0000000000
36528  -9.333  -49.616  50.567 0.0000000000
36529  -9.935  -49.506  50.515 0.0000000000
36530  -10.418  -49.257  50.728 0.0000000000
36539  -8.547  -49.182  49.205 0.0000000000
36540  -9.199  -49.454  49.654 0.0000000000
36541  -9.902  -49.326  49.701 0.0000000000
36542  -10.221  -49.258  50.125 0.0000000000
36551  -9.254  -49.228  48.947 0.0000000000
36552  -9.592  -49.283  49.246 0.0000000000
37295  -13.955  -48.653  61.973 0.0000000000
37296  -15.124  -48.592  62.244 0.0000000000
37297  -16.073  -48.896  62.353 0.0000000000
37298  -16.550  -49.218  62.326 0.0000000000
37303  -13.661  -48.798  61.063 0.0000000000
37304  -14.697  -48.453  61.351 0.0000000000
37305  -15.721  -48.533  61.573 0.0000000000
37306  -16.478  -48.978  61.787 0.0000000000
37311  -13.494  -48.955  60.084 0.0000000000
37312  -14.371  -48.481  60.362 0.0000000000
37313  -15.391  -48.372  60.542 0.0000000000
37314  -16.329  -48.655  60.829 0.0000000000
37321  -13.477  -48.978  59.099 0.0000000000
37322  -14.116  -48.625  59.515 0.0000000000
37323  -14.948  -48.400  59.489 0.0000000000
37324  -16.045  -48.494  59.534 0.0000000000
37326  -6.107  -47.568  57.402 0.0000000000
37330  -13.499  -48.965  58.303 0.0000000000
37331  -14.260  -48.615  58.527 0.0000000000
37332  -15.317  -48.465  58.428 0.0000000000
37333  -16.138  -48.694  58.244 0.0000000000
37335  -6.287  -48.246  56.978 0.0000000000
37336  -6.849  -48.493  57.038 0.0000000000
37341  -13.025  -49.246  57.276 0.0000000000
37342  -13.668  -48.810  57.518 0.0000000000
37343  -14.646  -48.404  57.346 0.0000000000
37344  -15.619  -48.380  57.408 0.0000000000
37345  -16.321  -48.662  57.133 0.0000000000
37347  -5.907  -48.266  56.382 0.0000000000
37352  -13.207  -48.986  56.765 0.0000000000
37353  -13.821  -48.564  56.558 0.0000000000
37354  -14.570  -48.229  56.245 0.0000000000
37355  -16.529  -48.898  56.335 0.0000000000
37357  -5.613  -48.234  55.489 0.0000000000
37361  -13.077  -48.935  55.942 0.0000000000
37362  -13.790  -48.284  55.515 0.0000000000
37363  -14.616  -47.988  55.495 0.0000000000
37364  -16.599  -48.973  55.574 0.0000000000
37367  -5.440  -48.280  54.578 0.0000000000
37368  -12.788  -48.700  54.798 0.0000000000
37369  -13.537  -48.060  54.614 0.0000000000
37370  -16.552  -48.849  54.693 0.0000000000
37379  -5.496  -48.370  53.751 0.0000000000
37380  -5.742  -48.378  53.165 0.0000000000
37381  -11.744  -49.153  53.495 0.0000000000
37382  -12.147  -48.720  53.632 0.0000000000
37383  -16.489  -48.510  53.892 0.0000000000
37395  -6.140  -48.642  52.714 0.0000000000
37396  -6.813  -48.961  52.324 0.0000000000
37397  -11.643  -49.065  53.033 0.0000000000
37398  -11.964  -48.377  52.623 0.0000000000
37399  -16.485  -48.525  52.952 0.0000000000
37409  -6.630  -48.300  52.223 0.0000000000
37410  -7.228  -48.627  51.576 0.0000000000
37411  -11.395  -48.924  52.170 0.0000000000
37412  -11.835  -48.222  51.729 0.0000000000
37413  -16.528  -48.350  51.780 0.0000000000
37424  -7.580  -48.538  50.392 0.0000000000
37425  -11.123  -48.668  51.056 0.0000000000
37426  -11.743  -47.961  51.011 0.0000000000
37427  -16.547  -48.208  50.646 0.0000000000
37440  -10.155  -49.058  49.392 0.0000000000
37441  -10.566  -48.791  49.730 0.0000000000
37454  -9.960  -48.926  48.869 0.0000000000
38146  -6.032  -47.153  57.464 0.0000000000
38153  -5.660  -47.408  57.122 0.0000000000
38158  -15.206  -48.210  56.691 0.0000000000
38159  -15.827  -48.285  56.556 0.0000000000
38160  -16.221  -48.534  56.347 0.0000000000
38162  -5.481  -47.184  56.214 0.0000000000
38167  -15.323  -48.137  55.832 0.0000000000
38168  -15.997  -48.277  55.839 0.0000000000
38169  -16.332  -48.621  55.876 0.0000000000
38172  -5.368  -47.383  55.098 0.0000000000
38177  -14.295  -47.831  54.787 0.0000000000
38178  -15.101  -47.804  54.935 0.0000000000
38179  -15.776  -48.106  55.088 0.0000000000
38180  -16.260  -48.489  55.258 0.0000000000
38183  -5.341  -47.502  54.084 0.0000000000
38186  -13.017  -47.999  53.897 0.0000000000
38187  -13.902  -47.633  53.953 0.0000000000
38188  -14.807  -47.518  54.029 0.0000000000
38189  -15.628  -47.721  54.200 0.0000000000
38190  -16.208  -48.193  54.458 0.0000000000
38195  -5.483  -47.564  53.124 0.0000000000
38196  -5.741  -48.071  52.828 0.0000000000
38197  -12.647  -47.891  52.982 0.0000000000
38198  -13.486  -47.558  53.128 0.0000000000
38199  -14.390  -47.360  53.073 0.0000000000
38200  -15.338  -47.432  53.014 0.0000000000
38201  -16.175  -47.869  53.511 0.0000000000
38210  -5.673  -47.115  52.757 0.0000000000
38211  -6.026  -47.605  52.488 0.0000000000
38212  -12.529  -47.849  52.101 0.0000000000
38213  -13.193  -47.510  52.378 0.0000000000
38214  -13.835  -47.350  52.454 0.0000000000
38215  -15.506  -47.317  51.880 0.0000000000
38216  -16.126  -47.710  52.402 0.0000000000
38225  -6.925  -47.629  51.856 0.0000000000
38226  -7.323  -47.680  50.901 0.0000000000
38227  -12.340  -47.668  51.386 0.0000000000
38228  -13.073  -47.334  51.641 0.0000000000
38229  -13.525  -47.325  52.034 0.0000000000
38230  -15.545  -47.108  51.290 0.0000000000
38231  -16.099  -47.379  51.143 0.0000000000
38243  -11.408  -48.052  50.188 0.0000000000
38244  -12.192  -47.422  50.606 0.0000000000
38245  -12.651  -47.339  51.146 0.0000000000
38246  -16.185  -47.471  49.963 0.0000000000
38257  -11.267  -48.066  49.172 0.0000000000
38258  -11.735  -47.474  49.597 0.0000000000
39013  -5.829  -46.637  57.369 0.0000000000
39019  -5.486  -46.446  57.001 0.0000000000
39025  -5.263  -46.194  56.450 0.0000000000
39030  -5.298  -46.392  55.626 0.0000000000
39037  -5.416  -46.564  54.576 0.0000000000
39044  -5.483  -46.644  53.620 0.0000000000
39045  -14.509  -47.356  52.742 0.0000000000
39046  -14.727  -47.312  52.698 0.0000000000
39053  -5.635  -46.609  52.966 0.0000000000
39054  -5.968  -46.621  52.550 0.0000000000
39055  -14.395  -47.317  52.467 0.0000000000
39056  -14.834  -47.208  52.176 0.0000000000
39064  -6.566  -46.737  52.032 0.0000000000
39065  -7.195  -46.813  51.350 0.0000000000
39066  -13.343  -47.118  51.418 0.0000000000
39067  -13.909  -47.103  51.670 0.0000000000
39068  -14.923  -46.922  51.267 0.0000000000
39069  -15.464  -46.954  50.826 0.0000000000
39086  -12.515  -47.121  50.505 0.0000000000
39087  -13.006  -46.999  50.846 0.0000000000
39088  -14.006  -46.658  50.570 0.0000000000
39089  -14.909  -46.619  50.264 0.0000000000
39090  -15.611  -46.945  50.108 0.0000000000
39107  -12.374  -47.022  50.009 0.0000000000
39108  -13.089  -46.622  49.696 0.0000000000
39932  -5.790  -45.605  57.432 0.0000000000
39939  -5.257  -44.835  56.695 0.0000000000
39940  -5.320  -45.511  56.890 0.0000000000
39947  -5.239  -44.810  56.370 0.0000000000
39948  -5.270  -45.321  56.130 0.0000000000
39954  -5.516  -45.576  55.044 0.0000000000
39960  -5.616  -45.696  54.036 0.0000000000
39968  -5.703  -45.740  53.262 0.0000000000
39977  -5.988  -45.765  52.764 0.0000000000
39978  -6.449  -45.802  52.285 0.0000000000
40837  -6.088  -44.289  57.814 0.0000000000
40844  -5.391  -44.441  56.834 0.0000000000
40845  -5.603  -44.459  57.199 0.0000000000
40853  -5.457  -44.355  56.455 0.0000000000
40854  -5.331  -44.632  56.062 0.0000000000
40862  -5.616  -44.007  55.818 0.0000000000
40863  -5.599  -44.561  55.366 0.0000000000
40871  -5.758  -44.720  54.388 0.0000000000
40879  -5.882  -44.816  53.555 0.0000000000
40885  -6.044  -44.864  52.972 0.0000000000
40886  -6.414  -44.866  52.524 0.0000000000
41718  -5.983  -43.271  57.753 0.0000000000
41722  -5.575  -43.891  56.816 0.0000000000
41723  -5.790  -43.317  57.241 0.0000000000
41728  -5.616  -43.260  56.216 0.0000000000
41729  -5.688  -43.061  56.799 0.0000000000
41734  -5.753  -43.210  55.269 0.0000000000
41735  -5.803  -43.862  55.306 0.0000000000
41740  -5.916  -43.120  54.787 0.0000000000
41741  -5.979  -43.673  54.690 0.0000000000
41748  -6.097  -43.941  53.862 0.0000000000
41754  -6.203  -43.834  53.129 0.0000000000
41755  -6.385  -44.128  52.707 0.0000000000
41762  -6.330  -43.372  52.572 0.0000000000
42616  -6.024  -42.113  58.391 0.0000000000
42623  -5.213  -41.569  57.457 0.0000000000
42624  -5.613  -42.267  57.630 0.0000000000
42631  -5.292  -42.127  56.705 0.0000000000
42632  -5.645  -42.676  57.114 0.0000000000
42642  -5.348  -42.248  55.513 0.0000000000
42652  -5.754  -42.563  54.389 0.0000000000
42653  -6.129  -43.295  54.107 0.0000000000
42664  -5.748  -42.171  53.294 0.0000000000
42665  -6.114  -43.044  53.561 0.0000000000
42676  -5.783  -42.038  52.832 0.0000000000
42677  -6.045  -42.587  52.776 0.0000000000
42688  -6.346  -42.631  52.111 0.0000000000
43607  -5.974  -40.570  59.236 0.0000000000
43608  -6.093  -41.018  59.217 0.0000000000
43620  -5.744  -40.696  58.790 0.0000000000
43621  -5.661  -41.460  58.327 0.0000000000
43634  -5.302  -40.910  57.957 0.0000000000
43635  -5.404  -41.572  57.835 0.0000000000
43646  -4.923  -40.794  56.980 0.0000000000
43657  -4.948  -41.087  55.802 0.0000000000
43668  -5.193  -41.240  54.701 0.0000000000
43679  -5.419  -41.305  53.680 0.0000000000
43689  -5.760  -41.345  52.834 0.0000000000
43690  -5.879  -41.923  52.632 0.0000000000
43701  -6.022  -40.948  52.412 0.0000000000
43702  -6.139  -41.618  52.249 0.0000000000
44592  -6.161  -39.704  59.737 0.0000000000
44593  -6.367  -39.946  59.837 0.0000000000
44606  -6.002  -39.966  59.330 0.0000000000
44607  -6.099  -40.424  59.454 0.0000000000
44621  -5.515  -39.979  58.517 0.0000000000
44638  -5.022  -39.977  57.727 0.0000000000
44659  -4.827  -39.774  56.983 0.0000000000
44681  -4.705  -39.817  56.012 0.0000000000
44702  -4.716  -40.106  54.884 0.0000000000
44722  -4.835  -40.246  53.903 0.0000000000
44741  -5.154  -40.337  53.012 0.0000000000
44760  -5.683  -40.406  52.393 0.0000000000
44761  -6.220  -40.501  51.883 0.0000000000
44762  -6.455  -41.133  51.762 0.0000000000
45644  -6.160  -38.853  60.297 0.0000000000
45645  -6.356  -39.041  60.412 0.0000000000
45653  -6.070  -39.193  59.936 0.0000000000
45654  -6.248  -39.363  60.052 0.0000000000
45661  -5.620  -39.120  59.136 0.0000000000
45673  -5.169  -39.095  58.316 0.0000000000
45689  -4.910  -39.070  57.502 0.0000000000
45705  -4.716  -39.031  56.672 0.0000000000
45718  -4.473  -38.901  55.906 0.0000000000
45729  -3.891  -38.487  54.496 0.0000000000
45730  -4.121  -39.024  54.970 0.0000000000
45742  -3.795  -38.665  53.835 0.0000000000
45743  -4.197  -39.506  54.097 0.0000000000
45755  -3.833  -38.678  53.136 0.0000000000
45756  -4.253  -39.327  53.077 0.0000000000
45769  -5.251  -39.427  52.211 0.0000000000
45770  -5.844  -39.911  52.043 0.0000000000
45783  -5.801  -38.863  51.867 0.0000000000
45784  -6.228  -39.404  51.616 0.0000000000
46690  -6.114  -37.962  60.707 0.0000000000
46691  -6.385  -38.051  60.916 0.0000000000
46698  -6.085  -38.337  60.413 0.0000000000
46699  -6.260  -38.488  60.602 0.0000000000
46706  -5.647  -38.319  59.706 0.0000000000
46714  -5.158  -38.213  58.906 0.0000000000
46727  -4.820  -38.188  58.074 0.0000000000
46742  -4.682  -38.219  57.262 0.0000000000
46753  -4.581  -38.234  56.429 0.0000000000
46760  -4.333  -38.252  55.629 0.0000000000
46766  -3.809  -38.015  54.299 0.0000000000
46767  -4.056  -38.136  54.922 0.0000000000
46774  -3.688  -37.911  53.741 0.0000000000
46781  -3.748  -38.052  53.087 0.0000000000
46782  -3.943  -38.568  52.653 0.0000000000
46793  -4.419  -37.828  52.414 0.0000000000
46794  -4.556  -38.695  52.430 0.0000000000
46806  -5.123  -37.673  52.194 0.0000000000
46807  -5.378  -38.275  52.040 0.0000000000
46808  -6.332  -38.393  51.433 0.0000000000
46822  -6.743  -37.937  50.926 0.0000000000
47693  -6.012  -37.468  60.703 0.0000000000
47694  -6.311  -37.085  61.189 0.0000000000
47706  -5.735  -37.644  60.113 0.0000000000
47720  -5.222  -37.438  59.489 0.0000000000
47733  -4.271  -36.829  58.384 0.0000000000
47734  -4.596  -37.152  58.558 0.0000000000
47752  -4.216  -36.892  58.116 0.0000000000
47753  -4.396  -37.480  57.790 0.0000000000
47772  -4.182  -36.980  57.535 0.0000000000
47773  -4.350  -37.446  56.990 0.0000000000
47786  -4.366  -37.558  56.210 0.0000000000
47799  -4.183  -37.499  55.492 0.0000000000
47811  -3.705  -37.366  54.079 0.0000000000
47812  -3.944  -37.402  54.749 0.0000000000
47823  -3.646  -37.360  53.448 0.0000000000
47833  -3.795  -37.208  52.760 0.0000000000
47842  -4.402  -36.926  52.431 0.0000000000
47849  -5.034  -37.197  52.304 0.0000000000
47850  -5.809  -37.386  52.054 0.0000000000
47851  -6.058  -37.898  51.809 0.0000000000
47864  -6.309  -37.035  51.729 0.0000000000
47865  -6.491  -37.436  51.292 0.0000000000
48711  -6.359  -35.900  61.640 0.0000000000
48720  -6.082  -36.384  61.052 0.0000000000
48721  -6.408  -36.512  61.557 0.0000000000
48731  -5.589  -36.694  60.138 0.0000000000
48740  -4.522  -36.214  58.852 0.0000000000
48741  -4.914  -36.524  59.250 0.0000000000
48748  -4.193  -36.451  58.431 0.0000000000
48749  -4.514  -36.570  58.755 0.0000000000
48760  -4.005  -36.414  57.701 0.0000000000
48771  -4.048  -36.630  56.863 0.0000000000
48772  -4.221  -37.125  56.574 0.0000000000
48780  -3.960  -36.456  56.355 0.0000000000
48781  -4.096  -36.900  56.134 0.0000000000
48794  -3.960  -36.373  55.975 0.0000000000
48795  -4.008  -36.680  55.335 0.0000000000
48810  -3.678  -36.902  53.810 0.0000000000
48811  -3.875  -36.661  54.396 0.0000000000
48824  -3.682  -36.719  53.286 0.0000000000
48838  -3.955  -36.397  52.695 0.0000000000
48852  -4.629  -36.386  52.616 0.0000000000
48866  -5.053  -36.638  52.516 0.0000000000
48867  -5.618  -36.708  52.290 0.0000000000
48883  -6.152  -36.631  51.904 0.0000000000
48884  -6.498  -36.601  51.319 0.0000000000
48885  -7.155  -36.661  50.538 0.0000000000
49765  -6.657  -34.988  61.895 0.0000000000
49769  -6.272  -35.266  61.197 0.0000000000
49772  -5.840  -35.562  60.466 0.0000000000
49777  -4.834  -35.768  59.176 0.0000000000
49778  -5.323  -35.766  59.746 0.0000000000
49785  -4.384  -35.670  58.668 0.0000000000
49797  -3.945  -35.609  57.994 0.0000000000
49810  -3.887  -35.745  57.114 0.0000000000
49823  -3.918  -35.943  56.337 0.0000000000
49843  -4.026  -35.937  55.667 0.0000000000
49844  -4.200  -35.957  54.921 0.0000000000
49864  -3.747  -36.415  53.788 0.0000000000
49865  -4.088  -35.927  54.091 0.0000000000
49883  -3.951  -36.024  53.354 0.0000000000
49884  -4.618  -35.629  53.653 0.0000000000
49901  -4.619  -35.913  52.981 0.0000000000
49902  -5.070  -35.537  53.309 0.0000000000
49917  -5.197  -36.139  52.759 0.0000000000
49918  -5.684  -35.884  52.525 0.0000000000
49932  -5.549  -36.304  52.502 0.0000000000
49933  -5.988  -35.930  52.024 0.0000000000
49934  -6.484  -35.558  51.548 0.0000000000
49948  -6.343  -36.083  51.543 0.0000000000
49949  -6.797  -35.774  51.027 0.0000000000
49950  -7.404  -35.696  50.409 0.0000000000
50875  -6.641  -33.838  62.003 0.0000000000
50881  -6.400  -34.123  61.401 0.0000000000
50886  -6.098  -34.404  60.698 0.0000000000
50893  -5.230  -35.226  59.429 0.0000000000
50894  -5.667  -34.709  59.944 0.0000000000
50902  -4.887  -35.101  58.954 0.0000000000
50903  -5.447  -34.607  59.250 0.0000000000
50916  -4.592  -34.840  58.260 0.0000000000
50917  -5.207  -34.590  58.690 0.0000000000
50931  -4.285  -34.948  57.370 0.0000000000
50943  -4.338  -35.113  56.391 0.0000000000
50944  -4.702  -34.844  55.831 0.0000000000
50960  -4.068  -35.517  55.961 0.0000000000
50961  -4.446  -35.314  55.518 0.0000000000
50975  -4.750  -35.272  54.516 0.0000000000
50989  -5.284  -35.081  53.750 0.0000000000
51003  -5.221  -35.743  53.028 0.0000000000
51004  -5.643  -35.176  53.081 0.0000000000
51019  -5.566  -35.671  52.786 0.0000000000
51020  -6.028  -35.264  52.443 0.0000000000
51034  -6.420  -35.123  51.836 0.0000000000
51035  -6.886  -34.977  51.327 0.0000000000
51036  -7.368  -34.600  51.027 0.0000000000
51049  -7.227  -35.123  50.848 0.0000000000
51050  -7.685  -34.800  50.471 0.0000000000
52013  -6.268  -32.995  61.766 0.0000000000
52018  -6.116  -33.208  61.042 0.0000000000
52023  -5.920  -33.497  60.327 0.0000000000
52029  -5.729  -33.744  59.572 0.0000000000
52037  -5.276  -34.232  58.197 0.0000000000
52038  -5.619  -34.003  58.822 0.0000000000
52047  -4.980  -34.429  57.570 0.0000000000
52055  -5.013  -34.556  56.905 0.0000000000
52056  -5.122  -34.439  56.110 0.0000000000
52067  -5.080  -34.660  55.302 0.0000000000
52077  -5.651  -34.476  54.451 0.0000000000
52078  -6.273  -34.110  54.093 0.0000000000
52086  -6.135  -34.489  53.560 0.0000000000
52087  -6.571  -33.859  53.606 0.0000000000
52094  -6.382  -34.507  52.746 0.0000000000
52095  -6.792  -34.152  52.344 0.0000000000
52107  -6.539  -34.588  52.138 0.0000000000
52108  -7.043  -34.101  51.898 0.0000000000
52109  -7.332  -33.863  51.496 0.0000000000
52122  -6.812  -34.594  51.712 0.0000000000
52123  -7.239  -34.322  51.426 0.0000000000
52124  -7.593  -33.985  50.968 0.0000000000
52125  -7.865  -33.636  50.535 0.0000000000
52140  -7.958  -34.159  50.411 0.0000000000
53041  -6.033  -31.930  62.196 0.0000000000
53044  -5.942  -32.054  61.440 0.0000000000
53047  -5.924  -32.326  60.712 0.0000000000
53050  -5.836  -32.645  59.923 0.0000000000
53052  -5.698  -33.668  58.276 0.0000000000
53053  -5.927  -33.030  58.928 0.0000000000
53056  -5.490  -33.890  57.636 0.0000000000
53057  -6.020  -33.191  57.885 0.0000000000
53060  -5.338  -34.192  57.211 0.0000000000
53061  -5.778  -33.766  56.830 0.0000000000
53070  -6.048  -33.800  55.405 0.0000000000
53071  -6.770  -33.321  54.997 0.0000000000
53082  -6.156  -34.006  54.553 0.0000000000
53083  -6.645  -33.582  54.249 0.0000000000
53095  -6.662  -33.931  53.005 0.0000000000
53096  -6.891  -33.234  53.175 0.0000000000
53097  -7.186  -32.832  52.923 0.0000000000
53109  -6.758  -34.030  52.605 0.0000000000
53110  -6.998  -33.641  52.296 0.0000000000
53111  -7.414  -32.935  52.322 0.0000000000
53112  -7.796  -32.633  52.008 0.0000000000
53126  -7.226  -33.726  51.775 0.0000000000
53127  -7.447  -33.456  51.437 0.0000000000
53128  -7.948  -32.818  51.364 0.0000000000
53143  -7.675  -33.541  50.892 0.0000000000
53144  -7.803  -33.262  50.713 0.0000000000
54078  -5.901  -30.954  62.582 0.0000000000
54081  -5.596  -30.895  61.870 0.0000000000
54084  -5.691  -31.211  61.094 0.0000000000
54087  -5.885  -31.518  60.368 0.0000000000
54090  -6.104  -31.842  59.482 0.0000000000
54096  -6.332  -32.183  58.457 0.0000000000
54104  -6.612  -32.541  57.223 0.0000000000
54105  -7.168  -32.221  56.829 0.0000000000
54118  -6.403  -33.250  56.338 0.0000000000
54119  -7.164  -32.745  55.859 0.0000000000
54120  -7.703  -32.248  55.544 0.0000000000
54133  -7.201  -33.019  54.489 0.0000000000
54134  -7.740  -32.224  54.697 0.0000000000
54135  -8.087  -31.700  54.374 0.0000000000
54146  -7.074  -33.152  53.794 0.0000000000
54147  -7.374  -32.627  53.462 0.0000000000
54148  -8.138  -31.728  53.614 0.0000000000
54149  -8.984  -31.099  53.215 0.0000000000
54150  -9.410  -30.742  52.968 0.0000000000
54161  -7.394  -32.690  52.798 0.0000000000
54162  -7.847  -32.325  52.474 0.0000000000
54163  -8.760  -31.661  52.468 0.0000000000
54164  -9.374  -31.035  52.465 0.0000000000
54175  -7.990  -32.484  51.835 0.0000000000
55149  -5.504  -30.117  62.392 0.0000000000
55151  -5.272  -29.958  61.892 0.0000000000
55153  -5.417  -30.179  61.366 0.0000000000
55155  -5.641  -30.438  60.723 0.0000000000
55162  -6.034  -30.705  59.980 0.0000000000
55171  -6.372  -30.964  58.982 0.0000000000
55172  -6.761  -30.612  58.314 0.0000000000
55182  -6.687  -31.517  58.092 0.0000000000
55183  -7.294  -31.299  57.364 0.0000000000
55184  -7.899  -30.546  56.825 0.0000000000
55185  -8.198  -30.112  56.626 0.0000000000
55196  -7.432  -32.046  56.604 0.0000000000
55197  -7.821  -31.637  56.106 0.0000000000
55198  -8.368  -30.415  55.900 0.0000000000
55199  -9.020  -29.827  55.333 0.0000000000
55200  -9.308  -29.468  55.030 0.0000000000
55212  -7.899  -31.926  55.341 0.0000000000
55213  -8.180  -31.367  54.940 0.0000000000
55214  -8.924  -30.547  54.796 0.0000000000
55215  -9.384  -29.812  54.623 0.0000000000
55226  -8.259  -31.479  54.249 0.0000000000
55227  -8.601  -31.045  54.061 0.0000000000
55228  -9.560  -30.309  53.611 0.0000000000
55229  -9.897  -29.734  53.151 0.0000000000
55239  -9.687  -30.530  52.562 0.0000000000
55240  -9.941  -29.972  52.625 0.0000000000
56186  -5.473  -29.510  62.778 0.0000000000
56192  -5.073  -29.378  62.210 0.0000000000
56199  -5.035  -29.384  61.553 0.0000000000
56206  -5.272  -29.490  60.949 0.0000000000
56214  -5.704  -29.633  60.334 0.0000000000
56225  -6.243  -29.823  59.600 0.0000000000
56226  -6.569  -29.464  59.187 0.0000000000
56235  -6.532  -30.107  58.925 0.0000000000
56236  -6.858  -29.663  58.625 0.0000000000
56237  -7.230  -29.491  58.149 0.0000000000
56238  -7.597  -29.249  57.730 0.0000000000
56246  -7.117  -30.225  58.011 0.0000000000
56247  -7.515  -30.068  57.553 0.0000000000
56248  -8.045  -29.560  57.065 0.0000000000
56249  -8.458  -29.204  56.616 0.0000000000
56255  -8.373  -29.762  56.480 0.0000000000
56256  -8.767  -29.375  56.040 0.0000000000
56257  -9.241  -29.131  55.430 0.0000000000
56267  -9.566  -29.045  54.698 0.0000000000
56268  -9.774  -28.974  54.037 0.0000000000
56277  -9.683  -29.505  54.121 0.0000000000
56278  -9.886  -29.314  53.531 0.0000000000
56287  -9.981  -29.314  52.780 0.0000000000
57180  -5.712  -28.955  63.177 0.0000000000
57181  -5.942  -28.044  63.345 0.0000000000
57191  -5.046  -28.620  62.632 0.0000000000
57192  -5.370  -28.124  63.065 0.0000000000
57203  -4.792  -28.666  61.827 0.0000000000
57211  -4.858  -28.751  61.082 0.0000000000
57224  -5.238  -28.817  60.488 0.0000000000
57238  -5.830  -28.717  59.880 0.0000000000
57239  -5.981  -28.067  59.574 0.0000000000
57250  -6.348  -29.126  59.515 0.0000000000
57251  -6.654  -28.560  59.153 0.0000000000
57252  -7.082  -28.149  58.817 0.0000000000
57260  -7.038  -29.089  58.593 0.0000000000
57261  -7.249  -28.585  58.309 0.0000000000
57262  -8.005  -28.458  57.441 0.0000000000
57263  -8.382  -27.873  57.065 0.0000000000
57269  -8.312  -28.906  56.920 0.0000000000
57270  -8.782  -28.340  56.486 0.0000000000
57271  -9.104  -27.763  55.911 0.0000000000
57277  -9.076  -28.763  55.871 0.0000000000
57278  -9.357  -28.155  55.344 0.0000000000
57290  -9.617  -28.239  54.033 0.0000000000
57291  -9.780  -28.780  53.694 0.0000000000
57302  -9.572  -28.063  53.394 0.0000000000
57303  -9.836  -28.563  53.150 0.0000000000
57315  -9.958  -28.818  52.245 0.0000000000
58122  -6.230  -27.036  63.443 0.0000000000
58130  -5.018  -27.764  62.736 0.0000000000
58131  -5.476  -27.183  63.051 0.0000000000
58138  -4.825  -27.865  62.102 0.0000000000
58139  -5.012  -27.063  62.370 0.0000000000
58149  -4.825  -27.965  61.309 0.0000000000
58150  -4.907  -27.123  61.580 0.0000000000
58167  -5.077  -28.128  60.605 0.0000000000
58168  -5.033  -27.243  60.748 0.0000000000
58185  -5.349  -28.308  60.234 0.0000000000
58186  -5.498  -27.635  59.966 0.0000000000
58199  -6.097  -27.478  59.319 0.0000000000
58200  -6.846  -27.448  58.760 0.0000000000
58201  -7.243  -27.034  58.381 0.0000000000
58211  -7.236  -27.945  58.577 0.0000000000
58212  -7.456  -27.641  58.138 0.0000000000
58213  -8.112  -27.397  57.499 0.0000000000
58221  -8.653  -27.242  56.780 0.0000000000
58222  -8.982  -27.465  56.191 0.0000000000
58229  -8.928  -26.824  56.109 0.0000000000
58230  -9.082  -27.110  55.473 0.0000000000
58241  -8.772  -26.440  54.104 0.0000000000
58242  -9.126  -27.066  54.383 0.0000000000
58249  -7.857  -25.751  52.642 0.0000000000
58250  -8.147  -25.917  52.769 0.0000000000
58251  -8.615  -26.474  53.386 0.0000000000
58252  -9.229  -27.468  53.347 0.0000000000
58253  -9.535  -27.970  52.983 0.0000000000
58259  -8.213  -26.409  52.227 0.0000000000
58260  -8.648  -27.042  52.579 0.0000000000
58261  -9.213  -27.617  52.510 0.0000000000
58262  -9.653  -28.192  52.425 0.0000000000
59084  -6.420  -25.984  63.384 0.0000000000
59092  -5.881  -26.139  63.156 0.0000000000
59099  -5.429  -26.200  62.524 0.0000000000
59114  -5.108  -26.364  61.878 0.0000000000
59130  -5.038  -26.229  61.101 0.0000000000
59142  -5.417  -26.368  60.148 0.0000000000
59143  -5.814  -26.071  59.486 0.0000000000
59154  -5.754  -26.799  59.544 0.0000000000
59155  -6.240  -26.446  58.981 0.0000000000
59156  -7.004  -26.424  58.514 0.0000000000
59162  -7.687  -26.590  58.010 0.0000000000
59163  -8.353  -26.440  57.290 0.0000000000
59166  -8.678  -26.244  56.461 0.0000000000
59169  -8.723  -26.138  55.458 0.0000000000
59170  -8.885  -26.495  54.802 0.0000000000
59177  -8.194  -25.380  53.720 0.0000000000
59178  -8.470  -25.805  54.183 0.0000000000
59179  -8.815  -26.455  54.392 0.0000000000
59188  -7.528  -25.549  52.619 0.0000000000
59189  -7.998  -25.410  53.190 0.0000000000
59190  -8.351  -25.847  53.352 0.0000000000
60125  -6.519  -25.321  63.395 0.0000000000
60136  -6.203  -25.263  63.256 0.0000000000
60149  -5.772  -25.234  62.737 0.0000000000
60164  -5.464  -25.226  61.745 0.0000000000
60173  -5.411  -25.258  60.627 0.0000000000
60181  -5.788  -25.311  59.795 0.0000000000
60182  -6.164  -25.377  59.096 0.0000000000
60193  -6.736  -25.486  58.600 0.0000000000
60194  -7.414  -25.513  58.121 0.0000000000
60202  -8.048  -25.566  57.598 0.0000000000
60203  -8.398  -25.527  56.899 0.0000000000
60206  -7.746  -24.734  55.687 0.0000000000
60207  -8.326  -25.431  56.033 0.0000000000
60210  -7.703  -24.715  54.807 0.0000000000
60211  -8.256  -25.282  55.118 0.0000000000
60217  -7.884  -24.967  53.931 0.0000000000
60218  -8.161  -25.138  54.501 0.0000000000
60226  -6.307  -24.305  52.896 0.0000000000
60227  -7.072  -24.928  52.989 0.0000000000
60228  -7.580  -24.945  53.376 0.0000000000
61159  -6.145  -24.385  63.005 0.0000000000
61172  -5.842  -24.268  62.339 0.0000000000
61181  -5.729  -24.050  61.673 0.0000000000
61189  -5.598  -24.205  60.967 0.0000000000
61196  -5.865  -24.311  60.106 0.0000000000
61197  -6.203  -24.382  59.277 0.0000000000
61209  -6.570  -24.510  58.594 0.0000000000
61210  -7.092  -24.606  58.092 0.0000000000
61221  -6.797  -23.631  56.726 0.0000000000
61222  -7.544  -24.587  57.296 0.0000000000
61223  -8.109  -25.028  57.156 0.0000000000
61231  -6.599  -23.559  55.946 0.0000000000
61232  -7.261  -24.217  56.260 0.0000000000
61233  -7.954  -24.848  56.566 0.0000000000
61240  -6.277  -23.269  55.363 0.0000000000
61241  -6.946  -24.055  55.282 0.0000000000
61245  -5.745  -23.034  54.222 0.0000000000
61246  -6.244  -23.447  54.488 0.0000000000
61247  -7.065  -24.338  54.302 0.0000000000
61255  -5.826  -23.338  53.593 0.0000000000
61256  -6.596  -24.138  53.625 0.0000000000
61257  -7.231  -24.635  53.622 0.0000000000
62172  -6.251  -23.478  62.652 0.0000000000
62179  -6.033  -23.327  61.987 0.0000000000
62186  -5.934  -23.278  61.239 0.0000000000
62192  -6.006  -23.326  60.387 0.0000000000
62193  -6.173  -23.374  59.457 0.0000000000
62204  -6.437  -23.378  58.446 0.0000000000
62205  -6.831  -23.839  58.026 0.0000000000
62215  -6.509  -23.033  57.284 0.0000000000
62216  -6.977  -23.914  57.499 0.0000000000
62223  -5.273  -22.160  55.841 0.0000000000
62224  -5.917  -22.584  56.013 0.0000000000
62232  -5.187  -22.228  55.411 0.0000000000
62233  -5.776  -22.772  55.025 0.0000000000
62241  -5.235  -22.554  54.377 0.0000000000
62242  -5.746  -22.912  54.517 0.0000000000
62253  -5.043  -22.797  53.352 0.0000000000
63192  -6.103  -22.392  61.595 0.0000000000
63197  -6.088  -22.396  60.704 0.0000000000
63203  -6.221  -22.448  59.712 0.0000000000
63204  -6.224  -22.491  58.745 0.0000000000
63214  -5.934  -21.776  57.341 0.0000000000
63215  -6.083  -22.199  57.694 0.0000000000
63226  -5.729  -21.724  56.885 0.0000000000
63227  -5.869  -22.135  56.609 0.0000000000
63235  -3.987  -21.575  56.136 0.0000000000
63236  -4.868  -21.824  56.087 0.0000000000
63237  -5.508  -22.141  56.198 0.0000000000
63244  -3.997  -21.655  55.795 0.0000000000
63245  -4.370  -21.926  55.133 0.0000000000
63253  -4.554  -22.099  54.033 0.0000000000
64194  -6.226  -21.563  60.092 0.0000000000
64202  -6.164  -21.656  58.807 0.0000000000
64203  -6.105  -22.029  58.344 0.0000000000
64212  -5.822  -21.501  57.616 0.0000000000
64213  -5.994  -21.842  58.113 0.0000000000
64221  -5.231  -21.306  56.625 0.0000000000
64229  -4.092  -21.262  56.313 0.0000000000
64230  -4.561  -21.327  56.334 0.0000000000
64237  -3.919  -21.216  55.956 0.0000000000
64238  -4.092  -21.300  55.395 0.0000000000
64245  -4.304  -21.470  54.561 0.0000000000
65284  -5.953  -20.826  58.374 0.0000000000
65292  -5.619  -20.807  57.235 0.0000000000
65299  -4.107  -21.009  56.394 0.0000000000
65300  -4.686  -20.926  56.324 0.0000000000
65307  -4.012  -20.948  56.168 0.0000000000
65308  -4.356  -20.712  55.750 0.0000000000
65309  -4.959  -20.622  55.269 0.0000000000
65316  -4.485  -20.914  54.940 0.0000000000
66395  -5.686  -20.304  56.956 0.0000000000
66406  -5.183  -20.309  56.110 0.0000000000
66421  -5.029  -20.448  55.634 0.0000000000
