#!ascii label  , from subject FREESURFER vox2ras=TkReg 
1398
35696  -37.969  -50.958  29.288 0.0000000000
35697  -38.418  -50.661  29.307 0.0000000000
35698  -39.340  -50.568  29.300 0.0000000000
35699  -40.358  -50.643  29.346 0.0000000000
35700  -41.363  -50.645  29.303 0.0000000000
35711  -38.161  -50.194  29.079 0.0000000000
35712  -40.041  -50.098  28.938 0.0000000000
35713  -40.915  -50.061  28.868 0.0000000000
35714  -41.832  -50.014  28.889 0.0000000000
35715  -42.288  -49.780  29.113 0.0000000000
36729  -43.478  -49.421  30.171 0.0000000000
36742  -38.510  -50.099  29.042 0.0000000000
36743  -38.828  -50.268  29.129 0.0000000000
36744  -42.618  -49.302  29.296 0.0000000000
36745  -43.044  -49.622  29.688 0.0000000000
36757  -38.188  -49.622  28.673 0.0000000000
36758  -39.225  -49.706  28.748 0.0000000000
36759  -40.413  -49.418  28.582 0.0000000000
36760  -41.411  -49.333  28.641 0.0000000000
36761  -42.118  -49.406  28.803 0.0000000000
37520  -48.508  -48.395  42.324 0.0000000000
37521  -48.940  -48.305  42.346 0.0000000000
37524  -47.414  -48.592  41.360 0.0000000000
37525  -48.154  -48.595  41.592 0.0000000000
37526  -48.925  -48.426  41.760 0.0000000000
37527  -49.112  -48.177  41.393 0.0000000000
37531  -46.302  -48.435  40.241 0.0000000000
37532  -46.965  -48.835  40.583 0.0000000000
37533  -47.704  -48.681  40.846 0.0000000000
37534  -48.456  -48.416  40.943 0.0000000000
37535  -48.927  -48.271  41.251 0.0000000000
37539  -45.976  -48.387  39.488 0.0000000000
37540  -46.624  -48.637  39.867 0.0000000000
37541  -47.399  -48.662  40.016 0.0000000000
37542  -47.935  -48.552  40.481 0.0000000000
37545  -45.916  -48.379  39.093 0.0000000000
37546  -46.416  -48.437  39.334 0.0000000000
37547  -46.887  -48.556  39.582 0.0000000000
37606  -43.564  -48.387  31.019 0.0000000000
37607  -43.971  -48.678  31.147 0.0000000000
37618  -42.929  -48.237  30.211 0.0000000000
37619  -43.285  -48.491  30.528 0.0000000000
37620  -43.689  -49.028  30.631 0.0000000000
37630  -42.769  -48.404  29.737 0.0000000000
37631  -43.134  -49.015  29.807 0.0000000000
37642  -37.868  -48.661  28.076 0.0000000000
37643  -38.827  -48.680  28.285 0.0000000000
37644  -39.891  -48.635  28.327 0.0000000000
37645  -40.962  -48.540  28.455 0.0000000000
37646  -42.065  -48.480  28.788 0.0000000000
38347  -48.032  -47.399  44.361 0.0000000000
38348  -48.133  -47.422  44.244 0.0000000000
38360  -47.688  -47.527  43.767 0.0000000000
38361  -47.924  -47.584  44.018 0.0000000000
38362  -48.350  -47.626  43.710 0.0000000000
38367  -47.602  -47.638  43.273 0.0000000000
38368  -48.049  -48.183  43.030 0.0000000000
38369  -48.867  -47.929  42.861 0.0000000000
38370  -49.325  -47.811  42.276 0.0000000000
38374  -46.441  -47.670  41.452 0.0000000000
38375  -47.144  -47.936  41.935 0.0000000000
38376  -47.858  -48.484  42.101 0.0000000000
38377  -49.180  -48.165  42.238 0.0000000000
38378  -49.373  -47.939  41.652 0.0000000000
38383  -46.168  -48.006  40.878 0.0000000000
38384  -46.710  -48.549  41.050 0.0000000000
38385  -48.611  -48.258  40.604 0.0000000000
38386  -49.075  -47.951  40.756 0.0000000000
38390  -44.797  -47.540  39.244 0.0000000000
38391  -45.438  -47.889  39.652 0.0000000000
38392  -47.604  -48.411  39.759 0.0000000000
38393  -48.225  -48.283  40.065 0.0000000000
38394  -49.028  -47.566  39.705 0.0000000000
38397  -43.880  -47.324  38.271 0.0000000000
38398  -44.468  -47.608  38.666 0.0000000000
38399  -45.348  -48.122  38.793 0.0000000000
38400  -46.081  -48.203  38.792 0.0000000000
38401  -47.218  -48.144  39.160 0.0000000000
38402  -48.283  -47.693  39.325 0.0000000000
38403  -48.887  -47.379  39.182 0.0000000000
38406  -43.710  -47.399  37.667 0.0000000000
38407  -44.567  -47.814  37.921 0.0000000000
38408  -45.391  -47.805  37.975 0.0000000000
38409  -46.432  -47.763  38.459 0.0000000000
38410  -46.961  -47.745  38.626 0.0000000000
38414  -42.913  -47.053  36.430 0.0000000000
38415  -43.417  -47.320  36.789 0.0000000000
38416  -44.128  -47.542  36.977 0.0000000000
38417  -44.731  -47.676  37.480 0.0000000000
38421  -42.830  -47.033  36.003 0.0000000000
38422  -43.239  -47.216  36.207 0.0000000000
38423  -43.633  -47.331  36.486 0.0000000000
38443  -43.126  -46.784  32.717 0.0000000000
38444  -43.550  -46.625  32.786 0.0000000000
38454  -43.004  -47.289  32.003 0.0000000000
38455  -43.866  -47.089  32.280 0.0000000000
38456  -44.906  -47.238  32.231 0.0000000000
38468  -42.809  -47.552  31.226 0.0000000000
38469  -43.476  -47.937  31.357 0.0000000000
38470  -44.371  -47.875  31.746 0.0000000000
38479  -42.725  -47.814  30.378 0.0000000000
38480  -43.039  -47.987  30.895 0.0000000000
38489  -41.755  -47.387  29.102 0.0000000000
38490  -42.229  -47.668  29.472 0.0000000000
38500  -38.445  -47.647  28.001 0.0000000000
38501  -39.454  -47.672  28.212 0.0000000000
38502  -40.442  -47.700  28.406 0.0000000000
38503  -41.373  -47.671  28.694 0.0000000000
38504  -41.914  -47.765  28.933 0.0000000000
39084  -42.685  -45.893  51.603 0.0000000000
39104  -43.437  -46.008  51.062 0.0000000000
39105  -44.093  -45.869  50.415 0.0000000000
39125  -42.881  -46.423  50.051 0.0000000000
39126  -43.668  -46.220  49.870 0.0000000000
39127  -44.246  -45.969  49.585 0.0000000000
39149  -43.256  -46.444  49.034 0.0000000000
39150  -43.882  -46.187  49.006 0.0000000000
39151  -44.282  -45.983  48.854 0.0000000000
39173  -42.785  -46.292  48.032 0.0000000000
39174  -43.639  -46.178  48.366 0.0000000000
39175  -44.060  -46.051  48.542 0.0000000000
39176  -46.597  -46.184  46.870 0.0000000000
39177  -47.058  -46.191  46.970 0.0000000000
39200  -46.565  -46.394  46.076 0.0000000000
39201  -47.215  -46.352  46.362 0.0000000000
39202  -47.474  -46.182  46.122 0.0000000000
39223  -46.551  -46.421  45.543 0.0000000000
39224  -47.081  -46.809  45.369 0.0000000000
39225  -47.533  -46.416  45.552 0.0000000000
39246  -47.433  -47.062  44.563 0.0000000000
39247  -47.914  -47.105  44.653 0.0000000000
39248  -48.377  -47.274  44.171 0.0000000000
39265  -47.427  -47.229  43.850 0.0000000000
39266  -47.717  -47.313  44.344 0.0000000000
39267  -48.626  -47.412  43.599 0.0000000000
39279  -47.021  -47.205  42.792 0.0000000000
39280  -48.872  -47.227  43.040 0.0000000000
39281  -49.186  -47.470  42.502 0.0000000000
39290  -46.125  -47.360  41.131 0.0000000000
39291  -46.428  -47.151  41.845 0.0000000000
39292  -49.183  -46.950  42.380 0.0000000000
39293  -49.497  -47.239  41.841 0.0000000000
39300  -45.678  -47.282  40.402 0.0000000000
39301  -49.657  -47.309  41.012 0.0000000000
39305  -44.486  -47.226  39.102 0.0000000000
39306  -45.029  -47.124  39.607 0.0000000000
39307  -49.935  -47.174  39.868 0.0000000000
39308  -50.100  -46.537  38.982 0.0000000000
39312  -43.538  -47.047  38.103 0.0000000000
39313  -43.971  -46.993  38.670 0.0000000000
39314  -47.802  -47.561  38.909 0.0000000000
39315  -48.458  -47.265  38.772 0.0000000000
39316  -49.548  -47.011  38.836 0.0000000000
39317  -50.357  -46.416  38.391 0.0000000000
39321  -42.852  -46.566  37.122 0.0000000000
39322  -43.131  -46.739  37.462 0.0000000000
39323  -45.393  -47.570  37.591 0.0000000000
39324  -45.930  -47.394  37.746 0.0000000000
39325  -47.285  -47.247  38.254 0.0000000000
39326  -48.741  -46.709  38.052 0.0000000000
39327  -49.993  -46.505  37.792 0.0000000000
39328  -50.805  -46.341  37.837 0.0000000000
39332  -42.737  -46.655  36.759 0.0000000000
39333  -43.096  -47.129  37.040 0.0000000000
39334  -44.337  -47.365  36.657 0.0000000000
39335  -45.029  -47.365  37.032 0.0000000000
39336  -46.380  -46.659  36.971 0.0000000000
39337  -47.861  -46.436  37.198 0.0000000000
39338  -49.125  -46.368  37.127 0.0000000000
39339  -50.020  -46.350  36.996 0.0000000000
39342  -42.145  -46.360  35.360 0.0000000000
39343  -42.405  -46.558  35.742 0.0000000000
39344  -42.959  -46.935  35.558 0.0000000000
39345  -44.008  -47.026  35.925 0.0000000000
39346  -45.299  -46.461  36.103 0.0000000000
39347  -46.253  -46.079  36.002 0.0000000000
39352  -42.021  -46.313  34.955 0.0000000000
39353  -42.465  -46.540  34.736 0.0000000000
39354  -43.166  -46.593  34.660 0.0000000000
39355  -43.971  -46.208  34.568 0.0000000000
39372  -41.748  -46.296  33.817 0.0000000000
39373  -42.585  -46.612  33.494 0.0000000000
39374  -43.472  -46.403  33.505 0.0000000000
39375  -44.491  -45.983  33.558 0.0000000000
39376  -45.223  -45.958  33.034 0.0000000000
39390  -41.860  -46.568  32.498 0.0000000000
39391  -42.589  -46.835  32.477 0.0000000000
39392  -43.973  -46.449  32.898 0.0000000000
39393  -44.677  -46.476  32.694 0.0000000000
39406  -41.842  -46.505  31.303 0.0000000000
39407  -42.432  -46.958  31.732 0.0000000000
39415  -41.833  -46.611  30.382 0.0000000000
39416  -42.350  -47.074  30.861 0.0000000000
39423  -41.096  -46.516  29.265 0.0000000000
39424  -41.719  -46.927  29.586 0.0000000000
39425  -42.216  -47.179  30.121 0.0000000000
39433  -39.059  -46.627  28.326 0.0000000000
39434  -40.034  -46.819  28.480 0.0000000000
39435  -40.825  -46.982  28.751 0.0000000000
39436  -41.384  -47.057  29.034 0.0000000000
39998  -43.197  -45.419  51.726 0.0000000000
39999  -43.762  -45.156  51.603 0.0000000000
40007  -43.689  -45.479  51.487 0.0000000000
40008  -44.271  -45.357  51.139 0.0000000000
40009  -44.959  -45.083  50.638 0.0000000000
40016  -44.648  -45.587  50.189 0.0000000000
40017  -45.302  -45.240  49.870 0.0000000000
40025  -44.784  -45.766  49.228 0.0000000000
40026  -45.573  -45.492  48.794 0.0000000000
40027  -46.170  -45.364  48.226 0.0000000000
40040  -42.880  -46.144  47.579 0.0000000000
40041  -43.309  -46.058  47.671 0.0000000000
40042  -44.429  -45.926  48.078 0.0000000000
40043  -45.755  -45.789  47.552 0.0000000000
40044  -46.723  -45.625  47.358 0.0000000000
40045  -47.226  -45.693  46.966 0.0000000000
40060  -42.472  -46.094  47.065 0.0000000000
40061  -43.527  -45.749  46.962 0.0000000000
40062  -44.677  -45.642  46.848 0.0000000000
40063  -45.762  -45.915  46.481 0.0000000000
40064  -47.253  -46.042  46.882 0.0000000000
40065  -47.432  -45.952  46.535 0.0000000000
40082  -42.557  -45.649  46.034 0.0000000000
40083  -43.664  -45.415  46.017 0.0000000000
40084  -44.768  -45.453  45.832 0.0000000000
40085  -45.865  -45.856  45.473 0.0000000000
40086  -46.443  -46.277  45.020 0.0000000000
40087  -47.628  -45.951  45.885 0.0000000000
40107  -42.727  -45.314  45.181 0.0000000000
40108  -43.718  -45.110  45.132 0.0000000000
40109  -44.763  -45.166  44.852 0.0000000000
40110  -45.730  -45.471  44.217 0.0000000000
40111  -46.758  -46.534  44.259 0.0000000000
40112  -47.958  -46.116  44.754 0.0000000000
40113  -48.323  -46.901  44.461 0.0000000000
40134  -46.186  -45.843  43.110 0.0000000000
40135  -46.775  -46.695  43.329 0.0000000000
40136  -48.282  -45.901  43.478 0.0000000000
40137  -48.592  -46.813  43.872 0.0000000000
40151  -46.012  -45.986  42.012 0.0000000000
40152  -46.451  -46.560  42.494 0.0000000000
40153  -48.419  -45.681  42.341 0.0000000000
40154  -48.733  -46.519  42.786 0.0000000000
40166  -45.835  -46.551  41.156 0.0000000000
40167  -46.192  -46.550  41.870 0.0000000000
40168  -48.501  -45.525  41.677 0.0000000000
40169  -49.160  -46.181  41.470 0.0000000000
40170  -49.678  -46.846  41.244 0.0000000000
40182  -44.972  -46.054  39.940 0.0000000000
40183  -45.345  -46.589  40.192 0.0000000000
40184  -49.596  -45.815  40.009 0.0000000000
40185  -49.822  -46.597  40.497 0.0000000000
40194  -44.004  -45.698  39.046 0.0000000000
40195  -44.467  -46.498  39.311 0.0000000000
40196  -44.957  -46.583  39.731 0.0000000000
40197  -50.035  -45.439  39.028 0.0000000000
40198  -50.197  -46.161  39.213 0.0000000000
40199  -50.420  -46.236  38.687 0.0000000000
40204  -43.610  -46.216  38.190 0.0000000000
40205  -44.005  -46.393  38.788 0.0000000000
40206  -50.368  -45.215  38.561 0.0000000000
40207  -50.530  -45.562  38.520 0.0000000000
40208  -50.839  -45.955  38.234 0.0000000000
40214  -42.796  -46.044  37.146 0.0000000000
40215  -43.195  -46.219  37.601 0.0000000000
40216  -50.740  -46.359  37.208 0.0000000000
40217  -51.259  -45.959  37.415 0.0000000000
40218  -51.448  -45.584  37.242 0.0000000000
40222  -41.956  -45.730  35.723 0.0000000000
40223  -42.271  -45.979  36.292 0.0000000000
40224  -47.228  -45.922  36.298 0.0000000000
40225  -48.412  -46.081  36.351 0.0000000000
40226  -49.465  -46.220  36.365 0.0000000000
40227  -50.410  -46.289  36.459 0.0000000000
40228  -51.198  -46.131  36.686 0.0000000000
40229  -51.470  -45.666  36.913 0.0000000000
40233  -41.910  -46.096  35.348 0.0000000000
40234  -42.099  -46.159  35.788 0.0000000000
40235  -44.735  -46.066  35.188 0.0000000000
40236  -45.695  -45.797  35.316 0.0000000000
40237  -46.733  -45.669  35.364 0.0000000000
40238  -47.867  -45.733  35.495 0.0000000000
40239  -48.847  -45.952  35.706 0.0000000000
40240  -49.742  -46.114  35.646 0.0000000000
40241  -50.783  -46.139  35.860 0.0000000000
40242  -51.412  -45.685  36.121 0.0000000000
40247  -41.587  -45.780  34.525 0.0000000000
40248  -44.623  -45.843  34.380 0.0000000000
40249  -45.243  -45.679  34.531 0.0000000000
40250  -46.153  -45.562  34.512 0.0000000000
40251  -47.280  -45.604  34.547 0.0000000000
40252  -48.661  -45.773  34.791 0.0000000000
40268  -40.967  -45.127  33.222 0.0000000000
40269  -41.177  -45.401  33.558 0.0000000000
40270  -44.925  -45.686  34.035 0.0000000000
40271  -45.487  -45.669  33.743 0.0000000000
40272  -46.547  -45.627  33.684 0.0000000000
40286  -40.885  -45.207  32.873 0.0000000000
40287  -41.288  -45.791  32.752 0.0000000000
40288  -45.928  -45.787  33.081 0.0000000000
40299  -40.716  -45.287  32.028 0.0000000000
40300  -41.257  -45.862  31.677 0.0000000000
40309  -40.314  -45.241  30.807 0.0000000000
40310  -41.257  -45.980  30.606 0.0000000000
40318  -40.616  -45.796  29.662 0.0000000000
40319  -41.358  -46.293  29.867 0.0000000000
40331  -39.766  -45.920  28.889 0.0000000000
40332  -40.497  -46.348  28.945 0.0000000000
40907  -42.775  -44.992  51.794 0.0000000000
40908  -43.440  -44.819  51.596 0.0000000000
40909  -44.068  -44.674  51.412 0.0000000000
40920  -42.541  -44.684  51.264 0.0000000000
40921  -43.049  -44.767  51.511 0.0000000000
40922  -44.759  -44.487  51.004 0.0000000000
40923  -45.419  -44.491  50.446 0.0000000000
40934  -41.907  -44.472  50.545 0.0000000000
40935  -45.969  -44.587  49.566 0.0000000000
40936  -46.292  -44.067  49.354 0.0000000000
40947  -41.496  -44.419  50.048 0.0000000000
40948  -46.104  -45.070  48.804 0.0000000000
40949  -46.428  -44.622  48.543 0.0000000000
40957  -46.951  -44.892  47.310 0.0000000000
40958  -47.282  -45.546  46.769 0.0000000000
40965  -46.871  -44.524  46.455 0.0000000000
40966  -47.318  -45.434  46.461 0.0000000000
40978  -46.780  -44.294  45.636 0.0000000000
40979  -47.393  -45.177  45.601 0.0000000000
40994  -42.734  -44.944  44.482 0.0000000000
40995  -43.705  -44.788  44.271 0.0000000000
40996  -44.642  -44.792  43.975 0.0000000000
40997  -45.134  -44.899  43.652 0.0000000000
40998  -47.077  -44.529  45.012 0.0000000000
40999  -47.516  -45.087  44.737 0.0000000000
41019  -42.723  -44.618  43.616 0.0000000000
41020  -43.744  -44.525  43.410 0.0000000000
41021  -44.618  -44.623  43.206 0.0000000000
41022  -45.376  -45.050  43.147 0.0000000000
41023  -47.030  -44.436  44.216 0.0000000000
41024  -47.695  -45.160  43.909 0.0000000000
41042  -42.974  -44.254  42.761 0.0000000000
41043  -43.946  -44.248  42.559 0.0000000000
41044  -44.816  -44.631  42.423 0.0000000000
41045  -45.483  -45.270  42.254 0.0000000000
41046  -47.133  -44.393  43.209 0.0000000000
41047  -47.798  -45.061  42.828 0.0000000000
41059  -41.652  -43.832  41.875 0.0000000000
41060  -44.299  -44.276  41.820 0.0000000000
41061  -44.928  -44.824  41.524 0.0000000000
41062  -45.450  -45.588  41.321 0.0000000000
41063  -47.238  -44.379  42.264 0.0000000000
41064  -47.853  -44.901  41.646 0.0000000000
41065  -48.506  -45.337  41.200 0.0000000000
41077  -44.329  -44.395  40.928 0.0000000000
41078  -44.840  -45.261  40.517 0.0000000000
41079  -45.351  -45.963  40.585 0.0000000000
41080  -48.059  -44.843  40.706 0.0000000000
41081  -48.859  -45.296  40.449 0.0000000000
41094  -44.027  -44.753  39.836 0.0000000000
41095  -44.501  -45.624  39.689 0.0000000000
41096  -48.274  -44.705  39.759 0.0000000000
41097  -49.246  -45.092  39.392 0.0000000000
41105  -42.846  -44.180  38.023 0.0000000000
41106  -43.393  -44.670  38.552 0.0000000000
41107  -48.574  -44.546  38.536 0.0000000000
41108  -49.936  -44.823  38.458 0.0000000000
41109  -50.670  -45.160  38.145 0.0000000000
41110  -50.880  -45.493  38.102 0.0000000000
41116  -42.820  -44.820  37.471 0.0000000000
41117  -43.233  -45.608  37.732 0.0000000000
41118  -48.337  -44.123  37.437 0.0000000000
41119  -49.433  -44.404  37.501 0.0000000000
41120  -50.506  -44.718  37.476 0.0000000000
41121  -51.227  -45.334  37.508 0.0000000000
41122  -51.522  -45.410  37.081 0.0000000000
41126  -41.986  -44.916  36.022 0.0000000000
41127  -42.449  -45.236  36.722 0.0000000000
41128  -48.192  -43.797  36.707 0.0000000000
41129  -49.003  -43.936  36.737 0.0000000000
41131  -51.186  -44.686  36.688 0.0000000000
41132  -51.490  -45.291  36.750 0.0000000000
41140  -40.960  -44.316  34.626 0.0000000000
41141  -41.628  -45.162  35.111 0.0000000000
41153  -40.700  -44.525  33.913 0.0000000000
41154  -41.233  -45.022  34.231 0.0000000000
41172  -40.691  -44.788  33.238 0.0000000000
41173  -40.999  -44.926  33.726 0.0000000000
41188  -40.366  -44.786  32.416 0.0000000000
41770  -43.507  -44.626  51.435 0.0000000000
41771  -43.717  -44.509  51.350 0.0000000000
41778  -42.884  -44.532  51.060 0.0000000000
41779  -43.320  -44.459  51.144 0.0000000000
41780  -44.261  -43.798  50.939 0.0000000000
41781  -45.315  -43.548  50.713 0.0000000000
41782  -45.888  -43.208  50.499 0.0000000000
41789  -42.703  -44.312  50.609 0.0000000000
41790  -43.411  -43.650  50.077 0.0000000000
41791  -44.273  -42.914  50.210 0.0000000000
41792  -45.802  -43.865  50.320 0.0000000000
41793  -46.144  -43.493  49.943 0.0000000000
41803  -41.990  -44.107  49.262 0.0000000000
41804  -43.127  -43.316  48.688 0.0000000000
41805  -46.393  -43.500  49.261 0.0000000000
41818  -41.044  -43.906  47.631 0.0000000000
41819  -42.174  -43.403  47.589 0.0000000000
41820  -43.038  -42.914  47.697 0.0000000000
41821  -46.551  -43.618  48.380 0.0000000000
41831  -40.172  -43.605  46.619 0.0000000000
41832  -41.206  -43.419  46.535 0.0000000000
41833  -41.975  -43.159  46.567 0.0000000000
41834  -46.588  -43.556  47.378 0.0000000000
41844  -40.351  -43.297  45.715 0.0000000000
41845  -41.032  -43.147  45.743 0.0000000000
41846  -46.466  -43.276  46.246 0.0000000000
41858  -39.663  -43.186  44.991 0.0000000000
41859  -40.261  -43.154  45.075 0.0000000000
41860  -46.413  -43.609  44.864 0.0000000000
41872  -46.467  -43.572  43.580 0.0000000000
41885  -42.467  -43.808  42.071 0.0000000000
41886  -43.330  -43.922  42.068 0.0000000000
41887  -43.842  -44.024  42.001 0.0000000000
41888  -46.629  -43.637  42.457 0.0000000000
41898  -41.263  -43.678  41.103 0.0000000000
41899  -42.178  -43.594  41.205 0.0000000000
41900  -43.044  -43.645  41.338 0.0000000000
41901  -43.767  -43.948  41.466 0.0000000000
41902  -46.950  -43.790  41.182 0.0000000000
41903  -47.576  -44.427  40.954 0.0000000000
41912  -40.940  -43.434  40.183 0.0000000000
41913  -41.916  -43.435  40.307 0.0000000000
41914  -42.818  -43.526  40.438 0.0000000000
41915  -43.627  -43.914  40.590 0.0000000000
41916  -46.788  -43.412  39.760 0.0000000000
41917  -47.524  -44.193  40.270 0.0000000000
41931  -41.699  -43.278  39.343 0.0000000000
41932  -42.615  -43.483  39.541 0.0000000000
41933  -43.358  -43.909  39.631 0.0000000000
41934  -46.720  -43.427  38.568 0.0000000000
41935  -47.473  -44.145  39.170 0.0000000000
41948  -41.385  -43.138  38.206 0.0000000000
41949  -42.590  -43.598  38.565 0.0000000000
41950  -43.100  -43.781  39.023 0.0000000000
41951  -46.747  -43.442  37.529 0.0000000000
41952  -47.457  -44.043  38.051 0.0000000000
41962  -40.973  -43.132  36.718 0.0000000000
41963  -41.633  -43.461  37.165 0.0000000000
41964  -42.365  -43.797  37.633 0.0000000000
41965  -46.844  -43.318  36.617 0.0000000000
41966  -47.500  -43.712  37.096 0.0000000000
41976  -40.802  -43.366  35.934 0.0000000000
41977  -41.564  -43.825  36.315 0.0000000000
41978  -42.192  -44.319  36.849 0.0000000000
41994  -41.295  -44.131  35.472 0.0000000000
42032  -40.181  -44.195  33.464 0.0000000000
42707  -45.054  -42.589  50.452 0.0000000000
42708  -45.719  -42.605  50.509 0.0000000000
42709  -46.107  -42.644  50.342 0.0000000000
42718  -43.907  -42.697  49.364 0.0000000000
42719  -44.613  -42.076  49.789 0.0000000000
42720  -46.294  -42.643  49.898 0.0000000000
42729  -43.639  -42.518  48.287 0.0000000000
42730  -44.226  -41.897  48.832 0.0000000000
42731  -46.432  -42.558  49.256 0.0000000000
42740  -42.591  -42.789  46.871 0.0000000000
42741  -43.360  -42.247  47.222 0.0000000000
42742  -43.914  -41.906  47.932 0.0000000000
42743  -46.466  -42.485  48.390 0.0000000000
42748  -41.539  -43.076  46.008 0.0000000000
42749  -42.099  -42.765  45.998 0.0000000000
42750  -42.799  -42.281  46.195 0.0000000000
42751  -46.418  -42.340  47.399 0.0000000000
42758  -40.674  -43.043  45.257 0.0000000000
42759  -41.282  -42.745  45.315 0.0000000000
42760  -42.119  -42.255  45.252 0.0000000000
42761  -42.852  -41.865  45.586 0.0000000000
42762  -46.367  -42.100  46.521 0.0000000000
42771  -39.039  -42.673  44.328 0.0000000000
42772  -40.228  -42.723  44.553 0.0000000000
42773  -41.200  -42.258  44.417 0.0000000000
42774  -41.886  -41.905  44.538 0.0000000000
42775  -46.218  -42.334  45.472 0.0000000000
42788  -39.304  -42.247  43.746 0.0000000000
42789  -40.228  -42.107  43.764 0.0000000000
42790  -40.909  -41.881  43.709 0.0000000000
42791  -45.855  -42.032  43.543 0.0000000000
42792  -45.996  -42.318  44.012 0.0000000000
42804  -45.840  -42.064  43.160 0.0000000000
42805  -46.177  -42.724  42.858 0.0000000000
42815  -45.838  -42.000  42.308 0.0000000000
42816  -46.284  -42.716  41.747 0.0000000000
42825  -45.960  -41.726  41.354 0.0000000000
42826  -46.220  -42.394  40.375 0.0000000000
42835  -45.858  -41.959  38.548 0.0000000000
42836  -46.172  -42.412  38.909 0.0000000000
42848  -45.882  -42.077  38.051 0.0000000000
42849  -46.263  -42.750  37.868 0.0000000000
42860  -40.970  -43.014  37.426 0.0000000000
42861  -45.894  -42.228  37.147 0.0000000000
42862  -46.271  -42.892  36.920 0.0000000000
43729  -45.647  -41.950  50.354 0.0000000000
43730  -46.057  -41.987  50.420 0.0000000000
43731  -46.228  -42.196  50.225 0.0000000000
43739  -45.287  -41.578  50.068 0.0000000000
43740  -45.847  -41.270  50.099 0.0000000000
43741  -46.337  -41.713  49.959 0.0000000000
43748  -44.911  -41.164  49.317 0.0000000000
43749  -45.449  -40.942  49.749 0.0000000000
43750  -46.476  -41.552  49.266 0.0000000000
43755  -43.821  -41.613  47.330 0.0000000000
43756  -44.340  -41.202  48.050 0.0000000000
43757  -46.525  -41.348  48.397 0.0000000000
43761  -43.486  -41.569  46.391 0.0000000000
43762  -44.008  -41.173  47.082 0.0000000000
43763  -46.522  -41.261  47.353 0.0000000000
43767  -42.495  -41.717  44.883 0.0000000000
43768  -43.140  -41.361  45.308 0.0000000000
43769  -46.444  -41.313  46.225 0.0000000000
43777  -41.483  -41.791  44.029 0.0000000000
43778  -42.050  -41.489  44.146 0.0000000000
43779  -42.744  -41.326  44.562 0.0000000000
43780  -46.264  -41.356  45.075 0.0000000000
43790  -38.695  -41.983  43.152 0.0000000000
43791  -39.417  -41.816  43.128 0.0000000000
43792  -40.275  -41.598  43.190 0.0000000000
43793  -41.242  -41.402  43.375 0.0000000000
43794  -41.959  -41.170  43.594 0.0000000000
43795  -45.906  -41.680  43.509 0.0000000000
43796  -46.154  -41.212  44.097 0.0000000000
43803  -38.469  -41.648  42.428 0.0000000000
43804  -39.493  -41.397  42.479 0.0000000000
43805  -40.419  -41.193  42.595 0.0000000000
43806  -41.096  -41.049  42.767 0.0000000000
43807  -45.853  -41.420  42.871 0.0000000000
43814  -37.529  -41.398  41.566 0.0000000000
43815  -38.626  -41.153  41.541 0.0000000000
43816  -39.742  -41.063  41.928 0.0000000000
43817  -40.323  -40.969  42.124 0.0000000000
43818  -45.964  -41.096  42.060 0.0000000000
43826  -37.652  -40.971  40.751 0.0000000000
43827  -38.309  -40.943  40.971 0.0000000000
43828  -46.015  -40.929  41.272 0.0000000000
43829  -45.986  -41.147  40.458 0.0000000000
43838  -36.788  -40.831  40.120 0.0000000000
43839  -37.388  -40.754  40.222 0.0000000000
43840  -45.893  -41.815  38.785 0.0000000000
43841  -45.997  -41.380  39.214 0.0000000000
43850  -45.910  -41.440  38.333 0.0000000000
43851  -46.003  -41.033  38.589 0.0000000000
43862  -45.868  -41.486  37.394 0.0000000000
43876  -45.991  -41.584  36.443 0.0000000000
43918  -55.449  -41.389  32.342 0.0000000000
43919  -56.000  -41.700  32.520 0.0000000000
43920  -56.230  -41.539  32.412 0.0000000000
43935  -54.892  -41.482  31.550 0.0000000000
43936  -55.764  -41.920  31.833 0.0000000000
43937  -56.189  -41.780  32.072 0.0000000000
43951  -56.190  -41.814  31.399 0.0000000000
44812  -46.202  -40.961  49.729 0.0000000000
44813  -46.359  -41.113  49.628 0.0000000000
44822  -45.306  -40.673  49.402 0.0000000000
44823  -45.767  -40.383  49.424 0.0000000000
44824  -46.473  -40.462  49.195 0.0000000000
44831  -45.036  -40.349  48.648 0.0000000000
44832  -45.555  -39.607  48.694 0.0000000000
44833  -46.790  -40.245  48.293 0.0000000000
44834  -47.088  -39.797  48.014 0.0000000000
44839  -43.903  -41.011  46.616 0.0000000000
44840  -44.368  -40.461  47.066 0.0000000000
44841  -46.853  -40.370  47.140 0.0000000000
44842  -47.247  -39.676  47.476 0.0000000000
44847  -43.720  -40.863  45.944 0.0000000000
44848  -44.029  -40.106  45.749 0.0000000000
44849  -46.671  -40.550  45.891 0.0000000000
44857  -42.535  -41.156  44.001 0.0000000000
44858  -43.322  -40.693  44.550 0.0000000000
44859  -43.949  -39.904  44.801 0.0000000000
44860  -46.554  -40.545  44.841 0.0000000000
44870  -41.616  -41.006  43.118 0.0000000000
44871  -42.359  -40.775  43.350 0.0000000000
44872  -43.137  -40.290  43.377 0.0000000000
44873  -46.035  -41.059  43.419 0.0000000000
44874  -46.517  -40.451  43.769 0.0000000000
44879  -40.731  -40.921  42.321 0.0000000000
44880  -41.444  -40.724  42.462 0.0000000000
44881  -42.399  -40.193  42.466 0.0000000000
44882  -43.074  -39.952  42.818 0.0000000000
44883  -46.143  -40.717  42.855 0.0000000000
44884  -46.640  -40.039  42.813 0.0000000000
44890  -38.617  -40.941  41.052 0.0000000000
44891  -39.206  -40.896  41.183 0.0000000000
44892  -40.387  -40.747  41.586 0.0000000000
44893  -41.543  -40.302  41.517 0.0000000000
44894  -42.194  -40.082  41.823 0.0000000000
44895  -46.280  -40.474  42.233 0.0000000000
44896  -46.517  -40.014  41.857 0.0000000000
44902  -37.705  -40.753  40.297 0.0000000000
44903  -38.375  -40.748  40.521 0.0000000000
44904  -39.485  -40.535  40.534 0.0000000000
44905  -40.625  -40.298  40.552 0.0000000000
44906  -41.315  -40.186  40.837 0.0000000000
44907  -46.220  -40.550  41.652 0.0000000000
44908  -46.367  -40.263  40.917 0.0000000000
44914  -36.224  -40.595  39.394 0.0000000000
44915  -37.436  -40.520  39.713 0.0000000000
44916  -38.623  -40.298  39.716 0.0000000000
44917  -39.719  -40.063  39.707 0.0000000000
44918  -40.382  -40.044  39.930 0.0000000000
44919  -46.395  -40.407  39.722 0.0000000000
44926  -36.626  -40.188  38.725 0.0000000000
44927  -37.831  -40.012  38.764 0.0000000000
44928  -38.926  -39.857  39.102 0.0000000000
44929  -39.480  -39.777  39.216 0.0000000000
44930  -46.020  -40.930  38.286 0.0000000000
44931  -46.376  -40.518  38.458 0.0000000000
44939  -35.881  -39.916  37.652 0.0000000000
44940  -37.078  -39.820  38.087 0.0000000000
44941  -37.632  -39.769  38.230 0.0000000000
44942  -46.062  -40.865  37.726 0.0000000000
44943  -46.475  -40.220  37.240 0.0000000000
44944  -55.466  -40.111  37.090 0.0000000000
44945  -55.784  -40.074  36.749 0.0000000000
44957  -35.085  -39.958  37.067 0.0000000000
44958  -35.543  -39.826  37.162 0.0000000000
44959  -46.139  -40.803  36.616 0.0000000000
44960  -46.572  -40.183  36.286 0.0000000000
44961  -55.621  -40.315  36.371 0.0000000000
44962  -55.983  -40.140  36.179 0.0000000000
44978  -46.463  -40.467  35.540 0.0000000000
44979  -55.613  -40.666  35.531 0.0000000000
44980  -56.145  -40.518  35.501 0.0000000000
44981  -56.334  -40.469  35.070 0.0000000000
44995  -55.512  -40.868  34.748 0.0000000000
44996  -56.095  -41.061  34.914 0.0000000000
44997  -56.328  -40.674  34.912 0.0000000000
45006  -54.412  -40.451  33.295 0.0000000000
45007  -55.161  -40.720  33.830 0.0000000000
45008  -55.932  -41.322  34.060 0.0000000000
45009  -56.329  -40.893  34.217 0.0000000000
45019  -54.183  -40.496  32.623 0.0000000000
45020  -55.022  -40.838  32.884 0.0000000000
45021  -55.719  -41.289  33.132 0.0000000000
45022  -56.266  -41.260  33.076 0.0000000000
45037  -53.852  -40.594  31.767 0.0000000000
45038  -54.703  -40.991  32.225 0.0000000000
45039  -56.346  -41.289  32.037 0.0000000000
45054  -56.366  -41.144  31.037 0.0000000000
45830  -46.272  -39.295  48.805 0.0000000000
45831  -47.031  -39.326  48.873 0.0000000000
45832  -47.263  -38.954  48.718 0.0000000000
45846  -45.112  -39.593  47.761 0.0000000000
45847  -45.671  -38.884  48.056 0.0000000000
45848  -47.121  -39.619  48.453 0.0000000000
45849  -47.303  -39.182  48.263 0.0000000000
45863  -44.663  -39.507  46.578 0.0000000000
45864  -45.128  -38.892  47.184 0.0000000000
45865  -47.171  -39.858  46.526 0.0000000000
45866  -47.567  -39.143  47.181 0.0000000000
45880  -44.416  -39.356  45.422 0.0000000000
45881  -46.933  -39.994  45.563 0.0000000000
45882  -47.539  -39.358  45.796 0.0000000000
45895  -43.669  -39.979  44.034 0.0000000000
45896  -44.139  -39.263  44.247 0.0000000000
45897  -47.004  -39.878  44.711 0.0000000000
45898  -47.531  -39.271  44.547 0.0000000000
45916  -43.535  -39.584  43.283 0.0000000000
45917  -43.983  -38.953  43.416 0.0000000000
45918  -47.064  -39.730  43.734 0.0000000000
45919  -47.534  -39.191  43.556 0.0000000000
45929  -42.456  -39.886  42.001 0.0000000000
45930  -42.980  -39.535  42.289 0.0000000000
45931  -47.121  -39.498  43.022 0.0000000000
45932  -47.483  -39.115  42.722 0.0000000000
45940  -41.660  -40.084  41.002 0.0000000000
45941  -42.249  -39.801  41.327 0.0000000000
45942  -42.984  -39.102  41.372 0.0000000000
45943  -46.955  -39.464  42.275 0.0000000000
45944  -47.491  -39.054  41.901 0.0000000000
45945  -52.095  -39.118  41.178 0.0000000000
45946  -52.337  -39.083  41.228 0.0000000000
45953  -40.728  -39.993  40.073 0.0000000000
45954  -41.384  -39.812  40.380 0.0000000000
45955  -42.351  -39.078  40.434 0.0000000000
45956  -43.003  -38.764  40.822 0.0000000000
45957  -46.955  -39.512  41.335 0.0000000000
45958  -47.798  -38.997  40.905 0.0000000000
45959  -48.318  -38.833  40.139 0.0000000000
45960  -52.168  -39.243  40.927 0.0000000000
45961  -52.821  -39.233  40.951 0.0000000000
45962  -53.292  -39.099  40.469 0.0000000000
45967  -39.785  -39.748  39.299 0.0000000000
45968  -40.448  -39.656  39.537 0.0000000000
45969  -41.494  -39.073  39.529 0.0000000000
45970  -42.131  -38.848  39.819 0.0000000000
45971  -46.957  -39.619  40.260 0.0000000000
45972  -47.689  -39.228  39.723 0.0000000000
45973  -48.392  -38.888  39.333 0.0000000000
45974  -52.324  -39.355  40.249 0.0000000000
45975  -52.993  -39.443  40.016 0.0000000000
45976  -53.536  -39.142  39.707 0.0000000000
45981  -37.909  -39.749  38.287 0.0000000000
45982  -38.452  -39.655  38.393 0.0000000000
45983  -39.528  -39.495  38.756 0.0000000000
45984  -40.605  -39.037  38.711 0.0000000000
45985  -41.242  -38.841  38.949 0.0000000000
45986  -47.018  -39.758  39.099 0.0000000000
45987  -47.784  -39.276  38.694 0.0000000000
45988  -48.538  -38.913  38.496 0.0000000000
45989  -52.448  -39.336  39.490 0.0000000000
45990  -53.071  -39.348  38.915 0.0000000000
45991  -54.099  -39.384  38.704 0.0000000000
45992  -54.982  -39.698  38.353 0.0000000000
45993  -55.370  -39.668  37.974 0.0000000000
45997  -36.228  -39.591  37.099 0.0000000000
45998  -36.810  -39.541  37.381 0.0000000000
45999  -37.766  -39.531  37.794 0.0000000000
46000  -38.777  -39.217  37.694 0.0000000000
46001  -39.826  -39.016  38.040 0.0000000000
46002  -40.353  -38.829  38.170 0.0000000000
46003  -47.147  -39.640  37.797 0.0000000000
46004  -48.068  -39.172  37.768 0.0000000000
46005  -48.727  -38.889  37.808 0.0000000000
46006  -53.519  -39.477  37.591 0.0000000000
46007  -54.637  -40.124  37.910 0.0000000000
46008  -55.327  -40.106  37.769 0.0000000000
46009  -55.557  -39.727  37.306 0.0000000000
46016  -34.835  -39.695  36.363 0.0000000000
46017  -35.695  -39.622  36.771 0.0000000000
46018  -36.549  -39.252  36.623 0.0000000000
46019  -37.451  -39.213  37.029 0.0000000000
46020  -38.094  -39.208  37.308 0.0000000000
46021  -46.995  -39.658  36.553 0.0000000000
46022  -47.795  -39.330  36.800 0.0000000000
46023  -48.600  -39.041  37.041 0.0000000000
46024  -53.555  -39.595  36.302 0.0000000000
46025  -54.431  -40.032  36.880 0.0000000000
46026  -55.135  -40.248  37.111 0.0000000000
46027  -55.783  -39.607  36.445 0.0000000000
46036  -34.597  -39.332  35.602 0.0000000000
46037  -35.478  -39.377  35.985 0.0000000000
46038  -36.037  -39.327  36.269 0.0000000000
46039  -46.926  -39.842  35.517 0.0000000000
46040  -47.667  -39.471  35.709 0.0000000000
46041  -48.502  -39.126  35.999 0.0000000000
46042  -53.538  -39.578  35.343 0.0000000000
46043  -54.305  -40.050  35.862 0.0000000000
46044  -55.041  -40.411  36.242 0.0000000000
46045  -56.136  -39.700  35.497 0.0000000000
46046  -56.314  -40.262  35.185 0.0000000000
46059  -47.521  -39.558  34.605 0.0000000000
46060  -48.385  -39.201  34.861 0.0000000000
46061  -53.409  -39.585  34.505 0.0000000000
46062  -54.198  -40.034  34.944 0.0000000000
46063  -54.957  -40.473  35.345 0.0000000000
46064  -56.176  -39.270  34.841 0.0000000000
46065  -56.390  -39.974  34.592 0.0000000000
46076  -48.264  -39.273  33.727 0.0000000000
46077  -52.266  -39.183  33.548 0.0000000000
46078  -53.145  -39.574  33.709 0.0000000000
46079  -54.103  -40.120  33.996 0.0000000000
46080  -54.823  -40.468  34.598 0.0000000000
46081  -56.402  -40.257  33.408 0.0000000000
46092  -50.673  -39.207  32.497 0.0000000000
46093  -51.740  -39.288  32.802 0.0000000000
46094  -52.831  -39.595  32.924 0.0000000000
46095  -53.678  -40.033  33.159 0.0000000000
46096  -56.398  -40.582  32.523 0.0000000000
46109  -51.560  -39.624  31.891 0.0000000000
46110  -52.691  -39.832  32.042 0.0000000000
46111  -53.453  -40.073  32.479 0.0000000000
46113  -56.332  -40.336  31.604 0.0000000000
46852  -46.811  -38.607  48.759 0.0000000000
46853  -47.183  -38.662  48.645 0.0000000000
46854  -47.315  -38.775  48.550 0.0000000000
46863  -46.356  -38.123  48.176 0.0000000000
46864  -47.057  -37.940  48.369 0.0000000000
46865  -47.547  -38.294  47.936 0.0000000000
46874  -44.934  -38.694  46.151 0.0000000000
46875  -45.654  -38.068  46.974 0.0000000000
46876  -47.990  -38.303  46.612 0.0000000000
46877  -48.311  -37.807  46.434 0.0000000000
46884  -44.737  -38.592  44.960 0.0000000000
46885  -45.305  -37.881  45.526 0.0000000000
46886  -47.952  -38.628  45.290 0.0000000000
46887  -48.389  -37.976  45.821 0.0000000000
46894  -44.528  -38.342  43.826 0.0000000000
46895  -44.985  -37.868  44.544 0.0000000000
46896  -47.979  -38.693  44.139 0.0000000000
46897  -48.463  -38.163  44.712 0.0000000000
46912  -43.632  -39.070  42.804 0.0000000000
46913  -44.127  -38.498  42.847 0.0000000000
46914  -47.960  -38.736  43.154 0.0000000000
46915  -48.642  -38.262  43.528 0.0000000000
46916  -49.101  -38.017  43.282 0.0000000000
46931  -43.565  -38.783  42.115 0.0000000000
46932  -44.160  -38.051  42.015 0.0000000000
46933  -47.871  -38.801  42.423 0.0000000000
46934  -48.424  -38.551  42.549 0.0000000000
46935  -49.228  -38.214  42.629 0.0000000000
46936  -50.067  -38.228  42.232 0.0000000000
46937  -50.959  -38.361  42.228 0.0000000000
46938  -51.743  -38.293  42.147 0.0000000000
46947  -43.513  -38.382  41.250 0.0000000000
46948  -43.988  -37.662  41.356 0.0000000000
46949  -48.098  -38.738  41.805 0.0000000000
46950  -48.748  -38.576  41.791 0.0000000000
46951  -49.522  -38.442  41.588 0.0000000000
46952  -50.481  -38.486  41.413 0.0000000000
46953  -51.666  -38.811  41.308 0.0000000000
46954  -52.469  -38.580  41.605 0.0000000000
46955  -52.940  -38.440  41.457 0.0000000000
46961  -42.411  -38.669  39.989 0.0000000000
46962  -42.993  -38.303  40.272 0.0000000000
46963  -48.352  -38.708  41.334 0.0000000000
46964  -48.789  -38.638  40.895 0.0000000000
46965  -49.770  -38.550  40.682 0.0000000000
46966  -50.762  -38.616  40.528 0.0000000000
46967  -51.639  -38.958  40.374 0.0000000000
46968  -52.981  -38.856  41.352 0.0000000000
46969  -53.235  -38.679  41.070 0.0000000000
46975  -41.564  -38.725  39.078 0.0000000000
46976  -42.210  -38.448  39.348 0.0000000000
46977  -42.939  -37.765  39.556 0.0000000000
46978  -49.054  -38.640  39.965 0.0000000000
46979  -49.952  -38.627  39.799 0.0000000000
46980  -50.891  -38.587  39.645 0.0000000000
46981  -51.717  -39.046  39.527 0.0000000000
46982  -53.500  -38.570  40.376 0.0000000000
46986  -40.655  -38.730  38.253 0.0000000000
46987  -41.336  -38.506  38.451 0.0000000000
46988  -42.197  -38.030  38.558 0.0000000000
46989  -49.195  -38.741  39.125 0.0000000000
46990  -50.047  -38.636  38.934 0.0000000000
46991  -50.967  -38.658  38.745 0.0000000000
46992  -51.957  -39.034  38.582 0.0000000000
46993  -52.615  -39.117  37.992 0.0000000000
46994  -53.871  -38.550  39.510 0.0000000000
46995  -54.522  -38.832  38.680 0.0000000000
46996  -55.097  -39.249  38.216 0.0000000000
47001  -38.818  -38.926  37.272 0.0000000000
47002  -39.295  -38.779  37.331 0.0000000000
47003  -40.384  -38.530  37.638 0.0000000000
47004  -41.283  -38.033  37.530 0.0000000000
47005  -49.293  -38.768  38.307 0.0000000000
47006  -50.095  -38.729  38.051 0.0000000000
47007  -50.977  -38.717  37.792 0.0000000000
47008  -51.826  -38.812  37.502 0.0000000000
47009  -52.537  -38.986  37.238 0.0000000000
47010  -54.774  -38.564  38.014 0.0000000000
47011  -55.259  -39.139  37.702 0.0000000000
47017  -36.682  -38.977  36.285 0.0000000000
47018  -37.144  -38.844  36.401 0.0000000000
47019  -38.385  -38.762  36.789 0.0000000000
47020  -39.601  -38.180  36.544 0.0000000000
47021  -40.727  -37.917  36.833 0.0000000000
47022  -41.327  -37.645  37.035 0.0000000000
47023  -49.327  -38.809  37.457 0.0000000000
47024  -50.120  -38.715  37.095 0.0000000000
47025  -50.993  -38.725  36.798 0.0000000000
47026  -51.879  -38.728  36.582 0.0000000000
47027  -52.736  -39.083  36.496 0.0000000000
47028  -54.930  -38.465  37.399 0.0000000000
47029  -55.332  -38.790  36.847 0.0000000000
47036  -34.795  -39.039  35.252 0.0000000000
47037  -35.262  -38.980  35.381 0.0000000000
47038  -36.375  -38.868  35.827 0.0000000000
47039  -37.570  -38.274  35.710 0.0000000000
47040  -38.743  -38.077  35.907 0.0000000000
47041  -39.329  -37.869  35.944 0.0000000000
47042  -49.331  -38.885  36.464 0.0000000000
47043  -50.216  -38.797  36.062 0.0000000000
47044  -51.134  -38.787  35.845 0.0000000000
47045  -52.047  -38.762  35.701 0.0000000000
47046  -52.819  -39.178  35.595 0.0000000000
47047  -55.680  -38.667  35.881 0.0000000000
47057  -34.544  -38.740  34.849 0.0000000000
47058  -35.778  -38.420  34.895 0.0000000000
47059  -36.840  -38.206  35.032 0.0000000000
47060  -37.385  -38.020  35.131 0.0000000000
47061  -49.412  -38.885  35.212 0.0000000000
47062  -50.505  -38.811  35.057 0.0000000000
47063  -51.414  -38.828  34.970 0.0000000000
47064  -52.246  -38.958  34.914 0.0000000000
47065  -52.903  -39.262  34.901 0.0000000000
47066  -55.924  -38.586  34.997 0.0000000000
47067  -56.193  -38.615  34.300 0.0000000000
47077  -49.137  -39.014  34.027 0.0000000000
47078  -50.080  -38.872  34.162 0.0000000000
47079  -50.982  -38.869  34.211 0.0000000000
47080  -51.828  -38.862  34.213 0.0000000000
47081  -52.616  -39.189  34.269 0.0000000000
47082  -56.276  -38.948  33.484 0.0000000000
47089  -49.016  -39.100  33.114 0.0000000000
47090  -49.856  -38.965  33.215 0.0000000000
47091  -50.784  -38.940  33.379 0.0000000000
47092  -51.496  -38.969  33.596 0.0000000000
47094  -56.237  -39.487  32.437 0.0000000000
47899  -46.824  -37.397  47.749 0.0000000000
47900  -47.503  -37.043  47.543 0.0000000000
47901  -48.137  -37.373  47.224 0.0000000000
47902  -48.563  -37.017  47.151 0.0000000000
47913  -46.397  -37.272  47.147 0.0000000000
47914  -46.949  -36.604  47.055 0.0000000000
47915  -48.257  -37.677  46.721 0.0000000000
47916  -48.791  -37.277  46.460 0.0000000000
47917  -49.392  -36.846  46.039 0.0000000000
47925  -46.079  -36.999  45.874 0.0000000000
47926  -46.543  -36.532  46.438 0.0000000000
47927  -48.955  -37.615  45.254 0.0000000000
47928  -49.372  -37.107  45.598 0.0000000000
47936  -44.911  -37.489  43.849 0.0000000000
47937  -45.483  -36.974  44.492 0.0000000000
47938  -49.041  -37.820  44.188 0.0000000000
47939  -49.723  -37.239  44.615 0.0000000000
47940  -50.285  -36.975  44.409 0.0000000000
47948  -44.683  -37.571  42.882 0.0000000000
47949  -45.061  -36.698  43.380 0.0000000000
47950  -49.064  -37.946  43.599 0.0000000000
47951  -49.586  -37.782  43.454 0.0000000000
47952  -50.511  -37.274  43.799 0.0000000000
47953  -51.112  -37.184  43.659 0.0000000000
47967  -44.433  -36.968  41.813 0.0000000000
47968  -44.817  -36.573  42.556 0.0000000000
47969  -49.800  -37.992  42.768 0.0000000000
47970  -50.373  -37.879  42.898 0.0000000000
47971  -51.307  -37.656  43.045 0.0000000000
47972  -52.080  -37.708  42.436 0.0000000000
47987  -43.657  -37.755  40.776 0.0000000000
47988  -43.968  -36.999  40.949 0.0000000000
47989  -52.656  -37.667  41.914 0.0000000000
47990  -53.034  -38.061  41.412 0.0000000000
48000  -43.528  -37.205  40.112 0.0000000000
48001  -43.836  -36.361  40.493 0.0000000000
48002  -52.857  -37.387  41.553 0.0000000000
48003  -53.185  -37.757  41.017 0.0000000000
48012  -42.618  -37.695  38.977 0.0000000000
48013  -43.126  -36.921  39.152 0.0000000000
48014  -53.400  -37.695  40.252 0.0000000000
48020  -41.891  -37.873  37.997 0.0000000000
48021  -42.500  -37.124  38.286 0.0000000000
48022  -42.886  -36.373  38.641 0.0000000000
48023  -53.502  -37.542  39.545 0.0000000000
48024  -53.879  -38.111  39.001 0.0000000000
48029  -41.847  -37.255  37.397 0.0000000000
48030  -42.301  -36.491  37.662 0.0000000000
48031  -53.544  -37.376  38.949 0.0000000000
48032  -54.010  -37.760  38.342 0.0000000000
48037  -39.616  -37.732  35.989 0.0000000000
48038  -40.214  -37.415  36.095 0.0000000000
48039  -41.251  -37.070  36.580 0.0000000000
48040  -54.390  -37.621  37.459 0.0000000000
48041  -54.833  -37.975  36.894 0.0000000000
48048  -37.647  -37.913  35.182 0.0000000000
48049  -38.185  -37.721  35.255 0.0000000000
48050  -39.308  -37.369  35.404 0.0000000000
48051  -40.109  -36.775  35.560 0.0000000000
48052  -54.550  -37.213  36.741 0.0000000000
48053  -55.090  -37.576  36.178 0.0000000000
48063  -34.147  -37.802  34.105 0.0000000000
48064  -35.232  -37.785  34.258 0.0000000000
48065  -36.349  -37.632  34.335 0.0000000000
48066  -37.432  -37.554  34.693 0.0000000000
48067  -38.401  -37.066  34.686 0.0000000000
48068  -39.098  -36.622  34.754 0.0000000000
48069  -55.580  -37.518  35.254 0.0000000000
48070  -56.030  -37.431  34.448 0.0000000000
48081  -33.766  -36.875  33.758 0.0000000000
48082  -34.780  -37.017  33.668 0.0000000000
48083  -35.805  -37.048  33.742 0.0000000000
48084  -36.428  -37.056  33.883 0.0000000000
48085  -56.219  -37.316  33.550 0.0000000000
48924  -47.882  -36.312  47.366 0.0000000000
48925  -48.149  -36.641  47.399 0.0000000000
48926  -48.384  -36.863  47.296 0.0000000000
48938  -47.665  -35.768  46.877 0.0000000000
48939  -48.268  -35.930  47.212 0.0000000000
48940  -48.702  -36.457  47.043 0.0000000000
48941  -49.273  -36.416  46.372 0.0000000000
48949  -46.500  -36.139  45.711 0.0000000000
48950  -46.903  -35.700  46.088 0.0000000000
48951  -49.917  -36.436  45.423 0.0000000000
48952  -50.456  -35.980  45.040 0.0000000000
48959  -46.207  -35.780  44.713 0.0000000000
48960  -46.575  -35.587  45.386 0.0000000000
48961  -50.161  -36.800  44.733 0.0000000000
48962  -50.715  -36.496  44.436 0.0000000000
48963  -51.187  -36.385  44.173 0.0000000000
48969  -45.464  -35.787  43.655 0.0000000000
48970  -50.996  -36.952  43.951 0.0000000000
48971  -51.465  -36.637  43.703 0.0000000000
48972  -51.931  -36.117  43.496 0.0000000000
48980  -44.555  -35.806  42.002 0.0000000000
48981  -44.973  -35.743  42.780 0.0000000000
48982  -51.818  -37.190  43.028 0.0000000000
48983  -52.229  -36.650  42.894 0.0000000000
48995  -44.194  -35.921  41.106 0.0000000000
48996  -52.696  -36.570  42.131 0.0000000000
49006  -43.570  -36.007  39.778 0.0000000000
49007  -43.803  -35.611  40.461 0.0000000000
49008  -52.888  -36.656  41.492 0.0000000000
49009  -52.995  -36.688  40.851 0.0000000000
49020  -43.214  -35.921  39.004 0.0000000000
49021  -53.240  -36.539  40.166 0.0000000000
49029  -42.639  -35.964  38.154 0.0000000000
49030  -42.907  -35.758  38.615 0.0000000000
49031  -53.389  -36.499  39.398 0.0000000000
49037  -41.940  -36.147  37.005 0.0000000000
49038  -42.329  -35.753  37.591 0.0000000000
49039  -53.520  -36.604  38.634 0.0000000000
49040  -53.787  -36.614  37.875 0.0000000000
49045  -40.745  -36.499  35.977 0.0000000000
49046  -41.334  -36.060  36.415 0.0000000000
49047  -54.181  -36.404  37.129 0.0000000000
49053  -39.712  -36.373  35.103 0.0000000000
49054  -40.334  -35.942  35.521 0.0000000000
49055  -54.553  -36.340  36.317 0.0000000000
49056  -55.094  -36.364  35.520 0.0000000000
49065  -36.912  -37.064  34.075 0.0000000000
49066  -37.634  -36.529  34.172 0.0000000000
49067  -38.528  -36.154  34.449 0.0000000000
49068  -39.250  -35.814  34.705 0.0000000000
49069  -55.695  -36.319  34.739 0.0000000000
49070  -56.241  -36.170  34.028 0.0000000000
49080  -33.467  -35.924  33.798 0.0000000000
49081  -34.353  -36.081  33.486 0.0000000000
49082  -35.400  -36.169  33.388 0.0000000000
49083  -36.599  -36.273  33.606 0.0000000000
49084  -37.455  -35.724  33.803 0.0000000000
50017  -47.982  -34.977  46.498 0.0000000000
50018  -48.348  -35.233  46.695 0.0000000000
50019  -48.825  -35.609  46.758 0.0000000000
50020  -49.108  -35.975  46.666 0.0000000000
50035  -47.625  -34.709  45.830 0.0000000000
50036  -48.376  -34.526  46.248 0.0000000000
50037  -49.045  -34.802  46.403 0.0000000000
50038  -49.572  -35.506  46.130 0.0000000000
50039  -50.293  -35.512  45.389 0.0000000000
50053  -46.262  -34.909  44.336 0.0000000000
50054  -46.681  -34.805  44.951 0.0000000000
50055  -50.839  -35.640  44.812 0.0000000000
50056  -51.282  -36.009  44.310 0.0000000000
50065  -45.824  -34.752  43.686 0.0000000000
50066  -46.275  -34.386  44.064 0.0000000000
50067  -51.744  -35.727  43.943 0.0000000000
50068  -52.166  -35.642  43.443 0.0000000000
50072  -44.642  -34.841  42.208 0.0000000000
50073  -45.141  -34.804  42.940 0.0000000000
50074  -48.125  -34.648  42.253 0.0000000000
50075  -48.906  -34.741  42.316 0.0000000000
50076  -49.841  -34.760  42.271 0.0000000000
50077  -50.429  -34.598  42.087 0.0000000000
50078  -52.562  -35.683  42.882 0.0000000000
50086  -44.197  -34.886  41.483 0.0000000000
50087  -46.900  -34.593  41.397 0.0000000000
50088  -47.596  -34.800  41.630 0.0000000000
50089  -48.540  -35.057  41.537 0.0000000000
50090  -49.424  -35.014  41.501 0.0000000000
50091  -50.220  -34.768  41.476 0.0000000000
50092  -52.953  -35.472  42.029 0.0000000000
50093  -53.320  -34.772  41.744 0.0000000000
50101  -43.573  -34.930  40.045 0.0000000000
50102  -43.869  -34.882  40.742 0.0000000000
50103  -46.537  -34.525  40.766 0.0000000000
50104  -47.271  -35.091  40.718 0.0000000000
50105  -48.166  -35.309  40.704 0.0000000000
50106  -49.077  -35.305  40.674 0.0000000000
50107  -49.902  -35.028  40.662 0.0000000000
50108  -52.978  -35.997  41.365 0.0000000000
50109  -53.269  -35.332  41.070 0.0000000000
50118  -42.812  -34.761  38.857 0.0000000000
50119  -43.244  -35.020  39.284 0.0000000000
50120  -45.577  -34.015  39.676 0.0000000000
50121  -46.060  -34.459  39.949 0.0000000000
50122  -46.889  -35.094  39.855 0.0000000000
50123  -47.806  -35.448  39.778 0.0000000000
50124  -48.736  -35.460  39.788 0.0000000000
50125  -49.561  -35.181  39.801 0.0000000000
50126  -53.547  -35.427  40.053 0.0000000000
50134  -42.725  -35.130  38.487 0.0000000000
50135  -42.992  -35.311  38.836 0.0000000000
50136  -45.295  -33.889  39.223 0.0000000000
50137  -45.713  -34.534  39.127 0.0000000000
50138  -46.430  -35.099  39.032 0.0000000000
50139  -47.371  -35.380  38.870 0.0000000000
50140  -48.420  -35.463  38.761 0.0000000000
50141  -49.222  -35.304  39.081 0.0000000000
50142  -53.647  -35.494  39.158 0.0000000000
50143  -53.916  -35.047  38.653 0.0000000000
50150  -42.049  -35.183  37.376 0.0000000000
50151  -42.428  -34.919  37.925 0.0000000000
50152  -45.226  -34.333  38.533 0.0000000000
50153  -45.887  -35.078  38.307 0.0000000000
50154  -46.804  -35.360  38.061 0.0000000000
50157  -53.711  -35.797  38.403 0.0000000000
50158  -54.040  -35.331  37.852 0.0000000000
50164  -40.897  -35.476  36.067 0.0000000000
50165  -41.504  -35.010  36.795 0.0000000000
50166  -45.331  -34.859  37.641 0.0000000000
50171  -54.371  -35.269  36.882 0.0000000000
50177  -39.839  -35.450  35.142 0.0000000000
50178  -40.357  -34.953  35.667 0.0000000000
50183  -54.700  -35.116  35.966 0.0000000000
50184  -55.297  -35.202  35.142 0.0000000000
50191  -38.050  -35.700  34.122 0.0000000000
50192  -38.730  -35.107  34.301 0.0000000000
50193  -39.437  -35.019  34.751 0.0000000000
50194  -55.807  -35.164  34.369 0.0000000000
50202  -33.104  -35.079  33.895 0.0000000000
50203  -33.934  -35.147  33.671 0.0000000000
50204  -34.892  -35.181  33.430 0.0000000000
50205  -35.955  -35.173  33.336 0.0000000000
50206  -36.982  -35.049  33.561 0.0000000000
50207  -37.937  -34.936  33.841 0.0000000000
50208  -38.418  -34.627  34.048 0.0000000000
51124  -47.783  -34.119  45.316 0.0000000000
51125  -48.272  -34.070  45.596 0.0000000000
51126  -49.081  -34.197  45.800 0.0000000000
51127  -49.715  -34.738  45.700 0.0000000000
51128  -50.088  -35.072  45.608 0.0000000000
51145  -47.305  -34.054  44.858 0.0000000000
51146  -48.024  -33.994  44.802 0.0000000000
51147  -48.886  -34.189  44.959 0.0000000000
51148  -49.828  -34.394  45.023 0.0000000000
51149  -50.730  -34.858  45.031 0.0000000000
51150  -51.382  -35.356  44.496 0.0000000000
51165  -46.041  -33.876  43.311 0.0000000000
51166  -46.636  -33.840  44.048 0.0000000000
51167  -47.470  -33.820  43.780 0.0000000000
51168  -48.572  -34.190  44.043 0.0000000000
51169  -49.688  -34.329  44.108 0.0000000000
51170  -50.827  -34.476  44.098 0.0000000000
51171  -51.880  -34.931  43.977 0.0000000000
51172  -52.383  -35.220  43.404 0.0000000000
51184  -44.834  -34.023  42.301 0.0000000000
51185  -45.401  -33.973  42.863 0.0000000000
51186  -46.722  -33.927  42.403 0.0000000000
51187  -47.392  -34.212  42.622 0.0000000000
51188  -48.261  -34.371  43.074 0.0000000000
51189  -49.310  -34.521  43.177 0.0000000000
51190  -50.652  -34.532  42.856 0.0000000000
51191  -51.841  -34.529  43.019 0.0000000000
51192  -52.527  -34.940  42.997 0.0000000000
51205  -44.371  -34.042  41.606 0.0000000000
51206  -46.456  -33.926  41.674 0.0000000000
51207  -46.950  -34.319  41.994 0.0000000000
51208  -50.940  -34.395  41.631 0.0000000000
51209  -51.935  -33.983  41.819 0.0000000000
51210  -52.921  -34.332  42.013 0.0000000000
51211  -53.665  -34.262  41.472 0.0000000000
51217  -43.571  -34.117  40.273 0.0000000000
51218  -43.991  -34.091  40.894 0.0000000000
51219  -45.457  -33.516  40.605 0.0000000000
51220  -45.969  -33.755  40.860 0.0000000000
51221  -50.662  -34.587  40.658 0.0000000000
51222  -51.480  -33.986  40.661 0.0000000000
51223  -53.973  -34.218  40.651 0.0000000000
51224  -54.257  -33.572  40.384 0.0000000000
51231  -42.838  -34.320  39.108 0.0000000000
51232  -43.231  -34.205  39.593 0.0000000000
51233  -45.231  -33.419  39.900 0.0000000000
51234  -45.630  -33.814  40.209 0.0000000000
51235  -50.271  -34.869  39.892 0.0000000000
51236  -51.012  -34.464  39.630 0.0000000000
51237  -53.883  -34.679  39.796 0.0000000000
51238  -54.305  -33.893  39.802 0.0000000000
51245  -42.112  -33.876  38.037 0.0000000000
51246  -42.397  -34.138  38.425 0.0000000000
51247  -44.027  -33.287  38.793 0.0000000000
51248  -44.543  -33.442  39.015 0.0000000000
51249  -49.178  -35.203  38.383 0.0000000000
51250  -50.009  -34.815  38.793 0.0000000000
51251  -51.092  -34.204  38.455 0.0000000000
51252  -54.020  -34.619  39.231 0.0000000000
51253  -54.352  -34.145  38.683 0.0000000000
51260  -41.918  -34.157  37.690 0.0000000000
51261  -42.267  -34.349  38.021 0.0000000000
51262  -43.438  -33.237  37.953 0.0000000000
51263  -43.770  -33.417  38.262 0.0000000000
51264  -44.523  -34.204  37.970 0.0000000000
51265  -49.444  -34.984  37.647 0.0000000000
51266  -50.288  -34.498  37.523 0.0000000000
51267  -51.150  -33.948  37.355 0.0000000000
51268  -54.533  -34.241  37.578 0.0000000000
51273  -40.842  -34.397  36.301 0.0000000000
51274  -41.254  -33.835  36.945 0.0000000000
51275  -43.390  -33.350  37.557 0.0000000000
51276  -43.926  -33.942  37.233 0.0000000000
51277  -44.749  -34.668  36.935 0.0000000000
51281  -51.168  -33.615  36.622 0.0000000000
51282  -54.719  -34.290  36.680 0.0000000000
51283  -54.975  -33.921  36.368 0.0000000000
51289  -39.841  -34.513  35.235 0.0000000000
51290  -40.303  -33.960  35.826 0.0000000000
51291  -42.714  -33.282  36.301 0.0000000000
51292  -43.105  -33.521  36.570 0.0000000000
51293  -44.102  -34.361  36.161 0.0000000000
51300  -54.830  -34.345  36.168 0.0000000000
51301  -55.082  -34.111  35.750 0.0000000000
51309  -33.847  -33.783  34.319 0.0000000000
51310  -38.702  -34.303  34.239 0.0000000000
51311  -39.303  -34.143  34.660 0.0000000000
51312  -42.752  -33.427  35.957 0.0000000000
51313  -43.333  -33.970  35.395 0.0000000000
51320  -55.486  -34.130  34.849 0.0000000000
51327  -32.911  -34.471  34.166 0.0000000000
51328  -33.501  -34.395  33.943 0.0000000000
51329  -34.400  -34.210  33.766 0.0000000000
51330  -35.375  -34.233  33.482 0.0000000000
51331  -36.438  -34.008  33.442 0.0000000000
51332  -37.488  -34.075  33.629 0.0000000000
51333  -38.277  -34.097  33.890 0.0000000000
52230  -46.115  -33.521  42.876 0.0000000000
52231  -46.434  -33.701  43.187 0.0000000000
52232  -46.814  -33.678  43.519 0.0000000000
52242  -45.217  -33.571  42.190 0.0000000000
52243  -45.754  -33.440  42.468 0.0000000000
52244  -46.320  -33.530  42.485 0.0000000000
52245  -46.833  -33.726  43.018 0.0000000000
52260  -44.864  -33.566  41.559 0.0000000000
52261  -45.409  -33.397  41.645 0.0000000000
52262  -45.976  -33.291  41.705 0.0000000000
52263  -52.912  -33.552  41.335 0.0000000000
52264  -53.579  -33.643  41.256 0.0000000000
52265  -53.981  -33.759  41.185 0.0000000000
52273  -43.845  -33.576  40.314 0.0000000000
52274  -44.376  -33.490  40.725 0.0000000000
52275  -45.062  -33.311  40.802 0.0000000000
52276  -45.558  -33.399  41.138 0.0000000000
52277  -52.444  -33.441  40.605 0.0000000000
52278  -53.407  -32.942  40.522 0.0000000000
52279  -54.103  -33.252  40.710 0.0000000000
52280  -54.386  -33.149  40.091 0.0000000000
52286  -42.818  -33.677  39.072 0.0000000000
52287  -43.478  -33.533  39.576 0.0000000000
52288  -43.991  -33.124  39.920 0.0000000000
52289  -44.580  -33.084  39.991 0.0000000000
52290  -51.883  -33.580  39.414 0.0000000000
52291  -52.804  -32.893  39.659 0.0000000000
52292  -54.707  -33.128  39.310 0.0000000000
52298  -41.974  -33.319  38.012 0.0000000000
52299  -42.531  -33.296  38.432 0.0000000000
52300  -43.039  -33.068  38.696 0.0000000000
52301  -43.800  -33.209  39.060 0.0000000000
52302  -44.212  -33.151  39.511 0.0000000000
52303  -51.814  -33.480  38.110 0.0000000000
52304  -52.497  -32.896  38.648 0.0000000000
52305  -54.997  -33.049  38.192 0.0000000000
52306  -55.349  -32.488  37.838 0.0000000000
52311  -41.088  -32.972  36.968 0.0000000000
52312  -41.422  -33.188  37.367 0.0000000000
52313  -42.714  -32.854  37.636 0.0000000000
52314  -43.201  -33.019  38.006 0.0000000000
52315  -43.439  -33.151  38.526 0.0000000000
52316  -51.733  -33.321  37.148 0.0000000000
52317  -52.364  -32.846  37.648 0.0000000000
52318  -54.994  -33.554  37.211 0.0000000000
52319  -55.282  -32.866  37.460 0.0000000000
52324  -40.773  -33.302  36.467 0.0000000000
52325  -41.097  -33.250  36.972 0.0000000000
52326  -42.544  -32.731  37.125 0.0000000000
52327  -42.995  -33.079  37.241 0.0000000000
52329  -51.574  -33.061  36.321 0.0000000000
52330  -52.187  -32.832  36.885 0.0000000000
52331  -55.003  -33.735  36.710 0.0000000000
52332  -55.288  -33.186  36.582 0.0000000000
52337  -39.878  -33.567  35.298 0.0000000000
52338  -40.331  -33.183  35.785 0.0000000000
52339  -42.040  -32.498  36.121 0.0000000000
52340  -42.415  -32.878  36.341 0.0000000000
52341  -42.710  -33.040  36.845 0.0000000000
52345  -55.505  -33.117  35.519 0.0000000000
52352  -34.492  -33.260  34.264 0.0000000000
52353  -35.063  -32.959  33.938 0.0000000000
52354  -38.763  -33.483  34.337 0.0000000000
52355  -39.454  -33.030  34.832 0.0000000000
52356  -41.974  -32.687  35.728 0.0000000000
52357  -42.412  -33.281  35.200 0.0000000000
52371  -34.960  -33.561  33.727 0.0000000000
52372  -35.677  -33.230  33.648 0.0000000000
52373  -36.434  -33.039  33.582 0.0000000000
52374  -37.145  -33.174  33.555 0.0000000000
52375  -38.099  -33.090  33.776 0.0000000000
52376  -42.583  -33.383  34.253 0.0000000000
53293  -53.727  -32.558  40.005 0.0000000000
53294  -53.996  -32.657  40.177 0.0000000000
53295  -54.224  -32.853  40.205 0.0000000000
53300  -53.457  -32.476  39.650 0.0000000000
53301  -53.921  -32.293  39.557 0.0000000000
53302  -54.333  -32.514  39.558 0.0000000000
53308  -42.100  -32.813  37.800 0.0000000000
53309  -42.379  -32.951  38.037 0.0000000000
53310  -42.678  -32.977  38.305 0.0000000000
53311  -53.138  -32.398  38.920 0.0000000000
53312  -53.705  -32.136  39.028 0.0000000000
53313  -54.964  -32.231  38.882 0.0000000000
53314  -55.386  -32.032  38.195 0.0000000000
53319  -41.364  -32.674  37.098 0.0000000000
53320  -41.807  -32.633  37.445 0.0000000000
53321  -42.314  -32.706  37.602 0.0000000000
53322  -42.693  -32.895  38.059 0.0000000000
53323  -52.949  -32.342  38.068 0.0000000000
53324  -53.499  -31.949  38.330 0.0000000000
53325  -55.560  -32.116  37.314 0.0000000000
53330  -41.166  -32.675  36.583 0.0000000000
53331  -41.650  -32.400  36.810 0.0000000000
53332  -42.164  -32.333  36.986 0.0000000000
53333  -52.172  -32.556  36.377 0.0000000000
53334  -52.905  -32.184  37.024 0.0000000000
53335  -53.312  -31.939  37.756 0.0000000000
53336  -55.696  -32.165  36.221 0.0000000000
53343  -40.105  -32.747  35.322 0.0000000000
53344  -40.766  -32.581  35.824 0.0000000000
53345  -41.571  -32.508  36.083 0.0000000000
53346  -42.010  -32.405  36.457 0.0000000000
53358  -34.935  -32.447  34.399 0.0000000000
53359  -35.483  -32.391  33.977 0.0000000000
53360  -38.917  -32.239  34.366 0.0000000000
53361  -39.806  -32.166  34.863 0.0000000000
53362  -40.553  -32.251  35.045 0.0000000000
53363  -41.462  -32.629  34.862 0.0000000000
53364  -42.137  -33.061  34.553 0.0000000000
53376  -36.088  -32.381  33.706 0.0000000000
53377  -36.841  -32.324  33.604 0.0000000000
53378  -37.538  -32.443  33.695 0.0000000000
53379  -38.131  -32.108  33.877 0.0000000000
53380  -41.680  -32.510  33.776 0.0000000000
53381  -42.122  -32.935  33.978 0.0000000000
53393  -41.625  -32.171  33.331 0.0000000000
54347  -53.949  -32.171  39.315 0.0000000000
54348  -54.135  -32.145  39.263 0.0000000000
54353  -54.034  -31.997  39.093 0.0000000000
54354  -54.502  -31.714  38.749 0.0000000000
54355  -55.117  -31.403  38.493 0.0000000000
54360  -53.987  -31.656  38.568 0.0000000000
54361  -54.370  -31.219  38.294 0.0000000000
54362  -55.480  -31.207  37.787 0.0000000000
54367  -53.322  -31.588  36.838 0.0000000000
54368  -53.887  -31.338  37.548 0.0000000000
54369  -54.406  -30.933  37.938 0.0000000000
54388  -35.498  -31.462  34.487 0.0000000000
54389  -36.034  -30.855  34.092 0.0000000000
54390  -39.148  -31.487  34.191 0.0000000000
54391  -39.675  -31.521  34.379 0.0000000000
54392  -40.396  -31.799  34.443 0.0000000000
54393  -40.859  -32.118  34.590 0.0000000000
54403  -35.811  -31.888  33.903 0.0000000000
54404  -36.383  -31.388  33.783 0.0000000000
54405  -37.524  -31.492  33.709 0.0000000000
54406  -38.610  -31.295  33.895 0.0000000000
54407  -39.443  -31.005  33.905 0.0000000000
54408  -40.363  -31.198  33.558 0.0000000000
54409  -41.063  -32.031  33.875 0.0000000000
54421  -40.809  -30.905  32.846 0.0000000000
54422  -41.497  -31.497  32.845 0.0000000000
55398  -54.572  -31.164  38.502 0.0000000000
55399  -54.825  -31.089  38.500 0.0000000000
55404  -54.664  -30.880  38.218 0.0000000000
55405  -55.094  -30.743  38.126 0.0000000000
55411  -54.274  -30.854  37.298 0.0000000000
55412  -54.607  -30.543  37.508 0.0000000000
55431  -35.970  -30.294  34.434 0.0000000000
55441  -36.441  -30.329  33.875 0.0000000000
55442  -37.169  -30.450  33.631 0.0000000000
55443  -38.098  -30.459  33.622 0.0000000000
55444  -39.042  -30.315  33.567 0.0000000000
55445  -39.774  -30.552  33.408 0.0000000000
55457  -39.637  -30.018  33.105 0.0000000000
55458  -40.321  -30.332  32.848 0.0000000000
55459  -41.213  -30.429  32.503 0.0000000000
56475  -36.205  -29.433  34.734 0.0000000000
56486  -36.461  -29.534  34.100 0.0000000000
56487  -36.952  -29.570  33.703 0.0000000000
56488  -37.793  -29.512  33.500 0.0000000000
56489  -38.501  -29.771  33.393 0.0000000000
56501  -38.458  -29.190  33.211 0.0000000000
56502  -39.105  -29.455  33.048 0.0000000000
56503  -39.916  -29.475  32.708 0.0000000000
56504  -40.769  -29.549  32.430 0.0000000000
56505  -41.724  -29.618  32.192 0.0000000000
57473  -36.692  -28.659  34.310 0.0000000000
57474  -37.096  -28.213  34.047 0.0000000000
57485  -36.807  -29.072  33.896 0.0000000000
57486  -37.312  -28.640  33.717 0.0000000000
57487  -38.127  -28.613  33.307 0.0000000000
57501  -38.771  -28.649  32.930 0.0000000000
57502  -39.456  -28.755  32.699 0.0000000000
57503  -40.266  -28.723  32.486 0.0000000000
57504  -41.212  -28.718  32.311 0.0000000000
58420  -37.029  -28.088  34.284 0.0000000000
58421  -37.543  -27.644  34.071 0.0000000000
58422  -38.168  -27.257  33.821 0.0000000000
58436  -37.870  -28.105  33.512 0.0000000000
58437  -38.648  -27.691  33.228 0.0000000000
58438  -39.922  -27.296  32.973 0.0000000000
58439  -41.041  -27.183  32.926 0.0000000000
58456  -39.110  -28.256  32.804 0.0000000000
58457  -39.643  -28.048  32.652 0.0000000000
58458  -40.612  -27.909  32.494 0.0000000000
59433  -38.587  -27.011  33.856 0.0000000000
59434  -39.343  -26.867  33.689 0.0000000000
