#!ascii label  , from subject FREESURFER vox2ras=TkReg 
745
51574  -43.295  -33.818  8.820 0.0000000000
51596  -41.194  -33.724  7.789 0.0000000000
51612  -37.032  -33.704  6.787 0.0000000000
52577  -44.006  -33.858  9.119 0.0000000000
52578  -44.863  -33.818  9.257 0.0000000000
52579  -45.810  -33.638  9.274 0.0000000000
52580  -46.673  -33.723  9.350 0.0000000000
52581  -47.578  -33.672  9.156 0.0000000000
52582  -48.610  -33.261  9.473 0.0000000000
52583  -49.227  -33.150  9.719 0.0000000000
52593  -41.955  -33.614  8.044 0.0000000000
52594  -42.791  -33.224  8.199 0.0000000000
52595  -43.627  -33.210  8.547 0.0000000000
52596  -44.431  -33.162  8.750 0.0000000000
52597  -45.192  -33.132  8.953 0.0000000000
52612  -37.691  -33.942  6.979 0.0000000000
52613  -38.553  -33.907  6.987 0.0000000000
52614  -39.600  -33.715  7.065 0.0000000000
52615  -40.543  -33.248  7.184 0.0000000000
52616  -41.436  -33.081  7.468 0.0000000000
52617  -42.130  -32.919  7.662 0.0000000000
52632  -35.686  -33.497  6.154 0.0000000000
52633  -36.504  -33.329  6.293 0.0000000000
52634  -37.568  -33.256  6.416 0.0000000000
52635  -38.760  -33.175  6.504 0.0000000000
52636  -39.697  -32.897  6.616 0.0000000000
52637  -40.379  -32.584  6.677 0.0000000000
52651  -34.295  -33.075  5.767 0.0000000000
52652  -34.987  -33.064  5.648 0.0000000000
52653  -35.800  -32.953  5.667 0.0000000000
52654  -36.636  -32.806  5.766 0.0000000000
52655  -37.331  -32.628  5.769 0.0000000000
53584  -50.348  -32.219  10.299 0.0000000000
53585  -51.223  -32.132  10.461 0.0000000000
53586  -52.300  -31.986  10.592 0.0000000000
53597  -46.488  -33.187  9.287 0.0000000000
53598  -47.159  -33.144  9.400 0.0000000000
53599  -47.961  -32.797  9.705 0.0000000000
53600  -48.968  -32.799  9.997 0.0000000000
53601  -49.917  -32.774  9.758 0.0000000000
53602  -50.971  -32.581  9.901 0.0000000000
53613  -43.279  -32.613  8.067 0.0000000000
53614  -43.965  -32.538  8.192 0.0000000000
53615  -44.908  -32.309  8.292 0.0000000000
53616  -45.938  -32.675  8.887 0.0000000000
53617  -46.866  -32.624  9.103 0.0000000000
53618  -47.392  -32.648  9.348 0.0000000000
53628  -41.058  -32.573  6.926 0.0000000000
53629  -41.772  -32.389  7.248 0.0000000000
53630  -42.633  -32.177  7.579 0.0000000000
53631  -43.458  -31.983  7.737 0.0000000000
53632  -44.140  -31.919  7.786 0.0000000000
53640  -33.043  -32.703  6.310 0.0000000000
53641  -33.631  -32.540  5.848 0.0000000000
53642  -38.124  -32.626  5.974 0.0000000000
53643  -39.031  -32.476  6.107 0.0000000000
53644  -39.905  -32.106  6.174 0.0000000000
53645  -40.736  -32.077  6.439 0.0000000000
53646  -41.442  -31.935  6.695 0.0000000000
53647  -42.045  -31.752  7.033 0.0000000000
53656  -34.279  -32.422  5.483 0.0000000000
53657  -35.059  -32.378  5.249 0.0000000000
53658  -35.896  -32.319  5.058 0.0000000000
53659  -36.791  -32.383  5.185 0.0000000000
53660  -37.620  -32.124  5.296 0.0000000000
53661  -38.502  -32.063  5.599 0.0000000000
53662  -39.238  -31.905  5.711 0.0000000000
53669  -35.888  -31.940  4.786 0.0000000000
53670  -36.292  -31.959  4.762 0.0000000000
53671  -36.962  -31.945  4.764 0.0000000000
54620  -55.216  -30.783  12.511 0.0000000000
54628  -53.322  -30.889  11.639 0.0000000000
54629  -53.771  -31.152  11.839 0.0000000000
54638  -50.133  -31.978  10.385 0.0000000000
54639  -50.542  -31.668  10.368 0.0000000000
54640  -51.660  -31.453  10.710 0.0000000000
54641  -52.864  -31.311  11.223 0.0000000000
54649  -48.200  -32.232  9.462 0.0000000000
54650  -48.721  -32.277  9.741 0.0000000000
54651  -49.676  -31.915  10.123 0.0000000000
54652  -50.169  -31.623  10.171 0.0000000000
54661  -45.219  -31.735  7.902 0.0000000000
54662  -45.769  -31.890  8.201 0.0000000000
54663  -46.613  -32.028  8.538 0.0000000000
54664  -47.627  -31.954  8.847 0.0000000000
54665  -48.519  -31.765  9.286 0.0000000000
54666  -49.053  -31.813  9.631 0.0000000000
54677  -31.756  -31.745  7.539 0.0000000000
54678  -32.389  -31.894  6.803 0.0000000000
54679  -43.125  -31.527  7.382 0.0000000000
54680  -43.748  -31.266  7.308 0.0000000000
54681  -44.681  -31.436  7.573 0.0000000000
54682  -45.563  -31.301  7.594 0.0000000000
54683  -46.457  -31.413  7.867 0.0000000000
54684  -47.046  -31.586  8.265 0.0000000000
54697  -33.078  -31.743  6.250 0.0000000000
54698  -33.677  -31.623  5.714 0.0000000000
54699  -40.495  -31.628  6.000 0.0000000000
54700  -41.140  -31.548  6.175 0.0000000000
54701  -41.864  -31.200  6.373 0.0000000000
54702  -42.695  -31.276  6.969 0.0000000000
54703  -43.249  -31.143  7.101 0.0000000000
54711  -34.377  -31.587  5.256 0.0000000000
54712  -35.198  -31.573  4.876 0.0000000000
54713  -35.656  -31.847  4.821 0.0000000000
54714  -38.175  -31.670  5.110 0.0000000000
54715  -38.879  -31.524  5.253 0.0000000000
54716  -39.866  -31.227  5.427 0.0000000000
54717  -40.861  -31.165  5.679 0.0000000000
54718  -41.368  -31.131  5.932 0.0000000000
54727  -35.383  -31.275  4.725 0.0000000000
54728  -35.752  -31.441  4.666 0.0000000000
54729  -36.549  -31.327  4.528 0.0000000000
54730  -37.510  -31.397  4.602 0.0000000000
54731  -38.409  -31.191  4.707 0.0000000000
54732  -39.110  -31.009  4.875 0.0000000000
55654  -54.177  -30.233  12.287 0.0000000000
55655  -54.607  -30.390  12.417 0.0000000000
55656  -55.579  -30.323  12.728 0.0000000000
55666  -53.036  -30.647  11.433 0.0000000000
55667  -53.754  -30.388  11.983 0.0000000000
55668  -54.167  -30.813  12.205 0.0000000000
55679  -50.651  -31.261  10.278 0.0000000000
55680  -51.123  -30.917  10.438 0.0000000000
55681  -52.225  -30.550  10.968 0.0000000000
55693  -49.803  -31.419  9.733 0.0000000000
55694  -50.344  -31.069  9.868 0.0000000000
55695  -51.079  -30.254  9.977 0.0000000000
55706  -31.824  -30.327  8.379 0.0000000000
55707  -47.773  -31.311  8.451 0.0000000000
55708  -48.246  -31.130  8.575 0.0000000000
55709  -49.355  -31.079  9.192 0.0000000000
55710  -50.059  -30.164  9.122 0.0000000000
55719  -31.618  -30.978  8.064 0.0000000000
55720  -32.283  -30.532  7.591 0.0000000000
55721  -32.912  -30.314  6.991 0.0000000000
55722  -43.803  -30.877  7.035 0.0000000000
55723  -44.207  -30.826  7.096 0.0000000000
55724  -45.091  -30.700  7.166 0.0000000000
55725  -46.187  -30.502  7.174 0.0000000000
55726  -47.456  -30.881  7.920 0.0000000000
55727  -48.176  -30.475  8.124 0.0000000000
55730  -32.726  -31.007  6.738 0.0000000000
55731  -33.315  -30.720  6.319 0.0000000000
55732  -42.108  -30.716  6.065 0.0000000000
55733  -42.596  -30.764  6.375 0.0000000000
55734  -43.522  -30.595  6.657 0.0000000000
55735  -44.556  -30.243  6.721 0.0000000000
55736  -45.484  -30.057  6.749 0.0000000000
55737  -46.024  -29.953  6.766 0.0000000000
55740  -33.908  -30.721  5.647 0.0000000000
55741  -34.557  -30.711  5.095 0.0000000000
55742  -40.126  -30.623  5.080 0.0000000000
55743  -40.630  -30.683  5.283 0.0000000000
55744  -41.514  -30.494  5.579 0.0000000000
55745  -42.449  -30.376  5.870 0.0000000000
55746  -42.981  -30.439  6.158 0.0000000000
55750  -35.262  -30.778  4.668 0.0000000000
55751  -35.971  -30.653  4.350 0.0000000000
55752  -36.887  -30.437  4.068 0.0000000000
55753  -37.952  -30.661  4.193 0.0000000000
55754  -38.787  -30.640  4.371 0.0000000000
55755  -39.634  -30.424  4.567 0.0000000000
55756  -40.433  -30.248  4.889 0.0000000000
55757  -40.939  -30.272  5.131 0.0000000000
55765  -37.042  -29.791  3.736 0.0000000000
55766  -37.622  -29.950  3.780 0.0000000000
55767  -38.501  -30.128  3.908 0.0000000000
55768  -39.086  -30.263  4.121 0.0000000000
56703  -54.266  -29.862  12.309 0.0000000000
56704  -55.086  -29.404  12.573 0.0000000000
56705  -56.095  -29.467  12.834 0.0000000000
56706  -56.610  -29.526  12.379 0.0000000000
56717  -53.075  -29.971  11.367 0.0000000000
56718  -53.810  -29.336  11.784 0.0000000000
56719  -54.431  -29.310  12.255 0.0000000000
56720  -56.789  -29.572  11.954 0.0000000000
56730  -51.720  -30.010  10.361 0.0000000000
56731  -52.544  -29.373  10.699 0.0000000000
56732  -53.180  -29.330  11.244 0.0000000000
56734  -56.614  -29.590  11.511 0.0000000000
56744  -50.690  -29.690  9.447 0.0000000000
56745  -51.447  -29.414  9.846 0.0000000000
56746  -51.971  -29.354  10.184 0.0000000000
56751  -31.728  -30.063  8.819 0.0000000000
56752  -32.323  -29.516  8.744 0.0000000000
56753  -32.960  -29.276  8.158 0.0000000000
56754  -48.726  -30.363  8.362 0.0000000000
56755  -49.459  -29.501  8.442 0.0000000000
56756  -50.220  -29.334  8.948 0.0000000000
56759  -32.607  -29.720  7.988 0.0000000000
56760  -32.946  -29.729  7.541 0.0000000000
56761  -46.325  -29.862  6.853 0.0000000000
56762  -46.976  -29.649  7.085 0.0000000000
56763  -48.256  -29.562  7.708 0.0000000000
56764  -48.971  -28.694  7.845 0.0000000000
56768  -33.425  -29.711  6.851 0.0000000000
56769  -33.926  -29.450  6.415 0.0000000000
56770  -43.646  -30.104  6.237 0.0000000000
56771  -44.097  -29.799  6.252 0.0000000000
56772  -45.032  -29.525  6.396 0.0000000000
56773  -46.054  -29.335  6.588 0.0000000000
56774  -46.810  -28.753  6.722 0.0000000000
56778  -33.721  -30.043  6.164 0.0000000000
56779  -34.242  -29.758  5.691 0.0000000000
56780  -41.613  -29.985  5.220 0.0000000000
56781  -42.133  -29.791  5.311 0.0000000000
56782  -43.291  -29.849  5.805 0.0000000000
56783  -44.062  -29.217  5.756 0.0000000000
56787  -34.844  -29.871  4.982 0.0000000000
56788  -35.476  -29.821  4.459 0.0000000000
56789  -36.102  -29.966  4.091 0.0000000000
56790  -39.743  -30.064  4.191 0.0000000000
56791  -40.150  -29.928  4.322 0.0000000000
56792  -41.195  -29.667  4.748 0.0000000000
56793  -42.082  -29.145  4.751 0.0000000000
56797  -35.869  -29.377  4.092 0.0000000000
56798  -36.501  -29.474  3.787 0.0000000000
56799  -37.206  -29.258  3.414 0.0000000000
56800  -38.178  -29.402  3.364 0.0000000000
56801  -39.377  -29.722  3.787 0.0000000000
56802  -40.380  -29.259  3.858 0.0000000000
56803  -41.084  -28.900  3.919 0.0000000000
56807  -37.619  -28.858  3.090 0.0000000000
56808  -38.094  -28.756  2.935 0.0000000000
57691  -55.250  -28.605  12.541 0.0000000000
57692  -55.801  -28.538  12.716 0.0000000000
57693  -56.527  -28.316  12.571 0.0000000000
57694  -57.037  -27.674  12.478 0.0000000000
57704  -53.914  -28.533  11.694 0.0000000000
57705  -54.570  -28.513  12.205 0.0000000000
57706  -56.942  -28.451  12.165 0.0000000000
57707  -57.305  -27.578  12.205 0.0000000000
57713  -52.683  -28.486  10.567 0.0000000000
57714  -53.296  -28.505  11.139 0.0000000000
57716  -56.720  -28.666  11.205 0.0000000000
57722  -50.526  -28.972  9.150 0.0000000000
57723  -51.031  -28.557  9.375 0.0000000000
57724  -52.078  -28.463  9.976 0.0000000000
57727  -56.694  -27.834  10.301 0.0000000000
57733  -49.495  -28.323  8.162 0.0000000000
57734  -50.201  -28.345  8.752 0.0000000000
57735  -50.829  -27.703  9.032 0.0000000000
57741  -33.527  -28.973  7.702 0.0000000000
57743  -47.579  -28.595  7.037 0.0000000000
57744  -48.408  -28.232  7.404 0.0000000000
57745  -49.062  -27.824  7.756 0.0000000000
57750  -33.868  -29.020  6.947 0.0000000000
57751  -34.428  -28.820  6.432 0.0000000000
57752  -44.639  -29.121  5.983 0.0000000000
57753  -45.395  -28.605  6.093 0.0000000000
57754  -46.308  -28.270  6.400 0.0000000000
57755  -47.054  -27.926  6.684 0.0000000000
57759  -34.856  -29.027  5.525 0.0000000000
57760  -35.167  -28.703  5.120 0.0000000000
57761  -42.825  -29.048  5.080 0.0000000000
57762  -43.661  -28.826  5.317 0.0000000000
57763  -44.535  -28.358  5.498 0.0000000000
57764  -45.309  -27.899  5.654 0.0000000000
57768  -35.129  -29.244  4.897 0.0000000000
57769  -35.481  -28.838  4.494 0.0000000000
57770  -41.716  -28.760  4.213 0.0000000000
57771  -42.531  -28.427  4.375 0.0000000000
57772  -43.298  -28.309  4.742 0.0000000000
57773  -43.905  -28.124  4.998 0.0000000000
57777  -36.017  -28.779  3.887 0.0000000000
57778  -36.568  -28.644  3.518 0.0000000000
57779  -37.074  -28.458  3.134 0.0000000000
57780  -38.807  -28.827  3.125 0.0000000000
57781  -39.727  -28.746  3.264 0.0000000000
57782  -40.614  -28.367  3.351 0.0000000000
57783  -41.379  -28.247  3.636 0.0000000000
57784  -42.014  -28.139  3.829 0.0000000000
57788  -37.607  -28.297  2.848 0.0000000000
57789  -38.293  -28.195  2.651 0.0000000000
57790  -39.183  -28.136  2.739 0.0000000000
57791  -39.978  -28.077  2.844 0.0000000000
58637  -55.386  -27.808  12.510 0.0000000000
58638  -56.148  -27.421  12.708 0.0000000000
58639  -56.850  -27.133  12.721 0.0000000000
58640  -57.368  -26.944  12.484 0.0000000000
58652  -53.981  -27.661  11.625 0.0000000000
58653  -54.748  -27.226  12.242 0.0000000000
58654  -57.309  -27.837  11.724 0.0000000000
58655  -57.706  -26.956  11.770 0.0000000000
58665  -52.779  -27.504  10.534 0.0000000000
58666  -53.392  -27.587  11.106 0.0000000000
58667  -57.326  -27.391  10.832 0.0000000000
58668  -57.829  -26.599  10.724 0.0000000000
58674  -51.521  -27.296  9.405 0.0000000000
58675  -52.158  -27.465  9.943 0.0000000000
58677  -57.124  -27.067  9.647 0.0000000000
58678  -57.503  -26.835  10.184 0.0000000000
58684  -49.614  -27.244  8.172 0.0000000000
58685  -50.448  -27.159  8.676 0.0000000000
58686  -50.985  -27.107  8.926 0.0000000000
58689  -56.769  -27.171  9.053 0.0000000000
58694  -47.808  -27.422  6.926 0.0000000000
58695  -48.605  -27.269  7.422 0.0000000000
58696  -49.082  -27.177  7.758 0.0000000000
58702  -35.014  -28.266  5.999 0.0000000000
58705  -45.908  -27.761  5.995 0.0000000000
58706  -46.588  -27.253  6.337 0.0000000000
58707  -47.212  -27.292  6.657 0.0000000000
58714  -35.104  -28.494  5.479 0.0000000000
58715  -35.423  -27.971  5.225 0.0000000000
58717  -44.972  -27.421  5.128 0.0000000000
58718  -45.670  -27.284  5.561 0.0000000000
58719  -46.111  -27.221  5.900 0.0000000000
58724  -35.854  -28.084  4.162 0.0000000000
58725  -36.057  -27.224  4.598 0.0000000000
58726  -43.097  -27.881  4.252 0.0000000000
58727  -43.717  -27.510  4.407 0.0000000000
58728  -44.322  -27.643  4.920 0.0000000000
58732  -36.231  -28.273  3.730 0.0000000000
58733  -36.546  -27.616  3.397 0.0000000000
58734  -37.149  -27.966  2.951 0.0000000000
58735  -41.103  -27.787  3.238 0.0000000000
58736  -41.737  -27.509  3.304 0.0000000000
58737  -42.633  -27.622  3.772 0.0000000000
58738  -43.245  -27.470  3.992 0.0000000000
58742  -36.973  -27.057  2.933 0.0000000000
58743  -37.521  -27.453  2.659 0.0000000000
58744  -38.635  -27.410  2.366 0.0000000000
58745  -39.627  -27.402  2.486 0.0000000000
58746  -40.605  -27.491  2.813 0.0000000000
58747  -41.222  -27.385  3.019 0.0000000000
59691  -55.431  -26.406  12.661 0.0000000000
59692  -56.434  -26.274  12.914 0.0000000000
59693  -57.199  -26.155  12.847 0.0000000000
59694  -57.840  -26.092  12.382 0.0000000000
59704  -54.252  -26.500  11.938 0.0000000000
59705  -54.772  -26.398  12.337 0.0000000000
59706  -58.176  -26.015  11.468 0.0000000000
59718  -52.809  -26.252  10.617 0.0000000000
59719  -53.499  -26.626  11.208 0.0000000000
59720  -58.048  -25.912  10.536 0.0000000000
59730  -51.689  -26.219  9.487 0.0000000000
59731  -52.206  -26.557  9.969 0.0000000000
59732  -57.337  -26.720  9.232 0.0000000000
59733  -57.587  -26.323  9.536 0.0000000000
59742  -49.559  -26.416  8.105 0.0000000000
59743  -50.059  -26.335  8.407 0.0000000000
59744  -51.028  -26.178  8.839 0.0000000000
59746  -57.013  -26.726  8.673 0.0000000000
59747  -57.267  -26.072  8.521 0.0000000000
59755  -47.804  -26.859  6.864 0.0000000000
59756  -48.169  -26.566  7.072 0.0000000000
59757  -49.009  -26.389  7.718 0.0000000000
59759  -56.729  -26.113  7.871 0.0000000000
59760  -57.018  -25.745  8.247 0.0000000000
59765  -46.743  -26.567  6.229 0.0000000000
59766  -47.409  -26.574  6.599 0.0000000000
59767  -47.951  -25.839  6.802 0.0000000000
59771  -56.354  -25.702  7.285 0.0000000000
59777  -44.985  -27.041  4.830 0.0000000000
59778  -45.392  -26.777  4.990 0.0000000000
59779  -46.238  -26.563  5.675 0.0000000000
59787  -43.897  -27.047  4.165 0.0000000000
59788  -44.514  -26.837  4.443 0.0000000000
59789  -45.276  -26.177  4.500 0.0000000000
59795  -36.428  -26.494  3.993 0.0000000000
59796  -41.829  -27.113  3.048 0.0000000000
59797  -42.279  -27.022  3.188 0.0000000000
59798  -43.436  -26.767  3.640 0.0000000000
59799  -44.259  -26.117  3.730 0.0000000000
59804  -36.819  -26.627  3.223 0.0000000000
59805  -37.287  -26.547  2.742 0.0000000000
59806  -38.129  -26.428  2.250 0.0000000000
59807  -39.136  -26.647  2.125 0.0000000000
59808  -40.207  -26.601  2.161 0.0000000000
59809  -41.477  -26.795  2.662 0.0000000000
59810  -42.529  -26.268  2.778 0.0000000000
59811  -43.243  -25.851  2.933 0.0000000000
59816  -38.812  -25.992  1.952 0.0000000000
59817  -39.457  -25.954  1.818 0.0000000000
59818  -40.146  -25.760  1.731 0.0000000000
60697  -55.234  -25.371  12.717 0.0000000000
60698  -55.853  -25.318  12.922 0.0000000000
60699  -56.737  -25.260  12.973 0.0000000000
60700  -57.500  -25.222  12.713 0.0000000000
60709  -53.833  -25.637  11.801 0.0000000000
60710  -54.568  -25.465  12.407 0.0000000000
60711  -58.050  -25.161  12.065 0.0000000000
60722  -51.883  -24.962  10.074 0.0000000000
60723  -52.268  -25.328  10.355 0.0000000000
60724  -53.105  -25.295  11.313 0.0000000000
60725  -58.104  -25.202  11.077 0.0000000000
60735  -51.618  -25.218  9.619 0.0000000000
60736  -51.967  -25.827  9.823 0.0000000000
60737  -57.780  -25.386  10.046 0.0000000000
60749  -49.582  -25.696  8.100 0.0000000000
60750  -50.249  -25.294  8.484 0.0000000000
60751  -50.930  -24.836  8.906 0.0000000000
60752  -56.894  -25.330  8.499 0.0000000000
60753  -57.233  -25.455  8.829 0.0000000000
60762  -48.454  -25.568  7.279 0.0000000000
60763  -49.051  -25.180  7.738 0.0000000000
60764  -56.700  -25.485  8.096 0.0000000000
60765  -56.979  -25.563  8.337 0.0000000000
60772  -46.871  -25.940  6.068 0.0000000000
60773  -47.496  -25.394  6.365 0.0000000000
60774  -48.062  -25.041  6.817 0.0000000000
60776  -56.229  -25.312  7.363 0.0000000000
60782  -45.952  -25.987  4.837 0.0000000000
60783  -46.530  -25.447  5.354 0.0000000000
60784  -47.045  -25.203  5.834 0.0000000000
60791  -44.907  -25.860  3.982 0.0000000000
60792  -45.591  -25.383  4.244 0.0000000000
60793  -46.174  -25.233  4.681 0.0000000000
60799  -36.907  -25.933  3.462 0.0000000000
60800  -37.325  -25.221  3.683 0.0000000000
60801  -43.858  -25.717  3.237 0.0000000000
60802  -44.543  -25.347  3.387 0.0000000000
60803  -45.137  -25.170  3.719 0.0000000000
60809  -37.054  -26.159  2.989 0.0000000000
60810  -37.505  -25.614  2.761 0.0000000000
60811  -38.509  -25.320  2.183 0.0000000000
60812  -38.869  -24.705  2.081 0.0000000000
60813  -40.950  -25.944  1.870 0.0000000000
60814  -41.851  -25.617  2.086 0.0000000000
60815  -42.759  -25.381  2.424 0.0000000000
60816  -43.590  -25.058  2.655 0.0000000000
60817  -44.139  -25.193  2.975 0.0000000000
60824  -39.046  -25.563  1.868 0.0000000000
60825  -39.514  -24.995  1.765 0.0000000000
60826  -40.615  -25.146  1.623 0.0000000000
60827  -41.237  -25.325  1.736 0.0000000000
61661  -54.269  -24.012  12.668 0.0000000000
61662  -54.859  -24.448  12.766 0.0000000000
61663  -56.072  -24.358  12.966 0.0000000000
61664  -57.001  -24.460  12.742 0.0000000000
61665  -57.656  -24.491  12.387 0.0000000000
61673  -52.939  -24.050  12.025 0.0000000000
61674  -53.656  -24.386  12.233 0.0000000000
61675  -54.359  -24.750  12.529 0.0000000000
61676  -57.523  -24.054  11.473 0.0000000000
61677  -57.786  -24.325  11.673 0.0000000000
61685  -51.750  -24.395  10.318 0.0000000000
61686  -52.576  -24.263  11.438 0.0000000000
61687  -53.056  -24.671  11.707 0.0000000000
61688  -56.820  -24.365  10.246 0.0000000000
61689  -57.288  -24.225  10.853 0.0000000000
61690  -57.817  -24.706  10.666 0.0000000000
61702  -50.710  -23.761  9.061 0.0000000000
61703  -51.200  -24.105  9.457 0.0000000000
61704  -55.550  -24.535  9.226 0.0000000000
61705  -56.315  -24.627  9.642 0.0000000000
61706  -57.037  -24.637  9.709 0.0000000000
61707  -57.458  -24.845  9.840 0.0000000000
61720  -49.599  -24.573  8.172 0.0000000000
61721  -50.321  -24.192  8.700 0.0000000000
61722  -50.803  -24.179  8.968 0.0000000000
61723  -54.425  -24.172  7.872 0.0000000000
61724  -55.099  -24.508  8.338 0.0000000000
61725  -55.958  -24.878  8.510 0.0000000000
61726  -56.729  -25.045  8.744 0.0000000000
61727  -57.176  -24.963  9.215 0.0000000000
61737  -48.597  -24.408  7.339 0.0000000000
61738  -49.105  -24.485  7.782 0.0000000000
61740  -55.013  -24.378  7.176 0.0000000000
61741  -55.726  -24.740  7.500 0.0000000000
61742  -56.246  -25.090  7.837 0.0000000000
61753  -47.752  -24.706  6.429 0.0000000000
61754  -48.048  -24.316  6.679 0.0000000000
61758  -55.501  -24.679  6.402 0.0000000000
61759  -56.052  -24.970  7.076 0.0000000000
61771  -46.926  -24.790  5.439 0.0000000000
61772  -47.429  -24.458  5.869 0.0000000000
61773  -47.771  -24.331  6.318 0.0000000000
61787  -46.077  -24.811  4.270 0.0000000000
61788  -46.625  -24.484  4.750 0.0000000000
61789  -47.072  -24.395  5.295 0.0000000000
61795  -37.759  -24.732  3.105 0.0000000000
61797  -44.982  -24.780  3.336 0.0000000000
61798  -45.670  -24.478  3.630 0.0000000000
61799  -46.232  -24.418  4.118 0.0000000000
61802  -38.005  -24.978  2.601 0.0000000000
61803  -38.498  -24.382  2.620 0.0000000000
61804  -39.155  -24.189  2.071 0.0000000000
61805  -42.340  -24.860  1.970 0.0000000000
61806  -42.980  -24.577  2.186 0.0000000000
61807  -43.615  -24.049  2.227 0.0000000000
61808  -44.468  -24.513  2.795 0.0000000000
61809  -45.112  -24.390  3.138 0.0000000000
61814  -39.701  -24.084  1.757 0.0000000000
61815  -40.377  -24.252  1.585 0.0000000000
61816  -41.495  -24.508  1.636 0.0000000000
61817  -42.519  -24.095  1.827 0.0000000000
61818  -43.087  -24.010  1.979 0.0000000000
62670  -54.252  -23.322  12.786 0.0000000000
62671  -55.282  -23.423  12.849 0.0000000000
62672  -56.258  -23.700  12.439 0.0000000000
62673  -57.322  -24.149  12.280 0.0000000000
62674  -57.707  -24.174  12.207 0.0000000000
62680  -52.092  -22.769  11.701 0.0000000000
62681  -52.822  -23.419  12.154 0.0000000000
62682  -53.518  -23.420  12.545 0.0000000000
62683  -56.353  -23.561  11.794 0.0000000000
62684  -57.231  -23.923  11.805 0.0000000000
62685  -57.622  -24.066  12.078 0.0000000000
62691  -51.698  -23.356  11.015 0.0000000000
62692  -52.226  -23.462  11.623 0.0000000000
62693  -55.359  -23.421  10.519 0.0000000000
62694  -56.305  -23.962  10.815 0.0000000000
62695  -56.869  -23.884  11.387 0.0000000000
62705  -50.816  -23.192  9.523 0.0000000000
62706  -51.312  -23.524  10.129 0.0000000000
62707  -54.016  -23.329  9.240 0.0000000000
62708  -54.881  -23.906  9.494 0.0000000000
62709  -55.636  -24.184  10.009 0.0000000000
62721  -49.767  -23.421  8.502 0.0000000000
62722  -50.368  -23.423  8.951 0.0000000000
62725  -54.344  -23.995  8.662 0.0000000000
62735  -48.818  -23.327  7.426 0.0000000000
62736  -49.184  -23.824  7.878 0.0000000000
62748  -48.350  -23.583  6.767 0.0000000000
62762  -47.692  -23.655  5.680 0.0000000000
62763  -47.903  -23.860  6.213 0.0000000000
62782  -46.900  -23.627  4.503 0.0000000000
62783  -47.273  -23.822  5.128 0.0000000000
62801  -46.002  -23.622  3.287 0.0000000000
62802  -46.421  -23.816  3.943 0.0000000000
62818  -39.072  -23.458  2.558 0.0000000000
62819  -43.705  -23.557  2.044 0.0000000000
62820  -44.291  -23.332  2.164 0.0000000000
62821  -45.299  -23.745  2.845 0.0000000000
62832  -39.498  -23.588  1.987 0.0000000000
62833  -40.074  -23.413  1.709 0.0000000000
62834  -40.956  -23.368  1.553 0.0000000000
62835  -41.999  -23.304  1.631 0.0000000000
62836  -43.224  -23.273  1.745 0.0000000000
62837  -43.895  -22.556  1.751 0.0000000000
63682  -54.141  -22.222  12.948 0.0000000000
63683  -54.748  -22.503  12.953 0.0000000000
63684  -55.259  -22.726  12.671 0.0000000000
63688  -52.083  -21.844  11.677 0.0000000000
63689  -52.725  -22.243  12.233 0.0000000000
63690  -53.490  -22.665  12.682 0.0000000000
63691  -55.298  -22.146  11.979 0.0000000000
63692  -55.566  -22.912  12.269 0.0000000000
63696  -51.555  -22.253  11.096 0.0000000000
63697  -54.882  -22.018  10.339 0.0000000000
63698  -55.256  -22.429  10.961 0.0000000000
63699  -55.619  -23.094  11.513 0.0000000000
63707  -50.775  -22.382  9.698 0.0000000000
63708  -51.138  -22.706  10.328 0.0000000000
63709  -54.157  -22.337  9.561 0.0000000000
63710  -54.675  -22.921  10.081 0.0000000000
63723  -49.792  -22.579  8.453 0.0000000000
63724  -50.296  -22.655  9.013 0.0000000000
63737  -48.981  -22.614  7.453 0.0000000000
63738  -49.258  -22.815  8.002 0.0000000000
63748  -48.706  -22.795  6.900 0.0000000000
63760  -47.659  -23.285  5.302 0.0000000000
63761  -48.235  -22.858  5.834 0.0000000000
63774  -46.812  -23.244  4.099 0.0000000000
63775  -47.417  -22.794  4.567 0.0000000000
63776  -48.111  -21.932  5.021 0.0000000000
63787  -45.869  -23.174  2.912 0.0000000000
63788  -46.484  -22.727  3.417 0.0000000000
63789  -47.165  -21.936  3.801 0.0000000000
63799  -39.985  -22.257  2.469 0.0000000000
63800  -44.512  -22.290  1.926 0.0000000000
63801  -45.441  -22.472  2.452 0.0000000000
63802  -46.158  -21.819  2.829 0.0000000000
63818  -39.675  -22.894  2.160 0.0000000000
63819  -40.481  -22.449  1.881 0.0000000000
63820  -41.456  -22.369  1.644 0.0000000000
63821  -42.439  -22.252  1.548 0.0000000000
63822  -43.340  -22.056  1.554 0.0000000000
63823  -44.052  -21.759  1.675 0.0000000000
64685  -54.132  -21.854  12.914 0.0000000000
64686  -54.443  -21.881  12.924 0.0000000000
64687  -54.983  -22.009  12.944 0.0000000000
64692  -52.116  -21.276  11.637 0.0000000000
64693  -52.588  -21.310  11.955 0.0000000000
64694  -53.720  -21.530  12.633 0.0000000000
64695  -54.872  -21.335  12.550 0.0000000000
64696  -55.202  -22.147  12.613 0.0000000000
64701  -51.770  -21.319  11.232 0.0000000000
64702  -55.137  -21.536  10.387 0.0000000000
64703  -55.211  -21.350  11.255 0.0000000000
64712  -50.593  -21.879  9.360 0.0000000000
64713  -51.172  -21.554  10.221 0.0000000000
64714  -54.644  -21.577  9.816 0.0000000000
64727  -49.638  -22.267  8.141 0.0000000000
64728  -50.166  -21.761  8.499 0.0000000000
64741  -48.924  -22.320  7.178 0.0000000000
64742  -49.417  -21.887  7.516 0.0000000000
64743  -50.120  -21.092  7.800 0.0000000000
64754  -48.828  -22.064  6.652 0.0000000000
64755  -49.269  -21.203  6.537 0.0000000000
64766  -48.705  -21.442  5.704 0.0000000000
64767  -49.187  -20.678  5.880 0.0000000000
64778  -47.733  -21.528  4.293 0.0000000000
64779  -48.356  -20.989  4.774 0.0000000000
64790  -46.708  -21.522  3.262 0.0000000000
64791  -47.320  -21.036  3.635 0.0000000000
64800  -40.603  -21.628  2.609 0.0000000000
64801  -41.483  -20.882  2.385 0.0000000000
64802  -44.762  -21.260  1.919 0.0000000000
64803  -45.668  -21.223  2.454 0.0000000000
64804  -46.299  -21.089  2.822 0.0000000000
64818  -41.127  -21.671  1.946 0.0000000000
64819  -41.914  -21.295  1.686 0.0000000000
64820  -42.832  -21.283  1.562 0.0000000000
64821  -43.608  -21.200  1.597 0.0000000000
64822  -44.134  -21.161  1.672 0.0000000000
65804  -52.178  -20.756  11.589 0.0000000000
65805  -52.963  -20.329  11.922 0.0000000000
65806  -54.156  -20.376  12.285 0.0000000000
65807  -55.035  -20.333  11.930 0.0000000000
65811  -51.814  -20.324  10.859 0.0000000000
65812  -52.280  -20.175  11.494 0.0000000000
65813  -55.200  -21.063  10.277 0.0000000000
65814  -55.289  -20.369  10.941 0.0000000000
65820  -50.746  -21.100  9.253 0.0000000000
65821  -51.346  -20.471  9.724 0.0000000000
65832  -50.653  -20.494  8.400 0.0000000000
65833  -51.037  -20.509  9.047 0.0000000000
65848  -49.868  -20.853  7.075 0.0000000000
65849  -50.359  -20.314  7.497 0.0000000000
65861  -49.673  -20.269  6.304 0.0000000000
65862  -50.153  -20.130  6.858 0.0000000000
65873  -48.867  -20.331  5.230 0.0000000000
65874  -49.304  -20.075  5.694 0.0000000000
65885  -47.881  -20.417  4.090 0.0000000000
65886  -48.422  -20.137  4.608 0.0000000000
65894  -41.885  -20.167  3.095 0.0000000000
65896  -46.805  -20.505  3.105 0.0000000000
65897  -47.369  -20.213  3.533 0.0000000000
65905  -42.047  -20.246  2.408 0.0000000000
65906  -42.356  -20.160  2.139 0.0000000000
65907  -44.712  -20.380  1.892 0.0000000000
65908  -45.284  -20.354  2.154 0.0000000000
65909  -46.079  -20.351  2.587 0.0000000000
65921  -42.000  -20.546  1.992 0.0000000000
65922  -42.571  -20.473  1.810 0.0000000000
65923  -43.244  -20.538  1.654 0.0000000000
65924  -44.077  -20.445  1.737 0.0000000000
66974  -53.013  -19.783  11.698 0.0000000000
66975  -53.597  -19.610  11.776 0.0000000000
66976  -54.594  -19.595  11.908 0.0000000000
66980  -51.994  -19.698  10.771 0.0000000000
66981  -52.609  -19.523  11.163 0.0000000000
66988  -51.919  -19.441  10.086 0.0000000000
66999  -51.029  -19.891  8.277 0.0000000000
67000  -51.327  -19.746  8.841 0.0000000000
67018  -50.902  -19.606  7.689 0.0000000000
67019  -51.221  -19.582  8.168 0.0000000000
67034  -50.248  -19.447  6.413 0.0000000000
67035  -50.494  -19.669  7.051 0.0000000000
67048  -49.169  -19.670  5.325 0.0000000000
67049  -49.645  -19.429  5.731 0.0000000000
67061  -48.181  -19.658  4.261 0.0000000000
67062  -48.762  -19.265  4.748 0.0000000000
67063  -49.270  -19.242  5.257 0.0000000000
67073  -42.337  -19.866  2.636 0.0000000000
67076  -47.128  -19.772  3.237 0.0000000000
67077  -47.659  -19.307  3.646 0.0000000000
67078  -48.202  -19.157  4.190 0.0000000000
67087  -42.378  -19.958  2.340 0.0000000000
67088  -42.849  -19.630  2.267 0.0000000000
67089  -43.806  -19.325  2.159 0.0000000000
67090  -44.675  -19.543  2.069 0.0000000000
67091  -45.728  -19.447  2.377 0.0000000000
67092  -46.614  -19.505  2.822 0.0000000000
67093  -47.129  -19.300  3.150 0.0000000000
67102  -42.988  -20.058  1.759 0.0000000000
67103  -43.477  -19.907  1.819 0.0000000000
67104  -44.001  -19.756  1.860 0.0000000000
68066  -51.956  -18.530  9.013 0.0000000000
68081  -51.218  -19.042  7.368 0.0000000000
68082  -51.510  -18.915  7.920 0.0000000000
68097  -50.509  -19.010  6.342 0.0000000000
68098  -50.908  -18.866  6.737 0.0000000000
68099  -51.339  -18.643  7.256 0.0000000000
68115  -50.337  -18.670  5.953 0.0000000000
68116  -50.806  -18.310  6.203 0.0000000000
68132  -48.991  -18.184  4.599 0.0000000000
68133  -49.526  -18.593  5.233 0.0000000000
68148  -47.621  -18.201  3.432 0.0000000000
68149  -48.291  -18.403  4.026 0.0000000000
68160  -42.970  -19.110  2.915 0.0000000000
68161  -43.523  -18.903  2.726 0.0000000000
68162  -44.442  -18.524  2.619 0.0000000000
68163  -45.382  -18.506  2.529 0.0000000000
68164  -46.244  -18.566  2.641 0.0000000000
68165  -47.035  -18.600  2.996 0.0000000000
69069  -51.101  -18.131  6.412 0.0000000000
69070  -51.658  -17.764  7.051 0.0000000000
69085  -50.070  -18.019  5.478 0.0000000000
69086  -50.825  -17.500  5.817 0.0000000000
69087  -51.489  -17.155  6.341 0.0000000000
69101  -48.736  -17.330  4.126 0.0000000000
69102  -49.726  -17.348  4.831 0.0000000000
69103  -50.350  -16.780  5.106 0.0000000000
69114  -44.980  -17.269  3.331 0.0000000000
69115  -46.460  -16.894  3.050 0.0000000000
69116  -47.031  -17.368  3.121 0.0000000000
69117  -47.953  -17.337  3.617 0.0000000000
69130  -44.616  -17.798  3.139 0.0000000000
69131  -45.199  -17.616  2.856 0.0000000000
69132  -46.060  -17.506  2.754 0.0000000000
69133  -46.599  -17.986  2.820 0.0000000000
70074  -50.779  -16.246  5.289 0.0000000000
70089  -48.306  -16.499  3.817 0.0000000000
70090  -49.064  -16.261  4.162 0.0000000000
70091  -50.002  -15.999  4.673 0.0000000000
70101  -45.957  -16.544  3.251 0.0000000000
70102  -46.813  -16.401  3.392 0.0000000000
70103  -47.590  -16.326  3.607 0.0000000000
70112  -45.382  -16.975  3.179 0.0000000000
70113  -45.628  -17.096  2.934 0.0000000000
71100  -50.581  -15.418  4.964 0.0000000000
71115  -47.314  -15.367  4.675 0.0000000000
71116  -48.117  -15.461  4.055 0.0000000000
71117  -49.250  -15.143  4.372 0.0000000000
71118  -50.060  -14.884  4.691 0.0000000000
71128  -45.940  -16.138  4.042 0.0000000000
71129  -46.558  -15.833  3.898 0.0000000000
71130  -47.322  -15.762  3.802 0.0000000000
71131  -47.671  -15.823  3.789 0.0000000000
72078  -47.949  -14.215  6.583 0.0000000000
72091  -47.687  -14.764  5.712 0.0000000000
72092  -48.257  -14.106  5.612 0.0000000000
72093  -50.752  -14.598  5.078 0.0000000000
72094  -51.541  -14.434  5.415 0.0000000000
72106  -47.947  -14.665  4.841 0.0000000000
72107  -48.716  -14.348  4.735 0.0000000000
72108  -49.491  -14.317  4.764 0.0000000000
72109  -50.141  -14.071  5.006 0.0000000000
73092  -48.578  -13.583  6.476 0.0000000000
73093  -49.353  -13.112  6.418 0.0000000000
73094  -50.891  -13.000  6.034 0.0000000000
73110  -49.046  -13.651  5.526 0.0000000000
73111  -49.870  -13.262  5.653 0.0000000000
73112  -50.763  -13.515  5.533 0.0000000000
73125  -49.200  -13.933  4.941 0.0000000000
73126  -49.633  -13.737  5.114 0.0000000000
73127  -50.097  -13.615  5.291 0.0000000000
74110  -50.082  -12.844  6.287 0.0000000000
74122  -50.305  -13.058  5.827 0.0000000000
74123  -50.556  -12.952  6.029 0.0000000000
