#!ascii label  , from subject FREESURFER vox2ras=TkReg 
770
2237  -16.620  -90.189  20.076 0.0000000000
2238  -17.028  -89.891  20.134 0.0000000000
2245  -11.682  -90.458  18.546 0.0000000000
2246  -12.545  -90.394  18.723 0.0000000000
2247  -13.472  -90.350  18.758 0.0000000000
2248  -14.442  -90.423  19.227 0.0000000000
2249  -15.183  -90.371  19.527 0.0000000000
2257  -11.285  -90.269  17.576 0.0000000000
2258  -12.443  -90.070  17.743 0.0000000000
2259  -12.962  -90.107  18.298 0.0000000000
2267  -10.730  -90.272  16.502 0.0000000000
2268  -11.969  -90.297  16.448 0.0000000000
2276  -12.026  -90.398  15.316 0.0000000000
2284  -12.886  -89.947  14.223 0.0000000000
2294  -13.161  -89.783  13.735 0.0000000000
2742  -17.664  -89.813  21.061 0.0000000000
2743  -18.557  -89.316  21.385 0.0000000000
2748  -17.347  -89.752  20.310 0.0000000000
2749  -17.803  -89.254  20.276 0.0000000000
2754  -15.577  -90.139  19.436 0.0000000000
2755  -16.083  -89.871  19.404 0.0000000000
2756  -17.033  -89.425  19.479 0.0000000000
2757  -17.532  -89.054  19.632 0.0000000000
2761  -13.643  -90.025  18.385 0.0000000000
2762  -14.095  -89.991  18.467 0.0000000000
2763  -15.150  -89.724  18.840 0.0000000000
2764  -16.164  -89.124  18.644 0.0000000000
2765  -16.754  -88.980  18.825 0.0000000000
2770  -12.880  -89.819  17.520 0.0000000000
2771  -13.347  -89.773  17.900 0.0000000000
2772  -14.347  -89.425  17.816 0.0000000000
2773  -15.299  -88.977  17.831 0.0000000000
2774  -15.902  -88.856  18.094 0.0000000000
2778  -12.822  -89.779  16.989 0.0000000000
2779  -13.575  -89.347  16.859 0.0000000000
2780  -14.494  -88.807  16.994 0.0000000000
2781  -15.057  -88.751  17.309 0.0000000000
2785  -12.868  -89.835  15.638 0.0000000000
2786  -13.867  -89.112  15.864 0.0000000000
2787  -14.367  -88.779  16.283 0.0000000000
2791  -12.916  -89.942  14.738 0.0000000000
2792  -13.378  -89.488  14.596 0.0000000000
2799  -13.703  -89.387  13.467 0.0000000000
2800  -14.073  -89.016  13.285 0.0000000000
2814  -13.802  -89.630  12.887 0.0000000000
2815  -14.218  -89.215  12.783 0.0000000000
3274  -18.979  -88.811  21.118 0.0000000000
3275  -19.499  -88.777  21.529 0.0000000000
3280  -18.551  -88.712  20.555 0.0000000000
3281  -19.257  -88.374  20.826 0.0000000000
3282  -19.880  -88.144  21.139 0.0000000000
3286  -17.383  -88.898  19.320 0.0000000000
3287  -17.919  -88.499  19.529 0.0000000000
3288  -18.851  -87.980  19.995 0.0000000000
3294  -16.620  -88.821  18.537 0.0000000000
3295  -17.180  -88.574  18.629 0.0000000000
3296  -17.896  -87.931  18.642 0.0000000000
3303  -15.742  -88.711  17.770 0.0000000000
3304  -16.337  -88.581  17.948 0.0000000000
3305  -17.026  -88.017  17.629 0.0000000000
3312  -14.693  -88.645  16.516 0.0000000000
3313  -15.396  -88.433  17.011 0.0000000000
3314  -16.419  -87.944  17.153 0.0000000000
3315  -17.006  -87.585  16.991 0.0000000000
3322  -13.878  -88.794  14.997 0.0000000000
3323  -14.604  -88.499  15.767 0.0000000000
3324  -15.490  -87.913  15.890 0.0000000000
3332  -13.838  -88.851  14.094 0.0000000000
3333  -14.428  -88.462  14.577 0.0000000000
3334  -15.078  -88.021  14.879 0.0000000000
3342  -13.980  -88.940  13.560 0.0000000000
3343  -14.518  -88.527  13.500 0.0000000000
3344  -14.838  -88.196  14.190 0.0000000000
3360  -14.680  -88.693  12.751 0.0000000000
3361  -15.048  -88.476  12.416 0.0000000000
3924  -19.647  -87.660  20.444 0.0000000000
3925  -20.481  -87.473  20.997 0.0000000000
3928  -18.495  -87.605  19.077 0.0000000000
3929  -19.287  -87.017  19.401 0.0000000000
3930  -20.111  -86.988  20.084 0.0000000000
3936  -17.598  -87.712  17.902 0.0000000000
3937  -18.320  -87.130  18.184 0.0000000000
3938  -18.776  -87.038  18.743 0.0000000000
3944  -17.365  -87.473  17.219 0.0000000000
3945  -17.827  -87.025  17.193 0.0000000000
3951  -16.011  -87.803  16.545 0.0000000000
3952  -16.666  -87.527  16.463 0.0000000000
3953  -17.427  -87.150  16.349 0.0000000000
3954  -17.793  -86.863  16.525 0.0000000000
3962  -16.173  -87.536  15.950 0.0000000000
3963  -16.747  -87.215  15.698 0.0000000000
3964  -17.296  -86.953  15.455 0.0000000000
3973  -15.925  -87.379  15.048 0.0000000000
3974  -16.822  -86.966  14.885 0.0000000000
3975  -17.438  -86.738  14.876 0.0000000000
3986  -15.055  -88.031  13.155 0.0000000000
3987  -15.341  -87.716  13.819 0.0000000000
4002  -14.955  -88.288  12.848 0.0000000000
4003  -15.592  -87.730  12.512 0.0000000000
4004  -16.178  -87.291  12.240 0.0000000000
4017  -16.278  -87.483  11.783 0.0000000000
4576  -20.855  -86.309  20.340 0.0000000000
4577  -21.431  -86.280  21.109 0.0000000000
4588  -19.538  -86.465  18.921 0.0000000000
4589  -20.090  -86.298  19.296 0.0000000000
4599  -18.627  -86.736  18.032 0.0000000000
4600  -19.114  -86.503  18.297 0.0000000000
4601  -19.731  -86.169  18.622 0.0000000000
4614  -18.522  -86.592  17.581 0.0000000000
4615  -19.028  -86.218  17.653 0.0000000000
4627  -17.845  -86.840  16.202 0.0000000000
4628  -18.197  -86.530  16.513 0.0000000000
4639  -17.905  -86.664  15.552 0.0000000000
4640  -18.385  -86.172  15.749 0.0000000000
4649  -16.249  -86.996  14.081 0.0000000000
4650  -17.107  -86.669  14.176 0.0000000000
4651  -17.895  -86.219  14.444 0.0000000000
4652  -18.332  -86.100  15.098 0.0000000000
4662  -15.917  -87.127  13.187 0.0000000000
4663  -16.683  -86.741  13.335 0.0000000000
4664  -17.399  -86.138  13.526 0.0000000000
4676  -15.913  -87.274  12.755 0.0000000000
4677  -16.270  -87.036  12.640 0.0000000000
4678  -17.057  -86.325  12.505 0.0000000000
4694  -16.620  -86.982  12.060 0.0000000000
4695  -17.110  -86.565  11.728 0.0000000000
5282  -21.200  -85.567  19.976 0.0000000000
5283  -21.701  -85.458  20.544 0.0000000000
5284  -22.295  -85.416  21.235 0.0000000000
5298  -20.792  -85.466  19.347 0.0000000000
5299  -21.478  -85.034  19.673 0.0000000000
5314  -19.680  -85.992  18.219 0.0000000000
5315  -20.204  -85.619  18.352 0.0000000000
5332  -18.824  -86.047  17.100 0.0000000000
5333  -19.647  -85.653  17.586 0.0000000000
5334  -20.142  -85.373  17.803 0.0000000000
5349  -18.762  -85.904  16.280 0.0000000000
5350  -19.244  -85.631  16.777 0.0000000000
5363  -18.859  -85.633  15.422 0.0000000000
5364  -19.275  -85.445  16.125 0.0000000000
5377  -18.174  -85.877  14.208 0.0000000000
5378  -18.481  -85.591  14.471 0.0000000000
5392  -18.063  -85.735  13.826 0.0000000000
5393  -18.430  -84.999  13.556 0.0000000000
5409  -17.897  -85.465  12.802 0.0000000000
5410  -18.271  -84.912  12.912 0.0000000000
5426  -17.861  -85.771  11.647 0.0000000000
5427  -18.547  -85.338  11.341 0.0000000000
5993  -21.996  -84.664  19.978 0.0000000000
5994  -22.660  -84.558  20.606 0.0000000000
5995  -23.282  -84.102  20.794 0.0000000000
6011  -21.278  -84.798  19.012 0.0000000000
6012  -21.922  -84.267  19.199 0.0000000000
6013  -22.382  -84.187  19.794 0.0000000000
6030  -20.810  -84.968  18.519 0.0000000000
6031  -21.438  -84.385  18.281 0.0000000000
6045  -19.979  -85.197  17.274 0.0000000000
6046  -20.527  -84.816  17.474 0.0000000000
6047  -21.292  -84.236  17.666 0.0000000000
6060  -19.775  -85.139  16.731 0.0000000000
6061  -20.248  -84.568  16.351 0.0000000000
6071  -19.022  -85.214  14.924 0.0000000000
6072  -19.630  -84.830  15.465 0.0000000000
6073  -20.354  -84.208  15.721 0.0000000000
6087  -19.084  -84.767  14.387 0.0000000000
6088  -19.667  -84.299  14.641 0.0000000000
6103  -18.997  -84.314  13.579 0.0000000000
6104  -19.375  -84.095  14.097 0.0000000000
6123  -18.305  -84.893  12.467 0.0000000000
6124  -18.685  -84.415  12.823 0.0000000000
6140  -18.121  -85.159  12.138 0.0000000000
6141  -18.705  -84.682  11.835 0.0000000000
6142  -19.491  -84.418  11.398 0.0000000000
6628  -23.713  -83.764  21.117 0.0000000000
6644  -22.752  -83.967  19.927 0.0000000000
6645  -23.310  -83.543  20.089 0.0000000000
6659  -22.189  -83.834  19.032 0.0000000000
6660  -22.644  -83.612  19.235 0.0000000000
6661  -23.129  -83.275  19.397 0.0000000000
6674  -22.084  -83.715  18.597 0.0000000000
6675  -22.560  -83.284  18.475 0.0000000000
6690  -21.234  -84.000  17.243 0.0000000000
6691  -21.808  -83.593  17.727 0.0000000000
6692  -22.302  -83.324  18.137 0.0000000000
6707  -20.917  -83.844  16.403 0.0000000000
6708  -21.538  -83.465  16.960 0.0000000000
6717  -20.183  -84.056  15.028 0.0000000000
6718  -20.654  -83.645  15.467 0.0000000000
6728  -19.920  -83.647  14.341 0.0000000000
6729  -20.460  -83.394  14.810 0.0000000000
6741  -19.049  -84.042  13.177 0.0000000000
6742  -19.479  -83.634  13.457 0.0000000000
6755  -19.131  -83.871  12.868 0.0000000000
6756  -19.521  -83.464  12.631 0.0000000000
6767  -19.112  -83.983  12.352 0.0000000000
6768  -19.654  -83.643  11.829 0.0000000000
6769  -20.560  -83.500  11.542 0.0000000000
6781  -20.025  -84.031  11.336 0.0000000000
7227  -24.044  -83.017  20.730 0.0000000000
7228  -24.455  -82.271  21.247 0.0000000000
7245  -23.909  -82.690  20.002 0.0000000000
7246  -24.199  -82.413  20.479 0.0000000000
7267  -23.062  -83.184  19.120 0.0000000000
7268  -23.423  -82.789  19.206 0.0000000000
7288  -22.957  -83.039  18.686 0.0000000000
7289  -23.228  -82.580  18.395 0.0000000000
7308  -22.045  -83.065  17.115 0.0000000000
7309  -22.728  -82.815  17.743 0.0000000000
7310  -23.273  -82.302  17.980 0.0000000000
7329  -21.078  -83.195  15.741 0.0000000000
7330  -21.684  -82.879  16.300 0.0000000000
7331  -22.356  -82.591  16.858 0.0000000000
7346  -20.826  -83.072  15.190 0.0000000000
7347  -21.345  -82.573  15.304 0.0000000000
7356  -20.333  -83.196  14.384 0.0000000000
7357  -20.793  -82.716  14.512 0.0000000000
7358  -21.216  -82.401  14.745 0.0000000000
7368  -20.187  -83.072  13.888 0.0000000000
7369  -20.783  -82.519  13.555 0.0000000000
7370  -21.165  -82.241  13.018 0.0000000000
7378  -20.043  -82.980  13.096 0.0000000000
7379  -20.630  -82.636  12.719 0.0000000000
7380  -21.356  -82.415  12.456 0.0000000000
7381  -21.929  -82.424  12.133 0.0000000000
7382  -22.658  -82.370  12.195 0.0000000000
7391  -20.015  -83.031  12.395 0.0000000000
7392  -20.506  -82.855  11.980 0.0000000000
7393  -21.282  -82.869  11.743 0.0000000000
7911  -24.927  -81.377  21.297 0.0000000000
7912  -25.411  -80.978  21.563 0.0000000000
7929  -24.170  -82.255  20.094 0.0000000000
7930  -24.401  -81.773  20.423 0.0000000000
7948  -24.066  -82.023  19.559 0.0000000000
7949  -24.419  -81.292  19.773 0.0000000000
7970  -23.666  -81.875  18.462 0.0000000000
7971  -24.222  -81.306  19.073 0.0000000000
7988  -22.826  -82.229  16.931 0.0000000000
7989  -23.340  -81.836  17.407 0.0000000000
8008  -21.822  -82.374  15.795 0.0000000000
8009  -22.392  -81.992  16.138 0.0000000000
8010  -23.018  -81.755  16.625 0.0000000000
8028  -21.859  -82.082  15.413 0.0000000000
8029  -22.249  -81.568  15.123 0.0000000000
8041  -21.179  -82.338  14.504 0.0000000000
8042  -21.564  -82.029  14.643 0.0000000000
8043  -22.091  -81.481  14.304 0.0000000000
8053  -21.138  -82.233  14.161 0.0000000000
8054  -21.588  -81.880  13.605 0.0000000000
8055  -22.333  -81.325  13.688 0.0000000000
8056  -26.178  -81.578  12.994 0.0000000000
8064  -21.587  -82.020  12.929 0.0000000000
8065  -22.272  -81.709  12.789 0.0000000000
8066  -23.238  -81.649  12.543 0.0000000000
8067  -24.153  -81.577  12.483 0.0000000000
8068  -25.043  -81.537  12.540 0.0000000000
8069  -25.648  -81.435  12.783 0.0000000000
8607  -26.299  -80.403  22.526 0.0000000000
8622  -25.289  -80.777  21.092 0.0000000000
8623  -25.775  -80.326  21.581 0.0000000000
8624  -26.203  -79.934  22.010 0.0000000000
8638  -24.805  -80.875  20.416 0.0000000000
8639  -25.319  -80.321  20.584 0.0000000000
8650  -24.658  -80.509  19.406 0.0000000000
8651  -24.967  -80.369  20.076 0.0000000000
8669  -23.729  -81.361  17.869 0.0000000000
8670  -24.189  -80.768  18.216 0.0000000000
8685  -23.774  -80.971  17.391 0.0000000000
8686  -24.128  -80.486  17.486 0.0000000000
8702  -22.937  -81.528  16.234 0.0000000000
8703  -23.388  -81.074  16.473 0.0000000000
8720  -22.865  -81.252  15.672 0.0000000000
8721  -23.397  -80.583  15.490 0.0000000000
8736  -22.882  -80.925  14.524 0.0000000000
8737  -23.538  -80.201  14.768 0.0000000000
8748  -22.995  -80.998  13.439 0.0000000000
8749  -23.549  -80.161  13.913 0.0000000000
8750  -25.809  -80.359  13.159 0.0000000000
8751  -26.456  -80.742  13.380 0.0000000000
8764  -23.069  -81.234  12.910 0.0000000000
8765  -23.785  -80.709  12.999 0.0000000000
8766  -24.706  -80.759  12.711 0.0000000000
8767  -25.404  -80.857  12.815 0.0000000000
8768  -25.913  -80.980  13.022 0.0000000000
9386  -26.838  -79.525  23.127 0.0000000000
9400  -26.501  -79.414  22.243 0.0000000000
9417  -25.890  -79.446  21.186 0.0000000000
9418  -26.144  -79.475  21.658 0.0000000000
9437  -25.598  -79.608  20.586 0.0000000000
9452  -24.941  -79.917  19.235 0.0000000000
9453  -25.182  -79.884  19.803 0.0000000000
9467  -24.787  -79.798  18.570 0.0000000000
9468  -25.108  -79.485  19.165 0.0000000000
9483  -24.004  -80.366  16.868 0.0000000000
9484  -24.446  -79.817  17.490 0.0000000000
9499  -23.831  -80.287  16.102 0.0000000000
9500  -24.283  -79.484  16.326 0.0000000000
9513  -23.896  -79.835  15.418 0.0000000000
9514  -24.351  -78.916  15.282 0.0000000000
9529  -23.963  -79.560  14.595 0.0000000000
9530  -24.442  -78.921  14.361 0.0000000000
9546  -24.085  -79.465  13.944 0.0000000000
9547  -24.731  -79.239  13.682 0.0000000000
9548  -25.491  -79.610  13.407 0.0000000000
9549  -26.282  -79.831  13.531 0.0000000000
9550  -26.986  -79.993  13.893 0.0000000000
9561  -24.152  -79.887  13.506 0.0000000000
9562  -24.669  -80.030  13.157 0.0000000000
9563  -25.220  -80.279  12.991 0.0000000000
10065  -27.816  -78.444  27.214 0.0000000000
10066  -28.287  -78.102  27.807 0.0000000000
10071  -27.498  -78.489  26.334 0.0000000000
10077  -27.111  -79.146  24.535 0.0000000000
10078  -27.322  -78.636  25.327 0.0000000000
10090  -27.156  -78.994  23.781 0.0000000000
10091  -27.420  -78.379  24.339 0.0000000000
10103  -27.126  -78.807  23.234 0.0000000000
10104  -27.452  -78.231  23.434 0.0000000000
10113  -27.054  -78.457  22.583 0.0000000000
10114  -27.495  -77.832  22.854 0.0000000000
10126  -26.059  -79.044  21.302 0.0000000000
10127  -26.423  -78.546  21.500 0.0000000000
10145  -25.893  -78.682  20.733 0.0000000000
10146  -26.201  -78.211  20.890 0.0000000000
10165  -25.420  -78.875  19.644 0.0000000000
10178  -24.954  -79.171  17.895 0.0000000000
10179  -25.168  -78.943  18.610 0.0000000000
10195  -24.882  -78.739  17.037 0.0000000000
10196  -25.193  -78.473  17.856 0.0000000000
10212  -24.675  -78.505  16.077 0.0000000000
10229  -24.793  -78.235  15.441 0.0000000000
10246  -24.904  -78.205  14.807 0.0000000000
10247  -25.517  -78.098  14.429 0.0000000000
10248  -26.241  -78.218  14.220 0.0000000000
10249  -27.012  -78.849  14.283 0.0000000000
10266  -24.990  -78.565  14.150 0.0000000000
10267  -25.522  -78.733  13.859 0.0000000000
10268  -26.217  -79.048  13.762 0.0000000000
10269  -26.615  -79.416  13.875 0.0000000000
10808  -28.744  -77.375  28.166 0.0000000000
10809  -29.103  -77.370  28.749 0.0000000000
10813  -27.906  -77.887  26.613 0.0000000000
10814  -28.267  -77.455  27.147 0.0000000000
10819  -27.794  -77.682  25.901 0.0000000000
10820  -28.082  -77.404  26.452 0.0000000000
10825  -27.694  -77.699  24.964 0.0000000000
10839  -27.766  -77.570  24.053 0.0000000000
10857  -27.823  -77.438  23.238 0.0000000000
10874  -27.339  -77.743  22.455 0.0000000000
10875  -27.629  -77.214  22.547 0.0000000000
10892  -27.108  -77.439  21.795 0.0000000000
10893  -27.522  -76.768  22.071 0.0000000000
10909  -26.055  -78.034  20.600 0.0000000000
10910  -26.375  -77.549  20.733 0.0000000000
10923  -25.820  -77.724  19.952 0.0000000000
10924  -26.135  -77.216  20.135 0.0000000000
10934  -25.440  -77.836  18.598 0.0000000000
10947  -25.028  -78.015  16.496 0.0000000000
10948  -25.287  -77.629  17.224 0.0000000000
10966  -25.061  -77.852  15.850 0.0000000000
10967  -25.331  -77.437  16.322 0.0000000000
10983  -25.122  -77.835  15.248 0.0000000000
10984  -25.600  -77.259  15.578 0.0000000000
10985  -26.093  -76.918  15.341 0.0000000000
10986  -27.624  -77.659  14.935 0.0000000000
11002  -25.106  -77.884  14.974 0.0000000000
11003  -25.371  -77.722  14.938 0.0000000000
11004  -26.133  -77.376  14.859 0.0000000000
11005  -27.012  -77.615  14.672 0.0000000000
11006  -27.557  -78.167  14.742 0.0000000000
11560  -28.882  -76.793  28.094 0.0000000000
11561  -29.185  -76.615  28.484 0.0000000000
11566  -28.699  -76.488  27.609 0.0000000000
11567  -28.994  -76.079  27.923 0.0000000000
11572  -27.982  -77.206  25.433 0.0000000000
11573  -28.246  -76.604  26.130 0.0000000000
11578  -28.093  -76.860  24.747 0.0000000000
11579  -28.328  -75.975  25.008 0.0000000000
11590  -28.106  -76.848  23.675 0.0000000000
11591  -28.341  -76.114  24.046 0.0000000000
11608  -28.085  -76.789  22.928 0.0000000000
11609  -28.238  -76.218  23.170 0.0000000000
11622  -27.841  -76.434  22.409 0.0000000000
11623  -28.073  -76.296  22.737 0.0000000000
11633  -27.305  -76.447  21.604 0.0000000000
11634  -27.604  -76.249  21.977 0.0000000000
11646  -26.827  -76.618  20.991 0.0000000000
11656  -26.037  -77.060  19.806 0.0000000000
11657  -26.336  -76.557  20.026 0.0000000000
11672  -25.902  -76.781  19.107 0.0000000000
11673  -26.254  -76.003  19.187 0.0000000000
11686  -25.696  -76.574  17.785 0.0000000000
11702  -25.725  -76.517  16.531 0.0000000000
11703  -26.340  -76.097  16.032 0.0000000000
11704  -28.850  -76.201  16.012 0.0000000000
11724  -26.015  -76.576  15.690 0.0000000000
11725  -26.701  -76.620  15.396 0.0000000000
11726  -27.641  -76.987  15.256 0.0000000000
11748  -26.715  -77.144  14.976 0.0000000000
11749  -27.022  -77.035  15.010 0.0000000000
12325  -29.469  -75.702  29.042 0.0000000000
12336  -28.846  -75.848  27.666 0.0000000000
12337  -29.074  -75.463  27.984 0.0000000000
12343  -28.701  -75.503  27.030 0.0000000000
12344  -28.946  -74.806  27.304 0.0000000000
12349  -28.602  -75.130  25.708 0.0000000000
12358  -28.447  -75.205  24.431 0.0000000000
12372  -28.298  -75.385  23.371 0.0000000000
12387  -27.774  -75.990  22.110 0.0000000000
12388  -28.017  -75.659  22.406 0.0000000000
12401  -27.100  -75.981  21.184 0.0000000000
12402  -27.579  -75.598  21.601 0.0000000000
12403  -27.877  -75.388  21.927 0.0000000000
12418  -26.837  -75.754  20.538 0.0000000000
12419  -27.201  -75.587  21.010 0.0000000000
12432  -26.572  -75.565  19.652 0.0000000000
12444  -26.109  -75.896  18.379 0.0000000000
12445  -26.454  -75.275  18.799 0.0000000000
12454  -26.089  -75.728  17.584 0.0000000000
12455  -26.429  -75.137  17.880 0.0000000000
12467  -25.882  -75.937  17.145 0.0000000000
12468  -26.554  -75.313  16.826 0.0000000000
12469  -27.499  -75.155  16.301 0.0000000000
12470  -28.418  -75.430  16.131 0.0000000000
12471  -29.375  -75.601  16.285 0.0000000000
12489  -26.892  -75.754  15.973 0.0000000000
12490  -27.553  -75.998  15.753 0.0000000000
12491  -28.227  -76.301  15.750 0.0000000000
13115  -29.568  -74.981  29.644 0.0000000000
13127  -29.313  -74.782  28.681 0.0000000000
13140  -28.946  -74.496  27.846 0.0000000000
13146  -28.850  -74.539  26.616 0.0000000000
13147  -28.908  -74.152  27.137 0.0000000000
13156  -28.898  -73.992  25.876 0.0000000000
13157  -28.888  -73.832  26.618 0.0000000000
13169  -28.569  -74.178  24.820 0.0000000000
13180  -28.423  -74.365  23.653 0.0000000000
13195  -28.206  -74.594  22.578 0.0000000000
13212  -27.669  -74.789  21.195 0.0000000000
13213  -27.948  -74.887  21.774 0.0000000000
13234  -26.931  -75.105  20.025 0.0000000000
13235  -27.316  -75.052  20.690 0.0000000000
13260  -26.838  -74.806  19.313 0.0000000000
13261  -27.284  -74.483  19.868 0.0000000000
13281  -26.860  -74.448  18.393 0.0000000000
13282  -27.217  -74.181  19.105 0.0000000000
13294  -26.935  -74.503  17.439 0.0000000000
13295  -27.245  -74.204  17.287 0.0000000000
13310  -26.931  -74.668  17.031 0.0000000000
13311  -27.399  -74.332  16.946 0.0000000000
13312  -28.291  -74.395  16.523 0.0000000000
13313  -29.199  -74.585  16.452 0.0000000000
13314  -30.051  -74.899  16.556 0.0000000000
13903  -26.985  -73.025  34.945 0.0000000000
13904  -27.766  -73.308  34.824 0.0000000000
13905  -28.527  -73.577  34.534 0.0000000000
13906  -29.209  -73.857  34.215 0.0000000000
13916  -28.936  -73.291  33.849 0.0000000000
13917  -29.454  -73.692  33.490 0.0000000000
13935  -29.694  -73.846  32.561 0.0000000000
13952  -29.663  -74.121  31.596 0.0000000000
13968  -29.532  -74.348  30.465 0.0000000000
13977  -28.911  -73.519  29.039 0.0000000000
13978  -29.306  -74.147  29.340 0.0000000000
13992  -28.710  -73.289  28.266 0.0000000000
13993  -28.999  -74.000  28.445 0.0000000000
14007  -28.676  -73.161  27.468 0.0000000000
14008  -28.806  -73.779  27.640 0.0000000000
14019  -28.749  -73.024  26.948 0.0000000000
14020  -28.804  -73.541  26.969 0.0000000000
14030  -28.767  -73.235  26.386 0.0000000000
14031  -28.772  -73.568  26.699 0.0000000000
14046  -28.600  -73.058  25.205 0.0000000000
14057  -28.589  -73.298  23.971 0.0000000000
14069  -28.428  -73.472  22.789 0.0000000000
14081  -27.882  -74.376  21.264 0.0000000000
14082  -28.182  -73.745  21.509 0.0000000000
14101  -27.751  -74.119  20.571 0.0000000000
14102  -28.113  -73.385  20.481 0.0000000000
14126  -27.675  -73.700  19.515 0.0000000000
14127  -27.951  -73.515  20.028 0.0000000000
14149  -27.118  -74.037  17.839 0.0000000000
14150  -27.555  -73.605  18.444 0.0000000000
14151  -28.098  -73.105  18.281 0.0000000000
14170  -27.180  -74.137  17.512 0.0000000000
14171  -27.460  -73.865  17.543 0.0000000000
14172  -28.153  -73.317  17.713 0.0000000000
14173  -28.725  -73.194  17.306 0.0000000000
14195  -27.796  -73.771  17.273 0.0000000000
14196  -28.216  -73.685  17.014 0.0000000000
14197  -29.117  -73.548  16.864 0.0000000000
14198  -29.933  -73.877  16.696 0.0000000000
14737  -25.899  -72.285  35.507 0.0000000000
14738  -26.433  -72.701  35.122 0.0000000000
14749  -25.946  -71.797  34.911 0.0000000000
14750  -26.550  -72.157  34.499 0.0000000000
14751  -27.487  -72.718  34.335 0.0000000000
14752  -28.016  -73.064  34.333 0.0000000000
14758  -26.875  -71.725  33.939 0.0000000000
14759  -27.350  -72.057  33.829 0.0000000000
14760  -28.250  -72.649  33.660 0.0000000000
14761  -29.001  -72.935  33.301 0.0000000000
14781  -28.736  -72.377  32.807 0.0000000000
14782  -29.282  -72.967  32.618 0.0000000000
14802  -28.954  -72.203  31.829 0.0000000000
14803  -29.368  -73.149  31.676 0.0000000000
14825  -29.022  -72.567  30.601 0.0000000000
14826  -29.365  -73.484  30.843 0.0000000000
14839  -28.730  -72.644  29.177 0.0000000000
14840  -29.204  -73.419  29.899 0.0000000000
14855  -28.550  -72.531  28.004 0.0000000000
14872  -28.657  -72.624  27.268 0.0000000000
14887  -28.710  -72.447  26.705 0.0000000000
14902  -28.702  -72.305  25.882 0.0000000000
14916  -28.675  -72.076  25.076 0.0000000000
14924  -28.642  -72.263  24.245 0.0000000000
14932  -28.644  -72.406  23.166 0.0000000000
14941  -28.617  -72.405  21.922 0.0000000000
14953  -28.481  -72.718  20.738 0.0000000000
14978  -27.830  -73.252  19.051 0.0000000000
14979  -28.223  -72.870  19.572 0.0000000000
15004  -28.031  -73.016  18.714 0.0000000000
15005  -28.611  -72.476  18.314 0.0000000000
15006  -29.257  -71.970  17.994 0.0000000000
15028  -28.693  -72.842  17.629 0.0000000000
15029  -29.423  -72.643  17.398 0.0000000000
15030  -30.636  -73.085  17.200 0.0000000000
15056  -29.424  -73.102  17.034 0.0000000000
15057  -29.722  -73.181  16.914 0.0000000000
15605  -25.592  -71.469  36.209 0.0000000000
15618  -25.727  -71.299  35.273 0.0000000000
15632  -26.013  -71.310  34.515 0.0000000000
15633  -26.514  -71.315  33.954 0.0000000000
15639  -27.071  -71.394  33.475 0.0000000000
15640  -27.835  -71.701  33.123 0.0000000000
15641  -28.320  -72.066  33.003 0.0000000000
15657  -27.888  -71.304  32.599 0.0000000000
15658  -28.354  -71.635  32.393 0.0000000000
15674  -28.525  -71.543  31.691 0.0000000000
15695  -28.645  -71.621  30.956 0.0000000000
15714  -28.625  -71.599  29.833 0.0000000000
15733  -28.573  -71.504  28.572 0.0000000000
15751  -28.626  -71.774  27.382 0.0000000000
15768  -28.710  -71.567  26.394 0.0000000000
15783  -28.723  -71.388  25.474 0.0000000000
15793  -28.715  -71.340  24.545 0.0000000000
15800  -28.728  -71.400  23.535 0.0000000000
15807  -28.795  -71.561  22.616 0.0000000000
15814  -29.000  -71.182  21.778 0.0000000000
15815  -29.250  -70.716  21.477 0.0000000000
15821  -28.882  -71.754  20.911 0.0000000000
15822  -29.313  -70.937  20.998 0.0000000000
15834  -28.747  -72.110  20.092 0.0000000000
15835  -29.287  -71.275  19.996 0.0000000000
15854  -28.839  -71.979  19.305 0.0000000000
15855  -29.528  -71.430  18.716 0.0000000000
15856  -30.386  -71.233  18.183 0.0000000000
15877  -29.774  -71.746  17.883 0.0000000000
15878  -30.499  -71.964  17.613 0.0000000000
16476  -25.791  -70.694  36.842 0.0000000000
16485  -25.692  -70.572  35.795 0.0000000000
16498  -25.840  -70.365  34.730 0.0000000000
16499  -26.115  -70.762  34.053 0.0000000000
16508  -25.982  -70.203  33.915 0.0000000000
16509  -26.508  -70.530  33.285 0.0000000000
16510  -27.370  -71.021  32.772 0.0000000000
16523  -27.056  -70.218  32.144 0.0000000000
16524  -27.891  -70.919  32.069 0.0000000000
16525  -28.282  -71.273  31.890 0.0000000000
16541  -27.166  -69.826  31.535 0.0000000000
16542  -27.694  -70.200  31.158 0.0000000000
16543  -28.261  -71.048  31.369 0.0000000000
16558  -28.007  -69.972  30.055 0.0000000000
16559  -28.370  -70.787  30.447 0.0000000000
16577  -28.117  -69.851  29.463 0.0000000000
16578  -28.433  -70.498  29.280 0.0000000000
16593  -28.537  -70.697  28.506 0.0000000000
16604  -28.554  -70.819  27.865 0.0000000000
16619  -28.614  -70.791  26.951 0.0000000000
16637  -28.681  -70.572  25.998 0.0000000000
16649  -28.739  -70.461  25.012 0.0000000000
16657  -28.733  -70.451  23.997 0.0000000000
16663  -28.956  -70.367  22.745 0.0000000000
16664  -29.230  -69.959  21.968 0.0000000000
16670  -29.174  -70.496  21.839 0.0000000000
16671  -29.452  -70.195  21.318 0.0000000000
16677  -29.743  -70.398  20.502 0.0000000000
16687  -30.072  -70.518  19.597 0.0000000000
16688  -30.855  -70.239  19.203 0.0000000000
16709  -30.349  -70.767  18.806 0.0000000000
16710  -31.064  -70.708  18.554 0.0000000000
17378  -26.026  -69.944  36.228 0.0000000000
17389  -25.965  -69.795  35.447 0.0000000000
17390  -26.346  -69.468  35.829 0.0000000000
17398  -26.050  -69.397  34.751 0.0000000000
17399  -26.334  -69.214  35.290 0.0000000000
17406  -25.912  -69.636  34.150 0.0000000000
17407  -26.039  -69.633  33.519 0.0000000000
17415  -26.326  -69.510  32.675 0.0000000000
17430  -26.743  -69.325  31.697 0.0000000000
17431  -27.194  -69.555  31.166 0.0000000000
17448  -26.947  -69.062  30.995 0.0000000000
17449  -27.413  -69.352  30.474 0.0000000000
17465  -27.719  -69.207  29.509 0.0000000000
17466  -28.170  -69.743  29.020 0.0000000000
17483  -27.986  -69.159  28.523 0.0000000000
17484  -28.361  -70.043  28.310 0.0000000000
17497  -28.170  -69.273  27.491 0.0000000000
17498  -28.483  -70.143  27.456 0.0000000000
17508  -28.150  -68.992  26.495 0.0000000000
17509  -28.450  -69.857  26.655 0.0000000000
17526  -28.141  -68.755  25.958 0.0000000000
17527  -28.410  -69.402  25.577 0.0000000000
17544  -28.644  -69.660  24.550 0.0000000000
17554  -28.765  -69.473  23.694 0.0000000000
17564  -28.952  -69.308  22.989 0.0000000000
17565  -29.191  -69.375  22.383 0.0000000000
17572  -29.532  -69.328  21.667 0.0000000000
17579  -29.910  -69.492  20.871 0.0000000000
17580  -30.460  -69.324  20.441 0.0000000000
17581  -31.148  -69.169  20.234 0.0000000000
17582  -32.154  -69.110  20.250 0.0000000000
17589  -30.149  -69.882  20.234 0.0000000000
17590  -30.664  -69.770  19.860 0.0000000000
17591  -31.450  -69.692  19.632 0.0000000000
18321  -26.003  -69.027  34.181 0.0000000000
18322  -26.581  -68.449  34.678 0.0000000000
18323  -27.077  -68.102  34.911 0.0000000000
18329  -25.947  -69.229  33.816 0.0000000000
18330  -26.149  -68.682  33.453 0.0000000000
18338  -26.331  -68.526  32.252 0.0000000000
18354  -26.645  -68.445  31.308 0.0000000000
18369  -27.000  -68.529  30.489 0.0000000000
18370  -27.351  -68.839  30.050 0.0000000000
18389  -26.929  -67.979  30.232 0.0000000000
18390  -27.224  -68.257  29.751 0.0000000000
18407  -27.541  -68.326  28.854 0.0000000000
18418  -27.776  -68.379  27.939 0.0000000000
18429  -27.900  -68.346  27.057 0.0000000000
18449  -27.977  -68.253  26.267 0.0000000000
18450  -28.149  -68.352  25.552 0.0000000000
18470  -28.456  -68.521  24.536 0.0000000000
18485  -28.878  -68.521  23.429 0.0000000000
18486  -29.267  -68.224  22.921 0.0000000000
18500  -29.146  -68.786  22.783 0.0000000000
18501  -29.564  -68.532  22.301 0.0000000000
18509  -30.186  -68.571  21.434 0.0000000000
18510  -31.101  -68.253  21.293 0.0000000000
18511  -31.904  -68.273  21.236 0.0000000000
18520  -30.281  -69.000  20.837 0.0000000000
18521  -30.755  -68.783  20.787 0.0000000000
18522  -31.517  -68.663  20.736 0.0000000000
18523  -32.088  -68.615  20.805 0.0000000000
19254  -26.861  -67.970  34.345 0.0000000000
19255  -27.361  -67.724  34.552 0.0000000000
19263  -26.747  -67.798  33.801 0.0000000000
19264  -27.363  -67.261  33.704 0.0000000000
19274  -26.476  -67.725  32.761 0.0000000000
19294  -26.493  -67.574  31.746 0.0000000000
19315  -26.743  -67.680  30.777 0.0000000000
19335  -27.010  -67.438  30.050 0.0000000000
19336  -27.247  -67.394  29.221 0.0000000000
19351  -27.510  -67.466  28.249 0.0000000000
19364  -27.665  -67.662  27.460 0.0000000000
19377  -27.792  -67.504  26.701 0.0000000000
19394  -27.972  -67.573  25.903 0.0000000000
19395  -28.201  -67.620  25.212 0.0000000000
19412  -28.475  -67.451  24.604 0.0000000000
19413  -31.666  -67.006  24.057 0.0000000000
19429  -28.735  -67.682  23.934 0.0000000000
19430  -29.157  -67.706  23.348 0.0000000000
19431  -30.559  -66.962  23.291 0.0000000000
19432  -31.024  -66.913  23.481 0.0000000000
19449  -29.664  -67.650  22.840 0.0000000000
19450  -30.385  -67.240  22.885 0.0000000000
19451  -31.330  -67.363  22.661 0.0000000000
19464  -30.070  -67.903  22.239 0.0000000000
19465  -30.754  -67.784  22.002 0.0000000000
19466  -31.616  -67.809  21.874 0.0000000000
20217  -28.093  -67.030  33.975 0.0000000000
20236  -26.991  -67.070  33.025 0.0000000000
20237  -27.757  -66.678  33.204 0.0000000000
20238  -28.684  -66.537  33.374 0.0000000000
20265  -26.693  -66.957  32.234 0.0000000000
20266  -27.409  -66.363  32.309 0.0000000000
20267  -28.297  -66.204  32.633 0.0000000000
20268  -29.247  -66.172  32.719 0.0000000000
20269  -30.202  -66.138  32.750 0.0000000000
20299  -26.609  -66.953  31.714 0.0000000000
20300  -26.926  -66.522  31.654 0.0000000000
20323  -26.688  -66.954  31.194 0.0000000000
20324  -27.099  -66.363  30.876 0.0000000000
20343  -26.889  -66.943  30.535 0.0000000000
20344  -27.233  -66.478  29.865 0.0000000000
20360  -27.514  -66.470  28.676 0.0000000000
20375  -27.736  -66.641  27.406 0.0000000000
20387  -27.993  -66.665  26.197 0.0000000000
20388  -28.345  -66.247  25.781 0.0000000000
20401  -28.106  -67.133  25.618 0.0000000000
20402  -28.408  -66.771  25.231 0.0000000000
20403  -30.794  -66.035  25.066 0.0000000000
20417  -28.896  -66.813  24.275 0.0000000000
20418  -29.699  -66.421  24.155 0.0000000000
20419  -30.447  -66.324  24.285 0.0000000000
20420  -31.203  -66.572  24.390 0.0000000000
20432  -29.064  -67.284  23.732 0.0000000000
20433  -29.567  -67.066  23.490 0.0000000000
20434  -30.294  -66.756  23.542 0.0000000000
20435  -30.740  -66.621  23.910 0.0000000000
20449  -29.888  -67.205  23.068 0.0000000000
20450  -30.013  -67.007  23.201 0.0000000000
21207  -27.604  -66.053  31.958 0.0000000000
21208  -27.954  -65.880  32.026 0.0000000000
21209  -28.813  -65.857  32.036 0.0000000000
21210  -29.765  -65.832  32.054 0.0000000000
21211  -30.732  -65.827  32.022 0.0000000000
21212  -31.702  -65.845  31.949 0.0000000000
21233  -27.522  -66.000  31.531 0.0000000000
21234  -28.300  -65.592  31.371 0.0000000000
21235  -29.270  -65.489  31.375 0.0000000000
21236  -30.257  -65.495  31.347 0.0000000000
21237  -31.252  -65.550  31.204 0.0000000000
21238  -32.274  -65.651  31.095 0.0000000000
21262  -27.709  -65.619  30.503 0.0000000000
21263  -28.715  -65.200  30.577 0.0000000000
21264  -29.739  -65.180  30.675 0.0000000000
21265  -30.695  -65.251  30.569 0.0000000000
21266  -31.779  -65.213  30.149 0.0000000000
21285  -27.803  -65.527  29.273 0.0000000000
21286  -28.244  -65.159  29.923 0.0000000000
21287  -31.911  -65.175  29.053 0.0000000000
21300  -28.061  -65.618  28.091 0.0000000000
21301  -28.451  -65.353  27.806 0.0000000000
21302  -30.899  -65.191  28.133 0.0000000000
21303  -31.698  -65.388  28.293 0.0000000000
21314  -28.091  -65.884  27.200 0.0000000000
21315  -28.421  -65.514  27.356 0.0000000000
21316  -30.699  -65.233  27.368 0.0000000000
21317  -31.441  -65.524  27.623 0.0000000000
21326  -28.008  -66.172  26.782 0.0000000000
21327  -28.535  -65.698  26.421 0.0000000000
21328  -29.565  -65.307  26.347 0.0000000000
21329  -30.486  -65.344  26.540 0.0000000000
21330  -31.286  -65.669  26.881 0.0000000000
21342  -28.699  -66.074  25.401 0.0000000000
21343  -29.330  -65.698  25.547 0.0000000000
21344  -30.216  -65.570  25.679 0.0000000000
21345  -31.113  -65.832  25.994 0.0000000000
21359  -28.770  -66.409  24.906 0.0000000000
21360  -29.188  -66.141  24.810 0.0000000000
21361  -29.936  -65.863  24.836 0.0000000000
22147  -28.690  -64.980  29.951 0.0000000000
22148  -29.278  -64.916  29.995 0.0000000000
22149  -30.171  -65.001  30.005 0.0000000000
22150  -30.911  -65.077  29.937 0.0000000000
22162  -28.253  -65.252  28.633 0.0000000000
22163  -28.649  -64.836  29.246 0.0000000000
22164  -29.749  -64.809  29.329 0.0000000000
22165  -30.600  -64.975  29.392 0.0000000000
22166  -31.271  -65.074  29.484 0.0000000000
22175  -28.289  -65.307  28.323 0.0000000000
22176  -28.589  -65.080  28.220 0.0000000000
22177  -29.430  -64.819  28.519 0.0000000000
22178  -30.325  -64.940  28.695 0.0000000000
22179  -31.120  -65.107  28.845 0.0000000000
22188  -28.740  -65.218  27.529 0.0000000000
22189  -29.278  -64.986  27.715 0.0000000000
22190  -30.084  -64.994  27.929 0.0000000000
22199  -28.687  -65.379  27.078 0.0000000000
22200  -29.066  -65.127  26.995 0.0000000000
22201  -29.863  -65.062  27.131 0.0000000000
