#!ascii label  , from subject FREESURFER vox2ras=TkReg 
908
77999  24.068  -10.032  52.780 0.0000000000
78000  23.298  -10.170  53.219 0.0000000000
78012  21.787  -10.009  52.080 0.0000000000
78024  21.671  -10.041  51.031 0.0000000000
78977  24.121  -9.001  53.141 0.0000000000
78978  23.660  -8.944  53.164 0.0000000000
78979  23.360  -8.913  53.095 0.0000000000
78984  24.935  -9.181  51.989 0.0000000000
78985  24.441  -9.294  52.718 0.0000000000
78986  23.724  -9.484  53.087 0.0000000000
78987  22.892  -9.306  53.071 0.0000000000
78988  22.294  -9.771  53.015 0.0000000000
78997  24.998  -9.329  51.168 0.0000000000
78998  24.616  -9.763  51.930 0.0000000000
78999  22.425  -8.845  52.682 0.0000000000
79000  22.028  -9.321  52.494 0.0000000000
79011  24.893  -9.349  50.622 0.0000000000
79013  21.975  -8.702  50.887 0.0000000000
79014  21.830  -9.255  51.458 0.0000000000
79026  22.061  -8.366  50.353 0.0000000000
79027  21.893  -9.094  50.078 0.0000000000
79957  24.885  -8.291  53.147 0.0000000000
79958  24.324  -8.384  53.329 0.0000000000
79959  23.622  -8.342  53.179 0.0000000000
79960  23.193  -8.771  52.987 0.0000000000
79963  25.077  -8.649  52.492 0.0000000000
79964  24.548  -8.756  53.032 0.0000000000
79965  23.407  -7.948  52.944 0.0000000000
79966  22.944  -8.370  52.736 0.0000000000
79970  25.346  -8.709  51.456 0.0000000000
79971  22.132  -8.347  52.102 0.0000000000
79972  21.873  -8.898  51.935 0.0000000000
79979  25.138  -8.754  50.375 0.0000000000
79980  24.808  -9.326  50.327 0.0000000000
79981  22.113  -8.065  50.998 0.0000000000
79982  21.936  -8.664  51.500 0.0000000000
79994  24.974  -8.320  49.167 0.0000000000
79995  24.635  -9.214  49.705 0.0000000000
79996  22.141  -7.810  50.205 0.0000000000
79997  22.005  -8.095  49.661 0.0000000000
80009  24.850  -8.087  47.981 0.0000000000
80026  24.840  -8.018  47.264 0.0000000000
80888  26.814  -6.737  55.377 0.0000000000
80889  26.597  -6.855  55.353 0.0000000000
80893  27.182  -7.035  55.112 0.0000000000
80894  26.334  -7.037  55.028 0.0000000000
80895  25.590  -7.084  54.577 0.0000000000
80896  24.998  -7.128  54.182 0.0000000000
80899  26.943  -7.022  54.797 0.0000000000
80900  26.344  -7.237  54.233 0.0000000000
80901  25.228  -7.654  53.740 0.0000000000
80902  24.337  -7.567  53.723 0.0000000000
80903  23.651  -7.511  53.298 0.0000000000
80907  26.178  -7.475  53.238 0.0000000000
80908  25.509  -7.937  52.821 0.0000000000
80909  23.207  -7.410  52.648 0.0000000000
80910  22.631  -7.693  52.254 0.0000000000
80914  26.284  -7.553  52.222 0.0000000000
80915  25.712  -8.058  51.843 0.0000000000
80916  22.819  -7.060  52.061 0.0000000000
80917  22.416  -7.295  51.468 0.0000000000
80921  26.320  -7.466  51.199 0.0000000000
80922  25.709  -7.980  50.807 0.0000000000
80923  22.226  -7.197  50.458 0.0000000000
80928  26.237  -7.246  50.202 0.0000000000
80929  25.574  -7.731  49.749 0.0000000000
80930  21.968  -7.290  49.695 0.0000000000
80931  21.610  -7.539  49.067 0.0000000000
80936  26.143  -7.043  49.304 0.0000000000
80937  25.617  -7.354  48.524 0.0000000000
80949  25.473  -7.378  47.197 0.0000000000
80950  24.890  -7.947  46.758 0.0000000000
80961  25.250  -7.441  45.996 0.0000000000
80973  25.328  -7.379  44.862 0.0000000000
80984  25.359  -7.383  43.882 0.0000000000
80994  25.316  -7.385  42.976 0.0000000000
81028  26.152  -7.281  40.080 0.0000000000
81039  27.117  -7.623  38.828 0.0000000000
81055  28.497  -7.601  38.018 0.0000000000
81056  27.571  -7.260  38.282 0.0000000000
81057  26.919  -7.112  38.735 0.0000000000
81070  29.980  -7.038  37.622 0.0000000000
81071  29.034  -7.005  37.548 0.0000000000
81072  28.234  -6.889  37.708 0.0000000000
81813  27.698  -6.028  55.223 0.0000000000
81814  27.118  -6.340  55.405 0.0000000000
81815  26.469  -6.411  55.492 0.0000000000
81816  25.826  -6.184  55.548 0.0000000000
81821  28.040  -5.960  54.882 0.0000000000
81822  27.539  -6.579  54.951 0.0000000000
81823  26.187  -6.671  55.391 0.0000000000
81824  25.669  -6.531  55.114 0.0000000000
81825  25.188  -6.771  54.605 0.0000000000
81829  28.095  -6.133  54.328 0.0000000000
81830  27.369  -6.786  54.099 0.0000000000
81831  26.876  -7.128  53.484 0.0000000000
81832  25.157  -6.396  54.648 0.0000000000
81833  24.634  -6.662  54.138 0.0000000000
81834  24.049  -6.987  53.644 0.0000000000
81839  28.120  -6.176  53.435 0.0000000000
81840  27.478  -6.636  53.026 0.0000000000
81841  26.919  -7.126  52.601 0.0000000000
81842  24.164  -6.396  53.576 0.0000000000
81843  23.664  -6.612  53.044 0.0000000000
81848  28.206  -6.131  52.433 0.0000000000
81849  27.565  -6.574  52.009 0.0000000000
81850  26.979  -7.058  51.589 0.0000000000
81851  23.213  -6.477  52.258 0.0000000000
81852  22.865  -6.411  51.561 0.0000000000
81856  28.273  -6.080  51.432 0.0000000000
81857  27.649  -6.493  51.000 0.0000000000
81858  26.940  -6.814  50.579 0.0000000000
81859  22.502  -6.313  50.714 0.0000000000
81863  28.271  -6.013  50.552 0.0000000000
81864  27.735  -6.189  49.926 0.0000000000
81865  26.825  -6.530  49.567 0.0000000000
81866  22.109  -6.405  49.789 0.0000000000
81867  21.534  -6.714  49.241 0.0000000000
81871  28.313  -5.739  48.590 0.0000000000
81872  27.677  -5.945  48.832 0.0000000000
81873  26.620  -6.505  48.443 0.0000000000
81874  26.080  -6.771  47.717 0.0000000000
81875  21.019  -6.990  48.710 0.0000000000
81880  28.346  -5.777  48.037 0.0000000000
81881  27.560  -6.017  47.746 0.0000000000
81882  26.809  -6.354  47.358 0.0000000000
81883  26.235  -6.690  47.005 0.0000000000
81886  28.411  -5.784  47.084 0.0000000000
81887  27.622  -6.018  46.751 0.0000000000
81888  26.827  -6.263  46.452 0.0000000000
81889  26.037  -6.727  46.255 0.0000000000
81896  28.456  -5.835  46.099 0.0000000000
81897  27.687  -6.104  45.798 0.0000000000
81898  26.843  -6.370  45.525 0.0000000000
81899  25.961  -6.731  45.260 0.0000000000
81906  28.439  -5.985  45.254 0.0000000000
81907  27.774  -6.182  44.795 0.0000000000
81908  26.819  -6.421  44.597 0.0000000000
81909  25.999  -6.802  44.269 0.0000000000
81916  27.461  -6.090  44.099 0.0000000000
81917  26.819  -6.327  43.622 0.0000000000
81918  25.930  -6.818  43.331 0.0000000000
81925  26.538  -6.382  42.748 0.0000000000
81926  25.817  -6.873  42.445 0.0000000000
81935  26.311  -6.359  41.845 0.0000000000
81936  25.828  -7.089  41.626 0.0000000000
81948  26.187  -6.750  40.792 0.0000000000
81958  26.417  -6.658  39.770 0.0000000000
81972  27.084  -6.479  38.506 0.0000000000
81973  26.654  -6.635  39.033 0.0000000000
81986  30.442  -6.296  37.349 0.0000000000
81987  29.520  -6.238  37.268 0.0000000000
81988  28.619  -6.184  37.461 0.0000000000
81989  27.705  -6.176  37.882 0.0000000000
82743  28.133  -5.428  55.082 0.0000000000
82744  27.510  -5.531  55.343 0.0000000000
82745  26.643  -5.716  55.438 0.0000000000
82746  26.213  -6.056  55.478 0.0000000000
82755  29.316  -5.180  54.020 0.0000000000
82756  28.663  -5.394  54.575 0.0000000000
82757  26.270  -5.475  55.130 0.0000000000
82758  26.021  -5.948  55.277 0.0000000000
82763  29.491  -5.301  53.269 0.0000000000
82764  28.738  -5.622  53.756 0.0000000000
82765  26.224  -5.218  54.814 0.0000000000
82766  25.596  -5.636  54.605 0.0000000000
82767  24.958  -6.101  54.326 0.0000000000
82772  29.718  -5.417  52.368 0.0000000000
82773  28.863  -5.688  52.850 0.0000000000
82774  25.368  -5.220  53.999 0.0000000000
82775  24.727  -5.590  53.535 0.0000000000
82776  24.009  -6.005  53.174 0.0000000000
82782  30.739  -5.093  50.438 0.0000000000
82783  30.050  -5.419  51.282 0.0000000000
82784  29.013  -5.712  51.853 0.0000000000
82785  24.447  -5.018  52.676 0.0000000000
82786  23.794  -5.465  52.283 0.0000000000
82787  23.211  -5.921  51.802 0.0000000000
82791  30.649  -5.003  49.433 0.0000000000
82792  29.872  -5.477  50.086 0.0000000000
82793  29.022  -5.705  50.799 0.0000000000
82794  23.549  -4.856  51.467 0.0000000000
82795  23.062  -5.344  51.130 0.0000000000
82796  19.319  -5.263  49.927 0.0000000000
82801  30.444  -4.910  48.393 0.0000000000
82802  29.791  -5.420  49.006 0.0000000000
82803  28.751  -5.741  49.646 0.0000000000
82804  28.100  -5.856  49.345 0.0000000000
82805  22.361  -5.268  50.018 0.0000000000
82806  21.425  -5.691  49.263 0.0000000000
82807  20.456  -5.519  49.116 0.0000000000
82812  30.338  -4.880  47.426 0.0000000000
82813  29.855  -5.401  47.967 0.0000000000
82814  28.950  -5.664  48.528 0.0000000000
82815  28.335  -5.734  48.985 0.0000000000
82816  21.194  -6.387  48.960 0.0000000000
82817  20.733  -6.228  48.852 0.0000000000
82821  30.229  -4.792  46.559 0.0000000000
82822  29.894  -5.310  46.933 0.0000000000
82823  29.148  -5.604  47.489 0.0000000000
82826  30.148  -4.666  46.078 0.0000000000
82827  29.897  -5.098  45.792 0.0000000000
82828  29.211  -5.544  46.451 0.0000000000
82834  29.432  -5.115  44.682 0.0000000000
82835  29.120  -5.594  45.400 0.0000000000
82841  29.196  -4.945  43.796 0.0000000000
82842  28.672  -5.609  44.275 0.0000000000
82843  27.971  -5.883  44.125 0.0000000000
82850  29.150  -4.746  43.317 0.0000000000
82851  28.803  -5.083  42.999 0.0000000000
82852  27.848  -5.786  43.316 0.0000000000
82853  27.120  -6.062  42.987 0.0000000000
82861  28.579  -4.953  42.287 0.0000000000
82862  28.193  -5.323  42.308 0.0000000000
82863  27.212  -5.780  42.268 0.0000000000
82870  28.327  -4.889  41.804 0.0000000000
82871  27.701  -5.186  41.409 0.0000000000
82872  26.798  -5.768  41.182 0.0000000000
82881  27.267  -5.255  40.551 0.0000000000
82882  26.656  -5.902  40.188 0.0000000000
82892  27.098  -5.296  39.637 0.0000000000
82893  26.685  -5.986  39.302 0.0000000000
82906  27.169  -5.566  38.608 0.0000000000
82907  26.806  -6.144  38.807 0.0000000000
82919  30.894  -5.515  37.216 0.0000000000
82920  29.962  -5.439  37.070 0.0000000000
82921  29.146  -5.303  37.256 0.0000000000
82922  28.285  -5.439  37.679 0.0000000000
82923  27.760  -5.403  38.017 0.0000000000
82930  29.611  -5.099  37.142 0.0000000000
82931  29.407  -4.978  37.186 0.0000000000
83710  28.171  -4.773  55.268 0.0000000000
83711  27.331  -4.736  55.301 0.0000000000
83712  26.670  -5.222  55.311 0.0000000000
83728  28.814  -4.852  55.177 0.0000000000
83729  26.954  -4.218  55.005 0.0000000000
83730  26.593  -4.918  55.072 0.0000000000
83741  29.987  -4.849  53.738 0.0000000000
83742  26.841  -3.997  54.677 0.0000000000
83743  26.296  -4.530  54.395 0.0000000000
83744  25.699  -5.022  54.154 0.0000000000
83754  30.984  -4.737  52.471 0.0000000000
83755  30.279  -5.058  52.890 0.0000000000
83756  26.109  -4.130  53.766 0.0000000000
83757  25.582  -4.558  53.581 0.0000000000
83758  24.968  -4.545  52.742 0.0000000000
83759  19.264  -4.382  52.111 0.0000000000
83769  31.567  -3.957  50.937 0.0000000000
83770  31.127  -4.650  51.408 0.0000000000
83771  30.565  -5.244  52.084 0.0000000000
83772  24.376  -4.478  52.163 0.0000000000
83773  23.893  -4.388  51.598 0.0000000000
83774  19.385  -4.506  51.221 0.0000000000
83784  31.635  -3.807  50.468 0.0000000000
83785  31.355  -4.297  50.052 0.0000000000
83786  23.443  -4.304  51.004 0.0000000000
83787  22.792  -4.352  50.481 0.0000000000
83788  21.145  -4.156  49.895 0.0000000000
83789  20.509  -4.222  50.066 0.0000000000
83790  19.697  -4.507  50.423 0.0000000000
83791  19.069  -5.141  50.744 0.0000000000
83801  30.919  -4.211  48.812 0.0000000000
83802  22.234  -4.302  50.025 0.0000000000
83803  21.659  -4.545  49.699 0.0000000000
83804  20.876  -4.746  49.444 0.0000000000
83805  20.026  -4.900  49.595 0.0000000000
83814  30.496  -4.235  47.814 0.0000000000
83823  30.329  -4.330  46.958 0.0000000000
83831  30.208  -4.327  46.310 0.0000000000
83832  29.949  -4.445  45.696 0.0000000000
83842  29.611  -4.643  44.916 0.0000000000
83851  29.339  -4.658  44.145 0.0000000000
83860  29.208  -4.538  43.559 0.0000000000
83861  28.956  -4.471  42.971 0.0000000000
83869  28.580  -4.489  42.113 0.0000000000
83877  27.986  -4.396  41.048 0.0000000000
83878  27.659  -4.842  40.793 0.0000000000
83887  27.866  -4.121  40.268 0.0000000000
83888  27.595  -4.619  40.146 0.0000000000
83899  27.896  -4.044  39.604 0.0000000000
83900  27.533  -4.691  39.130 0.0000000000
83913  28.086  -4.111  38.676 0.0000000000
83914  27.840  -4.884  38.328 0.0000000000
83926  31.342  -4.638  37.260 0.0000000000
83927  30.316  -4.604  37.077 0.0000000000
83928  29.466  -4.560  37.247 0.0000000000
83929  28.522  -4.533  37.774 0.0000000000
83930  28.087  -5.062  37.928 0.0000000000
83941  29.804  -4.920  37.095 0.0000000000
83942  29.615  -4.856  37.168 0.0000000000
84681  27.649  -3.579  55.255 0.0000000000
84694  27.169  -3.505  54.878 0.0000000000
84700  26.809  -3.597  54.402 0.0000000000
84701  26.446  -3.659  53.863 0.0000000000
84706  26.008  -3.665  53.389 0.0000000000
84707  25.493  -3.670  52.795 0.0000000000
84708  24.772  -3.669  52.240 0.0000000000
84709  20.233  -3.073  52.119 0.0000000000
84710  19.758  -3.469  52.412 0.0000000000
84714  24.252  -3.783  51.751 0.0000000000
84715  23.748  -3.546  51.328 0.0000000000
84716  20.927  -3.066  51.087 0.0000000000
84717  20.490  -3.205  51.499 0.0000000000
84718  19.797  -3.907  51.497 0.0000000000
84721  31.560  -3.554  50.104 0.0000000000
84722  23.116  -3.466  50.765 0.0000000000
84723  22.261  -3.570  50.410 0.0000000000
84724  21.191  -3.466  50.563 0.0000000000
84725  20.213  -3.857  50.802 0.0000000000
84726  19.760  -4.170  50.973 0.0000000000
84730  31.139  -3.372  49.347 0.0000000000
84731  21.794  -3.918  50.034 0.0000000000
84732  21.460  -3.982  49.979 0.0000000000
84735  30.299  -3.400  48.260 0.0000000000
84736  29.717  -3.025  48.063 0.0000000000
84740  30.195  -3.765  47.153 0.0000000000
84741  29.406  -3.229  47.340 0.0000000000
84742  28.279  -3.057  47.156 0.0000000000
84743  27.687  -2.889  47.141 0.0000000000
84747  30.224  -4.007  46.607 0.0000000000
84748  29.731  -3.810  46.172 0.0000000000
84749  28.656  -3.367  46.296 0.0000000000
84750  27.502  -3.010  46.480 0.0000000000
84751  26.797  -2.831  46.284 0.0000000000
84755  29.441  -4.173  45.081 0.0000000000
84756  28.825  -3.740  45.292 0.0000000000
84757  27.847  -3.352  45.472 0.0000000000
84758  26.697  -2.993  45.628 0.0000000000
84759  26.048  -2.828  45.276 0.0000000000
84766  29.291  -4.332  44.239 0.0000000000
84767  28.896  -3.896  44.305 0.0000000000
84768  28.064  -3.583  44.504 0.0000000000
84769  27.095  -3.369  44.724 0.0000000000
84770  26.250  -3.057  44.768 0.0000000000
84779  29.259  -4.396  43.801 0.0000000000
84780  28.959  -4.034  43.383 0.0000000000
84781  28.178  -3.657  43.573 0.0000000000
84782  27.199  -3.453  43.773 0.0000000000
84783  26.528  -3.267  44.155 0.0000000000
84793  28.608  -3.889  42.359 0.0000000000
84794  28.003  -3.533  42.620 0.0000000000
84795  27.494  -3.392  43.056 0.0000000000
84804  28.169  -3.654  41.411 0.0000000000
84805  28.016  -3.390  41.903 0.0000000000
84813  28.007  -3.531  40.292 0.0000000000
84821  28.253  -3.330  39.227 0.0000000000
84833  29.297  -3.115  37.777 0.0000000000
84834  28.705  -3.385  38.266 0.0000000000
84845  32.533  -3.678  37.836 0.0000000000
84846  31.739  -3.761  37.451 0.0000000000
84847  30.867  -3.684  37.168 0.0000000000
84848  29.883  -3.555  37.354 0.0000000000
84849  29.124  -3.797  37.598 0.0000000000
85584  27.460  -2.574  55.200 0.0000000000
85585  26.996  -2.482  54.714 0.0000000000
85586  21.536  -1.782  54.549 0.0000000000
85587  20.749  -1.996  54.629 0.0000000000
85597  27.063  -2.979  54.657 0.0000000000
85598  26.735  -2.791  54.078 0.0000000000
85599  26.283  -2.570  53.611 0.0000000000
85600  23.772  -1.858  53.543 0.0000000000
85601  23.117  -1.926  53.469 0.0000000000
85602  21.925  -1.968  53.733 0.0000000000
85603  20.810  -2.398  53.337 0.0000000000
85604  20.012  -2.810  52.978 0.0000000000
85608  26.320  -3.088  53.547 0.0000000000
85609  25.874  -2.840  53.184 0.0000000000
85610  25.036  -2.696  52.658 0.0000000000
85611  23.974  -2.130  52.720 0.0000000000
85612  22.702  -2.228  52.505 0.0000000000
85613  21.581  -2.398  52.417 0.0000000000
85614  20.654  -2.785  52.220 0.0000000000
85615  20.135  -2.995  52.414 0.0000000000
85619  24.237  -2.981  51.897 0.0000000000
85620  23.297  -2.665  51.500 0.0000000000
85621  22.216  -2.589  51.531 0.0000000000
85622  21.211  -2.835  51.377 0.0000000000
85623  20.770  -2.890  51.675 0.0000000000
85627  22.590  -2.930  50.891 0.0000000000
85628  21.821  -3.010  50.888 0.0000000000
85629  21.400  -3.052  50.906 0.0000000000
85635  30.456  -2.855  49.063 0.0000000000
85636  29.697  -2.634  48.716 0.0000000000
85637  28.980  -2.420  48.443 0.0000000000
85638  28.274  -2.245  48.366 0.0000000000
85641  29.317  -2.825  48.058 0.0000000000
85642  28.679  -2.724  47.834 0.0000000000
85643  27.693  -2.464  47.763 0.0000000000
85644  26.835  -2.246  47.545 0.0000000000
85645  26.162  -1.974  47.257 0.0000000000
85650  27.266  -2.698  47.151 0.0000000000
85651  26.646  -2.563  46.805 0.0000000000
85652  25.740  -2.163  46.596 0.0000000000
85653  25.144  -1.988  46.135 0.0000000000
85657  26.318  -2.648  46.222 0.0000000000
85658  25.731  -2.541  45.767 0.0000000000
85659  24.784  -2.172  45.464 0.0000000000
85660  24.152  -1.987  44.955 0.0000000000
85672  25.508  -2.738  44.953 0.0000000000
85673  24.719  -2.479  44.498 0.0000000000
85674  23.882  -2.083  44.207 0.0000000000
85686  26.490  -3.204  43.658 0.0000000000
85687  25.704  -2.923  43.879 0.0000000000
85688  24.557  -2.430  43.505 0.0000000000
85689  23.758  -2.008  43.284 0.0000000000
85700  27.358  -3.170  42.567 0.0000000000
85701  26.579  -3.006  42.912 0.0000000000
85702  25.291  -2.521  42.777 0.0000000000
85703  24.242  -2.011  42.537 0.0000000000
85704  23.669  -1.839  42.749 0.0000000000
85712  27.864  -3.097  41.468 0.0000000000
85713  27.264  -2.648  41.816 0.0000000000
85714  25.954  -2.234  42.090 0.0000000000
85715  24.934  -1.921  42.051 0.0000000000
85716  24.391  -1.756  41.967 0.0000000000
85722  27.813  -2.678  40.836 0.0000000000
85723  27.385  -2.190  41.123 0.0000000000
85729  33.142  -2.173  38.946 0.0000000000
85730  28.248  -2.578  39.819 0.0000000000
85738  32.600  -2.595  38.218 0.0000000000
85739  31.750  -2.462  37.780 0.0000000000
85740  29.110  -2.433  38.156 0.0000000000
85741  28.611  -2.490  38.901 0.0000000000
85749  32.057  -3.046  37.606 0.0000000000
85750  31.336  -2.960  37.439 0.0000000000
85751  30.511  -2.807  37.466 0.0000000000
85752  29.777  -2.508  37.706 0.0000000000
86448  24.660  -0.697  57.032 0.0000000000
86449  24.085  -0.655  57.126 0.0000000000
86450  22.066  -1.008  56.192 0.0000000000
86463  26.752  -1.375  56.076 0.0000000000
86464  25.847  -1.161  56.063 0.0000000000
86465  24.866  -1.134  56.114 0.0000000000
86466  23.745  -1.047  56.290 0.0000000000
86467  22.605  -1.202  55.834 0.0000000000
86468  21.720  -1.341  55.645 0.0000000000
86478  27.414  -2.035  55.433 0.0000000000
86479  26.992  -1.934  55.100 0.0000000000
86480  26.149  -1.532  55.014 0.0000000000
86481  25.177  -1.428  55.016 0.0000000000
86482  24.157  -1.438  55.099 0.0000000000
86483  23.167  -1.555  55.106 0.0000000000
86484  22.155  -1.609  54.867 0.0000000000
86485  21.365  -1.621  55.053 0.0000000000
86494  26.778  -2.264  54.468 0.0000000000
86495  26.397  -1.964  54.013 0.0000000000
86496  25.493  -1.701  54.016 0.0000000000
86497  24.445  -1.717  53.930 0.0000000000
86498  23.562  -1.735  54.222 0.0000000000
86499  22.783  -1.774  54.266 0.0000000000
86504  26.062  -2.345  53.485 0.0000000000
86505  25.662  -2.179  53.354 0.0000000000
86506  24.951  -1.939  53.210 0.0000000000
86525  27.056  -1.956  48.070 0.0000000000
86526  26.411  -1.389  47.988 0.0000000000
86527  25.379  -1.251  47.124 0.0000000000
86528  24.768  -0.799  46.880 0.0000000000
86537  25.171  -1.662  46.519 0.0000000000
86538  24.435  -1.238  46.220 0.0000000000
86539  23.679  -0.711  45.913 0.0000000000
86551  24.178  -1.678  45.437 0.0000000000
86552  23.420  -1.227  45.068 0.0000000000
86553  22.872  -0.684  44.642 0.0000000000
86565  23.225  -1.593  43.830 0.0000000000
86566  22.796  -0.939  44.126 0.0000000000
86574  23.255  -1.625  42.954 0.0000000000
86575  22.785  -1.115  43.243 0.0000000000
86584  23.996  -1.662  41.893 0.0000000000
86585  23.516  -1.572  42.264 0.0000000000
86586  22.928  -1.208  42.417 0.0000000000
86593  27.093  -1.502  41.195 0.0000000000
86594  26.339  -1.577  41.497 0.0000000000
86595  25.390  -1.512  41.565 0.0000000000
86596  24.435  -1.389  41.414 0.0000000000
86597  23.546  -1.245  41.464 0.0000000000
86598  23.136  -1.253  41.913 0.0000000000
86603  33.094  -0.905  40.319 0.0000000000
86604  27.951  -1.777  40.225 0.0000000000
86605  27.509  -1.835  40.761 0.0000000000
86606  24.172  -1.071  40.959 0.0000000000
86607  23.941  -1.180  41.103 0.0000000000
86615  28.456  -1.697  39.476 0.0000000000
86628  32.571  -1.588  38.795 0.0000000000
86629  31.679  -1.650  38.196 0.0000000000
86630  30.619  -1.430  37.954 0.0000000000
86631  29.674  -1.672  38.009 0.0000000000
86632  28.897  -1.634  38.660 0.0000000000
86649  31.040  -2.158  37.599 0.0000000000
86650  30.227  -2.069  37.674 0.0000000000
86651  29.869  -2.055  37.749 0.0000000000
87406  23.446  -0.476  57.340 0.0000000000
87419  22.897  -0.799  56.515 0.0000000000
87420  22.443  -0.901  56.347 0.0000000000
87471  25.757  -0.297  47.894 0.0000000000
87472  24.872  -0.198  47.330 0.0000000000
87473  24.250  0.144  47.086 0.0000000000
87482  24.391  -0.462  46.841 0.0000000000
87483  23.753  -0.052  46.531 0.0000000000
87493  23.258  -0.160  45.705 0.0000000000
87494  22.864  -0.208  44.990 0.0000000000
87503  22.640  -0.200  44.283 0.0000000000
87511  22.511  -0.369  43.498 0.0000000000
87520  22.563  -0.536  42.613 0.0000000000
87533  32.859  0.154  41.647 0.0000000000
87534  27.255  -0.604  41.176 0.0000000000
87535  26.724  -0.611  41.319 0.0000000000
87536  25.748  -0.693  41.086 0.0000000000
87537  25.045  -1.120  41.189 0.0000000000
87538  23.212  -0.832  41.097 0.0000000000
87539  22.816  -0.696  41.628 0.0000000000
87552  32.928  -0.308  41.039 0.0000000000
87553  28.184  -0.942  39.993 0.0000000000
87554  27.544  -0.966  40.629 0.0000000000
87555  25.390  -0.240  40.389 0.0000000000
87556  24.674  -0.780  40.680 0.0000000000
87557  23.708  -0.819  40.714 0.0000000000
87558  22.943  -0.370  40.676 0.0000000000
87569  32.380  -0.443  39.849 0.0000000000
87570  31.375  -0.147  39.292 0.0000000000
87571  30.406  -0.177  39.141 0.0000000000
87572  29.544  -0.431  39.213 0.0000000000
87573  28.789  -0.852  39.357 0.0000000000
87574  25.372  -0.003  39.891 0.0000000000
87575  24.904  -0.228  39.882 0.0000000000
87576  24.094  -0.397  39.955 0.0000000000
87577  23.349  -0.231  40.073 0.0000000000
87592  32.551  -1.062  39.266 0.0000000000
87593  31.999  -0.841  38.882 0.0000000000
87594  31.055  -0.709  38.505 0.0000000000
87595  30.068  -0.787  38.451 0.0000000000
87596  29.334  -1.002  38.651 0.0000000000
88418  25.258  0.726  47.747 0.0000000000
88419  24.555  0.814  47.340 0.0000000000
88420  23.943  0.801  47.008 0.0000000000
88428  23.637  0.913  46.599 0.0000000000
88440  23.332  0.791  46.074 0.0000000000
88441  22.934  0.681  45.350 0.0000000000
88455  22.649  0.592  44.601 0.0000000000
88467  22.440  0.567  43.756 0.0000000000
88468  22.299  0.980  43.114 0.0000000000
88481  22.300  0.250  42.909 0.0000000000
88482  22.223  0.937  42.421 0.0000000000
88491  32.305  0.551  41.596 0.0000000000
88492  31.439  0.898  41.440 0.0000000000
88493  28.747  1.098  41.372 0.0000000000
88494  28.232  0.857  41.175 0.0000000000
88495  27.406  0.265  41.219 0.0000000000
88496  26.535  0.335  41.087 0.0000000000
88497  25.943  0.047  40.645 0.0000000000
88498  22.342  0.144  42.018 0.0000000000
88499  22.131  0.944  41.565 0.0000000000
88504  31.973  0.383  40.729 0.0000000000
88505  30.943  0.794  40.714 0.0000000000
88506  30.027  0.713  40.567 0.0000000000
88507  29.066  0.678  40.758 0.0000000000
88508  28.096  -0.049  40.528 0.0000000000
88509  27.539  -0.312  40.963 0.0000000000
88510  26.284  0.642  40.320 0.0000000000
88511  25.788  0.189  40.025 0.0000000000
88512  22.446  0.240  41.036 0.0000000000
88513  22.038  1.023  40.652 0.0000000000
88517  31.509  0.283  40.029 0.0000000000
88518  30.673  0.376  39.870 0.0000000000
88519  29.764  0.218  39.881 0.0000000000
88520  28.950  -0.127  39.939 0.0000000000
88521  28.519  -0.492  39.977 0.0000000000
88522  26.026  0.668  39.678 0.0000000000
88523  25.300  0.449  39.419 0.0000000000
88524  24.431  0.098  39.355 0.0000000000
88525  23.584  0.072  39.404 0.0000000000
88526  22.565  0.552  39.752 0.0000000000
88527  21.974  1.197  40.032 0.0000000000
88535  24.647  0.577  38.845 0.0000000000
88536  24.006  0.363  38.865 0.0000000000
88537  23.280  0.553  38.793 0.0000000000
88538  22.667  0.974  38.796 0.0000000000
89423  24.947  1.709  47.574 0.0000000000
89424  24.142  1.796  47.094 0.0000000000
89425  23.793  1.320  46.813 0.0000000000
89430  23.891  2.307  46.693 0.0000000000
89431  23.584  1.780  46.409 0.0000000000
89440  23.070  1.650  45.654 0.0000000000
89441  22.685  1.497  44.915 0.0000000000
89451  22.506  1.296  44.243 0.0000000000
89460  22.342  1.540  43.616 0.0000000000
89461  22.222  1.682  42.866 0.0000000000
89469  29.675  1.958  42.214 0.0000000000
89470  29.011  1.978  41.952 0.0000000000
89471  22.108  1.733  42.072 0.0000000000
89475  30.196  1.441  41.884 0.0000000000
89476  29.333  1.343  41.566 0.0000000000
89477  28.495  1.589  41.579 0.0000000000
89478  27.780  1.387  41.246 0.0000000000
89479  27.194  0.985  41.057 0.0000000000
89480  21.913  1.767  41.232 0.0000000000
89485  30.718  1.075  41.496 0.0000000000
89486  30.129  1.071  41.220 0.0000000000
89487  29.621  0.972  41.039 0.0000000000
89488  27.364  1.580  40.949 0.0000000000
89489  26.834  1.289  40.644 0.0000000000
89490  21.726  1.766  40.383 0.0000000000
89494  26.407  1.382  39.689 0.0000000000
89495  25.893  1.012  39.187 0.0000000000
89496  22.334  1.210  39.084 0.0000000000
89497  21.843  1.646  39.423 0.0000000000
89505  26.090  1.558  38.896 0.0000000000
89506  25.317  1.240  38.502 0.0000000000
89507  24.104  0.912  38.281 0.0000000000
89508  23.064  1.073  38.119 0.0000000000
89509  22.246  1.682  38.381 0.0000000000
89510  21.728  2.075  38.787 0.0000000000
89520  24.640  1.582  37.786 0.0000000000
89521  23.714  1.559  37.649 0.0000000000
89522  22.820  1.699  37.618 0.0000000000
89523  22.407  1.994  37.762 0.0000000000
90366  22.842  2.479  45.168 0.0000000000
90377  22.461  2.325  44.301 0.0000000000
90386  22.275  2.444  43.370 0.0000000000
90387  22.146  2.516  42.597 0.0000000000
90395  29.305  2.579  42.179 0.0000000000
90396  21.908  2.605  41.809 0.0000000000
90400  28.580  2.468  41.649 0.0000000000
90401  28.054  1.979  41.512 0.0000000000
90402  21.646  2.617  40.948 0.0000000000
90407  28.408  2.881  41.197 0.0000000000
90408  27.797  2.367  40.859 0.0000000000
90409  27.250  1.823  40.697 0.0000000000
90410  21.441  2.576  40.044 0.0000000000
90415  27.393  2.731  39.779 0.0000000000
90416  27.003  2.051  40.145 0.0000000000
90417  21.427  2.579  39.154 0.0000000000
90427  27.324  2.969  39.139 0.0000000000
90428  26.691  2.375  38.796 0.0000000000
90429  25.981  1.833  38.400 0.0000000000
90430  22.089  2.270  37.810 0.0000000000
90431  21.612  2.557  38.290 0.0000000000
90443  26.420  2.662  37.898 0.0000000000
90444  25.614  2.292  37.580 0.0000000000
90445  24.339  2.108  37.187 0.0000000000
90446  23.337  2.099  37.072 0.0000000000
90447  22.476  2.338  37.265 0.0000000000
90448  21.744  2.821  37.412 0.0000000000
90458  25.369  2.799  36.841 0.0000000000
90459  24.810  2.650  36.695 0.0000000000
90460  23.841  2.578  36.541 0.0000000000
90461  22.886  2.644  36.547 0.0000000000
90462  22.131  2.940  36.780 0.0000000000
91303  29.089  3.069  41.937 0.0000000000
91311  28.824  3.202  41.427 0.0000000000
91318  29.183  3.654  41.125 0.0000000000
91319  28.548  3.418  40.656 0.0000000000
91320  27.918  3.139  40.131 0.0000000000
91321  21.425  3.527  40.649 0.0000000000
91328  28.313  3.624  39.747 0.0000000000
91329  27.737  3.304  39.412 0.0000000000
91330  21.224  3.527  39.703 0.0000000000
91331  20.994  3.955  39.217 0.0000000000
91342  28.108  3.740  39.048 0.0000000000
91343  27.474  3.381  38.505 0.0000000000
91344  26.824  3.002  38.012 0.0000000000
91345  21.165  3.311  38.789 0.0000000000
91346  20.812  3.993  38.548 0.0000000000
91358  27.130  3.426  37.516 0.0000000000
91359  26.348  3.085  37.323 0.0000000000
91360  25.731  2.982  36.901 0.0000000000
91361  21.171  3.382  37.875 0.0000000000
91362  20.729  4.106  37.666 0.0000000000
91371  26.726  3.542  36.704 0.0000000000
91372  26.000  3.389  36.536 0.0000000000
91373  25.240  3.228  36.239 0.0000000000
91374  24.276  3.072  36.058 0.0000000000
91375  23.324  3.085  35.986 0.0000000000
91376  22.381  3.322  36.184 0.0000000000
91377  21.328  3.748  36.703 0.0000000000
91378  20.735  4.319  37.088 0.0000000000
91389  24.575  3.455  35.582 0.0000000000
91390  23.744  3.493  35.475 0.0000000000
91391  22.810  3.688  35.522 0.0000000000
91392  21.931  3.974  35.823 0.0000000000
91393  21.476  4.183  36.094 0.0000000000
92152  29.433  4.101  40.484 0.0000000000
92153  28.888  3.917  39.932 0.0000000000
92166  28.763  3.980  39.192 0.0000000000
92167  21.068  4.292  39.712 0.0000000000
92168  20.786  4.672  39.300 0.0000000000
92180  28.427  3.994  38.266 0.0000000000
92181  27.778  3.755  37.672 0.0000000000
92182  20.501  4.723  38.390 0.0000000000
92199  28.317  4.095  37.159 0.0000000000
92200  27.517  3.774  36.868 0.0000000000
92201  20.453  4.786  37.517 0.0000000000
92216  27.937  4.151  36.166 0.0000000000
92217  27.047  3.880  36.020 0.0000000000
92218  26.207  3.729  35.975 0.0000000000
92219  25.709  3.545  36.015 0.0000000000
92220  21.215  4.419  36.227 0.0000000000
92221  20.742  4.782  36.614 0.0000000000
92234  27.352  4.317  35.304 0.0000000000
92235  26.413  4.047  35.182 0.0000000000
92236  25.348  3.727  35.278 0.0000000000
92237  24.182  3.831  34.981 0.0000000000
92238  23.250  4.007  34.972 0.0000000000
92239  22.387  4.551  35.131 0.0000000000
92240  21.503  4.632  35.734 0.0000000000
92241  21.077  4.773  36.080 0.0000000000
92252  27.643  4.605  34.660 0.0000000000
92253  26.766  4.534  34.376 0.0000000000
92254  25.658  4.448  34.279 0.0000000000
92255  24.554  4.307  34.454 0.0000000000
92256  23.576  4.403  34.531 0.0000000000
92257  22.957  4.475  34.677 0.0000000000
92267  26.486  4.752  33.857 0.0000000000
92268  26.204  4.648  34.004 0.0000000000
93053  20.443  5.469  39.067 0.0000000000
93066  20.238  5.448  38.162 0.0000000000
93084  20.220  5.476  37.257 0.0000000000
93099  20.389  5.616  36.459 0.0000000000
93114  22.191  5.113  34.797 0.0000000000
93115  21.616  5.287  35.120 0.0000000000
93116  20.923  5.306  35.835 0.0000000000
93130  27.338  4.708  34.172 0.0000000000
93131  25.305  4.864  33.729 0.0000000000
93132  24.727  4.815  33.854 0.0000000000
93133  23.827  4.847  34.002 0.0000000000
93134  22.747  5.116  34.316 0.0000000000
93135  22.003  5.488  34.598 0.0000000000
93146  27.048  5.052  33.611 0.0000000000
93147  25.937  5.007  33.549 0.0000000000
93148  24.928  5.318  33.304 0.0000000000
93149  24.134  5.299  33.491 0.0000000000
93150  23.359  5.440  33.651 0.0000000000
93158  26.399  5.670  32.922 0.0000000000
93159  25.523  5.641  32.910 0.0000000000
93928  20.163  6.153  38.754 0.0000000000
93929  19.894  6.816  38.579 0.0000000000
93947  20.012  6.170  37.910 0.0000000000
93948  19.724  6.927  37.688 0.0000000000
93958  19.937  6.226  36.948 0.0000000000
93959  19.685  7.033  36.732 0.0000000000
93968  21.047  5.797  35.304 0.0000000000
93969  20.343  6.418  35.762 0.0000000000
93970  19.823  7.312  36.086 0.0000000000
93977  22.161  5.772  34.255 0.0000000000
93978  21.406  6.258  34.600 0.0000000000
93979  20.674  7.081  35.006 0.0000000000
93986  24.332  5.637  33.114 0.0000000000
93987  23.717  5.889  33.145 0.0000000000
93988  22.568  6.296  33.582 0.0000000000
93989  21.701  7.041  33.893 0.0000000000
93994  26.765  6.470  32.437 0.0000000000
93995  25.781  6.304  32.403 0.0000000000
93996  24.616  6.156  32.611 0.0000000000
93997  23.467  6.690  32.643 0.0000000000
93998  22.777  7.206  32.850 0.0000000000
94760  19.587  7.659  38.431 0.0000000000
94767  19.415  7.755  37.441 0.0000000000
94774  19.487  7.808  36.581 0.0000000000
94781  20.130  7.573  35.485 0.0000000000
94782  19.712  7.860  35.996 0.0000000000
94789  21.093  7.496  34.398 0.0000000000
94790  20.592  7.763  34.944 0.0000000000
94797  22.150  7.552  33.323 0.0000000000
94798  21.555  7.753  33.824 0.0000000000
94804  26.203  7.098  31.906 0.0000000000
94805  25.194  7.004  31.895 0.0000000000
94806  24.183  7.196  32.023 0.0000000000
94807  23.318  7.784  32.278 0.0000000000
94808  22.616  7.879  32.737 0.0000000000
94815  26.525  7.874  31.624 0.0000000000
94816  25.695  7.835  31.595 0.0000000000
94817  24.798  7.892  31.731 0.0000000000
94818  24.023  8.063  31.879 0.0000000000
94819  23.654  8.304  32.065 0.0000000000
95608  19.438  8.696  38.090 0.0000000000
95615  19.470  8.551  37.071 0.0000000000
95621  19.676  8.445  36.300 0.0000000000
95628  20.384  8.452  35.251 0.0000000000
95629  19.916  8.261  35.736 0.0000000000
95635  21.323  8.457  34.177 0.0000000000
95636  20.846  8.229  34.702 0.0000000000
95642  22.307  8.543  33.085 0.0000000000
95643  21.783  8.270  33.576 0.0000000000
95650  23.409  8.739  32.246 0.0000000000
95651  22.853  8.417  32.544 0.0000000000
95659  27.280  8.525  31.565 0.0000000000
95660  26.190  8.624  31.310 0.0000000000
95661  25.260  8.650  31.472 0.0000000000
95662  24.457  8.658  31.737 0.0000000000
95663  23.916  8.617  31.982 0.0000000000
96459  20.127  9.895  36.979 0.0000000000
96460  19.663  9.356  37.430 0.0000000000
96467  20.369  9.637  36.232 0.0000000000
96468  19.815  9.167  36.625 0.0000000000
96475  21.286  9.715  35.166 0.0000000000
96476  20.628  9.327  35.506 0.0000000000
96477  20.032  8.929  35.884 0.0000000000
96484  22.057  9.840  34.018 0.0000000000
96485  21.524  9.380  34.431 0.0000000000
96486  20.957  8.954  34.840 0.0000000000
96492  22.903  9.932  32.932 0.0000000000
96493  22.391  9.478  33.321 0.0000000000
96494  21.853  9.019  33.732 0.0000000000
96501  23.368  9.581  32.394 0.0000000000
96502  22.829  9.135  32.699 0.0000000000
96509  27.589  9.565  31.380 0.0000000000
96510  26.675  9.541  31.097 0.0000000000
96511  25.654  9.511  31.143 0.0000000000
96512  24.751  9.422  31.473 0.0000000000
96513  23.978  9.307  31.927 0.0000000000
97226  22.191  11.057  35.972 0.0000000000
97227  21.476  10.707  36.276 0.0000000000
97228  20.766  10.327  36.608 0.0000000000
97234  22.341  10.759  35.209 0.0000000000
97235  21.688  10.424  35.537 0.0000000000
97236  21.014  10.048  35.871 0.0000000000
97242  22.814  10.999  33.941 0.0000000000
97243  22.397  10.548  34.391 0.0000000000
97244  21.860  10.140  34.779 0.0000000000
97250  23.016  10.697  33.162 0.0000000000
97251  22.561  10.276  33.609 0.0000000000
97258  23.369  10.334  32.537 0.0000000000
97265  28.205  10.402  31.442 0.0000000000
97266  27.140  10.535  30.888 0.0000000000
97267  26.086  10.618  30.885 0.0000000000
97268  25.018  10.322  31.227 0.0000000000
97269  24.231  10.119  31.649 0.0000000000
97270  23.720  10.005  32.078 0.0000000000
97284  26.970  10.887  30.712 0.0000000000
97285  26.729  10.906  30.745 0.0000000000
97962  23.361  11.720  35.290 0.0000000000
97963  22.871  11.358  35.696 0.0000000000
97970  23.223  11.626  34.323 0.0000000000
97971  22.865  11.144  34.820 0.0000000000
97977  23.216  11.419  33.422 0.0000000000
97983  23.802  11.508  32.025 0.0000000000
97984  23.424  11.094  32.647 0.0000000000
97993  28.254  11.407  31.320 0.0000000000
97994  27.590  11.271  30.991 0.0000000000
97995  25.910  11.630  30.908 0.0000000000
97996  25.168  11.286  31.165 0.0000000000
97997  24.379  10.977  31.552 0.0000000000
97998  23.751  10.681  32.010 0.0000000000
98012  26.968  11.240  30.695 0.0000000000
98013  26.454  11.260  30.774 0.0000000000
98727  23.958  12.801  35.283 0.0000000000
98728  23.859  12.178  35.753 0.0000000000
98735  23.775  12.856  34.737 0.0000000000
98736  23.606  12.369  34.703 0.0000000000
98743  23.468  12.129  33.705 0.0000000000
98749  23.922  12.357  32.161 0.0000000000
98750  23.533  11.877  32.809 0.0000000000
98761  28.326  12.293  31.326 0.0000000000
98762  27.675  12.083  31.011 0.0000000000
98763  26.006  12.458  30.956 0.0000000000
98764  25.260  12.202  31.260 0.0000000000
98765  24.496  11.870  31.593 0.0000000000
98780  27.156  11.922  30.775 0.0000000000
98781  26.543  11.858  30.769 0.0000000000
99490  24.347  13.516  35.475 0.0000000000
99501  23.868  13.412  34.451 0.0000000000
99502  23.725  12.860  34.462 0.0000000000
99509  23.830  13.463  33.299 0.0000000000
99510  23.645  12.827  33.942 0.0000000000
99521  24.080  13.214  32.358 0.0000000000
99522  23.656  12.671  33.016 0.0000000000
99534  28.456  13.290  31.333 0.0000000000
99535  27.358  13.079  30.966 0.0000000000
99536  26.250  13.271  31.050 0.0000000000
99537  25.398  13.089  31.359 0.0000000000
99538  24.612  12.763  31.702 0.0000000000
99551  27.247  12.426  30.851 0.0000000000
99552  26.761  12.533  30.809 0.0000000000
100249  24.275  14.439  34.653 0.0000000000
100258  24.113  14.307  33.586 0.0000000000
100269  24.268  14.100  32.579 0.0000000000
100282  27.548  14.283  31.020 0.0000000000
100283  26.509  14.239  31.162 0.0000000000
100284  25.575  14.029  31.477 0.0000000000
100285  24.736  13.684  31.816 0.0000000000
100964  25.104  15.497  35.518 0.0000000000
100972  24.707  15.460  34.728 0.0000000000
100978  24.481  15.184  33.780 0.0000000000
100984  25.162  15.598  32.320 0.0000000000
100985  24.540  14.971  32.840 0.0000000000
100994  26.752  15.504  31.088 0.0000000000
100995  25.741  15.114  31.554 0.0000000000
100996  24.888  14.649  31.970 0.0000000000
101701  25.465  16.356  35.523 0.0000000000
101702  25.061  16.081  35.008 0.0000000000
101711  25.327  16.713  34.726 0.0000000000
101712  25.007  16.227  34.445 0.0000000000
101720  25.182  16.798  33.936 0.0000000000
101721  24.830  16.026  33.814 0.0000000000
101727  25.267  16.547  32.917 0.0000000000
101728  24.810  15.696  33.108 0.0000000000
101735  25.962  16.441  31.772 0.0000000000
102384  25.726  17.189  35.124 0.0000000000
102392  25.965  17.871  34.890 0.0000000000
102393  25.605  17.551  34.296 0.0000000000
102402  25.573  17.431  33.403 0.0000000000
102408  26.043  17.446  32.369 0.0000000000
103059  26.873  19.041  34.425 0.0000000000
103060  26.279  18.526  34.124 0.0000000000
103061  25.756  17.959  33.758 0.0000000000
103071  26.375  18.511  32.991 0.0000000000
103072  25.942  18.058  33.200 0.0000000000
103079  26.190  18.055  32.679 0.0000000000
103682  26.979  19.207  33.995 0.0000000000
