#!ascii label  , from subject FREESURFER vox2ras=TkReg 
1305
71725  33.820  -17.271  -26.464 0.0000000000
71727  35.195  -17.013  -27.346 0.0000000000
71728  34.405  -16.786  -27.185 0.0000000000
71729  33.904  -16.394  -27.053 0.0000000000
72737  35.541  -16.563  -24.682 0.0000000000
72738  34.650  -16.567  -24.898 0.0000000000
72739  33.994  -16.731  -25.252 0.0000000000
72747  33.660  -16.736  -25.857 0.0000000000
72751  33.688  -16.117  -26.705 0.0000000000
72753  36.152  -16.236  -27.411 0.0000000000
72754  35.141  -16.208  -27.666 0.0000000000
72755  34.368  -16.025  -27.480 0.0000000000
72756  33.903  -15.636  -27.303 0.0000000000
72757  35.814  -15.715  -27.797 0.0000000000
72758  35.344  -15.592  -27.947 0.0000000000
73735  37.066  -15.517  -24.588 0.0000000000
73736  36.275  -15.809  -24.832 0.0000000000
73737  35.216  -15.690  -25.228 0.0000000000
73738  34.341  -15.927  -25.458 0.0000000000
73739  33.886  -16.043  -25.789 0.0000000000
73747  34.600  -15.183  -25.582 0.0000000000
73748  34.044  -15.281  -25.913 0.0000000000
73749  33.712  -15.488  -26.424 0.0000000000
73752  33.591  -15.157  -27.152 0.0000000000
73753  37.039  -15.448  -27.210 0.0000000000
73754  36.452  -15.237  -27.615 0.0000000000
73755  34.828  -15.696  -27.879 0.0000000000
73756  34.311  -15.386  -27.866 0.0000000000
73757  33.796  -14.878  -27.836 0.0000000000
73758  35.854  -15.114  -28.032 0.0000000000
73759  35.047  -15.103  -28.220 0.0000000000
73760  34.334  -14.747  -28.198 0.0000000000
73761  34.009  -14.499  -28.151 0.0000000000
74650  37.650  -14.884  -24.567 0.0000000000
74651  36.795  -14.797  -25.093 0.0000000000
74652  35.946  -15.065  -25.276 0.0000000000
74660  36.153  -14.396  -25.454 0.0000000000
74661  35.286  -14.581  -25.544 0.0000000000
74662  34.398  -14.477  -25.871 0.0000000000
74663  33.830  -14.529  -26.389 0.0000000000
74668  37.728  -14.941  -27.046 0.0000000000
74669  33.470  -14.451  -26.971 0.0000000000
74674  38.197  -14.214  -27.005 0.0000000000
74675  37.335  -14.472  -27.436 0.0000000000
74676  36.491  -14.397  -27.870 0.0000000000
74677  33.559  -14.251  -27.629 0.0000000000
74681  35.729  -14.386  -28.236 0.0000000000
74682  34.944  -14.313  -28.482 0.0000000000
74683  34.252  -14.153  -28.418 0.0000000000
74684  33.813  -14.119  -28.149 0.0000000000
75710  38.339  -13.981  -24.431 0.0000000000
75711  37.513  -13.961  -25.027 0.0000000000
75719  36.765  -13.820  -25.415 0.0000000000
75720  35.941  -13.690  -25.698 0.0000000000
75721  34.970  -13.659  -25.859 0.0000000000
75722  34.189  -13.721  -26.306 0.0000000000
75730  33.648  -13.643  -26.822 0.0000000000
75737  38.798  -13.405  -26.825 0.0000000000
75738  38.043  -13.442  -27.297 0.0000000000
75739  37.183  -13.514  -27.797 0.0000000000
75740  36.328  -13.598  -28.113 0.0000000000
75741  33.512  -13.431  -27.487 0.0000000000
75746  44.640  -13.069  -28.152 0.0000000000
75747  43.999  -12.538  -27.998 0.0000000000
75748  35.573  -13.609  -28.405 0.0000000000
75749  34.769  -13.524  -28.689 0.0000000000
75750  34.001  -13.399  -28.590 0.0000000000
75751  33.571  -13.148  -28.156 0.0000000000
75754  46.237  -13.308  -29.136 0.0000000000
75755  45.164  -13.119  -29.024 0.0000000000
75756  44.419  -12.674  -28.674 0.0000000000
75757  44.012  -12.136  -28.426 0.0000000000
75758  45.719  -13.066  -29.638 0.0000000000
75759  45.325  -12.657  -29.408 0.0000000000
76797  38.954  -12.919  -24.491 0.0000000000
76798  38.064  -13.020  -25.070 0.0000000000
76799  37.358  -13.257  -25.364 0.0000000000
76802  37.592  -12.664  -25.454 0.0000000000
76803  36.790  -12.833  -25.706 0.0000000000
76804  35.698  -12.847  -26.104 0.0000000000
76805  34.684  -12.881  -26.367 0.0000000000
76806  34.025  -13.080  -26.717 0.0000000000
76813  39.504  -12.824  -26.771 0.0000000000
76814  34.252  -12.494  -26.779 0.0000000000
76815  33.549  -12.497  -27.231 0.0000000000
76816  32.879  -11.859  -27.683 0.0000000000
76821  43.207  -12.581  -27.286 0.0000000000
76822  42.262  -12.110  -27.217 0.0000000000
76823  41.102  -12.023  -26.996 0.0000000000
76824  40.043  -12.161  -27.076 0.0000000000
76825  38.888  -12.473  -27.146 0.0000000000
76826  37.840  -12.558  -27.624 0.0000000000
76827  36.844  -12.506  -28.196 0.0000000000
76828  36.078  -13.079  -28.261 0.0000000000
76829  33.022  -12.353  -27.990 0.0000000000
76830  32.301  -11.659  -27.933 0.0000000000
76831  31.964  -11.270  -27.967 0.0000000000
76833  43.296  -11.808  -27.981 0.0000000000
76834  42.527  -11.605  -27.751 0.0000000000
76835  36.360  -11.923  -28.457 0.0000000000
76836  35.575  -12.569  -28.561 0.0000000000
76837  34.425  -12.721  -28.916 0.0000000000
76838  33.509  -12.494  -29.048 0.0000000000
76839  32.838  -12.259  -28.640 0.0000000000
76840  32.134  -11.994  -28.430 0.0000000000
76841  31.803  -11.445  -28.289 0.0000000000
76843  46.854  -12.660  -29.675 0.0000000000
76844  46.234  -13.042  -29.837 0.0000000000
76845  44.765  -12.445  -29.042 0.0000000000
76846  44.274  -12.016  -28.714 0.0000000000
76847  43.749  -11.531  -28.596 0.0000000000
76848  43.426  -11.403  -28.818 0.0000000000
76849  33.208  -11.900  -29.310 0.0000000000
76850  32.764  -12.004  -29.189 0.0000000000
76851  31.985  -12.052  -29.100 0.0000000000
76852  31.666  -11.577  -28.788 0.0000000000
76853  46.568  -11.982  -29.779 0.0000000000
76854  45.946  -12.310  -29.724 0.0000000000
76855  45.151  -11.948  -29.270 0.0000000000
76856  44.498  -11.668  -28.988 0.0000000000
76857  43.968  -11.382  -28.786 0.0000000000
76858  43.610  -11.260  -28.876 0.0000000000
76859  31.880  -11.518  -29.358 0.0000000000
76860  31.711  -11.497  -29.189 0.0000000000
77854  39.801  -11.754  -23.611 0.0000000000
77861  39.272  -11.854  -24.405 0.0000000000
77862  38.557  -11.977  -25.141 0.0000000000
77863  38.005  -12.385  -25.380 0.0000000000
77866  38.369  -11.480  -25.550 0.0000000000
77867  37.725  -11.871  -25.743 0.0000000000
77868  36.499  -11.799  -26.361 0.0000000000
77869  35.287  -12.134  -26.530 0.0000000000
77870  34.663  -12.289  -26.647 0.0000000000
77873  36.346  -11.208  -26.688 0.0000000000
77874  35.725  -11.346  -26.806 0.0000000000
77875  34.493  -11.632  -27.002 0.0000000000
77876  33.266  -11.315  -27.629 0.0000000000
77877  32.633  -11.462  -27.725 0.0000000000
77881  41.817  -11.489  -27.569 0.0000000000
77882  40.763  -11.461  -27.469 0.0000000000
77883  39.668  -11.575  -27.514 0.0000000000
77884  38.562  -11.659  -27.617 0.0000000000
77885  37.639  -11.837  -28.029 0.0000000000
77886  37.211  -11.920  -28.225 0.0000000000
77887  32.975  -10.886  -27.902 0.0000000000
77888  32.445  -11.059  -27.950 0.0000000000
77889  31.849  -10.965  -28.244 0.0000000000
77891  43.325  -11.337  -28.518 0.0000000000
77892  42.584  -11.178  -28.241 0.0000000000
77893  41.485  -10.924  -27.982 0.0000000000
77894  40.411  -10.890  -27.936 0.0000000000
77895  39.329  -10.890  -27.938 0.0000000000
77896  38.275  -11.027  -28.231 0.0000000000
77897  37.120  -11.394  -28.458 0.0000000000
77898  35.883  -11.231  -28.801 0.0000000000
77899  34.789  -11.885  -29.024 0.0000000000
77900  34.125  -12.197  -29.161 0.0000000000
77901  31.556  -11.060  -28.638 0.0000000000
77903  47.370  -12.108  -29.437 0.0000000000
77904  43.577  -11.225  -28.775 0.0000000000
77905  43.235  -11.036  -28.729 0.0000000000
77906  35.531  -10.620  -29.134 0.0000000000
77907  34.935  -10.980  -29.152 0.0000000000
77908  33.836  -11.538  -29.230 0.0000000000
77909  32.825  -11.435  -29.412 0.0000000000
77910  32.430  -11.709  -29.340 0.0000000000
77911  31.426  -11.122  -29.125 0.0000000000
77912  47.745  -11.028  -29.664 0.0000000000
77913  47.132  -11.470  -29.708 0.0000000000
77914  46.304  -11.323  -29.693 0.0000000000
77915  45.507  -11.240  -29.565 0.0000000000
77916  44.700  -11.089  -29.393 0.0000000000
77917  44.052  -10.933  -29.106 0.0000000000
77918  43.513  -10.900  -28.927 0.0000000000
77919  32.579  -11.177  -29.607 0.0000000000
77920  32.226  -11.358  -29.545 0.0000000000
77921  31.766  -11.178  -29.475 0.0000000000
78833  40.067  -10.752  -23.564 0.0000000000
78834  39.635  -10.923  -24.260 0.0000000000
78842  39.182  -11.098  -24.960 0.0000000000
78843  38.729  -11.203  -25.407 0.0000000000
78846  39.055  -10.607  -25.487 0.0000000000
78847  38.380  -10.863  -25.870 0.0000000000
78848  37.449  -10.933  -26.362 0.0000000000
78849  36.747  -11.024  -26.613 0.0000000000
78853  36.991  -10.521  -26.681 0.0000000000
78854  36.338  -10.639  -26.965 0.0000000000
78855  35.344  -10.638  -27.312 0.0000000000
78856  34.246  -10.554  -27.675 0.0000000000
78857  33.399  -10.650  -27.869 0.0000000000
78862  33.865  -10.248  -28.147 0.0000000000
78863  33.022  -10.676  -28.250 0.0000000000
78864  32.208  -10.631  -28.428 0.0000000000
78865  31.759  -10.708  -28.633 0.0000000000
78870  42.683  -10.800  -28.651 0.0000000000
78871  42.083  -10.570  -28.512 0.0000000000
78872  41.101  -10.310  -28.417 0.0000000000
78873  40.077  -10.311  -28.381 0.0000000000
78874  39.045  -10.176  -28.413 0.0000000000
78875  37.879  -10.115  -28.814 0.0000000000
78876  36.820  -10.591  -29.007 0.0000000000
78877  33.806  -10.481  -28.615 0.0000000000
78878  32.664  -10.669  -28.779 0.0000000000
78879  31.961  -10.434  -28.923 0.0000000000
78880  31.531  -10.671  -28.933 0.0000000000
78883  42.713  -10.470  -29.032 0.0000000000
78884  41.730  -10.051  -28.898 0.0000000000
78885  41.122  -9.967  -28.855 0.0000000000
78886  37.053  -9.928  -29.346 0.0000000000
78887  36.106  -10.130  -29.196 0.0000000000
78888  35.240  -10.182  -29.140 0.0000000000
78889  34.372  -10.515  -29.015 0.0000000000
78890  33.081  -10.895  -29.185 0.0000000000
78891  32.294  -10.672  -29.308 0.0000000000
78892  31.759  -10.714  -29.326 0.0000000000
78895  47.447  -10.453  -29.832 0.0000000000
78896  46.685  -10.445  -29.859 0.0000000000
78897  45.869  -10.366  -29.813 0.0000000000
78898  44.982  -10.316  -29.749 0.0000000000
78899  44.102  -10.265  -29.542 0.0000000000
78900  43.378  -10.400  -29.370 0.0000000000
78901  32.770  -10.977  -29.502 0.0000000000
78902  32.486  -10.948  -29.555 0.0000000000
78903  32.059  -10.850  -29.690 0.0000000000
79802  40.211  -9.707  -23.472 0.0000000000
79803  39.935  -10.174  -24.115 0.0000000000
79815  40.076  -9.533  -24.313 0.0000000000
79816  39.647  -9.998  -24.952 0.0000000000
79821  39.036  -9.777  -26.039 0.0000000000
79822  38.118  -10.151  -26.445 0.0000000000
79823  37.451  -10.205  -26.638 0.0000000000
79829  38.397  -9.386  -26.647 0.0000000000
79830  37.699  -9.591  -26.824 0.0000000000
79831  36.934  -9.878  -27.013 0.0000000000
79832  36.110  -9.785  -27.510 0.0000000000
79833  35.158  -9.873  -27.815 0.0000000000
79834  34.525  -9.859  -28.075 0.0000000000
79840  35.724  -9.304  -28.005 0.0000000000
79841  35.222  -9.394  -28.412 0.0000000000
79842  34.587  -9.865  -28.518 0.0000000000
79849  40.649  -9.940  -28.746 0.0000000000
79850  39.912  -9.691  -28.854 0.0000000000
79851  38.923  -9.510  -28.980 0.0000000000
79852  38.307  -9.471  -29.188 0.0000000000
79853  35.203  -9.196  -28.895 0.0000000000
79854  34.755  -9.818  -28.931 0.0000000000
79858  42.842  -10.084  -29.482 0.0000000000
79859  42.210  -9.809  -29.460 0.0000000000
79860  40.997  -9.580  -29.350 0.0000000000
79861  39.758  -8.999  -29.638 0.0000000000
79862  38.717  -9.037  -29.446 0.0000000000
79863  37.753  -9.223  -29.473 0.0000000000
79864  36.693  -9.324  -29.503 0.0000000000
79865  35.652  -9.226  -29.381 0.0000000000
79866  34.996  -9.889  -29.085 0.0000000000
79869  47.562  -9.636  -29.654 0.0000000000
79870  46.960  -9.564  -29.972 0.0000000000
79871  46.254  -9.510  -30.127 0.0000000000
79872  45.385  -9.461  -30.125 0.0000000000
79873  44.373  -9.427  -30.001 0.0000000000
79874  43.124  -9.528  -29.883 0.0000000000
79875  41.839  -9.231  -30.123 0.0000000000
79876  40.800  -8.870  -30.104 0.0000000000
79877  40.150  -8.597  -30.217 0.0000000000
79878  37.210  -8.794  -29.646 0.0000000000
79879  36.610  -8.750  -29.598 0.0000000000
79880  36.179  -8.644  -29.520 0.0000000000
80737  40.433  -8.686  -22.955 0.0000000000
80751  40.370  -8.587  -24.222 0.0000000000
80752  40.009  -9.179  -24.747 0.0000000000
80760  40.313  -7.828  -24.917 0.0000000000
80761  39.779  -8.591  -25.435 0.0000000000
80767  38.909  -8.463  -26.688 0.0000000000
80768  38.034  -8.887  -27.135 0.0000000000
80769  37.222  -9.145  -27.302 0.0000000000
80770  36.693  -9.382  -27.416 0.0000000000
80776  38.752  -7.891  -27.250 0.0000000000
80777  38.264  -8.144  -27.444 0.0000000000
80778  37.443  -8.429  -27.620 0.0000000000
80779  36.496  -8.779  -27.895 0.0000000000
80780  35.766  -8.869  -28.382 0.0000000000
80786  36.040  -8.381  -28.626 0.0000000000
80787  35.506  -8.670  -28.777 0.0000000000
80788  47.246  -8.652  -29.506 0.0000000000
80789  39.120  -8.626  -29.766 0.0000000000
80790  38.520  -8.544  -29.771 0.0000000000
80791  37.809  -8.539  -29.733 0.0000000000
80792  35.728  -8.216  -28.967 0.0000000000
80793  35.627  -8.508  -29.163 0.0000000000
80794  47.069  -8.653  -29.902 0.0000000000
80795  46.598  -8.613  -30.231 0.0000000000
80796  45.868  -8.585  -30.444 0.0000000000
80797  44.900  -8.543  -30.410 0.0000000000
80798  43.776  -8.523  -30.446 0.0000000000
80799  42.563  -8.475  -30.601 0.0000000000
80800  41.496  -8.532  -30.656 0.0000000000
80801  40.585  -8.356  -30.651 0.0000000000
80802  39.498  -8.152  -30.420 0.0000000000
80803  38.317  -8.100  -30.163 0.0000000000
80804  37.404  -8.235  -29.782 0.0000000000
80805  36.652  -8.314  -29.551 0.0000000000
80806  36.045  -8.449  -29.423 0.0000000000
80807  41.997  -8.029  -30.950 0.0000000000
80808  41.283  -7.946  -31.121 0.0000000000
80809  40.398  -7.821  -31.101 0.0000000000
80810  39.890  -7.664  -31.045 0.0000000000
81669  40.549  -7.647  -23.382 0.0000000000
81681  40.482  -7.385  -24.307 0.0000000000
81692  40.317  -7.141  -24.934 0.0000000000
81693  40.053  -7.371  -25.496 0.0000000000
81701  39.543  -7.490  -26.276 0.0000000000
81707  39.048  -7.436  -27.077 0.0000000000
81708  38.544  -7.457  -27.652 0.0000000000
81709  37.656  -7.652  -28.118 0.0000000000
81710  37.032  -8.139  -27.960 0.0000000000
81714  47.184  -7.674  -29.262 0.0000000000
81717  37.148  -7.421  -28.847 0.0000000000
81718  36.734  -8.004  -28.424 0.0000000000
81719  47.172  -7.665  -29.766 0.0000000000
81720  37.145  -7.558  -29.387 0.0000000000
81721  36.294  -7.905  -29.034 0.0000000000
81722  35.850  -8.161  -29.132 0.0000000000
81723  46.893  -7.646  -30.150 0.0000000000
81724  46.333  -7.617  -30.423 0.0000000000
81725  45.498  -7.586  -30.560 0.0000000000
81726  44.474  -7.579  -30.644 0.0000000000
81727  43.301  -7.454  -30.892 0.0000000000
81728  42.505  -7.827  -30.958 0.0000000000
81729  38.867  -7.508  -30.623 0.0000000000
81730  38.070  -7.591  -30.222 0.0000000000
81731  37.369  -7.737  -29.743 0.0000000000
81732  36.536  -8.035  -29.408 0.0000000000
81733  36.002  -8.182  -29.240 0.0000000000
81734  42.998  -6.807  -31.166 0.0000000000
81735  42.203  -7.264  -31.255 0.0000000000
81736  41.079  -7.315  -31.578 0.0000000000
81737  40.172  -7.323  -31.522 0.0000000000
81738  39.540  -7.384  -31.069 0.0000000000
82590  40.509  -6.678  -23.702 0.0000000000
82601  40.293  -6.459  -24.601 0.0000000000
82602  39.976  -6.091  -25.247 0.0000000000
82613  40.114  -6.699  -25.257 0.0000000000
82614  39.784  -6.465  -25.950 0.0000000000
82624  39.383  -6.579  -26.909 0.0000000000
82630  38.977  -6.743  -27.685 0.0000000000
82631  38.399  -6.907  -28.269 0.0000000000
82632  37.812  -6.982  -28.718 0.0000000000
82636  47.117  -6.809  -28.948 0.0000000000
82639  38.912  -6.300  -28.370 0.0000000000
82640  38.463  -6.447  -29.066 0.0000000000
82641  37.703  -6.912  -29.343 0.0000000000
82642  47.250  -6.640  -29.510 0.0000000000
82643  38.334  -6.468  -29.912 0.0000000000
82644  37.780  -7.070  -29.948 0.0000000000
82645  47.253  -6.635  -30.037 0.0000000000
82646  46.804  -6.601  -30.373 0.0000000000
82647  46.129  -6.579  -30.684 0.0000000000
82648  45.150  -6.540  -30.744 0.0000000000
82649  44.237  -6.786  -30.825 0.0000000000
82650  39.204  -7.072  -31.022 0.0000000000
82651  38.727  -6.789  -30.689 0.0000000000
82652  37.953  -7.286  -30.176 0.0000000000
82653  44.584  -6.113  -30.982 0.0000000000
82654  43.726  -6.268  -31.117 0.0000000000
82655  42.784  -6.210  -31.384 0.0000000000
82656  41.726  -6.364  -31.731 0.0000000000
82657  40.700  -6.715  -31.993 0.0000000000
82658  39.716  -6.609  -31.659 0.0000000000
82659  39.406  -6.225  -31.363 0.0000000000
82660  41.141  -6.031  -32.120 0.0000000000
82661  40.483  -6.111  -32.435 0.0000000000
82662  39.898  -5.956  -32.492 0.0000000000
83576  40.057  -5.202  -23.634 0.0000000000
83585  40.301  -5.918  -23.968 0.0000000000
83586  39.968  -5.406  -24.693 0.0000000000
83593  39.794  -5.421  -25.756 0.0000000000
83602  39.602  -5.602  -26.734 0.0000000000
83608  47.846  -5.029  -28.056 0.0000000000
83610  39.288  -5.761  -27.799 0.0000000000
83611  48.029  -5.082  -29.355 0.0000000000
83612  47.520  -5.624  -28.935 0.0000000000
83613  47.077  -5.931  -28.431 0.0000000000
83614  39.142  -5.617  -29.002 0.0000000000
83615  38.829  -5.960  -29.708 0.0000000000
83616  48.065  -5.075  -29.600 0.0000000000
83617  47.682  -5.551  -29.835 0.0000000000
83618  39.280  -5.397  -30.051 0.0000000000
83619  38.966  -6.013  -30.445 0.0000000000
83620  47.368  -5.594  -30.329 0.0000000000
83621  46.778  -5.514  -30.702 0.0000000000
83622  45.932  -5.496  -30.972 0.0000000000
83623  45.163  -5.696  -31.015 0.0000000000
83624  39.451  -5.462  -30.987 0.0000000000
83625  39.284  -6.058  -31.162 0.0000000000
83628  45.449  -5.041  -31.112 0.0000000000
83629  44.631  -5.242  -31.201 0.0000000000
83630  43.563  -5.228  -31.390 0.0000000000
83631  42.538  -5.316  -31.741 0.0000000000
83632  41.728  -5.603  -31.999 0.0000000000
83633  39.594  -5.718  -31.869 0.0000000000
83634  39.411  -6.007  -31.509 0.0000000000
83636  29.656  -5.145  -31.184 0.0000000000
83637  42.066  -5.016  -32.121 0.0000000000
83638  41.238  -5.254  -32.349 0.0000000000
83639  40.407  -5.363  -32.783 0.0000000000
83640  39.847  -5.394  -32.782 0.0000000000
83641  30.283  -5.123  -31.612 0.0000000000
83642  29.835  -4.787  -31.770 0.0000000000
83643  29.091  -4.301  -31.317 0.0000000000
84548  44.838  -4.130  -25.041 0.0000000000
84549  44.506  -4.101  -25.083 0.0000000000
84550  39.693  -4.408  -24.217 0.0000000000
84557  45.334  -4.138  -25.459 0.0000000000
84558  44.524  -4.307  -25.575 0.0000000000
84559  43.881  -4.390  -25.968 0.0000000000
84560  43.312  -4.119  -25.972 0.0000000000
84561  39.550  -4.390  -25.388 0.0000000000
84564  45.250  -4.324  -26.305 0.0000000000
84565  44.422  -4.476  -26.527 0.0000000000
84566  43.617  -4.328  -26.648 0.0000000000
84567  42.893  -3.917  -26.568 0.0000000000
84568  39.586  -4.610  -26.483 0.0000000000
84570  51.640  -4.186  -27.728 0.0000000000
84571  50.689  -4.189  -28.000 0.0000000000
84572  49.739  -4.326  -28.306 0.0000000000
84573  48.774  -4.579  -28.557 0.0000000000
84574  48.114  -4.910  -28.814 0.0000000000
84575  45.100  -4.301  -27.272 0.0000000000
84576  44.177  -4.372  -27.367 0.0000000000
84577  43.258  -4.042  -27.500 0.0000000000
84578  42.652  -3.749  -27.127 0.0000000000
84579  39.522  -4.755  -27.481 0.0000000000
84580  51.103  -3.672  -28.265 0.0000000000
84581  50.465  -3.755  -28.853 0.0000000000
84582  49.509  -4.094  -29.120 0.0000000000
84583  48.557  -4.640  -29.337 0.0000000000
84584  48.030  -5.021  -29.134 0.0000000000
84585  44.745  -4.051  -27.948 0.0000000000
84586  43.986  -4.073  -28.123 0.0000000000
84587  43.490  -3.887  -28.139 0.0000000000
84588  39.438  -4.793  -28.489 0.0000000000
84591  50.009  -3.568  -29.502 0.0000000000
84592  49.324  -3.896  -29.909 0.0000000000
84593  48.496  -4.620  -30.015 0.0000000000
84594  47.928  -4.848  -30.268 0.0000000000
84595  39.532  -4.714  -29.536 0.0000000000
84597  48.834  -3.818  -30.248 0.0000000000
84598  48.339  -4.051  -30.400 0.0000000000
84599  47.532  -4.370  -30.644 0.0000000000
84600  46.628  -4.368  -30.995 0.0000000000
84601  45.964  -4.601  -31.119 0.0000000000
84602  39.595  -4.663  -30.604 0.0000000000
84606  46.224  -3.948  -31.239 0.0000000000
84607  45.480  -4.173  -31.363 0.0000000000
84608  44.438  -4.216  -31.644 0.0000000000
84609  43.406  -4.313  -31.911 0.0000000000
84610  42.622  -4.575  -32.047 0.0000000000
84611  39.633  -4.738  -31.697 0.0000000000
84612  30.947  -5.072  -31.577 0.0000000000
84613  42.976  -4.008  -32.236 0.0000000000
84614  42.153  -4.247  -32.389 0.0000000000
84615  41.076  -4.377  -32.740 0.0000000000
84616  40.231  -4.626  -33.074 0.0000000000
84617  39.719  -4.777  -32.655 0.0000000000
84618  30.523  -4.674  -32.105 0.0000000000
84619  29.846  -4.108  -32.097 0.0000000000
85414  45.065  -3.327  -23.812 0.0000000000
85415  44.064  -3.283  -23.688 0.0000000000
85416  43.577  -2.978  -23.756 0.0000000000
85426  46.122  -3.372  -24.848 0.0000000000
85427  45.392  -3.785  -24.689 0.0000000000
85428  44.386  -3.851  -24.588 0.0000000000
85429  43.369  -3.269  -24.428 0.0000000000
85430  42.761  -2.919  -24.824 0.0000000000
85431  39.299  -3.548  -24.728 0.0000000000
85432  39.040  -2.979  -24.746 0.0000000000
85440  47.146  -3.094  -25.996 0.0000000000
85441  46.537  -3.356  -25.509 0.0000000000
85442  45.892  -3.773  -25.280 0.0000000000
85443  44.269  -4.082  -25.131 0.0000000000
85444  43.754  -3.973  -25.295 0.0000000000
85445  42.759  -3.410  -25.567 0.0000000000
85446  39.179  -3.575  -25.549 0.0000000000
85447  38.942  -3.027  -25.276 0.0000000000
85450  47.367  -2.892  -26.820 0.0000000000
85451  46.599  -3.437  -26.472 0.0000000000
85452  45.941  -3.880  -26.001 0.0000000000
85453  42.167  -3.255  -26.720 0.0000000000
85454  41.627  -2.849  -26.997 0.0000000000
85455  39.266  -3.778  -26.258 0.0000000000
85456  38.893  -3.124  -26.060 0.0000000000
85457  52.281  -3.603  -27.529 0.0000000000
85458  51.623  -3.337  -28.083 0.0000000000
85459  47.607  -2.721  -27.921 0.0000000000
85460  46.706  -3.282  -27.513 0.0000000000
85461  45.926  -3.901  -26.985 0.0000000000
85462  43.101  -3.704  -28.191 0.0000000000
85463  42.490  -3.503  -27.750 0.0000000000
85464  41.793  -3.001  -27.602 0.0000000000
85465  39.356  -3.773  -27.247 0.0000000000
85466  39.032  -3.198  -26.796 0.0000000000
85467  51.141  -3.205  -28.790 0.0000000000
85468  50.596  -3.104  -29.426 0.0000000000
85469  47.795  -2.467  -28.905 0.0000000000
85470  46.957  -2.880  -28.576 0.0000000000
85471  45.757  -3.513  -28.229 0.0000000000
85472  44.650  -3.554  -28.649 0.0000000000
85473  43.656  -3.596  -28.740 0.0000000000
85474  42.740  -3.208  -28.746 0.0000000000
85475  42.094  -3.031  -28.305 0.0000000000
85476  39.422  -3.984  -28.109 0.0000000000
85478  49.955  -3.060  -29.958 0.0000000000
85479  49.081  -3.037  -30.264 0.0000000000
85480  48.623  -2.677  -30.361 0.0000000000
85481  47.911  -2.312  -29.490 0.0000000000
85482  47.389  -2.442  -29.456 0.0000000000
85483  46.477  -2.687  -29.364 0.0000000000
85484  45.418  -2.910  -29.386 0.0000000000
85485  44.353  -3.041  -29.496 0.0000000000
85486  43.419  -2.969  -29.413 0.0000000000
85487  39.538  -3.931  -29.034 0.0000000000
85490  48.660  -3.492  -30.382 0.0000000000
85491  48.222  -3.139  -30.606 0.0000000000
85492  47.170  -3.161  -31.151 0.0000000000
85493  46.609  -3.605  -31.221 0.0000000000
85494  39.595  -3.828  -30.096 0.0000000000
85497  46.771  -2.567  -31.348 0.0000000000
85498  46.273  -3.065  -31.475 0.0000000000
85499  45.252  -3.175  -31.813 0.0000000000
85500  44.213  -3.190  -32.217 0.0000000000
85501  43.458  -3.675  -32.233 0.0000000000
85502  39.624  -3.793  -31.258 0.0000000000
85503  31.261  -4.275  -32.092 0.0000000000
85504  43.959  -2.556  -32.480 0.0000000000
85505  43.174  -3.159  -32.521 0.0000000000
85506  41.970  -3.334  -32.800 0.0000000000
85507  40.860  -3.367  -33.138 0.0000000000
85508  39.886  -3.956  -33.281 0.0000000000
85509  39.597  -3.812  -32.490 0.0000000000
85510  30.573  -3.869  -32.324 0.0000000000
85511  30.001  -3.492  -32.297 0.0000000000
85512  40.722  -2.728  -33.419 0.0000000000
85513  40.137  -3.056  -33.481 0.0000000000
85514  39.603  -3.314  -33.266 0.0000000000
86258  47.836  -1.922  -22.044 0.0000000000
86270  48.811  -1.228  -23.008 0.0000000000
86271  48.367  -1.903  -22.733 0.0000000000
86273  45.441  -1.729  -22.712 0.0000000000
86274  44.953  -1.994  -22.546 0.0000000000
86275  44.127  -2.182  -22.448 0.0000000000
86283  49.119  -1.622  -23.428 0.0000000000
86285  47.655  -0.987  -23.983 0.0000000000
86286  47.066  -1.480  -23.812 0.0000000000
86287  45.823  -2.212  -23.333 0.0000000000
86288  44.607  -2.706  -23.069 0.0000000000
86289  43.596  -2.548  -23.144 0.0000000000
86290  43.018  -2.318  -23.488 0.0000000000
86298  51.737  -1.843  -25.080 0.0000000000
86299  50.845  -1.627  -24.625 0.0000000000
86300  49.957  -1.618  -24.065 0.0000000000
86301  48.624  -0.804  -24.888 0.0000000000
86302  47.966  -1.333  -24.613 0.0000000000
86303  46.805  -2.558  -24.682 0.0000000000
86304  45.873  -3.124  -24.221 0.0000000000
86305  43.260  -2.730  -23.798 0.0000000000
86306  42.724  -2.425  -24.217 0.0000000000
86313  52.406  -2.250  -25.809 0.0000000000
86314  48.740  -1.219  -25.444 0.0000000000
86315  47.944  -2.432  -25.774 0.0000000000
86316  47.097  -2.888  -25.479 0.0000000000
86317  42.282  -2.430  -25.156 0.0000000000
86318  41.747  -2.177  -25.678 0.0000000000
86319  38.631  -2.451  -25.756 0.0000000000
86321  52.295  -2.297  -26.705 0.0000000000
86322  48.992  -1.613  -26.504 0.0000000000
86323  48.366  -2.367  -27.211 0.0000000000
86324  42.061  -2.760  -25.892 0.0000000000
86325  41.472  -2.392  -26.434 0.0000000000
86326  40.925  -2.121  -26.894 0.0000000000
86327  38.651  -2.563  -26.687 0.0000000000
86328  52.626  -3.013  -27.113 0.0000000000
86329  51.976  -2.580  -27.656 0.0000000000
86330  51.271  -2.205  -28.041 0.0000000000
86331  50.595  -1.772  -28.164 0.0000000000
86332  49.514  -1.796  -27.846 0.0000000000
86333  48.501  -2.291  -28.447 0.0000000000
86334  41.286  -2.531  -27.329 0.0000000000
86335  40.860  -2.032  -27.627 0.0000000000
86336  39.333  -3.423  -27.895 0.0000000000
86337  39.036  -2.752  -27.731 0.0000000000
86338  51.398  -2.754  -28.328 0.0000000000
86339  50.823  -2.447  -28.850 0.0000000000
86340  50.099  -1.846  -29.081 0.0000000000
86341  49.177  -2.020  -29.183 0.0000000000
86342  48.384  -2.243  -29.401 0.0000000000
86343  42.180  -2.773  -28.840 0.0000000000
86344  41.475  -2.398  -28.541 0.0000000000
86345  40.881  -1.910  -28.247 0.0000000000
86346  39.386  -3.242  -28.527 0.0000000000
86347  39.114  -2.454  -28.966 0.0000000000
86350  50.280  -2.507  -29.530 0.0000000000
86351  49.629  -2.346  -29.808 0.0000000000
86352  48.802  -2.236  -30.053 0.0000000000
86353  47.950  -2.203  -29.999 0.0000000000
86354  47.066  -2.101  -30.128 0.0000000000
86355  46.088  -2.136  -30.159 0.0000000000
86356  45.039  -2.257  -30.179 0.0000000000
86357  43.906  -2.367  -30.148 0.0000000000
86358  42.543  -2.310  -29.725 0.0000000000
86359  41.771  -2.070  -29.353 0.0000000000
86360  39.440  -3.084  -29.528 0.0000000000
86361  39.149  -2.385  -29.973 0.0000000000
86364  48.264  -2.481  -30.358 0.0000000000
86365  47.542  -2.319  -30.697 0.0000000000
86366  46.603  -1.691  -30.930 0.0000000000
86367  45.625  -1.536  -30.765 0.0000000000
86368  44.606  -1.557  -30.768 0.0000000000
86369  43.496  -1.618  -30.682 0.0000000000
86370  42.816  -1.624  -30.543 0.0000000000
86371  39.434  -2.850  -30.672 0.0000000000
86372  39.205  -2.331  -30.519 0.0000000000
86374  47.006  -2.255  -31.211 0.0000000000
86375  46.443  -2.069  -31.472 0.0000000000
86376  45.787  -2.150  -31.868 0.0000000000
86377  45.099  -2.410  -32.189 0.0000000000
86378  39.351  -2.881  -31.863 0.0000000000
86379  38.888  -2.463  -32.524 0.0000000000
86380  31.556  -3.481  -31.800 0.0000000000
86381  45.308  -1.743  -32.245 0.0000000000
86382  44.587  -1.969  -32.469 0.0000000000
86383  43.733  -1.972  -32.658 0.0000000000
86384  42.762  -2.233  -32.927 0.0000000000
86385  41.851  -2.620  -33.095 0.0000000000
86386  39.166  -2.968  -32.942 0.0000000000
86387  38.502  -2.439  -33.329 0.0000000000
86388  37.883  -2.297  -33.838 0.0000000000
86389  31.048  -3.370  -32.309 0.0000000000
86390  30.391  -3.193  -32.344 0.0000000000
86391  29.917  -3.121  -32.249 0.0000000000
86392  42.264  -1.986  -33.232 0.0000000000
86393  41.442  -2.224  -33.380 0.0000000000
86394  40.572  -2.203  -33.597 0.0000000000
86395  39.452  -2.459  -33.712 0.0000000000
86396  38.472  -2.190  -34.062 0.0000000000
86397  37.892  -2.082  -34.176 0.0000000000
87167  47.184  -1.803  -19.550 0.0000000000
87176  47.285  -1.628  -20.318 0.0000000000
87177  46.926  -1.369  -19.877 0.0000000000
87189  48.144  -1.118  -22.148 0.0000000000
87190  47.622  -1.514  -21.357 0.0000000000
87191  43.766  -0.934  -21.734 0.0000000000
87192  43.368  -0.865  -21.802 0.0000000000
87202  49.147  -0.686  -23.086 0.0000000000
87203  48.658  -0.861  -22.676 0.0000000000
87204  45.833  -0.826  -22.441 0.0000000000
87205  45.221  -1.248  -22.313 0.0000000000
87206  44.374  -1.365  -22.029 0.0000000000
87207  43.242  -1.481  -22.339 0.0000000000
87208  42.520  -1.174  -22.654 0.0000000000
87217  49.630  -0.630  -23.622 0.0000000000
87218  47.421  -0.589  -23.559 0.0000000000
87219  46.524  -0.960  -22.961 0.0000000000
87220  45.767  -1.388  -22.738 0.0000000000
87221  43.059  -2.058  -23.033 0.0000000000
87222  42.532  -1.622  -23.345 0.0000000000
87229  51.793  -1.287  -25.539 0.0000000000
87230  51.226  -0.800  -24.985 0.0000000000
87231  50.270  -0.544  -24.344 0.0000000000
87232  48.555  -0.407  -24.470 0.0000000000
87233  48.038  -0.493  -24.051 0.0000000000
87234  42.037  -1.416  -24.623 0.0000000000
87235  41.620  -0.737  -25.014 0.0000000000
87242  51.890  -1.455  -26.250 0.0000000000
87243  51.246  -0.760  -25.808 0.0000000000
87244  50.252  -0.298  -25.185 0.0000000000
87245  49.227  -0.417  -24.938 0.0000000000
87246  41.853  -1.834  -25.310 0.0000000000
87247  41.278  -1.316  -25.761 0.0000000000
87248  40.667  -0.839  -26.292 0.0000000000
87255  51.711  -1.835  -27.060 0.0000000000
87256  51.182  -1.248  -26.667 0.0000000000
87257  50.457  -0.812  -26.274 0.0000000000
87258  49.586  -0.827  -25.881 0.0000000000
87259  41.052  -1.819  -26.471 0.0000000000
87260  40.641  -1.372  -26.882 0.0000000000
87261  38.243  -1.825  -26.347 0.0000000000
87266  51.550  -2.059  -27.574 0.0000000000
87267  51.143  -1.710  -27.468 0.0000000000
87268  50.462  -1.404  -27.196 0.0000000000
87269  49.825  -1.268  -26.738 0.0000000000
87270  40.527  -1.491  -27.969 0.0000000000
87271  38.287  -1.929  -27.397 0.0000000000
87272  37.706  -1.216  -26.974 0.0000000000
87277  41.375  -1.838  -29.269 0.0000000000
87278  40.819  -1.621  -28.859 0.0000000000
87279  38.462  -1.884  -28.524 0.0000000000
87280  37.706  -1.290  -28.122 0.0000000000
87284  42.363  -1.555  -30.416 0.0000000000
87285  41.767  -1.670  -29.903 0.0000000000
87286  41.111  -1.401  -29.746 0.0000000000
87287  38.626  -1.824  -29.684 0.0000000000
87288  37.863  -1.261  -29.353 0.0000000000
87291  46.122  -1.609  -31.453 0.0000000000
87292  45.859  -1.395  -31.299 0.0000000000
87293  45.143  -1.090  -31.372 0.0000000000
87294  44.106  -0.946  -31.359 0.0000000000
87295  42.889  -0.923  -31.176 0.0000000000
87296  41.881  -1.154  -30.629 0.0000000000
87297  41.417  -1.275  -30.229 0.0000000000
87298  39.197  -2.272  -30.929 0.0000000000
87299  38.902  -1.954  -30.580 0.0000000000
87300  38.060  -1.351  -30.827 0.0000000000
87301  31.685  -2.548  -31.540 0.0000000000
87302  30.895  -1.983  -31.744 0.0000000000
87303  29.623  -2.101  -31.256 0.0000000000
87304  46.043  -1.719  -31.674 0.0000000000
87305  45.582  -1.329  -31.871 0.0000000000
87306  44.543  -0.694  -32.200 0.0000000000
87307  43.590  -0.357  -31.867 0.0000000000
87308  43.017  -0.366  -31.748 0.0000000000
87309  39.261  -2.474  -31.278 0.0000000000
87310  38.872  -2.020  -31.632 0.0000000000
87311  38.050  -1.595  -32.147 0.0000000000
87312  35.015  -1.371  -32.430 0.0000000000
87313  34.479  -1.461  -32.644 0.0000000000
87314  33.939  -1.391  -32.930 0.0000000000
87315  31.162  -2.689  -32.187 0.0000000000
87316  30.440  -2.344  -32.147 0.0000000000
87317  45.012  -1.239  -32.441 0.0000000000
87318  44.327  -1.092  -32.832 0.0000000000
87319  43.477  -1.238  -33.082 0.0000000000
87320  42.799  -1.525  -33.178 0.0000000000
87321  38.387  -2.108  -32.600 0.0000000000
87322  37.595  -2.015  -33.086 0.0000000000
87323  36.591  -1.707  -33.305 0.0000000000
87324  35.428  -1.562  -33.072 0.0000000000
87325  34.460  -1.252  -33.326 0.0000000000
87326  33.960  -1.194  -33.212 0.0000000000
87327  30.644  -2.804  -32.354 0.0000000000
87328  29.999  -2.726  -32.182 0.0000000000
87329  29.403  -3.251  -31.910 0.0000000000
87330  43.013  -1.062  -33.299 0.0000000000
87331  42.342  -1.338  -33.310 0.0000000000
87332  41.431  -1.300  -33.485 0.0000000000
87333  40.330  -1.321  -33.725 0.0000000000
87334  39.163  -1.427  -33.997 0.0000000000
87335  38.088  -1.521  -34.296 0.0000000000
87336  37.258  -1.912  -34.089 0.0000000000
87337  36.245  -1.371  -34.037 0.0000000000
87338  35.222  -1.106  -33.738 0.0000000000
87339  34.703  -0.959  -33.723 0.0000000000
87340  37.441  -1.319  -34.381 0.0000000000
87341  36.973  -1.297  -34.395 0.0000000000
87342  36.663  -1.092  -34.387 0.0000000000
88104  46.105  -1.305  -19.413 0.0000000000
88105  45.607  -1.076  -19.470 0.0000000000
88114  47.008  -1.088  -20.319 0.0000000000
88115  46.448  -0.952  -20.110 0.0000000000
88116  45.523  -0.610  -20.332 0.0000000000
88117  44.607  -0.352  -20.444 0.0000000000
88118  43.830  -0.025  -20.598 0.0000000000
88129  48.027  -0.522  -21.739 0.0000000000
88130  47.296  -0.659  -21.075 0.0000000000
88131  46.530  -0.235  -21.259 0.0000000000
88132  45.469  -0.340  -21.279 0.0000000000
88133  44.453  -0.522  -21.435 0.0000000000
88134  43.419  -0.311  -21.361 0.0000000000
88135  42.792  -0.236  -21.574 0.0000000000
88141  48.976  -0.198  -22.708 0.0000000000
88142  48.472  -0.360  -22.300 0.0000000000
88143  46.369  -0.221  -22.221 0.0000000000
88144  45.368  -0.628  -21.925 0.0000000000
88145  44.843  -0.895  -21.932 0.0000000000
88146  43.036  -0.705  -21.820 0.0000000000
88147  42.436  -0.523  -22.173 0.0000000000
88148  41.751  -0.175  -22.565 0.0000000000
88157  49.439  -0.034  -23.082 0.0000000000
88158  48.557  0.399  -23.644 0.0000000000
88159  48.048  0.199  -23.624 0.0000000000
88160  47.041  0.053  -23.083 0.0000000000
88161  42.039  -0.828  -22.913 0.0000000000
88162  41.447  -0.212  -23.230 0.0000000000
88172  49.568  0.141  -23.731 0.0000000000
88173  48.989  0.333  -24.176 0.0000000000
88174  48.407  -0.025  -24.099 0.0000000000
88175  41.935  -0.873  -23.684 0.0000000000
88176  41.503  -0.290  -24.277 0.0000000000
88186  49.772  0.029  -24.419 0.0000000000
88187  49.589  -0.025  -24.654 0.0000000000
88188  41.124  -0.121  -25.155 0.0000000000
88189  40.642  -0.319  -25.886 0.0000000000
88199  40.081  -0.348  -26.659 0.0000000000
88200  39.598  0.100  -26.912 0.0000000000
88206  40.091  -0.816  -27.633 0.0000000000
88207  39.609  -0.164  -27.435 0.0000000000
88208  37.055  -0.605  -27.624 0.0000000000
88215  40.187  -1.018  -28.619 0.0000000000
88216  39.629  -0.412  -28.338 0.0000000000
88217  37.031  -0.704  -28.887 0.0000000000
88218  36.121  -0.021  -28.323 0.0000000000
88219  35.398  0.077  -28.525 0.0000000000
88223  40.476  -1.026  -29.563 0.0000000000
88224  39.826  -0.523  -29.346 0.0000000000
88225  37.137  -0.831  -30.163 0.0000000000
88226  36.215  -0.403  -29.780 0.0000000000
88227  35.130  -0.093  -29.435 0.0000000000
88228  34.378  -0.098  -29.726 0.0000000000
88229  32.755  -0.949  -30.687 0.0000000000
88234  42.570  -0.329  -31.653 0.0000000000
88235  41.956  -0.559  -31.250 0.0000000000
88236  41.025  -0.729  -30.570 0.0000000000
88237  40.227  -0.519  -30.099 0.0000000000
88238  37.182  -0.884  -31.173 0.0000000000
88239  36.405  -0.606  -31.020 0.0000000000
88240  35.383  -0.396  -30.878 0.0000000000
88241  34.168  -0.432  -30.710 0.0000000000
88242  33.157  -0.895  -31.192 0.0000000000
88243  32.545  -1.223  -31.387 0.0000000000
88244  31.768  -1.407  -31.506 0.0000000000
88245  30.615  -1.130  -30.774 0.0000000000
88246  29.780  -0.929  -30.308 0.0000000000
88247  44.040  -0.568  -32.877 0.0000000000
88248  43.593  -0.262  -32.601 0.0000000000
88249  42.815  -0.131  -32.204 0.0000000000
88250  41.955  -0.002  -31.840 0.0000000000
88251  41.400  -0.200  -31.368 0.0000000000
88252  37.447  -1.222  -31.887 0.0000000000
88253  36.673  -0.984  -31.944 0.0000000000
88254  35.665  -0.970  -32.047 0.0000000000
88255  34.687  -1.090  -31.823 0.0000000000
88256  33.633  -1.322  -32.136 0.0000000000
88257  32.780  -0.877  -32.171 0.0000000000
88258  32.212  -0.744  -31.976 0.0000000000
88259  43.904  -0.773  -33.111 0.0000000000
88260  43.329  -0.603  -33.159 0.0000000000
88261  42.667  -0.102  -32.965 0.0000000000
88262  41.958  0.211  -32.576 0.0000000000
88263  37.507  -1.614  -32.438 0.0000000000
88264  36.982  -1.535  -32.575 0.0000000000
88265  36.240  -1.386  -32.628 0.0000000000
88266  34.034  -0.962  -33.373 0.0000000000
88267  33.651  -0.793  -33.057 0.0000000000
88268  33.225  -0.625  -32.582 0.0000000000
88269  42.826  -0.870  -33.304 0.0000000000
88270  42.385  -0.689  -33.279 0.0000000000
88271  41.353  -0.225  -33.316 0.0000000000
88272  39.925  -0.366  -33.675 0.0000000000
88273  38.745  -0.531  -33.943 0.0000000000
88274  37.677  -0.651  -34.311 0.0000000000
88275  37.241  -0.389  -34.295 0.0000000000
88276  35.763  -0.626  -34.134 0.0000000000
88277  34.965  -0.545  -33.951 0.0000000000
88278  34.399  -0.642  -33.616 0.0000000000
88279  34.065  -0.497  -33.384 0.0000000000
88280  37.265  -1.052  -34.473 0.0000000000
88281  36.999  -0.758  -34.442 0.0000000000
88282  36.467  -0.741  -34.331 0.0000000000
89098  43.129  0.257  -20.601 0.0000000000
89099  42.491  0.704  -20.659 0.0000000000
89100  42.027  0.935  -21.027 0.0000000000
89108  48.333  -0.080  -22.044 0.0000000000
89109  48.027  0.089  -21.749 0.0000000000
89110  47.410  0.088  -21.693 0.0000000000
89111  42.831  0.153  -21.143 0.0000000000
89112  42.307  0.316  -21.480 0.0000000000
89113  41.603  0.867  -21.596 0.0000000000
89119  49.076  0.139  -22.842 0.0000000000
89120  48.583  0.153  -22.527 0.0000000000
89121  47.904  0.443  -22.301 0.0000000000
89122  47.135  0.281  -22.139 0.0000000000
89123  41.847  0.218  -22.069 0.0000000000
89124  41.137  0.615  -22.488 0.0000000000
89125  40.679  1.084  -22.857 0.0000000000
89131  49.099  0.320  -23.121 0.0000000000
89132  48.490  0.507  -23.152 0.0000000000
89133  47.591  0.429  -22.828 0.0000000000
89134  47.051  0.204  -22.573 0.0000000000
89135  40.966  0.745  -23.566 0.0000000000
89136  40.677  1.310  -23.154 0.0000000000
89145  49.021  0.399  -23.549 0.0000000000
89146  48.817  0.436  -23.644 0.0000000000
89147  41.205  0.668  -24.590 0.0000000000
89157  41.151  0.821  -25.148 0.0000000000
89158  40.636  0.611  -25.560 0.0000000000
89159  39.924  0.857  -25.850 0.0000000000
89165  40.130  0.243  -26.030 0.0000000000
89166  39.527  0.581  -26.473 0.0000000000
89167  39.079  0.911  -26.927 0.0000000000
89172  39.326  0.441  -27.212 0.0000000000
89173  38.909  0.941  -27.616 0.0000000000
89179  39.233  0.275  -28.014 0.0000000000
89180  38.819  0.792  -28.555 0.0000000000
89189  39.277  0.119  -29.026 0.0000000000
89190  38.917  0.720  -29.571 0.0000000000
89191  34.439  -0.025  -29.136 0.0000000000
89192  33.762  -0.162  -29.594 0.0000000000
89197  40.381  -0.245  -30.591 0.0000000000
89198  39.682  0.145  -30.298 0.0000000000
89199  38.943  0.876  -30.601 0.0000000000
89200  33.371  -0.509  -30.401 0.0000000000
89201  33.020  -0.736  -30.554 0.0000000000
89202  31.746  0.118  -31.770 0.0000000000
89203  30.989  0.089  -31.050 0.0000000000
89204  30.024  0.242  -30.483 0.0000000000
89205  41.362  0.090  -31.686 0.0000000000
89206  40.673  0.142  -31.331 0.0000000000
89207  39.582  0.879  -31.584 0.0000000000
89208  38.868  1.115  -31.256 0.0000000000
89209  32.987  0.193  -32.485 0.0000000000
89210  32.403  0.237  -32.218 0.0000000000
89211  41.327  0.335  -32.091 0.0000000000
89212  40.544  0.626  -32.283 0.0000000000
89213  39.805  1.050  -32.642 0.0000000000
89214  34.566  0.693  -33.363 0.0000000000
89215  34.117  0.309  -33.244 0.0000000000
89216  33.468  0.204  -32.812 0.0000000000
89217  41.169  0.354  -32.718 0.0000000000
89218  40.431  0.481  -33.131 0.0000000000
89219  39.301  0.528  -33.403 0.0000000000
89220  38.259  0.270  -33.762 0.0000000000
89221  37.337  0.146  -33.991 0.0000000000
89222  36.452  0.028  -34.071 0.0000000000
89223  35.475  0.174  -33.898 0.0000000000
89224  34.663  0.216  -33.652 0.0000000000
89225  34.265  -0.167  -33.518 0.0000000000
89226  36.971  -0.270  -34.313 0.0000000000
89227  36.739  -0.451  -34.328 0.0000000000
90118  42.111  1.191  -20.607 0.0000000000
90119  41.653  1.649  -20.821 0.0000000000
90131  40.874  1.648  -21.824 0.0000000000
90132  40.603  2.185  -22.181 0.0000000000
90141  40.773  1.281  -22.458 0.0000000000
90142  40.597  1.790  -22.698 0.0000000000
90148  41.256  1.572  -24.298 0.0000000000
90149  40.811  1.716  -23.507 0.0000000000
90154  41.552  1.530  -25.020 0.0000000000
90161  41.137  1.540  -25.453 0.0000000000
90162  40.337  1.526  -25.701 0.0000000000
90163  39.308  1.536  -26.094 0.0000000000
90164  38.678  2.012  -26.383 0.0000000000
90167  39.128  1.139  -26.574 0.0000000000
90168  38.615  1.529  -26.927 0.0000000000
90171  38.211  1.553  -28.147 0.0000000000
90172  37.593  1.851  -28.635 0.0000000000
90174  38.413  1.131  -29.061 0.0000000000
90175  37.881  1.533  -29.218 0.0000000000
90179  38.366  1.200  -29.921 0.0000000000
90180  37.639  1.581  -30.243 0.0000000000
90181  37.150  1.890  -30.779 0.0000000000
90183  38.385  1.359  -30.860 0.0000000000
90184  37.753  1.738  -31.248 0.0000000000
90185  36.965  2.068  -31.531 0.0000000000
90186  31.306  1.333  -31.223 0.0000000000
90187  30.248  1.418  -30.740 0.0000000000
90189  39.300  1.214  -32.231 0.0000000000
90190  38.657  1.492  -31.860 0.0000000000
90191  37.654  1.893  -32.159 0.0000000000
90192  36.748  2.146  -32.436 0.0000000000
90193  33.511  2.124  -32.557 0.0000000000
90194  32.944  1.536  -32.409 0.0000000000
90195  31.995  1.420  -31.966 0.0000000000
90196  39.016  1.199  -32.732 0.0000000000
90197  38.206  1.466  -32.772 0.0000000000
90198  37.312  1.680  -32.975 0.0000000000
90199  36.342  1.838  -33.161 0.0000000000
90200  35.556  1.648  -33.262 0.0000000000
90201  34.716  1.348  -33.198 0.0000000000
90202  33.805  1.424  -32.771 0.0000000000
90203  33.295  0.851  -32.601 0.0000000000
90204  38.554  0.957  -33.260 0.0000000000
90205  37.786  0.972  -33.412 0.0000000000
90206  36.881  0.970  -33.525 0.0000000000
90207  35.981  0.960  -33.558 0.0000000000
90208  35.189  0.895  -33.487 0.0000000000
90209  34.780  0.815  -33.400 0.0000000000
91053  41.123  2.566  -21.110 0.0000000000
91054  40.712  2.670  -21.822 0.0000000000
91065  40.611  2.675  -22.481 0.0000000000
91073  41.257  2.476  -23.934 0.0000000000
91074  40.695  2.559  -23.209 0.0000000000
91082  42.014  2.475  -24.808 0.0000000000
91089  42.454  2.849  -25.425 0.0000000000
91090  41.906  2.455  -25.614 0.0000000000
91091  41.063  2.419  -25.839 0.0000000000
91092  39.908  2.376  -25.717 0.0000000000
91093  38.830  2.566  -25.972 0.0000000000
91095  41.706  2.784  -26.089 0.0000000000
91096  41.378  2.748  -26.036 0.0000000000
91097  38.047  2.464  -26.734 0.0000000000
91098  37.430  2.780  -26.975 0.0000000000
91101  38.065  2.033  -27.419 0.0000000000
91102  37.187  2.373  -27.852 0.0000000000
91103  35.883  2.918  -28.095 0.0000000000
91104  35.279  3.154  -28.135 0.0000000000
91107  37.106  1.963  -29.403 0.0000000000
91108  36.084  2.446  -29.147 0.0000000000
91109  34.933  2.911  -28.885 0.0000000000
91110  33.812  3.239  -29.177 0.0000000000
91111  33.234  3.398  -29.251 0.0000000000
91115  37.051  1.883  -30.250 0.0000000000
91116  36.332  2.168  -30.585 0.0000000000
91117  35.137  2.601  -30.228 0.0000000000
91118  34.017  2.821  -30.095 0.0000000000
91119  32.984  3.215  -29.993 0.0000000000
91120  32.368  3.443  -30.406 0.0000000000
91123  36.105  2.399  -31.869 0.0000000000
91124  35.256  2.571  -31.434 0.0000000000
91125  34.255  2.776  -31.253 0.0000000000
91126  33.261  3.023  -31.142 0.0000000000
91127  32.503  3.303  -31.020 0.0000000000
91128  30.688  2.628  -31.067 0.0000000000
91129  29.388  2.582  -30.792 0.0000000000
91132  35.956  2.373  -32.716 0.0000000000
91133  35.278  2.535  -32.364 0.0000000000
91134  34.461  2.737  -32.173 0.0000000000
91135  33.491  2.790  -32.221 0.0000000000
91136  32.367  2.837  -31.921 0.0000000000
91137  31.620  2.306  -31.490 0.0000000000
91138  35.796  2.130  -33.084 0.0000000000
91139  35.306  2.173  -32.967 0.0000000000
91140  34.556  2.245  -32.773 0.0000000000
91141  33.942  2.368  -32.553 0.0000000000
91945  42.189  2.890  -26.122 0.0000000000
91946  40.490  3.110  -25.806 0.0000000000
91947  39.535  3.266  -25.711 0.0000000000
91948  38.551  3.526  -25.903 0.0000000000
91949  38.117  3.995  -25.985 0.0000000000
91952  42.089  3.446  -26.404 0.0000000000
91953  41.274  3.153  -26.143 0.0000000000
91954  38.207  3.005  -26.210 0.0000000000
91955  37.496  3.506  -26.468 0.0000000000
91956  36.303  3.958  -26.786 0.0000000000
91957  35.731  4.165  -26.933 0.0000000000
91960  37.138  2.932  -27.091 0.0000000000
91961  36.555  3.215  -27.278 0.0000000000
91962  35.329  3.666  -27.507 0.0000000000
91963  34.231  4.091  -27.866 0.0000000000
91964  33.711  4.310  -28.059 0.0000000000
91967  34.987  3.263  -28.186 0.0000000000
91968  34.429  3.473  -28.353 0.0000000000
91969  33.287  3.850  -28.644 0.0000000000
91970  32.593  4.166  -28.893 0.0000000000
91974  32.913  3.535  -29.364 0.0000000000
91975  32.207  3.834  -29.700 0.0000000000
91976  31.511  4.249  -30.041 0.0000000000
91979  32.007  3.575  -30.863 0.0000000000
91980  31.152  3.873  -30.724 0.0000000000
91981  29.827  3.623  -30.725 0.0000000000
91984  32.125  3.315  -31.380 0.0000000000
91985  31.637  3.159  -31.349 0.0000000000
92826  40.798  3.590  -26.091 0.0000000000
92827  40.263  3.905  -25.832 0.0000000000
92828  39.320  4.139  -25.765 0.0000000000
92829  38.594  4.266  -25.914 0.0000000000
92835  41.200  4.248  -26.535 0.0000000000
92836  40.031  4.763  -26.234 0.0000000000
92837  39.045  4.937  -26.061 0.0000000000
92838  38.024  4.719  -26.122 0.0000000000
92839  36.928  4.700  -26.355 0.0000000000
92840  35.956  4.739  -26.665 0.0000000000
92841  35.357  4.915  -26.863 0.0000000000
92847  35.414  4.399  -26.984 0.0000000000
92848  34.807  4.660  -27.234 0.0000000000
92849  33.921  4.834  -27.660 0.0000000000
92850  33.339  5.055  -27.937 0.0000000000
92853  33.400  4.536  -28.121 0.0000000000
92854  32.785  4.760  -28.420 0.0000000000
92855  32.199  5.098  -28.858 0.0000000000
92859  32.263  4.497  -29.049 0.0000000000
92860  31.567  4.784  -29.471 0.0000000000
92861  30.873  5.083  -30.006 0.0000000000
92864  31.102  4.543  -30.201 0.0000000000
92865  30.242  4.633  -30.406 0.0000000000
92866  29.112  4.550  -30.486 0.0000000000
93691  40.713  5.489  -26.928 0.0000000000
93692  39.684  5.712  -26.478 0.0000000000
93693  38.647  5.816  -26.371 0.0000000000
93694  37.552  5.749  -26.459 0.0000000000
93695  36.513  5.630  -26.561 0.0000000000
93696  35.665  5.554  -26.797 0.0000000000
93697  35.114  5.321  -27.019 0.0000000000
93704  35.258  5.855  -27.095 0.0000000000
93705  34.613  5.667  -27.339 0.0000000000
93706  33.698  5.777  -27.741 0.0000000000
93707  33.094  5.492  -28.089 0.0000000000
93710  33.184  6.117  -28.081 0.0000000000
93711  32.578  5.805  -28.446 0.0000000000
93712  31.822  5.773  -28.985 0.0000000000
93716  31.082  5.760  -29.550 0.0000000000
93717  30.221  5.698  -30.130 0.0000000000
93718  29.466  5.946  -30.466 0.0000000000
93722  29.527  5.270  -30.427 0.0000000000
94516  40.310  6.382  -26.751 0.0000000000
94517  39.267  6.578  -26.695 0.0000000000
94518  38.213  6.781  -27.084 0.0000000000
94519  37.077  6.534  -26.972 0.0000000000
94520  36.098  6.310  -26.947 0.0000000000
94521  35.580  6.100  -27.014 0.0000000000
94528  38.000  7.377  -27.395 0.0000000000
94529  37.505  7.304  -27.434 0.0000000000
94530  36.506  7.141  -27.466 0.0000000000
94531  35.366  6.642  -27.410 0.0000000000
94532  34.354  6.568  -27.670 0.0000000000
94533  33.692  6.689  -27.995 0.0000000000
94536  33.002  6.800  -28.377 0.0000000000
94537  32.176  6.674  -28.700 0.0000000000
94538  31.464  6.651  -29.161 0.0000000000
94543  30.613  6.709  -29.720 0.0000000000
94544  29.803  6.631  -30.295 0.0000000000
94545  29.058  6.589  -30.578 0.0000000000
95352  40.119  7.606  -24.907 0.0000000000
95353  39.284  7.782  -24.906 0.0000000000
95354  38.816  7.899  -24.921 0.0000000000
95363  39.565  7.462  -25.709 0.0000000000
95364  38.880  7.816  -25.513 0.0000000000
95373  39.870  6.996  -26.378 0.0000000000
95374  38.722  7.597  -26.615 0.0000000000
95375  38.165  8.110  -26.893 0.0000000000
95378  38.232  7.431  -27.222 0.0000000000
95379  37.919  7.919  -27.371 0.0000000000
95380  36.968  7.972  -27.753 0.0000000000
95381  35.819  7.938  -28.043 0.0000000000
95382  34.742  7.392  -27.924 0.0000000000
95383  34.155  7.101  -27.965 0.0000000000
95387  35.420  8.537  -28.239 0.0000000000
95388  34.899  8.261  -28.235 0.0000000000
95389  33.856  7.709  -28.337 0.0000000000
95390  32.548  7.771  -28.839 0.0000000000
95391  31.849  7.235  -28.932 0.0000000000
95396  32.093  8.335  -29.215 0.0000000000
95397  31.378  7.790  -29.409 0.0000000000
95398  30.034  7.749  -30.285 0.0000000000
95399  29.434  7.149  -30.472 0.0000000000
95403  29.343  8.265  -30.444 0.0000000000
96199  40.137  8.878  -23.746 0.0000000000
96200  39.186  8.752  -23.557 0.0000000000
96201  38.299  8.748  -23.677 0.0000000000
96202  37.589  8.813  -23.802 0.0000000000
96213  39.680  8.234  -24.270 0.0000000000
96214  38.791  8.221  -24.351 0.0000000000
96215  38.007  8.416  -24.393 0.0000000000
96216  37.264  8.654  -24.457 0.0000000000
96224  38.424  8.045  -25.013 0.0000000000
96225  37.862  8.331  -25.227 0.0000000000
96226  37.196  8.667  -25.416 0.0000000000
96233  38.405  8.058  -25.768 0.0000000000
96234  37.933  8.289  -26.238 0.0000000000
96235  37.180  8.720  -26.341 0.0000000000
96239  37.705  8.352  -26.887 0.0000000000
96240  37.047  8.605  -27.178 0.0000000000
96241  36.424  8.797  -27.873 0.0000000000
96245  35.750  8.920  -28.248 0.0000000000
96246  35.136  8.971  -28.417 0.0000000000
96247  34.359  8.858  -28.585 0.0000000000
96248  33.409  8.724  -28.807 0.0000000000
96251  32.594  8.832  -29.131 0.0000000000
96252  31.790  8.928  -29.466 0.0000000000
96253  30.732  8.883  -29.891 0.0000000000
96256  29.709  8.876  -30.310 0.0000000000
96968  39.163  10.091  -22.928 0.0000000000
96969  38.820  10.025  -22.831 0.0000000000
96970  38.061  9.921  -22.794 0.0000000000
96971  37.328  9.835  -22.888 0.0000000000
96978  39.588  9.801  -23.161 0.0000000000
96979  38.612  9.391  -23.144 0.0000000000
96980  37.770  9.315  -23.265 0.0000000000
96981  36.845  9.339  -23.540 0.0000000000
96982  36.135  9.612  -23.938 0.0000000000
96989  36.560  9.083  -24.575 0.0000000000
96990  35.981  9.698  -24.704 0.0000000000
96997  36.543  9.176  -25.541 0.0000000000
96998  35.933  9.766  -25.660 0.0000000000
97004  36.543  9.257  -26.467 0.0000000000
97005  35.876  9.774  -26.595 0.0000000000
97009  36.386  9.256  -27.211 0.0000000000
97010  35.718  9.618  -27.566 0.0000000000
97011  35.217  9.978  -27.934 0.0000000000
97015  35.350  9.460  -28.163 0.0000000000
97016  34.768  9.777  -28.412 0.0000000000
97017  33.832  9.736  -28.805 0.0000000000
97018  33.120  9.426  -29.039 0.0000000000
97022  33.181  10.031  -29.080 0.0000000000
97023  32.472  9.783  -29.359 0.0000000000
97024  31.373  9.902  -29.663 0.0000000000
97025  30.141  9.949  -29.988 0.0000000000
97704  39.091  10.482  -22.932 0.0000000000
97705  38.358  10.643  -22.770 0.0000000000
97706  37.518  10.584  -22.734 0.0000000000
97707  36.667  10.366  -22.892 0.0000000000
97708  36.023  10.613  -23.123 0.0000000000
97716  39.705  10.916  -23.369 0.0000000000
97717  36.213  10.029  -23.398 0.0000000000
97718  35.711  10.403  -23.816 0.0000000000
97727  35.523  10.482  -24.824 0.0000000000
97735  35.458  10.464  -25.810 0.0000000000
97738  35.332  10.448  -26.746 0.0000000000
97739  34.964  10.754  -27.129 0.0000000000
97743  35.217  10.284  -27.454 0.0000000000
97744  34.762  10.614  -27.770 0.0000000000
97748  34.202  10.613  -28.419 0.0000000000
97749  33.453  10.696  -28.847 0.0000000000
97750  32.873  11.096  -29.158 0.0000000000
97753  32.854  10.494  -29.218 0.0000000000
97754  32.138  10.837  -29.537 0.0000000000
97755  30.998  10.928  -29.675 0.0000000000
98448  38.843  11.450  -22.957 0.0000000000
98449  37.830  11.443  -22.747 0.0000000000
98450  36.928  11.339  -22.743 0.0000000000
98451  36.259  11.146  -22.851 0.0000000000
98452  35.700  11.315  -23.197 0.0000000000
98461  35.211  11.441  -24.033 0.0000000000
98462  34.771  11.953  -24.593 0.0000000000
98470  35.124  11.229  -25.079 0.0000000000
98471  34.678  11.835  -25.376 0.0000000000
98478  35.064  11.137  -25.966 0.0000000000
98479  34.649  11.642  -26.193 0.0000000000
98482  34.908  11.062  -26.605 0.0000000000
98483  34.572  11.388  -27.022 0.0000000000
98487  34.170  11.431  -27.819 0.0000000000
98488  33.653  11.785  -28.139 0.0000000000
98491  33.776  11.239  -28.401 0.0000000000
98492  33.216  11.642  -28.699 0.0000000000
98493  32.467  11.757  -29.221 0.0000000000
98495  31.599  11.790  -29.571 0.0000000000
98496  30.724  11.855  -29.687 0.0000000000
99196  38.888  12.354  -23.265 0.0000000000
99197  38.143  12.267  -22.960 0.0000000000
99198  37.200  12.379  -22.757 0.0000000000
99199  36.179  12.134  -22.765 0.0000000000
99200  35.348  12.308  -23.263 0.0000000000
99208  38.374  13.039  -23.339 0.0000000000
99209  37.704  12.927  -22.991 0.0000000000
99210  34.631  12.495  -23.864 0.0000000000
99211  34.248  12.742  -24.840 0.0000000000
99212  33.895  13.248  -25.191 0.0000000000
99221  34.300  12.343  -25.776 0.0000000000
99222  33.973  12.943  -25.538 0.0000000000
99231  34.317  12.064  -26.486 0.0000000000
99232  33.856  12.780  -26.361 0.0000000000
99239  34.097  12.115  -27.117 0.0000000000
99240  33.574  12.748  -27.271 0.0000000000
99244  33.763  12.116  -27.684 0.0000000000
99245  33.206  12.490  -28.093 0.0000000000
99246  32.609  12.893  -28.555 0.0000000000
99249  32.736  12.321  -28.790 0.0000000000
99250  32.015  12.757  -29.269 0.0000000000
99251  31.074  13.139  -29.509 0.0000000000
99254  31.190  12.462  -29.641 0.0000000000
99961  37.183  13.203  -22.919 0.0000000000
99962  36.477  13.313  -22.817 0.0000000000
99963  35.688  13.171  -22.873 0.0000000000
99973  37.555  13.674  -23.346 0.0000000000
99974  36.945  13.626  -23.056 0.0000000000
99975  34.957  13.345  -23.344 0.0000000000
99976  34.277  13.516  -24.034 0.0000000000
99977  33.793  13.700  -24.844 0.0000000000
99985  33.451  13.527  -25.658 0.0000000000
99993  33.041  13.600  -26.745 0.0000000000
99994  32.480  14.080  -27.126 0.0000000000
100002  33.081  13.160  -27.555 0.0000000000
100003  32.613  13.674  -27.613 0.0000000000
100009  32.753  13.176  -28.053 0.0000000000
100010  32.152  13.623  -28.482 0.0000000000
100011  31.461  13.986  -28.715 0.0000000000
100014  31.562  13.536  -29.112 0.0000000000
100015  30.844  13.824  -29.050 0.0000000000
100697  36.147  13.928  -22.874 0.0000000000
100698  35.941  13.674  -22.806 0.0000000000
100707  36.617  14.287  -23.277 0.0000000000
100708  35.564  14.207  -23.134 0.0000000000
100709  34.598  14.382  -23.625 0.0000000000
100710  33.842  14.519  -24.294 0.0000000000
100718  32.943  14.566  -25.242 0.0000000000
100719  32.274  15.028  -25.608 0.0000000000
100727  32.850  14.043  -25.976 0.0000000000
100728  32.166  14.681  -26.436 0.0000000000
100729  31.533  15.373  -26.813 0.0000000000
100738  31.949  14.289  -27.695 0.0000000000
100739  31.441  15.053  -27.403 0.0000000000
100745  31.651  14.149  -28.336 0.0000000000
100746  30.947  14.643  -28.370 0.0000000000
100747  29.827  14.829  -28.246 0.0000000000
100750  30.471  14.168  -28.791 0.0000000000
100751  30.013  14.343  -28.624 0.0000000000
100752  29.524  14.430  -28.379 0.0000000000
101449  36.766  15.196  -23.932 0.0000000000
101450  35.892  15.387  -23.721 0.0000000000
101451  34.905  15.324  -23.469 0.0000000000
101452  34.023  15.350  -23.746 0.0000000000
101463  33.208  15.466  -24.384 0.0000000000
101464  32.152  15.712  -25.133 0.0000000000
101465  31.602  16.392  -25.536 0.0000000000
101473  31.981  15.285  -25.802 0.0000000000
101474  31.561  15.859  -26.191 0.0000000000
101481  30.911  15.875  -27.175 0.0000000000
101489  30.935  15.277  -27.744 0.0000000000
101490  30.291  15.353  -27.811 0.0000000000
102114  35.687  16.119  -23.924 0.0000000000
102115  35.188  16.190  -23.647 0.0000000000
102116  34.253  16.331  -23.634 0.0000000000
102117  33.488  16.708  -23.842 0.0000000000
102126  33.531  16.082  -23.891 0.0000000000
102127  32.764  16.542  -24.249 0.0000000000
102144  30.989  16.458  -26.577 0.0000000000
131335  28.734  -3.232  -30.866 0.0000000000
