#!ascii label  , from subject FREESURFER vox2ras=TkReg 
1115
17157  39.621  -71.483  11.908 0.0000000000
17171  39.126  -71.430  11.035 0.0000000000
17172  38.871  -70.828  10.866 0.0000000000
17185  39.307  -71.353  10.052 0.0000000000
17186  38.996  -70.941  10.509 0.0000000000
17201  39.919  -71.445  9.303 0.0000000000
18107  40.698  -70.426  13.216 0.0000000000
18108  39.581  -70.476  12.335 0.0000000000
18109  39.022  -69.995  12.029 0.0000000000
18121  39.258  -70.964  11.685 0.0000000000
18122  38.883  -70.443  11.413 0.0000000000
18139  38.988  -70.700  10.113 0.0000000000
18140  38.738  -70.409  10.504 0.0000000000
18156  39.189  -70.439  9.587 0.0000000000
18157  38.818  -70.334  9.981 0.0000000000
18175  39.938  -70.497  8.910 0.0000000000
18993  40.154  -69.590  14.964 0.0000000000
19009  40.805  -69.910  14.192 0.0000000000
19010  40.361  -69.521  14.308 0.0000000000
19019  40.618  -69.674  13.963 0.0000000000
19020  40.114  -69.338  13.802 0.0000000000
19027  40.481  -69.813  13.623 0.0000000000
19028  39.833  -69.640  13.124 0.0000000000
19029  39.217  -69.516  12.415 0.0000000000
19034  38.675  -69.484  11.761 0.0000000000
19035  38.258  -69.166  11.282 0.0000000000
19048  38.437  -69.759  10.905 0.0000000000
19049  38.110  -69.104  10.596 0.0000000000
19065  38.929  -69.931  9.471 0.0000000000
19066  38.549  -69.712  9.831 0.0000000000
19067  38.121  -68.921  9.939 0.0000000000
19084  40.233  -69.553  8.538 0.0000000000
19085  39.107  -69.635  9.036 0.0000000000
19086  38.619  -69.247  9.297 0.0000000000
19921  39.559  -69.064  15.047 0.0000000000
19922  38.969  -68.550  15.216 0.0000000000
19937  39.655  -68.809  14.358 0.0000000000
19938  38.880  -67.996  14.386 0.0000000000
19950  39.497  -68.898  13.358 0.0000000000
19951  39.044  -68.245  13.552 0.0000000000
19961  39.349  -69.112  12.832 0.0000000000
19962  38.666  -68.609  12.493 0.0000000000
19963  37.876  -68.114  12.096 0.0000000000
19969  38.353  -68.937  11.738 0.0000000000
19970  37.874  -68.512  11.370 0.0000000000
19977  37.752  -68.429  10.288 0.0000000000
19988  38.360  -68.909  9.470 0.0000000000
19989  38.013  -68.398  9.601 0.0000000000
20000  40.545  -68.512  8.070 0.0000000000
20001  39.450  -68.637  8.472 0.0000000000
20002  38.601  -68.708  8.958 0.0000000000
20003  38.266  -68.509  9.262 0.0000000000
20811  38.296  -67.737  15.038 0.0000000000
20812  37.403  -67.510  15.479 0.0000000000
20813  36.816  -66.968  15.495 0.0000000000
20823  38.264  -67.534  14.306 0.0000000000
20824  37.664  -67.175  14.629 0.0000000000
20825  37.136  -66.984  15.007 0.0000000000
20835  38.443  -67.742  13.657 0.0000000000
20836  37.808  -67.230  13.748 0.0000000000
20845  38.533  -68.036  13.128 0.0000000000
20846  37.872  -67.653  12.769 0.0000000000
20854  37.305  -67.531  11.611 0.0000000000
20855  36.849  -67.018  11.183 0.0000000000
20860  37.358  -67.829  10.647 0.0000000000
20861  36.971  -67.259  10.718 0.0000000000
20872  37.497  -67.614  9.680 0.0000000000
20873  37.160  -67.417  10.247 0.0000000000
20884  40.344  -67.855  7.841 0.0000000000
20885  39.736  -67.529  7.997 0.0000000000
20886  38.713  -67.804  8.490 0.0000000000
20887  38.088  -68.058  9.044 0.0000000000
20900  40.313  -67.527  7.797 0.0000000000
21669  36.285  -66.593  15.868 0.0000000000
21670  35.752  -65.931  15.599 0.0000000000
21679  37.148  -66.848  14.622 0.0000000000
21680  36.532  -66.436  14.807 0.0000000000
21681  35.769  -65.743  14.808 0.0000000000
21693  37.215  -66.704  14.084 0.0000000000
21694  36.542  -66.201  13.656 0.0000000000
21706  37.117  -66.781  12.992 0.0000000000
21707  36.360  -65.979  12.616 0.0000000000
21720  37.211  -67.160  12.296 0.0000000000
21721  36.684  -66.554  11.715 0.0000000000
21728  49.749  -66.399  9.712 0.0000000000
21729  49.478  -66.837  9.846 0.0000000000
21730  48.795  -67.113  10.065 0.0000000000
21731  48.111  -66.583  10.323 0.0000000000
21732  36.686  -66.602  10.661 0.0000000000
21741  49.690  -66.287  9.389 0.0000000000
21742  49.473  -66.437  9.163 0.0000000000
21743  48.897  -66.719  9.246 0.0000000000
21744  48.523  -66.723  9.747 0.0000000000
21745  37.333  -66.489  9.243 0.0000000000
21746  36.943  -66.935  9.999 0.0000000000
21757  49.271  -66.307  8.844 0.0000000000
21758  49.163  -66.482  8.938 0.0000000000
21759  39.701  -66.223  7.892 0.0000000000
21760  38.810  -66.652  8.241 0.0000000000
21761  38.010  -67.097  8.807 0.0000000000
21773  40.364  -66.936  7.738 0.0000000000
22593  35.245  -65.127  15.296 0.0000000000
22602  36.002  -65.851  14.149 0.0000000000
22603  35.368  -65.181  14.218 0.0000000000
22621  35.804  -65.540  13.272 0.0000000000
22622  35.190  -64.828  13.308 0.0000000000
22643  35.865  -65.420  12.428 0.0000000000
22644  35.442  -64.998  12.558 0.0000000000
22656  46.752  -65.632  11.189 0.0000000000
22657  35.990  -65.396  11.626 0.0000000000
22658  35.672  -65.116  12.072 0.0000000000
22665  49.993  -66.062  9.976 0.0000000000
22666  49.826  -65.399  10.099 0.0000000000
22667  47.376  -65.824  10.293 0.0000000000
22668  46.974  -65.735  10.802 0.0000000000
22669  36.296  -65.735  10.643 0.0000000000
22677  49.778  -66.218  9.539 0.0000000000
22678  49.754  -65.867  9.259 0.0000000000
22679  48.639  -66.371  9.016 0.0000000000
22680  48.177  -66.234  9.416 0.0000000000
22681  37.239  -65.328  9.011 0.0000000000
22682  36.721  -65.990  9.789 0.0000000000
22693  49.434  -65.939  8.662 0.0000000000
22694  48.912  -66.203  8.632 0.0000000000
22695  48.484  -66.114  8.884 0.0000000000
22696  39.992  -65.087  7.962 0.0000000000
22697  39.012  -65.378  8.210 0.0000000000
22698  38.032  -65.885  8.594 0.0000000000
22710  40.508  -65.878  7.659 0.0000000000
23575  34.796  -64.455  14.799 0.0000000000
23576  34.501  -63.697  15.065 0.0000000000
23585  34.870  -64.470  13.897 0.0000000000
23586  34.545  -63.887  14.251 0.0000000000
23602  34.842  -64.326  13.280 0.0000000000
23603  34.622  -63.946  13.508 0.0000000000
23628  34.957  -64.209  12.638 0.0000000000
23629  34.696  -64.010  13.056 0.0000000000
23644  46.195  -65.237  11.384 0.0000000000
23645  45.629  -64.789  11.623 0.0000000000
23646  35.763  -64.792  11.213 0.0000000000
23647  35.449  -64.521  11.711 0.0000000000
23656  47.063  -65.297  10.133 0.0000000000
23657  46.454  -65.020  10.627 0.0000000000
23658  45.811  -64.871  11.144 0.0000000000
23659  35.992  -64.842  10.674 0.0000000000
23660  35.699  -64.333  10.914 0.0000000000
23670  49.606  -64.819  9.370 0.0000000000
23671  47.483  -65.398  9.598 0.0000000000
23672  46.983  -64.862  9.929 0.0000000000
23673  37.285  -64.514  9.017 0.0000000000
23674  36.629  -64.679  9.697 0.0000000000
23687  49.717  -65.056  8.400 0.0000000000
23688  49.157  -65.260  8.143 0.0000000000
23689  48.264  -65.319  8.760 0.0000000000
23691  40.418  -64.196  7.865 0.0000000000
23692  39.479  -64.223  8.238 0.0000000000
23693  38.175  -64.406  8.625 0.0000000000
23704  49.578  -64.675  7.715 0.0000000000
23705  49.250  -64.500  7.643 0.0000000000
24584  34.452  -63.016  15.226 0.0000000000
24592  34.386  -63.148  14.453 0.0000000000
24605  34.425  -63.395  13.737 0.0000000000
24630  34.790  -63.754  12.467 0.0000000000
24631  34.515  -63.413  12.818 0.0000000000
24648  44.491  -63.643  11.673 0.0000000000
24649  34.937  -63.576  11.958 0.0000000000
24650  34.623  -62.794  12.012 0.0000000000
24657  49.239  -63.936  9.749 0.0000000000
24659  46.055  -64.119  10.491 0.0000000000
24660  45.322  -64.087  10.986 0.0000000000
24661  44.678  -63.155  11.190 0.0000000000
24662  36.061  -63.936  10.273 0.0000000000
24663  35.470  -63.476  10.894 0.0000000000
24672  50.098  -63.394  8.288 0.0000000000
24673  49.750  -63.748  8.703 0.0000000000
24674  47.407  -64.491  9.322 0.0000000000
24675  46.640  -63.953  9.950 0.0000000000
24676  37.364  -63.768  9.121 0.0000000000
24677  36.714  -63.358  9.637 0.0000000000
24689  51.065  -63.394  7.450 0.0000000000
24690  50.544  -63.481  7.746 0.0000000000
24691  50.022  -64.274  7.653 0.0000000000
24692  48.639  -64.447  8.019 0.0000000000
24693  47.891  -63.978  8.572 0.0000000000
24695  39.986  -63.370  8.025 0.0000000000
24696  38.945  -63.379  8.335 0.0000000000
24697  38.081  -63.168  8.790 0.0000000000
24716  51.467  -63.575  7.107 0.0000000000
24717  50.685  -64.017  6.825 0.0000000000
24718  49.647  -63.987  6.962 0.0000000000
24719  48.964  -63.902  7.562 0.0000000000
24721  39.596  -63.070  7.521 0.0000000000
24734  51.465  -63.556  6.231 0.0000000000
24735  50.785  -63.526  6.142 0.0000000000
24736  50.289  -63.765  6.480 0.0000000000
24738  39.281  -63.388  6.741 0.0000000000
24739  38.293  -63.236  6.613 0.0000000000
24740  37.528  -63.090  6.535 0.0000000000
24741  37.060  -62.979  6.417 0.0000000000
24756  51.492  -63.325  5.893 0.0000000000
24757  51.230  -63.474  5.940 0.0000000000
24759  39.197  -64.010  5.475 0.0000000000
24760  38.327  -63.652  5.792 0.0000000000
24761  37.607  -63.397  5.909 0.0000000000
24762  37.042  -63.182  5.929 0.0000000000
24784  38.262  -63.890  4.739 0.0000000000
24785  37.405  -63.440  5.000 0.0000000000
24786  37.149  -63.272  5.449 0.0000000000
24799  37.527  -63.388  3.913 0.0000000000
24800  37.080  -63.106  3.394 0.0000000000
25640  34.363  -62.315  14.747 0.0000000000
25655  34.254  -62.446  13.629 0.0000000000
25656  34.231  -61.878  13.095 0.0000000000
25672  43.816  -63.433  12.022 0.0000000000
25673  43.340  -62.760  12.257 0.0000000000
25674  42.954  -61.920  12.223 0.0000000000
25675  34.347  -62.158  12.566 0.0000000000
25676  34.246  -61.717  12.823 0.0000000000
25688  43.993  -62.731  11.507 0.0000000000
25689  43.405  -62.135  11.750 0.0000000000
25690  43.157  -61.658  11.843 0.0000000000
25691  35.005  -62.700  11.284 0.0000000000
25692  34.620  -62.001  11.551 0.0000000000
25698  48.883  -62.763  9.767 0.0000000000
25699  48.543  -62.466  10.686 0.0000000000
25700  45.895  -63.299  10.316 0.0000000000
25701  45.157  -62.568  10.646 0.0000000000
25702  44.532  -62.554  11.078 0.0000000000
25703  36.089  -62.894  10.074 0.0000000000
25704  35.512  -62.217  10.410 0.0000000000
25705  35.007  -62.081  10.970 0.0000000000
25717  49.900  -62.694  8.474 0.0000000000
25718  49.354  -62.754  9.074 0.0000000000
25719  47.172  -63.366  9.140 0.0000000000
25720  46.376  -62.555  9.516 0.0000000000
25721  45.756  -62.500  10.095 0.0000000000
25722  37.402  -62.778  9.226 0.0000000000
25723  36.665  -62.247  9.434 0.0000000000
25724  36.066  -62.213  9.813 0.0000000000
25737  51.130  -62.787  7.539 0.0000000000
25738  50.542  -62.768  8.006 0.0000000000
25739  48.321  -63.431  7.939 0.0000000000
25740  47.555  -62.764  8.422 0.0000000000
25741  46.988  -62.590  8.930 0.0000000000
25742  39.228  -62.868  7.969 0.0000000000
25743  38.443  -62.738  8.276 0.0000000000
25744  37.695  -62.409  8.683 0.0000000000
25745  37.306  -62.116  9.091 0.0000000000
25764  53.170  -62.380  6.321 0.0000000000
25765  52.706  -62.552  6.687 0.0000000000
25766  51.982  -62.811  7.091 0.0000000000
25767  49.381  -62.805  6.878 0.0000000000
25768  48.791  -62.932  7.375 0.0000000000
25769  48.102  -62.561  7.839 0.0000000000
25770  39.166  -62.889  7.591 0.0000000000
25771  38.629  -62.741  7.733 0.0000000000
25772  37.684  -62.369  7.918 0.0000000000
25773  36.736  -62.128  7.561 0.0000000000
25774  36.152  -61.911  7.286 0.0000000000
25795  53.280  -62.541  6.049 0.0000000000
25796  53.013  -62.838  6.279 0.0000000000
25797  52.308  -63.120  6.408 0.0000000000
25798  50.617  -62.960  6.043 0.0000000000
25799  50.033  -62.990  6.375 0.0000000000
25800  39.266  -63.007  7.345 0.0000000000
25801  38.841  -62.978  7.257 0.0000000000
25802  38.041  -62.874  7.227 0.0000000000
25803  37.113  -62.711  6.991 0.0000000000
25804  36.261  -62.356  6.805 0.0000000000
25820  53.298  -62.323  5.789 0.0000000000
25821  52.992  -62.843  5.802 0.0000000000
25822  52.085  -62.899  5.709 0.0000000000
25823  51.191  -62.879  5.808 0.0000000000
25824  36.607  -62.825  6.175 0.0000000000
25825  35.901  -62.347  5.828 0.0000000000
25839  53.175  -62.251  5.521 0.0000000000
25840  52.799  -62.340  5.376 0.0000000000
25841  52.364  -62.152  5.342 0.0000000000
25842  37.021  -63.180  4.798 0.0000000000
25843  36.641  -62.901  5.015 0.0000000000
25844  35.830  -62.133  4.883 0.0000000000
25856  37.072  -63.140  4.480 0.0000000000
25857  36.818  -62.788  3.830 0.0000000000
26788  34.298  -61.496  14.147 0.0000000000
26803  34.218  -61.609  13.425 0.0000000000
26804  34.159  -61.429  13.013 0.0000000000
26816  42.296  -61.396  12.714 0.0000000000
26818  34.355  -61.515  12.054 0.0000000000
26819  34.231  -61.391  12.599 0.0000000000
26830  48.218  -61.986  11.028 0.0000000000
26831  47.685  -61.379  11.505 0.0000000000
26832  46.996  -60.645  11.808 0.0000000000
26833  43.773  -62.019  11.381 0.0000000000
26834  43.499  -61.378  11.453 0.0000000000
26835  42.871  -61.026  12.005 0.0000000000
26836  34.498  -61.253  11.474 0.0000000000
26848  48.634  -62.051  9.781 0.0000000000
26849  48.276  -61.619  10.294 0.0000000000
26850  47.629  -60.752  10.698 0.0000000000
26851  45.038  -61.677  10.450 0.0000000000
26852  44.321  -61.667  10.898 0.0000000000
26853  43.768  -60.753  10.950 0.0000000000
26854  35.510  -61.497  10.147 0.0000000000
26855  34.984  -61.386  10.701 0.0000000000
26865  49.599  -61.539  8.569 0.0000000000
26866  48.892  -61.744  9.290 0.0000000000
26867  48.345  -61.084  9.752 0.0000000000
26868  46.153  -61.459  9.191 0.0000000000
26869  45.553  -61.609  9.841 0.0000000000
26870  36.586  -61.746  9.300 0.0000000000
26871  36.068  -61.521  9.546 0.0000000000
26883  51.727  -61.243  7.408 0.0000000000
26884  51.284  -61.593  7.574 0.0000000000
26885  50.402  -61.853  8.097 0.0000000000
26886  47.640  -61.754  8.003 0.0000000000
26887  46.865  -61.741  8.696 0.0000000000
26888  37.359  -61.998  8.824 0.0000000000
26889  36.888  -61.612  8.893 0.0000000000
26890  36.179  -60.905  8.811 0.0000000000
26899  52.936  -61.608  6.528 0.0000000000
26900  52.095  -61.767  7.114 0.0000000000
26901  51.648  -62.296  7.343 0.0000000000
26902  49.440  -62.216  6.665 0.0000000000
26903  48.860  -61.772  7.028 0.0000000000
26904  48.268  -61.983  7.540 0.0000000000
26905  37.347  -62.046  8.536 0.0000000000
26906  37.010  -61.880  8.184 0.0000000000
26907  36.212  -61.382  7.904 0.0000000000
26922  53.504  -61.876  6.049 0.0000000000
26923  50.521  -62.061  6.039 0.0000000000
26924  49.727  -61.814  6.418 0.0000000000
26925  49.262  -61.656  6.660 0.0000000000
26926  35.604  -61.608  6.695 0.0000000000
26945  53.358  -61.743  5.525 0.0000000000
26946  51.738  -61.892  5.442 0.0000000000
26947  51.094  -62.023  5.742 0.0000000000
26948  35.442  -61.469  5.403 0.0000000000
26964  53.137  -61.713  5.137 0.0000000000
26965  52.671  -61.664  5.061 0.0000000000
26966  52.282  -61.684  5.178 0.0000000000
26967  36.160  -62.152  4.070 0.0000000000
26968  35.661  -61.358  4.336 0.0000000000
26984  36.318  -62.211  3.193 0.0000000000
26985  35.884  -61.402  3.369 0.0000000000
26997  36.017  -61.712  2.532 0.0000000000
27922  34.593  -60.442  14.418 0.0000000000
27935  34.158  -60.778  13.205 0.0000000000
27936  34.128  -61.163  12.898 0.0000000000
27945  42.176  -60.237  12.446 0.0000000000
27946  41.547  -60.205  12.847 0.0000000000
27947  34.233  -60.749  12.099 0.0000000000
27948  34.148  -61.013  12.701 0.0000000000
27957  47.095  -60.160  11.111 0.0000000000
27958  46.529  -60.091  11.713 0.0000000000
27959  46.237  -60.151  12.097 0.0000000000
27960  43.179  -60.234  11.318 0.0000000000
27961  42.709  -60.219  11.895 0.0000000000
27962  34.535  -60.597  11.031 0.0000000000
27975  47.892  -60.306  10.031 0.0000000000
27976  47.443  -60.167  10.585 0.0000000000
27977  44.908  -60.941  10.199 0.0000000000
27978  44.199  -60.268  10.360 0.0000000000
27979  43.633  -60.159  10.783 0.0000000000
27980  35.474  -60.928  9.982 0.0000000000
27981  34.999  -60.496  10.246 0.0000000000
27994  49.834  -60.954  8.306 0.0000000000
27995  49.135  -60.426  8.721 0.0000000000
27996  48.498  -60.615  9.425 0.0000000000
27997  45.773  -60.858  9.250 0.0000000000
27998  45.286  -60.333  9.523 0.0000000000
27999  44.777  -60.249  9.899 0.0000000000
28000  35.639  -60.509  9.310 0.0000000000
28001  35.298  -60.430  9.751 0.0000000000
28018  51.968  -61.046  7.329 0.0000000000
28019  51.470  -60.508  7.445 0.0000000000
28020  50.431  -60.581  7.900 0.0000000000
28021  49.737  -60.358  8.254 0.0000000000
28022  47.169  -60.567  8.165 0.0000000000
28023  46.236  -60.572  8.759 0.0000000000
28024  45.699  -60.324  9.098 0.0000000000
28025  35.797  -60.489  8.817 0.0000000000
28040  52.951  -60.710  6.475 0.0000000000
28041  52.325  -60.595  6.938 0.0000000000
28042  51.800  -59.882  7.262 0.0000000000
28043  48.607  -60.857  7.067 0.0000000000
28044  48.096  -60.917  7.574 0.0000000000
28045  35.717  -60.558  8.303 0.0000000000
28059  53.372  -60.849  6.193 0.0000000000
28060  50.483  -61.418  5.924 0.0000000000
28061  50.086  -61.051  6.084 0.0000000000
28062  49.122  -60.836  6.562 0.0000000000
28063  35.316  -60.587  7.324 0.0000000000
28064  34.865  -60.022  6.741 0.0000000000
28079  53.529  -60.951  5.653 0.0000000000
28080  51.606  -61.107  5.304 0.0000000000
28081  50.913  -61.113  5.660 0.0000000000
28082  50.278  -60.236  5.691 0.0000000000
28083  35.004  -60.587  6.033 0.0000000000
28084  34.715  -59.731  6.112 0.0000000000
28096  53.415  -60.904  5.070 0.0000000000
28097  52.973  -60.883  4.650 0.0000000000
28098  52.173  -60.922  4.928 0.0000000000
28099  35.240  -60.531  4.776 0.0000000000
28112  35.682  -60.445  3.738 0.0000000000
28123  35.871  -60.523  2.477 0.0000000000
29012  34.925  -59.413  14.316 0.0000000000
29026  34.462  -59.565  13.482 0.0000000000
29035  41.977  -59.584  12.238 0.0000000000
29036  41.336  -59.475  12.612 0.0000000000
29037  40.760  -59.335  13.001 0.0000000000
29038  34.231  -59.695  12.421 0.0000000000
29046  46.883  -59.507  10.884 0.0000000000
29047  46.483  -59.225  11.203 0.0000000000
29048  45.999  -59.624  11.932 0.0000000000
29049  42.950  -59.564  11.139 0.0000000000
29050  42.402  -59.421  11.651 0.0000000000
29051  41.822  -59.282  12.087 0.0000000000
29052  34.355  -59.762  11.346 0.0000000000
29060  47.664  -59.194  9.796 0.0000000000
29061  47.210  -59.420  10.471 0.0000000000
29062  46.794  -59.169  10.767 0.0000000000
29063  44.076  -59.529  10.110 0.0000000000
29064  43.407  -59.337  10.609 0.0000000000
29065  42.805  -59.235  11.056 0.0000000000
29066  34.647  -59.912  10.497 0.0000000000
29074  48.931  -59.176  8.707 0.0000000000
29075  48.340  -59.502  9.299 0.0000000000
29076  45.179  -59.775  9.349 0.0000000000
29077  44.680  -59.486  9.572 0.0000000000
29078  43.978  -59.033  9.963 0.0000000000
29079  35.429  -60.123  9.219 0.0000000000
29080  35.060  -59.846  9.521 0.0000000000
29090  51.386  -59.718  7.409 0.0000000000
29091  50.773  -59.319  7.592 0.0000000000
29092  49.695  -59.461  8.174 0.0000000000
29093  47.103  -59.900  8.034 0.0000000000
29094  46.630  -59.499  8.196 0.0000000000
29095  45.498  -59.556  8.940 0.0000000000
29096  44.949  -59.091  9.060 0.0000000000
29097  35.517  -60.068  8.833 0.0000000000
29098  35.094  -59.412  8.579 0.0000000000
29109  53.379  -58.757  6.477 0.0000000000
29110  53.052  -59.595  6.489 0.0000000000
29111  52.225  -59.402  7.033 0.0000000000
29112  51.518  -59.155  7.348 0.0000000000
29113  51.125  -58.745  7.488 0.0000000000
29114  48.334  -59.956  7.049 0.0000000000
29115  47.458  -59.685  7.665 0.0000000000
29116  47.019  -59.020  7.719 0.0000000000
29117  35.320  -59.918  8.016 0.0000000000
29118  34.909  -59.291  7.750 0.0000000000
29132  53.597  -59.006  6.202 0.0000000000
29133  53.639  -59.982  5.926 0.0000000000
29134  49.613  -59.953  6.076 0.0000000000
29135  48.925  -59.618  6.500 0.0000000000
29136  34.991  -59.822  7.345 0.0000000000
29137  34.726  -59.253  6.822 0.0000000000
29157  53.803  -59.138  5.654 0.0000000000
29158  53.616  -60.001  5.273 0.0000000000
29159  51.469  -60.512  5.134 0.0000000000
29160  50.876  -59.804  5.191 0.0000000000
29161  50.065  -59.298  5.541 0.0000000000
29162  34.833  -59.743  5.248 0.0000000000
29163  34.608  -58.953  5.776 0.0000000000
29179  53.854  -59.025  4.942 0.0000000000
29180  53.365  -59.732  4.483 0.0000000000
29181  52.578  -59.820  4.264 0.0000000000
29182  51.672  -59.689  4.584 0.0000000000
29183  51.120  -59.203  4.747 0.0000000000
29184  35.308  -59.456  4.218 0.0000000000
29185  34.792  -58.999  4.876 0.0000000000
29196  35.814  -59.521  3.238 0.0000000000
29208  36.155  -58.939  1.888 0.0000000000
29209  35.964  -59.317  2.478 0.0000000000
29223  36.214  -59.007  1.101 0.0000000000
29224  35.924  -59.686  1.645 0.0000000000
30047  35.722  -58.401  14.321 0.0000000000
30048  35.244  -58.877  14.311 0.0000000000
30064  35.359  -58.022  13.806 0.0000000000
30065  34.918  -58.507  13.698 0.0000000000
30076  41.083  -58.780  12.345 0.0000000000
30077  40.542  -58.667  12.773 0.0000000000
30078  39.918  -58.339  13.100 0.0000000000
30079  34.409  -58.644  12.701 0.0000000000
30086  46.308  -58.179  11.115 0.0000000000
30087  45.761  -58.488  11.693 0.0000000000
30088  42.065  -58.747  11.414 0.0000000000
30089  41.519  -58.666  11.832 0.0000000000
30090  40.884  -58.342  12.158 0.0000000000
30091  34.291  -58.765  11.638 0.0000000000
30097  47.974  -58.330  9.510 0.0000000000
30098  47.338  -58.332  10.064 0.0000000000
30099  46.781  -58.448  10.656 0.0000000000
30100  43.085  -58.351  10.444 0.0000000000
30101  42.488  -58.575  10.947 0.0000000000
30102  41.836  -58.328  11.288 0.0000000000
30103  34.484  -58.924  10.378 0.0000000000
30107  49.256  -58.062  8.585 0.0000000000
30108  48.551  -58.461  9.032 0.0000000000
30109  44.103  -58.394  9.511 0.0000000000
30110  43.548  -58.431  10.071 0.0000000000
30111  34.791  -58.736  9.120 0.0000000000
30114  51.670  -57.874  7.551 0.0000000000
30115  50.891  -58.080  7.689 0.0000000000
30116  50.055  -58.342  7.933 0.0000000000
30117  45.822  -58.364  8.355 0.0000000000
30118  45.053  -58.565  8.786 0.0000000000
30119  44.654  -58.704  9.155 0.0000000000
30120  34.786  -58.776  8.242 0.0000000000
30127  53.625  -58.167  6.638 0.0000000000
30128  53.225  -58.325  6.875 0.0000000000
30129  52.625  -58.581  7.025 0.0000000000
30130  51.959  -58.565  7.284 0.0000000000
30131  51.419  -58.469  7.452 0.0000000000
30132  47.900  -59.184  7.230 0.0000000000
30133  47.464  -58.474  7.380 0.0000000000
30134  46.664  -58.393  7.844 0.0000000000
30135  34.699  -58.549  7.473 0.0000000000
30143  53.834  -58.271  6.128 0.0000000000
30144  49.331  -58.735  6.074 0.0000000000
30145  48.332  -58.634  6.769 0.0000000000
30146  47.875  -57.997  7.020 0.0000000000
30147  34.602  -58.375  6.556 0.0000000000
30159  53.931  -58.302  5.485 0.0000000000
30160  50.648  -58.661  4.999 0.0000000000
30161  49.932  -58.400  5.464 0.0000000000
30162  34.596  -58.150  5.811 0.0000000000
30175  53.917  -58.188  4.894 0.0000000000
30176  53.577  -58.407  4.251 0.0000000000
30177  52.920  -58.655  3.636 0.0000000000
30178  52.094  -58.783  3.989 0.0000000000
30179  51.359  -58.640  4.400 0.0000000000
30180  35.153  -58.433  4.390 0.0000000000
30181  34.747  -58.307  5.123 0.0000000000
30188  53.258  -58.024  3.674 0.0000000000
30189  53.019  -57.968  3.425 0.0000000000
30193  36.095  -57.987  3.088 0.0000000000
30194  35.757  -58.476  3.488 0.0000000000
30207  36.190  -58.398  2.571 0.0000000000
30208  36.021  -58.934  2.972 0.0000000000
30222  36.415  -58.308  1.604 0.0000000000
30244  36.648  -58.287  0.638 0.0000000000
31028  38.162  -57.961  14.031 0.0000000000
31029  37.242  -57.825  14.172 0.0000000000
31030  36.405  -57.863  14.188 0.0000000000
31041  39.548  -58.087  13.205 0.0000000000
31042  38.916  -57.831  13.491 0.0000000000
31043  37.765  -57.193  13.392 0.0000000000
31044  36.677  -57.271  13.679 0.0000000000
31045  35.761  -57.511  13.654 0.0000000000
31046  35.198  -57.781  13.430 0.0000000000
31058  40.504  -58.021  12.277 0.0000000000
31059  39.724  -57.615  12.494 0.0000000000
31060  38.615  -57.118  12.821 0.0000000000
31061  38.047  -56.792  12.829 0.0000000000
31062  35.343  -57.331  13.073 0.0000000000
31063  34.815  -57.669  12.824 0.0000000000
31071  46.142  -57.362  11.432 0.0000000000
31072  45.542  -57.380  11.971 0.0000000000
31073  41.436  -58.052  11.398 0.0000000000
31074  40.709  -57.629  11.577 0.0000000000
31075  39.964  -57.221  11.732 0.0000000000
31076  34.408  -57.837  11.999 0.0000000000
31079  47.895  -57.346  10.087 0.0000000000
31080  47.243  -57.435  10.571 0.0000000000
31081  46.737  -57.431  11.021 0.0000000000
31082  43.196  -57.950  10.166 0.0000000000
31083  42.589  -57.575  10.274 0.0000000000
31084  41.623  -57.645  10.906 0.0000000000
31085  40.957  -57.207  10.945 0.0000000000
31086  34.338  -57.836  10.953 0.0000000000
31089  49.444  -57.030  9.192 0.0000000000
31090  48.637  -57.379  9.427 0.0000000000
31091  43.979  -57.541  9.279 0.0000000000
31092  43.380  -57.562  9.738 0.0000000000
31093  42.818  -57.064  9.829 0.0000000000
31094  34.574  -57.699  9.678 0.0000000000
31097  53.565  -56.576  8.242 0.0000000000
31098  53.031  -57.075  8.275 0.0000000000
31099  52.246  -57.350  7.882 0.0000000000
31100  51.374  -57.162  8.151 0.0000000000
31101  50.285  -57.136  8.600 0.0000000000
31102  45.640  -57.377  8.270 0.0000000000
31103  45.080  -57.609  8.599 0.0000000000
31104  44.513  -57.944  9.009 0.0000000000
31105  34.655  -57.906  8.314 0.0000000000
31108  53.981  -57.384  6.747 0.0000000000
31109  53.636  -57.283  7.510 0.0000000000
31110  52.884  -57.743  7.471 0.0000000000
31111  52.286  -57.985  7.387 0.0000000000
31112  46.934  -57.465  7.622 0.0000000000
31113  46.215  -57.494  7.975 0.0000000000
31114  34.649  -57.723  7.186 0.0000000000
31116  54.008  -57.493  6.011 0.0000000000
31117  48.875  -57.639  6.291 0.0000000000
31118  48.169  -57.469  6.766 0.0000000000
31119  47.589  -57.409  7.203 0.0000000000
31120  34.657  -57.610  6.273 0.0000000000
31124  54.106  -57.537  5.307 0.0000000000
31125  50.251  -57.652  5.133 0.0000000000
31126  49.552  -57.663  5.681 0.0000000000
31127  35.156  -57.206  4.724 0.0000000000
31128  34.825  -57.526  5.393 0.0000000000
31137  53.917  -57.526  4.609 0.0000000000
31138  53.533  -57.526  3.975 0.0000000000
31139  52.264  -58.054  3.613 0.0000000000
31140  51.643  -57.789  3.823 0.0000000000
31141  50.954  -57.684  4.480 0.0000000000
31144  35.458  -57.555  4.084 0.0000000000
31145  35.022  -57.800  4.718 0.0000000000
31152  53.130  -57.480  3.536 0.0000000000
31153  52.588  -57.579  3.457 0.0000000000
31154  51.999  -57.475  3.428 0.0000000000
31159  36.360  -57.546  2.830 0.0000000000
31160  35.940  -57.508  3.387 0.0000000000
31174  36.550  -57.698  2.094 0.0000000000
31189  38.198  -57.133  0.831 0.0000000000
31190  37.565  -57.282  1.042 0.0000000000
31191  36.869  -57.631  1.343 0.0000000000
31215  37.161  -57.697  0.534 0.0000000000
31985  36.897  -56.754  13.142 0.0000000000
31986  36.093  -56.827  13.181 0.0000000000
31987  35.626  -57.064  13.081 0.0000000000
31996  38.939  -56.805  12.265 0.0000000000
31997  38.275  -56.554  12.428 0.0000000000
31998  37.502  -56.414  12.608 0.0000000000
31999  36.498  -56.327  12.637 0.0000000000
32000  35.394  -56.670  12.373 0.0000000000
32001  34.721  -57.265  12.210 0.0000000000
32008  47.479  -56.303  11.325 0.0000000000
32009  46.830  -56.488  11.463 0.0000000000
32010  46.046  -56.452  11.878 0.0000000000
32011  40.021  -56.961  11.318 0.0000000000
32012  39.416  -56.670  11.634 0.0000000000
32013  38.552  -56.247  11.868 0.0000000000
32014  37.940  -56.113  12.104 0.0000000000
32015  35.081  -56.301  11.117 0.0000000000
32016  34.603  -57.058  11.556 0.0000000000
32021  49.433  -56.125  10.239 0.0000000000
32022  48.669  -56.419  10.361 0.0000000000
32023  47.834  -56.569  10.902 0.0000000000
32024  47.239  -56.831  11.075 0.0000000000
32025  41.783  -56.986  10.334 0.0000000000
32026  41.137  -56.851  10.584 0.0000000000
32027  40.374  -56.683  10.817 0.0000000000
32028  39.735  -56.476  11.056 0.0000000000
32029  34.983  -56.155  10.142 0.0000000000
32030  34.588  -56.912  10.520 0.0000000000
32033  52.436  -55.936  9.274 0.0000000000
32034  51.676  -55.952  9.369 0.0000000000
32035  50.861  -56.000  9.644 0.0000000000
32036  50.010  -56.313  9.721 0.0000000000
32037  49.204  -56.575  9.763 0.0000000000
32038  43.648  -56.975  9.323 0.0000000000
32039  43.040  -56.592  9.478 0.0000000000
32040  42.227  -56.539  9.841 0.0000000000
32041  41.325  -56.317  10.139 0.0000000000
32042  40.726  -56.314  10.386 0.0000000000
32043  34.959  -56.132  9.239 0.0000000000
32044  34.705  -56.741  9.673 0.0000000000
32046  54.288  -55.929  8.062 0.0000000000
32047  53.878  -55.984  8.443 0.0000000000
32048  53.188  -56.224  8.914 0.0000000000
32049  52.165  -56.549  8.673 0.0000000000
32050  51.139  -56.459  8.921 0.0000000000
32051  50.562  -56.421  9.233 0.0000000000
32052  45.852  -56.827  8.085 0.0000000000
32053  45.233  -56.558  8.410 0.0000000000
32054  44.276  -56.767  8.941 0.0000000000
32055  43.545  -56.367  9.215 0.0000000000
32056  35.023  -56.162  8.270 0.0000000000
32057  34.726  -56.923  8.813 0.0000000000
32060  54.218  -56.364  7.422 0.0000000000
32061  53.955  -56.418  7.972 0.0000000000
32062  47.198  -56.514  7.416 0.0000000000
32063  46.391  -56.508  7.771 0.0000000000
32064  45.770  -56.179  8.056 0.0000000000
32065  35.123  -56.179  7.208 0.0000000000
32066  34.763  -56.961  7.752 0.0000000000
32068  54.264  -56.593  6.535 0.0000000000
32069  49.287  -56.752  5.906 0.0000000000
32070  48.607  -56.598  6.449 0.0000000000
32071  47.846  -56.535  6.910 0.0000000000
32072  35.169  -56.311  6.145 0.0000000000
32073  34.826  -56.951  6.752 0.0000000000
32077  54.198  -56.831  5.800 0.0000000000
32078  50.476  -56.777  4.645 0.0000000000
32079  49.857  -56.792  5.311 0.0000000000
32080  35.147  -56.704  5.262 0.0000000000
32081  34.851  -56.996  5.957 0.0000000000
32089  54.308  -56.709  5.112 0.0000000000
32090  53.835  -56.639  4.349 0.0000000000
32091  53.418  -56.319  3.905 0.0000000000
32092  51.656  -57.163  3.504 0.0000000000
32093  51.090  -56.672  3.728 0.0000000000
32097  40.723  -56.202  4.063 0.0000000000
32098  36.130  -56.088  4.059 0.0000000000
32099  35.636  -56.559  4.304 0.0000000000
32105  53.382  -56.936  3.788 0.0000000000
32106  52.833  -56.649  3.521 0.0000000000
32107  51.889  -56.678  3.241 0.0000000000
32108  51.291  -56.173  3.206 0.0000000000
32112  40.323  -56.366  3.526 0.0000000000
32113  39.406  -56.029  3.199 0.0000000000
32114  38.488  -55.974  3.016 0.0000000000
32115  37.562  -56.167  3.028 0.0000000000
32116  36.511  -56.583  3.384 0.0000000000
32117  35.785  -57.001  3.718 0.0000000000
32128  39.948  -56.506  2.951 0.0000000000
32129  39.317  -56.382  2.542 0.0000000000
32130  38.308  -56.318  2.324 0.0000000000
32131  37.381  -56.609  2.361 0.0000000000
32132  36.795  -57.118  2.374 0.0000000000
32145  39.048  -56.586  1.734 0.0000000000
32146  38.132  -56.735  1.478 0.0000000000
32147  37.200  -57.044  1.709 0.0000000000
32148  36.821  -57.341  1.869 0.0000000000
32166  38.883  -56.773  1.246 0.0000000000
32167  38.705  -56.941  0.941 0.0000000000
32963  37.561  -55.954  12.082 0.0000000000
32964  37.032  -55.832  12.127 0.0000000000
32965  36.231  -55.953  12.048 0.0000000000
32972  47.948  -55.172  11.403 0.0000000000
32973  47.479  -55.548  11.516 0.0000000000
32974  46.563  -55.553  11.858 0.0000000000
32976  39.410  -56.200  11.134 0.0000000000
32977  38.923  -55.898  11.314 0.0000000000
32978  37.772  -55.505  11.487 0.0000000000
32979  36.629  -55.416  11.497 0.0000000000
32980  35.784  -55.800  11.452 0.0000000000
32986  49.835  -54.878  10.560 0.0000000000
32987  49.324  -55.408  10.650 0.0000000000
32988  48.285  -55.601  11.178 0.0000000000
32989  47.841  -56.040  11.361 0.0000000000
32990  40.281  -56.102  10.424 0.0000000000
32991  39.564  -55.715  10.629 0.0000000000
32992  38.606  -55.306  10.931 0.0000000000
32993  38.009  -55.009  10.920 0.0000000000
32994  36.115  -55.289  10.959 0.0000000000
32995  35.558  -55.556  10.544 0.0000000000
33001  52.065  -55.340  9.460 0.0000000000
33002  51.270  -55.333  9.798 0.0000000000
33003  50.336  -55.362  10.277 0.0000000000
33004  49.802  -55.816  10.299 0.0000000000
33005  43.152  -56.014  9.222 0.0000000000
33006  42.516  -55.557  9.301 0.0000000000
33007  41.525  -55.633  9.671 0.0000000000
33008  40.519  -55.590  10.044 0.0000000000
33009  39.823  -55.099  10.138 0.0000000000
33010  35.340  -55.539  9.720 0.0000000000
33013  54.329  -55.334  8.355 0.0000000000
33014  53.669  -55.380  8.842 0.0000000000
33015  52.925  -55.398  9.361 0.0000000000
33016  45.323  -55.524  8.193 0.0000000000
33017  44.551  -55.618  8.560 0.0000000000
33018  43.516  -55.502  8.963 0.0000000000
33019  42.815  -54.929  8.975 0.0000000000
33020  35.321  -55.451  8.837 0.0000000000
33023  54.719  -55.480  7.847 0.0000000000
33024  47.453  -55.616  7.116 0.0000000000
33025  46.768  -55.591  7.520 0.0000000000
33026  46.027  -55.473  7.841 0.0000000000
33027  35.401  -55.396  7.797 0.0000000000
33029  54.652  -55.641  7.038 0.0000000000
33030  49.587  -56.214  5.520 0.0000000000
33031  49.125  -55.640  5.863 0.0000000000
33032  48.168  -55.606  6.563 0.0000000000
33033  36.117  -54.835  6.300 0.0000000000
33034  35.666  -55.347  6.551 0.0000000000
33036  54.486  -55.819  5.975 0.0000000000
33037  50.512  -56.260  4.238 0.0000000000
33038  49.947  -55.720  4.768 0.0000000000
33039  49.352  -55.222  5.246 0.0000000000
33040  36.260  -55.067  5.663 0.0000000000
33041  35.670  -55.829  5.192 0.0000000000
33049  54.402  -55.703  4.945 0.0000000000
33050  53.795  -55.644  4.318 0.0000000000
33051  53.078  -55.680  3.854 0.0000000000
33052  50.508  -55.893  3.842 0.0000000000
33053  50.080  -55.350  3.494 0.0000000000
33057  40.709  -55.397  4.251 0.0000000000
33058  39.714  -55.145  4.264 0.0000000000
33059  38.834  -55.079  4.165 0.0000000000
33060  37.904  -55.151  4.131 0.0000000000
33061  36.727  -55.531  4.376 0.0000000000
33062  35.962  -55.939  4.433 0.0000000000
33069  52.306  -55.753  3.356 0.0000000000
33070  51.504  -55.688  3.058 0.0000000000
33071  50.696  -55.630  3.042 0.0000000000
33072  50.088  -55.240  2.840 0.0000000000
33075  40.197  -55.791  4.005 0.0000000000
33076  39.536  -55.648  3.765 0.0000000000
33077  38.645  -55.548  3.595 0.0000000000
33078  37.702  -55.662  3.567 0.0000000000
33079  37.085  -55.944  3.554 0.0000000000
33946  48.161  -54.964  11.301 0.0000000000
33947  47.716  -54.575  11.240 0.0000000000
33948  46.841  -54.621  11.536 0.0000000000
33950  37.067  -55.042  11.187 0.0000000000
33951  36.624  -55.017  10.912 0.0000000000
33957  50.119  -54.312  10.322 0.0000000000
33958  49.408  -54.409  10.610 0.0000000000
33959  48.520  -54.528  10.954 0.0000000000
33960  48.007  -54.148  10.949 0.0000000000
33961  38.924  -55.065  10.584 0.0000000000
33962  38.340  -54.740  10.568 0.0000000000
33963  37.282  -54.613  10.582 0.0000000000
33964  36.123  -54.842  10.327 0.0000000000
33965  35.639  -55.167  10.035 0.0000000000
33972  52.434  -54.706  9.373 0.0000000000
33973  51.644  -54.718  9.600 0.0000000000
33974  50.891  -54.559  9.960 0.0000000000
33975  41.658  -54.911  9.300 0.0000000000
33976  40.907  -54.853  9.502 0.0000000000
33977  40.043  -54.584  9.675 0.0000000000
33978  39.099  -54.581  10.103 0.0000000000
33979  38.029  -54.157  10.026 0.0000000000
33980  37.282  -54.033  9.766 0.0000000000
33981  36.502  -54.231  9.366 0.0000000000
33982  35.714  -54.926  9.482 0.0000000000
33987  55.554  -54.129  7.741 0.0000000000
33988  55.060  -54.579  8.238 0.0000000000
33989  54.133  -54.613  8.540 0.0000000000
33990  53.294  -54.647  9.052 0.0000000000
33991  44.807  -54.868  8.234 0.0000000000
33992  44.055  -54.520  8.470 0.0000000000
33993  43.051  -54.342  8.643 0.0000000000
33994  42.118  -54.379  8.851 0.0000000000
33995  41.150  -54.229  9.038 0.0000000000
33996  40.496  -54.240  9.228 0.0000000000
33997  36.325  -54.130  8.088 0.0000000000
33998  35.727  -54.704  8.509 0.0000000000
34000  55.484  -54.122  7.101 0.0000000000
34001  55.160  -54.819  7.500 0.0000000000
34002  47.044  -54.915  7.265 0.0000000000
34003  46.384  -54.585  7.485 0.0000000000
34004  45.422  -54.500  7.849 0.0000000000
34005  44.657  -54.198  8.084 0.0000000000
34006  36.335  -54.182  7.132 0.0000000000
34007  35.819  -54.668  7.452 0.0000000000
34011  55.374  -54.045  6.331 0.0000000000
34012  55.024  -54.827  6.627 0.0000000000
34013  48.392  -54.710  6.086 0.0000000000
34014  47.533  -54.615  6.717 0.0000000000
34015  46.874  -54.310  7.110 0.0000000000
34016  37.226  -54.053  5.851 0.0000000000
34017  36.593  -54.333  6.290 0.0000000000
34018  36.051  -54.638  6.727 0.0000000000
34023  55.320  -53.878  5.864 0.0000000000
34024  54.901  -54.527  5.620 0.0000000000
34025  49.385  -54.920  4.838 0.0000000000
34026  48.924  -54.697  5.382 0.0000000000
34027  38.433  -54.034  5.067 0.0000000000
34028  37.760  -54.155  5.311 0.0000000000
34029  36.977  -54.638  5.353 0.0000000000
34038  54.334  -54.699  4.752 0.0000000000
34039  53.493  -54.757  4.328 0.0000000000
34040  52.634  -54.869  3.842 0.0000000000
34041  49.539  -54.720  3.975 0.0000000000
34042  49.056  -54.396  4.641 0.0000000000
34045  41.051  -54.361  4.377 0.0000000000
34046  40.029  -54.357  4.527 0.0000000000
34047  39.036  -54.375  4.655 0.0000000000
34048  38.218  -54.585  4.653 0.0000000000
34049  37.497  -54.813  4.757 0.0000000000
34057  51.877  -54.889  3.280 0.0000000000
34058  51.093  -54.841  2.759 0.0000000000
34059  50.150  -54.741  2.444 0.0000000000
34060  49.679  -54.807  2.920 0.0000000000
34070  49.671  -54.323  2.122 0.0000000000
34071  49.568  -54.479  2.297 0.0000000000
34918  47.645  -53.877  10.878 0.0000000000
34919  46.963  -53.712  10.988 0.0000000000
34934  49.977  -53.735  10.106 0.0000000000
34935  49.579  -53.766  10.316 0.0000000000
34936  48.916  -53.594  10.456 0.0000000000
34937  48.120  -53.581  10.631 0.0000000000
34938  47.455  -53.258  10.654 0.0000000000
34950  51.910  -54.237  9.287 0.0000000000
34951  51.253  -54.086  9.461 0.0000000000
34952  50.429  -53.647  9.584 0.0000000000
34953  49.661  -53.351  9.907 0.0000000000
34954  49.281  -53.323  10.152 0.0000000000
34955  39.993  -53.961  9.190 0.0000000000
34956  39.382  -53.901  9.383 0.0000000000
34957  38.514  -53.739  9.446 0.0000000000
34958  37.641  -53.700  9.345 0.0000000000
34959  37.098  -53.846  9.284 0.0000000000
34968  55.851  -53.025  7.681 0.0000000000
34969  55.541  -53.497  8.025 0.0000000000
34970  54.710  -53.729  8.380 0.0000000000
34971  53.705  -53.870  8.584 0.0000000000
34972  52.602  -53.928  8.889 0.0000000000
34973  51.624  -53.674  9.002 0.0000000000
34974  51.036  -53.622  9.173 0.0000000000
34975  44.185  -53.715  8.118 0.0000000000
34976  43.434  -53.592  8.218 0.0000000000
34977  42.323  -53.240  8.218 0.0000000000
34978  41.303  -53.487  8.524 0.0000000000
34979  40.387  -53.591  8.788 0.0000000000
34980  39.655  -53.523  8.903 0.0000000000
34981  38.920  -53.290  8.750 0.0000000000
34982  37.983  -53.316  8.699 0.0000000000
34983  37.083  -53.656  8.586 0.0000000000
34990  56.016  -52.909  7.482 0.0000000000
34991  55.849  -53.375  7.393 0.0000000000
34992  46.507  -53.971  7.177 0.0000000000
34993  45.875  -53.523  7.216 0.0000000000
34994  44.769  -53.456  7.644 0.0000000000
34995  43.869  -53.027  7.789 0.0000000000
34996  43.067  -52.883  7.806 0.0000000000
34997  38.389  -52.945  8.058 0.0000000000
34998  37.576  -53.250  7.740 0.0000000000
34999  36.825  -53.693  7.482 0.0000000000
35004  55.780  -53.514  6.721 0.0000000000
35005  48.437  -54.257  5.631 0.0000000000
35006  47.867  -53.718  5.863 0.0000000000
35007  46.808  -53.594  6.683 0.0000000000
35008  46.183  -53.100  6.700 0.0000000000
35009  38.215  -52.900  7.067 0.0000000000
35010  37.331  -53.541  6.566 0.0000000000
35011  36.697  -53.864  6.839 0.0000000000
35016  55.662  -53.426  6.042 0.0000000000
35017  55.339  -53.538  5.520 0.0000000000
35018  48.574  -53.984  5.061 0.0000000000
35019  48.164  -53.330  4.776 0.0000000000
35020  40.230  -52.830  5.454 0.0000000000
35021  39.638  -53.029  5.486 0.0000000000
35022  38.499  -53.317  5.755 0.0000000000
35023  37.650  -53.713  5.830 0.0000000000
35031  54.887  -53.730  5.044 0.0000000000
35032  54.113  -53.729  4.656 0.0000000000
35033  53.026  -53.778  4.320 0.0000000000
35034  52.220  -53.469  4.133 0.0000000000
35035  49.315  -54.399  3.305 0.0000000000
35036  48.773  -53.815  3.812 0.0000000000
35037  48.263  -53.228  4.158 0.0000000000
35038  42.306  -53.516  4.343 0.0000000000
35039  41.508  -53.488  4.580 0.0000000000
35040  40.447  -53.292  4.888 0.0000000000
35041  39.366  -53.644  4.997 0.0000000000
35042  38.801  -53.818  5.084 0.0000000000
35050  52.206  -54.207  3.854 0.0000000000
35051  51.487  -53.885  3.491 0.0000000000
35052  50.611  -53.916  2.725 0.0000000000
35053  49.165  -54.270  2.691 0.0000000000
35054  48.554  -53.652  2.557 0.0000000000
35065  49.895  -53.967  2.156 0.0000000000
35993  48.453  -53.078  10.300 0.0000000000
35994  47.831  -52.553  10.185 0.0000000000
36008  50.284  -53.103  9.095 0.0000000000
36009  49.807  -52.979  9.370 0.0000000000
36010  48.899  -52.691  9.723 0.0000000000
36011  48.143  -52.141  9.593 0.0000000000
36023  56.034  -52.621  7.575 0.0000000000
36024  55.751  -52.756  7.786 0.0000000000
36025  55.204  -52.728  8.042 0.0000000000
36026  54.209  -53.027  8.216 0.0000000000
36027  53.158  -53.135  8.331 0.0000000000
36028  52.092  -53.108  8.477 0.0000000000
36029  50.913  -52.991  8.676 0.0000000000
36030  50.106  -52.690  8.810 0.0000000000
36031  49.476  -52.474  8.948 0.0000000000
36032  41.839  -52.680  7.699 0.0000000000
36033  41.320  -52.815  7.908 0.0000000000
36034  40.491  -52.917  8.140 0.0000000000
36035  39.588  -53.000  8.338 0.0000000000
36036  38.952  -52.920  8.237 0.0000000000
36045  56.239  -52.622  7.107 0.0000000000
36046  56.046  -53.134  6.941 0.0000000000
36047  55.140  -52.199  7.824 0.0000000000
36048  54.638  -52.297  7.807 0.0000000000
36049  53.691  -52.397  7.811 0.0000000000
36050  52.639  -52.429  7.898 0.0000000000
36051  51.701  -52.414  8.091 0.0000000000
36052  45.072  -52.803  7.093 0.0000000000
36053  44.289  -52.531  7.247 0.0000000000
36054  43.357  -52.369  7.232 0.0000000000
36055  42.333  -52.446  7.313 0.0000000000
36056  41.393  -52.478  7.216 0.0000000000
36057  40.588  -52.588  7.351 0.0000000000
36058  39.759  -52.671  7.511 0.0000000000
36059  38.965  -52.715  7.684 0.0000000000
36062  56.368  -52.224  6.303 0.0000000000
36063  56.054  -52.934  6.435 0.0000000000
36064  47.108  -52.964  6.040 0.0000000000
36065  46.415  -52.782  6.296 0.0000000000
36066  45.650  -52.551  6.520 0.0000000000
36067  44.724  -52.158  6.614 0.0000000000
36068  43.819  -51.953  6.589 0.0000000000
36069  42.786  -52.036  6.221 0.0000000000
36070  41.637  -52.311  6.396 0.0000000000
36071  40.725  -52.457  6.536 0.0000000000
36072  39.925  -52.616  6.696 0.0000000000
36073  39.070  -52.645  6.770 0.0000000000
36075  56.336  -52.005  5.856 0.0000000000
36076  55.872  -52.544  5.540 0.0000000000
36077  55.322  -53.138  5.182 0.0000000000
36078  47.469  -52.826  5.269 0.0000000000
36079  46.638  -52.382  5.593 0.0000000000
36080  46.055  -52.297  5.997 0.0000000000
36081  43.333  -52.132  4.636 0.0000000000
36082  42.787  -52.117  5.134 0.0000000000
36083  41.874  -52.359  5.488 0.0000000000
36084  40.860  -52.566  5.626 0.0000000000
36085  40.103  -52.657  5.960 0.0000000000
36086  39.407  -52.768  6.097 0.0000000000
36094  55.595  -52.039  5.077 0.0000000000
36095  54.990  -52.643  4.854 0.0000000000
36096  53.822  -52.676  4.569 0.0000000000
36097  52.802  -52.656  4.363 0.0000000000
36098  51.839  -52.733  4.110 0.0000000000
36099  48.260  -53.153  3.701 0.0000000000
36100  47.784  -52.741  4.238 0.0000000000
36101  47.002  -52.252  4.789 0.0000000000
36103  43.614  -52.373  4.072 0.0000000000
36104  42.868  -52.750  4.395 0.0000000000
36105  42.063  -52.752  4.738 0.0000000000
36106  41.309  -52.815  4.996 0.0000000000
36120  48.411  -53.347  3.247 0.0000000000
36121  47.924  -52.805  2.971 0.0000000000
36122  47.031  -52.197  3.778 0.0000000000
37054  47.687  -51.789  9.682 0.0000000000
37070  48.433  -52.062  9.235 0.0000000000
37071  47.946  -51.600  9.074 0.0000000000
37086  56.008  -52.404  7.701 0.0000000000
37087  55.808  -52.270  7.761 0.0000000000
37088  55.489  -52.104  7.784 0.0000000000
37089  50.434  -52.382  8.480 0.0000000000
37090  49.908  -52.074  8.434 0.0000000000
37091  48.849  -51.736  8.547 0.0000000000
37092  48.023  -51.090  8.449 0.0000000000
37101  56.284  -51.983  7.498 0.0000000000
37102  55.934  -51.587  7.602 0.0000000000
37103  55.213  -51.651  7.586 0.0000000000
37104  54.284  -51.647  7.395 0.0000000000
37105  53.207  -51.684  7.336 0.0000000000
37106  52.078  -51.742  7.440 0.0000000000
37107  50.858  -51.831  7.920 0.0000000000
37108  49.816  -51.374  7.833 0.0000000000
37109  49.094  -51.022  7.676 0.0000000000
37115  56.574  -51.613  6.826 0.0000000000
37116  45.686  -52.109  6.004 0.0000000000
37117  45.190  -51.867  6.006 0.0000000000
37118  44.297  -51.684  5.952 0.0000000000
37119  43.547  -51.753  5.920 0.0000000000
37121  56.600  -51.447  6.074 0.0000000000
37122  56.289  -51.729  5.619 0.0000000000
37123  46.483  -52.025  5.110 0.0000000000
37124  45.865  -51.864  5.399 0.0000000000
37125  44.837  -51.588  5.205 0.0000000000
37126  43.755  -51.772  5.147 0.0000000000
37127  43.199  -51.879  5.609 0.0000000000
37132  56.532  -51.181  5.557 0.0000000000
37133  56.081  -51.467  5.161 0.0000000000
37134  55.389  -51.506  4.792 0.0000000000
37135  54.481  -51.612  4.625 0.0000000000
37136  53.467  -51.645  4.473 0.0000000000
37138  46.365  -51.888  4.541 0.0000000000
37139  45.525  -51.649  4.429 0.0000000000
37140  44.452  -51.808  4.192 0.0000000000
37141  43.773  -51.968  4.511 0.0000000000
37155  46.181  -51.867  3.644 0.0000000000
37156  45.408  -51.762  3.545 0.0000000000
38011  48.411  -50.783  7.885 0.0000000000
38024  57.256  -50.037  6.859 0.0000000000
38025  56.604  -50.696  7.158 0.0000000000
38026  55.842  -50.775  7.321 0.0000000000
38027  54.961  -50.837  7.146 0.0000000000
38028  53.901  -50.835  6.868 0.0000000000
38029  52.701  -50.891  6.816 0.0000000000
38030  51.539  -50.903  7.002 0.0000000000
38031  50.562  -50.873  7.254 0.0000000000
38032  49.706  -50.646  7.181 0.0000000000
38033  48.843  -50.319  7.143 0.0000000000
38042  57.291  -50.041  6.521 0.0000000000
38043  56.971  -50.644  6.521 0.0000000000
38044  51.066  -50.373  6.771 0.0000000000
38045  50.412  -50.178  6.672 0.0000000000
38046  49.573  -49.948  6.616 0.0000000000
38047  48.922  -49.679  6.626 0.0000000000
38053  57.228  -50.073  6.115 0.0000000000
38054  56.875  -50.669  5.842 0.0000000000
38059  57.035  -50.104  5.616 0.0000000000
38060  56.598  -50.509  5.260 0.0000000000
38061  55.919  -50.594  4.806 0.0000000000
38954  57.246  -49.270  7.166 0.0000000000
38955  56.366  -49.714  7.214 0.0000000000
38956  55.585  -50.065  7.041 0.0000000000
38957  54.735  -49.932  6.690 0.0000000000
38958  53.420  -49.734  6.384 0.0000000000
38959  52.157  -50.104  6.556 0.0000000000
38960  51.517  -50.249  6.656 0.0000000000
38974  57.395  -49.419  6.425 0.0000000000
38975  53.136  -49.084  5.985 0.0000000000
38976  52.476  -49.253  6.164 0.0000000000
38977  51.341  -49.574  6.352 0.0000000000
38978  50.258  -49.349  6.224 0.0000000000
38979  49.376  -49.196  6.240 0.0000000000
39867  56.697  -48.519  7.157 0.0000000000
39868  55.683  -48.990  6.832 0.0000000000
39869  54.539  -48.925  6.401 0.0000000000
39870  53.681  -48.669  6.078 0.0000000000
39883  52.914  -48.498  5.775 0.0000000000
39884  51.939  -48.507  5.894 0.0000000000
39885  50.906  -48.529  5.872 0.0000000000
39886  49.921  -48.481  5.872 0.0000000000
40710  56.167  -47.673  6.663 0.0000000000
40711  55.182  -48.054  6.433 0.0000000000
40712  54.354  -48.125  6.180 0.0000000000
40723  55.493  -47.241  6.340 0.0000000000
40724  54.718  -47.365  6.049 0.0000000000
40725  53.672  -47.640  5.784 0.0000000000
40726  52.534  -47.581  5.627 0.0000000000
41596  54.260  -46.548  5.709 0.0000000000
