#!ascii label  , from subject FREESURFER vox2ras=TkReg 
939
57006  25.956  -31.239  17.655 0.0000000000
57007  25.810  -30.784  17.348 0.0000000000
57017  26.074  -31.286  16.697 0.0000000000
57018  25.852  -30.969  17.164 0.0000000000
57030  26.454  -31.384  15.920 0.0000000000
57041  26.888  -31.395  15.460 0.0000000000
58153  26.266  -30.368  19.198 0.0000000000
58161  25.972  -30.442  18.298 0.0000000000
58162  25.784  -30.403  17.583 0.0000000000
58171  25.911  -30.726  16.485 0.0000000000
58172  25.763  -30.488  16.913 0.0000000000
58181  26.068  -30.785  16.077 0.0000000000
58182  25.812  -30.309  16.237 0.0000000000
58190  27.019  -30.856  15.129 0.0000000000
58191  26.470  -30.509  15.419 0.0000000000
58192  25.995  -30.348  15.826 0.0000000000
58198  28.247  -30.860  14.586 0.0000000000
58199  27.514  -30.552  14.722 0.0000000000
58200  26.932  -30.446  14.943 0.0000000000
58221  28.053  -30.391  14.409 0.0000000000
59192  26.701  -29.240  20.593 0.0000000000
59198  26.440  -29.308  19.546 0.0000000000
59207  26.207  -29.424  18.493 0.0000000000
59208  25.886  -29.807  17.893 0.0000000000
59218  26.039  -29.183  17.702 0.0000000000
59219  25.757  -29.616  17.215 0.0000000000
59227  25.670  -29.696  16.500 0.0000000000
59235  26.301  -29.812  15.148 0.0000000000
59236  25.862  -29.709  15.668 0.0000000000
59241  27.340  -30.045  14.442 0.0000000000
59242  26.808  -29.825  14.580 0.0000000000
59262  27.733  -29.741  14.061 0.0000000000
59263  26.891  -29.208  13.745 0.0000000000
60169  26.798  -28.188  20.845 0.0000000000
60175  26.602  -28.112  19.844 0.0000000000
60181  26.459  -28.353  18.818 0.0000000000
60188  26.233  -28.432  17.897 0.0000000000
60194  25.937  -28.599  16.964 0.0000000000
60195  25.699  -29.178  16.741 0.0000000000
60200  25.838  -28.333  16.398 0.0000000000
60201  25.654  -28.823  16.200 0.0000000000
60206  26.112  -29.218  14.913 0.0000000000
60207  25.769  -28.748  15.370 0.0000000000
60212  26.333  -28.680  14.087 0.0000000000
60213  25.936  -28.484  14.737 0.0000000000
60230  28.104  -28.943  13.223 0.0000000000
60231  27.304  -28.858  13.234 0.0000000000
60232  26.749  -28.471  13.237 0.0000000000
60252  28.338  -28.416  12.602 0.0000000000
60253  27.535  -28.264  12.500 0.0000000000
60254  27.052  -28.399  12.797 0.0000000000
60273  28.415  -28.059  12.024 0.0000000000
60274  27.956  -28.153  12.130 0.0000000000
61138  26.929  -27.314  21.195 0.0000000000
61139  26.736  -27.240  20.363 0.0000000000
61147  26.633  -27.084  19.634 0.0000000000
61155  26.528  -27.316  18.966 0.0000000000
61164  26.444  -27.454  18.098 0.0000000000
61172  26.307  -27.569  17.193 0.0000000000
61179  26.032  -27.696  16.228 0.0000000000
61180  25.784  -28.241  16.148 0.0000000000
61182  25.966  -27.460  15.245 0.0000000000
61183  25.765  -28.162  15.713 0.0000000000
61190  26.031  -27.673  14.342 0.0000000000
61191  25.772  -28.090  15.064 0.0000000000
61199  26.407  -27.712  13.349 0.0000000000
61207  27.279  -27.811  12.122 0.0000000000
61208  26.887  -27.796  12.481 0.0000000000
61226  28.522  -27.760  11.453 0.0000000000
61227  27.650  -27.654  11.610 0.0000000000
61228  27.151  -27.584  11.951 0.0000000000
61249  28.734  -27.361  10.634 0.0000000000
61250  28.096  -27.518  10.969 0.0000000000
61265  29.296  -27.087  9.986 0.0000000000
61266  28.766  -27.033  9.958 0.0000000000
62043  27.057  -26.402  21.488 0.0000000000
62044  26.681  -26.367  20.713 0.0000000000
62051  26.542  -26.340  19.882 0.0000000000
62057  26.525  -26.382  19.064 0.0000000000
62066  26.637  -26.483  18.225 0.0000000000
62076  26.649  -26.593  17.363 0.0000000000
62085  26.515  -26.665  16.493 0.0000000000
62090  26.387  -26.656  15.555 0.0000000000
62098  26.317  -26.631  14.569 0.0000000000
62105  26.372  -26.720  13.568 0.0000000000
62108  26.535  -26.869  12.591 0.0000000000
62116  27.374  -27.073  11.239 0.0000000000
62117  26.943  -27.052  11.678 0.0000000000
62137  28.386  -26.920  10.024 0.0000000000
62138  27.728  -26.831  10.569 0.0000000000
62139  27.257  -26.798  11.143 0.0000000000
62162  29.738  -26.676  9.350 0.0000000000
62163  28.719  -26.589  9.344 0.0000000000
62164  28.166  -26.594  9.819 0.0000000000
62178  30.215  -26.165  8.663 0.0000000000
62179  29.310  -26.164  8.491 0.0000000000
62180  28.760  -26.141  8.702 0.0000000000
62187  29.790  -25.862  8.044 0.0000000000
62188  29.459  -25.776  8.042 0.0000000000
62957  27.875  -25.568  22.244 0.0000000000
62969  27.200  -25.461  21.724 0.0000000000
62970  26.629  -25.434  21.018 0.0000000000
62978  26.419  -25.436  20.146 0.0000000000
62986  26.467  -25.473  19.247 0.0000000000
62994  26.656  -25.544  18.364 0.0000000000
63003  27.291  -25.137  16.643 0.0000000000
63004  26.964  -25.577  17.423 0.0000000000
63013  27.526  -25.168  16.000 0.0000000000
63014  27.058  -25.853  16.642 0.0000000000
63021  27.461  -25.113  15.173 0.0000000000
63022  26.969  -25.856  15.814 0.0000000000
63029  27.255  -25.022  14.338 0.0000000000
63030  26.842  -25.800  14.894 0.0000000000
63034  27.099  -24.949  13.863 0.0000000000
63035  26.708  -25.588  13.838 0.0000000000
63038  26.507  -25.867  12.814 0.0000000000
63044  26.881  -25.343  11.165 0.0000000000
63045  26.570  -26.082  11.845 0.0000000000
63058  27.308  -25.690  10.323 0.0000000000
63059  27.017  -26.309  11.070 0.0000000000
63078  28.454  -26.017  8.901 0.0000000000
63079  27.956  -25.984  9.461 0.0000000000
63099  29.231  -25.727  8.083 0.0000000000
63100  28.716  -25.583  8.302 0.0000000000
63101  28.282  -25.699  8.848 0.0000000000
63114  30.491  -25.545  7.706 0.0000000000
63115  29.481  -25.315  7.555 0.0000000000
63116  28.862  -25.056  7.737 0.0000000000
63128  31.152  -24.977  6.723 0.0000000000
63129  30.216  -24.906  6.739 0.0000000000
63130  29.700  -24.848  6.965 0.0000000000
63139  30.730  -24.700  6.183 0.0000000000
63140  30.392  -24.623  6.211 0.0000000000
63882  28.621  -24.564  22.281 0.0000000000
63883  28.133  -25.044  22.280 0.0000000000
63900  28.018  -23.940  22.058 0.0000000000
63901  27.567  -24.471  21.934 0.0000000000
63902  26.714  -24.443  21.250 0.0000000000
63911  26.408  -24.449  20.366 0.0000000000
63920  26.401  -24.495  19.436 0.0000000000
63928  26.563  -24.594  18.510 0.0000000000
63936  27.177  -24.609  16.919 0.0000000000
63937  26.824  -24.705  17.666 0.0000000000
63947  27.572  -24.436  16.195 0.0000000000
63954  28.308  -23.830  14.638 0.0000000000
63955  27.907  -24.285  15.342 0.0000000000
63959  28.330  -23.905  14.015 0.0000000000
63960  27.853  -24.419  14.538 0.0000000000
63965  28.175  -23.848  13.633 0.0000000000
63966  27.594  -24.371  13.597 0.0000000000
63967  26.994  -24.931  13.602 0.0000000000
63973  27.313  -24.308  12.488 0.0000000000
63974  26.832  -24.963  13.073 0.0000000000
63981  27.186  -24.370  11.453 0.0000000000
63982  26.674  -25.087  12.106 0.0000000000
63994  27.254  -24.631  10.459 0.0000000000
64008  27.552  -24.972  9.542 0.0000000000
64020  28.359  -24.602  8.003 0.0000000000
64021  28.017  -25.222  8.767 0.0000000000
64033  29.473  -24.770  7.078 0.0000000000
64034  29.045  -24.579  7.267 0.0000000000
64049  31.851  -24.554  6.317 0.0000000000
64050  30.153  -24.568  6.257 0.0000000000
64051  29.594  -24.349  6.490 0.0000000000
64052  29.068  -24.091  6.896 0.0000000000
64065  32.300  -24.144  5.627 0.0000000000
64066  31.409  -24.406  5.742 0.0000000000
64067  30.429  -24.188  5.717 0.0000000000
64068  29.783  -23.921  5.834 0.0000000000
64081  32.929  -23.954  4.806 0.0000000000
64082  32.133  -23.983  4.776 0.0000000000
64083  31.167  -23.944  5.006 0.0000000000
64084  30.676  -23.783  5.119 0.0000000000
64101  32.727  -23.856  4.287 0.0000000000
64102  32.443  -23.815  4.261 0.0000000000
64808  29.232  -23.953  22.187 0.0000000000
64827  29.408  -23.278  21.883 0.0000000000
64828  28.471  -23.427  21.935 0.0000000000
64829  27.611  -23.370  21.715 0.0000000000
64830  26.888  -23.434  21.332 0.0000000000
64841  26.492  -23.430  20.503 0.0000000000
64849  26.338  -23.442  19.586 0.0000000000
64856  26.433  -23.562  18.630 0.0000000000
64862  26.936  -24.087  17.118 0.0000000000
64863  26.659  -23.771  17.651 0.0000000000
64871  27.310  -23.617  16.457 0.0000000000
64872  26.882  -23.644  17.011 0.0000000000
64875  28.448  -23.283  15.023 0.0000000000
64876  27.855  -23.699  15.716 0.0000000000
64880  28.818  -23.291  14.218 0.0000000000
64884  28.545  -23.321  13.395 0.0000000000
64885  28.080  -23.797  13.408 0.0000000000
64891  28.246  -22.954  12.502 0.0000000000
64892  27.899  -23.660  12.901 0.0000000000
64898  28.062  -22.862  12.010 0.0000000000
64899  27.729  -23.365  11.864 0.0000000000
64908  27.524  -23.580  10.735 0.0000000000
64920  27.530  -23.923  9.732 0.0000000000
64931  27.983  -23.559  8.236 0.0000000000
64932  27.821  -24.289  8.862 0.0000000000
64944  28.595  -23.718  7.269 0.0000000000
64957  29.288  -23.458  5.962 0.0000000000
64958  29.034  -23.692  6.584 0.0000000000
64978  30.437  -23.677  5.203 0.0000000000
64979  29.963  -23.468  5.388 0.0000000000
64997  32.221  -23.773  4.269 0.0000000000
64998  31.722  -23.637  4.338 0.0000000000
64999  30.642  -23.230  4.583 0.0000000000
65000  29.905  -22.942  5.012 0.0000000000
65014  33.503  -23.716  3.954 0.0000000000
65015  32.527  -23.568  3.736 0.0000000000
65016  31.610  -23.108  3.763 0.0000000000
65017  31.023  -22.597  3.798 0.0000000000
65024  34.314  -23.302  3.291 0.0000000000
65025  33.487  -23.319  3.102 0.0000000000
65026  32.807  -23.079  2.938 0.0000000000
65845  29.675  -22.479  21.721 0.0000000000
65846  28.717  -22.425  21.798 0.0000000000
65847  27.832  -22.458  21.644 0.0000000000
65848  27.083  -22.481  21.320 0.0000000000
65860  26.601  -22.472  20.647 0.0000000000
65868  26.230  -22.345  19.696 0.0000000000
65869  26.150  -21.879  19.281 0.0000000000
65875  26.181  -22.398  18.759 0.0000000000
65876  26.131  -22.068  19.141 0.0000000000
65883  26.439  -22.718  17.752 0.0000000000
65888  27.146  -22.524  16.168 0.0000000000
65889  26.802  -23.038  16.929 0.0000000000
65893  28.443  -22.469  14.941 0.0000000000
65894  27.862  -22.790  15.567 0.0000000000
65898  29.395  -21.926  13.742 0.0000000000
65899  29.003  -22.401  14.366 0.0000000000
65904  29.460  -21.890  13.155 0.0000000000
65905  29.185  -22.575  13.626 0.0000000000
65910  29.400  -21.796  12.771 0.0000000000
65911  29.009  -22.297  12.723 0.0000000000
65919  28.366  -22.414  11.909 0.0000000000
65920  28.005  -22.789  11.718 0.0000000000
65931  28.357  -22.024  11.390 0.0000000000
65932  27.914  -22.573  11.087 0.0000000000
65945  27.706  -22.364  9.402 0.0000000000
65946  27.709  -22.722  9.880 0.0000000000
65960  27.746  -22.597  8.834 0.0000000000
65961  27.693  -23.411  9.081 0.0000000000
65974  28.093  -22.677  7.637 0.0000000000
65985  29.056  -22.990  5.929 0.0000000000
65986  28.741  -22.748  6.424 0.0000000000
66009  29.336  -22.692  5.554 0.0000000000
66010  28.930  -22.046  5.870 0.0000000000
66028  30.465  -22.279  4.102 0.0000000000
66029  29.867  -22.223  4.738 0.0000000000
66043  32.204  -22.945  3.193 0.0000000000
66044  31.627  -22.344  3.174 0.0000000000
66045  30.844  -21.884  3.509 0.0000000000
66056  34.267  -23.002  2.508 0.0000000000
66057  33.359  -22.816  2.378 0.0000000000
66058  32.452  -22.412  2.488 0.0000000000
66059  31.860  -21.879  2.565 0.0000000000
66068  35.016  -22.604  1.880 0.0000000000
66069  34.027  -22.472  1.717 0.0000000000
66070  33.067  -22.185  1.786 0.0000000000
66071  32.550  -21.965  1.960 0.0000000000
66961  31.423  -21.130  21.833 0.0000000000
66962  31.098  -21.181  22.027 0.0000000000
66963  30.316  -21.143  22.238 0.0000000000
66964  29.577  -21.053  22.263 0.0000000000
66978  31.619  -21.299  21.291 0.0000000000
66979  30.867  -21.750  21.434 0.0000000000
66980  29.995  -21.759  21.864 0.0000000000
66981  28.989  -21.453  22.003 0.0000000000
66982  28.003  -21.480  21.724 0.0000000000
66983  27.268  -21.589  21.337 0.0000000000
66999  26.712  -21.608  20.881 0.0000000000
67010  26.311  -21.540  20.110 0.0000000000
67011  26.145  -21.559  19.397 0.0000000000
67022  26.089  -21.797  18.480 0.0000000000
67023  26.056  -21.633  18.863 0.0000000000
67030  26.128  -21.649  17.898 0.0000000000
67031  26.036  -21.561  18.401 0.0000000000
67034  26.950  -21.970  16.017 0.0000000000
67035  26.650  -21.895  16.675 0.0000000000
67039  28.078  -22.088  15.107 0.0000000000
67040  27.418  -21.737  15.499 0.0000000000
67041  26.916  -21.616  15.956 0.0000000000
67043  29.250  -21.398  14.013 0.0000000000
67044  28.538  -21.695  14.620 0.0000000000
67045  27.961  -21.628  14.982 0.0000000000
67047  29.559  -21.262  13.378 0.0000000000
67049  29.606  -21.255  12.599 0.0000000000
67050  29.314  -21.720  12.503 0.0000000000
67060  29.614  -20.987  12.008 0.0000000000
67061  29.014  -21.521  11.826 0.0000000000
67070  28.217  -21.689  10.671 0.0000000000
67071  27.840  -22.240  10.455 0.0000000000
67086  27.800  -21.803  9.520 0.0000000000
67087  27.778  -22.069  10.142 0.0000000000
67105  27.857  -21.687  8.264 0.0000000000
67119  28.219  -21.676  7.102 0.0000000000
67130  28.615  -21.642  6.258 0.0000000000
67149  29.194  -21.540  5.372 0.0000000000
67150  28.850  -21.600  5.836 0.0000000000
67166  30.136  -21.327  4.092 0.0000000000
67167  29.644  -21.431  4.718 0.0000000000
67174  31.324  -21.547  2.894 0.0000000000
67175  30.705  -21.083  3.237 0.0000000000
67183  32.208  -21.788  2.133 0.0000000000
67184  31.731  -21.228  2.202 0.0000000000
67185  31.136  -20.907  2.634 0.0000000000
67193  35.678  -21.985  1.299 0.0000000000
67194  34.722  -21.976  1.119 0.0000000000
67195  33.649  -21.611  1.116 0.0000000000
67196  32.536  -21.340  1.567 0.0000000000
67197  31.924  -20.657  1.711 0.0000000000
67206  36.962  -21.169  1.262 0.0000000000
67207  36.363  -21.365  0.745 0.0000000000
67208  35.394  -21.426  0.526 0.0000000000
67209  34.430  -21.270  0.588 0.0000000000
67210  33.765  -20.921  0.613 0.0000000000
67217  36.032  -21.178  0.153 0.0000000000
67218  35.534  -20.960  -0.053 0.0000000000
68053  32.180  -20.219  22.787 0.0000000000
68054  31.388  -20.113  23.102 0.0000000000
68055  30.911  -19.929  23.230 0.0000000000
68065  32.322  -20.680  21.932 0.0000000000
68066  31.588  -20.825  22.220 0.0000000000
68067  30.674  -20.432  22.850 0.0000000000
68068  29.715  -20.382  22.680 0.0000000000
68069  28.957  -20.396  22.335 0.0000000000
68079  31.959  -21.011  21.596 0.0000000000
68080  28.146  -20.469  21.963 0.0000000000
68081  27.255  -20.482  21.318 0.0000000000
68082  26.858  -21.045  21.090 0.0000000000
68095  26.866  -19.959  20.825 0.0000000000
68096  26.576  -20.554  20.487 0.0000000000
68111  26.131  -20.736  19.360 0.0000000000
68112  26.044  -21.243  19.112 0.0000000000
68127  26.021  -20.562  18.473 0.0000000000
68128  25.969  -21.066  18.836 0.0000000000
68136  26.002  -20.804  17.870 0.0000000000
68137  25.966  -21.207  18.379 0.0000000000
68141  26.341  -20.792  17.066 0.0000000000
68145  27.335  -21.160  15.344 0.0000000000
68146  26.851  -20.838  15.765 0.0000000000
68148  29.235  -20.974  13.913 0.0000000000
68149  28.869  -20.872  14.106 0.0000000000
68150  27.760  -20.910  14.785 0.0000000000
68151  27.018  -20.075  14.895 0.0000000000
68154  29.394  -20.672  13.637 0.0000000000
68155  29.052  -20.166  13.766 0.0000000000
68162  29.841  -20.412  12.925 0.0000000000
68172  29.837  -20.327  12.039 0.0000000000
68173  29.425  -20.715  11.619 0.0000000000
68181  29.478  -20.096  11.286 0.0000000000
68182  28.917  -20.648  10.861 0.0000000000
68196  28.285  -20.820  9.985 0.0000000000
68213  28.058  -20.785  8.930 0.0000000000
68228  28.168  -20.732  7.778 0.0000000000
68237  28.668  -20.280  6.170 0.0000000000
68238  28.526  -20.607  6.593 0.0000000000
68254  28.854  -20.536  5.729 0.0000000000
68255  28.723  -21.179  5.908 0.0000000000
68272  29.927  -20.593  4.159 0.0000000000
68273  29.489  -20.640  4.772 0.0000000000
68281  30.285  -20.507  3.640 0.0000000000
68289  31.418  -20.330  2.187 0.0000000000
68290  30.773  -20.288  2.877 0.0000000000
68297  33.088  -20.761  0.872 0.0000000000
68298  32.341  -20.268  1.173 0.0000000000
68299  31.788  -20.058  1.604 0.0000000000
68309  37.242  -20.627  0.336 0.0000000000
68310  36.492  -20.981  0.203 0.0000000000
68311  34.838  -20.878  0.066 0.0000000000
68312  34.151  -20.646  0.237 0.0000000000
68313  33.522  -20.244  0.361 0.0000000000
68314  32.878  -20.041  0.674 0.0000000000
68319  36.933  -20.312  -0.516 0.0000000000
68320  36.196  -20.644  -0.368 0.0000000000
68321  35.163  -20.384  -0.401 0.0000000000
68322  34.402  -20.244  -0.181 0.0000000000
68323  33.958  -20.234  0.046 0.0000000000
69153  31.901  -19.494  23.496 0.0000000000
69154  31.020  -19.370  23.481 0.0000000000
69155  30.395  -19.115  23.391 0.0000000000
69163  30.566  -19.688  23.272 0.0000000000
69164  29.893  -19.488  23.143 0.0000000000
69165  29.096  -19.478  22.673 0.0000000000
69172  28.353  -19.466  22.205 0.0000000000
69173  27.687  -19.457  21.589 0.0000000000
69180  27.149  -19.389  20.951 0.0000000000
69181  26.776  -19.495  20.338 0.0000000000
69193  26.439  -19.708  19.613 0.0000000000
69210  26.233  -19.784  18.715 0.0000000000
69223  26.198  -19.885  17.714 0.0000000000
69226  26.371  -19.710  16.539 0.0000000000
69229  26.593  -19.506  15.482 0.0000000000
69231  28.424  -20.233  14.084 0.0000000000
69232  27.666  -19.674  14.228 0.0000000000
69233  26.849  -19.198  14.612 0.0000000000
69236  29.468  -19.619  13.163 0.0000000000
69237  28.549  -19.515  13.533 0.0000000000
69238  27.797  -19.049  13.576 0.0000000000
69244  29.837  -19.405  12.289 0.0000000000
69252  29.832  -19.336  11.391 0.0000000000
69258  29.234  -19.532  10.353 0.0000000000
69259  28.712  -20.235  10.199 0.0000000000
69270  28.914  -19.245  9.112 0.0000000000
69271  28.510  -20.033  9.538 0.0000000000
69286  28.796  -19.217  8.059 0.0000000000
69287  28.418  -19.942  8.480 0.0000000000
69298  28.775  -19.326  7.148 0.0000000000
69299  28.528  -19.930  7.473 0.0000000000
69307  28.777  -19.760  6.269 0.0000000000
69308  28.626  -19.886  6.855 0.0000000000
69322  29.148  -19.874  5.365 0.0000000000
69339  29.849  -19.962  4.186 0.0000000000
69340  29.481  -19.957  4.816 0.0000000000
69349  30.404  -19.886  3.359 0.0000000000
69357  31.086  -19.614  2.416 0.0000000000
69358  30.698  -19.774  2.887 0.0000000000
69366  31.964  -19.392  1.274 0.0000000000
69367  31.544  -19.651  1.857 0.0000000000
69378  33.069  -19.351  0.300 0.0000000000
69379  32.488  -19.556  0.783 0.0000000000
69389  36.367  -19.912  -0.962 0.0000000000
69390  35.518  -19.862  -0.822 0.0000000000
69391  34.581  -19.432  -0.648 0.0000000000
69392  33.829  -19.715  -0.108 0.0000000000
69402  36.539  -19.267  -1.514 0.0000000000
69403  35.704  -19.274  -1.284 0.0000000000
69404  35.163  -19.325  -1.038 0.0000000000
70156  31.408  -18.568  23.726 0.0000000000
70157  30.614  -18.488  23.513 0.0000000000
70158  29.959  -18.505  23.237 0.0000000000
70164  29.326  -18.556  22.835 0.0000000000
70165  28.662  -18.530  22.339 0.0000000000
70170  28.045  -18.490  21.696 0.0000000000
70171  27.560  -18.558  21.014 0.0000000000
70178  27.183  -18.589  20.286 0.0000000000
70179  26.755  -18.922  19.717 0.0000000000
70189  27.216  -18.185  19.262 0.0000000000
70190  26.592  -18.923  18.952 0.0000000000
70205  26.920  -18.186  18.168 0.0000000000
70206  26.448  -19.053  18.165 0.0000000000
70219  26.884  -17.971  17.543 0.0000000000
70220  26.550  -18.625  17.272 0.0000000000
70228  26.512  -18.630  16.117 0.0000000000
70231  26.607  -18.516  15.149 0.0000000000
70234  27.184  -18.837  13.927 0.0000000000
70235  26.788  -18.376  14.377 0.0000000000
70240  28.947  -18.917  12.961 0.0000000000
70241  28.247  -18.712  13.105 0.0000000000
70242  27.505  -18.317  13.342 0.0000000000
70243  27.007  -18.170  13.826 0.0000000000
70250  29.471  -18.469  12.388 0.0000000000
70251  28.664  -18.177  12.640 0.0000000000
70252  27.972  -18.120  12.803 0.0000000000
70260  30.355  -17.819  10.901 0.0000000000
70261  30.096  -18.297  11.578 0.0000000000
70267  30.390  -17.875  10.588 0.0000000000
70268  30.145  -18.442  10.579 0.0000000000
70278  29.628  -18.568  9.578 0.0000000000
70294  29.329  -18.542  8.558 0.0000000000
70307  29.148  -18.590  7.614 0.0000000000
70318  29.054  -18.784  6.723 0.0000000000
70331  29.127  -19.081  5.840 0.0000000000
70348  29.871  -19.355  4.353 0.0000000000
70349  29.448  -19.450  4.988 0.0000000000
70359  30.225  -19.544  3.647 0.0000000000
70368  31.052  -19.078  2.325 0.0000000000
70369  30.634  -19.421  2.940 0.0000000000
70378  31.978  -18.611  1.215 0.0000000000
70379  31.535  -18.973  1.780 0.0000000000
70387  32.949  -18.473  0.164 0.0000000000
70388  32.424  -18.726  0.687 0.0000000000
70396  34.244  -18.446  -0.783 0.0000000000
70397  33.623  -18.709  -0.293 0.0000000000
70406  36.760  -18.656  -2.025 0.0000000000
70407  35.808  -18.414  -1.806 0.0000000000
70408  34.942  -18.629  -1.251 0.0000000000
70414  36.282  -17.979  -2.309 0.0000000000
70415  35.817  -17.894  -2.120 0.0000000000
71176  31.746  -17.690  23.804 0.0000000000
71177  30.857  -17.668  23.573 0.0000000000
71178  30.148  -17.712  23.262 0.0000000000
71179  29.585  -17.720  22.851 0.0000000000
71186  29.037  -17.706  22.368 0.0000000000
71187  28.511  -17.648  21.786 0.0000000000
71193  28.045  -17.564  20.789 0.0000000000
71194  27.599  -18.108  20.530 0.0000000000
71201  28.187  -17.130  19.663 0.0000000000
71202  27.652  -17.812  19.974 0.0000000000
71210  28.301  -17.049  18.768 0.0000000000
71211  27.831  -17.531  19.226 0.0000000000
71218  28.193  -16.992  17.958 0.0000000000
71219  27.695  -17.558  18.464 0.0000000000
71226  28.008  -16.852  17.545 0.0000000000
71227  27.467  -17.382  17.383 0.0000000000
71228  26.856  -17.898  17.237 0.0000000000
71236  27.224  -17.189  16.277 0.0000000000
71237  26.802  -17.844  16.671 0.0000000000
71244  27.067  -17.139  15.747 0.0000000000
71245  26.776  -17.644  15.655 0.0000000000
71248  26.693  -17.745  14.757 0.0000000000
71252  27.102  -17.501  13.545 0.0000000000
71253  26.787  -17.779  14.125 0.0000000000
71255  28.957  -17.328  12.105 0.0000000000
71256  28.107  -17.466  12.519 0.0000000000
71257  27.581  -17.672  12.969 0.0000000000
71264  30.136  -17.148  11.211 0.0000000000
71265  29.720  -17.524  11.814 0.0000000000
71272  30.360  -17.312  10.352 0.0000000000
71273  30.373  -17.905  10.340 0.0000000000
71283  30.366  -17.211  9.356 0.0000000000
71284  30.277  -17.942  9.836 0.0000000000
71296  30.239  -17.252  8.448 0.0000000000
71297  30.008  -17.948  8.938 0.0000000000
71307  30.075  -17.358  7.657 0.0000000000
71308  29.713  -17.937  8.056 0.0000000000
71317  29.873  -17.472  7.024 0.0000000000
71318  29.541  -18.042  7.226 0.0000000000
71328  29.726  -17.767  6.502 0.0000000000
71329  29.446  -18.281  6.447 0.0000000000
71343  30.245  -17.714  4.729 0.0000000000
71344  29.440  -18.717  5.568 0.0000000000
71353  30.377  -19.292  3.395 0.0000000000
71361  31.420  -18.558  1.930 0.0000000000
71362  30.837  -19.035  2.645 0.0000000000
71370  32.256  -17.977  0.896 0.0000000000
71371  31.889  -18.170  1.412 0.0000000000
71377  33.216  -17.800  -0.113 0.0000000000
71378  32.699  -17.859  0.400 0.0000000000
71384  34.378  -17.741  -1.118 0.0000000000
71385  33.805  -17.762  -0.594 0.0000000000
71392  35.569  -17.811  -1.989 0.0000000000
71393  35.054  -17.582  -1.666 0.0000000000
71401  35.693  -17.281  -2.268 0.0000000000
71402  35.134  -16.922  -1.913 0.0000000000
72171  31.116  -16.877  23.527 0.0000000000
72172  30.191  -16.755  23.181 0.0000000000
72173  29.768  -17.203  22.972 0.0000000000
72185  29.704  -16.127  22.773 0.0000000000
72186  29.245  -16.684  22.407 0.0000000000
72187  28.831  -17.141  22.004 0.0000000000
72197  28.837  -16.189  21.835 0.0000000000
72198  28.647  -16.599  21.349 0.0000000000
72208  28.468  -16.496  20.106 0.0000000000
72218  28.707  -16.464  19.096 0.0000000000
72225  28.726  -16.449  18.224 0.0000000000
72230  28.416  -16.358  17.396 0.0000000000
72231  27.941  -16.749  17.279 0.0000000000
72235  28.390  -16.029  16.866 0.0000000000
72236  27.866  -16.473  16.665 0.0000000000
72240  27.329  -16.608  15.569 0.0000000000
72241  26.978  -17.111  15.499 0.0000000000
72245  27.101  -16.421  14.572 0.0000000000
72246  26.818  -17.070  15.052 0.0000000000
72250  27.056  -16.543  13.670 0.0000000000
72251  26.765  -17.138  14.255 0.0000000000
72254  28.852  -16.649  11.886 0.0000000000
72255  28.191  -16.466  12.201 0.0000000000
72256  27.467  -16.909  12.891 0.0000000000
72263  29.992  -16.492  11.192 0.0000000000
72264  29.412  -16.441  11.526 0.0000000000
72265  28.758  -16.314  11.812 0.0000000000
72270  30.185  -16.243  10.693 0.0000000000
72271  29.909  -16.181  11.157 0.0000000000
72281  30.403  -16.370  9.774 0.0000000000
72292  30.431  -16.404  8.867 0.0000000000
72302  30.316  -16.524  8.036 0.0000000000
72311  30.203  -16.781  7.438 0.0000000000
72321  30.166  -16.702  7.133 0.0000000000
72333  30.331  -16.749  4.828 0.0000000000
72342  30.958  -16.134  3.122 0.0000000000
72343  30.762  -16.605  3.552 0.0000000000
72353  31.930  -17.787  1.423 0.0000000000
72354  31.052  -17.124  2.916 0.0000000000
72362  32.570  -17.364  0.621 0.0000000000
72363  32.257  -17.401  1.000 0.0000000000
72368  33.595  -17.149  -0.262 0.0000000000
72369  33.110  -17.044  0.201 0.0000000000
72374  34.495  -17.190  -1.317 0.0000000000
72375  34.083  -16.826  -0.868 0.0000000000
72381  34.629  -16.630  -1.577 0.0000000000
72382  34.261  -16.018  -1.252 0.0000000000
72393  35.174  -16.216  -2.236 0.0000000000
73209  31.233  -16.121  23.368 0.0000000000
73210  30.693  -16.327  23.301 0.0000000000
73230  30.242  -15.616  23.006 0.0000000000
73231  29.195  -15.494  22.329 0.0000000000
73232  28.702  -14.989  21.910 0.0000000000
73248  28.938  -15.960  22.038 0.0000000000
73249  28.623  -15.469  21.489 0.0000000000
73260  28.484  -15.574  20.365 0.0000000000
73271  28.762  -15.653  19.336 0.0000000000
73280  29.259  -15.140  17.835 0.0000000000
73281  29.046  -15.754  18.460 0.0000000000
73290  29.253  -15.231  17.295 0.0000000000
73291  29.007  -15.766  17.678 0.0000000000
73296  29.345  -15.042  16.910 0.0000000000
73297  28.901  -15.509  16.813 0.0000000000
73298  28.356  -15.845  16.475 0.0000000000
73301  28.588  -15.428  16.079 0.0000000000
73302  28.006  -15.861  15.866 0.0000000000
73306  28.277  -15.266  15.437 0.0000000000
73307  27.677  -15.629  14.914 0.0000000000
73309  27.261  -15.657  14.021 0.0000000000
73312  27.863  -15.497  12.294 0.0000000000
73313  27.428  -15.803  12.999 0.0000000000
73320  29.102  -15.473  11.334 0.0000000000
73321  28.537  -15.680  11.766 0.0000000000
73326  30.069  -15.383  10.529 0.0000000000
73327  29.727  -15.603  11.026 0.0000000000
73338  30.368  -15.510  10.052 0.0000000000
73349  30.476  -15.563  9.300 0.0000000000
73357  30.443  -15.518  8.413 0.0000000000
73358  30.371  -15.049  7.883 0.0000000000
73368  30.311  -15.874  7.625 0.0000000000
73369  30.290  -14.981  7.505 0.0000000000
73380  30.285  -15.575  7.340 0.0000000000
73381  30.254  -14.740  7.325 0.0000000000
73394  30.317  -15.388  4.684 0.0000000000
73395  30.093  -14.755  5.222 0.0000000000
73406  31.059  -15.931  2.921 0.0000000000
73407  30.779  -15.407  3.433 0.0000000000
73419  32.167  -17.224  1.171 0.0000000000
73420  30.952  -14.802  2.948 0.0000000000
73426  32.778  -16.801  0.562 0.0000000000
73427  32.517  -16.863  0.797 0.0000000000
73432  33.728  -16.432  -0.187 0.0000000000
73433  33.395  -16.222  0.211 0.0000000000
73439  34.026  -15.818  -0.735 0.0000000000
73445  34.446  -15.706  -1.832 0.0000000000
73446  34.137  -15.237  -1.388 0.0000000000
74149  30.391  -14.479  22.716 0.0000000000
74150  29.534  -14.618  22.479 0.0000000000
74151  28.861  -14.522  22.125 0.0000000000
74167  28.426  -14.424  21.493 0.0000000000
74182  28.062  -14.438  20.466 0.0000000000
74183  27.771  -13.926  19.958 0.0000000000
74196  28.335  -14.654  19.431 0.0000000000
74197  27.909  -14.145  19.702 0.0000000000
74207  29.256  -14.491  17.811 0.0000000000
74208  28.949  -14.810  18.507 0.0000000000
74221  29.490  -14.616  17.208 0.0000000000
74231  29.386  -14.656  16.327 0.0000000000
74232  28.964  -15.134  16.226 0.0000000000
74238  29.208  -14.232  15.283 0.0000000000
74239  28.811  -14.883  15.670 0.0000000000
74243  28.974  -14.026  14.729 0.0000000000
74244  28.305  -14.572  14.626 0.0000000000
74245  27.665  -15.135  14.308 0.0000000000
74247  27.983  -14.312  13.930 0.0000000000
74248  27.650  -14.819  13.656 0.0000000000
74251  27.998  -14.647  12.070 0.0000000000
74252  27.621  -14.954  12.764 0.0000000000
74259  29.162  -14.693  10.986 0.0000000000
74260  28.622  -14.916  11.474 0.0000000000
74266  30.205  -14.640  10.228 0.0000000000
74267  29.766  -14.905  10.640 0.0000000000
74275  30.490  -14.873  9.674 0.0000000000
74287  30.657  -14.719  9.052 0.0000000000
74297  30.510  -14.508  8.339 0.0000000000
74298  30.350  -14.363  7.780 0.0000000000
74308  30.264  -14.271  7.443 0.0000000000
74319  30.217  -14.128  7.256 0.0000000000
74332  30.382  -14.471  4.250 0.0000000000
74333  30.138  -14.357  4.989 0.0000000000
74342  30.649  -14.343  3.541 0.0000000000
74353  31.274  -14.522  2.297 0.0000000000
74354  30.883  -14.123  2.972 0.0000000000
74360  33.073  -16.264  0.411 0.0000000000
74361  31.782  -14.404  1.427 0.0000000000
74367  33.823  -15.695  -0.217 0.0000000000
74368  33.683  -15.395  -0.100 0.0000000000
74369  31.981  -13.833  0.920 0.0000000000
74374  34.010  -14.880  -0.832 0.0000000000
75153  29.485  -13.576  22.320 0.0000000000
75154  29.097  -14.060  22.239 0.0000000000
75162  28.948  -13.098  22.047 0.0000000000
75163  28.634  -13.559  21.828 0.0000000000
75176  27.995  -13.540  20.977 0.0000000000
75177  27.758  -13.461  20.150 0.0000000000
75192  28.024  -13.950  19.217 0.0000000000
75193  27.821  -13.532  19.489 0.0000000000
75208  29.009  -14.100  18.042 0.0000000000
75209  28.422  -13.735  18.546 0.0000000000
75210  27.955  -13.572  19.003 0.0000000000
75226  30.006  -13.031  16.967 0.0000000000
75227  29.433  -13.693  17.516 0.0000000000
75228  28.936  -13.658  17.983 0.0000000000
75243  30.327  -13.092  16.307 0.0000000000
75244  29.903  -13.856  16.709 0.0000000000
75255  30.341  -12.955  15.501 0.0000000000
75256  29.934  -13.766  15.779 0.0000000000
75258  30.264  -12.786  14.986 0.0000000000
75259  29.512  -13.333  14.621 0.0000000000
75260  28.791  -13.937  14.423 0.0000000000
75262  29.046  -13.038  13.293 0.0000000000
75263  28.378  -13.815  13.775 0.0000000000
75264  27.919  -14.274  13.587 0.0000000000
75267  28.917  -12.966  12.601 0.0000000000
75268  28.431  -13.539  12.491 0.0000000000
75269  27.833  -14.244  13.032 0.0000000000
75276  29.118  -13.638  11.037 0.0000000000
75277  28.555  -14.072  11.523 0.0000000000
75285  30.109  -13.716  10.289 0.0000000000
75286  29.656  -14.146  10.587 0.0000000000
75294  30.652  -13.931  9.751 0.0000000000
75306  30.924  -13.833  8.877 0.0000000000
75316  30.638  -13.578  8.115 0.0000000000
75317  30.377  -13.778  7.640 0.0000000000
75327  30.555  -13.124  7.659 0.0000000000
75328  30.373  -13.519  7.418 0.0000000000
75338  30.099  -13.646  5.427 0.0000000000
75350  30.423  -13.740  4.134 0.0000000000
75351  30.218  -13.597  4.773 0.0000000000
75359  30.655  -13.501  3.544 0.0000000000
75369  31.367  -13.956  1.959 0.0000000000
75370  31.036  -13.408  2.556 0.0000000000
75379  31.497  -13.443  1.577 0.0000000000
76256  29.772  -12.684  22.331 0.0000000000
76264  29.141  -12.654  22.127 0.0000000000
76265  28.651  -12.621  21.752 0.0000000000
76274  28.146  -12.655  21.197 0.0000000000
76275  27.790  -12.598  20.396 0.0000000000
76282  27.746  -12.683  19.543 0.0000000000
76290  28.280  -12.617  18.318 0.0000000000
76291  27.879  -13.011  18.870 0.0000000000
76302  29.971  -12.387  16.992 0.0000000000
76303  29.460  -12.647  17.380 0.0000000000
76304  28.851  -13.050  17.906 0.0000000000
76323  30.303  -12.415  16.640 0.0000000000
76341  30.742  -12.309  16.057 0.0000000000
76343  30.706  -12.207  15.183 0.0000000000
76344  30.233  -12.537  14.593 0.0000000000
76346  30.532  -11.921  14.454 0.0000000000
76347  29.848  -12.266  13.763 0.0000000000
76350  29.313  -12.396  12.579 0.0000000000
76351  28.881  -12.889  12.115 0.0000000000
76357  29.982  -12.128  11.106 0.0000000000
76358  29.436  -12.599  11.391 0.0000000000
76359  28.800  -13.295  11.665 0.0000000000
76366  30.742  -11.941  10.320 0.0000000000
76367  30.349  -12.580  10.429 0.0000000000
76368  29.698  -13.308  10.687 0.0000000000
76376  31.047  -12.112  9.886 0.0000000000
76377  31.044  -12.993  9.470 0.0000000000
76387  31.476  -12.298  9.150 0.0000000000
76388  31.169  -12.951  8.645 0.0000000000
76398  31.428  -12.219  8.472 0.0000000000
76399  31.044  -12.516  7.908 0.0000000000
76409  30.700  -12.203  7.327 0.0000000000
76410  30.216  -13.055  5.781 0.0000000000
76420  30.839  -11.346  6.714 0.0000000000
76421  30.213  -13.098  5.176 0.0000000000
76432  30.444  -12.833  4.572 0.0000000000
76433  30.221  -13.143  4.850 0.0000000000
76439  30.752  -12.577  3.493 0.0000000000
77336  28.873  -11.168  22.246 0.0000000000
77346  29.312  -12.185  22.218 0.0000000000
77347  28.749  -11.785  21.970 0.0000000000
77348  28.102  -11.327  21.427 0.0000000000
77356  28.272  -11.997  21.415 0.0000000000
77357  27.779  -11.603  20.755 0.0000000000
77365  27.599  -11.621  19.741 0.0000000000
77373  28.231  -12.125  18.241 0.0000000000
77374  27.895  -11.866  18.640 0.0000000000
77385  30.146  -12.046  16.845 0.0000000000
77386  29.669  -11.790  17.060 0.0000000000
77387  28.609  -11.919  17.789 0.0000000000
77388  28.035  -11.355  18.019 0.0000000000
77402  30.362  -11.583  16.567 0.0000000000
77403  29.869  -11.355  16.809 0.0000000000
77417  31.329  -10.649  15.470 0.0000000000
77418  31.121  -11.291  15.737 0.0000000000
77420  31.498  -10.748  15.109 0.0000000000
77421  31.110  -11.409  14.804 0.0000000000
77423  31.491  -10.786  14.429 0.0000000000
77424  30.730  -11.246  13.715 0.0000000000
77425  29.928  -11.709  12.922 0.0000000000
77428  30.385  -11.203  12.476 0.0000000000
77429  29.771  -11.793  11.991 0.0000000000
77435  30.910  -10.943  11.133 0.0000000000
77436  30.384  -11.456  11.275 0.0000000000
77437  29.894  -11.993  11.443 0.0000000000
77444  30.985  -11.286  10.487 0.0000000000
77445  30.593  -11.798  10.599 0.0000000000
77452  31.478  -11.462  9.578 0.0000000000
77461  31.728  -11.596  8.777 0.0000000000
77471  31.552  -11.570  7.950 0.0000000000
77472  31.082  -11.681  7.466 0.0000000000
77480  31.436  -11.092  7.265 0.0000000000
77481  31.056  -11.101  6.806 0.0000000000
77491  30.993  -10.698  6.108 0.0000000000
77499  31.143  -10.383  5.497 0.0000000000
78325  28.328  -10.655  21.845 0.0000000000
78326  27.621  -10.551  21.065 0.0000000000
78333  27.109  -10.467  20.074 0.0000000000
78334  26.817  -9.921  19.666 0.0000000000
78345  27.278  -10.561  19.014 0.0000000000
78346  26.937  -10.143  19.480 0.0000000000
78363  27.715  -10.902  18.250 0.0000000000
78381  29.599  -11.261  16.918 0.0000000000
78382  29.077  -11.130  17.135 0.0000000000
78383  28.132  -10.685  17.524 0.0000000000
78396  30.580  -10.671  16.196 0.0000000000
78397  29.689  -10.787  16.631 0.0000000000
78398  28.719  -10.352  16.849 0.0000000000
78399  28.174  -10.033  17.036 0.0000000000
78410  31.536  -10.185  15.273 0.0000000000
78411  31.131  -10.397  15.717 0.0000000000
78413  32.341  -9.568  14.375 0.0000000000
78414  32.019  -10.081  14.660 0.0000000000
78416  32.402  -9.801  14.094 0.0000000000
78417  31.789  -10.344  13.634 0.0000000000
78418  31.050  -10.737  12.901 0.0000000000
78421  31.518  -10.261  12.601 0.0000000000
78422  30.830  -10.657  12.014 0.0000000000
78425  32.128  -9.815  11.347 0.0000000000
78426  31.500  -10.330  11.408 0.0000000000
78427  30.882  -10.821  11.447 0.0000000000
78434  32.155  -9.912  10.750 0.0000000000
78435  31.673  -10.598  10.160 0.0000000000
78442  32.321  -10.070  9.793 0.0000000000
78443  31.993  -10.844  9.238 0.0000000000
78452  32.450  -10.210  8.834 0.0000000000
78453  32.067  -10.913  8.360 0.0000000000
78463  32.513  -10.287  7.922 0.0000000000
78464  31.915  -10.725  7.547 0.0000000000
78474  32.307  -10.120  7.177 0.0000000000
78475  31.710  -10.340  6.613 0.0000000000
78476  31.230  -10.451  6.142 0.0000000000
78486  31.548  -9.984  5.712 0.0000000000
78487  31.267  -10.230  5.534 0.0000000000
79291  27.777  -9.601  21.422 0.0000000000
79298  27.135  -9.567  20.677 0.0000000000
79299  26.700  -9.466  19.934 0.0000000000
79307  27.042  -9.898  18.633 0.0000000000
79308  26.738  -9.589  19.123 0.0000000000
79319  27.369  -10.066  18.080 0.0000000000
79320  26.874  -9.387  18.285 0.0000000000
79329  27.611  -9.648  17.216 0.0000000000
79330  27.118  -9.365  17.690 0.0000000000
79335  30.648  -10.021  15.848 0.0000000000
79336  29.961  -10.044  16.083 0.0000000000
79337  29.087  -9.924  16.269 0.0000000000
79338  28.163  -9.584  16.454 0.0000000000
79345  31.747  -9.640  14.985 0.0000000000
79346  31.100  -9.580  15.319 0.0000000000
79347  30.206  -9.515  15.560 0.0000000000
79348  29.391  -9.416  15.733 0.0000000000
79349  28.654  -9.309  15.878 0.0000000000
79351  33.048  -9.001  13.595 0.0000000000
79352  32.682  -9.221  14.073 0.0000000000
79353  32.234  -9.243  14.599 0.0000000000
79354  31.675  -9.150  14.860 0.0000000000
79357  33.296  -8.982  12.968 0.0000000000
79358  32.536  -9.539  13.334 0.0000000000
79359  31.983  -9.957  13.047 0.0000000000
79362  33.387  -8.863  12.067 0.0000000000
79363  32.748  -9.391  12.378 0.0000000000
79364  32.061  -9.799  12.458 0.0000000000
79367  33.348  -8.783  11.089 0.0000000000
79368  32.702  -9.421  11.426 0.0000000000
79369  32.211  -9.702  11.815 0.0000000000
79375  33.219  -8.776  10.104 0.0000000000
79376  32.744  -9.378  10.428 0.0000000000
79382  33.102  -8.819  9.561 0.0000000000
79383  32.782  -9.313  9.392 0.0000000000
79394  32.760  -9.568  8.371 0.0000000000
80288  27.084  -9.024  17.220 0.0000000000
80295  27.309  -8.811  16.553 0.0000000000
80303  30.419  -9.096  15.071 0.0000000000
80304  29.648  -8.944  15.159 0.0000000000
80305  28.811  -8.827  15.335 0.0000000000
80306  27.944  -8.716  15.684 0.0000000000
80308  33.008  -8.786  13.785 0.0000000000
80309  32.587  -8.637  14.091 0.0000000000
80310  32.002  -8.551  14.425 0.0000000000
80311  31.044  -8.854  14.598 0.0000000000
80312  30.024  -8.725  14.491 0.0000000000
80313  29.008  -8.420  14.479 0.0000000000
80314  28.306  -8.300  14.995 0.0000000000
80317  33.244  -8.446  13.372 0.0000000000
80318  32.948  -8.389  13.752 0.0000000000
80319  31.940  -8.265  14.031 0.0000000000
80320  31.422  -8.359  13.979 0.0000000000
80321  30.491  -8.394  13.890 0.0000000000
80322  29.619  -8.301  13.853 0.0000000000
80324  34.332  -7.800  12.044 0.0000000000
80325  33.821  -8.241  12.593 0.0000000000
80328  34.480  -7.697  11.406 0.0000000000
80329  34.010  -8.287  11.692 0.0000000000
80334  34.551  -7.601  10.950 0.0000000000
80335  34.029  -8.077  10.660 0.0000000000
80342  33.451  -8.316  9.441 0.0000000000
80343  33.050  -8.833  9.298 0.0000000000
80354  32.978  -8.860  8.794 0.0000000000
81226  32.392  -8.375  14.057 0.0000000000
81227  32.166  -8.206  14.001 0.0000000000
81228  28.210  -7.707  14.403 0.0000000000
81229  27.721  -7.820  15.146 0.0000000000
81232  33.104  -8.141  13.520 0.0000000000
81233  32.693  -8.064  13.699 0.0000000000
81234  31.912  -7.929  13.576 0.0000000000
81235  30.936  -8.043  13.229 0.0000000000
81236  29.919  -7.896  13.227 0.0000000000
81237  28.896  -7.599  13.514 0.0000000000
81239  34.072  -7.458  12.321 0.0000000000
81240  33.376  -7.708  13.005 0.0000000000
81241  32.513  -7.470  12.834 0.0000000000
81242  31.452  -7.579  12.659 0.0000000000
81243  30.360  -7.366  12.430 0.0000000000
81244  29.456  -7.236  12.827 0.0000000000
81245  28.987  -7.102  13.018 0.0000000000
81248  34.566  -7.218  11.770 0.0000000000
81249  31.883  -7.159  12.135 0.0000000000
81250  31.012  -7.253  11.834 0.0000000000
81251  30.487  -7.000  11.892 0.0000000000
81253  34.861  -7.092  11.037 0.0000000000
81254  34.566  -7.460  10.568 0.0000000000
81262  34.277  -7.551  9.867 0.0000000000
82161  28.706  -6.725  13.171 0.0000000000
82163  34.313  -6.847  11.983 0.0000000000
82164  33.689  -7.008  12.306 0.0000000000
82165  33.155  -7.202  12.570 0.0000000000
82166  30.215  -6.868  11.967 0.0000000000
82167  29.677  -6.588  12.214 0.0000000000
82168  29.138  -6.758  12.775 0.0000000000
82171  34.710  -6.445  11.388 0.0000000000
82172  33.962  -6.333  11.565 0.0000000000
82173  32.815  -6.795  11.859 0.0000000000
82174  31.586  -6.717  11.438 0.0000000000
82175  30.444  -6.414  11.465 0.0000000000
82176  29.801  -6.098  11.791 0.0000000000
82180  33.192  -6.090  11.078 0.0000000000
82181  32.210  -6.231  10.861 0.0000000000
82182  31.207  -6.117  10.802 0.0000000000
82183  30.710  -5.866  10.955 0.0000000000
