#!ascii label  , from subject FREESURFER vox2ras=TkReg 
701
46587  60.202  -40.988  -0.078 0.0000000000
46588  59.905  -41.022  -0.104 0.0000000000
46599  60.193  -41.098  -0.264 0.0000000000
46614  60.278  -41.355  -0.653 0.0000000000
47673  60.410  -40.973  -0.164 0.0000000000
47674  60.110  -40.703  -0.086 0.0000000000
47675  59.581  -40.564  -0.150 0.0000000000
47683  60.384  -40.992  -0.381 0.0000000000
47684  60.398  -40.611  -0.502 0.0000000000
47697  60.373  -41.159  -0.921 0.0000000000
47698  60.270  -40.784  -1.428 0.0000000000
47713  59.756  -40.515  -2.704 0.0000000000
48744  60.185  -39.902  0.047 0.0000000000
48745  59.591  -39.877  0.085 0.0000000000
48752  60.430  -39.813  -0.662 0.0000000000
48763  60.031  -39.593  -1.863 0.0000000000
48776  59.370  -39.274  -3.056 0.0000000000
48777  58.751  -39.155  -3.964 0.0000000000
49796  61.346  -38.355  1.220 0.0000000000
49797  61.244  -38.319  1.381 0.0000000000
49798  61.037  -38.385  1.512 0.0000000000
49804  61.476  -38.253  1.165 0.0000000000
49805  61.219  -38.508  1.203 0.0000000000
49806  60.707  -38.514  1.265 0.0000000000
49815  61.360  -38.337  0.981 0.0000000000
49816  61.130  -38.528  0.719 0.0000000000
49817  60.390  -38.958  0.346 0.0000000000
49818  59.642  -39.065  0.223 0.0000000000
49823  60.925  -38.505  -0.018 0.0000000000
49824  60.289  -38.683  -0.897 0.0000000000
49832  59.643  -38.290  -2.409 0.0000000000
49833  59.096  -37.843  -2.924 0.0000000000
49846  59.313  -38.664  -2.957 0.0000000000
49847  58.902  -38.368  -3.379 0.0000000000
49862  58.122  -38.420  -4.536 0.0000000000
49863  57.735  -37.876  -5.033 0.0000000000
50805  61.326  -38.135  1.274 0.0000000000
50806  61.156  -38.017  1.519 0.0000000000
50807  60.783  -37.944  1.656 0.0000000000
50823  61.418  -38.073  0.996 0.0000000000
50824  61.370  -37.923  0.847 0.0000000000
50825  60.258  -37.947  1.591 0.0000000000
50837  61.357  -38.180  0.819 0.0000000000
50838  61.253  -37.940  0.379 0.0000000000
50839  59.933  -38.273  1.127 0.0000000000
50840  59.556  -38.237  0.507 0.0000000000
50846  60.699  -37.781  -0.458 0.0000000000
50847  60.255  -37.552  -1.462 0.0000000000
50848  59.055  -38.087  -0.103 0.0000000000
50854  59.776  -37.197  -2.148 0.0000000000
50855  59.230  -37.263  -2.660 0.0000000000
50869  58.633  -37.354  -3.274 0.0000000000
50870  58.055  -37.165  -3.787 0.0000000000
50883  58.266  -37.763  -3.877 0.0000000000
50884  57.795  -37.312  -4.531 0.0000000000
50891  57.589  -37.333  -5.432 0.0000000000
50907  57.477  -37.358  -6.202 0.0000000000
51749  61.295  -37.788  1.260 0.0000000000
51750  61.035  -37.058  1.858 0.0000000000
51751  60.351  -37.161  1.865 0.0000000000
51768  61.386  -37.810  1.032 0.0000000000
51769  61.330  -37.207  0.986 0.0000000000
51770  59.658  -37.136  1.264 0.0000000000
51771  59.081  -36.451  0.927 0.0000000000
51788  60.833  -36.999  0.115 0.0000000000
51789  59.524  -37.682  0.790 0.0000000000
51790  58.890  -36.878  0.125 0.0000000000
51801  60.400  -36.775  -0.766 0.0000000000
51802  59.927  -36.504  -1.566 0.0000000000
51811  59.299  -36.406  -2.187 0.0000000000
51812  58.739  -36.397  -2.868 0.0000000000
51825  58.222  -36.484  -3.549 0.0000000000
51826  57.813  -36.678  -4.040 0.0000000000
51834  57.703  -36.445  -4.531 0.0000000000
51843  57.592  -36.534  -5.157 0.0000000000
51856  57.506  -36.476  -5.914 0.0000000000
51857  55.591  -36.212  -6.931 0.0000000000
51858  54.953  -36.185  -6.788 0.0000000000
51876  57.335  -36.410  -6.549 0.0000000000
51877  57.070  -36.425  -7.045 0.0000000000
51878  56.277  -36.370  -7.067 0.0000000000
52654  61.470  -35.032  3.678 0.0000000000
52655  61.273  -34.978  3.590 0.0000000000
52663  61.301  -35.031  3.462 0.0000000000
52664  61.171  -35.176  3.460 0.0000000000
52665  60.849  -35.488  3.290 0.0000000000
52671  61.306  -35.197  3.202 0.0000000000
52672  61.171  -35.738  2.742 0.0000000000
52673  60.444  -36.012  2.556 0.0000000000
52674  59.765  -35.744  2.284 0.0000000000
52684  61.176  -36.022  1.706 0.0000000000
52685  59.853  -36.474  2.015 0.0000000000
52686  59.294  -35.914  1.546 0.0000000000
52702  60.947  -35.903  0.667 0.0000000000
52703  60.506  -35.345  -0.055 0.0000000000
52704  58.715  -35.801  0.711 0.0000000000
52727  60.547  -36.130  -0.190 0.0000000000
52728  60.097  -35.608  -0.841 0.0000000000
52745  59.444  -35.479  -1.638 0.0000000000
52746  58.941  -35.379  -2.445 0.0000000000
52754  58.444  -35.349  -3.411 0.0000000000
52755  57.848  -35.890  -4.080 0.0000000000
52760  58.151  -34.836  -4.497 0.0000000000
52761  57.778  -35.740  -4.909 0.0000000000
52768  57.971  -34.945  -5.600 0.0000000000
52769  57.643  -35.802  -5.601 0.0000000000
52780  57.985  -34.751  -6.212 0.0000000000
52781  57.664  -35.350  -6.315 0.0000000000
52782  55.595  -35.411  -6.911 0.0000000000
52783  54.490  -35.335  -6.665 0.0000000000
52796  57.307  -35.468  -6.863 0.0000000000
52797  56.781  -35.532  -7.088 0.0000000000
52798  56.280  -35.521  -7.059 0.0000000000
53714  61.274  -34.869  3.542 0.0000000000
53715  61.063  -34.757  3.868 0.0000000000
53716  60.693  -34.362  3.850 0.0000000000
53731  61.395  -34.970  3.223 0.0000000000
53732  60.894  -35.162  3.652 0.0000000000
53733  60.334  -34.826  3.338 0.0000000000
53734  59.573  -34.296  3.059 0.0000000000
53741  61.372  -35.186  2.918 0.0000000000
53742  61.373  -35.187  2.376 0.0000000000
53743  59.953  -35.385  2.716 0.0000000000
53744  59.276  -34.811  2.383 0.0000000000
53745  58.432  -34.419  1.828 0.0000000000
53755  61.266  -34.951  1.486 0.0000000000
53756  58.619  -35.047  1.341 0.0000000000
53767  60.747  -34.625  0.526 0.0000000000
53768  60.273  -34.520  -0.387 0.0000000000
53789  59.797  -34.515  -1.178 0.0000000000
53809  59.350  -34.360  -1.997 0.0000000000
53810  58.875  -34.283  -2.852 0.0000000000
53819  58.566  -34.166  -3.747 0.0000000000
53822  58.419  -33.833  -4.491 0.0000000000
53826  58.208  -33.961  -5.258 0.0000000000
53837  58.142  -34.107  -6.160 0.0000000000
53838  58.007  -34.566  -6.547 0.0000000000
53839  55.740  -34.456  -6.955 0.0000000000
53840  54.983  -34.442  -6.743 0.0000000000
53857  58.121  -34.028  -6.738 0.0000000000
53858  57.815  -34.523  -6.981 0.0000000000
53859  57.143  -34.635  -7.175 0.0000000000
53860  56.354  -34.768  -7.110 0.0000000000
54795  61.216  -34.367  3.568 0.0000000000
54796  60.902  -33.918  3.766 0.0000000000
54797  60.374  -33.994  3.748 0.0000000000
54815  61.363  -34.525  3.165 0.0000000000
54816  61.201  -33.854  3.142 0.0000000000
54817  59.823  -33.909  3.393 0.0000000000
54818  58.847  -33.739  2.839 0.0000000000
54819  57.622  -33.260  2.796 0.0000000000
54837  61.424  -34.842  2.848 0.0000000000
54838  61.344  -34.303  2.397 0.0000000000
54839  58.600  -34.146  2.287 0.0000000000
54840  57.808  -33.857  2.037 0.0000000000
54860  61.089  -33.758  1.264 0.0000000000
54874  60.485  -33.449  0.070 0.0000000000
54875  60.180  -33.758  -0.814 0.0000000000
54891  60.312  -32.968  -0.937 0.0000000000
54892  59.920  -33.550  -1.549 0.0000000000
54911  60.152  -32.760  -1.758 0.0000000000
54912  59.563  -33.163  -2.555 0.0000000000
54913  58.956  -33.491  -3.309 0.0000000000
54931  59.306  -32.782  -3.570 0.0000000000
54932  58.811  -33.296  -4.061 0.0000000000
54937  59.099  -32.592  -4.370 0.0000000000
54938  58.562  -32.997  -4.942 0.0000000000
54941  58.390  -33.179  -5.807 0.0000000000
54949  58.248  -33.291  -6.555 0.0000000000
54950  56.262  -33.118  -7.016 0.0000000000
54951  55.645  -33.551  -6.870 0.0000000000
54952  54.470  -33.492  -6.581 0.0000000000
54967  58.058  -33.579  -7.065 0.0000000000
54968  57.586  -33.755  -7.241 0.0000000000
54969  56.686  -33.687  -7.214 0.0000000000
54970  56.107  -34.114  -7.088 0.0000000000
55969  60.381  -33.589  3.507 0.0000000000
55970  60.124  -33.634  3.499 0.0000000000
55979  60.667  -33.248  3.152 0.0000000000
55980  59.690  -33.126  3.163 0.0000000000
55981  58.371  -32.837  3.105 0.0000000000
55982  57.349  -32.690  2.968 0.0000000000
55983  56.497  -32.578  2.797 0.0000000000
55984  55.658  -32.501  2.763 0.0000000000
55994  61.021  -33.234  2.255 0.0000000000
55995  60.279  -32.462  2.296 0.0000000000
55996  58.859  -32.176  2.389 0.0000000000
55997  57.933  -31.795  1.941 0.0000000000
55998  57.158  -31.767  1.733 0.0000000000
56013  60.679  -32.529  0.899 0.0000000000
56014  59.826  -31.958  1.014 0.0000000000
56015  58.765  -31.850  1.130 0.0000000000
56016  57.776  -32.032  1.008 0.0000000000
56017  56.651  -31.855  1.047 0.0000000000
56018  55.659  -31.809  0.877 0.0000000000
56037  60.474  -32.462  -0.263 0.0000000000
56038  59.351  -31.833  0.235 0.0000000000
56039  58.585  -32.044  -0.045 0.0000000000
56040  57.451  -32.181  -0.010 0.0000000000
56041  56.379  -32.147  -0.042 0.0000000000
56042  55.342  -32.182  -0.053 0.0000000000
56058  60.262  -32.219  -1.273 0.0000000000
56059  58.093  -32.118  -1.059 0.0000000000
56060  57.095  -32.440  -1.017 0.0000000000
56061  56.059  -32.458  -1.039 0.0000000000
56062  55.070  -32.519  -1.090 0.0000000000
56073  60.100  -32.068  -2.400 0.0000000000
56074  59.783  -32.317  -3.174 0.0000000000
56075  57.618  -32.107  -1.892 0.0000000000
56076  56.692  -32.307  -2.006 0.0000000000
56077  55.682  -32.499  -1.999 0.0000000000
56078  54.810  -32.624  -2.040 0.0000000000
56079  54.016  -32.645  -2.363 0.0000000000
56097  60.006  -31.669  -3.316 0.0000000000
56098  59.573  -31.952  -4.039 0.0000000000
56099  53.543  -32.378  -3.052 0.0000000000
56100  52.808  -32.404  -3.270 0.0000000000
56101  51.904  -32.315  -3.446 0.0000000000
56102  50.921  -32.160  -3.583 0.0000000000
56103  49.896  -32.034  -3.546 0.0000000000
56104  48.888  -32.032  -3.425 0.0000000000
56105  47.946  -32.096  -3.383 0.0000000000
56109  44.087  -31.936  -3.351 0.0000000000
56110  43.612  -31.808  -3.238 0.0000000000
56115  59.102  -31.931  -5.198 0.0000000000
56116  58.669  -32.571  -5.556 0.0000000000
56121  58.955  -31.694  -5.912 0.0000000000
56122  58.668  -32.256  -6.163 0.0000000000
56131  58.202  -32.560  -7.064 0.0000000000
56132  57.803  -32.336  -7.254 0.0000000000
56133  55.941  -32.543  -6.781 0.0000000000
56134  54.923  -32.547  -6.614 0.0000000000
56151  57.890  -33.202  -7.222 0.0000000000
56152  57.519  -32.843  -7.249 0.0000000000
56153  56.728  -32.684  -7.104 0.0000000000
57202  57.906  -32.307  2.939 0.0000000000
57203  57.170  -32.238  2.800 0.0000000000
57204  56.380  -32.069  2.713 0.0000000000
57205  55.596  -31.960  2.634 0.0000000000
57206  55.048  -31.907  2.467 0.0000000000
57212  57.801  -31.988  2.600 0.0000000000
57213  57.119  -31.856  2.386 0.0000000000
57214  56.313  -31.691  2.104 0.0000000000
57215  55.484  -31.706  2.142 0.0000000000
57216  54.987  -31.750  2.123 0.0000000000
57222  60.526  -32.145  0.097 0.0000000000
57223  60.351  -31.940  0.235 0.0000000000
57224  55.851  -31.668  1.581 0.0000000000
57225  55.214  -31.718  1.644 0.0000000000
57239  60.264  -31.957  -0.549 0.0000000000
57240  59.864  -31.690  -0.427 0.0000000000
57241  59.307  -31.758  -0.597 0.0000000000
57258  59.857  -31.502  -1.863 0.0000000000
57259  59.422  -31.444  -1.687 0.0000000000
57260  58.854  -31.770  -1.109 0.0000000000
57273  60.236  -31.089  -2.948 0.0000000000
57274  59.129  -30.955  -2.305 0.0000000000
57275  58.534  -31.516  -2.173 0.0000000000
57276  57.348  -31.510  -2.883 0.0000000000
57277  56.110  -31.879  -2.783 0.0000000000
57278  55.144  -32.122  -2.687 0.0000000000
57279  54.580  -32.351  -2.613 0.0000000000
57280  43.306  -31.619  -3.125 0.0000000000
57281  42.703  -31.369  -2.859 0.0000000000
57290  59.943  -30.995  -4.066 0.0000000000
57291  59.553  -31.436  -4.590 0.0000000000
57292  57.074  -30.893  -3.497 0.0000000000
57293  56.374  -31.162  -3.510 0.0000000000
57294  55.352  -31.434  -3.386 0.0000000000
57295  54.297  -31.902  -3.243 0.0000000000
57296  53.326  -31.774  -3.546 0.0000000000
57297  52.519  -31.490  -3.867 0.0000000000
57298  51.570  -31.477  -3.980 0.0000000000
57299  50.543  -30.978  -4.062 0.0000000000
57300  49.327  -31.100  -3.754 0.0000000000
57301  48.322  -31.178  -3.548 0.0000000000
57302  47.340  -31.284  -3.526 0.0000000000
57303  46.344  -31.361  -3.541 0.0000000000
57304  45.359  -31.328  -3.483 0.0000000000
57305  44.439  -31.272  -3.403 0.0000000000
57306  43.654  -31.311  -3.259 0.0000000000
57307  43.196  -31.264  -3.087 0.0000000000
57311  59.813  -30.536  -4.620 0.0000000000
57312  59.552  -30.896  -5.020 0.0000000000
57313  52.483  -31.004  -4.087 0.0000000000
57314  52.116  -30.929  -4.154 0.0000000000
57315  51.443  -30.768  -4.224 0.0000000000
57320  59.168  -31.064  -5.929 0.0000000000
57321  58.859  -31.570  -6.174 0.0000000000
57328  58.906  -30.683  -6.244 0.0000000000
57329  58.598  -31.298  -6.559 0.0000000000
57330  57.699  -31.642  -7.101 0.0000000000
57331  56.577  -31.696  -6.817 0.0000000000
57332  55.368  -31.591  -6.549 0.0000000000
57342  57.611  -32.267  -7.262 0.0000000000
57343  57.264  -32.227  -7.187 0.0000000000
58396  59.827  -30.878  -2.355 0.0000000000
58397  59.695  -31.127  -2.179 0.0000000000
58398  41.103  -30.214  -2.042 0.0000000000
58405  59.939  -30.368  -2.781 0.0000000000
58406  59.522  -30.558  -2.556 0.0000000000
58407  58.742  -30.372  -2.840 0.0000000000
58408  58.159  -30.972  -2.885 0.0000000000
58409  42.399  -30.287  -2.829 0.0000000000
58410  41.804  -30.746  -2.461 0.0000000000
58421  60.092  -30.241  -3.554 0.0000000000
58422  58.370  -29.814  -3.253 0.0000000000
58423  57.741  -30.335  -3.365 0.0000000000
58424  56.668  -30.291  -3.708 0.0000000000
58425  55.557  -30.389  -3.921 0.0000000000
58426  54.585  -30.898  -3.853 0.0000000000
58427  53.668  -31.125  -3.835 0.0000000000
58428  53.083  -31.249  -3.874 0.0000000000
58429  50.570  -29.744  -4.155 0.0000000000
58430  49.686  -30.061  -3.929 0.0000000000
58431  48.708  -30.204  -3.693 0.0000000000
58432  47.731  -30.297  -3.547 0.0000000000
58433  46.742  -30.369  -3.538 0.0000000000
58434  45.749  -30.405  -3.507 0.0000000000
58435  44.769  -30.425  -3.432 0.0000000000
58436  43.842  -30.507  -3.355 0.0000000000
58437  43.129  -30.748  -3.121 0.0000000000
58443  59.953  -30.141  -4.342 0.0000000000
58444  59.729  -30.124  -4.966 0.0000000000
58445  55.163  -29.883  -4.121 0.0000000000
58446  54.730  -30.065  -4.157 0.0000000000
58447  53.902  -30.280  -4.182 0.0000000000
58448  52.826  -30.591  -4.190 0.0000000000
58449  51.893  -30.195  -4.324 0.0000000000
58450  51.159  -30.189  -4.280 0.0000000000
58453  59.440  -30.188  -5.548 0.0000000000
58464  59.093  -30.158  -6.019 0.0000000000
58465  58.684  -30.216  -6.358 0.0000000000
58466  58.015  -30.391  -6.704 0.0000000000
58467  56.990  -30.527  -6.643 0.0000000000
58468  55.812  -30.569  -6.451 0.0000000000
59413  40.471  -29.518  -0.963 0.0000000000
59424  41.010  -29.431  -1.993 0.0000000000
59425  40.760  -29.630  -1.600 0.0000000000
59434  59.934  -29.808  -2.973 0.0000000000
59435  59.712  -29.676  -3.035 0.0000000000
59436  59.273  -29.590  -3.001 0.0000000000
59437  42.196  -29.437  -2.871 0.0000000000
59438  41.577  -29.689  -2.452 0.0000000000
59453  59.873  -29.562  -3.339 0.0000000000
59454  59.681  -29.350  -3.287 0.0000000000
59455  58.725  -29.311  -3.160 0.0000000000
59456  58.019  -29.252  -3.348 0.0000000000
59457  57.120  -29.363  -3.681 0.0000000000
59458  56.122  -29.510  -3.912 0.0000000000
59459  50.758  -28.918  -4.081 0.0000000000
59460  50.018  -29.085  -3.864 0.0000000000
59461  49.113  -29.224  -3.711 0.0000000000
59462  48.156  -29.321  -3.562 0.0000000000
59463  47.175  -29.391  -3.514 0.0000000000
59464  46.178  -29.442  -3.492 0.0000000000
59465  45.161  -29.478  -3.472 0.0000000000
59466  44.109  -29.534  -3.429 0.0000000000
59467  43.033  -29.717  -3.257 0.0000000000
59478  59.972  -29.506  -4.044 0.0000000000
59479  59.852  -29.504  -4.720 0.0000000000
59480  55.455  -29.634  -4.072 0.0000000000
59481  54.969  -29.444  -4.173 0.0000000000
59482  54.270  -29.425  -4.301 0.0000000000
59483  53.383  -29.492  -4.368 0.0000000000
59484  52.432  -29.429  -4.394 0.0000000000
59485  51.465  -29.226  -4.302 0.0000000000
59492  59.640  -29.485  -5.284 0.0000000000
59503  59.344  -29.408  -5.751 0.0000000000
59504  58.962  -29.364  -6.143 0.0000000000
59505  58.337  -29.338  -6.428 0.0000000000
59506  57.366  -29.366  -6.396 0.0000000000
59507  56.193  -29.440  -6.299 0.0000000000
60381  40.435  -28.500  -0.371 0.0000000000
60389  41.187  -29.058  -2.178 0.0000000000
60390  40.753  -28.543  -1.576 0.0000000000
60400  59.678  -29.101  -3.275 0.0000000000
60401  59.466  -29.183  -3.254 0.0000000000
60402  42.464  -28.883  -3.158 0.0000000000
60403  41.630  -28.575  -2.598 0.0000000000
60404  41.117  -27.638  -2.171 0.0000000000
60416  59.861  -28.939  -3.881 0.0000000000
60417  59.598  -28.788  -3.499 0.0000000000
60418  59.183  -28.567  -3.197 0.0000000000
60419  58.472  -28.404  -3.205 0.0000000000
60420  57.594  -28.388  -3.418 0.0000000000
60421  56.463  -28.428  -3.748 0.0000000000
60422  55.442  -28.121  -3.871 0.0000000000
60423  54.632  -28.032  -4.001 0.0000000000
60424  51.830  -28.061  -4.187 0.0000000000
60425  51.397  -28.292  -4.151 0.0000000000
60426  50.474  -28.225  -3.889 0.0000000000
60427  49.579  -28.283  -3.688 0.0000000000
60428  48.639  -28.357  -3.549 0.0000000000
60429  47.666  -28.423  -3.494 0.0000000000
60430  46.675  -28.479  -3.491 0.0000000000
60431  45.661  -28.518  -3.507 0.0000000000
60432  44.591  -28.534  -3.515 0.0000000000
60433  43.362  -28.519  -3.403 0.0000000000
60449  59.889  -28.802  -4.503 0.0000000000
60450  59.799  -29.021  -4.994 0.0000000000
60451  55.518  -28.968  -4.015 0.0000000000
60452  54.778  -28.741  -4.158 0.0000000000
60453  53.923  -28.555  -4.285 0.0000000000
60454  53.036  -28.656  -4.372 0.0000000000
60455  52.125  -28.389  -4.294 0.0000000000
60456  51.631  -28.638  -4.282 0.0000000000
60465  59.812  -28.566  -4.922 0.0000000000
60466  59.622  -28.685  -5.406 0.0000000000
60467  57.663  -27.735  -6.222 0.0000000000
60468  57.305  -27.718  -6.138 0.0000000000
60476  59.262  -28.581  -5.892 0.0000000000
60477  58.784  -28.443  -6.220 0.0000000000
60478  57.827  -28.221  -6.325 0.0000000000
60479  56.570  -28.166  -6.109 0.0000000000
60480  55.315  -28.423  -6.139 0.0000000000
61359  40.479  -27.409  -0.588 0.0000000000
61362  40.698  -27.119  -1.455 0.0000000000
61372  59.404  -27.023  -3.397 0.0000000000
61373  59.283  -27.034  -3.263 0.0000000000
61374  42.392  -28.101  -3.176 0.0000000000
61375  41.790  -27.196  -2.928 0.0000000000
61376  40.947  -26.710  -2.237 0.0000000000
61391  59.903  -28.158  -4.087 0.0000000000
61392  59.520  -27.368  -3.517 0.0000000000
61393  58.974  -27.498  -3.053 0.0000000000
61394  58.185  -27.533  -3.126 0.0000000000
61395  57.274  -27.438  -3.368 0.0000000000
61396  56.224  -27.338  -3.540 0.0000000000
61397  55.165  -27.292  -3.670 0.0000000000
61398  53.968  -27.493  -3.982 0.0000000000
61399  53.010  -27.232  -4.061 0.0000000000
61400  52.047  -27.487  -4.072 0.0000000000
61401  51.084  -27.364  -3.905 0.0000000000
61402  50.145  -27.360  -3.694 0.0000000000
61403  49.199  -27.401  -3.556 0.0000000000
61404  48.233  -27.458  -3.478 0.0000000000
61405  47.247  -27.520  -3.476 0.0000000000
61406  46.248  -27.577  -3.519 0.0000000000
61407  45.227  -27.600  -3.570 0.0000000000
61408  44.146  -27.542  -3.554 0.0000000000
61409  42.981  -27.287  -3.378 0.0000000000
61410  42.416  -26.731  -3.307 0.0000000000
61422  59.868  -28.067  -4.806 0.0000000000
61423  59.795  -27.223  -4.425 0.0000000000
61424  53.465  -28.157  -4.252 0.0000000000
61425  53.005  -27.938  -4.269 0.0000000000
61426  52.525  -27.765  -4.197 0.0000000000
61437  59.760  -28.210  -5.192 0.0000000000
61438  59.513  -27.552  -5.491 0.0000000000
61439  58.740  -27.099  -5.911 0.0000000000
61440  57.766  -27.258  -6.095 0.0000000000
61441  56.569  -27.151  -6.068 0.0000000000
61442  55.899  -26.754  -6.078 0.0000000000
61450  59.121  -28.067  -6.011 0.0000000000
61451  59.012  -27.777  -6.050 0.0000000000
61452  58.498  -27.758  -6.189 0.0000000000
61453  56.249  -27.548  -6.088 0.0000000000
61454  55.613  -27.308  -6.126 0.0000000000
62259  40.573  -26.074  -1.530 0.0000000000
62261  59.343  -26.811  -3.313 0.0000000000
62262  59.071  -26.751  -2.955 0.0000000000
62263  58.721  -26.470  -2.888 0.0000000000
62264  41.303  -26.276  -2.780 0.0000000000
62265  40.778  -25.796  -2.307 0.0000000000
62279  59.425  -26.535  -3.450 0.0000000000
62280  58.633  -26.948  -2.961 0.0000000000
62281  58.079  -26.621  -2.960 0.0000000000
62282  57.093  -26.444  -3.200 0.0000000000
62283  56.006  -26.363  -3.370 0.0000000000
62284  54.888  -26.372  -3.554 0.0000000000
62285  53.809  -26.367  -3.733 0.0000000000
62286  52.790  -26.376  -3.805 0.0000000000
62287  51.793  -26.415  -3.746 0.0000000000
62288  50.816  -26.416  -3.630 0.0000000000
62289  49.852  -26.444  -3.516 0.0000000000
62290  48.881  -26.493  -3.472 0.0000000000
62291  47.895  -26.554  -3.492 0.0000000000
62292  46.895  -26.638  -3.523 0.0000000000
62293  45.907  -26.721  -3.625 0.0000000000
62294  44.917  -26.717  -3.688 0.0000000000
62295  43.909  -26.591  -3.681 0.0000000000
62296  42.976  -26.307  -3.555 0.0000000000
62297  42.007  -26.093  -3.320 0.0000000000
62311  59.613  -26.348  -3.954 0.0000000000
62322  59.496  -26.055  -4.661 0.0000000000
62323  59.029  -26.137  -5.466 0.0000000000
62324  58.127  -26.164  -5.764 0.0000000000
62325  57.061  -26.214  -5.880 0.0000000000
62326  56.090  -26.209  -5.962 0.0000000000
62339  55.377  -26.334  -6.163 0.0000000000
63188  59.293  -26.391  -3.205 0.0000000000
63189  59.078  -26.128  -2.943 0.0000000000
63190  58.598  -26.030  -2.867 0.0000000000
63191  41.204  -25.485  -2.993 0.0000000000
63192  40.735  -24.910  -2.420 0.0000000000
63202  59.343  -25.880  -3.407 0.0000000000
63203  58.927  -25.512  -3.020 0.0000000000
63204  58.052  -25.575  -2.930 0.0000000000
63205  56.928  -25.408  -3.097 0.0000000000
63206  55.802  -25.344  -3.312 0.0000000000
63207  54.682  -25.338  -3.478 0.0000000000
63208  53.599  -25.356  -3.557 0.0000000000
63209  52.559  -25.389  -3.573 0.0000000000
63210  51.554  -25.423  -3.564 0.0000000000
63211  50.574  -25.468  -3.499 0.0000000000
63212  49.600  -25.521  -3.486 0.0000000000
63213  48.622  -25.604  -3.557 0.0000000000
63214  47.611  -25.656  -3.700 0.0000000000
63215  46.592  -25.887  -3.752 0.0000000000
63216  45.672  -25.959  -3.897 0.0000000000
63217  44.727  -25.933  -4.003 0.0000000000
63218  43.775  -25.757  -3.997 0.0000000000
63219  42.791  -25.401  -3.891 0.0000000000
63220  41.825  -25.105  -3.589 0.0000000000
63234  59.469  -25.413  -3.955 0.0000000000
63235  47.146  -25.233  -4.000 0.0000000000
63236  46.433  -25.254  -4.163 0.0000000000
63237  45.533  -25.296  -4.326 0.0000000000
63238  44.611  -25.224  -4.420 0.0000000000
63239  43.708  -24.990  -4.382 0.0000000000
63240  42.994  -24.713  -4.341 0.0000000000
63254  59.307  -24.884  -4.314 0.0000000000
63255  59.116  -25.048  -4.910 0.0000000000
63256  58.422  -25.121  -5.411 0.0000000000
63257  57.407  -25.183  -5.646 0.0000000000
63258  56.345  -25.287  -5.824 0.0000000000
64127  41.160  -24.492  -3.117 0.0000000000
64133  59.226  -25.034  -3.505 0.0000000000
64134  58.701  -24.749  -3.232 0.0000000000
64135  57.823  -24.480  -3.116 0.0000000000
64136  56.721  -24.318  -3.183 0.0000000000
64137  55.573  -24.277  -3.324 0.0000000000
64138  54.439  -24.296  -3.406 0.0000000000
64139  53.353  -24.343  -3.439 0.0000000000
64140  52.322  -24.400  -3.480 0.0000000000
64141  51.331  -24.467  -3.529 0.0000000000
64142  50.367  -24.562  -3.579 0.0000000000
64143  49.394  -24.617  -3.707 0.0000000000
64144  48.444  -24.864  -3.839 0.0000000000
64145  47.776  -24.906  -4.042 0.0000000000
64146  42.357  -24.737  -4.069 0.0000000000
64147  41.753  -24.214  -3.854 0.0000000000
64154  59.365  -24.512  -3.916 0.0000000000
64155  59.325  -24.000  -4.044 0.0000000000
64156  48.975  -24.205  -4.001 0.0000000000
64157  48.322  -24.263  -4.230 0.0000000000
64158  47.353  -24.509  -4.470 0.0000000000
64159  46.328  -24.651  -4.616 0.0000000000
64160  45.437  -24.656  -4.785 0.0000000000
64161  44.522  -24.547  -4.877 0.0000000000
64162  43.582  -24.261  -4.858 0.0000000000
64163  42.602  -24.081  -4.487 0.0000000000
64164  42.035  -23.565  -4.239 0.0000000000
64179  59.316  -24.339  -4.156 0.0000000000
64180  59.145  -24.148  -4.395 0.0000000000
64181  58.620  -24.173  -4.914 0.0000000000
64182  57.736  -24.160  -5.320 0.0000000000
64184  46.957  -24.147  -4.938 0.0000000000
64185  46.261  -24.088  -5.140 0.0000000000
64186  45.361  -24.047  -5.308 0.0000000000
64187  44.456  -23.919  -5.383 0.0000000000
64188  43.750  -23.669  -5.354 0.0000000000
65053  41.312  -23.912  -3.387 0.0000000000
65056  59.102  -24.361  -3.592 0.0000000000
65057  58.578  -23.709  -3.473 0.0000000000
65058  57.536  -23.275  -3.269 0.0000000000
65059  56.443  -23.167  -3.267 0.0000000000
65060  55.284  -23.189  -3.346 0.0000000000
65061  54.145  -23.266  -3.349 0.0000000000
65062  53.089  -23.364  -3.448 0.0000000000
65063  52.089  -23.449  -3.574 0.0000000000
65064  51.126  -23.559  -3.768 0.0000000000
65065  50.226  -23.823  -3.854 0.0000000000
65066  49.580  -23.864  -4.021 0.0000000000
65075  59.165  -23.954  -3.810 0.0000000000
65076  58.882  -23.242  -4.003 0.0000000000
65077  58.453  -22.828  -4.364 0.0000000000
65078  50.764  -23.221  -4.079 0.0000000000
65079  50.129  -23.229  -4.265 0.0000000000
65080  49.167  -23.529  -4.451 0.0000000000
65081  48.221  -23.656  -4.742 0.0000000000
65082  47.545  -23.841  -4.935 0.0000000000
65083  43.133  -23.694  -5.046 0.0000000000
65084  42.543  -23.199  -4.850 0.0000000000
65085  41.926  -22.877  -4.280 0.0000000000
65099  58.709  -23.514  -4.497 0.0000000000
65100  58.072  -23.159  -4.870 0.0000000000
65103  47.913  -23.371  -5.117 0.0000000000
65104  47.205  -23.495  -5.383 0.0000000000
65105  46.220  -23.428  -5.741 0.0000000000
65106  45.242  -23.484  -5.821 0.0000000000
65107  44.318  -23.244  -5.863 0.0000000000
65108  43.324  -23.070  -5.502 0.0000000000
65109  42.749  -22.621  -5.309 0.0000000000
65125  45.857  -23.090  -6.135 0.0000000000
65126  45.210  -22.911  -6.243 0.0000000000
65127  44.525  -22.669  -6.276 0.0000000000
66101  58.008  -22.085  -3.553 0.0000000000
66102  57.205  -21.961  -3.101 0.0000000000
66103  56.108  -21.997  -3.243 0.0000000000
66104  54.936  -22.134  -3.437 0.0000000000
66105  53.818  -22.304  -3.499 0.0000000000
66106  52.838  -22.482  -3.687 0.0000000000
66107  51.884  -22.538  -4.021 0.0000000000
66108  51.223  -22.963  -4.078 0.0000000000
66112  58.281  -22.054  -4.023 0.0000000000
66114  51.697  -22.060  -4.370 0.0000000000
66115  51.027  -22.514  -4.413 0.0000000000
66116  49.949  -22.477  -4.865 0.0000000000
66117  48.885  -22.995  -5.027 0.0000000000
66118  48.320  -23.178  -5.084 0.0000000000
66119  42.268  -22.300  -4.889 0.0000000000
66135  49.826  -21.987  -5.303 0.0000000000
66136  49.257  -22.294  -5.361 0.0000000000
66137  48.222  -22.732  -5.480 0.0000000000
66138  47.140  -22.667  -6.107 0.0000000000
66139  46.371  -22.958  -6.168 0.0000000000
66140  43.830  -22.618  -6.052 0.0000000000
66141  43.152  -22.197  -5.746 0.0000000000
66142  42.648  -22.194  -5.370 0.0000000000
66160  46.954  -22.187  -6.565 0.0000000000
66161  46.180  -22.513  -6.549 0.0000000000
66162  45.110  -22.287  -6.636 0.0000000000
66163  44.167  -22.183  -6.511 0.0000000000
66164  43.628  -22.149  -6.186 0.0000000000
67240  54.516  -21.209  -3.591 0.0000000000
67241  53.457  -21.516  -3.854 0.0000000000
67242  52.697  -21.845  -4.009 0.0000000000
67248  52.967  -21.273  -4.130 0.0000000000
67249  52.267  -21.507  -4.390 0.0000000000
67250  51.524  -21.719  -4.655 0.0000000000
67251  50.866  -21.911  -4.903 0.0000000000
67252  42.211  -21.840  -4.932 0.0000000000
67265  51.890  -21.166  -4.775 0.0000000000
67266  51.296  -21.292  -5.083 0.0000000000
67267  50.394  -21.551  -5.377 0.0000000000
67268  49.648  -21.679  -5.607 0.0000000000
67269  48.902  -21.927  -5.838 0.0000000000
67270  48.102  -22.079  -6.054 0.0000000000
67271  43.056  -21.762  -5.818 0.0000000000
67272  42.562  -21.567  -5.411 0.0000000000
67290  50.023  -21.192  -5.762 0.0000000000
67291  49.444  -21.279  -6.055 0.0000000000
67292  48.596  -21.460  -6.324 0.0000000000
67293  47.612  -21.685  -6.577 0.0000000000
67294  46.780  -21.793  -6.897 0.0000000000
67295  45.855  -21.777  -7.086 0.0000000000
67296  44.706  -21.519  -7.013 0.0000000000
67297  43.472  -21.485  -6.290 0.0000000000
67298  42.911  -20.791  -5.922 0.0000000000
67311  47.285  -21.269  -7.004 0.0000000000
67312  46.641  -21.131  -7.283 0.0000000000
67313  45.666  -20.974  -7.429 0.0000000000
67314  44.844  -20.754  -7.395 0.0000000000
68347  54.023  -20.712  -4.037 0.0000000000
68348  53.376  -21.025  -4.117 0.0000000000
68361  53.078  -20.719  -4.502 0.0000000000
68362  52.325  -20.974  -4.710 0.0000000000
68383  52.108  -20.700  -5.261 0.0000000000
68384  50.997  -20.941  -5.646 0.0000000000
68385  50.421  -21.052  -5.740 0.0000000000
68412  51.522  -20.662  -6.266 0.0000000000
68413  50.303  -20.784  -6.289 0.0000000000
68414  49.233  -20.926  -6.689 0.0000000000
68415  48.271  -21.020  -6.838 0.0000000000
68416  47.710  -21.137  -6.932 0.0000000000
68417  44.037  -20.771  -7.110 0.0000000000
68418  43.291  -20.221  -6.607 0.0000000000
68440  51.032  -20.668  -7.198 0.0000000000
68441  49.933  -20.603  -7.318 0.0000000000
68442  48.862  -20.624  -7.430 0.0000000000
68443  47.678  -20.672  -7.422 0.0000000000
68444  46.556  -20.268  -7.866 0.0000000000
68445  45.393  -20.244  -7.783 0.0000000000
68446  44.462  -20.146  -7.527 0.0000000000
68447  43.860  -20.155  -7.219 0.0000000000
68473  49.563  -20.389  -8.277 0.0000000000
68474  48.522  -20.211  -8.128 0.0000000000
68475  47.612  -19.952  -8.186 0.0000000000
68476  46.980  -19.694  -8.340 0.0000000000
69517  46.533  -19.712  -8.271 0.0000000000
69518  45.955  -19.671  -8.229 0.0000000000
69519  44.920  -19.469  -8.104 0.0000000000
69520  43.828  -19.347  -7.427 0.0000000000
69541  49.048  -20.000  -8.751 0.0000000000
69542  48.362  -19.695  -8.817 0.0000000000
69543  47.540  -19.393  -8.820 0.0000000000
69544  46.650  -19.147  -8.661 0.0000000000
69545  45.728  -18.962  -8.506 0.0000000000
69546  45.038  -18.695  -8.423 0.0000000000
69567  47.375  -18.775  -9.351 0.0000000000
69568  46.761  -18.500  -9.230 0.0000000000
70475  44.414  -18.751  -8.077 0.0000000000
70476  43.790  -18.116  -7.782 0.0000000000
70499  46.226  -18.538  -8.892 0.0000000000
70500  45.567  -18.167  -8.828 0.0000000000
70501  44.651  -17.972  -8.469 0.0000000000
70514  46.351  -17.907  -9.427 0.0000000000
70515  45.740  -17.494  -9.280 0.0000000000
71471  45.200  -17.498  -8.934 0.0000000000
