#!ascii label  , from subject FREESURFER vox2ras=TkReg 
1574
48120  6.977  -38.202  54.562 0.0000000000
48139  7.263  -38.233  54.197 0.0000000000
48157  7.383  -38.790  53.474 0.0000000000
48177  8.486  -39.656  51.838 0.0000000000
48191  9.511  -39.109  51.105 0.0000000000
49137  7.911  -36.991  56.328 0.0000000000
49138  7.454  -37.200  56.900 0.0000000000
49152  7.932  -37.073  55.548 0.0000000000
49153  7.412  -37.372  56.030 0.0000000000
49169  8.050  -37.289  54.631 0.0000000000
49170  7.314  -37.675  54.962 0.0000000000
49171  6.877  -37.773  55.719 0.0000000000
49185  8.228  -37.478  54.043 0.0000000000
49186  7.819  -37.931  53.964 0.0000000000
49204  8.392  -37.670  53.457 0.0000000000
49205  8.046  -38.503  52.974 0.0000000000
49223  8.694  -38.070  52.596 0.0000000000
49224  8.477  -38.978  52.201 0.0000000000
49243  9.084  -38.573  51.667 0.0000000000
49244  8.800  -39.231  51.777 0.0000000000
49259  10.524  -38.453  50.456 0.0000000000
49260  9.719  -38.379  50.877 0.0000000000
50163  7.927  -36.181  58.691 0.0000000000
50180  8.008  -36.362  57.882 0.0000000000
50193  8.108  -36.609  57.003 0.0000000000
50194  7.634  -36.791  57.520 0.0000000000
50204  8.719  -36.216  55.348 0.0000000000
50205  8.455  -36.559  56.049 0.0000000000
50216  8.849  -36.376  54.524 0.0000000000
50217  8.373  -36.672  55.037 0.0000000000
50229  9.015  -36.585  53.796 0.0000000000
50230  8.571  -37.009  54.091 0.0000000000
50244  9.246  -36.512  53.406 0.0000000000
50245  8.924  -37.024  53.079 0.0000000000
50258  9.091  -37.496  52.163 0.0000000000
50275  9.473  -37.580  51.347 0.0000000000
50292  11.836  -37.840  49.997 0.0000000000
50293  10.951  -37.666  50.161 0.0000000000
50294  10.117  -37.457  50.629 0.0000000000
50307  15.257  -37.553  48.824 0.0000000000
50317  16.043  -37.308  48.121 0.0000000000
50318  15.274  -37.063  48.283 0.0000000000
50329  16.927  -37.014  47.517 0.0000000000
50330  16.227  -36.670  47.606 0.0000000000
51150  8.738  -34.934  58.661 0.0000000000
51151  8.416  -35.280  59.106 0.0000000000
51161  8.704  -35.308  58.085 0.0000000000
51162  8.342  -35.842  58.277 0.0000000000
51169  8.873  -35.519  57.119 0.0000000000
51170  8.475  -35.977  57.534 0.0000000000
51177  8.953  -35.757  56.095 0.0000000000
51178  8.584  -36.093  56.762 0.0000000000
51185  9.101  -35.759  54.989 0.0000000000
51191  9.324  -36.066  53.909 0.0000000000
51198  9.552  -36.343  52.819 0.0000000000
51199  9.241  -36.900  52.492 0.0000000000
51206  9.917  -36.180  51.806 0.0000000000
51207  9.453  -36.846  51.949 0.0000000000
51215  10.173  -36.203  50.986 0.0000000000
51216  9.790  -36.804  51.183 0.0000000000
51222  14.503  -37.456  49.243 0.0000000000
51223  13.733  -37.324  49.335 0.0000000000
51224  12.931  -37.215  49.451 0.0000000000
51225  12.136  -37.145  49.668 0.0000000000
51226  11.410  -37.018  49.957 0.0000000000
51227  10.696  -36.624  50.348 0.0000000000
51228  10.160  -36.763  50.735 0.0000000000
51236  14.678  -36.985  48.592 0.0000000000
51237  14.043  -36.797  48.844 0.0000000000
51238  13.323  -36.446  48.934 0.0000000000
51239  12.456  -36.443  49.307 0.0000000000
51240  11.677  -36.402  49.655 0.0000000000
51241  11.164  -36.440  49.918 0.0000000000
51250  15.562  -36.669  47.889 0.0000000000
51251  14.937  -36.542  48.182 0.0000000000
51252  14.272  -36.264  48.339 0.0000000000
51253  13.813  -36.309  48.632 0.0000000000
51264  17.692  -36.446  47.173 0.0000000000
51265  16.774  -36.060  47.188 0.0000000000
51266  15.808  -36.090  47.534 0.0000000000
51267  15.129  -36.083  47.907 0.0000000000
51268  14.696  -36.122  48.107 0.0000000000
51274  18.632  -35.645  46.630 0.0000000000
51275  18.083  -35.846  46.780 0.0000000000
51276  17.501  -35.944  46.985 0.0000000000
52041  8.445  -33.990  60.548 0.0000000000
52055  8.710  -34.128  59.719 0.0000000000
52056  8.421  -34.681  59.992 0.0000000000
52065  8.898  -34.530  59.054 0.0000000000
52066  8.615  -34.619  59.386 0.0000000000
52075  8.967  -34.721  58.341 0.0000000000
52083  9.421  -34.269  57.146 0.0000000000
52084  9.139  -34.916  57.554 0.0000000000
52093  9.504  -34.320  56.344 0.0000000000
52094  9.302  -35.004  56.660 0.0000000000
52105  9.688  -34.017  55.742 0.0000000000
52106  9.409  -34.897  55.601 0.0000000000
52118  9.724  -34.151  54.835 0.0000000000
52119  9.473  -35.094  54.402 0.0000000000
52132  9.907  -34.349  53.766 0.0000000000
52133  9.699  -35.337  53.325 0.0000000000
52148  10.254  -34.638  52.815 0.0000000000
52149  10.060  -35.470  52.358 0.0000000000
52162  10.624  -34.900  52.097 0.0000000000
52163  10.437  -35.439  51.480 0.0000000000
52170  10.579  -35.681  50.671 0.0000000000
52179  13.281  -35.952  48.791 0.0000000000
52180  12.878  -35.722  48.921 0.0000000000
52181  11.979  -35.634  49.334 0.0000000000
52182  11.049  -35.673  49.870 0.0000000000
52192  14.122  -35.855  48.254 0.0000000000
52193  13.647  -35.719  48.449 0.0000000000
52194  13.050  -35.065  48.548 0.0000000000
52205  16.698  -35.145  47.155 0.0000000000
52206  16.055  -35.353  47.437 0.0000000000
52207  15.338  -35.424  47.808 0.0000000000
52208  14.456  -35.547  48.055 0.0000000000
52209  13.927  -35.167  48.073 0.0000000000
52216  19.201  -35.185  46.380 0.0000000000
52217  18.289  -35.036  46.445 0.0000000000
52218  17.436  -35.339  46.838 0.0000000000
52222  18.774  -34.617  46.299 0.0000000000
52223  18.525  -34.504  46.415 0.0000000000
52978  8.884  -33.445  60.313 0.0000000000
52992  9.480  -33.255  59.481 0.0000000000
52993  9.204  -33.650  59.502 0.0000000000
53009  9.524  -33.326  58.986 0.0000000000
53010  9.170  -34.043  58.641 0.0000000000
53026  9.568  -33.505  57.924 0.0000000000
53027  9.240  -34.333  57.913 0.0000000000
53045  9.969  -33.412  56.617 0.0000000000
53064  10.245  -33.420  55.363 0.0000000000
53081  16.725  -31.396  53.253 0.0000000000
53082  16.439  -31.371  53.128 0.0000000000
53083  10.449  -33.598  54.281 0.0000000000
53097  17.432  -31.363  52.233 0.0000000000
53098  16.982  -31.498  52.439 0.0000000000
53099  16.569  -31.446  52.542 0.0000000000
53100  10.632  -33.859  53.283 0.0000000000
53116  17.529  -31.399  51.110 0.0000000000
53117  17.129  -31.608  51.468 0.0000000000
53118  16.715  -31.635  51.642 0.0000000000
53119  10.829  -34.139  52.368 0.0000000000
53137  17.497  -31.716  50.074 0.0000000000
53138  17.132  -31.770  50.467 0.0000000000
53139  16.842  -31.837  50.853 0.0000000000
53140  10.883  -34.489  51.327 0.0000000000
53141  10.675  -35.162  51.017 0.0000000000
53158  17.455  -32.320  49.222 0.0000000000
53159  17.095  -32.214  49.571 0.0000000000
53160  16.721  -32.088  49.985 0.0000000000
53161  11.175  -34.346  50.328 0.0000000000
53162  10.860  -35.046  50.529 0.0000000000
53178  17.449  -32.821  48.574 0.0000000000
53179  17.059  -32.776  48.743 0.0000000000
53180  16.631  -32.663  49.095 0.0000000000
53181  12.415  -34.823  48.916 0.0000000000
53182  11.609  -34.664  49.570 0.0000000000
53183  11.066  -34.913  50.008 0.0000000000
53199  17.676  -33.134  48.172 0.0000000000
53200  17.240  -33.358  48.040 0.0000000000
53201  16.566  -33.566  48.229 0.0000000000
53202  15.938  -34.009  48.081 0.0000000000
53203  15.389  -34.078  48.119 0.0000000000
53204  13.525  -34.759  48.193 0.0000000000
53205  12.978  -34.262  48.543 0.0000000000
53220  17.716  -33.568  47.473 0.0000000000
53221  17.196  -34.339  47.287 0.0000000000
53222  16.310  -34.523  47.612 0.0000000000
53223  15.658  -34.704  47.863 0.0000000000
53224  14.903  -34.579  47.963 0.0000000000
53225  14.175  -34.565  47.959 0.0000000000
53236  19.734  -34.291  46.453 0.0000000000
53237  18.148  -34.157  46.726 0.0000000000
53238  17.729  -34.741  46.724 0.0000000000
53246  19.149  -34.256  46.282 0.0000000000
53247  18.759  -34.087  46.358 0.0000000000
54035  9.308  -32.230  60.749 0.0000000000
54036  9.088  -32.570  60.944 0.0000000000
54039  18.961  -30.135  59.119 0.0000000000
54040  18.608  -30.216  59.162 0.0000000000
54041  17.988  -30.352  58.990 0.0000000000
54042  9.488  -32.368  60.407 0.0000000000
54043  9.363  -33.041  60.081 0.0000000000
54051  19.034  -30.097  59.113 0.0000000000
54052  18.911  -30.183  58.879 0.0000000000
54053  18.423  -30.315  58.635 0.0000000000
54054  17.751  -30.428  58.373 0.0000000000
54055  17.114  -30.506  57.938 0.0000000000
54056  16.647  -30.497  57.599 0.0000000000
54057  9.725  -32.711  59.614 0.0000000000
54058  9.466  -33.203  59.696 0.0000000000
54071  19.123  -30.101  58.843 0.0000000000
54072  18.715  -30.254  58.403 0.0000000000
54073  18.208  -30.382  57.971 0.0000000000
54074  17.660  -30.574  57.576 0.0000000000
54075  17.107  -30.702  57.254 0.0000000000
54076  16.506  -30.645  57.029 0.0000000000
54077  9.977  -32.627  58.663 0.0000000000
54089  18.877  -30.189  58.226 0.0000000000
54090  18.464  -30.345  57.707 0.0000000000
54091  18.021  -30.636  57.206 0.0000000000
54092  17.511  -30.876  56.828 0.0000000000
54093  16.917  -30.958  56.541 0.0000000000
54094  16.210  -30.698  56.231 0.0000000000
54095  15.657  -30.613  55.707 0.0000000000
54096  10.235  -32.591  57.674 0.0000000000
54111  18.663  -30.236  57.585 0.0000000000
54112  18.333  -30.565  56.823 0.0000000000
54113  17.879  -31.035  56.351 0.0000000000
54114  17.320  -31.225  56.008 0.0000000000
54115  16.705  -31.152  55.702 0.0000000000
54116  16.081  -31.028  55.393 0.0000000000
54117  15.424  -30.883  55.138 0.0000000000
54118  10.550  -32.428  56.883 0.0000000000
54131  18.198  -30.976  55.727 0.0000000000
54132  17.697  -31.244  55.310 0.0000000000
54133  17.101  -31.331  55.057 0.0000000000
54134  16.481  -31.322  54.805 0.0000000000
54135  15.807  -31.219  54.621 0.0000000000
54136  15.151  -30.912  54.490 0.0000000000
54137  10.677  -32.577  55.972 0.0000000000
54150  18.128  -31.080  54.315 0.0000000000
54151  17.463  -31.337  54.234 0.0000000000
54152  16.870  -31.452  54.104 0.0000000000
54153  16.199  -31.369  53.747 0.0000000000
54154  15.436  -31.108  53.896 0.0000000000
54155  14.863  -30.876  53.931 0.0000000000
54156  11.028  -32.688  54.800 0.0000000000
54169  18.098  -30.998  52.789 0.0000000000
54170  17.715  -31.187  53.139 0.0000000000
54171  17.203  -31.374  53.270 0.0000000000
54172  16.135  -31.358  52.759 0.0000000000
54173  15.528  -31.135  53.038 0.0000000000
54174  14.867  -30.964  53.304 0.0000000000
54175  11.088  -33.089  53.723 0.0000000000
54188  18.310  -31.034  51.566 0.0000000000
54189  17.886  -31.141  51.912 0.0000000000
54190  16.217  -31.559  51.796 0.0000000000
54191  15.562  -31.321  52.034 0.0000000000
54192  14.596  -31.006  52.287 0.0000000000
54193  13.829  -31.241  51.942 0.0000000000
54194  11.134  -33.288  52.800 0.0000000000
54209  18.447  -31.106  51.137 0.0000000000
54210  18.019  -31.281  50.796 0.0000000000
54211  16.342  -31.875  50.651 0.0000000000
54212  15.642  -31.653  50.967 0.0000000000
54213  14.891  -31.334  51.216 0.0000000000
54214  14.120  -31.516  51.384 0.0000000000
54215  11.233  -33.433  51.861 0.0000000000
54227  17.830  -31.809  49.747 0.0000000000
54228  16.208  -32.507  49.583 0.0000000000
54229  15.627  -32.203  49.928 0.0000000000
54230  14.784  -31.873  50.249 0.0000000000
54231  14.372  -31.680  50.812 0.0000000000
54232  12.131  -33.136  50.116 0.0000000000
54233  11.477  -33.393  50.802 0.0000000000
54245  17.799  -32.524  48.757 0.0000000000
54246  16.137  -33.136  48.779 0.0000000000
54247  15.568  -32.926  49.074 0.0000000000
54248  14.893  -32.633  49.363 0.0000000000
54249  13.228  -33.311  48.763 0.0000000000
54250  12.480  -33.593  49.190 0.0000000000
54251  11.651  -33.751  49.916 0.0000000000
54264  18.127  -33.040  47.893 0.0000000000
54265  16.092  -33.594  48.386 0.0000000000
54266  15.664  -33.565  48.476 0.0000000000
54267  14.765  -33.518  48.407 0.0000000000
54268  13.691  -33.723  48.199 0.0000000000
54269  13.064  -33.696  48.643 0.0000000000
54284  18.252  -33.367  47.141 0.0000000000
54285  14.572  -34.145  48.001 0.0000000000
54286  14.306  -33.933  47.993 0.0000000000
54299  20.132  -33.456  46.650 0.0000000000
54300  19.414  -33.479  46.480 0.0000000000
54301  18.788  -33.343  46.604 0.0000000000
54315  25.026  -32.803  45.287 0.0000000000
54316  19.007  -33.810  46.310 0.0000000000
54317  18.817  -33.777  46.439 0.0000000000
54331  28.485  -33.542  44.585 0.0000000000
54332  27.499  -33.621  44.532 0.0000000000
54333  26.459  -33.446  44.532 0.0000000000
54334  25.550  -32.937  44.453 0.0000000000
54335  24.956  -32.520  44.649 0.0000000000
54350  29.112  -33.256  43.890 0.0000000000
54351  28.226  -33.322  43.664 0.0000000000
54352  27.178  -33.225  43.472 0.0000000000
54353  26.174  -33.021  43.653 0.0000000000
54354  25.537  -32.625  43.719 0.0000000000
54367  29.675  -33.058  43.337 0.0000000000
54368  28.992  -33.071  42.985 0.0000000000
54369  28.083  -32.933  42.738 0.0000000000
54370  27.269  -32.745  42.652 0.0000000000
55161  21.284  -29.681  62.039 0.0000000000
55162  21.051  -29.473  62.008 0.0000000000
55163  20.667  -29.392  61.678 0.0000000000
55164  20.269  -29.358  61.380 0.0000000000
55169  21.341  -29.521  61.877 0.0000000000
55170  21.021  -29.572  61.554 0.0000000000
55171  20.553  -29.499  61.145 0.0000000000
55172  19.892  -29.469  60.878 0.0000000000
55173  19.149  -29.577  60.607 0.0000000000
55174  18.493  -29.519  60.384 0.0000000000
55180  21.249  -29.523  61.435 0.0000000000
55181  20.880  -29.611  61.024 0.0000000000
55182  20.187  -29.549  60.702 0.0000000000
55183  19.535  -29.716  60.303 0.0000000000
55184  18.839  -29.852  60.093 0.0000000000
55185  17.911  -29.769  60.047 0.0000000000
55186  16.891  -29.709  59.734 0.0000000000
55187  16.219  -29.720  59.476 0.0000000000
55188  9.473  -31.729  60.994 0.0000000000
55189  9.177  -32.117  61.207 0.0000000000
55194  21.058  -29.502  60.920 0.0000000000
55195  20.475  -29.555  60.599 0.0000000000
55196  19.815  -29.749  60.096 0.0000000000
55197  19.116  -30.012  59.509 0.0000000000
55198  18.522  -30.081  59.648 0.0000000000
55199  17.815  -30.145  59.410 0.0000000000
55200  16.949  -30.116  59.227 0.0000000000
55201  16.051  -29.910  58.995 0.0000000000
55202  15.395  -29.890  58.693 0.0000000000
55203  9.932  -31.761  60.148 0.0000000000
55209  20.881  -29.517  60.520 0.0000000000
55210  20.263  -29.645  59.997 0.0000000000
55211  19.370  -29.947  59.371 0.0000000000
55212  19.132  -30.080  59.312 0.0000000000
55213  17.535  -30.318  58.931 0.0000000000
55214  16.980  -30.330  58.624 0.0000000000
55215  16.236  -30.201  58.225 0.0000000000
55216  15.126  -29.924  58.130 0.0000000000
55217  14.368  -29.811  57.706 0.0000000000
55218  10.300  -31.792  59.342 0.0000000000
55228  19.863  -29.720  59.362 0.0000000000
55229  19.225  -30.007  58.806 0.0000000000
55230  15.986  -30.305  57.546 0.0000000000
55231  15.192  -30.064  57.285 0.0000000000
55232  14.323  -29.880  56.898 0.0000000000
55233  10.601  -31.749  58.444 0.0000000000
55242  19.705  -29.743  58.671 0.0000000000
55243  19.063  -30.066  58.062 0.0000000000
55244  15.869  -30.441  56.913 0.0000000000
55245  15.271  -30.225  56.350 0.0000000000
55246  14.253  -30.229  56.037 0.0000000000
55247  10.846  -31.699  57.532 0.0000000000
55253  19.485  -29.733  57.862 0.0000000000
55254  18.856  -30.068  56.992 0.0000000000
55255  18.449  -30.510  56.135 0.0000000000
55256  14.961  -30.439  55.523 0.0000000000
55257  14.142  -30.673  55.340 0.0000000000
55258  11.080  -31.720  56.619 0.0000000000
55264  18.697  -30.108  55.830 0.0000000000
55265  18.416  -30.655  55.265 0.0000000000
55266  14.706  -30.788  54.940 0.0000000000
55267  14.074  -30.840  54.779 0.0000000000
55268  11.388  -31.723  55.614 0.0000000000
55275  18.586  -30.319  55.031 0.0000000000
55276  18.449  -30.537  54.460 0.0000000000
55277  14.371  -30.842  54.277 0.0000000000
55278  13.748  -31.018  54.401 0.0000000000
55279  12.118  -31.854  54.132 0.0000000000
55280  11.711  -31.839  54.693 0.0000000000
55287  18.337  -30.613  53.450 0.0000000000
55288  14.280  -30.928  53.523 0.0000000000
55289  13.710  -31.122  53.793 0.0000000000
55290  12.158  -32.067  53.571 0.0000000000
55291  11.617  -32.364  54.008 0.0000000000
55300  18.324  -30.745  52.256 0.0000000000
55301  14.319  -30.977  52.978 0.0000000000
55302  13.474  -31.349  52.773 0.0000000000
55303  12.336  -31.959  52.912 0.0000000000
55304  11.597  -32.526  53.214 0.0000000000
55316  18.616  -31.079  51.307 0.0000000000
55317  18.359  -31.208  51.035 0.0000000000
55318  13.296  -31.715  51.540 0.0000000000
55319  12.405  -32.002  51.953 0.0000000000
55320  11.621  -32.565  52.351 0.0000000000
55332  18.569  -31.184  50.958 0.0000000000
55333  18.308  -31.318  50.506 0.0000000000
55334  14.190  -32.324  49.582 0.0000000000
55335  13.652  -32.061  50.429 0.0000000000
55336  12.416  -32.411  50.840 0.0000000000
55337  11.703  -32.660  51.516 0.0000000000
55349  18.107  -31.815  49.341 0.0000000000
55350  14.203  -32.777  48.860 0.0000000000
55351  13.406  -32.716  49.277 0.0000000000
55352  12.770  -32.703  49.924 0.0000000000
55362  18.157  -32.202  48.290 0.0000000000
55363  14.116  -33.212  48.454 0.0000000000
55364  13.697  -33.064  48.653 0.0000000000
55374  20.509  -32.619  46.889 0.0000000000
55375  18.414  -32.477  47.238 0.0000000000
55383  23.918  -31.771  45.841 0.0000000000
55384  19.904  -32.583  46.555 0.0000000000
55385  19.299  -32.460  46.564 0.0000000000
55386  18.838  -32.266  46.719 0.0000000000
55395  24.542  -32.267  45.100 0.0000000000
55396  24.102  -31.847  45.333 0.0000000000
55410  25.146  -32.425  44.119 0.0000000000
55411  24.633  -31.967  44.344 0.0000000000
55412  24.295  -31.873  44.842 0.0000000000
55426  26.574  -32.886  42.925 0.0000000000
55427  25.883  -32.522  43.044 0.0000000000
55428  25.207  -31.889  43.547 0.0000000000
55429  24.731  -31.643  43.949 0.0000000000
55442  30.551  -32.229  42.710 0.0000000000
55443  29.807  -32.630  42.611 0.0000000000
55444  28.949  -32.375  42.260 0.0000000000
55445  27.927  -32.065  42.189 0.0000000000
55446  26.717  -32.145  42.605 0.0000000000
55447  25.836  -31.833  42.848 0.0000000000
55448  25.483  -31.542  43.125 0.0000000000
55465  28.721  -31.775  41.934 0.0000000000
55466  28.436  -31.558  41.994 0.0000000000
56351  23.411  -28.736  62.649 0.0000000000
56352  22.976  -28.840  62.581 0.0000000000
56353  22.271  -29.023  62.548 0.0000000000
56354  21.575  -29.126  62.496 0.0000000000
56355  20.938  -29.090  62.356 0.0000000000
56356  20.129  -29.134  62.008 0.0000000000
56357  19.816  -28.828  61.851 0.0000000000
56364  25.240  -28.925  61.982 0.0000000000
56365  24.791  -29.035  61.993 0.0000000000
56366  23.775  -28.916  62.354 0.0000000000
56367  22.833  -29.090  62.242 0.0000000000
56368  21.852  -29.349  62.147 0.0000000000
56369  21.277  -29.384  62.162 0.0000000000
56370  20.767  -29.300  62.033 0.0000000000
56371  20.095  -29.036  61.818 0.0000000000
56372  19.516  -29.006  61.522 0.0000000000
56373  18.962  -28.994  61.233 0.0000000000
56374  16.368  -28.181  61.421 0.0000000000
56375  15.566  -28.325  61.534 0.0000000000
56383  27.134  -28.589  60.994 0.0000000000
56384  26.467  -28.773  60.971 0.0000000000
56385  25.538  -28.813  61.603 0.0000000000
56386  24.467  -29.020  61.762 0.0000000000
56387  23.437  -29.127  61.852 0.0000000000
56388  22.484  -29.303  61.827 0.0000000000
56389  21.748  -29.444  61.690 0.0000000000
56390  19.888  -29.297  61.334 0.0000000000
56391  19.368  -29.310  61.071 0.0000000000
56392  18.493  -29.035  60.808 0.0000000000
56393  16.982  -28.538  60.888 0.0000000000
56394  15.458  -28.680  60.895 0.0000000000
56395  13.842  -28.731  61.082 0.0000000000
56396  12.459  -29.424  61.520 0.0000000000
56397  11.272  -30.113  61.631 0.0000000000
56398  10.258  -30.785  61.440 0.0000000000
56402  28.342  -28.614  60.136 0.0000000000
56403  27.329  -28.696  60.608 0.0000000000
56404  26.161  -28.825  60.832 0.0000000000
56405  25.097  -28.894  61.096 0.0000000000
56406  24.020  -29.002  61.255 0.0000000000
56407  22.973  -29.232  61.326 0.0000000000
56408  22.082  -29.354  61.315 0.0000000000
56409  21.644  -29.461  61.050 0.0000000000
56410  17.785  -29.200  60.445 0.0000000000
56411  16.771  -29.209  60.329 0.0000000000
56412  15.392  -29.260  60.027 0.0000000000
56413  13.483  -29.186  60.304 0.0000000000
56414  12.042  -29.692  60.644 0.0000000000
56415  10.986  -30.422  60.731 0.0000000000
56416  10.175  -31.036  60.644 0.0000000000
56419  29.569  -28.889  59.174 0.0000000000
56420  28.668  -28.843  59.412 0.0000000000
56421  27.700  -28.833  59.726 0.0000000000
56422  26.707  -29.039  60.101 0.0000000000
56423  25.662  -28.935  60.307 0.0000000000
56424  24.603  -28.861  60.550 0.0000000000
56425  23.465  -29.062  60.680 0.0000000000
56426  22.333  -29.255  60.724 0.0000000000
56427  21.508  -29.435  60.833 0.0000000000
56428  15.610  -29.625  59.443 0.0000000000
56429  14.674  -29.577  59.280 0.0000000000
56430  12.891  -29.633  59.590 0.0000000000
56431  11.567  -30.203  59.856 0.0000000000
56432  10.684  -31.026  60.000 0.0000000000
56435  30.834  -29.271  58.269 0.0000000000
56436  30.094  -29.247  58.570 0.0000000000
56437  29.071  -29.224  58.767 0.0000000000
56438  28.087  -29.107  58.969 0.0000000000
56439  27.066  -29.069  59.234 0.0000000000
56440  26.140  -29.193  59.587 0.0000000000
56441  25.188  -28.941  59.872 0.0000000000
56442  24.028  -28.814  60.119 0.0000000000
56443  22.765  -29.099  59.923 0.0000000000
56444  21.293  -29.391  59.975 0.0000000000
56445  20.420  -29.541  59.709 0.0000000000
56446  14.746  -29.759  58.689 0.0000000000
56447  13.696  -29.717  58.507 0.0000000000
56448  12.078  -30.111  58.904 0.0000000000
56449  11.078  -30.945  59.156 0.0000000000
56454  31.153  -29.163  57.806 0.0000000000
56455  30.322  -29.313  57.978 0.0000000000
56456  29.444  -29.437  58.183 0.0000000000
56457  28.482  -29.329  58.405 0.0000000000
56458  27.491  -29.235  58.645 0.0000000000
56459  26.506  -29.342  58.905 0.0000000000
56460  25.811  -29.152  59.363 0.0000000000
56461  22.489  -29.023  59.426 0.0000000000
56462  21.638  -29.135  59.184 0.0000000000
56463  20.506  -29.452  59.270 0.0000000000
56464  13.434  -30.027  57.483 0.0000000000
56465  12.406  -30.311  57.948 0.0000000000
56466  11.345  -30.869  58.231 0.0000000000
56474  31.969  -29.703  56.264 0.0000000000
56475  31.479  -29.296  56.815 0.0000000000
56476  30.674  -28.919  57.142 0.0000000000
56477  29.808  -28.976  57.455 0.0000000000
56478  28.894  -29.130  57.725 0.0000000000
56479  27.872  -28.949  58.091 0.0000000000
56480  27.016  -29.161  58.471 0.0000000000
56481  21.310  -29.033  58.613 0.0000000000
56482  20.476  -29.265  58.382 0.0000000000
56483  13.428  -30.343  56.595 0.0000000000
56484  12.555  -30.615  57.039 0.0000000000
56485  11.617  -30.989  57.316 0.0000000000
56492  32.004  -30.196  55.614 0.0000000000
56493  31.471  -29.625  55.729 0.0000000000
56494  30.852  -29.161  56.006 0.0000000000
56495  30.160  -28.741  56.347 0.0000000000
56496  29.338  -28.664  56.755 0.0000000000
56497  28.480  -28.627  57.115 0.0000000000
56498  19.601  -29.282  57.089 0.0000000000
56499  18.965  -29.700  56.475 0.0000000000
56500  13.447  -30.783  55.802 0.0000000000
56501  12.687  -30.952  56.236 0.0000000000
56502  11.875  -31.172  56.446 0.0000000000
56509  32.096  -30.834  55.002 0.0000000000
56510  31.494  -30.257  54.987 0.0000000000
56511  30.931  -29.723  55.013 0.0000000000
56512  30.297  -29.264  55.235 0.0000000000
56513  29.644  -28.771  55.553 0.0000000000
56514  28.882  -28.517  55.976 0.0000000000
56515  19.570  -29.023  56.431 0.0000000000
56516  19.113  -29.371  55.968 0.0000000000
56517  13.396  -31.051  54.938 0.0000000000
56518  12.676  -31.205  55.441 0.0000000000
56519  12.093  -31.254  55.784 0.0000000000
56529  32.284  -31.042  54.236 0.0000000000
56530  31.622  -31.045  54.477 0.0000000000
56531  30.963  -30.632  54.423 0.0000000000
56532  30.345  -30.135  54.396 0.0000000000
56533  29.680  -29.551  54.551 0.0000000000
56534  29.096  -28.811  54.816 0.0000000000
56535  18.794  -29.825  54.964 0.0000000000
56536  18.615  -30.234  54.621 0.0000000000
56537  13.199  -31.280  54.193 0.0000000000
56538  12.498  -31.412  54.617 0.0000000000
56539  12.005  -31.390  55.199 0.0000000000
56550  32.337  -30.987  53.747 0.0000000000
56551  31.970  -31.184  53.766 0.0000000000
56552  31.265  -31.194  53.744 0.0000000000
56553  30.390  -31.178  53.832 0.0000000000
56554  29.701  -30.509  53.724 0.0000000000
56555  29.065  -29.540  53.593 0.0000000000
56556  18.891  -29.585  54.316 0.0000000000
56557  18.637  -30.132  54.040 0.0000000000
56558  13.204  -31.432  53.571 0.0000000000
56559  12.674  -31.677  53.836 0.0000000000
56570  32.317  -30.920  53.363 0.0000000000
56571  31.841  -31.134  52.971 0.0000000000
56572  30.917  -31.261  52.909 0.0000000000
56573  30.001  -31.242  52.862 0.0000000000
56574  29.216  -30.653  52.755 0.0000000000
56575  28.464  -30.124  52.557 0.0000000000
56576  18.719  -29.711  53.642 0.0000000000
56577  18.497  -30.199  52.930 0.0000000000
56578  12.844  -31.647  53.281 0.0000000000
56579  12.549  -31.904  53.388 0.0000000000
56591  31.451  -31.139  52.152 0.0000000000
56592  30.624  -31.245  51.990 0.0000000000
56593  29.673  -31.263  51.834 0.0000000000
56594  28.756  -30.957  51.748 0.0000000000
56595  28.004  -30.492  51.510 0.0000000000
56596  18.446  -30.586  51.906 0.0000000000
56607  31.231  -31.058  51.376 0.0000000000
56608  30.438  -31.078  50.877 0.0000000000
56609  29.365  -31.037  50.780 0.0000000000
56610  28.625  -30.653  50.706 0.0000000000
56611  28.002  -30.388  50.439 0.0000000000
56614  18.628  -30.847  51.205 0.0000000000
56615  18.637  -31.040  50.612 0.0000000000
56623  29.910  -30.540  50.211 0.0000000000
56624  29.226  -30.147  50.059 0.0000000000
56625  28.519  -30.089  50.017 0.0000000000
56626  27.967  -30.110  49.635 0.0000000000
56631  18.447  -31.190  49.820 0.0000000000
56638  28.798  -29.547  49.789 0.0000000000
56639  28.347  -29.680  49.432 0.0000000000
56640  27.974  -29.907  49.133 0.0000000000
56645  18.398  -31.360  48.785 0.0000000000
56654  21.033  -31.815  46.915 0.0000000000
56655  20.356  -31.964  46.585 0.0000000000
56656  18.414  -31.466  47.717 0.0000000000
56665  20.556  -31.360  46.378 0.0000000000
56666  19.809  -31.580  46.379 0.0000000000
56667  19.075  -31.547  46.508 0.0000000000
56668  18.575  -31.518  46.877 0.0000000000
56676  23.627  -31.358  45.486 0.0000000000
56690  24.402  -31.502  44.112 0.0000000000
56691  23.918  -31.366  44.578 0.0000000000
56704  26.110  -30.980  43.260 0.0000000000
56705  25.356  -31.114  43.469 0.0000000000
56706  24.624  -31.209  43.796 0.0000000000
56707  24.164  -31.203  44.060 0.0000000000
56719  30.179  -31.887  42.206 0.0000000000
56720  29.613  -32.126  42.208 0.0000000000
56721  28.285  -31.095  42.264 0.0000000000
56722  27.317  -31.405  42.544 0.0000000000
56723  26.410  -31.419  42.766 0.0000000000
56724  25.803  -31.354  42.998 0.0000000000
56735  30.836  -31.040  41.813 0.0000000000
56736  30.437  -31.185  41.789 0.0000000000
56737  29.506  -31.492  41.864 0.0000000000
56738  28.854  -31.149  41.867 0.0000000000
57538  23.460  -28.467  62.930 0.0000000000
57539  22.777  -28.576  62.898 0.0000000000
57540  22.052  -28.630  62.886 0.0000000000
57541  21.405  -28.591  62.779 0.0000000000
57542  20.624  -28.435  62.573 0.0000000000
57543  19.757  -28.162  62.289 0.0000000000
57544  19.220  -28.000  62.201 0.0000000000
57551  25.321  -28.434  62.554 0.0000000000
57552  24.601  -28.555  62.726 0.0000000000
57553  23.834  -28.630  62.724 0.0000000000
57554  23.138  -28.658  62.745 0.0000000000
57555  22.495  -28.787  62.765 0.0000000000
57556  21.856  -28.825  62.759 0.0000000000
57557  21.168  -28.825  62.596 0.0000000000
57558  20.397  -28.684  62.358 0.0000000000
57559  19.298  -28.324  62.005 0.0000000000
57560  17.761  -27.734  61.727 0.0000000000
57567  27.296  -28.130  61.513 0.0000000000
57568  26.500  -28.279  61.786 0.0000000000
57569  25.712  -28.609  62.067 0.0000000000
57570  25.028  -28.770  62.364 0.0000000000
57571  24.410  -28.776  62.476 0.0000000000
57572  19.386  -28.706  61.735 0.0000000000
57573  18.677  -28.467  61.429 0.0000000000
57574  17.148  -28.032  61.421 0.0000000000
57580  29.311  -28.268  60.786 0.0000000000
57581  28.557  -28.367  60.988 0.0000000000
57582  27.675  -28.427  61.099 0.0000000000
57583  26.898  -28.417  61.345 0.0000000000
57584  26.243  -28.560  61.613 0.0000000000
57585  18.612  -28.749  61.114 0.0000000000
57586  18.051  -28.469  61.038 0.0000000000
57589  30.417  -28.367  60.024 0.0000000000
57590  29.657  -28.429  60.263 0.0000000000
57591  28.893  -28.467  60.484 0.0000000000
57592  28.178  -28.490  60.680 0.0000000000
57596  31.555  -28.757  58.905 0.0000000000
57597  30.898  -28.633  59.353 0.0000000000
57598  30.020  -28.645  59.635 0.0000000000
57599  29.204  -28.638  59.868 0.0000000000
57606  32.346  -29.105  57.980 0.0000000000
57607  31.872  -29.036  58.357 0.0000000000
57608  31.022  -29.079  58.612 0.0000000000
57609  30.324  -28.885  59.022 0.0000000000
57610  25.225  -28.795  59.488 0.0000000000
57611  24.342  -28.706  59.689 0.0000000000
57612  23.604  -28.842  59.798 0.0000000000
57619  32.554  -29.372  57.472 0.0000000000
57620  32.079  -29.474  57.842 0.0000000000
57621  31.491  -29.375  58.139 0.0000000000
57622  26.413  -29.024  58.469 0.0000000000
57623  25.686  -28.803  58.856 0.0000000000
57624  24.481  -28.526  59.090 0.0000000000
57625  23.198  -28.744  59.307 0.0000000000
57626  22.347  -28.926  59.125 0.0000000000
57637  32.873  -29.778  56.811 0.0000000000
57638  32.219  -29.594  57.046 0.0000000000
57639  31.735  -29.451  57.636 0.0000000000
57640  27.682  -28.538  57.275 0.0000000000
57641  26.837  -28.679  57.822 0.0000000000
57642  25.815  -28.558  58.025 0.0000000000
57643  24.721  -28.216  58.250 0.0000000000
57644  23.475  -28.223  58.586 0.0000000000
57645  22.032  -28.543  58.465 0.0000000000
57646  21.155  -28.951  58.307 0.0000000000
57658  33.151  -30.184  56.082 0.0000000000
57659  32.494  -30.112  56.250 0.0000000000
57660  28.052  -28.333  56.281 0.0000000000
57661  27.116  -28.127  56.659 0.0000000000
57662  25.978  -27.978  57.096 0.0000000000
57663  25.181  -28.085  57.559 0.0000000000
57664  21.573  -28.323  57.696 0.0000000000
57665  20.861  -28.740  57.699 0.0000000000
57677  33.242  -30.276  55.517 0.0000000000
57678  32.735  -30.488  55.447 0.0000000000
57679  28.476  -28.338  55.291 0.0000000000
57680  27.645  -27.880  55.240 0.0000000000
57681  26.487  -27.590  55.898 0.0000000000
57682  20.250  -28.596  56.663 0.0000000000
57683  19.579  -28.843  55.997 0.0000000000
57695  33.281  -30.291  54.950 0.0000000000
57696  32.753  -30.661  54.564 0.0000000000
57697  28.430  -28.548  54.235 0.0000000000
57698  27.605  -28.229  53.784 0.0000000000
57699  20.055  -28.397  55.872 0.0000000000
57700  19.391  -28.992  55.068 0.0000000000
57707  33.235  -30.211  54.088 0.0000000000
57708  32.670  -30.632  53.699 0.0000000000
57709  28.221  -29.063  53.081 0.0000000000
57710  27.463  -28.768  52.690 0.0000000000
57711  19.054  -29.176  53.980 0.0000000000
57720  33.135  -30.084  53.281 0.0000000000
57721  32.602  -30.449  52.749 0.0000000000
57722  32.107  -30.865  52.231 0.0000000000
57723  27.734  -29.735  52.290 0.0000000000
57724  27.230  -29.317  51.880 0.0000000000
57725  18.711  -29.481  53.045 0.0000000000
57726  18.586  -29.983  52.339 0.0000000000
57735  32.414  -30.344  51.911 0.0000000000
57736  31.861  -30.700  51.554 0.0000000000
57737  27.361  -30.086  51.643 0.0000000000
57738  26.917  -29.818  51.229 0.0000000000
57739  26.671  -29.627  50.780 0.0000000000
57740  18.620  -29.590  52.337 0.0000000000
57741  18.656  -30.051  51.712 0.0000000000
57753  32.228  -30.126  51.246 0.0000000000
57754  31.505  -30.339  50.612 0.0000000000
57755  30.592  -30.409  50.079 0.0000000000
57756  27.416  -30.225  50.875 0.0000000000
57757  26.878  -30.015  50.457 0.0000000000
57758  26.422  -29.638  50.224 0.0000000000
57759  18.671  -30.331  50.812 0.0000000000
57760  18.711  -30.700  50.136 0.0000000000
57772  30.984  -29.716  49.716 0.0000000000
57773  30.023  -29.578  49.962 0.0000000000
57774  29.261  -29.254  49.846 0.0000000000
57775  27.407  -30.149  49.969 0.0000000000
57776  26.746  -30.053  49.552 0.0000000000
57777  26.002  -29.702  49.318 0.0000000000
57778  18.772  -30.071  50.091 0.0000000000
57779  18.578  -30.461  49.329 0.0000000000
57789  30.537  -28.851  49.830 0.0000000000
57790  29.713  -28.655  49.447 0.0000000000
57791  28.728  -28.970  49.209 0.0000000000
57792  28.030  -29.465  48.707 0.0000000000
57793  27.472  -30.144  48.817 0.0000000000
57794  26.523  -30.145  48.485 0.0000000000
57795  25.776  -29.907  48.241 0.0000000000
57798  18.500  -30.569  48.223 0.0000000000
57806  29.128  -28.384  48.699 0.0000000000
57807  28.383  -28.676  47.882 0.0000000000
57808  27.726  -29.677  47.632 0.0000000000
57809  27.080  -30.270  47.561 0.0000000000
57810  26.192  -30.092  47.433 0.0000000000
57811  25.702  -29.904  47.681 0.0000000000
57815  18.548  -30.556  47.206 0.0000000000
57821  28.041  -29.240  46.461 0.0000000000
57822  27.496  -30.104  46.487 0.0000000000
57823  26.730  -30.335  46.544 0.0000000000
57824  26.148  -30.094  46.583 0.0000000000
57825  23.057  -30.864  45.812 0.0000000000
57826  22.224  -30.580  46.001 0.0000000000
57827  21.337  -30.913  46.281 0.0000000000
57828  20.231  -30.589  46.133 0.0000000000
57829  19.378  -30.680  46.393 0.0000000000
57830  18.825  -30.880  46.625 0.0000000000
57837  28.149  -29.250  45.625 0.0000000000
57838  27.871  -29.858  45.259 0.0000000000
57839  27.092  -30.500  45.537 0.0000000000
57840  26.137  -30.171  45.676 0.0000000000
57841  25.610  -29.907  45.285 0.0000000000
57842  23.248  -30.806  44.992 0.0000000000
57843  22.582  -30.395  45.216 0.0000000000
57856  27.930  -30.038  44.031 0.0000000000
57857  27.324  -30.505  44.445 0.0000000000
57858  26.457  -30.465  44.689 0.0000000000
57859  25.736  -30.099  44.826 0.0000000000
57860  23.445  -30.665  44.432 0.0000000000
57861  22.918  -30.283  44.515 0.0000000000
57873  28.007  -30.050  43.106 0.0000000000
57874  27.453  -30.530  43.456 0.0000000000
57875  26.654  -30.746  43.760 0.0000000000
57876  25.615  -30.431  44.006 0.0000000000
57877  24.685  -30.500  43.860 0.0000000000
57878  23.867  -30.621  44.000 0.0000000000
57879  23.309  -30.317  44.193 0.0000000000
57890  28.434  -30.145  42.441 0.0000000000
57891  27.756  -30.729  42.761 0.0000000000
57892  26.888  -30.867  42.929 0.0000000000
57904  29.992  -30.654  41.322 0.0000000000
57905  29.312  -30.599  41.530 0.0000000000
57906  28.845  -30.214  41.765 0.0000000000
57918  30.616  -29.652  40.864 0.0000000000
57919  30.159  -29.866  40.903 0.0000000000
57920  29.517  -29.953  41.119 0.0000000000
57921  29.165  -30.016  41.356 0.0000000000
58691  25.152  -27.982  63.050 0.0000000000
58692  24.464  -28.103  63.158 0.0000000000
58693  23.781  -28.200  63.152 0.0000000000
58694  23.144  -28.311  63.130 0.0000000000
58695  22.464  -28.354  63.117 0.0000000000
58696  21.709  -28.285  62.993 0.0000000000
58697  20.991  -27.975  62.866 0.0000000000
58698  19.873  -27.837  62.406 0.0000000000
58699  18.701  -27.499  62.166 0.0000000000
58706  27.100  -27.661  61.965 0.0000000000
58707  26.315  -27.860  62.306 0.0000000000
58708  25.586  -28.032  62.673 0.0000000000
58709  24.895  -28.212  63.028 0.0000000000
58710  24.125  -28.338  63.004 0.0000000000
58711  18.900  -27.864  62.120 0.0000000000
58712  18.143  -27.509  61.973 0.0000000000
58716  29.340  -27.745  61.265 0.0000000000
58717  28.534  -27.792  61.473 0.0000000000
58718  27.665  -27.839  61.648 0.0000000000
58719  26.997  -27.894  62.130 0.0000000000
58720  26.053  -28.212  62.254 0.0000000000
58723  31.094  -27.696  60.425 0.0000000000
58724  30.340  -27.822  60.711 0.0000000000
58725  29.672  -27.993  60.973 0.0000000000
58726  28.958  -28.100  61.200 0.0000000000
58727  28.141  -28.128  61.345 0.0000000000
58731  32.286  -27.924  59.622 0.0000000000
58732  31.541  -28.028  59.956 0.0000000000
58733  30.769  -28.074  60.301 0.0000000000
58734  30.037  -28.171  60.561 0.0000000000
58739  32.459  -28.225  59.104 0.0000000000
58740  31.756  -28.390  59.413 0.0000000000
58741  31.091  -28.282  59.823 0.0000000000
58745  32.965  -28.075  58.252 0.0000000000
58746  32.496  -28.559  58.465 0.0000000000
58747  32.077  -28.617  58.862 0.0000000000
58751  33.148  -28.347  57.585 0.0000000000
58752  32.698  -28.762  57.808 0.0000000000
58756  33.348  -28.623  56.841 0.0000000000
58757  32.964  -29.088  57.159 0.0000000000
58758  24.447  -27.775  57.546 0.0000000000
58759  23.577  -27.771  57.888 0.0000000000
58760  22.807  -27.953  58.153 0.0000000000
58766  33.427  -28.801  56.015 0.0000000000
58767  33.277  -29.439  56.432 0.0000000000
58768  25.597  -27.510  56.243 0.0000000000
58769  24.837  -27.604  56.820 0.0000000000
58770  23.653  -27.490  57.075 0.0000000000
58771  22.313  -27.847  57.426 0.0000000000
58772  21.224  -28.264  57.152 0.0000000000
58778  33.415  -28.814  55.151 0.0000000000
58779  33.470  -29.722  55.547 0.0000000000
58780  26.758  -27.570  54.548 0.0000000000
58781  25.781  -27.361  55.238 0.0000000000
58782  24.939  -27.301  55.817 0.0000000000
58783  23.972  -27.149  56.097 0.0000000000
58784  22.758  -27.360  56.460 0.0000000000
58785  21.229  -27.722  56.292 0.0000000000
58792  33.183  -28.661  54.281 0.0000000000
58793  33.395  -29.566  54.604 0.0000000000
58794  26.809  -28.037  53.326 0.0000000000
58795  26.013  -27.284  53.991 0.0000000000
58796  24.971  -27.065  54.779 0.0000000000
58797  24.480  -27.127  55.480 0.0000000000
58798  20.219  -27.939  55.273 0.0000000000
58799  19.590  -28.324  54.388 0.0000000000
58803  33.053  -28.539  53.364 0.0000000000
58804  33.193  -29.397  53.685 0.0000000000
58805  26.814  -28.532  52.300 0.0000000000
58806  26.147  -27.799  52.863 0.0000000000
58807  25.320  -27.182  53.544 0.0000000000
58808  19.139  -28.563  53.499 0.0000000000
58811  33.045  -28.467  52.805 0.0000000000
58812  33.062  -29.254  52.499 0.0000000000
58813  32.849  -30.026  52.160 0.0000000000
58814  26.775  -29.062  51.483 0.0000000000
58815  26.248  -28.358  51.859 0.0000000000
58816  25.448  -27.684  52.488 0.0000000000
58817  18.820  -28.809  52.643 0.0000000000
58822  32.866  -29.077  51.493 0.0000000000
58823  32.650  -29.694  51.663 0.0000000000
58824  26.740  -29.418  51.051 0.0000000000
58825  26.384  -29.067  50.955 0.0000000000
58826  25.706  -28.062  51.205 0.0000000000
58827  18.658  -29.208  51.922 0.0000000000
58828  18.683  -29.618  51.309 0.0000000000
58835  32.884  -28.751  51.080 0.0000000000
58836  32.364  -29.209  50.746 0.0000000000
58837  31.689  -29.447  50.052 0.0000000000
58838  25.934  -29.036  50.232 0.0000000000
58839  25.510  -28.231  50.088 0.0000000000
58840  18.756  -28.876  51.399 0.0000000000
58841  18.830  -29.307  50.636 0.0000000000
58854  32.003  -28.714  49.829 0.0000000000
58855  31.264  -28.760  49.837 0.0000000000
58856  25.679  -28.989  49.539 0.0000000000
58857  25.375  -28.518  49.300 0.0000000000
58858  18.838  -29.334  49.540 0.0000000000
58859  18.630  -29.813  48.678 0.0000000000
58868  31.597  -28.221  49.295 0.0000000000
58869  30.669  -28.096  49.126 0.0000000000
58870  29.768  -28.092  48.756 0.0000000000
58871  25.512  -29.213  48.786 0.0000000000
58872  25.018  -28.480  48.584 0.0000000000
58873  18.956  -29.031  48.522 0.0000000000
58874  18.637  -29.744  47.839 0.0000000000
58882  30.098  -27.625  48.347 0.0000000000
58883  29.237  -27.988  47.977 0.0000000000
58884  28.783  -28.210  47.415 0.0000000000
58885  25.700  -29.877  47.418 0.0000000000
58886  25.365  -29.320  47.659 0.0000000000
58887  24.757  -28.407  47.762 0.0000000000
58888  19.048  -29.000  47.534 0.0000000000
58889  18.870  -29.736  47.087 0.0000000000
58896  29.647  -27.492  47.609 0.0000000000
58897  28.939  -27.762  47.087 0.0000000000
58898  28.552  -28.421  46.809 0.0000000000
58899  25.753  -29.794  46.983 0.0000000000
58900  25.378  -29.295  46.567 0.0000000000
58901  21.953  -30.260  45.716 0.0000000000
58902  21.657  -30.147  45.717 0.0000000000
58903  20.842  -29.664  45.791 0.0000000000
58904  19.653  -29.392  46.534 0.0000000000
58905  18.970  -30.213  46.678 0.0000000000
58913  28.702  -27.993  46.401 0.0000000000
58914  28.468  -28.607  45.789 0.0000000000
58915  28.145  -29.158  45.189 0.0000000000
58916  25.757  -29.830  46.292 0.0000000000
58917  25.422  -29.526  45.686 0.0000000000
58918  22.040  -30.055  45.446 0.0000000000
58919  21.685  -29.361  45.355 0.0000000000
58920  21.160  -28.820  45.560 0.0000000000
58931  28.177  -28.715  45.005 0.0000000000
58932  28.081  -29.253  44.460 0.0000000000
58933  25.243  -29.605  44.957 0.0000000000
58934  24.921  -29.484  44.543 0.0000000000
58935  22.371  -29.612  44.787 0.0000000000
58936  22.073  -28.895  44.915 0.0000000000
58945  28.101  -29.391  43.563 0.0000000000
58946  25.220  -29.900  44.483 0.0000000000
58947  24.711  -29.793  44.156 0.0000000000
58948  24.006  -29.867  43.907 0.0000000000
58949  23.166  -29.662  44.093 0.0000000000
58959  28.252  -29.324  42.700 0.0000000000
58974  28.497  -29.182  41.774 0.0000000000
58987  29.560  -29.334  40.518 0.0000000000
58988  28.863  -29.304  40.909 0.0000000000
58998  29.039  -28.836  40.116 0.0000000000
59719  23.040  -28.017  63.417 0.0000000000
59720  22.791  -27.870  63.333 0.0000000000
59721  22.558  -27.697  63.287 0.0000000000
59726  25.271  -27.699  63.010 0.0000000000
59727  24.773  -27.788  63.195 0.0000000000
59728  24.097  -27.867  63.262 0.0000000000
59729  23.433  -28.004  63.323 0.0000000000
59730  22.879  -28.090  63.291 0.0000000000
59731  22.207  -27.854  63.217 0.0000000000
59732  21.204  -27.703  62.915 0.0000000000
59733  20.139  -27.444  62.491 0.0000000000
59739  27.296  -27.362  62.075 0.0000000000
59740  26.595  -27.470  62.331 0.0000000000
59741  25.772  -27.684  62.698 0.0000000000
59743  30.249  -27.186  61.061 0.0000000000
59744  29.818  -27.334  61.205 0.0000000000
59745  28.977  -27.380  61.529 0.0000000000
59746  27.990  -27.445  61.787 0.0000000000
59748  31.346  -27.334  60.498 0.0000000000
59749  30.541  -27.374  60.838 0.0000000000
59750  29.944  -27.665  61.008 0.0000000000
59753  32.963  -27.228  59.724 0.0000000000
59754  32.701  -27.446  59.701 0.0000000000
59755  31.971  -27.581  60.122 0.0000000000
59758  33.241  -27.318  59.352 0.0000000000
59759  32.849  -27.684  59.226 0.0000000000
59763  33.723  -27.156  58.912 0.0000000000
59764  33.414  -27.449  58.825 0.0000000000
59765  32.803  -27.927  58.750 0.0000000000
59769  33.828  -27.148  58.445 0.0000000000
59770  33.448  -27.668  58.056 0.0000000000
59774  33.863  -27.136  57.657 0.0000000000
59775  33.479  -27.818  57.267 0.0000000000
59782  33.804  -27.149  56.820 0.0000000000
59783  33.505  -27.933  56.443 0.0000000000
59789  33.795  -27.142  56.000 0.0000000000
59790  33.496  -27.970  55.622 0.0000000000
59791  23.744  -27.060  55.689 0.0000000000
59792  23.263  -27.097  55.746 0.0000000000
59793  22.262  -27.101  55.825 0.0000000000
59800  33.725  -27.138  55.225 0.0000000000
59801  33.385  -27.893  54.812 0.0000000000
59802  24.520  -26.966  54.711 0.0000000000
59803  24.019  -26.989  55.128 0.0000000000
59804  22.855  -26.727  55.094 0.0000000000
59805  21.419  -27.071  55.109 0.0000000000
59806  20.343  -27.498  54.580 0.0000000000
59812  33.570  -27.116  54.523 0.0000000000
59813  33.122  -27.621  53.923 0.0000000000
59814  24.577  -26.887  54.242 0.0000000000
59815  23.762  -26.647  54.164 0.0000000000
59816  22.469  -26.559  54.102 0.0000000000
59817  21.036  -26.791  54.012 0.0000000000
59818  19.852  -27.553  53.815 0.0000000000
59822  32.882  -27.755  52.967 0.0000000000
59823  33.017  -28.292  52.398 0.0000000000
59824  24.615  -27.066  53.259 0.0000000000
59825  23.653  -26.519  53.080 0.0000000000
59826  22.094  -26.339  52.919 0.0000000000
59827  20.443  -26.789  53.053 0.0000000000
59828  19.368  -27.755  52.965 0.0000000000
59833  33.084  -27.666  52.169 0.0000000000
59834  33.042  -28.291  51.551 0.0000000000
59835  24.787  -27.058  52.121 0.0000000000
59836  23.546  -26.563  51.751 0.0000000000
59837  22.249  -26.349  51.864 0.0000000000
59838  19.771  -27.119  52.467 0.0000000000
59839  19.074  -27.985  51.985 0.0000000000
59845  32.968  -28.274  50.597 0.0000000000
59846  32.480  -28.349  50.075 0.0000000000
59847  24.812  -27.340  50.861 0.0000000000
59848  23.925  -26.816  50.435 0.0000000000
59849  19.090  -28.183  50.977 0.0000000000
59850  19.071  -28.560  50.167 0.0000000000
59861  32.891  -27.873  49.800 0.0000000000
59862  32.332  -27.847  49.236 0.0000000000
59863  24.787  -27.666  49.571 0.0000000000
59864  23.958  -26.938  49.364 0.0000000000
59865  19.389  -27.854  50.225 0.0000000000
59866  19.270  -28.111  49.325 0.0000000000
59875  31.472  -27.544  48.480 0.0000000000
59876  30.734  -27.526  48.489 0.0000000000
59877  24.255  -27.586  48.370 0.0000000000
59878  23.773  -26.981  48.724 0.0000000000
59879  19.300  -28.187  48.223 0.0000000000
59887  31.283  -27.110  47.866 0.0000000000
59888  30.538  -27.160  47.784 0.0000000000
59889  24.884  -28.611  46.908 0.0000000000
59890  24.308  -27.933  47.254 0.0000000000
59891  19.555  -28.283  47.285 0.0000000000
59897  29.438  -27.236  46.812 0.0000000000
59898  28.865  -27.588  46.549 0.0000000000
59899  24.937  -28.743  45.954 0.0000000000
59900  24.362  -28.097  46.296 0.0000000000
59901  20.562  -28.484  46.015 0.0000000000
59902  20.001  -28.237  46.641 0.0000000000
59909  29.036  -27.082  46.274 0.0000000000
59910  28.715  -27.610  46.010 0.0000000000
59911  28.373  -28.071  45.259 0.0000000000
59912  24.899  -29.031  45.162 0.0000000000
59913  24.177  -28.336  45.295 0.0000000000
59914  23.654  -28.077  45.059 0.0000000000
59915  21.658  -28.466  45.182 0.0000000000
59916  21.159  -28.208  45.591 0.0000000000
59927  28.010  -28.391  44.428 0.0000000000
59928  27.992  -28.930  43.927 0.0000000000
59929  24.907  -29.257  44.801 0.0000000000
59930  24.434  -28.998  44.476 0.0000000000
59931  23.472  -28.315  44.572 0.0000000000
59932  22.602  -28.645  44.464 0.0000000000
59933  22.123  -28.479  44.856 0.0000000000
59942  27.852  -28.132  43.923 0.0000000000
59943  28.020  -28.534  43.326 0.0000000000
59944  24.219  -29.416  44.047 0.0000000000
59945  23.736  -29.133  44.054 0.0000000000
59946  23.195  -28.856  44.102 0.0000000000
59953  28.200  -28.517  42.250 0.0000000000
59967  28.255  -28.388  41.627 0.0000000000
59980  28.260  -28.336  40.989 0.0000000000
59981  28.051  -27.879  40.754 0.0000000000
59993  28.377  -28.216  40.070 0.0000000000
59994  28.153  -27.999  40.539 0.0000000000
60698  23.247  -27.895  63.345 0.0000000000
60699  23.088  -27.745  63.335 0.0000000000
60700  22.794  -27.620  63.291 0.0000000000
60707  25.540  -27.393  62.865 0.0000000000
60708  25.134  -27.397  63.092 0.0000000000
60709  24.513  -27.424  63.199 0.0000000000
60710  23.653  -27.524  63.245 0.0000000000
60711  23.037  -27.318  63.177 0.0000000000
60712  22.393  -27.292  63.211 0.0000000000
60713  21.569  -27.183  63.082 0.0000000000
60714  20.568  -26.974  62.662 0.0000000000
60719  27.810  -27.068  62.062 0.0000000000
60720  27.082  -26.993  62.321 0.0000000000
60721  26.119  -27.042  62.662 0.0000000000
60723  30.485  -27.039  60.972 0.0000000000
60724  30.093  -26.964  61.186 0.0000000000
60725  29.465  -26.917  61.450 0.0000000000
60726  28.546  -26.886  61.786 0.0000000000
60728  32.464  -27.123  60.131 0.0000000000
60729  32.054  -27.140  60.298 0.0000000000
60730  31.062  -26.963  60.712 0.0000000000
60733  33.778  -27.012  59.427 0.0000000000
60734  33.492  -27.016  59.440 0.0000000000
60735  32.799  -27.071  59.910 0.0000000000
60736  32.430  -27.327  60.029 0.0000000000
60739  33.804  -26.891  59.173 0.0000000000
60740  33.698  -27.128  59.124 0.0000000000
60743  33.966  -26.846  58.822 0.0000000000
60744  33.941  -27.249  58.945 0.0000000000
60747  34.629  -26.068  57.625 0.0000000000
60748  34.359  -26.425  57.932 0.0000000000
60751  34.680  -26.047  57.271 0.0000000000
60752  34.248  -26.503  57.104 0.0000000000
60760  34.765  -25.981  56.546 0.0000000000
60761  34.272  -26.477  56.318 0.0000000000
60768  34.743  -25.913  55.932 0.0000000000
60769  34.261  -26.345  55.522 0.0000000000
60775  34.015  -26.495  54.792 0.0000000000
60782  33.603  -26.480  53.764 0.0000000000
60783  33.136  -27.129  53.351 0.0000000000
60788  33.445  -26.331  53.007 0.0000000000
60789  33.213  -26.829  52.644 0.0000000000
60790  21.124  -26.404  52.260 0.0000000000
60791  20.355  -26.701  52.400 0.0000000000
60798  33.243  -27.140  51.369 0.0000000000
60799  33.199  -27.777  50.919 0.0000000000
60800  22.750  -26.436  50.975 0.0000000000
60801  21.471  -26.281  51.345 0.0000000000
60802  20.092  -26.814  51.709 0.0000000000
60803  19.427  -27.532  51.415 0.0000000000
60810  33.314  -26.772  50.677 0.0000000000
60811  33.206  -27.266  50.244 0.0000000000
60812  23.102  -26.404  49.960 0.0000000000
60813  21.908  -26.218  50.354 0.0000000000
60814  20.634  -26.573  50.616 0.0000000000
60815  19.734  -27.333  50.808 0.0000000000
60825  32.940  -27.230  49.126 0.0000000000
60826  32.567  -27.416  48.941 0.0000000000
60827  23.215  -26.626  49.001 0.0000000000
60828  22.255  -26.267  49.356 0.0000000000
60829  21.056  -26.361  49.570 0.0000000000
60830  19.861  -27.127  49.679 0.0000000000
60831  19.588  -27.569  49.300 0.0000000000
60840  32.826  -26.798  48.644 0.0000000000
60841  32.394  -27.113  48.485 0.0000000000
60842  23.802  -27.374  47.499 0.0000000000
60843  23.392  -26.934  48.117 0.0000000000
60844  22.490  -26.454  48.394 0.0000000000
60845  21.521  -26.313  48.717 0.0000000000
60846  20.502  -26.751  48.524 0.0000000000
60847  19.654  -27.483  48.831 0.0000000000
60854  31.748  -26.996  47.757 0.0000000000
60855  31.071  -26.708  47.487 0.0000000000
60856  23.797  -27.512  46.664 0.0000000000
60857  23.216  -26.904  47.050 0.0000000000
60858  22.796  -26.657  47.683 0.0000000000
60859  21.068  -26.766  46.904 0.0000000000
60860  20.413  -27.023  47.425 0.0000000000
60861  19.777  -27.460  47.872 0.0000000000
60867  30.251  -26.696  47.011 0.0000000000
60868  23.784  -27.748  45.774 0.0000000000
60869  23.156  -27.180  46.093 0.0000000000
60870  22.682  -27.110  45.958 0.0000000000
60871  21.288  -27.153  46.142 0.0000000000
60872  20.501  -27.503  46.497 0.0000000000
60873  20.005  -27.672  47.125 0.0000000000
60882  29.394  -26.721  46.513 0.0000000000
60883  28.717  -27.012  45.852 0.0000000000
60884  28.518  -27.540  45.498 0.0000000000
60885  23.718  -27.963  45.301 0.0000000000
60886  23.314  -27.700  45.142 0.0000000000
60887  22.526  -27.341  45.458 0.0000000000
60888  21.626  -27.635  45.504 0.0000000000
60889  20.955  -27.755  45.870 0.0000000000
60897  28.490  -26.950  45.404 0.0000000000
60898  28.300  -27.470  45.051 0.0000000000
60899  23.191  -27.870  44.714 0.0000000000
60900  22.823  -27.834  44.694 0.0000000000
60901  22.176  -27.990  44.931 0.0000000000
60907  27.881  -27.692  44.336 0.0000000000
60908  27.775  -27.700  43.556 0.0000000000
60913  27.883  -27.689  42.477 0.0000000000
60914  27.774  -27.303  41.987 0.0000000000
60928  28.129  -27.997  41.864 0.0000000000
60929  27.937  -27.597  41.720 0.0000000000
60942  28.090  -27.978  41.440 0.0000000000
60943  27.870  -27.668  41.100 0.0000000000
60958  27.837  -27.625  40.407 0.0000000000
61673  25.550  -26.978  62.882 0.0000000000
61674  25.129  -26.858  63.061 0.0000000000
61675  24.337  -26.880  63.145 0.0000000000
61676  23.576  -26.757  63.080 0.0000000000
61677  22.788  -26.663  63.038 0.0000000000
61678  21.974  -26.587  63.110 0.0000000000
61679  21.066  -26.426  62.874 0.0000000000
61685  27.741  -26.668  62.079 0.0000000000
61686  26.913  -26.566  62.406 0.0000000000
61687  26.012  -26.503  62.746 0.0000000000
61688  25.461  -26.256  62.926 0.0000000000
61691  30.471  -26.743  60.990 0.0000000000
61692  29.945  -26.569  61.311 0.0000000000
61693  29.251  -26.420  61.576 0.0000000000
61694  28.431  -26.274  61.765 0.0000000000
61697  32.384  -26.896  60.172 0.0000000000
61698  31.728  -26.770  60.410 0.0000000000
61699  30.964  -26.580  60.688 0.0000000000
61702  33.803  -26.663  59.288 0.0000000000
61703  33.375  -26.631  59.596 0.0000000000
61704  32.811  -26.578  59.883 0.0000000000
61707  34.154  -26.443  58.993 0.0000000000
61710  34.793  -25.749  58.004 0.0000000000
61711  34.431  -26.138  58.471 0.0000000000
61715  34.885  -25.775  57.564 0.0000000000
61716  34.606  -26.017  58.029 0.0000000000
61720  35.217  -25.613  56.761 0.0000000000
61727  35.330  -25.566  55.997 0.0000000000
61736  34.917  -25.502  55.253 0.0000000000
61737  34.353  -25.990  55.082 0.0000000000
61744  34.797  -25.156  54.499 0.0000000000
61745  34.311  -25.816  54.576 0.0000000000
61752  34.628  -24.998  54.123 0.0000000000
61753  34.215  -25.443  53.843 0.0000000000
61758  33.670  -25.830  52.918 0.0000000000
61759  33.430  -26.257  52.631 0.0000000000
61766  33.522  -25.696  52.382 0.0000000000
61767  33.422  -26.155  52.004 0.0000000000
61774  33.347  -26.295  50.986 0.0000000000
61775  33.319  -26.348  50.189 0.0000000000
61783  33.207  -26.487  49.443 0.0000000000
61792  33.059  -26.421  48.800 0.0000000000
61793  32.693  -26.324  48.292 0.0000000000
61794  22.263  -26.444  47.719 0.0000000000
61795  21.703  -26.335  48.039 0.0000000000
61796  21.151  -26.375  48.266 0.0000000000
61804  32.155  -26.360  47.736 0.0000000000
61805  31.443  -26.268  47.369 0.0000000000
61806  22.843  -26.778  46.761 0.0000000000
61807  22.504  -26.575  47.060 0.0000000000
61808  21.728  -26.455  47.332 0.0000000000
61809  21.031  -26.487  47.734 0.0000000000
61816  30.751  -26.195  47.054 0.0000000000
61817  22.958  -26.928  46.584 0.0000000000
61818  22.572  -26.902  46.361 0.0000000000
61819  21.845  -26.689  46.564 0.0000000000
61826  29.901  -26.234  46.695 0.0000000000
61827  29.062  -26.407  46.328 0.0000000000
61828  22.421  -27.087  45.930 0.0000000000
61829  22.029  -27.057  45.940 0.0000000000
61836  28.624  -26.544  45.742 0.0000000000
61837  28.179  -26.673  44.998 0.0000000000
61838  27.737  -26.370  44.494 0.0000000000
61845  27.977  -27.241  44.683 0.0000000000
61846  27.609  -26.967  44.159 0.0000000000
61851  27.497  -27.047  43.189 0.0000000000
61852  27.287  -27.010  42.324 0.0000000000
61853  26.959  -26.893  41.866 0.0000000000
61867  27.429  -27.242  41.603 0.0000000000
61868  26.872  -26.647  41.378 0.0000000000
61880  27.290  -27.130  40.821 0.0000000000
62556  24.887  -26.380  63.075 0.0000000000
62557  24.295  -26.157  63.010 0.0000000000
62558  23.373  -25.804  62.886 0.0000000000
62559  22.431  -26.007  62.950 0.0000000000
62570  27.626  -26.118  62.049 0.0000000000
62571  26.859  -25.966  62.408 0.0000000000
62572  26.080  -25.791  62.679 0.0000000000
62573  25.201  -25.691  62.921 0.0000000000
62574  24.393  -25.389  62.859 0.0000000000
62575  23.802  -25.156  62.778 0.0000000000
62579  30.370  -26.414  61.036 0.0000000000
62580  29.867  -26.127  61.355 0.0000000000
62581  29.016  -26.055  61.628 0.0000000000
62582  28.253  -25.755  61.742 0.0000000000
62589  32.249  -26.585  60.157 0.0000000000
62590  31.652  -26.388  60.324 0.0000000000
62591  30.722  -26.123  60.718 0.0000000000
62592  30.051  -25.834  61.157 0.0000000000
62601  33.727  -26.309  59.427 0.0000000000
62602  33.316  -25.948  59.641 0.0000000000
62603  32.540  -26.138  59.868 0.0000000000
62604  31.736  -25.953  60.080 0.0000000000
62605  31.083  -25.777  60.306 0.0000000000
62615  34.447  -25.565  58.779 0.0000000000
62616  34.194  -25.851  59.113 0.0000000000
62617  33.766  -25.535  59.314 0.0000000000
62627  34.688  -25.425  58.452 0.0000000000
62628  34.372  -25.968  58.765 0.0000000000
62638  35.220  -25.177  57.692 0.0000000000
62647  35.456  -25.085  56.966 0.0000000000
62661  35.655  -24.935  56.163 0.0000000000
62676  35.795  -24.945  55.392 0.0000000000
62691  35.495  -24.851  54.682 0.0000000000
62702  34.995  -24.708  54.252 0.0000000000
62703  34.435  -24.836  53.771 0.0000000000
62709  33.985  -25.139  53.180 0.0000000000
62716  33.646  -25.302  52.587 0.0000000000
62717  33.401  -25.482  52.043 0.0000000000
62723  33.299  -25.645  51.349 0.0000000000
62724  33.220  -25.621  50.484 0.0000000000
62731  33.138  -25.589  49.459 0.0000000000
62732  32.937  -25.138  48.943 0.0000000000
62739  33.189  -26.015  49.021 0.0000000000
62740  32.870  -25.566  48.595 0.0000000000
62747  32.359  -25.558  47.847 0.0000000000
62748  31.658  -25.580  47.370 0.0000000000
62755  31.013  -25.642  47.038 0.0000000000
62762  30.324  -25.687  46.930 0.0000000000
62763  29.167  -25.743  46.555 0.0000000000
62764  28.559  -25.470  46.235 0.0000000000
62771  28.770  -26.182  46.164 0.0000000000
62772  28.404  -25.851  45.739 0.0000000000
62773  27.781  -25.785  44.829 0.0000000000
62779  27.335  -25.953  43.951 0.0000000000
62780  26.811  -25.706  43.497 0.0000000000
62785  27.329  -26.587  43.604 0.0000000000
62786  26.908  -26.345  43.136 0.0000000000
62787  26.666  -26.190  42.139 0.0000000000
63504  27.515  -25.636  62.046 0.0000000000
63505  26.903  -25.310  62.294 0.0000000000
63506  25.992  -25.144  62.538 0.0000000000
63507  25.209  -24.918  62.718 0.0000000000
63508  24.410  -24.757  62.689 0.0000000000
63517  29.536  -25.762  61.438 0.0000000000
63518  28.901  -25.465  61.585 0.0000000000
63519  27.882  -25.267  61.792 0.0000000000
63520  27.246  -24.905  62.023 0.0000000000
63528  30.439  -25.748  60.732 0.0000000000
63529  29.766  -25.433  61.096 0.0000000000
63530  29.094  -25.136  61.426 0.0000000000
63537  33.227  -25.706  59.514 0.0000000000
63538  32.656  -25.553  59.631 0.0000000000
63539  31.841  -25.453  59.767 0.0000000000
63540  30.822  -25.418  60.189 0.0000000000
63541  30.001  -25.094  60.542 0.0000000000
63542  29.664  -24.772  60.550 0.0000000000
63545  34.478  -25.334  58.766 0.0000000000
63546  34.249  -25.029  59.009 0.0000000000
63547  33.582  -25.049  59.257 0.0000000000
63548  32.844  -24.846  59.331 0.0000000000
63549  31.998  -24.829  59.414 0.0000000000
63550  30.999  -25.025  59.686 0.0000000000
63551  30.303  -24.858  59.937 0.0000000000
63552  29.713  -24.567  60.136 0.0000000000
63554  34.817  -24.742  58.559 0.0000000000
63555  34.604  -24.392  58.672 0.0000000000
63556  31.838  -24.540  59.201 0.0000000000
63557  31.234  -24.595  59.270 0.0000000000
63558  30.482  -24.549  59.466 0.0000000000
63559  29.837  -24.348  59.621 0.0000000000
63561  35.601  -23.903  57.219 0.0000000000
63562  35.395  -24.288  57.740 0.0000000000
63564  35.724  -23.786  56.753 0.0000000000
63565  35.538  -24.543  57.103 0.0000000000
63573  36.205  -23.529  55.969 0.0000000000
63574  35.773  -24.304  56.380 0.0000000000
63586  36.554  -23.412  55.814 0.0000000000
63587  36.185  -23.976  55.656 0.0000000000
63601  35.970  -24.185  54.825 0.0000000000
63613  35.425  -24.206  54.323 0.0000000000
63614  34.664  -24.244  53.973 0.0000000000
63626  33.924  -24.421  53.230 0.0000000000
63627  33.546  -24.124  52.769 0.0000000000
63634  33.722  -24.924  52.826 0.0000000000
63635  33.292  -24.676  52.248 0.0000000000
63636  32.878  -24.417  51.534 0.0000000000
63643  33.189  -25.233  51.689 0.0000000000
63644  33.000  -24.908  51.064 0.0000000000
63651  32.936  -24.910  50.056 0.0000000000
63652  32.722  -24.784  49.271 0.0000000000
63660  32.563  -24.804  48.661 0.0000000000
63669  32.330  -24.836  48.124 0.0000000000
63670  31.732  -24.825  47.612 0.0000000000
63678  30.869  -24.845  47.100 0.0000000000
63679  30.138  -24.648  47.182 0.0000000000
63685  30.632  -25.295  47.004 0.0000000000
63686  29.826  -25.001  47.092 0.0000000000
63687  28.550  -24.770  46.328 0.0000000000
63688  27.944  -24.205  45.869 0.0000000000
63694  28.307  -25.250  45.955 0.0000000000
63695  27.746  -24.809  45.455 0.0000000000
63702  27.168  -24.906  44.396 0.0000000000
63703  26.765  -25.075  43.695 0.0000000000
63711  26.568  -25.281  42.935 0.0000000000
64440  26.618  -24.828  62.275 0.0000000000
64441  25.993  -24.573  62.413 0.0000000000
64442  25.179  -24.256  62.576 0.0000000000
64450  28.513  -25.111  61.577 0.0000000000
64451  27.865  -24.849  61.670 0.0000000000
64452  26.931  -24.451  61.976 0.0000000000
64453  26.015  -24.094  62.234 0.0000000000
64457  29.487  -25.013  61.176 0.0000000000
64458  28.752  -24.834  61.340 0.0000000000
64459  27.920  -24.432  61.347 0.0000000000
64460  27.160  -24.105  61.576 0.0000000000
64462  29.372  -24.833  60.968 0.0000000000
64463  28.991  -24.497  60.832 0.0000000000
64464  28.276  -24.086  60.725 0.0000000000
64466  34.177  -24.485  58.846 0.0000000000
64467  33.728  -24.151  58.816 0.0000000000
64468  33.037  -24.110  58.827 0.0000000000
64469  32.489  -24.242  58.939 0.0000000000
64470  29.133  -24.181  60.157 0.0000000000
64471  28.493  -23.684  60.034 0.0000000000
64473  35.087  -23.927  58.405 0.0000000000
64474  34.501  -23.717  58.531 0.0000000000
64475  34.081  -23.299  58.456 0.0000000000
64476  33.008  -23.730  58.627 0.0000000000
64477  32.335  -23.909  58.631 0.0000000000
64478  31.402  -24.188  58.834 0.0000000000
64479  30.523  -24.179  59.004 0.0000000000
64480  29.502  -23.885  59.279 0.0000000000
64481  28.615  -23.289  59.195 0.0000000000
64483  35.605  -23.552  57.233 0.0000000000
64484  35.334  -23.350  57.774 0.0000000000
64485  32.206  -23.540  58.287 0.0000000000
64486  31.407  -23.783  58.370 0.0000000000
64487  30.494  -23.742  58.406 0.0000000000
64488  29.527  -23.386  58.414 0.0000000000
64489  28.625  -22.883  58.344 0.0000000000
64493  35.767  -23.113  56.747 0.0000000000
64494  32.083  -23.225  57.826 0.0000000000
64495  31.441  -23.257  57.729 0.0000000000
64496  30.438  -23.268  57.681 0.0000000000
64497  29.441  -22.978  57.489 0.0000000000
64504  36.096  -22.974  56.120 0.0000000000
64505  31.109  -22.927  57.192 0.0000000000
64506  30.394  -22.819  56.911 0.0000000000
64514  36.704  -23.053  55.874 0.0000000000
64515  36.575  -23.171  55.592 0.0000000000
64527  36.196  -23.306  55.017 0.0000000000
64540  35.638  -23.420  54.456 0.0000000000
64541  34.924  -23.569  54.134 0.0000000000
64555  34.281  -23.622  53.591 0.0000000000
64556  33.723  -23.645  53.048 0.0000000000
64561  33.324  -23.739  52.469 0.0000000000
64562  32.859  -23.896  51.851 0.0000000000
64568  32.567  -24.080  50.940 0.0000000000
64569  32.094  -23.886  50.466 0.0000000000
64574  32.756  -24.515  50.439 0.0000000000
64575  32.378  -24.244  49.884 0.0000000000
64582  32.097  -24.176  48.861 0.0000000000
64583  31.479  -24.113  48.624 0.0000000000
64590  32.226  -24.460  48.377 0.0000000000
64591  31.739  -24.155  48.058 0.0000000000
64598  30.971  -24.363  47.663 0.0000000000
64599  29.863  -24.156  47.479 0.0000000000
64600  29.004  -23.497  47.313 0.0000000000
64606  29.719  -24.480  47.270 0.0000000000
64607  28.908  -23.933  46.904 0.0000000000
64608  28.110  -23.653  46.075 0.0000000000
65377  26.581  -23.978  61.857 0.0000000000
65385  27.547  -23.999  61.146 0.0000000000
65386  26.815  -23.630  61.325 0.0000000000
65390  27.632  -23.594  60.660 0.0000000000
65395  33.631  -23.490  58.531 0.0000000000
65396  33.363  -23.329  58.445 0.0000000000
65397  27.719  -23.179  59.875 0.0000000000
65402  34.994  -23.178  58.192 0.0000000000
65403  34.576  -22.566  58.193 0.0000000000
65404  33.842  -22.558  58.318 0.0000000000
65405  33.171  -22.702  58.254 0.0000000000
65406  32.781  -23.036  58.171 0.0000000000
65416  35.574  -22.755  57.216 0.0000000000
65417  35.232  -22.338  57.783 0.0000000000
65418  34.971  -21.634  58.094 0.0000000000
65419  32.973  -22.270  58.214 0.0000000000
65420  32.670  -22.543  58.060 0.0000000000
65433  35.750  -22.404  56.606 0.0000000000
65434  32.261  -22.413  57.757 0.0000000000
65435  31.705  -22.353  57.365 0.0000000000
65450  35.812  -22.150  56.049 0.0000000000
65451  31.128  -22.265  56.707 0.0000000000
65468  36.255  -22.446  55.672 0.0000000000
65469  36.616  -22.772  55.633 0.0000000000
65488  36.132  -22.133  55.373 0.0000000000
65489  36.213  -22.467  55.239 0.0000000000
65510  35.705  -22.519  54.637 0.0000000000
65511  34.839  -22.580  54.200 0.0000000000
65512  34.317  -22.044  53.844 0.0000000000
65531  34.476  -23.129  53.836 0.0000000000
65532  33.842  -22.638  53.323 0.0000000000
65533  33.240  -22.203  52.800 0.0000000000
65544  33.448  -23.236  52.770 0.0000000000
65545  32.840  -22.809  52.235 0.0000000000
65555  32.532  -23.520  51.516 0.0000000000
65556  31.952  -23.154  50.992 0.0000000000
65565  31.729  -23.691  50.000 0.0000000000
65575  31.888  -23.928  49.428 0.0000000000
65576  31.033  -23.777  49.275 0.0000000000
65584  30.818  -24.058  48.507 0.0000000000
65594  31.014  -24.180  48.054 0.0000000000
65595  30.201  -23.859  48.003 0.0000000000
66445  34.377  -21.258  58.261 0.0000000000
66446  33.622  -21.406  58.290 0.0000000000
66447  33.047  -21.342  58.250 0.0000000000
66448  32.751  -20.798  58.301 0.0000000000
66466  35.583  -21.709  57.140 0.0000000000
66467  35.322  -21.202  57.681 0.0000000000
66468  35.023  -20.892  58.112 0.0000000000
66469  32.898  -21.868  58.191 0.0000000000
66470  32.663  -21.409  58.108 0.0000000000
66488  35.701  -21.561  56.528 0.0000000000
66489  35.310  -20.670  57.661 0.0000000000
66490  35.211  -20.752  57.858 0.0000000000
66491  32.201  -21.472  57.716 0.0000000000
66492  31.667  -21.422  57.084 0.0000000000
66507  35.711  -21.354  56.095 0.0000000000
66525  35.756  -21.633  55.705 0.0000000000
66545  35.868  -21.872  55.417 0.0000000000
66546  35.785  -21.699  55.142 0.0000000000
66573  35.567  -21.653  54.787 0.0000000000
66574  35.114  -21.577  54.431 0.0000000000
67583  34.302  -20.464  58.303 0.0000000000
67584  33.949  -20.457  58.386 0.0000000000
67585  33.355  -20.390  58.399 0.0000000000
67586  32.804  -20.298  58.412 0.0000000000
67597  35.599  -21.289  57.085 0.0000000000
67598  35.540  -21.146  57.242 0.0000000000
67599  34.611  -20.379  58.175 0.0000000000
67600  32.460  -20.363  58.337 0.0000000000
67601  32.184  -20.184  58.355 0.0000000000
67614  35.621  -20.991  56.944 0.0000000000
67615  35.394  -20.571  57.371 0.0000000000
67616  35.053  -20.277  57.814 0.0000000000
67617  32.366  -20.732  58.122 0.0000000000
67618  31.982  -20.460  57.814 0.0000000000
67632  35.622  -20.745  56.403 0.0000000000
67633  31.475  -20.395  56.916 0.0000000000
67646  35.606  -20.651  55.857 0.0000000000
67658  35.600  -20.955  55.315 0.0000000000
67659  35.433  -20.783  54.820 0.0000000000
68694  34.227  -19.959  58.274 0.0000000000
68695  33.716  -19.551  58.329 0.0000000000
68696  32.993  -19.556  58.467 0.0000000000
68697  32.332  -19.525  58.473 0.0000000000
68698  31.976  -19.095  58.568 0.0000000000
68707  34.504  -19.638  57.956 0.0000000000
68708  34.143  -19.522  58.166 0.0000000000
68709  32.196  -19.917  58.442 0.0000000000
68710  31.903  -19.541  58.388 0.0000000000
68720  35.458  -19.995  56.792 0.0000000000
68721  35.114  -19.808  57.331 0.0000000000
68722  34.831  -19.703  57.651 0.0000000000
68723  31.459  -19.605  57.730 0.0000000000
68734  35.527  -19.966  56.203 0.0000000000
68746  35.546  -19.940  55.854 0.0000000000
68759  35.547  -19.949  55.501 0.0000000000
68760  35.510  -19.885  54.953 0.0000000000
69761  33.606  -18.888  58.187 0.0000000000
69762  33.191  -18.899  58.339 0.0000000000
69763  32.609  -18.840  58.501 0.0000000000
69764  32.093  -18.710  58.625 0.0000000000
69770  34.383  -19.258  57.833 0.0000000000
69771  34.077  -19.026  57.999 0.0000000000
69772  31.716  -18.730  58.549 0.0000000000
69773  31.284  -18.309  58.451 0.0000000000
69778  35.350  -19.506  56.687 0.0000000000
69779  35.196  -19.255  56.848 0.0000000000
69780  34.656  -19.086  57.454 0.0000000000
69781  34.201  -18.468  57.569 0.0000000000
69782  31.357  -18.877  58.237 0.0000000000
69783  30.733  -18.394  58.115 0.0000000000
69784  30.140  -18.258  57.855 0.0000000000
69788  35.376  -19.306  56.419 0.0000000000
69789  35.265  -18.714  56.473 0.0000000000
69790  31.000  -18.962  57.704 0.0000000000
69791  30.371  -18.843  57.418 0.0000000000
69796  35.498  -19.281  55.845 0.0000000000
69805  35.528  -19.064  55.242 0.0000000000
70775  33.685  -18.658  58.105 0.0000000000
70776  33.380  -18.469  58.229 0.0000000000
70777  32.886  -18.311  58.446 0.0000000000
70778  32.382  -18.264  58.630 0.0000000000
70782  33.714  -18.281  57.937 0.0000000000
70783  33.188  -17.906  58.213 0.0000000000
70784  32.594  -17.721  58.504 0.0000000000
70785  31.802  -17.898  58.646 0.0000000000
70786  30.911  -17.631  58.412 0.0000000000
70791  35.004  -18.497  56.750 0.0000000000
70792  34.563  -18.154  57.010 0.0000000000
70793  34.019  -17.803  57.333 0.0000000000
70794  30.337  -17.857  58.126 0.0000000000
70800  35.410  -18.582  56.082 0.0000000000
70801  35.254  -18.098  56.269 0.0000000000
70808  35.474  -18.409  55.570 0.0000000000
71760  33.512  -17.621  57.762 0.0000000000
71761  32.997  -17.151  57.972 0.0000000000
71762  32.227  -17.003  58.380 0.0000000000
71763  31.413  -16.862  58.507 0.0000000000
71772  34.959  -17.829  56.501 0.0000000000
71786  35.398  -17.957  55.850 0.0000000000
