#!ascii label  , from subject FREESURFER vox2ras=TkReg 
1870
103148  47.895  18.704  24.637 0.0000000000
103149  47.410  18.579  24.429 0.0000000000
103150  46.830  18.580  24.275 0.0000000000
103151  45.928  18.755  24.310 0.0000000000
103159  47.692  18.989  23.879 0.0000000000
103160  47.341  19.051  23.527 0.0000000000
103161  46.784  19.120  23.455 0.0000000000
103162  46.122  19.279  23.566 0.0000000000
103166  47.253  19.260  22.937 0.0000000000
103167  47.036  19.341  22.719 0.0000000000
103769  48.318  19.152  24.863 0.0000000000
103773  48.106  19.272  23.935 0.0000000000
103774  45.285  19.309  23.999 0.0000000000
103782  47.846  19.380  22.913 0.0000000000
103783  47.496  19.296  22.870 0.0000000000
103784  46.541  19.439  22.882 0.0000000000
103785  45.751  19.751  23.125 0.0000000000
103786  44.726  19.827  23.638 0.0000000000
103794  47.978  19.598  21.722 0.0000000000
103795  47.436  19.447  22.225 0.0000000000
103796  46.881  19.501  22.198 0.0000000000
103797  46.315  19.696  22.305 0.0000000000
103806  47.996  19.749  20.858 0.0000000000
103807  47.661  19.668  21.240 0.0000000000
103808  47.110  19.721  21.386 0.0000000000
103809  46.666  19.712  21.820 0.0000000000
103818  47.964  19.783  20.413 0.0000000000
103819  47.776  19.773  20.599 0.0000000000
103820  47.512  19.781  20.875 0.0000000000
104411  48.464  19.878  25.124 0.0000000000
104416  48.430  19.860  24.223 0.0000000000
104418  48.328  19.861  23.238 0.0000000000
104419  45.592  19.989  22.872 0.0000000000
104420  45.241  20.208  23.014 0.0000000000
104421  44.178  20.500  23.193 0.0000000000
104428  48.322  19.896  22.190 0.0000000000
104429  45.710  20.031  22.503 0.0000000000
104430  45.081  20.611  22.340 0.0000000000
104431  44.185  21.079  22.563 0.0000000000
104440  48.270  19.974  21.183 0.0000000000
104441  46.952  19.939  21.074 0.0000000000
104442  46.275  20.174  21.470 0.0000000000
104443  45.287  20.928  21.590 0.0000000000
104451  48.120  19.966  20.347 0.0000000000
104452  47.918  19.847  20.139 0.0000000000
104453  47.339  20.063  20.456 0.0000000000
104454  46.487  20.585  20.492 0.0000000000
104460  48.059  19.998  19.834 0.0000000000
104461  47.904  20.019  19.662 0.0000000000
104462  47.618  20.262  19.549 0.0000000000
105020  48.281  20.584  25.518 0.0000000000
105021  48.002  21.394  26.088 0.0000000000
105026  48.344  20.628  24.630 0.0000000000
105027  48.041  21.436  25.110 0.0000000000
105033  48.304  20.565  23.674 0.0000000000
105034  47.984  21.315  24.157 0.0000000000
105036  48.317  20.527  22.660 0.0000000000
105037  48.014  21.197  23.176 0.0000000000
105038  43.352  21.173  22.962 0.0000000000
105045  48.384  20.505  21.624 0.0000000000
105046  48.233  21.188  22.158 0.0000000000
105047  44.565  21.292  21.966 0.0000000000
105048  43.730  21.725  22.202 0.0000000000
105049  42.722  21.783  22.633 0.0000000000
105061  48.334  20.415  20.641 0.0000000000
105062  48.363  21.110  21.090 0.0000000000
105063  45.711  21.015  20.925 0.0000000000
105064  44.792  21.568  21.215 0.0000000000
105065  44.249  21.702  21.721 0.0000000000
105073  48.144  20.236  19.863 0.0000000000
105074  48.296  20.882  20.027 0.0000000000
105075  46.964  20.542  19.685 0.0000000000
105076  45.939  21.262  20.054 0.0000000000
105077  45.336  21.486  20.651 0.0000000000
105083  48.068  20.133  19.591 0.0000000000
105084  48.004  20.439  19.168 0.0000000000
105085  47.434  20.570  19.068 0.0000000000
105086  46.710  21.120  18.957 0.0000000000
105093  47.831  21.078  18.463 0.0000000000
105094  47.425  20.890  18.375 0.0000000000
105095  46.847  21.312  17.949 0.0000000000
105102  47.435  21.308  17.944 0.0000000000
105103  47.161  21.312  17.623 0.0000000000
105104  46.876  21.360  17.436 0.0000000000
105601  47.542  22.384  27.709 0.0000000000
105604  47.578  22.348  26.661 0.0000000000
105609  47.585  22.270  25.630 0.0000000000
105616  47.525  22.136  24.628 0.0000000000
105617  47.196  22.480  24.097 0.0000000000
105620  47.594  21.897  23.699 0.0000000000
105621  47.174  22.494  23.339 0.0000000000
105623  47.689  21.822  22.730 0.0000000000
105624  47.252  22.457  22.308 0.0000000000
105625  43.605  22.072  21.921 0.0000000000
105626  43.166  22.267  22.065 0.0000000000
105627  42.138  22.422  22.260 0.0000000000
105638  47.810  21.772  21.675 0.0000000000
105639  47.327  22.505  21.260 0.0000000000
105640  44.523  21.943  21.021 0.0000000000
105641  43.928  22.168  21.430 0.0000000000
105642  42.688  22.879  21.425 0.0000000000
105643  41.495  23.071  21.790 0.0000000000
105644  40.420  22.992  21.916 0.0000000000
105655  47.908  21.714  20.562 0.0000000000
105656  47.408  22.548  20.201 0.0000000000
105657  45.520  21.700  19.972 0.0000000000
105658  44.881  22.060  20.365 0.0000000000
105659  43.612  22.938  20.620 0.0000000000
105660  42.658  23.470  20.608 0.0000000000
105667  47.885  21.658  19.281 0.0000000000
105668  47.476  22.681  19.434 0.0000000000
105669  45.720  21.741  19.497 0.0000000000
105670  45.178  22.498  19.243 0.0000000000
105677  47.702  21.970  18.117 0.0000000000
105678  45.964  21.860  18.432 0.0000000000
105679  45.279  22.626  18.440 0.0000000000
105686  47.468  21.876  17.036 0.0000000000
105687  46.909  21.560  17.053 0.0000000000
105688  46.362  21.825  17.347 0.0000000000
105689  45.631  22.408  17.820 0.0000000000
105699  47.260  22.452  16.009 0.0000000000
105700  46.891  22.011  16.400 0.0000000000
105701  46.492  21.949  16.635 0.0000000000
105710  47.103  22.814  15.097 0.0000000000
105711  46.747  22.457  15.557 0.0000000000
105712  46.395  22.301  15.933 0.0000000000
105716  46.934  23.104  14.261 0.0000000000
105717  46.603  22.818  14.620 0.0000000000
105718  46.233  22.619  15.045 0.0000000000
105724  46.855  23.217  13.768 0.0000000000
105725  46.583  23.013  13.637 0.0000000000
105726  46.091  22.849  13.977 0.0000000000
105731  46.350  22.924  13.084 0.0000000000
105732  46.230  22.851  13.356 0.0000000000
106196  47.330  23.415  28.219 0.0000000000
106200  47.153  23.238  27.220 0.0000000000
106202  46.911  23.233  26.179 0.0000000000
106203  46.398  23.812  25.913 0.0000000000
106207  46.989  22.794  25.106 0.0000000000
106208  46.443  23.478  25.332 0.0000000000
106215  47.060  22.640  24.528 0.0000000000
106216  46.514  23.221  24.209 0.0000000000
106217  45.898  23.854  23.899 0.0000000000
106221  46.645  23.077  22.892 0.0000000000
106222  46.026  23.714  23.231 0.0000000000
106224  46.734  23.097  21.888 0.0000000000
106225  46.176  23.620  22.259 0.0000000000
106231  46.669  23.467  20.926 0.0000000000
106232  46.381  23.577  21.628 0.0000000000
106233  41.794  23.601  20.973 0.0000000000
106234  40.780  23.566  21.234 0.0000000000
106235  39.813  23.368  21.268 0.0000000000
106236  38.829  23.325  21.253 0.0000000000
106245  46.917  23.376  19.846 0.0000000000
106246  44.248  23.128  19.728 0.0000000000
106247  43.171  23.661  19.896 0.0000000000
106248  42.016  24.170  19.972 0.0000000000
106249  41.019  24.058  20.466 0.0000000000
106250  40.139  23.752  20.589 0.0000000000
106251  39.292  23.659  20.608 0.0000000000
106252  38.326  23.689  20.245 0.0000000000
106260  47.573  22.595  18.792 0.0000000000
106261  47.256  23.293  19.113 0.0000000000
106262  44.618  23.261  18.776 0.0000000000
106263  43.706  23.842  19.066 0.0000000000
106264  42.698  24.158  19.118 0.0000000000
106265  38.339  23.801  19.151 0.0000000000
106266  37.414  23.588  19.292 0.0000000000
106274  47.517  23.097  18.263 0.0000000000
106275  47.422  23.184  18.701 0.0000000000
106276  44.966  23.114  17.902 0.0000000000
106277  44.063  23.953  18.054 0.0000000000
106278  43.183  24.222  18.460 0.0000000000
106279  38.442  23.813  18.550 0.0000000000
106280  37.875  23.725  18.414 0.0000000000
106281  36.896  23.451  18.190 0.0000000000
106288  47.645  23.009  17.464 0.0000000000
106289  46.135  22.151  16.783 0.0000000000
106290  45.524  22.784  16.979 0.0000000000
106291  44.621  23.610  17.269 0.0000000000
106292  38.524  23.917  17.900 0.0000000000
106293  37.703  23.700  17.339 0.0000000000
106294  36.640  23.281  16.933 0.0000000000
106302  47.642  23.079  16.526 0.0000000000
106303  45.958  22.377  16.275 0.0000000000
106304  45.393  23.156  15.977 0.0000000000
106305  39.554  24.197  16.229 0.0000000000
106306  38.895  24.089  16.611 0.0000000000
106307  37.598  23.465  16.090 0.0000000000
106317  47.542  23.292  15.588 0.0000000000
106318  45.801  22.696  15.486 0.0000000000
106319  45.067  23.262  15.093 0.0000000000
106320  44.393  23.594  14.674 0.0000000000
106321  43.682  23.829  14.525 0.0000000000
106322  40.500  24.124  15.073 0.0000000000
106323  39.859  24.102  15.494 0.0000000000
106324  38.575  23.638  15.206 0.0000000000
106325  37.453  23.377  15.008 0.0000000000
106332  47.389  23.465  14.675 0.0000000000
106333  45.628  22.927  14.608 0.0000000000
106334  44.929  23.270  14.240 0.0000000000
106335  44.157  23.736  13.956 0.0000000000
106336  43.059  23.814  13.939 0.0000000000
106337  42.009  23.829  13.843 0.0000000000
106338  40.820  23.903  14.383 0.0000000000
106339  39.477  23.633  14.221 0.0000000000
106340  38.358  23.580  14.143 0.0000000000
106341  37.371  23.715  14.179 0.0000000000
106350  47.149  23.538  13.821 0.0000000000
106351  46.847  23.288  13.409 0.0000000000
106352  45.459  23.026  13.791 0.0000000000
106353  44.776  23.280  13.360 0.0000000000
106354  43.769  23.630  13.095 0.0000000000
106355  42.624  23.661  12.987 0.0000000000
106356  41.459  23.595  13.048 0.0000000000
106357  40.266  23.594  13.183 0.0000000000
106358  39.174  23.682  13.289 0.0000000000
106359  38.310  23.878  13.396 0.0000000000
106360  37.708  24.094  13.633 0.0000000000
106363  47.009  23.631  13.176 0.0000000000
106364  46.631  23.278  12.732 0.0000000000
106365  45.719  22.963  12.837 0.0000000000
106366  44.517  23.340  12.365 0.0000000000
106367  43.386  23.585  12.146 0.0000000000
106368  42.222  23.618  12.100 0.0000000000
106369  41.059  23.769  12.168 0.0000000000
106370  39.880  23.815  12.463 0.0000000000
106371  39.008  23.959  12.784 0.0000000000
106372  38.555  24.108  12.970 0.0000000000
106378  46.054  23.409  11.797 0.0000000000
106379  45.162  23.194  11.611 0.0000000000
106380  44.150  23.501  11.406 0.0000000000
106381  43.046  23.725  11.245 0.0000000000
106382  41.983  23.938  11.502 0.0000000000
106383  41.332  24.120  11.682 0.0000000000
106389  45.585  23.597  11.061 0.0000000000
106390  44.825  23.575  10.756 0.0000000000
106391  43.918  23.828  10.712 0.0000000000
106392  43.302  24.101  10.727 0.0000000000
106899  47.232  24.461  28.689 0.0000000000
106903  46.848  24.359  27.552 0.0000000000
106904  46.543  24.873  27.087 0.0000000000
106907  46.801  23.768  26.899 0.0000000000
106908  46.410  24.361  26.532 0.0000000000
106912  45.920  24.333  25.496 0.0000000000
106913  45.674  24.777  25.010 0.0000000000
106920  46.070  23.754  24.922 0.0000000000
106921  45.755  24.305  24.490 0.0000000000
106927  45.696  24.467  23.509 0.0000000000
106929  45.717  24.434  22.477 0.0000000000
106935  46.269  24.103  20.866 0.0000000000
106936  46.041  24.204  21.422 0.0000000000
106942  46.394  24.414  20.297 0.0000000000
106943  46.171  24.394  20.875 0.0000000000
106944  41.508  24.333  19.399 0.0000000000
106945  41.055  24.292  19.657 0.0000000000
106946  40.315  24.050  19.879 0.0000000000
106947  39.589  23.858  20.036 0.0000000000
106948  39.052  23.805  20.145 0.0000000000
106954  46.891  24.190  19.300 0.0000000000
106955  41.825  24.358  18.986 0.0000000000
106956  41.100  24.383  18.965 0.0000000000
106957  40.416  24.206  19.115 0.0000000000
106958  39.699  24.003  19.313 0.0000000000
106959  39.001  23.882  19.614 0.0000000000
106964  47.560  24.275  18.040 0.0000000000
106965  47.291  23.802  18.679 0.0000000000
106966  43.151  24.362  17.751 0.0000000000
106967  42.312  24.480  18.162 0.0000000000
106968  41.315  24.582  18.234 0.0000000000
106969  40.528  24.398  18.340 0.0000000000
106970  39.819  24.152  18.490 0.0000000000
106971  39.014  23.957  18.693 0.0000000000
106976  47.827  24.184  17.093 0.0000000000
106977  44.665  23.681  16.425 0.0000000000
106978  43.701  24.275  16.922 0.0000000000
106979  42.520  24.546  17.078 0.0000000000
106980  41.547  24.652  17.294 0.0000000000
106981  40.661  24.537  17.453 0.0000000000
106982  39.957  24.299  17.649 0.0000000000
106983  39.274  24.153  17.761 0.0000000000
106988  47.875  24.208  16.164 0.0000000000
106989  44.597  23.657  15.572 0.0000000000
106990  43.786  24.118  15.810 0.0000000000
106991  42.737  24.391  16.051 0.0000000000
106992  41.718  24.524  16.282 0.0000000000
106993  40.838  24.517  16.515 0.0000000000
106994  39.944  24.326  16.633 0.0000000000
106995  39.507  24.266  17.160 0.0000000000
107001  47.788  24.246  15.191 0.0000000000
107002  44.506  23.583  15.109 0.0000000000
107003  43.967  23.825  15.104 0.0000000000
107004  42.903  24.077  14.951 0.0000000000
107005  41.886  24.336  15.355 0.0000000000
107006  40.889  24.341  15.467 0.0000000000
107007  40.363  24.360  16.007 0.0000000000
107015  47.584  24.269  14.237 0.0000000000
107016  42.430  23.973  14.311 0.0000000000
107017  41.866  24.111  14.586 0.0000000000
107018  41.328  24.206  14.911 0.0000000000
107028  47.292  24.268  13.380 0.0000000000
107029  38.200  24.319  13.298 0.0000000000
107030  37.703  24.336  13.639 0.0000000000
107033  47.059  24.114  12.630 0.0000000000
107034  46.683  24.057  11.893 0.0000000000
107035  40.678  24.403  11.985 0.0000000000
107036  39.562  24.357  12.464 0.0000000000
107037  38.892  24.294  12.806 0.0000000000
107038  38.540  24.267  12.982 0.0000000000
107042  46.150  24.205  11.143 0.0000000000
107043  42.694  24.422  11.022 0.0000000000
107044  41.808  24.402  11.488 0.0000000000
107045  41.282  24.367  11.664 0.0000000000
107052  45.418  24.316  10.668 0.0000000000
107053  44.571  24.409  10.566 0.0000000000
107054  43.785  24.462  10.630 0.0000000000
107055  43.283  24.445  10.728 0.0000000000
107554  43.593  25.986  29.958 0.0000000000
107563  47.079  25.401  29.067 0.0000000000
107567  46.788  25.403  28.131 0.0000000000
107568  46.598  25.419  27.369 0.0000000000
107572  46.369  25.408  26.777 0.0000000000
107575  45.941  25.391  26.022 0.0000000000
107576  45.722  25.322  25.239 0.0000000000
107582  45.627  25.238  24.663 0.0000000000
107590  45.611  25.259  23.907 0.0000000000
107594  45.627  25.356  22.892 0.0000000000
107600  46.161  25.821  21.126 0.0000000000
107601  45.849  25.480  21.603 0.0000000000
107608  46.366  25.545  20.675 0.0000000000
107609  46.032  24.827  20.925 0.0000000000
107615  47.720  25.820  19.272 0.0000000000
107616  47.187  25.483  19.609 0.0000000000
107622  48.253  26.066  18.420 0.0000000000
107623  47.906  25.685  18.687 0.0000000000
107624  47.292  24.727  18.809 0.0000000000
107630  48.286  25.995  18.057 0.0000000000
107631  48.011  25.258  17.679 0.0000000000
107637  48.260  25.870  17.458 0.0000000000
107638  48.175  25.327  16.842 0.0000000000
107644  48.051  25.273  15.812 0.0000000000
107652  47.755  25.228  14.773 0.0000000000
107653  39.213  25.714  13.786 0.0000000000
107654  38.768  25.592  13.930 0.0000000000
107663  47.531  25.201  13.752 0.0000000000
107664  41.029  25.607  12.658 0.0000000000
107665  40.567  25.577  12.805 0.0000000000
107666  39.515  25.525  13.343 0.0000000000
107667  38.490  24.949  13.443 0.0000000000
107668  37.816  24.628  13.740 0.0000000000
107671  47.263  25.155  12.735 0.0000000000
107672  47.093  24.725  12.050 0.0000000000
107673  41.936  25.361  12.007 0.0000000000
107674  41.311  25.299  12.275 0.0000000000
107675  40.005  25.081  12.342 0.0000000000
107676  39.146  24.760  12.833 0.0000000000
107677  38.642  24.474  13.036 0.0000000000
107681  47.132  25.476  11.940 0.0000000000
107682  46.678  25.129  11.401 0.0000000000
107683  42.899  25.034  11.140 0.0000000000
107684  42.240  25.132  11.601 0.0000000000
107685  41.443  24.671  11.757 0.0000000000
107691  46.011  25.203  10.711 0.0000000000
107692  45.171  25.274  10.525 0.0000000000
107693  44.311  25.287  10.634 0.0000000000
107694  43.419  24.990  10.810 0.0000000000
108128  46.736  25.995  29.153 0.0000000000
108129  46.395  26.321  29.427 0.0000000000
108130  45.808  26.623  29.726 0.0000000000
108131  44.675  26.499  29.605 0.0000000000
108132  43.357  26.302  29.130 0.0000000000
108140  46.636  26.288  28.355 0.0000000000
108141  46.449  26.526  28.665 0.0000000000
108142  44.594  27.040  28.707 0.0000000000
108143  43.929  26.950  28.530 0.0000000000
108150  46.656  26.499  27.362 0.0000000000
108151  46.533  25.955  27.003 0.0000000000
108156  46.764  27.027  26.747 0.0000000000
108157  46.457  26.458  26.388 0.0000000000
108159  46.033  26.402  25.126 0.0000000000
108160  45.726  25.759  24.864 0.0000000000
108164  46.176  26.816  23.932 0.0000000000
108165  45.732  25.985  24.338 0.0000000000
108172  46.316  26.874  22.906 0.0000000000
108173  45.754  26.161  23.410 0.0000000000
108179  46.476  26.697  22.050 0.0000000000
108180  45.891  26.221  22.424 0.0000000000
108185  47.450  26.746  21.023 0.0000000000
108186  46.495  26.305  21.224 0.0000000000
108187  46.091  26.251  21.788 0.0000000000
108195  48.291  26.956  20.210 0.0000000000
108196  47.836  26.508  20.365 0.0000000000
108197  47.110  26.200  20.412 0.0000000000
108204  48.363  26.824  19.380 0.0000000000
108205  47.997  26.173  19.584 0.0000000000
108206  47.557  26.139  19.959 0.0000000000
108214  48.307  26.503  18.544 0.0000000000
108215  48.223  26.292  19.043 0.0000000000
108222  48.221  26.537  17.621 0.0000000000
108223  48.062  26.855  17.219 0.0000000000
108231  48.254  26.060  17.123 0.0000000000
108232  48.098  26.349  16.594 0.0000000000
108240  47.749  26.228  15.373 0.0000000000
108250  47.452  26.201  14.255 0.0000000000
108251  41.983  26.664  13.709 0.0000000000
108252  41.116  26.389  13.964 0.0000000000
108253  40.285  26.277  14.192 0.0000000000
108254  39.385  26.035  14.172 0.0000000000
108263  47.331  26.212  13.182 0.0000000000
108264  42.145  26.327  12.874 0.0000000000
108265  41.272  25.969  13.007 0.0000000000
108266  40.425  25.955  13.485 0.0000000000
108267  39.881  25.968  13.762 0.0000000000
108274  47.242  26.267  12.228 0.0000000000
108275  43.084  26.367  11.951 0.0000000000
108276  42.267  25.791  12.196 0.0000000000
108277  41.740  25.840  12.563 0.0000000000
108284  46.938  26.229  11.509 0.0000000000
108285  46.487  26.203  10.907 0.0000000000
108286  44.106  26.456  11.102 0.0000000000
108287  43.274  25.744  11.337 0.0000000000
108288  42.714  25.743  11.737 0.0000000000
108295  45.752  26.325  10.588 0.0000000000
108296  44.948  26.246  10.502 0.0000000000
108297  44.390  26.098  10.744 0.0000000000
108298  43.902  25.703  10.885 0.0000000000
108702  45.912  26.876  28.904 0.0000000000
108703  45.465  26.926  29.053 0.0000000000
108704  45.019  27.160  28.786 0.0000000000
108709  46.514  26.895  28.208 0.0000000000
108710  46.293  27.370  28.198 0.0000000000
108711  45.551  27.606  28.391 0.0000000000
108712  44.536  27.763  28.348 0.0000000000
108713  43.343  27.888  28.287 0.0000000000
108719  46.660  27.547  27.679 0.0000000000
108720  46.582  28.066  27.711 0.0000000000
108725  46.957  27.726  26.830 0.0000000000
108726  46.847  27.353  26.292 0.0000000000
108728  47.255  28.092  25.898 0.0000000000
108729  46.777  27.359  25.510 0.0000000000
108732  47.457  28.129  24.878 0.0000000000
108733  46.785  27.470  24.421 0.0000000000
108739  48.093  28.507  23.563 0.0000000000
108740  47.675  28.157  23.751 0.0000000000
108741  46.932  27.479  23.332 0.0000000000
108748  48.138  28.376  23.075 0.0000000000
108749  47.767  27.740  22.743 0.0000000000
108750  47.069  27.259  22.366 0.0000000000
108752  48.277  28.082  22.149 0.0000000000
108753  47.812  27.337  21.700 0.0000000000
108754  47.088  26.915  21.653 0.0000000000
108763  48.335  27.718  21.033 0.0000000000
108764  48.019  27.040  20.868 0.0000000000
108773  48.398  27.676  19.935 0.0000000000
108774  48.282  28.003  19.384 0.0000000000
108782  48.351  27.361  19.009 0.0000000000
108783  48.058  27.851  18.648 0.0000000000
108784  47.449  27.791  18.204 0.0000000000
108791  48.220  27.134  18.295 0.0000000000
108792  47.893  27.282  17.763 0.0000000000
108793  47.207  27.646  17.453 0.0000000000
108800  47.698  27.128  16.927 0.0000000000
108801  47.013  27.560  16.534 0.0000000000
108808  47.455  27.005  15.983 0.0000000000
108809  46.838  27.709  15.561 0.0000000000
108810  42.242  27.855  14.993 0.0000000000
108817  47.119  27.197  14.764 0.0000000000
108818  46.819  28.112  14.733 0.0000000000
108819  43.127  27.939  14.232 0.0000000000
108820  42.607  27.637  14.469 0.0000000000
108821  41.706  26.964  14.458 0.0000000000
108825  47.274  27.253  13.544 0.0000000000
108826  43.281  27.830  13.731 0.0000000000
108827  42.794  27.076  13.311 0.0000000000
108833  47.370  27.274  12.502 0.0000000000
108834  44.307  27.865  12.022 0.0000000000
108835  43.715  27.541  12.478 0.0000000000
108836  42.830  26.596  12.562 0.0000000000
108841  47.228  27.320  11.566 0.0000000000
108842  46.813  27.003  11.123 0.0000000000
108843  45.039  27.979  10.895 0.0000000000
108844  44.548  27.666  11.373 0.0000000000
108845  43.734  26.767  11.601 0.0000000000
108849  47.087  27.707  10.905 0.0000000000
108850  46.430  27.421  10.729 0.0000000000
108851  45.426  27.600  10.667 0.0000000000
108852  44.664  26.831  10.790 0.0000000000
109232  46.515  28.511  27.697 0.0000000000
109233  46.044  28.628  27.926 0.0000000000
109234  45.146  28.774  28.196 0.0000000000
109235  43.981  28.909  28.254 0.0000000000
109240  47.092  28.542  27.163 0.0000000000
109241  46.860  28.827  27.504 0.0000000000
109246  47.467  28.800  26.469 0.0000000000
109249  48.311  29.390  25.020 0.0000000000
109250  48.005  29.044  25.367 0.0000000000
109252  48.264  29.293  24.608 0.0000000000
109253  48.010  28.688  24.336 0.0000000000
109258  48.237  28.957  23.664 0.0000000000
109259  48.051  28.574  23.812 0.0000000000
109267  48.301  28.829  22.630 0.0000000000
109268  46.125  29.125  21.829 0.0000000000
109269  45.667  29.087  21.797 0.0000000000
109270  44.834  29.059  21.782 0.0000000000
109274  48.297  28.650  21.629 0.0000000000
109275  48.122  28.937  21.203 0.0000000000
109276  47.582  29.026  21.162 0.0000000000
109277  46.472  29.001  21.410 0.0000000000
109278  45.193  29.004  21.083 0.0000000000
109279  44.313  29.148  21.395 0.0000000000
109289  48.279  28.378  20.687 0.0000000000
109290  47.983  28.753  20.443 0.0000000000
109291  47.176  28.663  20.371 0.0000000000
109292  45.910  28.721  20.183 0.0000000000
109293  44.947  29.062  20.305 0.0000000000
109303  48.226  28.311  19.970 0.0000000000
109304  47.867  28.520  19.486 0.0000000000
109305  46.835  28.486  19.349 0.0000000000
109306  45.789  28.712  19.046 0.0000000000
109314  47.424  28.188  18.786 0.0000000000
109315  46.540  28.225  18.193 0.0000000000
109316  45.451  28.878  18.150 0.0000000000
109323  46.482  28.104  17.032 0.0000000000
109324  45.786  28.752  17.312 0.0000000000
109331  46.451  28.192  16.098 0.0000000000
109332  46.049  28.764  16.468 0.0000000000
109339  46.514  28.649  15.185 0.0000000000
109340  46.174  28.888  15.772 0.0000000000
109341  42.981  28.823  15.091 0.0000000000
109348  47.145  28.403  13.811 0.0000000000
109349  46.893  28.855  14.435 0.0000000000
109350  43.305  28.484  14.393 0.0000000000
109351  42.857  28.297  14.854 0.0000000000
109356  47.429  28.310  12.730 0.0000000000
109357  44.274  28.783  12.944 0.0000000000
109358  43.794  28.528  13.379 0.0000000000
109362  47.509  28.304  11.842 0.0000000000
109363  45.092  28.832  11.741 0.0000000000
109364  44.536  28.442  12.220 0.0000000000
109365  44.088  28.323  12.752 0.0000000000
109370  47.463  28.401  11.108 0.0000000000
109371  45.361  28.535  11.143 0.0000000000
109372  44.865  28.384  11.564 0.0000000000
109377  47.039  28.479  10.611 0.0000000000
109378  46.353  28.493  10.527 0.0000000000
109379  45.932  28.684  10.637 0.0000000000
109741  43.178  30.322  30.293 0.0000000000
109753  43.363  30.078  29.710 0.0000000000
109765  47.312  30.036  27.712 0.0000000000
109766  46.727  29.687  27.884 0.0000000000
109767  45.793  29.821  28.250 0.0000000000
109768  44.750  29.816  28.559 0.0000000000
109769  43.683  29.844  28.947 0.0000000000
109770  43.079  29.639  29.341 0.0000000000
109778  48.100  30.239  26.766 0.0000000000
109779  47.533  29.652  27.211 0.0000000000
109780  47.127  29.562  27.573 0.0000000000
109790  48.247  30.210  26.017 0.0000000000
109791  47.981  29.599  26.266 0.0000000000
109800  48.430  29.839  25.148 0.0000000000
109801  48.224  29.674  25.692 0.0000000000
109803  48.281  29.742  24.216 0.0000000000
109804  46.330  29.811  23.846 0.0000000000
109805  45.269  29.649  24.032 0.0000000000
109806  44.128  29.612  24.149 0.0000000000
109807  43.102  29.825  24.165 0.0000000000
109808  42.547  30.093  24.072 0.0000000000
109812  48.013  29.530  23.228 0.0000000000
109813  47.427  29.645  23.085 0.0000000000
109814  46.687  29.575  23.065 0.0000000000
109815  45.736  29.396  23.164 0.0000000000
109816  44.610  29.287  23.252 0.0000000000
109817  43.508  29.481  23.321 0.0000000000
109818  42.641  29.871  23.480 0.0000000000
109825  48.178  29.224  22.158 0.0000000000
109826  47.729  29.455  22.374 0.0000000000
109827  47.081  29.444  22.426 0.0000000000
109828  46.232  29.259  22.264 0.0000000000
109829  45.166  29.112  22.427 0.0000000000
109830  43.930  29.175  22.226 0.0000000000
109831  42.923  29.690  22.550 0.0000000000
109837  48.191  29.078  21.647 0.0000000000
109838  47.964  29.328  21.679 0.0000000000
109839  47.335  29.273  21.840 0.0000000000
109840  46.811  29.255  21.993 0.0000000000
109841  44.298  29.244  20.696 0.0000000000
109842  43.528  29.666  21.240 0.0000000000
109843  43.226  29.654  21.895 0.0000000000
109853  45.009  29.057  19.583 0.0000000000
109854  44.363  29.420  19.969 0.0000000000
109855  43.780  29.786  20.304 0.0000000000
109864  44.962  29.207  18.761 0.0000000000
109865  44.304  29.791  19.245 0.0000000000
109866  43.993  29.837  19.754 0.0000000000
109873  44.947  29.470  18.143 0.0000000000
109874  44.546  29.871  18.433 0.0000000000
109881  45.122  29.724  17.469 0.0000000000
109882  44.733  29.885  17.938 0.0000000000
109888  45.637  29.562  16.598 0.0000000000
109895  46.435  29.685  15.322 0.0000000000
109896  45.988  29.443  15.971 0.0000000000
109897  43.438  29.658  15.033 0.0000000000
109904  47.307  29.723  13.847 0.0000000000
109905  46.805  29.476  14.656 0.0000000000
109906  44.432  29.927  13.736 0.0000000000
109907  43.891  29.382  14.094 0.0000000000
109911  47.592  29.441  12.806 0.0000000000
109912  45.300  29.969  12.527 0.0000000000
109913  44.714  29.425  12.935 0.0000000000
109914  44.202  29.217  13.411 0.0000000000
109917  47.702  29.119  12.053 0.0000000000
109918  45.561  29.614  11.655 0.0000000000
109919  45.061  29.241  12.219 0.0000000000
109923  47.867  29.229  11.380 0.0000000000
109924  46.695  30.050  10.566 0.0000000000
109925  46.189  29.579  10.774 0.0000000000
109929  47.600  29.352  10.794 0.0000000000
109930  46.895  29.517  10.473 0.0000000000
109931  46.339  29.092  10.494 0.0000000000
110279  44.123  31.518  31.119 0.0000000000
110280  43.881  31.473  31.116 0.0000000000
110302  44.320  31.232  30.770 0.0000000000
110303  43.469  30.985  30.851 0.0000000000
110321  45.957  31.344  29.619 0.0000000000
110322  45.187  31.169  29.926 0.0000000000
110323  44.578  30.999  30.281 0.0000000000
110324  43.908  30.598  30.232 0.0000000000
110333  47.881  31.279  28.158 0.0000000000
110334  47.450  30.801  28.232 0.0000000000
110335  46.497  30.922  28.765 0.0000000000
110336  45.463  30.661  29.064 0.0000000000
110337  44.471  30.547  29.476 0.0000000000
110338  43.836  30.296  29.568 0.0000000000
110347  48.056  30.784  27.590 0.0000000000
110348  47.614  30.341  27.687 0.0000000000
110358  48.336  30.930  26.663 0.0000000000
110370  48.287  30.831  25.687 0.0000000000
110371  48.036  31.004  25.236 0.0000000000
110372  47.492  30.904  25.212 0.0000000000
110373  46.575  30.760  25.313 0.0000000000
110374  45.470  30.652  25.473 0.0000000000
110375  44.325  30.617  25.578 0.0000000000
110376  43.300  30.812  25.438 0.0000000000
110383  48.200  30.409  24.776 0.0000000000
110384  47.828  30.561  24.530 0.0000000000
110385  47.051  30.329  24.422 0.0000000000
110386  45.941  30.187  24.678 0.0000000000
110387  44.798  30.074  24.855 0.0000000000
110388  43.668  30.191  24.862 0.0000000000
110389  42.553  30.582  24.673 0.0000000000
110390  41.785  30.883  24.321 0.0000000000
110393  48.063  30.134  24.071 0.0000000000
110394  47.648  30.064  23.804 0.0000000000
110395  47.085  29.897  23.634 0.0000000000
110396  42.112  30.372  23.854 0.0000000000
110397  41.580  30.958  23.607 0.0000000000
110403  42.115  30.402  22.846 0.0000000000
110404  41.570  31.119  22.842 0.0000000000
110412  43.211  30.158  21.225 0.0000000000
110413  42.808  30.412  21.667 0.0000000000
110425  43.324  30.462  20.775 0.0000000000
110426  42.959  31.178  21.033 0.0000000000
110435  44.050  30.273  19.215 0.0000000000
110436  43.745  30.534  19.621 0.0000000000
110443  44.166  30.536  18.831 0.0000000000
110444  43.893  31.153  19.052 0.0000000000
110450  45.059  30.587  17.314 0.0000000000
110451  44.618  30.637  17.883 0.0000000000
110458  45.429  30.523  16.767 0.0000000000
110466  46.595  30.475  15.275 0.0000000000
110467  46.074  30.450  15.888 0.0000000000
110468  43.529  30.568  15.148 0.0000000000
110473  47.580  30.594  13.831 0.0000000000
110474  47.084  30.484  14.613 0.0000000000
110475  44.565  30.575  13.948 0.0000000000
110476  44.094  30.511  14.546 0.0000000000
110480  48.522  31.195  12.499 0.0000000000
110481  48.090  30.769  12.931 0.0000000000
110482  45.424  30.596  12.725 0.0000000000
110483  45.014  30.541  13.323 0.0000000000
110487  48.690  31.003  12.145 0.0000000000
110488  48.204  30.073  11.885 0.0000000000
110489  45.687  30.570  12.127 0.0000000000
110493  48.463  30.844  11.368 0.0000000000
110494  48.246  30.057  10.987 0.0000000000
110495  46.611  30.405  10.749 0.0000000000
110496  46.176  30.579  11.276 0.0000000000
110500  48.196  30.761  10.848 0.0000000000
110501  47.717  30.366  10.645 0.0000000000
110502  47.093  30.565  10.573 0.0000000000
110888  44.266  31.776  31.128 0.0000000000
110889  44.025  31.660  31.301 0.0000000000
110899  46.396  32.368  30.128 0.0000000000
110900  45.961  32.293  30.288 0.0000000000
110901  44.829  31.883  30.836 0.0000000000
110902  43.690  31.576  31.034 0.0000000000
110903  42.964  31.394  30.737 0.0000000000
110916  47.165  32.122  29.225 0.0000000000
110917  46.765  31.976  29.726 0.0000000000
110918  45.651  31.715  30.276 0.0000000000
110919  44.910  31.434  30.492 0.0000000000
110920  42.474  31.598  30.439 0.0000000000
110928  48.067  31.513  28.003 0.0000000000
110929  47.598  31.857  28.665 0.0000000000
110930  47.100  31.487  28.846 0.0000000000
110938  48.244  31.612  27.417 0.0000000000
110939  48.127  31.892  27.975 0.0000000000
110940  44.173  32.148  27.395 0.0000000000
110941  43.703  32.244  27.404 0.0000000000
110949  48.167  31.670  26.498 0.0000000000
110950  47.516  31.888  26.523 0.0000000000
110951  46.622  31.776  26.640 0.0000000000
110952  45.645  31.722  26.706 0.0000000000
110953  44.647  31.856  26.889 0.0000000000
110954  43.382  32.059  26.788 0.0000000000
110955  42.589  32.133  26.442 0.0000000000
110965  48.119  31.298  25.767 0.0000000000
110966  47.832  31.477  25.783 0.0000000000
110967  47.107  31.317  25.949 0.0000000000
110968  46.095  31.226  26.060 0.0000000000
110969  45.000  31.206  26.175 0.0000000000
110970  43.788  31.254  26.205 0.0000000000
110971  42.341  31.622  25.647 0.0000000000
110972  41.411  31.855  25.359 0.0000000000
110975  37.847  31.654  25.453 0.0000000000
110976  36.861  31.747  25.562 0.0000000000
110977  36.057  31.702  25.789 0.0000000000
110981  41.895  31.149  24.825 0.0000000000
110982  41.119  31.645  24.527 0.0000000000
110983  40.529  32.371  24.182 0.0000000000
110985  41.046  31.546  23.285 0.0000000000
110986  40.623  32.196  23.627 0.0000000000
110990  42.040  31.189  22.205 0.0000000000
110991  41.387  31.808  22.430 0.0000000000
110992  40.777  32.134  22.889 0.0000000000
110999  42.457  31.705  21.446 0.0000000000
111000  41.892  31.782  21.935 0.0000000000
111013  43.289  31.630  20.314 0.0000000000
111014  42.926  31.744  20.933 0.0000000000
111025  43.701  31.585  19.434 0.0000000000
111033  44.236  31.575  18.526 0.0000000000
111034  43.947  31.582  19.025 0.0000000000
111040  45.187  31.504  17.213 0.0000000000
111041  44.661  31.549  17.837 0.0000000000
111048  46.369  31.929  15.890 0.0000000000
111049  45.836  31.362  16.336 0.0000000000
111055  47.637  31.853  14.873 0.0000000000
111056  46.800  31.288  15.299 0.0000000000
111057  46.263  31.256  15.840 0.0000000000
111058  43.633  31.468  15.184 0.0000000000
111063  48.465  32.088  13.656 0.0000000000
111064  47.828  31.358  14.018 0.0000000000
111065  47.364  31.241  14.716 0.0000000000
111066  44.690  31.340  14.092 0.0000000000
111067  44.182  31.306  14.654 0.0000000000
111072  48.583  31.745  12.690 0.0000000000
111073  48.313  31.491  13.298 0.0000000000
111074  45.643  31.333  12.868 0.0000000000
111075  45.165  31.271  13.503 0.0000000000
111079  48.601  31.674  11.827 0.0000000000
111080  46.593  31.677  11.610 0.0000000000
111081  46.059  31.261  11.853 0.0000000000
111084  48.191  31.475  11.030 0.0000000000
111085  47.492  31.508  10.931 0.0000000000
111086  46.833  31.151  10.962 0.0000000000
111087  46.416  31.188  11.367 0.0000000000
111091  47.999  30.934  10.677 0.0000000000
111092  47.652  31.015  10.668 0.0000000000
111093  47.286  31.079  10.698 0.0000000000
111484  44.140  31.929  31.158 0.0000000000
111485  43.854  31.795  31.186 0.0000000000
111494  46.320  32.690  30.122 0.0000000000
111495  45.578  32.589  30.212 0.0000000000
111496  44.384  32.326  30.625 0.0000000000
111497  43.478  32.014  30.852 0.0000000000
111498  42.877  31.794  30.579 0.0000000000
111509  47.071  32.369  29.200 0.0000000000
111510  46.673  32.752  29.705 0.0000000000
111511  45.639  32.877  29.657 0.0000000000
111512  44.667  32.637  29.802 0.0000000000
111513  43.605  32.449  29.976 0.0000000000
111514  42.583  32.083  30.027 0.0000000000
111521  47.338  32.379  28.590 0.0000000000
111522  46.779  32.830  29.038 0.0000000000
111523  45.907  32.953  28.874 0.0000000000
111524  44.887  32.680  28.906 0.0000000000
111525  43.811  32.646  29.009 0.0000000000
111526  42.785  32.481  29.059 0.0000000000
111527  41.980  32.152  29.090 0.0000000000
111531  48.198  31.991  27.673 0.0000000000
111532  47.897  32.209  27.938 0.0000000000
111533  47.286  32.509  28.029 0.0000000000
111534  46.429  32.629  28.049 0.0000000000
111535  45.192  32.483  27.785 0.0000000000
111536  44.006  32.376  28.033 0.0000000000
111537  43.053  32.504  28.091 0.0000000000
111538  41.953  32.173  27.984 0.0000000000
111544  48.191  32.052  27.351 0.0000000000
111545  47.824  32.308  27.213 0.0000000000
111546  47.028  32.258  27.288 0.0000000000
111547  46.070  32.215  27.248 0.0000000000
111548  45.388  32.098  27.143 0.0000000000
111549  43.324  32.375  27.454 0.0000000000
111550  42.572  32.406  27.081 0.0000000000
111551  41.671  32.227  26.824 0.0000000000
111552  40.820  31.955  26.502 0.0000000000
111554  34.824  32.369  26.231 0.0000000000
111559  42.120  32.215  26.337 0.0000000000
111560  41.411  32.124  25.918 0.0000000000
111561  40.548  32.144  25.639 0.0000000000
111562  39.654  32.273  25.463 0.0000000000
111563  38.542  32.351  25.128 0.0000000000
111564  37.328  32.740  25.088 0.0000000000
111565  36.327  32.518  25.528 0.0000000000
111566  35.575  32.430  25.867 0.0000000000
111570  40.904  32.038  25.256 0.0000000000
111571  40.312  32.781  24.709 0.0000000000
111572  39.130  33.025  24.717 0.0000000000
111573  38.163  33.180  24.763 0.0000000000
111574  37.592  33.398  24.818 0.0000000000
111577  40.406  32.911  23.815 0.0000000000
111580  40.989  32.654  22.411 0.0000000000
111581  40.555  32.805  23.073 0.0000000000
111587  42.434  32.498  21.344 0.0000000000
111588  41.788  32.547  21.772 0.0000000000
111600  43.394  32.513  20.330 0.0000000000
111601  42.998  32.483  20.916 0.0000000000
111615  44.164  32.903  19.293 0.0000000000
111616  43.802  32.617  19.641 0.0000000000
111624  44.278  32.632  18.880 0.0000000000
111625  43.957  32.007  19.085 0.0000000000
111632  45.335  32.439  17.232 0.0000000000
111633  44.770  32.479  17.849 0.0000000000
111640  46.529  32.567  16.057 0.0000000000
111641  45.869  32.488  16.552 0.0000000000
111648  48.433  33.022  14.789 0.0000000000
111649  48.130  32.709  14.992 0.0000000000
111650  47.164  32.537  15.572 0.0000000000
111651  44.550  32.996  14.837 0.0000000000
111652  44.165  32.660  15.164 0.0000000000
111659  48.587  32.840  14.341 0.0000000000
111660  48.169  32.157  14.392 0.0000000000
111661  45.527  33.008  13.909 0.0000000000
111662  44.941  32.733  14.304 0.0000000000
111663  44.290  31.910  14.671 0.0000000000
111672  49.192  33.315  13.081 0.0000000000
111673  49.007  32.965  13.299 0.0000000000
111674  46.560  32.923  12.819 0.0000000000
111675  45.974  32.693  13.278 0.0000000000
111676  45.268  31.881  13.616 0.0000000000
111688  49.115  33.251  12.880 0.0000000000
111689  48.784  32.678  12.420 0.0000000000
111690  47.602  32.689  11.911 0.0000000000
111691  46.991  32.596  12.216 0.0000000000
111692  46.233  31.927  12.332 0.0000000000
111703  48.373  32.324  11.781 0.0000000000
111704  47.820  32.380  11.548 0.0000000000
111705  47.142  31.896  11.347 0.0000000000
112166  46.330  32.957  30.139 0.0000000000
112167  46.182  32.963  30.150 0.0000000000
112178  46.408  32.972  29.986 0.0000000000
112179  46.158  33.038  30.052 0.0000000000
112186  46.541  32.952  29.683 0.0000000000
112187  46.275  33.062  29.651 0.0000000000
112196  35.169  33.377  26.202 0.0000000000
112197  34.305  33.158  26.531 0.0000000000
112200  37.078  33.891  24.874 0.0000000000
112201  36.381  33.448  25.354 0.0000000000
112202  35.820  33.121  25.714 0.0000000000
112205  40.114  33.444  23.936 0.0000000000
112206  39.504  33.782  24.054 0.0000000000
112207  38.531  33.837  24.413 0.0000000000
112208  37.813  33.800  24.659 0.0000000000
112212  40.231  33.646  23.232 0.0000000000
112213  39.897  33.843  23.658 0.0000000000
112215  41.183  33.464  22.053 0.0000000000
112216  40.677  33.357  22.622 0.0000000000
112220  43.213  33.848  20.936 0.0000000000
112221  42.499  33.300  21.335 0.0000000000
112222  41.765  33.366  21.685 0.0000000000
112230  44.157  34.047  19.935 0.0000000000
112231  43.569  33.320  20.419 0.0000000000
112232  43.146  33.214  20.980 0.0000000000
112248  44.353  33.496  19.276 0.0000000000
112249  43.947  33.372  19.825 0.0000000000
112261  45.406  33.900  18.112 0.0000000000
112262  44.730  33.358  18.422 0.0000000000
112269  46.464  33.899  17.052 0.0000000000
112270  45.576  33.293  17.345 0.0000000000
112271  45.041  33.296  17.880 0.0000000000
112278  48.331  34.050  15.968 0.0000000000
112279  47.595  33.755  16.201 0.0000000000
112280  46.772  33.262  16.317 0.0000000000
112281  46.115  33.286  16.749 0.0000000000
112289  49.123  34.232  14.844 0.0000000000
112290  48.569  33.504  15.045 0.0000000000
112291  47.859  33.316  15.594 0.0000000000
112292  47.349  33.232  15.903 0.0000000000
112293  44.526  33.589  14.967 0.0000000000
112294  43.652  33.535  15.554 0.0000000000
112302  49.371  34.067  13.988 0.0000000000
112303  49.029  33.521  14.184 0.0000000000
112304  45.569  33.612  14.004 0.0000000000
112305  44.991  33.590  14.448 0.0000000000
112312  49.273  33.683  13.207 0.0000000000
112313  49.197  33.565  13.641 0.0000000000
112314  47.451  33.848  12.678 0.0000000000
112315  46.710  33.448  12.989 0.0000000000
112316  46.135  33.512  13.503 0.0000000000
112325  49.033  33.534  12.627 0.0000000000
112326  48.475  33.143  12.210 0.0000000000
112327  47.801  33.097  12.139 0.0000000000
112328  47.270  33.248  12.501 0.0000000000
112340  48.246  32.622  11.832 0.0000000000
112341  48.145  32.780  11.880 0.0000000000
112833  32.218  35.087  29.082 0.0000000000
112834  31.845  34.950  29.148 0.0000000000
112841  33.143  34.904  28.304 0.0000000000
112842  32.535  34.791  28.603 0.0000000000
112846  35.073  34.906  26.945 0.0000000000
112847  34.678  34.783  27.152 0.0000000000
112848  33.570  34.585  27.689 0.0000000000
112849  32.675  34.040  27.785 0.0000000000
112852  35.785  34.860  26.012 0.0000000000
112853  35.391  34.617  26.475 0.0000000000
112854  34.463  34.076  26.773 0.0000000000
112855  33.772  33.713  26.897 0.0000000000
112858  36.915  34.663  24.923 0.0000000000
112859  36.229  34.603  25.547 0.0000000000
112860  35.753  33.845  25.803 0.0000000000
112862  39.356  34.248  23.757 0.0000000000
112863  38.839  34.539  23.885 0.0000000000
112864  37.699  34.674  24.480 0.0000000000
112868  40.174  34.118  23.010 0.0000000000
112869  39.732  34.464  23.361 0.0000000000
112870  39.005  35.215  23.516 0.0000000000
112873  41.114  33.972  22.035 0.0000000000
112874  40.589  34.260  22.445 0.0000000000
112875  40.064  35.100  22.748 0.0000000000
112877  43.378  34.468  21.012 0.0000000000
112878  42.833  34.343  21.305 0.0000000000
112879  41.663  34.217  21.728 0.0000000000
112880  41.035  34.914  21.883 0.0000000000
112885  44.450  34.679  20.122 0.0000000000
112886  43.873  34.533  20.584 0.0000000000
112899  45.659  35.120  19.207 0.0000000000
112900  45.017  34.809  19.488 0.0000000000
112917  46.776  35.176  18.263 0.0000000000
112918  46.063  34.924  18.622 0.0000000000
112919  45.048  34.148  18.745 0.0000000000
112931  48.847  35.080  17.069 0.0000000000
112932  48.383  35.090  17.164 0.0000000000
112933  47.190  34.894  17.656 0.0000000000
112934  46.117  34.222  17.736 0.0000000000
112942  49.330  35.044  16.343 0.0000000000
112943  48.954  34.851  16.595 0.0000000000
112944  47.951  34.506  16.695 0.0000000000
112945  47.186  34.111  16.745 0.0000000000
112953  49.377  34.910  15.728 0.0000000000
112954  48.870  34.340  15.633 0.0000000000
112955  44.535  34.375  14.986 0.0000000000
112956  44.042  34.413  15.383 0.0000000000
112963  49.488  34.983  14.518 0.0000000000
112964  45.552  34.641  14.003 0.0000000000
112965  44.948  34.355  14.497 0.0000000000
112970  49.318  34.572  13.579 0.0000000000
112971  47.623  34.612  12.931 0.0000000000
112972  46.954  34.424  13.210 0.0000000000
112973  46.234  34.287  13.606 0.0000000000
112979  49.192  34.286  12.930 0.0000000000
112980  48.823  34.101  12.551 0.0000000000
112981  48.213  34.118  12.500 0.0000000000
113479  33.755  35.938  29.092 0.0000000000
113480  33.062  35.696  29.309 0.0000000000
113481  32.361  35.443  29.338 0.0000000000
113490  34.831  35.706  28.134 0.0000000000
113491  34.108  35.565  28.432 0.0000000000
113492  33.341  35.276  28.580 0.0000000000
113493  32.798  35.343  28.978 0.0000000000
113496  35.799  35.635  27.065 0.0000000000
113497  35.137  35.270  27.240 0.0000000000
113498  34.357  35.215  27.778 0.0000000000
113499  33.843  35.184  28.120 0.0000000000
113502  35.903  35.300  26.182 0.0000000000
113503  35.533  35.232  26.724 0.0000000000
113506  36.837  35.473  25.031 0.0000000000
113507  36.317  35.291  25.618 0.0000000000
113510  38.253  35.642  23.932 0.0000000000
113511  37.571  35.555  24.482 0.0000000000
113514  39.480  35.690  23.041 0.0000000000
113515  38.834  35.767  23.467 0.0000000000
113518  40.561  35.512  22.264 0.0000000000
113519  40.048  35.595  22.683 0.0000000000
113522  45.416  36.068  21.086 0.0000000000
113523  44.568  35.725  21.145 0.0000000000
113524  43.624  35.208  21.204 0.0000000000
113525  42.555  35.167  21.553 0.0000000000
113526  41.647  35.285  21.784 0.0000000000
113527  41.087  35.435  21.856 0.0000000000
113530  46.612  36.293  20.210 0.0000000000
113531  45.753  35.857  20.410 0.0000000000
113532  44.773  35.349  20.427 0.0000000000
113533  44.190  35.215  20.842 0.0000000000
113539  47.695  36.269  19.014 0.0000000000
113540  46.905  36.031  19.381 0.0000000000
113541  45.963  35.544  19.535 0.0000000000
113542  45.352  35.425  19.960 0.0000000000
113556  48.704  35.911  18.112 0.0000000000
113557  47.963  35.927  18.361 0.0000000000
113558  47.092  35.584  18.548 0.0000000000
113559  46.495  35.561  19.019 0.0000000000
113577  49.275  35.823  17.221 0.0000000000
113578  48.981  35.405  17.299 0.0000000000
113579  48.155  35.542  17.747 0.0000000000
113580  47.619  35.533  18.081 0.0000000000
113592  49.364  35.528  16.538 0.0000000000
113593  49.177  35.219  16.867 0.0000000000
113603  49.564  35.767  15.346 0.0000000000
113604  44.474  35.048  14.920 0.0000000000
113605  43.729  35.359  15.405 0.0000000000
113612  49.500  35.894  14.485 0.0000000000
113613  46.601  35.618  13.760 0.0000000000
113614  46.127  35.343  13.794 0.0000000000
113615  45.093  35.436  14.274 0.0000000000
113620  49.311  35.465  13.776 0.0000000000
113621  48.996  35.379  13.287 0.0000000000
113622  48.336  35.093  13.101 0.0000000000
113623  47.120  35.350  13.521 0.0000000000
113624  46.577  34.884  13.510 0.0000000000
113630  49.134  34.905  13.268 0.0000000000
113631  48.911  34.755  12.899 0.0000000000
113632  48.627  34.535  12.736 0.0000000000
114120  35.005  37.166  30.446 0.0000000000
114121  34.558  37.075  30.460 0.0000000000
114122  33.634  36.847  30.397 0.0000000000
114132  36.081  37.027  29.549 0.0000000000
114133  35.426  36.996  29.873 0.0000000000
114134  34.351  36.479  29.649 0.0000000000
114135  33.359  36.280  29.743 0.0000000000
114136  32.764  35.997  29.694 0.0000000000
114145  36.958  36.928  28.607 0.0000000000
114146  36.454  36.790  28.978 0.0000000000
114147  35.341  36.280  28.732 0.0000000000
114148  34.469  36.034  28.803 0.0000000000
114156  36.941  36.815  28.123 0.0000000000
114157  36.249  36.215  27.788 0.0000000000
114158  35.498  35.807  27.805 0.0000000000
114163  36.877  36.727  27.028 0.0000000000
114164  36.364  36.018  26.601 0.0000000000
114166  36.867  36.549  25.726 0.0000000000
114167  36.406  35.757  25.801 0.0000000000
114170  38.230  36.473  24.095 0.0000000000
114171  37.632  36.416  24.621 0.0000000000
114174  40.555  37.157  23.097 0.0000000000
114175  39.910  36.819  23.133 0.0000000000
114176  38.828  36.541  23.628 0.0000000000
114178  46.965  37.434  22.363 0.0000000000
114179  46.455  37.183  22.344 0.0000000000
114180  45.385  36.683  22.263 0.0000000000
114181  44.189  36.667  22.234 0.0000000000
114182  43.035  36.678  22.240 0.0000000000
114183  41.901  36.712  22.297 0.0000000000
114184  40.772  36.680  22.527 0.0000000000
114185  40.088  36.083  22.639 0.0000000000
114188  46.795  37.154  21.750 0.0000000000
114189  45.969  36.615  21.736 0.0000000000
114190  45.163  36.199  21.633 0.0000000000
114191  44.379  36.119  21.668 0.0000000000
114192  43.338  36.034  21.675 0.0000000000
114193  42.271  36.032  21.767 0.0000000000
114194  41.299  36.018  21.881 0.0000000000
114197  47.122  36.901  20.857 0.0000000000
114198  46.329  36.476  21.059 0.0000000000
114201  48.673  36.736  18.814 0.0000000000
114202  48.196  36.730  19.216 0.0000000000
114203  47.547  36.671  19.899 0.0000000000
114208  49.182  36.573  17.782 0.0000000000
114209  49.002  36.474  18.330 0.0000000000
114210  48.400  36.374  18.653 0.0000000000
114225  49.323  36.455  17.066 0.0000000000
114226  49.222  36.040  17.744 0.0000000000
114243  49.463  36.614  15.952 0.0000000000
114254  49.578  36.671  14.921 0.0000000000
114255  44.493  36.189  14.953 0.0000000000
114265  49.215  36.447  14.082 0.0000000000
114266  48.500  36.546  14.069 0.0000000000
114267  47.608  36.452  14.110 0.0000000000
114268  46.638  36.103  13.983 0.0000000000
114269  45.609  36.095  14.144 0.0000000000
114270  45.050  36.083  14.413 0.0000000000
114277  49.105  35.832  13.627 0.0000000000
114278  48.763  35.926  13.556 0.0000000000
114279  47.986  35.902  13.697 0.0000000000
114280  47.335  35.966  13.829 0.0000000000
114765  34.826  37.977  31.466 0.0000000000
114766  34.345  38.133  31.407 0.0000000000
114778  37.761  37.812  30.248 0.0000000000
114779  36.824  37.729  30.454 0.0000000000
114780  35.927  37.691  30.616 0.0000000000
114781  35.096  37.439  30.782 0.0000000000
114782  34.031  37.589  31.113 0.0000000000
114797  38.654  37.789  29.273 0.0000000000
114798  38.011  37.570  29.442 0.0000000000
114799  37.234  37.400  29.675 0.0000000000
114800  36.321  37.288  29.820 0.0000000000
114801  35.681  37.361  30.286 0.0000000000
114816  38.671  37.780  28.929 0.0000000000
114817  38.360  37.640  28.796 0.0000000000
114818  37.420  37.190  28.733 0.0000000000
114819  36.885  37.140  29.300 0.0000000000
114832  38.107  37.630  28.084 0.0000000000
114833  37.498  37.264  27.581 0.0000000000
114842  38.155  37.849  27.122 0.0000000000
114843  37.550  37.317  26.397 0.0000000000
114848  39.393  38.308  25.681 0.0000000000
114849  38.567  37.969  25.813 0.0000000000
114850  37.726  37.161  25.231 0.0000000000
114852  40.481  38.093  24.501 0.0000000000
114853  39.757  38.136  24.844 0.0000000000
114854  38.452  37.202  24.448 0.0000000000
114855  37.883  36.957  24.723 0.0000000000
114857  47.034  37.858  23.305 0.0000000000
114858  46.691  37.794  23.376 0.0000000000
114859  45.820  37.718  23.457 0.0000000000
114860  44.732  37.727  23.465 0.0000000000
114861  43.546  37.758  23.488 0.0000000000
114862  42.307  37.747  23.589 0.0000000000
114863  40.802  37.763  23.822 0.0000000000
114864  39.366  37.342  23.878 0.0000000000
114865  38.824  37.070  23.920 0.0000000000
114867  47.115  37.583  22.951 0.0000000000
114868  46.152  37.364  22.885 0.0000000000
114869  45.052  37.232  22.844 0.0000000000
114870  43.872  37.285  22.782 0.0000000000
114871  42.677  37.299  22.833 0.0000000000
114872  41.523  37.283  22.966 0.0000000000
114873  40.879  37.261  23.049 0.0000000000
114875  47.156  37.709  22.201 0.0000000000
114878  46.949  37.588  21.306 0.0000000000
114881  48.491  37.113  19.054 0.0000000000
114882  48.077  37.264  19.613 0.0000000000
114883  47.364  37.479  20.292 0.0000000000
114885  49.090  36.858  18.026 0.0000000000
114886  48.734  37.283  18.256 0.0000000000
114890  49.118  37.283  17.434 0.0000000000
114891  48.865  38.041  17.476 0.0000000000
114906  49.350  37.529  16.468 0.0000000000
114921  49.413  37.679  15.459 0.0000000000
114922  49.079  38.020  14.977 0.0000000000
114923  48.477  37.939  14.975 0.0000000000
114924  47.473  37.755  15.037 0.0000000000
114925  46.326  37.546  15.077 0.0000000000
114926  45.113  37.266  15.084 0.0000000000
114927  43.899  37.330  15.368 0.0000000000
114937  49.286  37.292  14.695 0.0000000000
114938  48.880  37.346  14.396 0.0000000000
114939  48.070  37.129  14.596 0.0000000000
114940  47.000  36.999  14.491 0.0000000000
114941  45.956  36.760  14.529 0.0000000000
114942  45.227  36.471  14.612 0.0000000000
115395  37.456  39.331  32.305 0.0000000000
115396  37.052  39.255  32.232 0.0000000000
115397  36.338  39.155  32.047 0.0000000000
115400  41.593  39.352  31.665 0.0000000000
115401  41.261  39.273  31.656 0.0000000000
115402  40.424  39.064  31.672 0.0000000000
115403  39.294  38.957  31.717 0.0000000000
115404  37.890  39.013  32.016 0.0000000000
115405  36.719  38.739  31.747 0.0000000000
115406  35.623  38.664  31.630 0.0000000000
115407  34.686  38.546  31.487 0.0000000000
115415  41.594  39.249  31.342 0.0000000000
115416  40.920  38.893  31.044 0.0000000000
115417  39.860  38.586  30.883 0.0000000000
115418  38.577  38.297  30.847 0.0000000000
115419  37.337  38.270  31.097 0.0000000000
115420  36.293  38.196  31.136 0.0000000000
115421  35.507  37.968  31.202 0.0000000000
115422  34.097  38.424  31.197 0.0000000000
115433  41.650  39.020  30.448 0.0000000000
115434  40.524  38.610  30.049 0.0000000000
115435  39.315  38.158  29.811 0.0000000000
115436  38.489  37.856  29.934 0.0000000000
115450  41.318  38.835  29.099 0.0000000000
115451  40.009  38.432  28.915 0.0000000000
115452  38.965  37.983  28.735 0.0000000000
115453  38.524  37.823  28.379 0.0000000000
115466  42.531  38.801  27.343 0.0000000000
115467  41.792  38.775  27.830 0.0000000000
115468  40.539  38.545  27.921 0.0000000000
115469  39.494  38.297  27.898 0.0000000000
115470  38.669  38.046  27.882 0.0000000000
115484  45.558  39.233  26.128 0.0000000000
115485  44.832  38.990  26.415 0.0000000000
115486  43.890  38.716  26.589 0.0000000000
115487  42.842  38.754  26.711 0.0000000000
115488  41.797  38.612  26.744 0.0000000000
115489  40.824  38.531  26.881 0.0000000000
115490  39.856  38.438  26.977 0.0000000000
115491  38.948  38.343  26.990 0.0000000000
115500  46.618  39.036  24.987 0.0000000000
115501  46.073  38.983  25.502 0.0000000000
115502  45.093  38.760  25.661 0.0000000000
115503  44.053  38.612  25.772 0.0000000000
115504  42.979  38.597  25.826 0.0000000000
115505  41.918  38.489  25.864 0.0000000000
115506  40.980  38.442  25.955 0.0000000000
115507  40.056  38.476  25.972 0.0000000000
115508  39.330  38.398  26.265 0.0000000000
115513  46.686  38.807  24.308 0.0000000000
115514  46.204  38.603  24.667 0.0000000000
115515  45.330  38.550  24.863 0.0000000000
115516  44.236  38.496  24.947 0.0000000000
115517  43.119  38.432  25.017 0.0000000000
115518  42.075  38.369  25.072 0.0000000000
115519  40.964  38.261  24.965 0.0000000000
115520  40.416  38.384  25.400 0.0000000000
115522  46.965  38.306  23.492 0.0000000000
115523  46.378  38.249  23.896 0.0000000000
115524  45.535  38.208  24.077 0.0000000000
115525  44.454  38.233  24.140 0.0000000000
115526  43.286  38.229  24.203 0.0000000000
115527  42.150  38.151  24.340 0.0000000000
115528  41.466  38.172  24.515 0.0000000000
115530  47.313  38.274  22.752 0.0000000000
115532  46.809  38.369  21.752 0.0000000000
115533  45.871  38.895  21.349 0.0000000000
115534  45.222  38.939  21.205 0.0000000000
115536  46.749  38.081  20.680 0.0000000000
115537  46.054  38.583  20.764 0.0000000000
115538  45.279  38.808  20.735 0.0000000000
115542  48.226  37.756  18.860 0.0000000000
115543  47.600  37.959  19.467 0.0000000000
115544  46.840  38.180  19.855 0.0000000000
115545  45.855  38.547  19.937 0.0000000000
115546  45.453  38.734  20.311 0.0000000000
115550  48.491  38.635  17.861 0.0000000000
115551  47.691  38.632  18.629 0.0000000000
115552  46.836  38.599  19.133 0.0000000000
115553  46.303  38.595  19.504 0.0000000000
115556  49.269  38.520  16.893 0.0000000000
115557  48.985  38.693  17.297 0.0000000000
115561  49.409  38.534  16.114 0.0000000000
115573  49.168  38.649  15.602 0.0000000000
115574  48.757  38.725  15.386 0.0000000000
115575  47.957  38.554  15.513 0.0000000000
115576  46.800  38.413  15.521 0.0000000000
115577  45.607  38.294  15.521 0.0000000000
115578  44.421  38.305  15.537 0.0000000000
116005  39.465  40.624  33.294 0.0000000000
116006  38.981  40.729  33.414 0.0000000000
116014  42.319  39.959  32.182 0.0000000000
116015  41.533  39.892  32.492 0.0000000000
116016  40.612  39.912  32.803 0.0000000000
116017  39.662  40.026  32.881 0.0000000000
116018  38.657  40.223  33.041 0.0000000000
116019  37.555  39.771  32.599 0.0000000000
116020  36.630  39.684  32.349 0.0000000000
116021  35.967  39.486  31.949 0.0000000000
116025  43.124  40.145  31.069 0.0000000000
116026  42.591  39.788  31.592 0.0000000000
116027  41.828  39.474  31.879 0.0000000000
116028  41.005  39.465  32.208 0.0000000000
116029  40.020  39.489  32.313 0.0000000000
116030  38.956  39.517  32.460 0.0000000000
116031  38.238  39.609  32.560 0.0000000000
116032  35.155  39.328  31.459 0.0000000000
116033  34.533  38.829  31.328 0.0000000000
116038  43.366  39.950  30.301 0.0000000000
116039  42.812  39.668  30.820 0.0000000000
116040  42.189  39.392  31.153 0.0000000000
116041  35.187  39.616  30.487 0.0000000000
116042  34.469  39.064  30.875 0.0000000000
116049  44.232  39.949  29.220 0.0000000000
116050  43.652  39.683  29.585 0.0000000000
116051  42.988  39.505  30.035 0.0000000000
116052  42.430  39.327  30.473 0.0000000000
116063  44.456  39.743  28.523 0.0000000000
116064  43.929  39.427  28.829 0.0000000000
116065  43.159  39.212  29.221 0.0000000000
116066  42.356  39.125  29.708 0.0000000000
116078  45.274  40.014  27.326 0.0000000000
116079  44.895  39.796  27.756 0.0000000000
116080  44.262  39.238  28.037 0.0000000000
116081  43.150  39.046  28.106 0.0000000000
116082  42.390  38.969  28.808 0.0000000000
116095  45.346  39.677  26.857 0.0000000000
116096  44.575  39.179  27.213 0.0000000000
116097  43.703  38.898  27.365 0.0000000000
116098  43.076  38.887  27.377 0.0000000000
116109  46.450  39.596  25.300 0.0000000000
116110  46.026  39.711  26.067 0.0000000000
116118  46.724  39.407  24.667 0.0000000000
116120  46.941  39.143  24.025 0.0000000000
116121  46.749  39.422  23.576 0.0000000000
116122  41.140  40.296  23.336 0.0000000000
116123  40.550  40.224  23.239 0.0000000000
116124  39.598  40.083  23.139 0.0000000000
116125  38.721  40.037  23.017 0.0000000000
116127  47.009  38.911  23.259 0.0000000000
116128  46.537  39.436  22.968 0.0000000000
116129  45.760  39.571  22.577 0.0000000000
116130  44.796  39.665  22.464 0.0000000000
116131  43.707  39.754  22.452 0.0000000000
116132  42.568  39.820  22.524 0.0000000000
116133  41.338  40.017  22.705 0.0000000000
116134  40.167  39.889  22.464 0.0000000000
116135  39.179  40.008  22.352 0.0000000000
116136  38.241  40.095  22.352 0.0000000000
116138  46.905  38.825  22.601 0.0000000000
116139  46.303  39.134  22.135 0.0000000000
116140  45.236  39.223  21.760 0.0000000000
116141  44.118  39.381  21.655 0.0000000000
116142  42.981  39.551  21.585 0.0000000000
116143  41.812  39.692  21.635 0.0000000000
116144  40.709  39.822  21.675 0.0000000000
116145  39.701  39.909  21.631 0.0000000000
116146  38.714  40.153  21.552 0.0000000000
116147  37.908  40.221  21.677 0.0000000000
116150  44.636  39.043  20.986 0.0000000000
116151  43.628  39.380  20.750 0.0000000000
116152  42.352  39.723  20.637 0.0000000000
116153  41.174  39.816  20.822 0.0000000000
116154  40.199  39.967  20.896 0.0000000000
116155  39.331  40.168  20.920 0.0000000000
116156  38.639  40.322  20.859 0.0000000000
116159  45.422  38.968  19.684 0.0000000000
116160  44.710  39.117  19.933 0.0000000000
116161  43.278  39.789  19.937 0.0000000000
116162  42.382  40.204  19.888 0.0000000000
116166  48.549  39.720  17.608 0.0000000000
116167  48.087  39.699  18.186 0.0000000000
116168  47.028  39.547  18.630 0.0000000000
116169  45.769  39.280  19.215 0.0000000000
116170  44.756  39.848  19.269 0.0000000000
116175  49.305  39.120  16.814 0.0000000000
116176  49.070  39.544  17.091 0.0000000000
116180  49.295  39.191  16.535 0.0000000000
116181  48.965  39.939  16.492 0.0000000000
116182  48.623  40.204  16.277 0.0000000000
116183  47.830  40.142  16.292 0.0000000000
116184  46.670  40.011  16.323 0.0000000000
116185  45.506  39.950  16.236 0.0000000000
116186  44.568  39.946  16.151 0.0000000000
116189  49.258  39.213  16.062 0.0000000000
116190  48.963  39.426  15.857 0.0000000000
116191  48.339  39.390  15.895 0.0000000000
116192  47.313  39.257  15.953 0.0000000000
116193  46.119  39.169  15.900 0.0000000000
116194  44.967  39.156  15.892 0.0000000000
116587  40.375  41.043  33.143 0.0000000000
116588  40.035  41.094  33.313 0.0000000000
116589  39.216  41.254  33.587 0.0000000000
116590  38.600  41.367  33.514 0.0000000000
116601  42.440  40.183  32.111 0.0000000000
116602  42.041  40.251  32.260 0.0000000000
116603  40.795  40.654  32.680 0.0000000000
116604  40.132  40.472  33.040 0.0000000000
116605  38.652  40.872  33.421 0.0000000000
116606  37.928  40.847  33.207 0.0000000000
116607  36.985  40.486  32.591 0.0000000000
116608  36.306  40.050  32.284 0.0000000000
116617  43.226  40.524  31.127 0.0000000000
116618  42.749  40.430  31.747 0.0000000000
116619  41.913  40.665  32.000 0.0000000000
116620  40.968  40.816  31.967 0.0000000000
116621  40.508  41.120  31.608 0.0000000000
116623  35.952  40.047  31.821 0.0000000000
116628  43.973  40.671  29.990 0.0000000000
116629  43.604  40.561  30.360 0.0000000000
116630  42.636  40.929  31.475 0.0000000000
116631  41.837  40.936  31.335 0.0000000000
116632  40.966  40.896  31.056 0.0000000000
116633  40.122  41.077  30.793 0.0000000000
116642  44.145  40.540  29.608 0.0000000000
116643  43.837  40.148  29.811 0.0000000000
116644  42.556  41.135  30.740 0.0000000000
116645  41.668  41.016  30.385 0.0000000000
116646  40.677  40.837  30.015 0.0000000000
116647  39.640  40.812  29.662 0.0000000000
116648  39.108  41.048  29.052 0.0000000000
116657  44.557  40.358  28.583 0.0000000000
116658  42.458  41.186  29.733 0.0000000000
116659  41.452  40.933  29.273 0.0000000000
116660  40.385  40.692  28.892 0.0000000000
116661  39.471  40.747  28.540 0.0000000000
116662  38.725  41.042  28.313 0.0000000000
116672  45.337  40.125  27.074 0.0000000000
116673  45.006  40.433  27.449 0.0000000000
116674  42.347  41.180  28.574 0.0000000000
116675  41.183  40.950  28.082 0.0000000000
116676  40.066  40.661  27.771 0.0000000000
116677  39.089  40.689  27.558 0.0000000000
116678  38.210  40.939  27.394 0.0000000000
116679  37.713  41.176  27.041 0.0000000000
116694  45.489  40.343  26.542 0.0000000000
116695  44.967  40.849  26.767 0.0000000000
116696  42.214  41.152  27.180 0.0000000000
116697  40.749  40.867  26.887 0.0000000000
116698  39.601  40.620  26.712 0.0000000000
116699  38.618  40.635  26.592 0.0000000000
116700  37.829  40.845  26.501 0.0000000000
116701  37.400  41.307  26.511 0.0000000000
116713  46.615  39.991  24.903 0.0000000000
116714  46.048  40.372  25.479 0.0000000000
116715  44.995  41.036  25.885 0.0000000000
116716  43.850  41.173  25.699 0.0000000000
116717  42.805  41.190  25.933 0.0000000000
116718  41.394  40.939  25.897 0.0000000000
116719  40.138  40.716  25.788 0.0000000000
116720  39.040  40.463  25.709 0.0000000000
116721  38.051  40.580  25.653 0.0000000000
116722  37.186  40.980  25.691 0.0000000000
116723  36.754  41.270  25.301 0.0000000000
116732  46.640  39.761  24.290 0.0000000000
116733  46.144  40.290  24.489 0.0000000000
116734  45.246  40.680  24.749 0.0000000000
116735  44.124  40.868  24.869 0.0000000000
116736  43.002  41.011  24.877 0.0000000000
116737  41.841  40.948  24.884 0.0000000000
116738  40.659  40.716  24.848 0.0000000000
116739  39.526  40.474  24.790 0.0000000000
116740  38.411  40.328  24.690 0.0000000000
116741  37.355  40.553  24.691 0.0000000000
116742  36.660  40.983  24.833 0.0000000000
116746  46.717  39.600  23.895 0.0000000000
116747  46.267  39.884  23.656 0.0000000000
116748  45.387  40.357  23.838 0.0000000000
116749  44.342  40.552  23.965 0.0000000000
116750  43.230  40.677  24.030 0.0000000000
116751  42.179  40.720  24.049 0.0000000000
116752  41.132  40.549  23.942 0.0000000000
116753  40.042  40.446  23.934 0.0000000000
116754  38.988  40.131  23.848 0.0000000000
116755  37.702  40.231  23.397 0.0000000000
116756  36.400  40.775  23.774 0.0000000000
116757  35.867  41.215  23.368 0.0000000000
116759  45.987  39.800  23.018 0.0000000000
116760  45.486  39.965  23.113 0.0000000000
116761  44.533  40.159  23.159 0.0000000000
116762  43.442  40.237  23.243 0.0000000000
116763  42.371  40.347  23.324 0.0000000000
116764  41.612  40.392  23.467 0.0000000000
116765  37.337  40.243  22.145 0.0000000000
116766  36.566  40.553  22.591 0.0000000000
116767  35.830  41.013  22.800 0.0000000000
116769  38.019  40.344  21.063 0.0000000000
116770  37.297  40.405  21.289 0.0000000000
116771  36.583  40.570  21.600 0.0000000000
116772  35.881  40.906  21.831 0.0000000000
116775  41.545  40.211  20.091 0.0000000000
116776  40.636  40.326  20.243 0.0000000000
116777  39.785  40.457  20.326 0.0000000000
116778  38.965  40.504  20.339 0.0000000000
116779  38.170  40.535  20.429 0.0000000000
116780  37.426  40.575  20.597 0.0000000000
116781  36.641  40.722  20.690 0.0000000000
116782  36.044  40.845  21.075 0.0000000000
116785  43.891  40.001  19.303 0.0000000000
116786  43.036  40.790  19.413 0.0000000000
116787  41.922  40.857  19.590 0.0000000000
116788  41.034  40.859  19.702 0.0000000000
116789  40.205  40.914  19.782 0.0000000000
116790  39.361  40.890  19.776 0.0000000000
116791  38.457  40.833  19.815 0.0000000000
116792  37.528  40.820  19.962 0.0000000000
116793  36.977  40.813  20.205 0.0000000000
116795  48.696  40.871  17.732 0.0000000000
116796  47.603  40.770  18.423 0.0000000000
116797  46.370  40.565  18.753 0.0000000000
116798  45.278  40.495  18.989 0.0000000000
116799  44.367  40.612  19.078 0.0000000000
116800  43.759  40.687  19.205 0.0000000000
116803  49.253  40.905  16.995 0.0000000000
116807  48.924  41.033  16.628 0.0000000000
116808  48.297  41.054  16.505 0.0000000000
116809  47.278  40.934  16.591 0.0000000000
116810  46.054  40.832  16.612 0.0000000000
116811  44.914  40.740  16.427 0.0000000000
116858  46.811  40.540  8.313 0.0000000000
117224  40.212  41.365  33.127 0.0000000000
117225  39.772  42.062  33.757 0.0000000000
117226  38.950  41.988  33.768 0.0000000000
117237  40.486  41.304  32.607 0.0000000000
117238  40.109  42.026  33.083 0.0000000000
117251  43.303  40.810  31.100 0.0000000000
117252  43.065  40.897  31.448 0.0000000000
117253  40.506  41.207  32.113 0.0000000000
117254  39.992  41.674  31.890 0.0000000000
117262  44.036  40.908  29.913 0.0000000000
117263  43.598  41.022  30.412 0.0000000000
117264  43.168  41.134  30.998 0.0000000000
117265  39.307  41.636  30.342 0.0000000000
117266  38.903  42.039  29.850 0.0000000000
117274  44.361  40.983  29.177 0.0000000000
117275  43.868  41.227  29.640 0.0000000000
117276  43.223  41.232  30.161 0.0000000000
117277  39.193  41.277  29.533 0.0000000000
117278  38.749  41.676  29.176 0.0000000000
117287  44.615  41.012  28.214 0.0000000000
117288  44.071  41.369  28.707 0.0000000000
117289  43.292  41.328  29.167 0.0000000000
117290  38.107  41.677  28.000 0.0000000000
117302  44.679  41.027  27.352 0.0000000000
117303  44.225  41.380  27.743 0.0000000000
117304  43.355  41.375  28.060 0.0000000000
117305  37.875  41.361  27.418 0.0000000000
117320  44.667  41.111  26.828 0.0000000000
117321  44.361  41.257  27.070 0.0000000000
117322  43.611  41.320  26.945 0.0000000000
117338  44.775  41.074  26.486 0.0000000000
117339  44.324  41.232  26.448 0.0000000000
117340  43.678  41.298  26.239 0.0000000000
117341  37.056  41.457  26.111 0.0000000000
117342  36.766  41.644  25.696 0.0000000000
117353  36.465  41.683  24.955 0.0000000000
117354  36.164  41.843  24.378 0.0000000000
117361  36.258  41.314  24.375 0.0000000000
117362  35.899  41.606  23.819 0.0000000000
117365  35.610  41.698  23.035 0.0000000000
117368  35.485  41.643  22.109 0.0000000000
117371  36.082  41.046  20.541 0.0000000000
117372  35.563  41.538  20.853 0.0000000000
117375  46.674  42.633  19.233 0.0000000000
117376  46.072  42.334  19.259 0.0000000000
117377  45.376  42.033  19.233 0.0000000000
117378  43.143  41.828  19.110 0.0000000000
117379  42.299  41.653  19.229 0.0000000000
117380  41.399  41.508  19.309 0.0000000000
117381  40.608  41.443  19.378 0.0000000000
117382  39.820  41.526  19.314 0.0000000000
117383  38.859  41.361  19.328 0.0000000000
117384  37.828  41.299  19.377 0.0000000000
117385  36.465  41.413  19.713 0.0000000000
117386  35.515  41.945  19.957 0.0000000000
117388  48.952  42.050  17.986 0.0000000000
117389  48.183  41.906  18.384 0.0000000000
117390  46.984  41.967  18.865 0.0000000000
117391  45.815  41.470  19.064 0.0000000000
117392  44.873  41.463  19.089 0.0000000000
117393  43.911  41.436  19.097 0.0000000000
117394  39.240  41.897  18.974 0.0000000000
117395  38.386  41.874  18.906 0.0000000000
117396  37.367  41.880  18.948 0.0000000000
117397  36.747  41.987  19.045 0.0000000000
117399  49.191  41.846  17.364 0.0000000000
117400  49.051  42.162  17.081 0.0000000000
117402  49.163  41.660  16.923 0.0000000000
117403  48.721  41.915  16.719 0.0000000000
117404  47.883  41.795  16.648 0.0000000000
117405  46.768  41.800  16.702 0.0000000000
117406  45.456  41.752  16.659 0.0000000000
117407  44.311  41.532  16.387 0.0000000000
117445  48.075  42.478  9.252 0.0000000000
117446  47.942  42.269  9.205 0.0000000000
117447  47.635  41.967  9.292 0.0000000000
117448  46.901  41.689  9.406 0.0000000000
117449  45.886  41.643  9.362 0.0000000000
117455  48.088  42.417  9.050 0.0000000000
117456  47.913  41.896  8.675 0.0000000000
117457  47.266  41.314  8.803 0.0000000000
117458  46.401  41.097  8.836 0.0000000000
117958  35.243  42.558  21.561 0.0000000000
117968  35.263  42.770  20.353 0.0000000000
117975  47.912  43.309  18.894 0.0000000000
117976  47.253  43.058  19.216 0.0000000000
117977  46.338  43.088  19.336 0.0000000000
117978  45.205  42.738  19.282 0.0000000000
117979  43.904  42.587  19.148 0.0000000000
117980  42.709  42.633  18.943 0.0000000000
117981  41.728  42.212  18.947 0.0000000000
117982  40.873  41.952  18.988 0.0000000000
117983  40.344  41.815  19.127 0.0000000000
117984  36.376  42.245  19.070 0.0000000000
117985  35.728  42.594  19.362 0.0000000000
117991  48.864  42.347  17.598 0.0000000000
117992  48.412  42.891  18.217 0.0000000000
117993  47.834  42.659  18.798 0.0000000000
117994  44.990  42.099  19.228 0.0000000000
117995  44.563  42.089  19.166 0.0000000000
117996  42.517  43.130  18.719 0.0000000000
117997  42.013  42.906  18.645 0.0000000000
117998  41.106  42.577  18.653 0.0000000000
117999  40.075  42.279  18.800 0.0000000000
118000  38.999  42.442  18.602 0.0000000000
118001  37.983  42.516  18.578 0.0000000000
118002  36.964  42.551  18.670 0.0000000000
118003  36.228  42.827  18.749 0.0000000000
118005  48.990  42.294  17.302 0.0000000000
118006  48.445  42.754  17.251 0.0000000000
118007  47.530  43.270  16.887 0.0000000000
118008  47.019  43.507  16.779 0.0000000000
118010  48.253  42.291  16.800 0.0000000000
118011  47.596  42.509  16.813 0.0000000000
118012  46.398  42.910  16.732 0.0000000000
118013  44.700  42.721  16.290 0.0000000000
118016  44.282  43.140  15.682 0.0000000000
118038  47.528  42.944  10.031 0.0000000000
118039  46.921  42.836  10.361 0.0000000000
118040  45.908  42.770  10.414 0.0000000000
118041  44.782  42.758  10.488 0.0000000000
118047  48.017  42.705  9.248 0.0000000000
118048  47.760  42.594  9.512 0.0000000000
118049  47.271  42.370  9.748 0.0000000000
118050  46.422  42.259  9.852 0.0000000000
118051  45.343  42.270  9.846 0.0000000000
118059  48.065  42.605  8.904 0.0000000000
118561  35.091  43.735  20.280 0.0000000000
118570  47.565  43.723  19.087 0.0000000000
118571  46.894  43.926  19.198 0.0000000000
118572  45.849  43.743  19.255 0.0000000000
118573  44.601  43.786  19.075 0.0000000000
118574  43.373  43.348  18.893 0.0000000000
118575  42.793  43.211  18.761 0.0000000000
118576  35.201  43.660  19.450 0.0000000000
118577  35.051  44.097  19.006 0.0000000000
118588  47.950  44.044  18.613 0.0000000000
118589  47.447  44.113  19.031 0.0000000000
118590  44.394  44.271  18.747 0.0000000000
118591  43.752  44.006  18.690 0.0000000000
118592  42.603  43.638  18.354 0.0000000000
118593  41.392  43.231  18.301 0.0000000000
118594  40.542  42.926  18.396 0.0000000000
118595  39.663  42.978  18.281 0.0000000000
118596  38.610  43.089  18.215 0.0000000000
118597  37.578  43.164  18.212 0.0000000000
118598  36.605  43.276  18.266 0.0000000000
118599  35.673  43.593  18.521 0.0000000000
118600  35.224  43.922  18.842 0.0000000000
118609  48.268  43.715  17.848 0.0000000000
118610  47.921  43.911  17.265 0.0000000000
118611  47.381  43.808  16.870 0.0000000000
118612  42.246  44.036  17.779 0.0000000000
118613  41.616  43.770  17.789 0.0000000000
118614  40.486  43.489  17.834 0.0000000000
118615  39.274  43.528  17.697 0.0000000000
118616  38.178  43.592  17.633 0.0000000000
118617  37.134  43.676  17.636 0.0000000000
118618  36.202  43.854  17.783 0.0000000000
118619  35.734  44.006  17.943 0.0000000000
118622  47.477  44.269  16.922 0.0000000000
118623  46.724  44.003  16.618 0.0000000000
118624  45.716  43.566  16.355 0.0000000000
118626  45.989  44.261  16.176 0.0000000000
118627  45.048  43.881  15.711 0.0000000000
118630  44.554  44.110  14.856 0.0000000000
118634  44.504  44.176  13.926 0.0000000000
118638  46.790  44.410  12.177 0.0000000000
118639  46.194  44.218  12.276 0.0000000000
118640  44.926  44.009  12.718 0.0000000000
118644  47.253  44.240  11.308 0.0000000000
118645  46.887  44.070  11.641 0.0000000000
118646  45.724  43.732  11.662 0.0000000000
118647  44.390  43.378  11.570 0.0000000000
118651  47.222  43.735  10.682 0.0000000000
118652  46.391  43.416  10.920 0.0000000000
118653  45.325  43.217  10.967 0.0000000000
118654  44.658  43.124  10.950 0.0000000000
118661  47.999  43.002  9.437 0.0000000000
118662  47.716  43.286  9.628 0.0000000000
118663  47.486  43.581  9.301 0.0000000000
118674  48.042  42.946  9.225 0.0000000000
118675  47.952  43.090  8.945 0.0000000000
119168  46.847  44.344  19.130 0.0000000000
119169  46.427  44.348  19.108 0.0000000000
119170  45.596  44.339  19.023 0.0000000000
119171  34.929  44.201  19.917 0.0000000000
119172  34.890  44.470  19.333 0.0000000000
119179  47.781  44.751  18.438 0.0000000000
119180  47.148  44.663  18.903 0.0000000000
119181  46.077  44.883  18.817 0.0000000000
119182  44.990  44.743  18.683 0.0000000000
119183  44.210  44.495  18.410 0.0000000000
119184  43.462  44.287  18.209 0.0000000000
119185  35.532  44.137  18.086 0.0000000000
119186  35.139  44.444  18.447 0.0000000000
119197  48.071  44.703  17.807 0.0000000000
119198  47.712  44.594  17.247 0.0000000000
119199  44.626  44.983  18.115 0.0000000000
119200  43.943  44.785  17.794 0.0000000000
119201  42.852  44.462  17.593 0.0000000000
119202  41.925  44.284  17.340 0.0000000000
119203  40.982  44.151  17.240 0.0000000000
119204  39.934  43.890  17.045 0.0000000000
119205  38.808  43.962  16.975 0.0000000000
119206  37.702  44.026  16.908 0.0000000000
119207  36.661  44.237  17.009 0.0000000000
119208  35.678  44.549  17.447 0.0000000000
119209  35.073  44.948  17.749 0.0000000000
119218  47.682  45.017  17.293 0.0000000000
119219  47.261  44.900  16.789 0.0000000000
119220  46.564  44.721  16.320 0.0000000000
119221  42.354  44.680  16.903 0.0000000000
119222  41.542  44.551  16.622 0.0000000000
119223  40.569  44.334  16.346 0.0000000000
119224  39.460  44.121  16.165 0.0000000000
119225  38.318  44.142  16.063 0.0000000000
119226  37.173  44.411  15.953 0.0000000000
119227  36.188  44.839  16.246 0.0000000000
119228  35.666  45.201  16.656 0.0000000000
119231  46.771  45.291  16.227 0.0000000000
119232  46.191  44.974  15.559 0.0000000000
119233  45.360  44.543  15.001 0.0000000000
119234  42.146  44.854  16.180 0.0000000000
119235  41.373  44.817  15.514 0.0000000000
119236  40.150  44.416  15.309 0.0000000000
119237  38.964  44.350  15.210 0.0000000000
119238  37.886  44.411  15.141 0.0000000000
119239  37.121  44.607  15.029 0.0000000000
119240  36.532  44.873  15.270 0.0000000000
119242  46.580  45.365  13.673 0.0000000000
119243  46.039  45.046  14.377 0.0000000000
119244  45.160  44.506  14.359 0.0000000000
119245  41.415  45.089  14.804 0.0000000000
119246  40.788  44.999  14.451 0.0000000000
119247  39.576  44.685  14.321 0.0000000000
119248  38.405  44.606  14.263 0.0000000000
119249  37.420  44.621  14.324 0.0000000000
119250  36.682  44.843  14.452 0.0000000000
119252  46.895  45.124  12.988 0.0000000000
119253  46.263  44.904  13.330 0.0000000000
119254  45.468  44.527  13.598 0.0000000000
119255  40.768  45.275  13.843 0.0000000000
119256  40.198  45.100  13.628 0.0000000000
119257  38.915  45.020  13.168 0.0000000000
119258  37.698  44.716  13.420 0.0000000000
119259  36.815  44.814  13.651 0.0000000000
119261  47.413  44.797  11.809 0.0000000000
119262  47.170  44.746  12.197 0.0000000000
119263  46.591  44.651  12.618 0.0000000000
119264  45.911  44.468  12.892 0.0000000000
119265  38.544  44.917  12.045 0.0000000000
119266  37.777  44.782  12.433 0.0000000000
119267  36.880  44.831  12.731 0.0000000000
119275  47.332  44.567  11.313 0.0000000000
119276  47.308  44.487  11.650 0.0000000000
119277  38.942  44.720  10.828 0.0000000000
119278  38.464  44.716  11.164 0.0000000000
119279  37.705  44.717  11.489 0.0000000000
119289  47.214  44.377  10.482 0.0000000000
119290  46.607  44.911  10.313 0.0000000000
119291  45.575  45.023  10.215 0.0000000000
119292  44.289  44.889  10.118 0.0000000000
119293  42.948  44.772  10.049 0.0000000000
119294  41.729  44.733  10.058 0.0000000000
119295  40.718  44.683  10.057 0.0000000000
119296  39.899  44.633  10.069 0.0000000000
119297  39.181  44.664  10.265 0.0000000000
119309  47.439  43.872  9.771 0.0000000000
119310  47.089  44.195  9.765 0.0000000000
119311  46.295  44.426  9.637 0.0000000000
119778  34.782  45.301  19.036 0.0000000000
119783  47.527  45.300  18.174 0.0000000000
119784  46.617  45.423  18.300 0.0000000000
119785  45.617  45.347  18.228 0.0000000000
119786  45.012  45.231  18.165 0.0000000000
119787  34.858  45.244  18.170 0.0000000000
119795  47.498  45.350  17.475 0.0000000000
119796  46.939  45.895  17.495 0.0000000000
119797  46.100  45.864  17.635 0.0000000000
119798  44.841  45.679  17.334 0.0000000000
119799  43.517  45.061  17.096 0.0000000000
119800  42.887  44.807  17.035 0.0000000000
119801  35.304  45.525  17.267 0.0000000000
119802  35.052  45.342  17.758 0.0000000000
119813  47.421  45.282  17.120 0.0000000000
119814  47.074  45.725  16.708 0.0000000000
119815  44.622  46.274  15.969 0.0000000000
119816  43.733  45.581  16.216 0.0000000000
119817  42.866  45.042  16.476 0.0000000000
119818  35.840  45.431  16.043 0.0000000000
119819  35.609  45.823  16.356 0.0000000000
119827  46.759  45.810  15.519 0.0000000000
119828  46.534  45.487  15.399 0.0000000000
119829  44.562  46.552  15.345 0.0000000000
119830  43.856  46.277  15.107 0.0000000000
119831  42.565  45.398  15.363 0.0000000000
119832  41.785  45.137  14.976 0.0000000000
119833  36.043  45.398  15.400 0.0000000000
119834  35.699  45.923  15.538 0.0000000000
119837  46.734  45.809  14.366 0.0000000000
119838  46.477  45.496  15.064 0.0000000000
119839  43.714  46.443  14.396 0.0000000000
119840  43.025  46.167  14.164 0.0000000000
119841  41.739  45.458  14.290 0.0000000000
119842  41.073  45.343  13.974 0.0000000000
119843  36.169  45.359  14.568 0.0000000000
119844  35.706  45.867  14.707 0.0000000000
119846  46.884  45.683  13.432 0.0000000000
119847  43.045  46.294  13.323 0.0000000000
119848  42.260  46.023  13.366 0.0000000000
119849  41.049  45.593  13.334 0.0000000000
119850  40.026  45.271  12.765 0.0000000000
119851  39.297  45.132  12.318 0.0000000000
119852  36.279  45.198  13.895 0.0000000000
119853  35.540  45.678  13.716 0.0000000000
119863  47.402  45.056  12.101 0.0000000000
119864  47.118  45.561  12.586 0.0000000000
119865  43.774  46.403  12.380 0.0000000000
119866  43.107  46.214  12.612 0.0000000000
119867  41.865  45.882  12.469 0.0000000000
119868  40.786  45.571  12.243 0.0000000000
119869  39.891  45.240  11.919 0.0000000000
119870  39.152  44.937  11.654 0.0000000000
119871  36.133  45.172  13.119 0.0000000000
119883  47.404  45.157  11.825 0.0000000000
119884  47.067  45.839  11.871 0.0000000000
119885  46.330  46.080  11.623 0.0000000000
119886  45.287  46.117  11.642 0.0000000000
119887  43.960  46.212  11.773 0.0000000000
119888  42.690  45.746  11.716 0.0000000000
119889  41.534  45.494  11.594 0.0000000000
119890  40.541  45.219  11.405 0.0000000000
119891  39.614  44.855  11.104 0.0000000000
119892  39.050  44.794  11.207 0.0000000000
119901  47.267  45.082  11.311 0.0000000000
119902  46.837  45.368  11.055 0.0000000000
119903  45.983  45.591  10.925 0.0000000000
119904  44.784  45.564  10.933 0.0000000000
119905  43.480  45.441  10.897 0.0000000000
119906  42.256  45.176  10.888 0.0000000000
119907  41.174  45.022  10.811 0.0000000000
119908  40.291  44.839  10.698 0.0000000000
119909  39.754  44.704  10.563 0.0000000000
120390  34.959  45.878  18.383 0.0000000000
120395  46.755  46.138  17.200 0.0000000000
120396  46.491  46.195  17.146 0.0000000000
120397  45.882  46.246  17.044 0.0000000000
120398  35.258  46.351  17.706 0.0000000000
120399  35.011  45.678  17.838 0.0000000000
120407  46.713  46.206  16.869 0.0000000000
120408  46.276  46.517  16.539 0.0000000000
120409  45.520  46.485  16.352 0.0000000000
120410  35.555  46.412  16.785 0.0000000000
120419  46.691  46.510  15.905 0.0000000000
120420  46.065  46.973  15.749 0.0000000000
120421  45.189  46.870  15.364 0.0000000000
120422  44.575  46.717  14.959 0.0000000000
120423  35.756  46.555  15.879 0.0000000000
120426  46.826  46.546  14.784 0.0000000000
120427  44.913  47.125  14.682 0.0000000000
120428  44.290  46.733  14.373 0.0000000000
120429  43.752  46.556  13.990 0.0000000000
120430  35.541  46.625  14.907 0.0000000000
120441  46.893  46.375  13.652 0.0000000000
120442  44.872  47.291  13.997 0.0000000000
120443  44.251  46.867  13.613 0.0000000000
120444  43.557  46.513  13.479 0.0000000000
120445  35.277  46.267  14.197 0.0000000000
120457  46.780  46.490  12.782 0.0000000000
120458  46.208  46.856  12.758 0.0000000000
120459  45.245  47.064  13.113 0.0000000000
120460  43.985  46.652  12.832 0.0000000000
120461  43.402  46.444  13.046 0.0000000000
120468  46.512  46.450  12.232 0.0000000000
120469  45.759  46.577  12.264 0.0000000000
120470  44.721  46.526  12.328 0.0000000000
120471  44.097  46.471  12.322 0.0000000000
120934  46.485  47.111  15.029 0.0000000000
120935  45.786  47.236  14.988 0.0000000000
120936  45.323  47.211  14.876 0.0000000000
120948  46.712  47.126  14.179 0.0000000000
120949  46.068  47.342  14.381 0.0000000000
120950  45.422  47.342  14.465 0.0000000000
120963  46.629  46.995  13.424 0.0000000000
120964  46.195  47.320  13.746 0.0000000000
120965  45.593  47.375  13.853 0.0000000000
120970  46.483  46.929  13.042 0.0000000000
120971  46.130  47.149  13.241 0.0000000000
120972  45.796  47.270  13.483 0.0000000000
