#!ascii label  , from subject FREESURFER vox2ras=TkReg 
891
94048  31.572  6.872  20.184 0.0000000000
94049  30.493  6.795  20.491 0.0000000000
94061  32.381  7.153  19.712 0.0000000000
94062  31.867  7.378  19.671 0.0000000000
94875  30.889  7.421  20.068 0.0000000000
94876  30.148  7.770  20.236 0.0000000000
94885  33.537  7.292  18.974 0.0000000000
94886  32.796  7.476  19.109 0.0000000000
94887  32.107  7.643  19.263 0.0000000000
94888  31.440  7.856  19.551 0.0000000000
94889  30.843  7.877  19.938 0.0000000000
94895  34.685  7.404  17.987 0.0000000000
94896  33.975  7.410  18.305 0.0000000000
94897  33.106  7.685  18.427 0.0000000000
94898  32.361  8.059  18.595 0.0000000000
94899  31.879  8.002  19.031 0.0000000000
94904  35.689  7.534  16.994 0.0000000000
94905  35.044  7.588  17.361 0.0000000000
94906  34.175  7.754  17.519 0.0000000000
94907  33.334  8.069  17.685 0.0000000000
94908  32.815  8.069  18.115 0.0000000000
94914  36.053  7.653  16.381 0.0000000000
94915  35.230  7.908  16.579 0.0000000000
94916  34.373  8.201  16.791 0.0000000000
94917  33.838  8.147  17.234 0.0000000000
94925  36.235  7.849  15.641 0.0000000000
94926  35.420  8.217  15.761 0.0000000000
94927  34.872  8.261  16.270 0.0000000000
95733  30.250  8.745  20.187 0.0000000000
95734  29.419  8.569  20.382 0.0000000000
95741  31.397  8.685  19.407 0.0000000000
95742  30.899  8.480  19.862 0.0000000000
95747  32.189  8.755  18.403 0.0000000000
95748  31.811  8.561  18.936 0.0000000000
95753  33.040  8.722  17.432 0.0000000000
95754  32.638  8.586  17.947 0.0000000000
95759  33.928  8.721  16.517 0.0000000000
95760  33.587  8.595  17.053 0.0000000000
95765  35.040  8.723  15.346 0.0000000000
95766  34.535  8.631  16.012 0.0000000000
96553  45.573  9.796  25.560 0.0000000000
96558  45.836  9.897  25.227 0.0000000000
96589  31.496  9.709  19.742 0.0000000000
96590  30.978  9.442  20.025 0.0000000000
96591  29.879  9.461  20.507 0.0000000000
96599  32.262  9.750  18.864 0.0000000000
96600  31.780  9.491  19.242 0.0000000000
96601  31.245  9.031  19.625 0.0000000000
96606  33.038  9.570  17.836 0.0000000000
96607  32.562  9.443  18.280 0.0000000000
96608  31.989  9.093  18.638 0.0000000000
96612  33.773  9.444  16.879 0.0000000000
96613  33.334  9.330  17.286 0.0000000000
96614  32.753  9.056  17.622 0.0000000000
96618  33.959  9.241  16.378 0.0000000000
96619  33.571  8.972  16.700 0.0000000000
96625  34.711  9.188  15.532 0.0000000000
97302  45.595  10.768  27.802 0.0000000000
97303  44.710  10.739  28.330 0.0000000000
97312  47.627  10.902  26.311 0.0000000000
97313  47.133  10.687  26.645 0.0000000000
97314  46.160  10.499  27.114 0.0000000000
97315  44.873  10.254  27.357 0.0000000000
97318  47.694  10.899  26.045 0.0000000000
97319  47.348  10.726  26.028 0.0000000000
97320  46.267  10.259  25.934 0.0000000000
97321  45.393  10.026  26.614 0.0000000000
97323  47.578  10.913  25.826 0.0000000000
97324  47.212  10.703  25.373 0.0000000000
97325  46.462  10.223  24.929 0.0000000000
97327  47.042  10.702  24.424 0.0000000000
97344  30.023  10.888  21.149 0.0000000000
97345  29.606  10.829  21.178 0.0000000000
97346  28.772  10.776  21.135 0.0000000000
97356  32.247  10.504  19.739 0.0000000000
97357  31.704  10.220  19.906 0.0000000000
97358  30.411  10.501  20.800 0.0000000000
97359  29.323  10.170  20.866 0.0000000000
97367  35.406  11.191  19.021 0.0000000000
97368  34.900  11.005  18.971 0.0000000000
97369  33.805  10.657  18.910 0.0000000000
97370  32.555  10.246  19.161 0.0000000000
97371  31.983  10.008  19.406 0.0000000000
97376  36.078  11.089  18.242 0.0000000000
97377  35.612  11.003  18.504 0.0000000000
97378  34.495  10.455  18.139 0.0000000000
97379  33.334  9.901  18.039 0.0000000000
97380  32.789  9.874  18.470 0.0000000000
97385  36.086  10.928  17.759 0.0000000000
97386  35.255  10.486  17.385 0.0000000000
97387  34.116  9.843  17.028 0.0000000000
97388  33.572  9.680  17.435 0.0000000000
97393  36.103  10.631  16.709 0.0000000000
97394  35.246  10.077  16.272 0.0000000000
97395  34.685  9.554  15.958 0.0000000000
97402  34.911  9.440  15.544 0.0000000000
98004  45.040  12.045  30.475 0.0000000000
98005  44.014  11.823  30.816 0.0000000000
98016  47.364  11.820  28.636 0.0000000000
98017  46.581  11.677  28.861 0.0000000000
98018  45.681  11.749  29.507 0.0000000000
98019  44.382  11.431  29.879 0.0000000000
98030  47.433  11.585  27.761 0.0000000000
98031  46.862  11.333  28.172 0.0000000000
98032  45.833  11.266  28.474 0.0000000000
98033  44.955  11.250  29.060 0.0000000000
98043  47.663  11.219  26.885 0.0000000000
98044  47.117  10.879  27.478 0.0000000000
98045  46.366  10.949  27.802 0.0000000000
98049  47.626  11.262  25.959 0.0000000000
98050  47.300  11.647  25.491 0.0000000000
98052  47.544  11.032  25.545 0.0000000000
98053  47.317  11.321  24.962 0.0000000000
98055  47.192  11.280  23.790 0.0000000000
98063  32.974  11.912  20.998 0.0000000000
98064  31.973  11.869  21.222 0.0000000000
98065  30.948  11.752  21.471 0.0000000000
98066  30.037  11.341  21.425 0.0000000000
98067  29.059  11.374  21.503 0.0000000000
98068  28.222  11.369  21.352 0.0000000000
98078  35.154  12.093  20.264 0.0000000000
98079  34.725  11.777  20.124 0.0000000000
98080  33.796  11.729  20.407 0.0000000000
98081  32.512  11.037  20.162 0.0000000000
98082  31.374  11.091  20.786 0.0000000000
98083  30.701  11.160  21.140 0.0000000000
98093  37.285  12.281  18.973 0.0000000000
98094  36.872  12.115  19.152 0.0000000000
98095  35.674  11.686  19.530 0.0000000000
98096  34.369  11.280  19.612 0.0000000000
98097  33.294  10.946  19.649 0.0000000000
98098  32.781  10.734  19.659 0.0000000000
98107  37.364  12.102  18.656 0.0000000000
98108  36.521  11.410  18.449 0.0000000000
98109  35.954  11.316  18.851 0.0000000000
98115  38.140  12.279  17.580 0.0000000000
98116  37.738  11.996  17.765 0.0000000000
98117  36.865  11.255  17.223 0.0000000000
98122  38.145  12.176  17.249 0.0000000000
98123  37.701  11.777  16.586 0.0000000000
98124  36.880  11.127  16.042 0.0000000000
98752  46.059  13.060  31.425 0.0000000000
98753  45.125  12.847  31.847 0.0000000000
98754  44.118  12.881  31.904 0.0000000000
98771  47.476  12.790  30.029 0.0000000000
98772  46.522  12.686  30.526 0.0000000000
98773  45.570  12.541  31.002 0.0000000000
98774  44.568  12.400  31.298 0.0000000000
98784  47.804  12.466  29.080 0.0000000000
98785  46.840  12.192  29.555 0.0000000000
98786  45.960  12.266  30.217 0.0000000000
98796  47.689  12.299  28.168 0.0000000000
98807  47.414  12.172  27.231 0.0000000000
98808  46.263  12.749  26.888 0.0000000000
98809  45.577  13.091  26.692 0.0000000000
98813  47.547  11.642  26.536 0.0000000000
98814  46.881  12.053  26.065 0.0000000000
98815  45.395  12.797  26.169 0.0000000000
98816  44.606  13.065  25.835 0.0000000000
98818  46.916  12.002  24.966 0.0000000000
98819  45.881  12.464  25.168 0.0000000000
98820  44.784  12.753  25.319 0.0000000000
98822  47.136  11.960  24.003 0.0000000000
98823  46.199  12.281  24.138 0.0000000000
98824  44.803  12.595  24.272 0.0000000000
98825  44.100  12.937  23.761 0.0000000000
98836  30.766  13.405  22.497 0.0000000000
98837  30.242  13.134  22.457 0.0000000000
98838  29.353  12.821  22.408 0.0000000000
98839  28.529  12.582  22.163 0.0000000000
98840  28.083  12.408  21.887 0.0000000000
98846  35.104  13.115  20.935 0.0000000000
98847  34.727  12.955  21.015 0.0000000000
98848  33.811  12.581  21.154 0.0000000000
98849  32.624  12.724  21.628 0.0000000000
98850  31.321  12.888  22.057 0.0000000000
98851  30.209  12.296  22.010 0.0000000000
98852  29.275  12.041  21.927 0.0000000000
98853  28.466  11.973  21.760 0.0000000000
98854  27.703  12.118  21.520 0.0000000000
98860  36.156  13.021  20.415 0.0000000000
98861  35.565  12.817  20.569 0.0000000000
98862  34.563  12.274  20.644 0.0000000000
98863  34.062  12.187  20.741 0.0000000000
98867  37.938  12.981  18.865 0.0000000000
98868  37.583  12.684  19.066 0.0000000000
98869  36.560  12.816  19.984 0.0000000000
98870  35.956  12.408  20.064 0.0000000000
98877  38.162  12.940  18.574 0.0000000000
98878  37.944  12.426  18.313 0.0000000000
98886  38.932  13.099  17.460 0.0000000000
98887  38.507  12.716  17.721 0.0000000000
98888  38.077  12.360  17.941 0.0000000000
98896  39.112  13.003  17.031 0.0000000000
98897  38.479  12.334  16.563 0.0000000000
98898  38.032  12.010  15.891 0.0000000000
98904  39.248  12.820  16.028 0.0000000000
99512  46.085  13.907  32.788 0.0000000000
99513  45.177  13.867  32.980 0.0000000000
99514  44.431  13.975  32.747 0.0000000000
99515  44.118  14.090  32.542 0.0000000000
99524  46.451  13.633  31.822 0.0000000000
99525  45.604  13.429  32.275 0.0000000000
99526  44.686  13.409  32.412 0.0000000000
99527  43.749  13.656  32.207 0.0000000000
99543  48.162  13.985  29.690 0.0000000000
99544  47.764  13.540  30.311 0.0000000000
99545  46.940  13.272  30.877 0.0000000000
99555  48.168  13.917  28.993 0.0000000000
99556  48.108  13.225  29.442 0.0000000000
99564  47.919  14.012  28.625 0.0000000000
99565  47.816  13.343  28.418 0.0000000000
99566  47.382  13.689  28.075 0.0000000000
99578  47.570  12.729  27.880 0.0000000000
99579  46.898  13.302  27.688 0.0000000000
99580  45.496  13.562  27.067 0.0000000000
99581  44.827  14.048  26.933 0.0000000000
99586  45.185  13.265  26.590 0.0000000000
99587  44.402  13.718  26.280 0.0000000000
99588  43.582  14.303  25.895 0.0000000000
99590  44.130  13.299  25.318 0.0000000000
99591  43.165  14.013  25.247 0.0000000000
99592  42.422  14.281  24.817 0.0000000000
99594  44.301  12.980  24.829 0.0000000000
99595  43.588  13.267  24.309 0.0000000000
99596  42.263  13.947  24.281 0.0000000000
99597  41.591  14.316  23.816 0.0000000000
99599  43.618  13.106  23.206 0.0000000000
99600  42.662  13.505  23.315 0.0000000000
99601  41.723  14.004  23.271 0.0000000000
99605  42.040  13.707  22.350 0.0000000000
99606  32.522  14.227  22.269 0.0000000000
99607  31.867  14.102  22.488 0.0000000000
99608  31.148  13.827  22.638 0.0000000000
99609  30.328  13.796  22.853 0.0000000000
99610  29.428  13.666  22.867 0.0000000000
99611  28.424  13.451  22.581 0.0000000000
99612  27.697  12.979  21.996 0.0000000000
99618  34.973  13.624  21.149 0.0000000000
99619  34.239  13.456  21.433 0.0000000000
99620  33.309  13.787  21.890 0.0000000000
99621  32.235  13.525  22.154 0.0000000000
99622  31.654  13.572  22.345 0.0000000000
99623  27.205  12.726  21.458 0.0000000000
99630  36.180  13.551  20.447 0.0000000000
99631  35.630  14.023  20.836 0.0000000000
99638  38.026  13.348  18.929 0.0000000000
99639  37.445  13.658  19.497 0.0000000000
99640  36.751  14.090  20.031 0.0000000000
99646  38.986  13.868  17.975 0.0000000000
99647  38.678  13.670  18.302 0.0000000000
99651  39.137  13.608  17.615 0.0000000000
99652  38.805  13.317  17.901 0.0000000000
99658  40.084  14.268  16.374 0.0000000000
99659  39.822  13.879  16.609 0.0000000000
99666  40.177  14.172  15.971 0.0000000000
100251  46.080  15.115  33.536 0.0000000000
100252  45.403  15.069  33.531 0.0000000000
100253  45.120  15.186  33.417 0.0000000000
100260  46.406  14.611  33.046 0.0000000000
100261  45.646  14.473  33.332 0.0000000000
100262  44.739  14.722  33.078 0.0000000000
100263  44.309  14.303  32.725 0.0000000000
100271  47.282  14.799  31.463 0.0000000000
100272  46.717  14.304  32.164 0.0000000000
100273  44.289  15.003  32.510 0.0000000000
100274  43.988  14.503  32.342 0.0000000000
100275  43.173  14.344  31.786 0.0000000000
100290  48.215  14.393  29.776 0.0000000000
100291  47.904  14.455  30.363 0.0000000000
100292  47.175  13.978  31.157 0.0000000000
100304  48.222  14.709  29.272 0.0000000000
100305  48.208  14.645  29.813 0.0000000000
100315  47.980  14.558  28.680 0.0000000000
100316  47.657  14.406  28.329 0.0000000000
100317  47.524  13.912  28.218 0.0000000000
100329  47.375  14.865  28.039 0.0000000000
100330  47.033  14.350  27.947 0.0000000000
100331  46.038  14.271  27.558 0.0000000000
100332  45.205  14.449  27.220 0.0000000000
100337  44.516  14.629  26.794 0.0000000000
100338  43.798  14.733  26.266 0.0000000000
100341  43.089  14.820  25.688 0.0000000000
100342  42.234  14.796  25.040 0.0000000000
100343  41.622  15.178  24.674 0.0000000000
100345  42.088  14.412  24.635 0.0000000000
100346  41.530  14.715  24.294 0.0000000000
100348  40.890  14.649  23.348 0.0000000000
100349  40.286  15.054  22.953 0.0000000000
100350  30.016  15.170  23.309 0.0000000000
100351  29.257  15.144  23.375 0.0000000000
100352  28.783  15.298  23.320 0.0000000000
100354  41.157  14.265  22.337 0.0000000000
100355  40.417  14.873  22.345 0.0000000000
100356  32.980  14.911  22.205 0.0000000000
100357  32.142  14.889  22.446 0.0000000000
100358  31.378  14.715  22.797 0.0000000000
100359  30.582  14.531  23.063 0.0000000000
100360  29.694  14.451  23.208 0.0000000000
100361  28.539  14.645  23.110 0.0000000000
100362  27.236  14.286  22.307 0.0000000000
100367  40.766  14.855  21.412 0.0000000000
100368  35.079  14.674  21.184 0.0000000000
100369  34.235  14.473  21.643 0.0000000000
100370  33.541  14.662  21.945 0.0000000000
100371  26.993  13.428  21.637 0.0000000000
100377  41.149  14.936  20.647 0.0000000000
100378  36.072  14.664  20.359 0.0000000000
100379  35.527  14.882  20.751 0.0000000000
100387  38.058  14.284  19.013 0.0000000000
100388  37.210  14.842  19.441 0.0000000000
100389  36.547  14.986  19.879 0.0000000000
100397  39.092  14.352  17.964 0.0000000000
100398  38.542  14.840  18.419 0.0000000000
100399  37.730  15.279  18.771 0.0000000000
100405  40.074  15.148  16.921 0.0000000000
100406  39.741  14.816  17.256 0.0000000000
100411  40.228  14.746  16.550 0.0000000000
100412  39.950  14.479  16.813 0.0000000000
100974  47.145  16.292  33.515 0.0000000000
100975  46.564  15.866  33.572 0.0000000000
100976  45.713  15.761  33.499 0.0000000000
100977  45.328  15.382  33.463 0.0000000000
100980  47.223  15.847  32.963 0.0000000000
100981  46.676  15.251  33.217 0.0000000000
100982  45.481  16.097  33.289 0.0000000000
100983  45.144  15.659  33.157 0.0000000000
100987  47.371  15.696  31.862 0.0000000000
100988  46.931  15.060  32.490 0.0000000000
100989  44.570  15.526  32.545 0.0000000000
100990  43.953  15.383  31.843 0.0000000000
100991  43.538  14.843  31.809 0.0000000000
101001  47.692  15.473  30.751 0.0000000000
101002  43.572  15.827  31.220 0.0000000000
101003  43.068  15.287  31.179 0.0000000000
101015  48.211  15.783  29.117 0.0000000000
101016  48.138  15.201  29.873 0.0000000000
101027  48.010  15.534  28.434 0.0000000000
101028  47.811  14.974  28.388 0.0000000000
101044  47.901  15.997  27.873 0.0000000000
101045  47.631  15.447  27.955 0.0000000000
101046  47.069  15.268  27.716 0.0000000000
101047  46.213  15.266  27.464 0.0000000000
101048  45.605  14.848  27.381 0.0000000000
101058  45.738  15.874  27.065 0.0000000000
101059  45.077  15.421  27.114 0.0000000000
101060  44.207  15.474  26.520 0.0000000000
101064  43.409  15.582  26.011 0.0000000000
101065  42.604  15.598  25.448 0.0000000000
101066  41.811  15.660  24.938 0.0000000000
101068  40.952  15.593  24.367 0.0000000000
101069  40.319  15.878  24.105 0.0000000000
101071  40.838  15.087  23.920 0.0000000000
101072  40.133  15.548  23.515 0.0000000000
101073  39.548  16.026  23.193 0.0000000000
101074  30.153  15.881  23.253 0.0000000000
101075  29.555  15.692  23.376 0.0000000000
101076  29.017  15.735  23.366 0.0000000000
101078  39.922  15.371  22.520 0.0000000000
101079  39.584  15.856  22.651 0.0000000000
101080  32.984  15.502  22.018 0.0000000000
101081  32.471  15.791  22.153 0.0000000000
101082  31.571  15.643  22.634 0.0000000000
101083  30.778  15.399  23.092 0.0000000000
101084  28.411  15.711  23.201 0.0000000000
101085  27.563  15.536  22.771 0.0000000000
101088  40.005  15.623  21.532 0.0000000000
101089  39.670  15.743  22.102 0.0000000000
101090  35.158  15.338  20.870 0.0000000000
101091  34.527  15.632  21.207 0.0000000000
101092  33.512  15.491  21.777 0.0000000000
101093  32.961  15.823  21.899 0.0000000000
101097  40.706  15.672  20.559 0.0000000000
101098  36.052  15.363  19.898 0.0000000000
101099  35.435  15.625  20.237 0.0000000000
101100  34.983  15.754  20.721 0.0000000000
101107  41.041  15.873  19.917 0.0000000000
101108  37.077  15.616  19.039 0.0000000000
101109  36.321  15.718  19.300 0.0000000000
101110  35.785  15.709  19.673 0.0000000000
101118  39.073  15.362  17.934 0.0000000000
101119  38.263  16.054  18.259 0.0000000000
101120  37.235  16.068  18.668 0.0000000000
101121  36.727  15.983  18.890 0.0000000000
101127  40.229  15.808  17.013 0.0000000000
101128  39.459  15.960  17.545 0.0000000000
101129  38.943  16.038  17.864 0.0000000000
101717  47.218  16.719  33.525 0.0000000000
101718  46.791  16.712  33.698 0.0000000000
101719  46.191  16.392  33.646 0.0000000000
101723  47.442  16.673  33.138 0.0000000000
101724  46.286  17.008  33.696 0.0000000000
101725  45.744  16.721  33.384 0.0000000000
101726  45.355  16.354  33.053 0.0000000000
101730  47.490  16.618  32.277 0.0000000000
101731  45.439  16.926  32.868 0.0000000000
101732  44.965  16.496  32.442 0.0000000000
101733  44.430  16.066  31.948 0.0000000000
101738  47.574  16.518  31.144 0.0000000000
101739  44.540  16.713  31.691 0.0000000000
101740  43.997  16.404  31.260 0.0000000000
101741  43.276  16.361  30.618 0.0000000000
101752  48.215  16.677  28.979 0.0000000000
101753  47.895  16.338  29.899 0.0000000000
101762  48.218  16.442  28.380 0.0000000000
101775  48.086  16.446  27.789 0.0000000000
101776  47.788  16.496  27.294 0.0000000000
101777  47.240  15.958  27.327 0.0000000000
101778  46.779  15.685  27.359 0.0000000000
101790  47.821  16.840  26.683 0.0000000000
101791  47.410  16.605  26.763 0.0000000000
101792  46.496  16.262  26.924 0.0000000000
101793  45.270  16.479  26.578 0.0000000000
101794  44.615  15.977  26.622 0.0000000000
101799  44.776  16.991  26.058 0.0000000000
101800  44.081  16.468  26.133 0.0000000000
101801  43.041  16.367  25.626 0.0000000000
101802  42.216  16.401  25.206 0.0000000000
101804  41.353  16.456  24.759 0.0000000000
101805  40.369  16.493  24.286 0.0000000000
101806  39.839  16.930  24.138 0.0000000000
101808  40.014  16.038  24.004 0.0000000000
101809  39.639  16.479  23.675 0.0000000000
101810  30.097  16.337  23.172 0.0000000000
101811  29.635  16.213  23.288 0.0000000000
101812  29.275  16.040  23.348 0.0000000000
101814  39.334  16.489  22.763 0.0000000000
101815  32.340  16.394  21.932 0.0000000000
101816  31.801  16.600  22.176 0.0000000000
101817  30.732  16.448  22.844 0.0000000000
101818  29.825  16.774  23.065 0.0000000000
101819  28.936  16.520  23.193 0.0000000000
101820  27.869  16.562  22.954 0.0000000000
101821  26.924  16.545  22.559 0.0000000000
101823  39.822  16.255  21.284 0.0000000000
101824  39.542  16.348  21.796 0.0000000000
101825  34.214  16.273  20.876 0.0000000000
101826  33.741  16.263  21.204 0.0000000000
101827  32.831  16.482  21.534 0.0000000000
101828  32.242  16.689  21.794 0.0000000000
101832  40.094  16.506  20.709 0.0000000000
101833  39.787  16.596  21.185 0.0000000000
101834  35.029  16.224  19.914 0.0000000000
101835  34.631  16.257  20.407 0.0000000000
101836  33.786  16.693  20.495 0.0000000000
101837  33.351  16.702  20.991 0.0000000000
101842  40.800  16.505  19.709 0.0000000000
101843  35.852  16.300  19.074 0.0000000000
101844  35.420  16.227  19.468 0.0000000000
101845  34.584  16.698  19.600 0.0000000000
101846  34.195  16.714  20.028 0.0000000000
101852  41.000  16.801  19.046 0.0000000000
101853  38.228  17.148  18.261 0.0000000000
101854  37.301  16.850  18.515 0.0000000000
101855  36.332  16.565  18.805 0.0000000000
101856  35.408  16.741  18.991 0.0000000000
101857  34.960  16.727  19.215 0.0000000000
101863  40.554  16.849  17.410 0.0000000000
101864  39.718  16.803  17.531 0.0000000000
101865  38.947  16.627  17.841 0.0000000000
102400  47.266  17.273  33.420 0.0000000000
102401  46.758  17.606  33.671 0.0000000000
102404  47.581  17.519  32.724 0.0000000000
102405  46.113  17.665  33.558 0.0000000000
102406  45.662  17.636  33.069 0.0000000000
102410  47.647  17.557  31.687 0.0000000000
102411  45.315  17.537  32.393 0.0000000000
102412  44.872  17.377  31.727 0.0000000000
102417  47.744  17.484  30.484 0.0000000000
102418  44.424  17.328  31.094 0.0000000000
102419  43.778  17.329  30.486 0.0000000000
102420  43.156  17.173  30.135 0.0000000000
102429  48.226  17.065  28.876 0.0000000000
102430  48.072  17.418  29.234 0.0000000000
102431  43.354  17.748  30.000 0.0000000000
102439  48.305  17.159  28.488 0.0000000000
102440  48.231  17.791  28.503 0.0000000000
102451  48.370  17.170  27.654 0.0000000000
102452  48.213  16.948  27.180 0.0000000000
102464  48.420  17.516  26.810 0.0000000000
102465  48.113  17.140  26.556 0.0000000000
102466  47.719  17.068  26.237 0.0000000000
102467  47.031  17.003  26.252 0.0000000000
102468  46.195  16.981  26.279 0.0000000000
102474  48.332  17.694  26.166 0.0000000000
102475  48.004  17.561  25.829 0.0000000000
102476  47.418  17.506  25.667 0.0000000000
102477  46.618  17.505  25.662 0.0000000000
102478  45.517  17.424  25.795 0.0000000000
102479  44.385  17.479  25.603 0.0000000000
102480  43.435  17.139  25.521 0.0000000000
102481  42.689  16.992  25.316 0.0000000000
102483  43.704  17.762  25.191 0.0000000000
102484  42.957  17.652  25.071 0.0000000000
102485  41.986  17.326  24.935 0.0000000000
102486  40.961  17.313  24.574 0.0000000000
102487  40.144  17.393  24.317 0.0000000000
102489  39.540  17.455  23.845 0.0000000000
102490  39.176  17.870  23.346 0.0000000000
102492  39.160  17.209  23.118 0.0000000000
102493  38.896  17.916  22.746 0.0000000000
102494  31.695  17.096  22.012 0.0000000000
102495  31.218  17.355  22.225 0.0000000000
102496  30.230  17.495  22.650 0.0000000000
102497  29.287  17.557  22.873 0.0000000000
102498  28.311  17.534  22.883 0.0000000000
102499  27.375  17.542  22.653 0.0000000000
102501  39.117  17.283  22.111 0.0000000000
102502  38.774  18.085  22.065 0.0000000000
102503  32.616  17.022  21.250 0.0000000000
102504  32.038  17.310  21.548 0.0000000000
102505  31.261  18.083  21.770 0.0000000000
102509  39.949  16.972  20.549 0.0000000000
102510  39.577  17.206  20.904 0.0000000000
102511  33.505  17.032  20.253 0.0000000000
102512  32.986  17.263  20.640 0.0000000000
102513  32.213  18.045  20.798 0.0000000000
102516  40.125  17.115  20.075 0.0000000000
102517  39.514  17.760  19.744 0.0000000000
102518  38.945  18.116  19.332 0.0000000000
102519  34.264  17.031  19.374 0.0000000000
102520  33.796  17.182  19.696 0.0000000000
102521  33.151  17.835  19.751 0.0000000000
102524  40.983  17.116  18.303 0.0000000000
102525  40.517  17.294  18.861 0.0000000000
102526  39.473  17.794  18.717 0.0000000000
102527  38.470  17.852  18.843 0.0000000000
102528  37.430  17.676  18.890 0.0000000000
102529  36.453  17.482  18.826 0.0000000000
102530  35.502  17.418  18.823 0.0000000000
102531  34.516  17.305  19.053 0.0000000000
102532  33.839  17.631  19.082 0.0000000000
102537  40.826  17.253  17.975 0.0000000000
102538  40.061  17.484  17.940 0.0000000000
102539  39.139  17.406  18.065 0.0000000000
103069  47.413  18.512  33.294 0.0000000000
103070  46.582  18.498  33.556 0.0000000000
103074  47.912  18.604  32.303 0.0000000000
103075  45.948  18.488  33.304 0.0000000000
103076  45.585  18.449  32.627 0.0000000000
103081  47.818  18.590  31.129 0.0000000000
103082  45.154  18.422  31.605 0.0000000000
103083  44.726  17.885  31.204 0.0000000000
103088  47.799  18.493  29.926 0.0000000000
103089  44.958  18.988  31.008 0.0000000000
103090  44.366  18.477  30.497 0.0000000000
103091  43.715  18.020  30.134 0.0000000000
103100  48.020  18.437  28.873 0.0000000000
103101  43.923  19.147  29.771 0.0000000000
103102  43.380  18.559  29.628 0.0000000000
103109  48.369  17.698  27.962 0.0000000000
103110  48.195  18.308  28.048 0.0000000000
103121  48.477  18.173  27.256 0.0000000000
103122  48.174  18.687  27.639 0.0000000000
103134  48.507  18.221  26.329 0.0000000000
103140  48.219  18.315  25.529 0.0000000000
103141  47.672  18.115  25.213 0.0000000000
103142  47.062  18.069  25.055 0.0000000000
103143  46.229  18.119  25.060 0.0000000000
103144  45.179  18.151  25.122 0.0000000000
103145  44.298  18.106  25.053 0.0000000000
103152  44.741  18.689  24.631 0.0000000000
103153  43.607  18.387  24.739 0.0000000000
103154  42.487  18.251  24.670 0.0000000000
103155  41.470  18.141  24.578 0.0000000000
103156  40.562  18.095  24.412 0.0000000000
103157  39.846  18.095  24.196 0.0000000000
103163  39.409  18.278  23.761 0.0000000000
103164  38.908  18.506  23.270 0.0000000000
103168  38.522  18.645  22.512 0.0000000000
103169  30.594  18.327  22.173 0.0000000000
103170  29.714  18.500  22.539 0.0000000000
103171  28.752  18.523  22.714 0.0000000000
103172  27.811  18.523  22.648 0.0000000000
103173  26.962  18.544  22.467 0.0000000000
103175  38.980  17.898  21.440 0.0000000000
103176  38.359  18.634  21.498 0.0000000000
103177  37.922  19.104  21.032 0.0000000000
103178  31.592  18.493  21.228 0.0000000000
103179  30.989  18.992  21.725 0.0000000000
103183  38.996  18.144  20.657 0.0000000000
103184  38.363  18.633  20.518 0.0000000000
103185  37.658  18.950  20.430 0.0000000000
103186  32.607  18.306  20.113 0.0000000000
103187  31.935  18.898  20.499 0.0000000000
103190  38.865  18.310  19.949 0.0000000000
103191  38.222  18.416  19.694 0.0000000000
103192  37.336  18.659  19.749 0.0000000000
103193  36.714  18.605  19.568 0.0000000000
103194  36.067  18.643  19.490 0.0000000000
103195  33.449  17.871  19.217 0.0000000000
103196  32.921  18.541  19.204 0.0000000000
103200  37.738  18.155  19.285 0.0000000000
103201  37.165  18.237  19.312 0.0000000000
103202  36.571  18.147  19.148 0.0000000000
103203  35.648  18.280  19.040 0.0000000000
103204  34.777  18.197  18.791 0.0000000000
103205  33.762  18.346  18.739 0.0000000000
103206  33.016  18.965  18.521 0.0000000000
103691  47.531  19.513  33.382 0.0000000000
103692  47.020  19.385  33.598 0.0000000000
103698  48.335  20.423  32.704 0.0000000000
103699  48.084  19.851  32.909 0.0000000000
103700  46.336  19.311  33.386 0.0000000000
103701  45.834  19.256  32.954 0.0000000000
103707  48.310  20.334  32.400 0.0000000000
103708  48.166  19.750  31.769 0.0000000000
103709  45.532  19.307  32.251 0.0000000000
103714  47.888  19.578  30.540 0.0000000000
103715  45.260  19.502  31.431 0.0000000000
103716  44.876  19.599  30.665 0.0000000000
103725  47.825  19.437  29.378 0.0000000000
103726  44.356  19.711  29.926 0.0000000000
103727  43.479  19.905  29.236 0.0000000000
103734  47.915  19.218  28.201 0.0000000000
103747  48.439  18.774  26.594 0.0000000000
103748  48.162  19.188  27.155 0.0000000000
103762  48.504  19.182  25.863 0.0000000000
103763  48.332  19.292  26.492 0.0000000000
103775  44.163  19.188  24.243 0.0000000000
103776  43.034  19.063  24.354 0.0000000000
103777  41.958  18.958  24.365 0.0000000000
103778  40.964  18.865  24.348 0.0000000000
103779  40.095  18.740  24.258 0.0000000000
103780  39.664  18.575  24.041 0.0000000000
103787  43.593  19.844  23.928 0.0000000000
103788  42.459  19.786  24.109 0.0000000000
103789  41.389  19.683  24.158 0.0000000000
103790  40.372  19.536  24.153 0.0000000000
103791  39.402  19.154  23.816 0.0000000000
103792  38.560  19.309  23.133 0.0000000000
103798  37.925  19.505  22.243 0.0000000000
103799  37.413  20.034  22.088 0.0000000000
103800  30.233  19.578  22.129 0.0000000000
103801  29.216  19.522  22.521 0.0000000000
103802  28.264  19.516  22.621 0.0000000000
103803  27.382  19.518  22.526 0.0000000000
103810  37.851  19.266  21.522 0.0000000000
103811  37.200  19.753  21.278 0.0000000000
103812  36.531  20.267  21.047 0.0000000000
103813  31.296  19.699  21.081 0.0000000000
103814  30.806  19.706  21.671 0.0000000000
103821  36.916  19.218  20.278 0.0000000000
103822  36.170  19.894  20.459 0.0000000000
103823  35.536  20.101  20.083 0.0000000000
103824  32.297  19.144  19.716 0.0000000000
103825  31.794  19.768  20.124 0.0000000000
103828  36.825  18.900  19.860 0.0000000000
103829  36.310  19.090  19.892 0.0000000000
103830  35.313  19.423  19.477 0.0000000000
103831  34.604  19.753  18.944 0.0000000000
103832  32.531  19.623  18.888 0.0000000000
103833  32.090  19.757  19.522 0.0000000000
103837  35.005  18.762  18.933 0.0000000000
103838  34.361  19.216  18.598 0.0000000000
103839  33.410  19.312  18.219 0.0000000000
103840  32.874  19.468  18.268 0.0000000000
104326  47.468  20.326  33.467 0.0000000000
104327  46.674  20.180  33.443 0.0000000000
104337  48.326  20.647  32.871 0.0000000000
104338  48.073  20.833  33.194 0.0000000000
104339  46.077  20.007  33.123 0.0000000000
104340  45.757  19.870  32.663 0.0000000000
104347  48.429  20.809  32.541 0.0000000000
104348  48.338  20.745  31.928 0.0000000000
104349  45.865  20.436  32.727 0.0000000000
104350  45.589  20.265  32.051 0.0000000000
104357  48.090  20.621  31.022 0.0000000000
104358  45.311  20.405  31.088 0.0000000000
104359  44.806  20.546  30.316 0.0000000000
104369  47.793  20.518  29.936 0.0000000000
104370  44.242  20.706  29.630 0.0000000000
104371  43.699  20.968  29.235 0.0000000000
104381  47.735  20.388  28.789 0.0000000000
104382  43.154  20.908  28.916 0.0000000000
104393  47.827  20.265  27.641 0.0000000000
104404  48.346  19.933  25.722 0.0000000000
104405  48.141  20.136  26.437 0.0000000000
104422  42.954  20.521  23.586 0.0000000000
104423  41.844  20.463  23.761 0.0000000000
104424  40.789  20.369  23.856 0.0000000000
104425  39.780  20.188  23.798 0.0000000000
104426  38.947  20.029  23.454 0.0000000000
104432  38.288  20.158  23.018 0.0000000000
104433  37.712  20.452  22.536 0.0000000000
104434  30.192  20.510  22.108 0.0000000000
104435  29.639  20.501  22.368 0.0000000000
104436  28.740  20.503  22.567 0.0000000000
104437  27.819  20.505  22.568 0.0000000000
104438  26.982  20.502  22.443 0.0000000000
104444  37.112  20.587  22.036 0.0000000000
104445  36.609  20.678  21.473 0.0000000000
104446  31.139  20.573  21.117 0.0000000000
104447  30.682  20.542  21.635 0.0000000000
104455  36.130  20.720  20.926 0.0000000000
104456  35.608  20.644  20.400 0.0000000000
104457  31.432  20.592  20.511 0.0000000000
104463  35.189  20.471  19.786 0.0000000000
104464  34.721  20.277  19.166 0.0000000000
104465  32.372  20.391  18.685 0.0000000000
104466  31.893  20.544  19.433 0.0000000000
104469  34.299  20.206  18.415 0.0000000000
104470  33.728  19.983  18.007 0.0000000000
104471  32.821  20.218  17.935 0.0000000000
104935  47.647  21.438  33.391 0.0000000000
104936  46.922  21.146  33.547 0.0000000000
104950  48.333  21.343  32.871 0.0000000000
104951  48.086  21.419  33.172 0.0000000000
104952  46.269  20.910  33.077 0.0000000000
104965  48.361  21.425  32.276 0.0000000000
104966  48.209  21.541  31.460 0.0000000000
104967  45.822  21.086  32.450 0.0000000000
104968  45.521  21.195  31.637 0.0000000000
104979  47.927  21.550  30.441 0.0000000000
104980  45.174  21.343  30.808 0.0000000000
104981  44.663  21.511  30.090 0.0000000000
104989  47.693  21.488  29.348 0.0000000000
104990  44.066  21.645  29.517 0.0000000000
104991  43.404  21.690  29.169 0.0000000000
105000  47.676  21.400  28.232 0.0000000000
105012  47.806  21.335  27.126 0.0000000000
105039  42.289  21.167  23.237 0.0000000000
105040  41.226  21.135  23.431 0.0000000000
105041  40.183  21.021  23.506 0.0000000000
105042  39.251  20.774  23.357 0.0000000000
105043  38.720  20.534  23.196 0.0000000000
105050  41.668  21.802  22.864 0.0000000000
105051  40.608  21.761  23.022 0.0000000000
105052  39.559  21.583  23.043 0.0000000000
105053  38.482  21.154  22.878 0.0000000000
105054  37.569  21.344  22.331 0.0000000000
105055  30.153  21.400  22.091 0.0000000000
105056  29.251  21.463  22.475 0.0000000000
105057  28.295  21.489  22.571 0.0000000000
105058  27.406  21.485  22.488 0.0000000000
105066  36.864  21.451  21.811 0.0000000000
105067  36.292  21.459  21.226 0.0000000000
105068  31.052  21.432  21.114 0.0000000000
105069  30.602  21.422  21.615 0.0000000000
105078  35.744  21.407  20.663 0.0000000000
105079  35.245  21.303  20.020 0.0000000000
105080  31.471  21.521  20.136 0.0000000000
105087  34.926  21.058  19.272 0.0000000000
105088  34.582  20.791  18.667 0.0000000000
105089  32.282  21.210  18.572 0.0000000000
105090  31.816  21.607  19.325 0.0000000000
105536  47.538  22.192  33.386 0.0000000000
105537  47.078  22.140  33.569 0.0000000000
105542  48.275  21.724  32.868 0.0000000000
105543  48.066  22.092  33.034 0.0000000000
105544  46.406  21.934  33.308 0.0000000000
105545  45.898  22.190  32.974 0.0000000000
105552  48.292  21.775  32.643 0.0000000000
105553  48.259  22.329  32.093 0.0000000000
105554  45.950  21.621  32.891 0.0000000000
105555  45.615  22.044  32.206 0.0000000000
105556  45.179  22.486  31.574 0.0000000000
105564  48.074  22.517  30.955 0.0000000000
105565  45.360  21.922  31.345 0.0000000000
105566  44.885  22.327  30.782 0.0000000000
105576  47.765  22.531  29.871 0.0000000000
105577  44.323  22.342  30.014 0.0000000000
105578  43.637  22.488  29.644 0.0000000000
105591  47.575  22.470  28.783 0.0000000000
105628  41.052  22.433  22.439 0.0000000000
105629  39.995  22.350  22.540 0.0000000000
105630  38.975  22.162  22.529 0.0000000000
105631  38.153  21.955  22.338 0.0000000000
105632  30.148  22.019  21.963 0.0000000000
105633  29.761  22.349  22.159 0.0000000000
105634  28.798  22.481  22.489 0.0000000000
105635  27.836  22.472  22.556 0.0000000000
105645  39.404  22.850  21.935 0.0000000000
105646  38.412  22.683  21.905 0.0000000000
105647  37.424  22.296  21.820 0.0000000000
105648  36.605  22.183  21.369 0.0000000000
105649  30.927  22.041  21.163 0.0000000000
105650  30.510  22.301  21.540 0.0000000000
105661  36.028  22.192  20.781 0.0000000000
105662  35.508  21.957  20.218 0.0000000000
105663  31.131  22.370  20.738 0.0000000000
105671  35.775  22.499  20.049 0.0000000000
105672  35.289  22.015  19.223 0.0000000000
106125  43.319  24.377  36.080 0.0000000000
106134  43.588  23.983  35.579 0.0000000000
106150  46.231  24.096  34.463 0.0000000000
106151  45.823  24.291  34.728 0.0000000000
106152  43.629  23.658  34.743 0.0000000000
106160  47.295  23.175  33.523 0.0000000000
106161  46.407  23.064  33.689 0.0000000000
106162  45.456  23.819  34.005 0.0000000000
106163  44.401  23.798  33.703 0.0000000000
106164  43.595  23.583  33.756 0.0000000000
106165  42.953  23.175  34.092 0.0000000000
106167  47.937  23.337  32.657 0.0000000000
106168  46.073  22.502  33.287 0.0000000000
106169  45.520  22.912  32.834 0.0000000000
106170  44.571  23.498  32.695 0.0000000000
106171  43.769  23.619  32.617 0.0000000000
106175  48.033  23.473  31.519 0.0000000000
106176  45.228  22.680  32.059 0.0000000000
106177  44.619  23.169  31.658 0.0000000000
106178  43.717  23.581  31.621 0.0000000000
106182  47.791  23.531  30.382 0.0000000000
106183  44.290  22.949  30.514 0.0000000000
106184  43.808  23.391  30.822 0.0000000000
106188  47.551  23.512  29.290 0.0000000000
106189  44.040  22.806  30.000 0.0000000000
106190  43.660  23.066  30.187 0.0000000000
106237  37.782  23.173  21.213 0.0000000000
106238  36.895  22.822  21.107 0.0000000000
106239  36.430  22.564  20.982 0.0000000000
106253  37.103  23.303  20.318 0.0000000000
106254  36.344  22.821  20.468 0.0000000000
106267  36.162  23.041  19.282 0.0000000000
106825  43.520  24.757  36.274 0.0000000000
106826  43.074  24.722  36.346 0.0000000000
106831  45.624  25.060  35.527 0.0000000000
106832  45.236  25.108  35.593 0.0000000000
106833  44.213  24.856  35.963 0.0000000000
106834  42.814  24.940  36.359 0.0000000000
106848  46.942  24.620  34.486 0.0000000000
106849  46.693  24.576  34.574 0.0000000000
106850  45.883  24.824  35.206 0.0000000000
106851  45.012  24.654  35.349 0.0000000000
106852  44.259  24.245  35.226 0.0000000000
106868  46.987  24.373  34.147 0.0000000000
106869  46.746  23.885  34.119 0.0000000000
106870  45.452  24.406  34.854 0.0000000000
106871  44.817  24.204  34.650 0.0000000000
106872  44.166  23.880  34.459 0.0000000000
106880  47.324  24.376  33.265 0.0000000000
106881  44.301  23.535  32.286 0.0000000000
106882  44.164  23.591  32.403 0.0000000000
106888  47.665  24.380  32.099 0.0000000000
106889  44.411  23.433  32.103 0.0000000000
106890  44.174  23.604  32.058 0.0000000000
106894  47.597  24.466  30.903 0.0000000000
106896  47.454  24.517  29.755 0.0000000000
107465  43.429  25.055  36.258 0.0000000000
107466  43.048  25.059  36.487 0.0000000000
107473  45.511  25.331  35.497 0.0000000000
107474  44.972  25.634  35.620 0.0000000000
107475  44.004  25.847  35.805 0.0000000000
107476  42.850  25.435  36.100 0.0000000000
107482  46.927  24.821  34.507 0.0000000000
107483  46.579  25.227  34.674 0.0000000000
107484  45.824  25.499  35.169 0.0000000000
107485  45.436  25.643  35.448 0.0000000000
107486  43.855  26.389  35.062 0.0000000000
107487  43.119  26.167  35.228 0.0000000000
107488  42.160  25.692  35.148 0.0000000000
107500  47.047  24.939  34.116 0.0000000000
107501  46.776  25.425  34.022 0.0000000000
107502  43.477  26.397  34.334 0.0000000000
107503  42.666  26.069  34.154 0.0000000000
107518  47.076  25.144  33.496 0.0000000000
107519  46.752  25.580  33.214 0.0000000000
107520  43.292  26.279  33.343 0.0000000000
107521  42.445  25.951  32.924 0.0000000000
107529  47.215  25.130  32.641 0.0000000000
107530  46.765  25.715  32.137 0.0000000000
107531  44.206  26.279  31.565 0.0000000000
107532  43.460  26.152  32.034 0.0000000000
107541  47.226  25.199  31.493 0.0000000000
107542  46.682  25.738  31.001 0.0000000000
107543  43.992  26.115  30.827 0.0000000000
107544  43.010  25.875  30.791 0.0000000000
107552  47.032  25.481  30.147 0.0000000000
107553  46.645  25.939  30.255 0.0000000000
108072  45.062  26.004  35.535 0.0000000000
108073  44.806  25.984  35.511 0.0000000000
108078  46.484  25.551  34.352 0.0000000000
108079  46.108  25.740  34.623 0.0000000000
108080  45.313  26.014  35.164 0.0000000000
108081  44.535  26.339  35.147 0.0000000000
108087  46.357  25.754  33.909 0.0000000000
108088  45.715  26.093  34.056 0.0000000000
108089  44.912  26.338  34.279 0.0000000000
108090  44.175  26.550  34.373 0.0000000000
108102  46.155  26.132  32.885 0.0000000000
108103  45.243  26.387  33.190 0.0000000000
108104  44.445  26.479  33.482 0.0000000000
108105  43.843  26.525  33.694 0.0000000000
108114  46.213  26.135  31.531 0.0000000000
108115  45.472  26.391  31.971 0.0000000000
108116  44.525  26.400  32.329 0.0000000000
108117  43.912  26.414  32.963 0.0000000000
108121  46.262  26.169  30.437 0.0000000000
108122  45.591  26.327  30.724 0.0000000000
108123  44.790  26.282  31.159 0.0000000000
