#!ascii label  , from subject FREESURFER vox2ras=TkReg 
899
53084  3.937  -34.221  53.953 0.0000000000
53101  4.141  -34.394  53.076 0.0000000000
53120  4.797  -34.286  52.005 0.0000000000
53142  5.064  -34.344  51.388 0.0000000000
53163  5.271  -34.417  50.609 0.0000000000
53184  6.093  -34.170  49.670 0.0000000000
53185  5.620  -34.436  49.856 0.0000000000
53206  6.180  -34.550  48.986 0.0000000000
53226  6.987  -33.566  47.892 0.0000000000
53227  6.845  -33.936  48.090 0.0000000000
53239  6.981  -33.584  47.652 0.0000000000
53240  6.893  -34.109  47.106 0.0000000000
54059  3.809  -32.790  59.041 0.0000000000
54060  3.301  -33.056  59.165 0.0000000000
54078  4.393  -32.546  58.026 0.0000000000
54079  3.977  -32.917  58.440 0.0000000000
54080  2.976  -33.371  58.434 0.0000000000
54097  4.355  -32.774  57.444 0.0000000000
54098  3.686  -33.305  57.526 0.0000000000
54119  4.225  -33.096  56.581 0.0000000000
54120  3.359  -33.520  56.565 0.0000000000
54138  4.001  -33.346  55.562 0.0000000000
54157  4.985  -33.212  54.088 0.0000000000
54158  4.320  -33.542  54.491 0.0000000000
54159  3.552  -33.931  54.807 0.0000000000
54176  5.097  -33.329  53.086 0.0000000000
54177  4.596  -33.792  53.574 0.0000000000
54195  5.841  -33.162  51.624 0.0000000000
54196  5.306  -33.694  52.085 0.0000000000
54197  4.737  -34.011  52.686 0.0000000000
54216  6.002  -33.440  50.968 0.0000000000
54217  5.557  -33.824  51.177 0.0000000000
54234  6.215  -33.427  50.414 0.0000000000
54235  5.763  -33.902  50.466 0.0000000000
54252  6.947  -33.185  49.355 0.0000000000
54253  6.458  -33.603  49.678 0.0000000000
54254  6.018  -33.920  50.006 0.0000000000
54270  7.180  -33.083  48.792 0.0000000000
54271  6.784  -33.661  48.880 0.0000000000
54287  7.202  -33.198  48.013 0.0000000000
54288  6.983  -33.466  48.423 0.0000000000
54302  7.031  -33.088  47.239 0.0000000000
54303  6.628  -33.208  46.371 0.0000000000
54304  5.989  -32.941  45.817 0.0000000000
55190  3.801  -31.721  61.037 0.0000000000
55191  3.227  -32.222  61.379 0.0000000000
55192  2.275  -32.857  61.127 0.0000000000
55204  4.295  -31.558  59.971 0.0000000000
55205  3.976  -31.951  60.450 0.0000000000
55206  3.063  -32.678  60.519 0.0000000000
55219  4.308  -31.856  59.535 0.0000000000
55220  3.832  -32.623  59.588 0.0000000000
55221  2.816  -33.099  59.895 0.0000000000
55234  4.371  -32.251  58.618 0.0000000000
55235  4.022  -32.640  58.935 0.0000000000
55248  4.546  -32.219  57.514 0.0000000000
55259  4.836  -32.226  55.694 0.0000000000
55260  4.629  -32.404  56.379 0.0000000000
55269  4.806  -32.497  55.426 0.0000000000
55270  4.558  -32.870  55.809 0.0000000000
55281  5.024  -32.586  54.541 0.0000000000
55282  4.702  -33.010  55.006 0.0000000000
55292  5.212  -32.688  53.557 0.0000000000
55305  5.940  -32.520  51.786 0.0000000000
55306  5.546  -32.775  52.507 0.0000000000
55321  6.751  -32.329  50.748 0.0000000000
55322  6.351  -32.716  51.123 0.0000000000
55338  7.001  -32.379  50.267 0.0000000000
55339  6.588  -32.886  50.329 0.0000000000
55353  7.277  -32.439  49.514 0.0000000000
55354  6.851  -32.915  49.826 0.0000000000
55365  7.426  -32.276  48.562 0.0000000000
55376  7.313  -32.196  47.633 0.0000000000
55387  6.817  -32.084  46.789 0.0000000000
55388  6.166  -32.213  46.079 0.0000000000
55389  5.487  -32.317  45.542 0.0000000000
55397  4.763  -32.425  45.009 0.0000000000
55398  3.864  -32.487  44.754 0.0000000000
55399  2.904  -32.490  44.556 0.0000000000
55413  2.500  -31.956  44.393 0.0000000000
56417  3.826  -31.302  61.357 0.0000000000
56418  3.366  -31.840  61.929 0.0000000000
56433  4.228  -31.186  60.191 0.0000000000
56434  4.032  -31.325  60.749 0.0000000000
56450  4.286  -31.274  59.551 0.0000000000
56467  4.305  -31.474  58.784 0.0000000000
56486  4.392  -31.628  57.809 0.0000000000
56503  4.745  -31.980  55.857 0.0000000000
56504  4.483  -31.728  56.636 0.0000000000
56520  4.874  -32.075  55.058 0.0000000000
56521  4.303  -31.591  55.437 0.0000000000
56522  3.619  -31.298  55.213 0.0000000000
56523  2.929  -31.173  55.300 0.0000000000
56524  2.392  -31.121  55.453 0.0000000000
56540  5.158  -32.116  53.995 0.0000000000
56541  4.637  -31.630  54.287 0.0000000000
56542  3.915  -31.236  54.468 0.0000000000
56543  3.064  -31.099  54.577 0.0000000000
56544  2.324  -30.938  54.912 0.0000000000
56560  5.331  -32.238  53.088 0.0000000000
56561  5.061  -31.621  53.209 0.0000000000
56562  4.272  -31.073  53.547 0.0000000000
56563  3.369  -30.909  53.791 0.0000000000
56564  2.453  -30.650  53.959 0.0000000000
56580  6.166  -32.174  51.569 0.0000000000
56581  5.805  -31.904  52.236 0.0000000000
56582  5.203  -31.214  52.389 0.0000000000
56583  3.723  -30.651  53.232 0.0000000000
56584  3.071  -30.386  53.267 0.0000000000
56585  2.434  -30.015  53.311 0.0000000000
56597  7.003  -31.997  50.704 0.0000000000
56598  6.572  -31.608  51.195 0.0000000000
56599  5.851  -31.097  51.804 0.0000000000
56600  5.225  -30.693  51.976 0.0000000000
56616  7.227  -31.561  50.349 0.0000000000
56617  7.017  -31.103  50.817 0.0000000000
56632  7.509  -31.379  49.283 0.0000000000
56646  7.429  -31.233  48.246 0.0000000000
56657  7.037  -31.181  47.331 0.0000000000
56658  6.548  -30.904  46.939 0.0000000000
56669  6.686  -31.365  46.847 0.0000000000
56670  6.219  -31.266  46.431 0.0000000000
56671  5.586  -31.457  45.798 0.0000000000
56677  4.962  -31.519  45.346 0.0000000000
56678  4.188  -31.475  44.928 0.0000000000
56679  3.394  -31.546  44.635 0.0000000000
56692  2.787  -31.463  44.467 0.0000000000
56693  2.258  -31.407  44.200 0.0000000000
57593  3.545  -30.250  61.178 0.0000000000
57594  2.768  -29.646  60.772 0.0000000000
57600  4.063  -30.807  59.677 0.0000000000
57601  3.718  -30.514  60.308 0.0000000000
57602  2.698  -29.940  60.217 0.0000000000
57603  1.852  -29.651  60.157 0.0000000000
57604  1.248  -29.655  59.844 0.0000000000
57613  4.044  -30.928  58.957 0.0000000000
57614  3.424  -30.658  59.235 0.0000000000
57615  2.568  -30.382  59.456 0.0000000000
57616  1.602  -30.209  59.588 0.0000000000
57617  0.889  -29.965  59.616 0.0000000000
57618  0.876  -29.648  59.358 0.0000000000
57627  4.060  -31.099  58.078 0.0000000000
57628  3.367  -30.941  58.341 0.0000000000
57629  2.471  -30.824  58.591 0.0000000000
57630  1.498  -30.652  58.797 0.0000000000
57631  0.641  -30.353  58.940 0.0000000000
57632  0.214  -29.851  59.044 0.0000000000
57647  4.084  -31.234  57.120 0.0000000000
57648  3.393  -31.140  57.410 0.0000000000
57649  2.482  -31.118  57.649 0.0000000000
57650  1.515  -31.018  57.897 0.0000000000
57651  0.604  -30.712  58.069 0.0000000000
57652  -0.072  -30.143  58.222 0.0000000000
57666  4.008  -31.349  56.212 0.0000000000
57667  3.430  -31.230  56.530 0.0000000000
57668  2.579  -31.210  56.679 0.0000000000
57669  1.617  -31.075  56.895 0.0000000000
57670  0.849  -30.840  57.244 0.0000000000
57671  0.189  -30.288  57.185 0.0000000000
57684  3.893  -31.356  55.678 0.0000000000
57685  3.467  -31.292  55.810 0.0000000000
57686  2.762  -31.201  55.920 0.0000000000
57687  1.880  -30.811  55.771 0.0000000000
57688  1.028  -30.350  56.464 0.0000000000
57689  0.460  -29.969  56.471 0.0000000000
57701  1.854  -30.270  54.680 0.0000000000
57712  4.684  -31.065  52.889 0.0000000000
57713  4.217  -30.724  52.944 0.0000000000
57714  1.967  -29.956  53.781 0.0000000000
57727  4.641  -30.647  52.454 0.0000000000
57728  3.859  -30.197  52.717 0.0000000000
57729  2.979  -29.826  52.839 0.0000000000
57742  6.293  -30.833  51.415 0.0000000000
57743  5.782  -30.386  51.540 0.0000000000
57744  4.774  -29.996  51.893 0.0000000000
57745  3.782  -29.462  52.199 0.0000000000
57746  2.914  -29.160  52.298 0.0000000000
57747  2.408  -28.800  52.214 0.0000000000
57761  7.135  -30.900  50.547 0.0000000000
57762  6.626  -30.411  50.798 0.0000000000
57763  5.741  -29.488  51.106 0.0000000000
57764  4.697  -29.078  51.404 0.0000000000
57765  3.713  -28.849  51.805 0.0000000000
57766  3.045  -28.742  51.986 0.0000000000
57767  2.503  -28.990  52.030 0.0000000000
57780  7.305  -30.615  50.002 0.0000000000
57781  6.833  -29.708  49.731 0.0000000000
57782  5.510  -28.859  50.759 0.0000000000
57783  5.109  -28.605  50.760 0.0000000000
57784  2.955  -28.843  51.796 0.0000000000
57785  2.416  -28.517  51.653 0.0000000000
57799  7.221  -30.213  48.952 0.0000000000
57800  6.876  -29.637  49.117 0.0000000000
57816  7.169  -30.266  47.965 0.0000000000
57817  6.723  -30.269  47.255 0.0000000000
57831  6.102  -30.362  46.771 0.0000000000
57832  5.429  -30.467  46.023 0.0000000000
57833  4.908  -30.051  45.816 0.0000000000
57844  5.112  -30.991  45.657 0.0000000000
57845  4.554  -30.483  45.425 0.0000000000
57846  3.451  -30.429  44.807 0.0000000000
57847  2.846  -29.888  44.704 0.0000000000
57862  3.053  -30.960  44.585 0.0000000000
57863  2.549  -30.449  44.445 0.0000000000
57864  1.904  -30.552  43.865 0.0000000000
57880  1.633  -30.710  43.284 0.0000000000
57907  9.036  -30.088  41.359 0.0000000000
57922  10.093  -30.460  40.266 0.0000000000
57923  9.434  -30.689  40.838 0.0000000000
57931  10.932  -30.333  39.091 0.0000000000
57932  10.535  -30.823  39.463 0.0000000000
57939  11.223  -30.593  38.399 0.0000000000
57940  10.783  -30.983  38.860 0.0000000000
57948  12.011  -30.273  36.793 0.0000000000
57949  11.649  -30.634  37.446 0.0000000000
58750  0.639  -29.426  58.968 0.0000000000
58755  0.324  -29.491  58.395 0.0000000000
58761  0.524  -29.693  57.617 0.0000000000
58773  0.327  -29.561  56.772 0.0000000000
58786  1.410  -29.698  55.527 0.0000000000
58787  0.947  -29.632  56.262 0.0000000000
58788  0.647  -29.565  56.454 0.0000000000
58800  1.591  -29.316  54.336 0.0000000000
58829  2.028  -28.826  51.962 0.0000000000
58842  6.359  -29.453  50.370 0.0000000000
58843  6.024  -28.964  50.399 0.0000000000
58844  4.377  -28.481  51.130 0.0000000000
58845  3.596  -28.370  51.394 0.0000000000
58846  3.057  -28.319  51.484 0.0000000000
58847  2.149  -28.473  51.688 0.0000000000
58860  6.334  -29.114  49.835 0.0000000000
58861  5.825  -28.603  49.977 0.0000000000
58862  4.995  -28.214  50.362 0.0000000000
58863  2.611  -28.152  51.400 0.0000000000
58864  2.168  -28.203  51.419 0.0000000000
58875  6.903  -29.638  48.868 0.0000000000
58876  6.438  -29.257  49.004 0.0000000000
58877  5.869  -28.548  49.102 0.0000000000
58890  6.931  -29.700  48.517 0.0000000000
58891  6.582  -29.436  47.867 0.0000000000
58892  6.067  -29.173  47.337 0.0000000000
58906  6.235  -29.731  47.161 0.0000000000
58907  5.658  -29.403  46.559 0.0000000000
58908  5.141  -29.720  46.010 0.0000000000
58921  5.084  -29.169  45.991 0.0000000000
58922  4.618  -29.467  45.705 0.0000000000
58923  3.833  -29.424  45.242 0.0000000000
58924  3.008  -29.325  44.902 0.0000000000
58937  2.359  -29.386  44.603 0.0000000000
58938  1.802  -29.571  44.114 0.0000000000
58950  1.596  -29.666  43.448 0.0000000000
58963  3.087  -29.512  42.398 0.0000000000
58964  2.317  -29.634  42.493 0.0000000000
58965  1.728  -29.763  42.830 0.0000000000
58975  9.103  -29.438  41.308 0.0000000000
58976  8.510  -29.254  41.534 0.0000000000
58977  7.569  -29.533  42.015 0.0000000000
58989  10.165  -29.313  40.361 0.0000000000
58990  9.601  -29.611  40.936 0.0000000000
58999  11.257  -29.528  38.946 0.0000000000
59000  10.674  -29.656  39.672 0.0000000000
59006  11.735  -29.428  38.061 0.0000000000
59011  12.244  -29.372  36.488 0.0000000000
59012  11.989  -29.703  37.244 0.0000000000
59018  12.411  -29.567  35.470 0.0000000000
59778  1.035  -28.919  57.785 0.0000000000
59784  0.954  -28.626  56.506 0.0000000000
59785  0.825  -28.873  56.898 0.0000000000
59794  1.307  -29.247  55.554 0.0000000000
59795  1.087  -28.912  55.973 0.0000000000
59796  0.844  -29.320  56.511 0.0000000000
59807  1.390  -29.121  55.237 0.0000000000
59808  1.140  -28.499  54.829 0.0000000000
59840  1.802  -28.330  52.031 0.0000000000
59851  4.155  -27.983  50.687 0.0000000000
59852  3.388  -27.857  50.947 0.0000000000
59853  2.689  -27.783  51.116 0.0000000000
59854  2.062  -27.930  51.497 0.0000000000
59867  5.432  -28.171  49.585 0.0000000000
59868  4.717  -27.689  49.719 0.0000000000
59869  2.265  -27.835  51.178 0.0000000000
59870  2.019  -28.143  51.313 0.0000000000
59880  6.063  -28.721  48.281 0.0000000000
59881  5.328  -27.885  48.625 0.0000000000
59882  4.616  -27.524  48.951 0.0000000000
59892  6.098  -28.941  47.717 0.0000000000
59893  5.706  -28.348  47.330 0.0000000000
59903  4.978  -28.440  46.226 0.0000000000
59904  4.416  -28.067  46.057 0.0000000000
59917  4.741  -28.873  45.829 0.0000000000
59918  4.179  -28.493  45.680 0.0000000000
59919  3.157  -28.436  45.366 0.0000000000
59920  2.312  -28.514  44.939 0.0000000000
59934  1.652  -28.630  44.389 0.0000000000
59935  1.273  -28.742  43.700 0.0000000000
59947  1.321  -28.854  43.067 0.0000000000
59954  5.891  -28.534  42.329 0.0000000000
59955  4.620  -28.479  42.350 0.0000000000
59956  3.493  -28.568  42.376 0.0000000000
59957  2.560  -28.677  42.400 0.0000000000
59958  1.865  -28.823  42.565 0.0000000000
59959  1.545  -28.881  42.774 0.0000000000
59968  9.159  -28.812  41.186 0.0000000000
59969  8.633  -28.053  41.254 0.0000000000
59970  7.730  -28.374  41.693 0.0000000000
59971  6.940  -28.721  42.190 0.0000000000
59982  10.474  -28.370  39.965 0.0000000000
59983  9.695  -28.442  40.651 0.0000000000
59984  9.186  -28.158  40.990 0.0000000000
59995  11.551  -28.357  38.775 0.0000000000
59996  11.025  -28.714  39.382 0.0000000000
60004  11.874  -28.322  37.987 0.0000000000
60009  12.383  -28.186  36.671 0.0000000000
60010  12.094  -28.769  37.332 0.0000000000
60018  12.494  -28.517  35.838 0.0000000000
60027  12.608  -28.709  34.974 0.0000000000
60755  1.207  -27.803  57.593 0.0000000000
60756  0.969  -28.436  57.196 0.0000000000
60762  0.862  -28.105  56.708 0.0000000000
60763  0.935  -28.473  56.951 0.0000000000
60770  0.792  -27.892  55.678 0.0000000000
60771  0.664  -27.360  55.378 0.0000000000
60776  0.766  -27.808  54.966 0.0000000000
60777  0.537  -27.223  54.815 0.0000000000
60784  0.740  -27.925  54.259 0.0000000000
60785  0.504  -27.253  53.908 0.0000000000
60792  1.446  -28.040  52.454 0.0000000000
60793  0.853  -27.488  53.025 0.0000000000
60794  0.276  -26.929  53.442 0.0000000000
60804  1.454  -27.442  51.899 0.0000000000
60805  1.124  -27.239  52.393 0.0000000000
60816  3.841  -27.430  50.190 0.0000000000
60817  3.090  -27.290  50.506 0.0000000000
60818  2.314  -27.013  50.820 0.0000000000
60819  1.682  -27.050  51.354 0.0000000000
60832  4.087  -27.288  49.232 0.0000000000
60833  3.436  -26.874  49.592 0.0000000000
60834  2.926  -26.617  50.181 0.0000000000
60848  5.013  -27.547  47.599 0.0000000000
60849  4.365  -27.083  48.218 0.0000000000
60850  3.775  -26.751  48.796 0.0000000000
60862  4.880  -27.691  46.712 0.0000000000
60863  4.383  -27.009  47.064 0.0000000000
60874  4.548  -27.920  46.290 0.0000000000
60875  3.890  -27.537  46.214 0.0000000000
60876  2.864  -27.061  45.802 0.0000000000
60877  2.341  -26.838  45.452 0.0000000000
60890  3.595  -28.013  45.664 0.0000000000
60891  3.147  -27.704  45.660 0.0000000000
60892  2.326  -27.497  45.282 0.0000000000
60902  1.674  -27.713  44.656 0.0000000000
60903  1.080  -27.798  43.995 0.0000000000
60909  0.962  -27.959  43.208 0.0000000000
60915  6.047  -27.671  42.262 0.0000000000
60916  5.297  -27.329  42.321 0.0000000000
60917  3.953  -27.602  42.426 0.0000000000
60918  2.900  -27.755  42.374 0.0000000000
60919  1.996  -27.909  42.454 0.0000000000
60920  1.376  -28.247  42.699 0.0000000000
60930  8.598  -27.350  41.044 0.0000000000
60931  7.958  -27.112  41.319 0.0000000000
60932  6.789  -27.567  41.969 0.0000000000
60933  6.115  -27.251  42.197 0.0000000000
60944  10.475  -27.375  39.741 0.0000000000
60945  10.038  -27.460  40.241 0.0000000000
60946  9.178  -27.386  40.675 0.0000000000
60947  8.582  -26.874  40.827 0.0000000000
60959  11.381  -27.390  38.814 0.0000000000
60960  10.992  -27.658  39.338 0.0000000000
60971  11.724  -27.466  38.232 0.0000000000
60980  12.395  -27.324  36.730 0.0000000000
60981  12.130  -27.617  37.419 0.0000000000
60991  12.533  -27.544  36.076 0.0000000000
61001  12.564  -27.778  35.291 0.0000000000
61009  12.450  -27.975  34.541 0.0000000000
61725  0.899  -26.664  57.148 0.0000000000
61726  0.639  -26.125  57.024 0.0000000000
61730  0.675  -27.147  56.280 0.0000000000
61731  0.534  -26.366  56.645 0.0000000000
61738  0.687  -27.248  55.762 0.0000000000
61739  0.518  -26.610  55.742 0.0000000000
61746  0.434  -25.699  54.534 0.0000000000
61747  0.427  -26.284  54.787 0.0000000000
61754  0.333  -25.527  54.269 0.0000000000
61755  0.294  -26.122  53.879 0.0000000000
61760  0.660  -26.246  52.054 0.0000000000
61761  0.466  -26.557  52.439 0.0000000000
61762  0.047  -26.540  53.061 0.0000000000
61768  1.203  -26.421  51.729 0.0000000000
61769  1.062  -26.732  52.159 0.0000000000
61776  2.405  -25.798  50.286 0.0000000000
61777  1.695  -26.163  51.082 0.0000000000
61784  3.437  -26.353  48.900 0.0000000000
61785  3.112  -25.998  49.393 0.0000000000
61797  3.986  -26.527  47.445 0.0000000000
61798  3.685  -25.978  48.050 0.0000000000
61799  3.357  -25.933  48.725 0.0000000000
61810  3.821  -26.567  46.915 0.0000000000
61811  3.568  -26.050  47.031 0.0000000000
61820  3.813  -26.902  46.673 0.0000000000
61821  3.224  -26.461  46.409 0.0000000000
61822  2.402  -26.322  45.705 0.0000000000
61830  1.830  -26.498  45.027 0.0000000000
61831  1.413  -26.180  44.593 0.0000000000
61839  1.745  -27.105  44.830 0.0000000000
61840  1.281  -26.748  44.315 0.0000000000
61847  1.029  -27.001  43.467 0.0000000000
61854  5.249  -26.093  42.233 0.0000000000
61855  4.228  -26.568  42.407 0.0000000000
61856  3.304  -26.950  42.457 0.0000000000
61857  2.384  -26.928  42.539 0.0000000000
61858  1.402  -27.172  42.804 0.0000000000
61869  7.701  -26.174  41.123 0.0000000000
61870  7.168  -26.433  41.501 0.0000000000
61871  6.243  -26.491  41.979 0.0000000000
61882  10.231  -26.931  39.812 0.0000000000
61883  9.759  -26.455  39.895 0.0000000000
61884  8.962  -26.332  40.374 0.0000000000
61885  8.274  -26.181  40.763 0.0000000000
61899  11.109  -27.000  39.018 0.0000000000
61900  10.583  -26.503  39.217 0.0000000000
61901  10.057  -26.004  39.390 0.0000000000
61914  11.307  -26.543  38.476 0.0000000000
61915  10.919  -26.055  38.645 0.0000000000
61924  12.197  -26.675  37.052 0.0000000000
61925  11.865  -26.644  37.716 0.0000000000
61932  12.399  -26.664  36.313 0.0000000000
61938  12.464  -26.862  35.519 0.0000000000
61946  12.385  -27.135  34.778 0.0000000000
61947  12.182  -26.649  34.313 0.0000000000
62658  1.452  -25.660  57.512 0.0000000000
62659  0.671  -25.594  57.326 0.0000000000
62660  0.438  -25.963  56.998 0.0000000000
62671  0.209  -25.231  57.271 0.0000000000
62672  0.256  -25.700  56.646 0.0000000000
62684  0.169  -25.170  55.484 0.0000000000
62685  0.314  -25.638  55.734 0.0000000000
62696  0.271  -25.108  54.794 0.0000000000
62697  0.447  -25.538  55.065 0.0000000000
62704  0.104  -25.242  53.982 0.0000000000
62705  -0.094  -25.656  53.275 0.0000000000
62710  0.699  -25.798  51.935 0.0000000000
62711  0.039  -25.718  52.070 0.0000000000
62712  -0.119  -25.875  52.668 0.0000000000
62718  1.084  -25.393  51.597 0.0000000000
62719  0.428  -25.266  51.935 0.0000000000
62725  2.098  -24.652  50.053 0.0000000000
62726  1.584  -25.073  50.794 0.0000000000
62733  2.780  -24.949  49.359 0.0000000000
62741  3.161  -24.978  47.734 0.0000000000
62742  3.164  -25.328  48.557 0.0000000000
62749  3.190  -25.233  46.990 0.0000000000
62750  2.822  -24.831  46.493 0.0000000000
62756  3.120  -25.782  46.642 0.0000000000
62757  2.578  -25.423  46.105 0.0000000000
62765  1.905  -25.666  45.293 0.0000000000
62766  1.500  -25.763  44.790 0.0000000000
62774  1.287  -25.839  44.289 0.0000000000
62781  1.593  -25.410  43.463 0.0000000000
62782  1.238  -26.052  43.608 0.0000000000
62788  5.264  -25.264  42.203 0.0000000000
62789  4.425  -25.559  42.433 0.0000000000
62790  3.209  -25.978  42.619 0.0000000000
62791  1.888  -25.986  42.991 0.0000000000
62792  1.240  -26.499  43.142 0.0000000000
62802  7.370  -25.844  41.195 0.0000000000
62803  6.891  -25.464  41.359 0.0000000000
62804  5.962  -25.435  41.850 0.0000000000
62816  9.302  -25.823  39.960 0.0000000000
62817  8.742  -25.283  40.125 0.0000000000
62818  7.711  -25.341  40.796 0.0000000000
62819  7.257  -24.955  40.983 0.0000000000
62830  10.262  -25.769  39.140 0.0000000000
62831  9.741  -25.256  39.383 0.0000000000
62832  9.139  -24.742  39.658 0.0000000000
62846  11.131  -25.855  38.336 0.0000000000
62847  10.665  -25.343  38.515 0.0000000000
62848  10.189  -24.780  38.796 0.0000000000
62857  11.952  -26.145  37.282 0.0000000000
62858  11.541  -25.559  37.596 0.0000000000
62859  11.101  -24.950  37.832 0.0000000000
62864  12.064  -25.793  36.684 0.0000000000
62865  11.818  -25.317  36.858 0.0000000000
62871  12.266  -25.940  35.735 0.0000000000
62879  12.326  -26.229  34.914 0.0000000000
62880  11.996  -25.837  34.234 0.0000000000
63571  1.211  -24.732  57.804 0.0000000000
63572  0.498  -24.642  57.715 0.0000000000
63582  -0.011  -24.737  56.912 0.0000000000
63583  0.036  -25.317  56.364 0.0000000000
63595  -0.055  -24.482  55.748 0.0000000000
63596  -0.024  -25.092  56.060 0.0000000000
63609  -0.060  -24.383  54.549 0.0000000000
63620  -0.133  -24.723  53.322 0.0000000000
63621  -0.185  -25.387  52.920 0.0000000000
63628  0.679  -24.163  52.266 0.0000000000
63629  0.027  -24.656  52.353 0.0000000000
63630  -0.133  -25.282  52.631 0.0000000000
63637  1.182  -24.246  51.591 0.0000000000
63638  0.662  -24.763  51.963 0.0000000000
63645  1.934  -24.073  49.957 0.0000000000
63646  1.630  -23.972  50.547 0.0000000000
63653  2.360  -23.921  49.426 0.0000000000
63654  1.864  -23.638  49.913 0.0000000000
63661  3.073  -24.520  47.501 0.0000000000
63662  2.879  -24.125  48.144 0.0000000000
63671  3.118  -24.733  47.267 0.0000000000
63672  2.965  -24.322  46.954 0.0000000000
63680  2.527  -24.435  46.056 0.0000000000
63689  1.881  -24.779  45.212 0.0000000000
63690  1.593  -25.335  44.967 0.0000000000
63696  1.725  -24.703  44.327 0.0000000000
63697  1.452  -25.241  44.578 0.0000000000
63704  3.290  -24.426  43.231 0.0000000000
63705  2.455  -24.599  43.459 0.0000000000
63706  1.810  -24.834  43.691 0.0000000000
63707  1.382  -25.281  43.953 0.0000000000
63713  4.887  -24.644  42.459 0.0000000000
63714  3.763  -24.939  42.733 0.0000000000
63715  2.714  -25.121  42.994 0.0000000000
63716  2.015  -25.127  43.261 0.0000000000
63724  6.411  -24.702  41.529 0.0000000000
63725  5.726  -24.677  41.973 0.0000000000
63737  8.118  -24.394  40.296 0.0000000000
63738  7.470  -24.451  40.730 0.0000000000
63739  6.987  -24.590  41.136 0.0000000000
63754  9.344  -24.213  39.336 0.0000000000
63755  8.756  -24.252  39.783 0.0000000000
63770  10.424  -24.307  38.389 0.0000000000
63771  9.908  -24.241  38.859 0.0000000000
63783  11.289  -24.528  37.318 0.0000000000
63784  10.903  -24.397  37.904 0.0000000000
63791  11.870  -25.233  36.521 0.0000000000
63792  11.674  -24.785  36.593 0.0000000000
63799  11.926  -25.088  35.971 0.0000000000
63800  11.762  -24.662  36.036 0.0000000000
63807  12.145  -25.151  35.039 0.0000000000
63808  11.732  -24.781  34.159 0.0000000000
64491  0.834  -23.437  58.943 0.0000000000
64492  0.608  -23.456  58.866 0.0000000000
64500  1.862  -23.955  58.004 0.0000000000
64501  0.985  -23.763  58.552 0.0000000000
64502  0.113  -23.756  58.143 0.0000000000
64503  -0.271  -23.199  57.879 0.0000000000
64512  -0.243  -23.449  56.915 0.0000000000
64513  -0.360  -22.979  57.567 0.0000000000
64522  -0.273  -23.429  55.416 0.0000000000
64533  -0.147  -22.930  53.506 0.0000000000
64534  -0.277  -23.440  54.108 0.0000000000
64548  0.154  -22.977  52.904 0.0000000000
64549  -0.098  -23.743  53.079 0.0000000000
64557  0.849  -23.224  52.295 0.0000000000
64558  0.280  -23.764  52.585 0.0000000000
64563  1.263  -23.102  51.250 0.0000000000
64570  1.612  -22.915  50.219 0.0000000000
64576  2.232  -22.989  48.703 0.0000000000
64577  1.964  -23.189  49.504 0.0000000000
64584  2.431  -23.035  47.839 0.0000000000
64592  2.670  -23.357  47.172 0.0000000000
64601  2.679  -23.570  46.319 0.0000000000
64609  2.381  -23.847  45.482 0.0000000000
64616  3.502  -23.546  44.184 0.0000000000
64617  2.737  -23.767  44.408 0.0000000000
64618  2.158  -24.090  44.706 0.0000000000
64626  5.631  -23.358  43.094 0.0000000000
64627  4.674  -23.609  43.323 0.0000000000
64628  3.796  -23.860  43.556 0.0000000000
64629  2.949  -24.028  43.767 0.0000000000
64630  2.261  -24.322  44.037 0.0000000000
64638  5.987  -23.675  42.416 0.0000000000
64639  5.149  -23.878  42.692 0.0000000000
64640  4.238  -24.182  42.964 0.0000000000
64647  6.912  -23.594  41.498 0.0000000000
64648  6.239  -24.002  41.776 0.0000000000
64649  5.602  -24.151  42.236 0.0000000000
64655  7.802  -23.550  40.548 0.0000000000
64656  7.184  -23.900  41.001 0.0000000000
64657  6.724  -24.132  41.336 0.0000000000
64673  9.055  -23.408  39.535 0.0000000000
64674  8.415  -23.522  40.036 0.0000000000
64691  10.235  -23.481  38.423 0.0000000000
64692  9.632  -23.420  38.936 0.0000000000
64700  11.092  -23.715  37.377 0.0000000000
64701  10.696  -23.614  37.896 0.0000000000
64708  11.424  -23.817  36.638 0.0000000000
64716  11.794  -24.623  35.793 0.0000000000
64717  11.699  -24.185  35.880 0.0000000000
64724  11.883  -24.589  35.515 0.0000000000
64725  11.824  -23.960  34.960 0.0000000000
65413  0.707  -22.745  59.631 0.0000000000
65414  0.443  -22.758  59.697 0.0000000000
65415  -0.055  -22.633  59.621 0.0000000000
65429  1.595  -22.872  59.021 0.0000000000
65430  1.036  -23.046  59.245 0.0000000000
65431  0.234  -23.072  59.068 0.0000000000
65432  -0.253  -22.583  58.950 0.0000000000
65446  1.864  -23.105  58.612 0.0000000000
65447  1.252  -23.342  58.878 0.0000000000
65448  -0.158  -23.078  58.473 0.0000000000
65449  -0.422  -22.649  58.095 0.0000000000
65466  -0.441  -22.398  56.218 0.0000000000
65467  -0.425  -22.567  57.274 0.0000000000
65485  -0.401  -22.452  54.962 0.0000000000
65504  -0.141  -22.048  53.444 0.0000000000
65505  -0.276  -22.451  54.088 0.0000000000
65525  0.356  -22.149  52.628 0.0000000000
65540  1.016  -22.157  51.894 0.0000000000
65550  1.312  -22.077  50.903 0.0000000000
65559  1.636  -21.954  50.074 0.0000000000
65568  2.014  -21.961  48.767 0.0000000000
65569  1.878  -22.380  49.407 0.0000000000
65578  2.168  -22.230  48.077 0.0000000000
65587  2.483  -22.415  47.306 0.0000000000
65597  2.752  -22.706  46.589 0.0000000000
65604  6.227  -22.260  45.247 0.0000000000
65605  5.733  -22.306  45.236 0.0000000000
65606  4.698  -22.383  45.220 0.0000000000
65607  3.707  -22.565  45.363 0.0000000000
65608  2.926  -22.957  45.734 0.0000000000
65614  7.257  -22.232  44.534 0.0000000000
65615  6.617  -22.341  44.802 0.0000000000
65616  5.448  -22.703  44.593 0.0000000000
65617  4.239  -22.986  44.573 0.0000000000
65618  3.221  -23.171  44.847 0.0000000000
65619  2.618  -23.532  45.010 0.0000000000
65627  8.051  -22.226  43.609 0.0000000000
65628  7.545  -22.311  43.957 0.0000000000
65629  6.366  -22.922  43.749 0.0000000000
65630  5.100  -23.195  43.893 0.0000000000
65631  4.247  -23.446  43.915 0.0000000000
65639  8.083  -22.349  43.175 0.0000000000
65640  7.381  -22.771  42.953 0.0000000000
65641  6.576  -23.214  42.693 0.0000000000
65648  8.036  -22.373  42.176 0.0000000000
65649  7.308  -22.994  41.893 0.0000000000
65650  6.620  -23.484  42.043 0.0000000000
65657  8.766  -22.446  40.499 0.0000000000
65658  8.304  -22.623  40.965 0.0000000000
65659  7.494  -23.302  41.160 0.0000000000
65672  8.792  -22.642  40.033 0.0000000000
65673  8.296  -23.051  40.366 0.0000000000
65691  10.049  -22.744  38.574 0.0000000000
65692  9.527  -22.515  39.180 0.0000000000
65702  10.871  -23.198  37.485 0.0000000000
65703  10.572  -22.644  37.765 0.0000000000
65716  11.115  -22.851  36.921 0.0000000000
65717  10.867  -22.059  37.028 0.0000000000
65729  11.450  -22.964  35.764 0.0000000000
66443  -0.202  -21.550  60.225 0.0000000000
66444  -0.391  -21.429  59.937 0.0000000000
66463  0.851  -22.267  59.817 0.0000000000
66464  0.106  -22.238  60.088 0.0000000000
66465  -0.348  -21.886  59.547 0.0000000000
66485  1.964  -22.372  59.080 0.0000000000
66486  1.387  -22.431  59.518 0.0000000000
66487  -0.541  -21.983  58.584 0.0000000000
66504  2.526  -22.283  58.399 0.0000000000
66505  -0.552  -21.280  57.396 0.0000000000
66506  -0.569  -21.972  57.753 0.0000000000
66522  2.771  -22.497  57.813 0.0000000000
66523  -0.492  -21.355  56.454 0.0000000000
66524  -0.475  -21.910  57.014 0.0000000000
66544  -0.437  -21.615  55.546 0.0000000000
66567  -0.208  -21.251  53.704 0.0000000000
66568  -0.302  -21.394  54.495 0.0000000000
66595  -0.049  -21.225  53.042 0.0000000000
66619  0.587  -21.277  52.318 0.0000000000
66638  1.095  -21.199  51.484 0.0000000000
66649  1.370  -21.148  50.466 0.0000000000
66656  1.947  -21.544  48.820 0.0000000000
66657  1.776  -21.276  49.295 0.0000000000
66665  1.972  -21.397  48.469 0.0000000000
66666  1.860  -20.736  48.714 0.0000000000
66674  2.233  -21.520  47.651 0.0000000000
66683  7.103  -21.267  46.156 0.0000000000
66684  6.659  -21.395  46.237 0.0000000000
66685  5.648  -21.499  46.338 0.0000000000
66686  4.577  -21.429  46.340 0.0000000000
66687  3.632  -21.463  46.413 0.0000000000
66688  2.807  -21.704  46.794 0.0000000000
66697  7.931  -21.532  45.227 0.0000000000
66698  7.352  -21.486  45.743 0.0000000000
66699  6.317  -22.009  45.651 0.0000000000
66700  5.152  -21.898  45.746 0.0000000000
66701  4.132  -21.946  45.833 0.0000000000
66702  3.354  -22.174  46.086 0.0000000000
66703  3.016  -22.399  46.323 0.0000000000
66709  9.169  -21.172  44.129 0.0000000000
66710  8.369  -21.529  44.681 0.0000000000
66711  7.545  -21.981  44.833 0.0000000000
66712  6.988  -22.011  45.282 0.0000000000
66719  9.300  -21.448  43.113 0.0000000000
66720  8.448  -21.938  43.707 0.0000000000
66721  8.007  -21.982  44.300 0.0000000000
66729  9.300  -21.527  42.104 0.0000000000
66730  8.708  -22.021  42.649 0.0000000000
66738  9.278  -21.654  41.243 0.0000000000
66739  8.753  -22.051  41.679 0.0000000000
66748  9.163  -22.040  40.515 0.0000000000
66749  8.909  -22.130  41.088 0.0000000000
66760  9.881  -21.305  39.300 0.0000000000
66761  9.452  -21.945  39.679 0.0000000000
66782  10.202  -21.722  38.502 0.0000000000
66783  9.737  -21.853  39.145 0.0000000000
66796  10.661  -21.563  37.394 0.0000000000
66816  10.998  -21.785  36.268 0.0000000000
66817  10.831  -21.547  36.788 0.0000000000
67582  -0.409  -21.106  60.123 0.0000000000
67596  -0.538  -21.133  59.638 0.0000000000
67612  -0.542  -20.509  59.133 0.0000000000
67613  -0.612  -21.256  58.876 0.0000000000
67630  -0.580  -20.596  58.103 0.0000000000
67631  -0.635  -21.413  58.140 0.0000000000
67645  -0.442  -20.479  56.966 0.0000000000
67656  -0.056  -19.785  54.981 0.0000000000
67657  -0.334  -20.507  55.682 0.0000000000
67667  -0.116  -20.324  53.895 0.0000000000
67668  -0.213  -20.510  54.758 0.0000000000
67687  0.422  -20.435  52.840 0.0000000000
67706  0.822  -20.435  51.984 0.0000000000
67724  0.890  -20.276  50.977 0.0000000000
67743  1.410  -20.204  49.998 0.0000000000
67758  1.728  -20.235  49.149 0.0000000000
67767  2.107  -20.498  48.259 0.0000000000
67768  1.876  -20.308  48.686 0.0000000000
67774  6.770  -20.157  47.236 0.0000000000
67775  5.626  -20.279  47.471 0.0000000000
67776  4.520  -20.330  47.421 0.0000000000
67777  3.585  -20.388  47.409 0.0000000000
67778  2.897  -20.530  47.445 0.0000000000
67779  2.462  -20.879  47.469 0.0000000000
67787  8.096  -20.432  46.357 0.0000000000
67788  7.224  -20.852  46.448 0.0000000000
67789  6.174  -20.897  46.808 0.0000000000
67790  5.072  -20.896  46.871 0.0000000000
67791  4.046  -20.834  46.808 0.0000000000
67792  3.208  -20.920  46.885 0.0000000000
67793  2.760  -20.982  47.074 0.0000000000
67803  9.032  -20.321  45.443 0.0000000000
67804  8.307  -20.937  45.575 0.0000000000
67805  7.777  -20.959  46.049 0.0000000000
67813  9.951  -19.716  44.241 0.0000000000
67814  9.593  -20.047  44.592 0.0000000000
67815  8.958  -20.867  44.924 0.0000000000
67822  10.083  -19.821  43.834 0.0000000000
67823  9.702  -20.567  43.513 0.0000000000
67831  10.079  -19.921  42.885 0.0000000000
67832  9.704  -20.747  42.491 0.0000000000
67841  10.078  -20.033  41.880 0.0000000000
67842  9.695  -20.886  41.525 0.0000000000
67852  10.095  -20.183  40.882 0.0000000000
67853  9.671  -21.108  40.646 0.0000000000
67866  10.100  -20.481  39.839 0.0000000000
67867  9.614  -21.354  39.969 0.0000000000
67884  10.280  -20.547  38.769 0.0000000000
67892  10.541  -20.651  37.737 0.0000000000
67906  10.874  -21.268  36.208 0.0000000000
67907  10.763  -20.846  36.519 0.0000000000
67922  10.907  -21.208  35.896 0.0000000000
68733  -0.342  -19.655  57.635 0.0000000000
68744  0.324  -18.854  56.388 0.0000000000
68745  -0.263  -19.566  56.602 0.0000000000
68757  0.488  -18.971  55.471 0.0000000000
68758  -0.152  -19.424  55.769 0.0000000000
68770  0.566  -19.239  54.496 0.0000000000
68782  0.816  -19.595  53.477 0.0000000000
68795  0.908  -19.796  52.569 0.0000000000
68811  0.995  -19.485  51.745 0.0000000000
68826  1.164  -19.245  50.663 0.0000000000
68846  2.019  -19.011  49.396 0.0000000000
68847  1.698  -19.209  49.605 0.0000000000
68866  5.815  -19.023  48.535 0.0000000000
68867  5.361  -19.131  48.549 0.0000000000
68868  4.412  -19.249  48.535 0.0000000000
68869  3.451  -19.318  48.597 0.0000000000
68870  2.435  -19.406  48.898 0.0000000000
68871  1.922  -19.878  48.850 0.0000000000
68885  8.063  -19.073  47.227 0.0000000000
68886  7.541  -19.322  47.452 0.0000000000
68887  6.204  -19.303  48.120 0.0000000000
68888  5.007  -19.726  48.043 0.0000000000
68889  3.976  -19.801  47.964 0.0000000000
68890  3.108  -19.940  48.028 0.0000000000
68891  2.565  -20.226  47.986 0.0000000000
68901  8.951  -19.040  46.311 0.0000000000
68902  8.450  -19.291  46.719 0.0000000000
68903  7.703  -20.092  46.946 0.0000000000
68915  9.188  -19.345  45.764 0.0000000000
68916  8.696  -20.114  46.038 0.0000000000
68929  10.112  -19.221  44.260 0.0000000000
68930  9.721  -19.088  44.961 0.0000000000
68942  10.358  -19.088  43.323 0.0000000000
68954  10.425  -19.157  42.286 0.0000000000
68967  10.388  -19.224  41.267 0.0000000000
68982  10.389  -19.243  40.184 0.0000000000
68995  10.480  -19.539  39.149 0.0000000000
69007  10.530  -19.624  38.144 0.0000000000
69019  10.569  -19.651  37.094 0.0000000000
69813  1.140  -18.399  55.182 0.0000000000
69823  1.213  -18.551  54.124 0.0000000000
69829  1.159  -18.698  52.844 0.0000000000
69842  1.321  -18.385  51.629 0.0000000000
69856  2.012  -18.087  50.325 0.0000000000
69857  1.703  -18.229  50.520 0.0000000000
69865  5.125  -18.226  49.212 0.0000000000
69866  4.454  -18.016  49.459 0.0000000000
69867  3.529  -18.122  49.587 0.0000000000
69868  2.804  -18.251  49.716 0.0000000000
69869  2.138  -18.495  49.841 0.0000000000
69870  1.796  -18.635  49.939 0.0000000000
69884  6.639  -18.212  48.666 0.0000000000
69885  5.836  -18.555  48.877 0.0000000000
69886  4.850  -18.685  48.976 0.0000000000
69887  3.935  -18.713  49.058 0.0000000000
69888  3.072  -18.766  49.190 0.0000000000
69889  2.556  -18.736  49.386 0.0000000000
69904  8.066  -18.562  47.458 0.0000000000
69905  7.173  -18.528  48.140 0.0000000000
69906  6.488  -18.672  48.465 0.0000000000
69913  9.054  -18.453  46.313 0.0000000000
69914  8.668  -18.308  47.002 0.0000000000
69924  10.101  -17.853  44.793 0.0000000000
69925  9.621  -18.266  45.413 0.0000000000
69937  10.413  -18.019  43.897 0.0000000000
69938  10.034  -18.508  44.694 0.0000000000
69950  10.543  -18.195  42.690 0.0000000000
69961  10.544  -18.262  41.668 0.0000000000
69971  10.433  -18.311  40.738 0.0000000000
69984  10.346  -18.286  40.016 0.0000000000
69997  10.496  -18.567  39.387 0.0000000000
70007  10.569  -18.690  38.539 0.0000000000
70020  10.512  -18.683  37.599 0.0000000000
70825  1.385  -17.505  54.872 0.0000000000
70838  1.422  -17.516  53.796 0.0000000000
70846  1.474  -17.426  52.667 0.0000000000
70857  2.001  -16.958  51.313 0.0000000000
70858  1.688  -17.274  51.620 0.0000000000
70874  2.754  -17.121  50.578 0.0000000000
70875  2.223  -17.464  50.703 0.0000000000
70876  1.877  -17.470  50.987 0.0000000000
70890  5.360  -17.563  49.512 0.0000000000
70891  4.574  -17.239  49.857 0.0000000000
70892  3.905  -17.396  49.928 0.0000000000
70893  3.191  -17.456  50.179 0.0000000000
70894  2.602  -17.799  50.207 0.0000000000
70905  7.864  -17.173  48.240 0.0000000000
70906  7.176  -17.554  48.593 0.0000000000
70907  6.369  -17.622  49.162 0.0000000000
70922  9.201  -17.018  47.063 0.0000000000
70923  8.501  -17.448  47.561 0.0000000000
70924  7.798  -17.873  48.017 0.0000000000
70936  9.534  -17.235  46.162 0.0000000000
70937  9.024  -17.708  46.836 0.0000000000
70944  10.349  -16.993  44.566 0.0000000000
70945  9.964  -17.403  45.295 0.0000000000
70955  10.472  -16.910  43.685 0.0000000000
70964  10.527  -17.169  42.920 0.0000000000
70973  10.483  -17.324  42.007 0.0000000000
70982  10.194  -17.241  41.100 0.0000000000
70983  9.810  -16.633  40.872 0.0000000000
70991  10.179  -17.542  40.248 0.0000000000
70992  9.837  -16.790  40.427 0.0000000000
71003  10.305  -17.692  39.507 0.0000000000
71004  9.871  -16.890  39.693 0.0000000000
71018  10.483  -17.933  38.866 0.0000000000
71035  10.404  -17.814  38.095 0.0000000000
71841  2.194  -16.301  51.417 0.0000000000
71850  4.407  -16.001  50.572 0.0000000000
71851  3.815  -16.117  50.676 0.0000000000
71852  3.182  -16.399  50.746 0.0000000000
71853  2.609  -16.361  51.057 0.0000000000
71866  6.803  -16.176  49.378 0.0000000000
71867  6.074  -16.611  49.678 0.0000000000
71868  5.041  -16.505  50.191 0.0000000000
71869  4.203  -16.679  50.240 0.0000000000
71870  3.633  -16.814  50.332 0.0000000000
71883  8.269  -16.453  48.212 0.0000000000
71884  7.432  -16.463  48.769 0.0000000000
71885  6.796  -16.903  49.136 0.0000000000
71898  9.503  -16.159  46.834 0.0000000000
71899  8.912  -16.365  47.577 0.0000000000
71914  9.864  -16.230  46.076 0.0000000000
71924  10.102  -16.596  45.433 0.0000000000
71940  10.505  -16.188  43.082 0.0000000000
71949  10.181  -16.276  42.143 0.0000000000
71963  10.189  -16.779  41.628 0.0000000000
71964  9.752  -16.228  41.314 0.0000000000
72898  5.638  -15.787  50.198 0.0000000000
131189  1.745  -28.929  53.191 0.0000000000
131190  1.921  -29.201  52.952 0.0000000000
131191  2.021  -28.737  52.320 0.0000000000
131192  1.565  -28.778  53.201 0.0000000000
131193  1.842  -28.794  52.627 0.0000000000
131194  1.250  -28.465  53.562 0.0000000000
131195  1.721  -28.543  52.457 0.0000000000
131196  1.454  -28.492  52.962 0.0000000000
131197  0.736  -27.922  53.726 0.0000000000
131198  1.500  -28.379  52.690 0.0000000000
131199  0.786  -27.815  53.477 0.0000000000
