#!ascii label  , from subject FREESURFER vox2ras=TkReg 
828
71813  1.549  -16.514  54.641 0.0000000000
71821  1.533  -16.410  53.610 0.0000000000
71830  1.609  -16.339  52.622 0.0000000000
71842  1.840  -16.247  51.891 0.0000000000
71923  10.416  -15.940  44.762 0.0000000000
71931  10.519  -16.098  43.926 0.0000000000
72830  2.237  -15.173  55.444 0.0000000000
72831  1.884  -15.887  55.436 0.0000000000
72841  2.196  -14.856  54.863 0.0000000000
72842  1.835  -15.432  54.473 0.0000000000
72854  1.671  -15.525  53.445 0.0000000000
72867  1.734  -15.453  52.633 0.0000000000
72878  2.364  -15.395  51.546 0.0000000000
72879  1.938  -15.408  51.959 0.0000000000
72884  5.781  -14.897  50.445 0.0000000000
72885  4.963  -15.350  50.734 0.0000000000
72886  4.102  -15.283  50.921 0.0000000000
72887  3.448  -15.392  51.073 0.0000000000
72888  2.872  -15.421  51.247 0.0000000000
72896  7.277  -15.319  49.365 0.0000000000
72897  6.362  -15.532  49.869 0.0000000000
72908  9.372  -14.756  47.816 0.0000000000
72909  8.708  -15.441  48.222 0.0000000000
72910  7.938  -15.686  48.674 0.0000000000
72920  9.677  -15.126  47.041 0.0000000000
72921  9.257  -15.593  47.519 0.0000000000
72933  10.310  -14.790  45.703 0.0000000000
72934  9.961  -15.437  46.304 0.0000000000
72945  10.489  -15.009  44.905 0.0000000000
72946  10.225  -15.681  45.556 0.0000000000
72954  10.460  -15.179  44.099 0.0000000000
72963  10.364  -15.297  43.336 0.0000000000
72973  10.047  -15.365  42.624 0.0000000000
73825  3.109  -14.414  56.010 0.0000000000
73826  2.632  -14.883  56.221 0.0000000000
73839  3.095  -14.181  55.427 0.0000000000
73840  2.650  -14.484  55.202 0.0000000000
73850  2.234  -14.593  54.241 0.0000000000
73851  1.872  -15.040  53.908 0.0000000000
73865  2.182  -14.251  53.383 0.0000000000
73866  1.849  -14.849  53.388 0.0000000000
73877  2.237  -14.119  52.594 0.0000000000
73878  1.913  -14.719  52.640 0.0000000000
73883  3.162  -14.052  51.643 0.0000000000
73884  2.621  -14.383  51.813 0.0000000000
73885  2.126  -14.725  52.040 0.0000000000
73890  5.838  -14.008  50.552 0.0000000000
73891  5.194  -14.266  50.879 0.0000000000
73892  4.436  -14.425  51.095 0.0000000000
73893  3.668  -14.387  51.285 0.0000000000
73894  3.124  -14.702  51.385 0.0000000000
73900  7.473  -14.136  49.525 0.0000000000
73901  6.606  -14.375  50.092 0.0000000000
73910  9.358  -13.730  47.926 0.0000000000
73911  8.777  -14.279  48.452 0.0000000000
73912  8.080  -14.769  48.912 0.0000000000
73920  9.756  -14.164  47.210 0.0000000000
73930  10.371  -13.888  45.842 0.0000000000
73931  10.070  -14.523  46.478 0.0000000000
73938  10.599  -14.106  45.038 0.0000000000
73945  10.517  -14.257  44.218 0.0000000000
73953  10.325  -14.392  43.496 0.0000000000
73964  9.986  -14.482  42.877 0.0000000000
74698  4.624  -13.544  63.887 0.0000000000
74701  5.093  -13.065  62.637 0.0000000000
74702  4.851  -13.413  62.809 0.0000000000
74705  5.129  -13.171  62.193 0.0000000000
74706  4.620  -13.799  61.602 0.0000000000
74709  5.120  -13.300  61.221 0.0000000000
74716  5.001  -13.327  60.155 0.0000000000
74728  4.897  -13.377  59.069 0.0000000000
74744  4.901  -13.451  57.953 0.0000000000
74745  4.141  -13.755  57.273 0.0000000000
74746  3.525  -14.046  56.625 0.0000000000
74762  4.765  -13.416  56.966 0.0000000000
74763  4.115  -13.612  56.228 0.0000000000
74764  3.478  -13.969  55.734 0.0000000000
74783  3.796  -13.533  55.431 0.0000000000
74784  3.157  -13.752  54.836 0.0000000000
74785  2.664  -14.182  54.579 0.0000000000
74805  2.969  -13.410  53.934 0.0000000000
74806  2.641  -13.969  54.038 0.0000000000
74825  2.903  -13.087  53.236 0.0000000000
74826  2.517  -13.655  53.307 0.0000000000
74839  3.154  -13.068  52.528 0.0000000000
74840  2.674  -13.587  52.571 0.0000000000
74851  4.287  -13.031  51.500 0.0000000000
74852  3.588  -13.338  51.805 0.0000000000
74853  2.993  -13.633  52.052 0.0000000000
74862  6.227  -13.208  50.349 0.0000000000
74863  5.374  -13.351  50.794 0.0000000000
74864  4.696  -13.567  51.153 0.0000000000
74865  4.086  -13.707  51.319 0.0000000000
74873  7.544  -13.168  49.509 0.0000000000
74874  6.965  -13.497  49.912 0.0000000000
74880  9.331  -12.744  47.948 0.0000000000
74881  8.771  -13.245  48.522 0.0000000000
74882  8.162  -13.715  49.035 0.0000000000
74889  9.700  -13.195  47.235 0.0000000000
74897  10.397  -13.023  45.988 0.0000000000
74898  10.093  -13.611  46.595 0.0000000000
74905  10.690  -13.205  45.181 0.0000000000
74912  10.739  -13.333  44.315 0.0000000000
74919  10.536  -13.467  43.528 0.0000000000
74931  10.153  -13.596  42.927 0.0000000000
74932  9.586  -13.639  42.513 0.0000000000
75767  4.619  -12.538  65.534 0.0000000000
75770  4.496  -12.436  64.734 0.0000000000
75774  4.882  -12.164  63.402 0.0000000000
75775  4.729  -12.343  63.756 0.0000000000
75783  5.142  -12.555  62.951 0.0000000000
75784  4.977  -12.793  63.194 0.0000000000
75794  5.466  -12.563  62.005 0.0000000000
75805  6.029  -12.259  60.298 0.0000000000
75806  5.668  -12.624  60.897 0.0000000000
75817  6.090  -12.266  59.465 0.0000000000
75818  5.529  -12.797  59.763 0.0000000000
75827  6.058  -12.267  58.437 0.0000000000
75828  5.514  -12.844  58.687 0.0000000000
75841  6.079  -12.232  57.742 0.0000000000
75842  5.525  -12.789  57.420 0.0000000000
75856  4.873  -13.056  56.072 0.0000000000
75857  4.214  -13.314  55.617 0.0000000000
75869  4.894  -12.661  55.296 0.0000000000
75870  4.047  -12.930  54.842 0.0000000000
75871  3.356  -13.232  54.358 0.0000000000
75885  3.992  -12.456  53.768 0.0000000000
75886  3.388  -12.897  53.880 0.0000000000
75896  4.086  -12.199  52.989 0.0000000000
75897  3.419  -12.572  53.144 0.0000000000
75907  4.401  -12.336  52.366 0.0000000000
75908  3.736  -12.629  52.452 0.0000000000
75919  5.297  -12.161  51.469 0.0000000000
75920  4.652  -12.467  51.778 0.0000000000
75921  4.095  -12.702  51.974 0.0000000000
75933  6.484  -12.251  50.501 0.0000000000
75934  5.642  -12.512  50.826 0.0000000000
75935  4.914  -12.769  51.187 0.0000000000
75950  8.339  -11.971  49.261 0.0000000000
75951  7.680  -12.353  49.672 0.0000000000
75952  6.959  -12.709  49.963 0.0000000000
75968  9.429  -11.880  48.125 0.0000000000
75969  8.815  -12.328  48.612 0.0000000000
75970  8.200  -12.769  49.092 0.0000000000
75985  10.436  -11.713  46.741 0.0000000000
75986  9.968  -12.147  47.236 0.0000000000
76000  10.529  -12.169  46.282 0.0000000000
76001  10.106  -12.832  46.664 0.0000000000
76008  10.803  -12.423  45.406 0.0000000000
76011  11.323  -11.865  44.087 0.0000000000
76012  11.038  -12.367  44.469 0.0000000000
76015  11.216  -12.038  43.786 0.0000000000
76016  10.926  -12.522  43.538 0.0000000000
76024  10.433  -12.656  42.777 0.0000000000
76025  9.874  -12.897  42.475 0.0000000000
76037  10.082  -12.420  42.345 0.0000000000
76038  9.661  -12.264  42.122 0.0000000000
76865  4.617  -11.572  65.959 0.0000000000
76870  4.148  -11.264  65.402 0.0000000000
76871  3.742  -10.718  65.438 0.0000000000
76877  4.073  -11.437  64.726 0.0000000000
76878  3.639  -10.794  65.224 0.0000000000
76885  4.705  -11.623  63.461 0.0000000000
76886  4.011  -11.200  64.165 0.0000000000
76887  3.540  -10.853  64.777 0.0000000000
76895  5.281  -11.664  62.775 0.0000000000
76903  6.129  -11.203  61.296 0.0000000000
76904  5.826  -11.633  61.865 0.0000000000
76910  6.444  -11.403  60.379 0.0000000000
76911  6.081  -11.875  60.958 0.0000000000
76917  6.521  -11.599  59.158 0.0000000000
76923  6.468  -11.728  58.130 0.0000000000
76928  6.217  -12.098  56.964 0.0000000000
76929  5.559  -12.648  56.580 0.0000000000
76934  6.272  -11.947  55.711 0.0000000000
76935  5.557  -12.504  55.900 0.0000000000
76942  6.165  -11.697  54.678 0.0000000000
76943  5.348  -12.229  54.942 0.0000000000
76944  4.694  -12.507  54.838 0.0000000000
76952  6.049  -11.418  53.797 0.0000000000
76953  5.303  -11.824  54.075 0.0000000000
76954  4.632  -12.305  54.313 0.0000000000
76966  6.095  -11.357  52.987 0.0000000000
76967  5.380  -11.720  53.249 0.0000000000
76968  4.671  -12.073  53.508 0.0000000000
76979  6.234  -11.335  52.264 0.0000000000
76980  5.527  -11.686  52.521 0.0000000000
76981  4.838  -12.017  52.785 0.0000000000
76989  6.535  -11.423  51.597 0.0000000000
76990  5.725  -11.677  51.829 0.0000000000
76991  5.056  -12.042  52.127 0.0000000000
77000  7.803  -11.374  50.562 0.0000000000
77001  7.153  -11.592  50.827 0.0000000000
77002  6.069  -11.844  51.135 0.0000000000
77012  8.592  -11.461  49.469 0.0000000000
77013  7.940  -11.621  50.045 0.0000000000
77014  7.225  -12.077  50.210 0.0000000000
77027  9.553  -11.261  48.324 0.0000000000
77028  9.004  -11.508  48.813 0.0000000000
77044  10.416  -11.309  47.109 0.0000000000
77045  9.938  -11.338  47.757 0.0000000000
77059  11.243  -10.679  45.918 0.0000000000
77060  10.820  -11.210  46.282 0.0000000000
77073  11.332  -10.987  45.396 0.0000000000
77074  10.979  -11.712  45.484 0.0000000000
77084  11.351  -11.484  44.533 0.0000000000
77085  11.025  -11.989  44.967 0.0000000000
77094  11.358  -11.478  43.584 0.0000000000
77095  11.126  -11.851  43.342 0.0000000000
77105  11.184  -11.464  43.085 0.0000000000
77106  10.847  -11.742  42.807 0.0000000000
77119  10.256  -11.844  42.138 0.0000000000
77120  9.551  -11.617  41.570 0.0000000000
77923  4.844  -10.728  66.015 0.0000000000
77924  4.109  -10.491  65.670 0.0000000000
77925  3.747  -10.044  65.559 0.0000000000
77930  5.388  -10.504  65.841 0.0000000000
77931  3.906  -10.602  65.575 0.0000000000
77932  3.635  -10.236  65.463 0.0000000000
77941  3.241  -10.287  65.099 0.0000000000
77945  4.685  -10.953  63.188 0.0000000000
77946  3.897  -10.634  63.628 0.0000000000
77947  3.325  -10.436  64.406 0.0000000000
77951  5.121  -10.610  62.686 0.0000000000
77952  4.278  -10.386  63.115 0.0000000000
77958  6.208  -10.441  61.259 0.0000000000
77959  5.731  -10.542  61.914 0.0000000000
77962  6.973  -9.984  60.148 0.0000000000
77963  6.620  -10.271  60.616 0.0000000000
77965  7.314  -10.136  59.444 0.0000000000
77966  6.874  -10.773  59.761 0.0000000000
77969  7.580  -10.271  58.436 0.0000000000
77970  7.001  -10.991  58.773 0.0000000000
77972  7.597  -10.607  57.313 0.0000000000
77973  6.996  -11.204  57.700 0.0000000000
77976  8.188  -10.145  56.032 0.0000000000
77977  7.641  -10.687  56.242 0.0000000000
77978  7.014  -11.366  56.557 0.0000000000
77981  8.115  -10.117  55.488 0.0000000000
77982  7.650  -10.469  55.203 0.0000000000
77983  6.991  -11.263  55.436 0.0000000000
77985  7.434  -10.514  54.166 0.0000000000
77986  6.887  -11.118  54.422 0.0000000000
77992  7.379  -10.518  53.301 0.0000000000
77993  6.784  -11.026  53.532 0.0000000000
78004  7.447  -10.563  52.523 0.0000000000
78005  6.807  -10.991  52.748 0.0000000000
78014  9.103  -9.883  51.282 0.0000000000
78015  8.385  -10.338  51.503 0.0000000000
78016  7.658  -10.701  51.783 0.0000000000
78017  6.952  -11.010  52.046 0.0000000000
78026  9.369  -9.973  50.584 0.0000000000
78027  8.815  -10.468  50.691 0.0000000000
78028  8.004  -11.036  50.928 0.0000000000
78029  7.249  -11.164  51.454 0.0000000000
78040  9.337  -10.304  49.907 0.0000000000
78041  8.677  -11.016  49.939 0.0000000000
78042  8.113  -11.265  50.380 0.0000000000
78053  10.280  -10.227  48.322 0.0000000000
78054  9.637  -10.682  48.844 0.0000000000
78055  8.960  -11.165  49.254 0.0000000000
78067  11.041  -9.946  47.028 0.0000000000
78068  10.477  -10.513  47.614 0.0000000000
78069  9.885  -10.948  48.131 0.0000000000
78077  11.145  -10.337  46.486 0.0000000000
78078  10.713  -10.846  46.878 0.0000000000
78087  12.125  -9.647  45.151 0.0000000000
78088  11.714  -10.173  45.500 0.0000000000
78097  12.185  -9.856  44.618 0.0000000000
78098  11.810  -10.601  44.594 0.0000000000
78108  12.162  -10.075  43.770 0.0000000000
78109  11.734  -10.816  43.684 0.0000000000
78120  11.938  -10.249  43.066 0.0000000000
78121  11.370  -10.798  42.671 0.0000000000
78122  10.743  -11.170  42.129 0.0000000000
78136  11.015  -10.557  41.607 0.0000000000
78137  10.322  -11.041  41.458 0.0000000000
78138  9.708  -11.066  41.093 0.0000000000
78154  10.719  -10.559  41.084 0.0000000000
78155  10.258  -10.638  40.686 0.0000000000
78904  4.319  -10.003  65.700 0.0000000000
78905  3.827  -9.809  65.586 0.0000000000
78906  3.580  -9.832  65.508 0.0000000000
78908  5.726  -9.872  65.488 0.0000000000
78909  4.829  -9.829  65.671 0.0000000000
78910  4.081  -9.394  65.656 0.0000000000
78911  3.313  -9.410  65.451 0.0000000000
78912  2.992  -8.835  65.274 0.0000000000
78921  6.428  -9.581  65.075 0.0000000000
78922  2.866  -9.738  64.747 0.0000000000
78923  2.715  -9.029  64.974 0.0000000000
78929  3.676  -10.046  63.270 0.0000000000
78930  3.019  -9.770  63.806 0.0000000000
78931  2.533  -9.228  64.350 0.0000000000
78935  5.064  -9.779  62.300 0.0000000000
78936  4.150  -9.763  62.795 0.0000000000
78937  3.353  -9.580  63.159 0.0000000000
78945  6.068  -9.526  61.201 0.0000000000
78946  5.590  -9.686  61.748 0.0000000000
78953  7.219  -9.235  60.149 0.0000000000
78954  6.578  -9.357  60.669 0.0000000000
78957  8.061  -8.889  58.858 0.0000000000
78958  7.776  -9.259  59.314 0.0000000000
78961  8.189  -9.052  58.303 0.0000000000
78962  7.955  -9.505  58.566 0.0000000000
78964  8.357  -9.219  57.607 0.0000000000
78965  7.991  -9.821  57.882 0.0000000000
78968  8.551  -9.399  56.713 0.0000000000
78969  8.114  -10.037  56.987 0.0000000000
78971  8.558  -9.676  55.588 0.0000000000
78972  8.086  -10.094  55.236 0.0000000000
78974  9.042  -9.119  54.110 0.0000000000
78975  8.635  -9.484  54.586 0.0000000000
78976  8.031  -10.045  54.768 0.0000000000
78981  9.125  -9.050  53.422 0.0000000000
78982  8.536  -9.588  53.660 0.0000000000
78983  7.953  -10.013  53.913 0.0000000000
78990  9.221  -9.038  52.581 0.0000000000
78991  8.613  -9.637  52.845 0.0000000000
78992  7.968  -10.068  53.076 0.0000000000
79002  9.385  -9.120  51.764 0.0000000000
79003  8.732  -9.659  52.021 0.0000000000
79004  8.107  -10.166  52.289 0.0000000000
79016  10.340  -8.995  50.333 0.0000000000
79017  9.753  -9.299  50.947 0.0000000000
79030  10.961  -8.977  49.039 0.0000000000
79031  10.398  -9.383  49.586 0.0000000000
79032  9.866  -9.711  50.135 0.0000000000
79043  11.090  -9.298  48.299 0.0000000000
79044  10.404  -9.792  48.788 0.0000000000
79045  9.914  -9.995  49.436 0.0000000000
79056  11.153  -9.568  47.519 0.0000000000
79057  10.622  -9.855  48.073 0.0000000000
79065  12.051  -8.957  46.249 0.0000000000
79066  11.635  -9.463  46.632 0.0000000000
79073  12.084  -9.291  45.688 0.0000000000
79074  11.635  -9.827  46.074 0.0000000000
79081  12.422  -9.175  44.778 0.0000000000
79090  12.455  -9.228  43.870 0.0000000000
79100  12.254  -9.425  42.890 0.0000000000
79101  11.928  -9.981  42.466 0.0000000000
79114  12.124  -9.435  42.128 0.0000000000
79115  11.738  -9.855  41.720 0.0000000000
79131  11.173  -9.944  40.689 0.0000000000
79132  10.471  -10.120  40.088 0.0000000000
79149  10.830  -9.537  39.833 0.0000000000
79881  5.179  -9.342  65.498 0.0000000000
79882  4.623  -9.001  65.516 0.0000000000
79883  3.827  -8.559  65.510 0.0000000000
79884  3.255  -8.531  65.328 0.0000000000
79885  2.897  -8.440  64.992 0.0000000000
79892  6.691  -9.244  64.715 0.0000000000
79893  5.725  -8.699  65.006 0.0000000000
79894  4.442  -8.238  65.249 0.0000000000
79895  4.152  -8.080  65.578 0.0000000000
79896  2.534  -8.506  64.405 0.0000000000
79899  10.288  -8.340  64.040 0.0000000000
79900  9.465  -8.529  63.855 0.0000000000
79901  8.602  -8.863  63.932 0.0000000000
79902  7.257  -8.727  64.110 0.0000000000
79903  6.242  -8.011  64.239 0.0000000000
79904  2.942  -9.323  63.298 0.0000000000
79905  2.476  -8.901  63.572 0.0000000000
79908  5.081  -9.296  62.005 0.0000000000
79909  4.422  -9.163  62.217 0.0000000000
79910  3.239  -8.951  62.680 0.0000000000
79911  2.468  -8.338  62.916 0.0000000000
79917  5.965  -8.835  61.037 0.0000000000
79918  5.181  -8.751  61.618 0.0000000000
79919  3.957  -8.480  61.983 0.0000000000
79920  3.276  -8.384  62.170 0.0000000000
79927  7.276  -8.258  59.934 0.0000000000
79928  6.393  -8.341  60.601 0.0000000000
79929  5.602  -8.277  61.069 0.0000000000
79937  8.026  -8.430  58.641 0.0000000000
79938  7.698  -8.182  59.197 0.0000000000
79941  8.232  -8.271  58.124 0.0000000000
79942  7.822  -7.829  58.658 0.0000000000
79945  8.607  -8.437  57.399 0.0000000000
79948  9.386  -8.036  55.808 0.0000000000
79949  9.055  -8.510  56.486 0.0000000000
79952  9.419  -8.107  55.042 0.0000000000
79953  9.130  -8.839  55.389 0.0000000000
79955  9.442  -8.299  54.116 0.0000000000
79956  9.183  -8.805  54.673 0.0000000000
79962  9.572  -8.233  53.126 0.0000000000
79968  10.078  -7.916  51.835 0.0000000000
79969  9.725  -8.262  52.243 0.0000000000
79974  10.383  -7.929  51.296 0.0000000000
79975  9.896  -8.517  51.500 0.0000000000
79985  11.090  -7.873  49.808 0.0000000000
79986  10.710  -8.068  50.478 0.0000000000
79987  10.227  -8.589  50.929 0.0000000000
80000  11.323  -8.161  49.241 0.0000000000
80001  10.803  -8.588  49.754 0.0000000000
80015  11.870  -8.259  47.865 0.0000000000
80016  11.580  -8.425  48.459 0.0000000000
80030  11.980  -8.434  47.420 0.0000000000
80031  11.583  -8.854  47.809 0.0000000000
80040  12.142  -8.585  46.736 0.0000000000
80041  11.729  -9.011  47.238 0.0000000000
80048  12.401  -8.474  45.958 0.0000000000
80056  12.607  -8.456  45.128 0.0000000000
80064  12.640  -8.383  44.176 0.0000000000
80074  12.485  -8.293  43.082 0.0000000000
80084  12.374  -8.622  41.984 0.0000000000
80085  12.101  -9.188  41.698 0.0000000000
80097  12.276  -8.234  41.452 0.0000000000
80098  12.005  -8.789  41.066 0.0000000000
80116  11.385  -8.817  40.045 0.0000000000
80811  3.687  -8.086  65.345 0.0000000000
80812  3.517  -8.063  65.266 0.0000000000
80813  2.905  -8.029  65.016 0.0000000000
80818  5.679  -7.837  64.515 0.0000000000
80819  4.991  -7.491  64.614 0.0000000000
80820  3.918  -7.661  65.042 0.0000000000
80821  3.339  -7.654  64.881 0.0000000000
80822  2.856  -7.772  64.580 0.0000000000
80825  11.760  -7.344  64.252 0.0000000000
80826  11.004  -7.540  63.930 0.0000000000
80827  9.961  -7.738  63.511 0.0000000000
80828  8.533  -7.638  63.316 0.0000000000
80829  6.919  -7.463  63.586 0.0000000000
80830  5.800  -7.250  63.971 0.0000000000
80831  5.294  -6.930  64.149 0.0000000000
80832  2.277  -7.710  63.589 0.0000000000
80833  2.056  -7.071  62.870 0.0000000000
80836  10.443  -7.004  63.294 0.0000000000
80837  9.588  -6.959  62.996 0.0000000000
80838  8.954  -6.835  62.899 0.0000000000
80839  2.847  -8.238  62.376 0.0000000000
80840  2.332  -7.622  62.441 0.0000000000
80841  2.000  -6.890  62.208 0.0000000000
80846  13.595  -7.321  61.941 0.0000000000
80847  5.130  -8.092  61.237 0.0000000000
80848  4.443  -7.981  61.367 0.0000000000
80849  3.252  -7.772  61.708 0.0000000000
80850  2.439  -6.957  61.564 0.0000000000
80851  2.025  -6.708  61.784 0.0000000000
80856  7.186  -7.682  59.570 0.0000000000
80857  6.422  -7.318  59.925 0.0000000000
80858  5.277  -7.496  60.785 0.0000000000
80859  4.022  -7.229  60.968 0.0000000000
80860  3.151  -6.942  61.063 0.0000000000
80861  2.731  -6.659  61.047 0.0000000000
80870  7.136  -7.230  59.061 0.0000000000
80871  6.476  -6.895  59.359 0.0000000000
80879  8.324  -7.786  57.778 0.0000000000
80880  7.805  -7.178  58.116 0.0000000000
80883  8.531  -7.285  57.287 0.0000000000
80884  7.924  -6.720  57.605 0.0000000000
80886  9.399  -7.289  55.496 0.0000000000
80887  9.161  -7.288  56.371 0.0000000000
80892  9.564  -7.304  54.617 0.0000000000
80898  9.747  -7.323  53.639 0.0000000000
80905  10.171  -6.852  52.350 0.0000000000
80906  9.957  -7.318  52.651 0.0000000000
80912  10.368  -7.168  51.885 0.0000000000
80913  10.015  -7.664  52.164 0.0000000000
80920  10.776  -7.148  50.928 0.0000000000
80926  11.405  -7.318  49.357 0.0000000000
80927  11.124  -7.193  50.106 0.0000000000
80933  11.663  -7.612  48.748 0.0000000000
80942  12.072  -8.000  47.615 0.0000000000
80943  11.951  -7.500  47.911 0.0000000000
80951  12.260  -7.771  47.152 0.0000000000
80952  12.211  -6.977  47.176 0.0000000000
80963  12.509  -7.756  46.350 0.0000000000
80975  12.662  -7.652  45.508 0.0000000000
80986  12.690  -7.572  44.593 0.0000000000
80996  12.542  -7.505  43.688 0.0000000000
81007  12.380  -7.361  42.951 0.0000000000
81019  12.397  -7.517  42.123 0.0000000000
81020  12.118  -7.040  41.678 0.0000000000
81030  12.396  -7.971  41.660 0.0000000000
81031  12.109  -7.552  41.241 0.0000000000
81042  11.643  -7.813  40.360 0.0000000000
81043  11.112  -7.847  39.583 0.0000000000
81739  12.682  -7.121  64.296 0.0000000000
81741  4.982  -6.730  64.199 0.0000000000
81742  4.305  -6.837  64.304 0.0000000000
81743  3.529  -7.019  64.445 0.0000000000
81744  3.177  -7.352  64.538 0.0000000000
81745  13.233  -6.801  63.397 0.0000000000
81746  12.861  -6.624  63.860 0.0000000000
81747  12.298  -6.855  64.158 0.0000000000
81748  11.677  -6.684  63.851 0.0000000000
81749  8.485  -6.582  62.859 0.0000000000
81750  7.533  -6.432  63.025 0.0000000000
81751  6.452  -6.440  63.403 0.0000000000
81752  5.534  -6.347  63.731 0.0000000000
81753  4.855  -6.268  63.890 0.0000000000
81754  3.366  -6.659  64.054 0.0000000000
81755  2.899  -6.858  64.021 0.0000000000
81756  2.271  -6.650  63.276 0.0000000000
81757  13.315  -6.473  62.527 0.0000000000
81758  13.118  -6.127  63.210 0.0000000000
81759  11.036  -6.436  63.420 0.0000000000
81760  10.239  -6.205  62.831 0.0000000000
81761  9.158  -6.151  62.534 0.0000000000
81762  8.238  -5.885  62.627 0.0000000000
81763  1.965  -6.470  62.648 0.0000000000
81767  13.350  -6.516  61.328 0.0000000000
81768  2.106  -6.500  61.508 0.0000000000
81769  1.907  -6.305  61.959 0.0000000000
81773  5.384  -6.794  60.052 0.0000000000
81774  4.503  -6.721  60.293 0.0000000000
81775  3.618  -6.592  60.447 0.0000000000
81776  2.965  -6.459  60.618 0.0000000000
81777  2.413  -6.272  60.938 0.0000000000
81778  2.030  -6.043  61.386 0.0000000000
81783  6.453  -6.616  58.982 0.0000000000
81784  5.797  -6.518  59.372 0.0000000000
81785  4.833  -6.342  59.590 0.0000000000
81786  3.969  -6.175  59.722 0.0000000000
81787  3.217  -6.132  59.996 0.0000000000
81788  2.751  -6.057  60.304 0.0000000000
81796  6.851  -6.482  58.416 0.0000000000
81797  5.880  -6.113  58.550 0.0000000000
81798  5.023  -6.064  58.893 0.0000000000
81799  4.405  -5.984  59.183 0.0000000000
81806  8.007  -6.421  57.243 0.0000000000
81807  7.197  -6.108  57.535 0.0000000000
81808  6.315  -6.013  57.947 0.0000000000
81810  9.144  -6.599  55.897 0.0000000000
81811  8.365  -6.150  56.504 0.0000000000
81812  7.708  -6.012  56.991 0.0000000000
81819  9.303  -6.405  55.083 0.0000000000
81820  8.823  -6.024  55.671 0.0000000000
81828  9.533  -6.418  54.081 0.0000000000
81837  10.050  -6.685  52.566 0.0000000000
81838  9.819  -6.317  52.997 0.0000000000
81846  10.233  -6.225  52.181 0.0000000000
81847  9.900  -5.800  52.489 0.0000000000
81855  10.629  -6.184  51.209 0.0000000000
81861  11.209  -6.462  49.452 0.0000000000
81862  10.935  -6.269  50.277 0.0000000000
81870  11.584  -6.635  48.535 0.0000000000
81879  11.816  -6.403  47.472 0.0000000000
81884  12.414  -7.111  46.648 0.0000000000
81885  12.057  -6.306  46.480 0.0000000000
81890  12.497  -6.895  45.923 0.0000000000
81891  12.002  -6.139  45.428 0.0000000000
81900  12.453  -6.799  45.011 0.0000000000
81901  11.922  -6.116  44.496 0.0000000000
81910  12.372  -6.756  44.112 0.0000000000
81911  11.825  -6.170  43.651 0.0000000000
81919  12.197  -6.773  43.310 0.0000000000
81920  11.725  -6.284  42.918 0.0000000000
81927  12.113  -6.802  42.587 0.0000000000
81928  11.711  -6.329  42.253 0.0000000000
81937  12.072  -6.773  42.000 0.0000000000
81938  11.617  -6.490  41.489 0.0000000000
81939  11.108  -6.155  40.811 0.0000000000
81950  11.503  -6.869  40.621 0.0000000000
81951  10.969  -6.336  40.090 0.0000000000
81959  11.228  -7.113  39.955 0.0000000000
82663  3.896  -6.632  64.129 0.0000000000
82664  3.660  -6.516  64.010 0.0000000000
82665  12.473  -6.273  63.707 0.0000000000
82666  12.105  -6.092  63.598 0.0000000000
82667  11.570  -5.954  63.427 0.0000000000
82668  6.896  -5.827  63.077 0.0000000000
82669  6.333  -5.388  63.269 0.0000000000
82670  5.329  -5.483  63.505 0.0000000000
82671  4.297  -5.970  63.741 0.0000000000
82672  3.479  -6.035  63.690 0.0000000000
82673  2.741  -5.871  63.289 0.0000000000
82674  2.128  -6.017  62.934 0.0000000000
82675  13.050  -5.706  62.621 0.0000000000
82676  12.539  -5.575  63.110 0.0000000000
82677  11.827  -5.341  63.109 0.0000000000
82678  10.945  -5.337  62.953 0.0000000000
82679  9.808  -5.200  62.441 0.0000000000
82680  8.678  -5.118  62.512 0.0000000000
82681  7.485  -5.135  62.816 0.0000000000
82682  6.836  -4.435  63.115 0.0000000000
82683  2.367  -5.421  62.559 0.0000000000
82684  1.969  -5.916  62.417 0.0000000000
82688  13.101  -5.711  61.782 0.0000000000
82689  12.778  -5.050  62.156 0.0000000000
82690  2.304  -5.011  62.095 0.0000000000
82691  2.012  -5.458  61.764 0.0000000000
82695  13.069  -5.803  60.692 0.0000000000
82696  12.745  -5.058  61.147 0.0000000000
82697  2.405  -5.772  60.342 0.0000000000
82698  1.995  -5.528  60.811 0.0000000000
82703  12.694  -5.193  60.063 0.0000000000
82704  3.935  -5.765  59.139 0.0000000000
82705  3.393  -5.766  59.362 0.0000000000
82706  2.678  -5.626  59.629 0.0000000000
82707  2.107  -5.342  60.023 0.0000000000
82714  5.646  -5.811  57.889 0.0000000000
82715  5.038  -5.756  58.184 0.0000000000
82716  4.275  -5.669  58.548 0.0000000000
82717  3.554  -5.522  58.717 0.0000000000
82718  2.981  -5.471  58.918 0.0000000000
82726  6.620  -5.601  57.048 0.0000000000
82727  6.005  -5.612  57.346 0.0000000000
82728  5.061  -5.504  57.485 0.0000000000
82729  4.336  -5.413  57.765 0.0000000000
82730  3.611  -5.260  57.971 0.0000000000
82731  3.116  -5.262  58.343 0.0000000000
82737  7.687  -5.523  56.076 0.0000000000
82738  7.137  -5.539  56.563 0.0000000000
82739  6.097  -5.284  56.638 0.0000000000
82740  5.128  -5.082  56.747 0.0000000000
82741  4.294  -5.091  57.062 0.0000000000
82742  3.805  -5.067  57.398 0.0000000000
82750  8.760  -5.708  55.086 0.0000000000
82751  8.075  -5.475  55.523 0.0000000000
82752  7.055  -5.097  55.574 0.0000000000
82753  6.180  -4.967  55.901 0.0000000000
82754  5.499  -4.816  56.179 0.0000000000
82760  9.035  -5.674  54.392 0.0000000000
82761  8.105  -5.222  54.512 0.0000000000
82762  7.427  -5.003  54.937 0.0000000000
82770  9.234  -5.604  53.494 0.0000000000
82771  8.465  -5.203  53.704 0.0000000000
82779  9.934  -5.490  52.084 0.0000000000
82780  9.359  -5.208  52.501 0.0000000000
82781  8.663  -5.023  53.005 0.0000000000
82789  10.147  -5.427  51.381 0.0000000000
82790  9.566  -4.935  51.593 0.0000000000
82798  10.826  -5.730  49.517 0.0000000000
82799  10.267  -5.126  50.090 0.0000000000
82800  9.686  -4.803  50.801 0.0000000000
82810  11.064  -5.740  48.725 0.0000000000
82811  10.398  -5.174  48.896 0.0000000000
82819  11.244  -5.697  47.771 0.0000000000
82820  10.463  -5.237  47.942 0.0000000000
82824  11.340  -5.632  46.773 0.0000000000
82825  10.568  -5.144  47.001 0.0000000000
82829  11.363  -5.584  45.787 0.0000000000
82830  10.598  -5.137  46.057 0.0000000000
82836  11.333  -5.564  44.832 0.0000000000
82844  11.299  -5.628  43.945 0.0000000000
82854  11.309  -5.734  43.138 0.0000000000
82864  11.366  -5.915  42.549 0.0000000000
82873  11.299  -5.896  42.016 0.0000000000
83644  6.072  -4.295  63.317 0.0000000000
83645  5.029  -4.743  63.178 0.0000000000
83646  4.135  -5.110  63.410 0.0000000000
83647  3.456  -5.156  63.226 0.0000000000
83648  2.943  -5.117  62.847 0.0000000000
83649  12.041  -4.912  62.823 0.0000000000
83650  11.488  -4.314  62.608 0.0000000000
83651  10.353  -4.210  62.403 0.0000000000
83652  9.174  -4.191  62.382 0.0000000000
83653  8.239  -4.310  62.634 0.0000000000
83654  7.546  -3.954  62.931 0.0000000000
83655  6.891  -3.608  63.176 0.0000000000
83656  4.575  -4.569  63.080 0.0000000000
83657  4.126  -4.454  63.000 0.0000000000
83658  3.453  -4.490  62.698 0.0000000000
83659  2.727  -4.634  62.302 0.0000000000
83663  12.210  -4.494  62.386 0.0000000000
83664  11.837  -3.809  62.260 0.0000000000
83665  2.278  -4.589  61.616 0.0000000000
83666  1.900  -4.890  61.095 0.0000000000
83670  12.409  -4.283  61.519 0.0000000000
83671  12.218  -3.851  60.867 0.0000000000
83672  2.139  -4.316  60.879 0.0000000000
83673  1.874  -4.649  60.266 0.0000000000
83677  12.376  -4.469  60.537 0.0000000000
83678  11.971  -3.925  60.065 0.0000000000
83679  2.579  -5.296  59.058 0.0000000000
83680  2.124  -4.847  59.231 0.0000000000
83687  2.616  -5.064  58.549 0.0000000000
83688  2.189  -4.486  58.208 0.0000000000
83695  3.408  -4.944  57.440 0.0000000000
83696  2.849  -4.809  57.648 0.0000000000
83697  2.141  -4.239  57.338 0.0000000000
83705  4.814  -4.601  56.032 0.0000000000
83706  4.163  -4.684  56.276 0.0000000000
83707  3.347  -4.704  56.733 0.0000000000
83708  2.461  -4.380  56.697 0.0000000000
83709  1.967  -4.063  56.671 0.0000000000
83719  6.731  -4.709  54.806 0.0000000000
83720  6.047  -4.609  55.053 0.0000000000
83721  5.136  -4.509  55.351 0.0000000000
83722  4.148  -4.467  55.399 0.0000000000
83723  3.360  -4.436  55.618 0.0000000000
83724  2.550  -4.297  55.773 0.0000000000
83725  2.039  -4.135  56.118 0.0000000000
83733  7.707  -4.862  53.709 0.0000000000
83734  7.034  -4.622  54.120 0.0000000000
83735  6.005  -4.372  54.204 0.0000000000
83736  5.095  -4.309  54.355 0.0000000000
83737  4.202  -4.354  54.499 0.0000000000
83738  3.406  -4.332  54.672 0.0000000000
83739  2.740  -4.203  54.915 0.0000000000
83747  7.865  -4.706  53.015 0.0000000000
83748  6.989  -4.391  53.155 0.0000000000
83749  6.056  -4.133  53.334 0.0000000000
83750  5.086  -4.168  53.440 0.0000000000
83751  4.214  -4.242  53.573 0.0000000000
83752  3.443  -4.254  53.741 0.0000000000
83753  2.818  -4.092  53.992 0.0000000000
83761  8.929  -4.482  51.694 0.0000000000
83762  8.222  -4.383  52.182 0.0000000000
83763  7.074  -4.195  52.256 0.0000000000
83764  6.077  -4.030  52.378 0.0000000000
83765  5.104  -4.070  52.515 0.0000000000
83766  4.225  -4.123  52.666 0.0000000000
83767  3.472  -4.142  52.835 0.0000000000
83776  8.989  -4.360  50.871 0.0000000000
83777  8.111  -4.112  51.054 0.0000000000
83778  7.134  -3.974  51.264 0.0000000000
83779  6.112  -4.065  51.406 0.0000000000
83780  5.141  -4.052  51.568 0.0000000000
83792  9.541  -4.630  49.453 0.0000000000
83793  9.154  -4.381  49.887 0.0000000000
83794  8.111  -4.092  50.032 0.0000000000
83795  7.128  -4.024  50.210 0.0000000000
83796  6.149  -4.064  50.421 0.0000000000
83806  9.652  -4.769  48.923 0.0000000000
83807  8.877  -4.574  48.935 0.0000000000
83808  8.057  -4.377  49.080 0.0000000000
83815  9.683  -4.876  48.061 0.0000000000
83816  8.840  -4.769  48.129 0.0000000000
83824  9.764  -4.761  47.174 0.0000000000
84620  6.446  -3.150  63.178 0.0000000000
84621  5.721  -3.551  63.079 0.0000000000
84622  11.493  -3.569  62.295 0.0000000000
84623  10.805  -3.144  62.362 0.0000000000
84624  9.568  -3.205  62.425 0.0000000000
84625  8.394  -3.340  62.689 0.0000000000
84626  7.523  -3.115  63.001 0.0000000000
84627  7.012  -2.901  63.145 0.0000000000
84628  5.004  -3.948  62.667 0.0000000000
84629  4.252  -3.773  62.303 0.0000000000
84630  3.348  -3.961  62.079 0.0000000000
84631  2.748  -4.086  61.779 0.0000000000
84635  12.120  -3.795  61.931 0.0000000000
84636  11.624  -3.114  61.804 0.0000000000
84637  11.050  -2.634  62.042 0.0000000000
84638  3.950  -3.382  61.572 0.0000000000
84639  3.170  -3.617  61.410 0.0000000000
84640  2.559  -3.893  61.134 0.0000000000
84643  12.119  -3.610  61.399 0.0000000000
84644  11.865  -3.246  60.710 0.0000000000
84645  3.642  -3.165  60.961 0.0000000000
84646  2.923  -3.182  60.800 0.0000000000
84647  2.251  -3.545  60.226 0.0000000000
84648  1.821  -4.059  59.540 0.0000000000
84653  2.014  -3.292  59.199 0.0000000000
84654  1.764  -3.990  58.704 0.0000000000
84661  2.002  -3.246  58.283 0.0000000000
84662  1.903  -3.827  57.857 0.0000000000
84669  1.921  -3.275  57.599 0.0000000000
84670  1.851  -3.600  57.063 0.0000000000
84677  1.805  -3.650  56.227 0.0000000000
84688  2.332  -4.054  55.112 0.0000000000
84689  2.001  -3.789  55.397 0.0000000000
85515  8.293  -1.995  63.170 0.0000000000
85516  7.688  -1.988  63.347 0.0000000000
85517  6.892  -2.234  63.305 0.0000000000
85518  6.122  -2.453  63.176 0.0000000000
85519  10.538  -2.199  62.167 0.0000000000
85520  9.820  -2.272  62.478 0.0000000000
85521  8.814  -2.337  62.767 0.0000000000
85522  8.025  -2.547  63.059 0.0000000000
85523  7.424  -2.559  63.228 0.0000000000
85524  5.546  -2.782  62.771 0.0000000000
85525  5.030  -3.001  62.319 0.0000000000
85529  11.399  -2.659  60.982 0.0000000000
85530  10.919  -2.248  61.570 0.0000000000
85531  4.682  -2.285  61.648 0.0000000000
85532  4.648  -2.852  61.825 0.0000000000
85536  11.317  -2.744  60.110 0.0000000000
85537  10.837  -2.161  60.583 0.0000000000
85538  4.673  -1.998  61.391 0.0000000000
85539  4.381  -2.529  61.010 0.0000000000
85540  3.476  -2.529  60.559 0.0000000000
85541  2.818  -2.570  60.218 0.0000000000
85547  2.502  -2.551  59.599 0.0000000000
85553  2.391  -2.498  58.710 0.0000000000
85558  2.223  -2.577  57.586 0.0000000000
85559  1.871  -3.086  57.215 0.0000000000
85567  1.843  -2.904  56.605 0.0000000000
86398  8.727  -0.976  63.093 0.0000000000
86399  8.242  -1.274  63.315 0.0000000000
86400  7.221  -1.274  63.504 0.0000000000
86401  6.393  -1.409  63.328 0.0000000000
86402  5.730  -1.656  62.953 0.0000000000
86403  10.008  -1.462  62.483 0.0000000000
86404  9.088  -1.420  62.821 0.0000000000
86405  8.613  -1.762  63.041 0.0000000000
86406  5.216  -2.049  62.480 0.0000000000
86407  4.860  -2.376  62.167 0.0000000000
86411  10.437  -1.502  61.989 0.0000000000
86412  4.748  -1.704  61.928 0.0000000000
86413  4.707  -2.296  61.957 0.0000000000
86417  10.405  -1.398  61.190 0.0000000000
86418  10.023  -0.867  60.709 0.0000000000
86419  4.363  -1.425  61.165 0.0000000000
86420  3.799  -1.740  60.645 0.0000000000
86421  3.122  -1.787  60.319 0.0000000000
86422  2.762  -1.869  59.924 0.0000000000
87343  8.982  -0.812  62.927 0.0000000000
87344  8.548  -0.339  63.117 0.0000000000
87345  7.539  -0.333  63.443 0.0000000000
87346  6.621  -0.377  63.389 0.0000000000
87347  5.843  -0.496  63.057 0.0000000000
87348  10.139  -1.030  62.310 0.0000000000
87349  9.516  -0.466  62.569 0.0000000000
87350  8.914  0.084  62.838 0.0000000000
87351  5.235  -0.799  62.398 0.0000000000
87356  10.231  -0.807  61.928 0.0000000000
87357  9.925  -0.136  61.790 0.0000000000
87364  10.069  -0.676  61.339 0.0000000000
87365  9.716  -0.138  60.909 0.0000000000
88283  8.530  0.432  63.003 0.0000000000
88284  7.777  0.651  63.231 0.0000000000
88285  6.833  0.624  63.391 0.0000000000
88287  9.568  0.348  62.155 0.0000000000
88288  9.013  0.717  62.595 0.0000000000
88289  8.275  1.005  62.926 0.0000000000
88296  9.575  0.579  61.527 0.0000000000
88297  9.397  0.895  62.044 0.0000000000
88307  9.450  0.706  60.676 0.0000000000
89232  8.294  1.576  62.561 0.0000000000
89233  7.705  1.604  63.020 0.0000000000
89237  9.380  1.083  61.718 0.0000000000
89238  8.929  1.500  61.939 0.0000000000
89247  9.325  1.230  61.260 0.0000000000
90214  8.321  2.033  62.245 0.0000000000
