#!ascii label  , from subject FREESURFER vox2ras=TkReg 
497
76779  28.046  -12.238  -22.807 0.0000000000
76780  27.343  -12.226  -23.030 0.0000000000
76781  26.546  -12.010  -22.811 0.0000000000
76782  25.936  -11.677  -22.612 0.0000000000
77827  28.706  -11.651  -22.527 0.0000000000
77828  25.269  -11.568  -22.194 0.0000000000
77829  24.541  -11.238  -21.754 0.0000000000
77842  27.956  -11.497  -22.923 0.0000000000
77843  27.234  -11.409  -23.338 0.0000000000
77844  26.451  -11.208  -23.240 0.0000000000
77845  25.682  -11.016  -22.922 0.0000000000
78783  23.158  -10.519  -19.385 0.0000000000
78794  23.892  -10.964  -21.241 0.0000000000
78795  23.398  -10.234  -20.868 0.0000000000
78804  30.255  -10.975  -21.730 0.0000000000
78805  29.437  -10.818  -22.067 0.0000000000
78806  28.611  -10.692  -22.531 0.0000000000
78807  25.011  -10.857  -22.418 0.0000000000
78808  24.236  -10.203  -22.075 0.0000000000
78809  23.618  -9.786  -21.516 0.0000000000
78820  27.865  -10.590  -23.072 0.0000000000
78821  27.119  -10.485  -23.554 0.0000000000
78822  26.240  -10.356  -23.498 0.0000000000
78823  25.296  -10.153  -23.025 0.0000000000
78824  24.793  -9.700  -22.768 0.0000000000
79753  23.126  -9.363  -18.964 0.0000000000
79763  31.574  -10.275  -21.284 0.0000000000
79764  30.884  -10.373  -21.409 0.0000000000
79765  23.015  -9.385  -20.118 0.0000000000
79772  32.011  -9.633  -21.388 0.0000000000
79773  31.317  -9.620  -21.335 0.0000000000
79774  30.267  -9.890  -21.556 0.0000000000
79775  29.271  -9.787  -22.015 0.0000000000
79776  28.472  -9.704  -22.591 0.0000000000
79777  23.753  -9.302  -21.907 0.0000000000
79778  23.296  -9.328  -21.151 0.0000000000
79789  27.732  -9.607  -23.210 0.0000000000
79790  26.934  -9.435  -23.745 0.0000000000
79791  26.027  -9.492  -23.594 0.0000000000
79792  25.280  -9.093  -23.207 0.0000000000
79793  24.411  -9.210  -22.586 0.0000000000
79804  26.462  -8.891  -23.699 0.0000000000
79805  25.944  -8.765  -23.624 0.0000000000
79806  25.618  -8.581  -23.486 0.0000000000
80701  32.426  -9.414  -21.420 0.0000000000
80702  22.973  -8.472  -19.672 0.0000000000
80710  32.143  -8.746  -21.495 0.0000000000
80711  30.916  -8.748  -21.344 0.0000000000
80712  29.848  -8.803  -21.468 0.0000000000
80713  28.933  -8.783  -21.905 0.0000000000
80714  28.196  -8.716  -22.559 0.0000000000
80715  23.397  -8.731  -21.604 0.0000000000
80716  23.105  -8.429  -20.822 0.0000000000
80724  27.502  -8.604  -23.184 0.0000000000
80725  26.920  -8.389  -23.656 0.0000000000
80726  24.700  -8.374  -22.971 0.0000000000
80727  23.864  -8.398  -22.352 0.0000000000
80728  23.372  -8.089  -21.696 0.0000000000
80738  26.334  -8.206  -23.685 0.0000000000
80739  25.815  -8.120  -23.635 0.0000000000
80740  25.323  -8.230  -23.376 0.0000000000
81629  23.151  -7.798  -19.455 0.0000000000
81635  23.110  -7.560  -20.293 0.0000000000
81642  32.584  -7.389  -21.929 0.0000000000
81643  31.491  -7.623  -21.404 0.0000000000
81644  30.427  -7.711  -21.256 0.0000000000
81645  29.439  -7.763  -21.404 0.0000000000
81646  28.597  -7.786  -21.902 0.0000000000
81647  23.313  -7.405  -21.330 0.0000000000
81657  27.880  -7.728  -22.530 0.0000000000
81658  27.234  -7.609  -23.135 0.0000000000
81659  24.913  -7.741  -23.330 0.0000000000
81660  24.322  -7.490  -23.027 0.0000000000
81661  23.643  -7.390  -22.305 0.0000000000
81670  26.623  -7.471  -23.597 0.0000000000
81671  26.061  -7.438  -23.958 0.0000000000
81672  25.360  -7.383  -23.726 0.0000000000
81673  24.765  -7.173  -23.531 0.0000000000
82553  23.537  -6.854  -19.839 0.0000000000
82559  31.755  -5.689  -20.918 0.0000000000
82560  31.337  -5.881  -20.742 0.0000000000
82561  30.651  -5.984  -20.675 0.0000000000
82562  23.362  -6.477  -20.968 0.0000000000
82569  31.917  -6.313  -21.378 0.0000000000
82570  30.967  -6.705  -20.984 0.0000000000
82571  29.951  -6.600  -20.949 0.0000000000
82572  29.024  -6.794  -21.461 0.0000000000
82573  23.475  -6.405  -22.049 0.0000000000
82581  28.363  -6.816  -22.064 0.0000000000
82582  27.724  -6.701  -22.705 0.0000000000
82583  24.437  -6.876  -23.479 0.0000000000
82584  23.957  -6.454  -23.227 0.0000000000
82591  27.046  -6.599  -23.367 0.0000000000
82592  26.389  -6.502  -24.106 0.0000000000
82593  25.637  -6.671  -24.324 0.0000000000
82594  24.677  -6.399  -24.111 0.0000000000
82595  24.185  -6.028  -23.871 0.0000000000
82603  25.917  -6.043  -24.643 0.0000000000
82604  25.308  -5.919  -24.606 0.0000000000
82605  24.863  -5.744  -24.582 0.0000000000
83542  31.593  -5.182  -20.723 0.0000000000
83543  30.909  -5.223  -20.596 0.0000000000
83544  30.094  -5.421  -20.658 0.0000000000
83548  23.557  -5.373  -20.748 0.0000000000
83549  23.185  -4.670  -21.333 0.0000000000
83555  32.087  -5.350  -21.080 0.0000000000
83556  29.242  -5.636  -21.215 0.0000000000
83557  28.694  -6.089  -21.687 0.0000000000
83558  23.260  -5.222  -21.737 0.0000000000
83559  23.037  -4.573  -21.633 0.0000000000
83567  28.642  -5.426  -21.664 0.0000000000
83568  28.214  -5.762  -22.174 0.0000000000
83569  27.560  -5.640  -22.941 0.0000000000
83570  23.453  -5.449  -22.803 0.0000000000
83577  26.797  -5.586  -23.657 0.0000000000
83578  26.246  -5.462  -24.383 0.0000000000
83579  24.273  -5.810  -24.141 0.0000000000
83580  23.870  -5.411  -23.846 0.0000000000
83587  25.642  -5.326  -24.704 0.0000000000
83588  25.049  -5.256  -24.845 0.0000000000
83589  24.435  -5.329  -24.487 0.0000000000
83590  24.015  -4.938  -24.313 0.0000000000
84514  31.286  -4.396  -20.632 0.0000000000
84515  30.443  -4.438  -20.613 0.0000000000
84516  29.587  -4.540  -20.888 0.0000000000
84520  23.634  -4.311  -20.667 0.0000000000
84521  23.129  -4.174  -21.033 0.0000000000
84525  32.031  -4.516  -20.845 0.0000000000
84526  28.733  -4.556  -21.501 0.0000000000
84527  28.279  -4.013  -21.694 0.0000000000
84528  22.860  -4.333  -21.974 0.0000000000
84529  22.868  -4.087  -21.522 0.0000000000
84533  28.349  -5.088  -21.838 0.0000000000
84534  27.878  -4.595  -22.132 0.0000000000
84535  27.023  -4.640  -23.017 0.0000000000
84536  23.082  -4.528  -22.524 0.0000000000
84541  26.404  -4.601  -23.875 0.0000000000
84542  25.907  -4.605  -24.550 0.0000000000
84543  23.400  -4.549  -23.328 0.0000000000
84551  25.365  -4.559  -24.802 0.0000000000
84552  24.744  -4.455  -24.860 0.0000000000
84553  24.187  -4.417  -24.504 0.0000000000
84554  23.763  -4.475  -24.044 0.0000000000
85377  22.803  -3.012  -20.810 0.0000000000
85378  22.721  -2.931  -20.889 0.0000000000
85387  31.759  -3.509  -20.794 0.0000000000
85388  30.842  -3.494  -20.623 0.0000000000
85389  29.941  -3.537  -20.721 0.0000000000
85392  23.712  -3.468  -20.501 0.0000000000
85393  23.003  -3.352  -20.755 0.0000000000
85394  22.678  -3.241  -21.209 0.0000000000
85400  29.195  -3.633  -21.118 0.0000000000
85401  28.598  -3.540  -21.448 0.0000000000
85402  22.841  -3.971  -22.380 0.0000000000
85403  22.686  -3.412  -22.111 0.0000000000
85408  27.962  -3.350  -21.824 0.0000000000
85409  27.238  -3.600  -22.476 0.0000000000
85410  22.996  -3.526  -22.911 0.0000000000
85411  22.799  -3.169  -22.584 0.0000000000
85418  26.573  -3.637  -23.269 0.0000000000
85419  25.890  -3.542  -24.176 0.0000000000
85420  25.413  -2.957  -24.359 0.0000000000
85421  23.463  -3.787  -23.657 0.0000000000
85433  25.586  -4.081  -24.614 0.0000000000
85434  25.171  -3.519  -24.688 0.0000000000
85435  24.446  -3.545  -24.598 0.0000000000
85436  23.836  -3.613  -24.237 0.0000000000
86240  22.821  -2.845  -20.736 0.0000000000
86241  22.653  -2.731  -20.889 0.0000000000
86248  31.216  -2.546  -20.623 0.0000000000
86249  30.318  -2.544  -20.587 0.0000000000
86250  29.287  -2.570  -20.840 0.0000000000
86251  28.729  -2.063  -20.958 0.0000000000
86254  23.872  -2.685  -20.375 0.0000000000
86255  23.031  -2.644  -20.537 0.0000000000
86256  22.467  -2.296  -20.773 0.0000000000
86257  22.088  -1.546  -20.627 0.0000000000
86265  28.885  -3.090  -21.175 0.0000000000
86266  28.457  -2.616  -21.335 0.0000000000
86267  27.942  -2.128  -21.613 0.0000000000
86268  22.463  -2.229  -21.627 0.0000000000
86269  22.231  -1.603  -21.007 0.0000000000
86278  27.943  -2.634  -21.717 0.0000000000
86279  27.403  -2.436  -22.130 0.0000000000
86280  26.781  -2.105  -22.722 0.0000000000
86281  23.000  -2.934  -23.115 0.0000000000
86282  22.777  -2.551  -22.741 0.0000000000
86293  26.812  -2.860  -22.759 0.0000000000
86294  26.311  -2.469  -23.439 0.0000000000
86295  25.654  -2.355  -24.152 0.0000000000
86296  23.289  -2.707  -23.667 0.0000000000
86297  22.976  -2.075  -23.302 0.0000000000
86309  25.166  -2.359  -24.586 0.0000000000
86310  24.648  -2.516  -24.653 0.0000000000
86311  23.978  -2.636  -24.542 0.0000000000
87136  20.980  -0.129  -18.209 0.0000000000
87137  21.057  -0.070  -18.462 0.0000000000
87156  20.800  0.093  -18.125 0.0000000000
87157  21.057  -0.004  -18.001 0.0000000000
87165  20.759  0.306  -18.271 0.0000000000
87166  21.005  0.120  -18.257 0.0000000000
87174  21.839  -1.610  -19.770 0.0000000000
87175  21.568  -1.436  -19.754 0.0000000000
87180  30.737  -1.580  -20.438 0.0000000000
87181  29.829  -1.558  -20.477 0.0000000000
87182  28.981  -1.486  -20.684 0.0000000000
87186  23.097  -2.039  -20.333 0.0000000000
87187  22.398  -1.760  -20.215 0.0000000000
87188  21.777  -1.408  -20.207 0.0000000000
87198  28.319  -1.531  -21.221 0.0000000000
87199  27.633  -1.404  -21.780 0.0000000000
87200  22.147  -1.179  -21.405 0.0000000000
87201  21.791  -1.131  -20.800 0.0000000000
87214  27.026  -1.371  -22.377 0.0000000000
87215  26.470  -1.371  -23.054 0.0000000000
87216  22.397  -1.401  -22.259 0.0000000000
87225  25.926  -1.403  -23.804 0.0000000000
87226  25.434  -1.403  -24.574 0.0000000000
87227  23.193  -1.571  -23.679 0.0000000000
87228  22.823  -1.465  -23.027 0.0000000000
87239  24.814  -1.461  -25.071 0.0000000000
87240  24.247  -1.711  -24.869 0.0000000000
87241  23.656  -1.591  -24.448 0.0000000000
87252  24.600  -1.122  -25.297 0.0000000000
87253  24.379  -1.155  -25.247 0.0000000000
87254  23.887  -1.150  -25.135 0.0000000000
88071  21.366  -1.004  -18.759 0.0000000000
88072  21.083  -0.959  -18.617 0.0000000000
88073  21.069  -0.447  -18.598 0.0000000000
88087  21.286  -1.145  -18.787 0.0000000000
88088  21.116  -0.990  -18.905 0.0000000000
88089  21.036  -0.579  -18.813 0.0000000000
88090  20.844  -0.082  -18.415 0.0000000000
88099  21.339  -1.038  -18.940 0.0000000000
88100  20.965  -0.698  -19.080 0.0000000000
88101  20.750  -0.012  -18.834 0.0000000000
88102  20.659  0.437  -18.601 0.0000000000
88103  20.850  0.292  -18.545 0.0000000000
88110  23.072  -0.790  -20.081 0.0000000000
88111  22.325  -1.272  -19.658 0.0000000000
88112  21.674  -1.413  -19.375 0.0000000000
88113  21.080  -0.867  -19.897 0.0000000000
88122  30.281  -0.592  -20.257 0.0000000000
88123  29.385  -0.562  -20.384 0.0000000000
88125  23.084  -1.469  -20.232 0.0000000000
88126  22.359  -1.663  -19.995 0.0000000000
88127  22.034  -1.773  -19.750 0.0000000000
88128  21.344  -0.635  -20.558 0.0000000000
88137  28.554  -0.543  -20.767 0.0000000000
88138  27.876  -0.496  -21.399 0.0000000000
88139  22.197  -0.477  -21.886 0.0000000000
88140  21.787  -0.521  -21.087 0.0000000000
88154  27.243  -0.459  -22.033 0.0000000000
88155  26.666  -0.447  -22.670 0.0000000000
88156  22.654  -0.535  -22.737 0.0000000000
88168  26.161  -0.426  -23.387 0.0000000000
88169  25.602  -0.418  -24.139 0.0000000000
88170  23.396  -0.896  -24.064 0.0000000000
88171  23.121  -0.705  -23.438 0.0000000000
88183  25.007  -0.469  -24.946 0.0000000000
88184  24.364  -0.267  -24.790 0.0000000000
88185  23.768  -0.445  -24.605 0.0000000000
88196  24.779  -0.955  -25.263 0.0000000000
88197  24.565  -0.796  -25.209 0.0000000000
88198  24.167  -0.742  -25.154 0.0000000000
89081  21.624  -0.374  -19.127 0.0000000000
89082  22.030  -0.956  -18.988 0.0000000000
89083  21.484  -1.150  -19.116 0.0000000000
89084  20.718  0.083  -19.089 0.0000000000
89085  20.691  0.663  -19.052 0.0000000000
89086  21.078  0.587  -19.148 0.0000000000
89093  23.002  0.025  -19.684 0.0000000000
89094  22.254  -0.855  -19.394 0.0000000000
89095  22.011  -1.280  -19.117 0.0000000000
89096  20.824  0.368  -19.506 0.0000000000
89097  20.753  0.956  -19.273 0.0000000000
89104  29.811  0.402  -20.083 0.0000000000
89105  28.906  0.418  -20.384 0.0000000000
89106  21.984  0.697  -20.799 0.0000000000
89107  21.314  0.283  -20.379 0.0000000000
89115  28.126  0.464  -20.983 0.0000000000
89116  27.452  0.502  -21.724 0.0000000000
89117  22.174  0.271  -21.335 0.0000000000
89118  21.528  -0.130  -20.821 0.0000000000
89128  26.865  0.450  -22.391 0.0000000000
89129  26.495  0.468  -23.046 0.0000000000
89130  22.583  0.345  -22.468 0.0000000000
89141  25.886  0.574  -23.668 0.0000000000
89142  25.188  0.581  -24.280 0.0000000000
89143  23.424  -0.203  -23.898 0.0000000000
89144  23.090  0.383  -23.360 0.0000000000
89153  24.542  0.578  -24.518 0.0000000000
89154  23.980  0.580  -24.514 0.0000000000
89155  23.526  0.594  -24.052 0.0000000000
89156  23.289  0.932  -23.730 0.0000000000
90107  22.184  0.752  -18.842 0.0000000000
90114  23.458  1.024  -19.854 0.0000000000
90115  22.023  1.378  -19.561 0.0000000000
90116  20.972  1.123  -19.536 0.0000000000
90117  20.882  1.170  -19.200 0.0000000000
90122  30.299  1.430  -20.082 0.0000000000
90123  29.353  1.380  -20.202 0.0000000000
90124  28.569  1.394  -20.702 0.0000000000
90127  24.385  1.550  -21.213 0.0000000000
90128  22.981  1.120  -20.772 0.0000000000
90129  21.674  1.195  -20.179 0.0000000000
90130  21.044  0.895  -19.996 0.0000000000
90135  27.871  1.486  -21.489 0.0000000000
90136  27.023  1.509  -22.370 0.0000000000
90137  26.893  2.011  -22.968 0.0000000000
90138  23.904  2.170  -21.926 0.0000000000
90139  23.473  1.740  -21.903 0.0000000000
90140  22.820  1.035  -21.603 0.0000000000
90145  26.784  1.002  -22.832 0.0000000000
90146  26.461  1.553  -23.299 0.0000000000
90147  22.810  1.079  -22.398 0.0000000000
90151  25.483  1.591  -23.996 0.0000000000
90152  24.670  1.552  -24.433 0.0000000000
90153  22.881  1.155  -23.125 0.0000000000
90157  24.035  1.462  -24.539 0.0000000000
90158  23.601  1.376  -24.246 0.0000000000
90159  23.313  1.323  -23.942 0.0000000000
90160  23.128  1.253  -23.603 0.0000000000
91043  21.304  1.391  -19.444 0.0000000000
91048  29.687  2.506  -20.153 0.0000000000
91049  28.993  2.108  -20.495 0.0000000000
91052  24.158  2.657  -21.655 0.0000000000
91058  28.982  2.782  -20.588 0.0000000000
91059  28.442  2.447  -21.108 0.0000000000
91060  27.481  2.572  -21.992 0.0000000000
91061  26.953  2.315  -22.618 0.0000000000
91062  23.210  2.803  -22.205 0.0000000000
91063  23.035  2.207  -22.568 0.0000000000
91064  22.933  1.772  -22.667 0.0000000000
91068  26.890  2.876  -22.600 0.0000000000
91069  26.556  2.619  -23.148 0.0000000000
91070  22.786  3.105  -23.121 0.0000000000
91071  22.826  2.444  -23.317 0.0000000000
91072  22.832  1.819  -23.217 0.0000000000
91076  25.709  2.524  -23.666 0.0000000000
91077  24.681  2.554  -24.214 0.0000000000
91078  23.279  2.955  -24.200 0.0000000000
91079  22.920  2.225  -23.917 0.0000000000
91080  22.976  1.718  -23.669 0.0000000000
91085  24.003  2.225  -24.587 0.0000000000
91086  23.453  2.082  -24.348 0.0000000000
91087  23.154  1.785  -24.084 0.0000000000
91088  23.113  1.588  -23.860 0.0000000000
91913  30.319  3.580  -20.159 0.0000000000
91914  29.171  3.675  -20.563 0.0000000000
91915  28.679  4.228  -20.917 0.0000000000
91918  24.575  3.335  -21.235 0.0000000000
91923  28.696  3.143  -20.889 0.0000000000
91924  28.199  3.658  -21.389 0.0000000000
91925  26.897  3.704  -22.373 0.0000000000
91926  26.254  4.228  -22.760 0.0000000000
91927  23.580  3.492  -21.851 0.0000000000
91930  26.549  3.224  -22.887 0.0000000000
91931  25.605  3.654  -23.242 0.0000000000
91932  23.958  4.082  -23.405 0.0000000000
91933  23.107  3.770  -22.739 0.0000000000
91937  25.073  3.019  -23.701 0.0000000000
91938  24.285  3.364  -23.774 0.0000000000
91939  23.353  3.565  -23.531 0.0000000000
92785  23.866  4.729  -20.494 0.0000000000
92786  23.028  4.995  -20.537 0.0000000000
92787  22.755  5.304  -20.677 0.0000000000
92793  29.969  4.633  -20.476 0.0000000000
92794  29.086  4.788  -20.758 0.0000000000
92796  24.062  4.109  -21.215 0.0000000000
92797  23.166  4.623  -21.258 0.0000000000
92798  22.554  5.055  -21.197 0.0000000000
92803  28.335  4.788  -21.171 0.0000000000
92804  27.512  4.704  -21.803 0.0000000000
92805  26.622  4.782  -22.420 0.0000000000
92806  23.045  4.154  -21.983 0.0000000000
92807  22.686  4.737  -22.023 0.0000000000
92808  22.556  5.291  -21.934 0.0000000000
92812  25.774  4.772  -22.914 0.0000000000
92813  24.676  4.740  -23.192 0.0000000000
92814  23.339  4.748  -22.887 0.0000000000
92815  22.922  5.265  -22.448 0.0000000000
92816  22.768  5.566  -22.242 0.0000000000
93640  23.228  5.874  -19.553 0.0000000000
93647  23.550  5.371  -19.959 0.0000000000
93648  22.956  5.666  -20.223 0.0000000000
93649  22.632  5.646  -20.797 0.0000000000
93655  30.595  5.551  -20.513 0.0000000000
93656  29.636  5.678  -20.670 0.0000000000
93657  28.706  5.720  -20.927 0.0000000000
93658  22.586  5.656  -21.419 0.0000000000
93664  27.850  5.663  -21.400 0.0000000000
93665  26.971  5.639  -21.926 0.0000000000
93666  26.071  5.632  -22.493 0.0000000000
93667  22.663  5.759  -21.932 0.0000000000
93671  25.157  5.506  -22.863 0.0000000000
93672  24.281  5.507  -23.049 0.0000000000
93673  23.551  5.648  -22.750 0.0000000000
93674  23.102  5.802  -22.439 0.0000000000
93675  22.852  5.887  -22.210 0.0000000000
94468  22.912  6.322  -19.769 0.0000000000
94469  22.732  6.202  -20.380 0.0000000000
94475  31.185  6.436  -20.616 0.0000000000
94476  30.223  6.587  -20.635 0.0000000000
94477  29.201  6.784  -20.848 0.0000000000
94478  28.243  6.623  -21.203 0.0000000000
94479  22.584  6.211  -20.986 0.0000000000
94485  27.330  6.563  -21.541 0.0000000000
94486  26.391  6.556  -21.997 0.0000000000
94487  25.272  6.483  -22.507 0.0000000000
94488  24.702  6.783  -22.515 0.0000000000
94489  22.652  6.203  -21.589 0.0000000000
94493  24.771  5.934  -22.786 0.0000000000
94494  24.333  6.318  -22.706 0.0000000000
94495  23.553  6.318  -22.522 0.0000000000
94496  23.056  6.285  -22.245 0.0000000000
94497  22.781  6.150  -22.003 0.0000000000
95303  23.009  7.189  -19.734 0.0000000000
95304  22.786  6.612  -20.077 0.0000000000
95313  30.811  7.455  -20.730 0.0000000000
95314  29.868  7.590  -20.734 0.0000000000
95315  29.174  7.733  -20.933 0.0000000000
95316  28.563  7.540  -21.157 0.0000000000
95317  22.829  7.380  -20.698 0.0000000000
95318  22.685  6.753  -20.508 0.0000000000
95325  27.749  7.485  -21.427 0.0000000000
95326  26.824  7.489  -21.630 0.0000000000
95327  25.834  7.560  -21.959 0.0000000000
95328  24.701  7.444  -22.177 0.0000000000
95329  23.803  7.496  -21.876 0.0000000000
95330  23.081  7.466  -21.478 0.0000000000
95331  22.663  6.822  -21.213 0.0000000000
95337  24.453  6.862  -22.481 0.0000000000
95338  24.019  6.940  -22.428 0.0000000000
95339  23.339  6.913  -22.162 0.0000000000
95340  22.844  6.675  -21.848 0.0000000000
96162  31.405  8.351  -20.900 0.0000000000
96163  30.361  8.470  -20.799 0.0000000000
96164  29.409  8.472  -20.867 0.0000000000
96165  28.776  8.277  -21.085 0.0000000000
96166  24.969  9.309  -20.694 0.0000000000
96167  24.435  8.902  -20.716 0.0000000000
96168  23.542  8.219  -20.509 0.0000000000
96178  28.122  8.338  -21.323 0.0000000000
96179  27.290  8.349  -21.520 0.0000000000
96180  26.369  8.440  -21.524 0.0000000000
96181  25.303  8.687  -21.283 0.0000000000
96182  24.184  8.188  -21.408 0.0000000000
96183  23.589  7.917  -21.386 0.0000000000
96945  23.909  9.113  -19.549 0.0000000000
96948  31.589  9.066  -21.087 0.0000000000
96949  30.882  9.453  -20.995 0.0000000000
96950  29.708  9.482  -20.803 0.0000000000
96951  28.501  9.291  -20.965 0.0000000000
96952  27.429  9.845  -21.036 0.0000000000
96953  26.472  10.035  -20.954 0.0000000000
96954  25.526  9.787  -20.725 0.0000000000
96955  24.600  9.808  -19.981 0.0000000000
96956  24.125  9.017  -20.203 0.0000000000
96960  31.843  9.695  -21.305 0.0000000000
96961  31.090  10.398  -21.151 0.0000000000
96962  27.668  9.028  -21.333 0.0000000000
96963  26.884  9.217  -21.429 0.0000000000
96964  26.043  9.241  -21.163 0.0000000000
96965  25.640  9.226  -21.032 0.0000000000
97683  26.336  11.401  -20.093 0.0000000000
97684  26.005  11.411  -20.047 0.0000000000
97685  24.900  10.959  -19.336 0.0000000000
97689  30.115  10.702  -20.767 0.0000000000
97690  28.889  10.516  -20.686 0.0000000000
97691  27.961  10.426  -20.747 0.0000000000
97692  27.015  10.923  -20.370 0.0000000000
97693  26.018  10.875  -20.375 0.0000000000
97694  25.322  10.772  -19.829 0.0000000000
97695  24.846  10.542  -19.556 0.0000000000
97699  31.656  10.774  -21.518 0.0000000000
97700  30.899  11.349  -21.093 0.0000000000
98428  26.643  11.835  -19.966 0.0000000000
98429  26.143  11.736  -19.481 0.0000000000
98430  25.387  11.373  -19.135 0.0000000000
98434  30.058  12.002  -20.809 0.0000000000
98435  29.059  11.719  -20.648 0.0000000000
98436  27.916  11.533  -20.525 0.0000000000
98437  27.150  11.833  -20.163 0.0000000000
98438  25.770  11.288  -19.917 0.0000000000
98439  25.623  11.329  -19.602 0.0000000000
98443  31.411  11.901  -21.632 0.0000000000
98444  30.738  12.238  -21.145 0.0000000000
99171  26.818  12.343  -20.027 0.0000000000
99172  26.560  12.658  -19.625 0.0000000000
99180  28.174  12.690  -20.464 0.0000000000
99181  27.251  12.588  -20.213 0.0000000000
99182  26.755  12.747  -20.005 0.0000000000
131337  21.200  0.144  -18.132 0.0000000000
131338  21.464  -1.187  -18.979 0.0000000000
131339  21.177  0.205  -18.702 0.0000000000
131340  21.585  1.430  -19.660 0.0000000000
