#!ascii label  , from subject FREESURFER vox2ras=TkReg 
134
108693  8.619  27.931  31.744 0.0000000000
108694  7.991  27.847  31.891 0.0000000000
109206  7.200  28.205  31.962 0.0000000000
109207  6.559  28.467  32.125 0.0000000000
109218  8.962  28.633  31.363 0.0000000000
109219  7.725  28.527  31.657 0.0000000000
109220  6.951  29.149  31.697 0.0000000000
109221  4.138  28.564  31.401 0.0000000000
109226  4.298  28.557  30.866 0.0000000000
109231  4.575  28.515  29.934 0.0000000000
109716  5.051  28.850  32.991 0.0000000000
109717  4.755  28.755  33.056 0.0000000000
109721  6.295  29.304  31.883 0.0000000000
109722  5.493  29.318  32.415 0.0000000000
109723  4.571  29.272  32.885 0.0000000000
109724  3.971  29.435  32.612 0.0000000000
109735  8.475  29.442  31.154 0.0000000000
109736  7.519  29.645  31.363 0.0000000000
109737  6.686  29.858  31.612 0.0000000000
109738  5.974  29.836  31.867 0.0000000000
109739  3.996  29.319  31.471 0.0000000000
109740  3.724  29.437  32.143 0.0000000000
109752  4.297  29.484  30.654 0.0000000000
109764  4.657  29.575  29.647 0.0000000000
109777  4.940  29.607  28.516 0.0000000000
110276  4.814  30.295  32.481 0.0000000000
110277  4.128  30.214  32.667 0.0000000000
110278  3.684  30.332  32.370 0.0000000000
110295  9.015  30.255  30.819 0.0000000000
110296  8.072  30.277  30.972 0.0000000000
110297  7.196  30.663  31.212 0.0000000000
110298  6.166  30.537  31.670 0.0000000000
110299  5.487  30.241  32.089 0.0000000000
110300  3.936  30.163  31.194 0.0000000000
110301  3.563  30.437  31.723 0.0000000000
110316  9.328  31.050  30.649 0.0000000000
110317  8.434  30.929  30.723 0.0000000000
110318  7.819  30.840  30.889 0.0000000000
110319  4.224  30.722  30.558 0.0000000000
110320  3.702  30.741  31.227 0.0000000000
110332  4.838  30.599  29.297 0.0000000000
110345  5.290  31.284  27.718 0.0000000000
110346  5.167  30.668  28.074 0.0000000000
110356  5.205  31.042  27.187 0.0000000000
110885  4.732  30.794  32.345 0.0000000000
110886  4.407  30.864  32.483 0.0000000000
110887  3.850  30.926  32.551 0.0000000000
110894  7.117  31.200  31.094 0.0000000000
110895  6.567  31.411  31.290 0.0000000000
110896  5.148  31.198  31.970 0.0000000000
110897  4.136  31.616  32.348 0.0000000000
110898  3.525  31.440  32.107 0.0000000000
110910  9.633  31.738  30.537 0.0000000000
110911  8.758  31.689  30.490 0.0000000000
110912  7.585  31.543  30.812 0.0000000000
110913  6.830  32.165  30.983 0.0000000000
110914  3.947  31.699  30.645 0.0000000000
110915  3.494  31.591  31.257 0.0000000000
110926  5.024  31.884  29.135 0.0000000000
110927  4.511  31.783  29.846 0.0000000000
110936  5.275  31.739  28.361 0.0000000000
110937  5.045  31.314  28.970 0.0000000000
110948  5.387  31.804  27.402 0.0000000000
110964  5.496  31.678  26.560 0.0000000000
111490  5.958  32.580  31.329 0.0000000000
111491  4.656  32.501  31.896 0.0000000000
111492  3.771  32.541  32.124 0.0000000000
111493  3.342  32.509  31.692 0.0000000000
111503  9.269  32.501  30.385 0.0000000000
111504  8.282  32.512  30.451 0.0000000000
111505  7.335  32.617  30.668 0.0000000000
111506  6.719  32.694  30.908 0.0000000000
111507  3.652  32.617  30.650 0.0000000000
111508  3.283  32.536  31.256 0.0000000000
111519  4.975  32.750  29.231 0.0000000000
111520  4.299  32.685  30.008 0.0000000000
111530  5.601  32.651  27.976 0.0000000000
111543  5.466  32.605  26.879 0.0000000000
111558  5.484  32.569  26.008 0.0000000000
112162  5.975  33.695  31.236 0.0000000000
112163  5.156  33.533  31.625 0.0000000000
112164  4.219  33.516  31.944 0.0000000000
112165  3.526  33.464  31.784 0.0000000000
112173  8.872  33.356  30.273 0.0000000000
112174  7.873  33.416  30.451 0.0000000000
112175  6.788  33.417  30.779 0.0000000000
112176  3.393  33.663  30.718 0.0000000000
112177  3.218  33.368  31.277 0.0000000000
112184  4.759  34.037  29.368 0.0000000000
112185  4.041  33.554  30.086 0.0000000000
112191  5.510  33.733  28.499 0.0000000000
112195  5.668  33.581  27.318 0.0000000000
112199  5.419  33.452  26.282 0.0000000000
112819  5.592  34.347  31.417 0.0000000000
112820  4.778  34.477  31.706 0.0000000000
112821  3.898  34.437  31.755 0.0000000000
112822  3.387  34.280  31.453 0.0000000000
112827  9.428  34.139  30.354 0.0000000000
112828  8.505  34.229  30.367 0.0000000000
112829  7.490  34.338  30.586 0.0000000000
112830  6.462  34.544  31.018 0.0000000000
112831  3.550  34.327  30.511 0.0000000000
112832  3.230  34.374  31.053 0.0000000000
112839  4.648  34.755  29.393 0.0000000000
112840  4.068  34.720  29.915 0.0000000000
112845  5.215  34.715  28.875 0.0000000000
112850  5.883  35.123  27.440 0.0000000000
112851  5.800  34.764  27.776 0.0000000000
112856  5.923  35.025  27.115 0.0000000000
112857  5.737  34.423  26.607 0.0000000000
113461  8.921  35.695  30.756 0.0000000000
113462  7.846  35.857  30.915 0.0000000000
113463  6.819  35.841  31.126 0.0000000000
113464  5.723  35.406  31.416 0.0000000000
113465  4.450  35.496  31.712 0.0000000000
113466  3.623  35.279  31.377 0.0000000000
113467  3.341  34.673  31.305 0.0000000000
113473  9.165  34.896  30.491 0.0000000000
113474  8.191  35.088  30.579 0.0000000000
113475  7.205  35.206  30.797 0.0000000000
113476  6.546  35.275  31.075 0.0000000000
113477  3.532  35.272  30.663 0.0000000000
113478  3.361  34.867  31.161 0.0000000000
113488  4.589  35.553  29.355 0.0000000000
113489  3.930  35.508  29.999 0.0000000000
113494  5.775  35.957  28.133 0.0000000000
113495  5.446  35.469  28.491 0.0000000000
113500  5.979  35.551  27.434 0.0000000000
113501  5.832  35.424  27.982 0.0000000000
114130  3.513  36.623  31.019 0.0000000000
114143  4.486  36.357  29.320 0.0000000000
114144  3.882  36.471  29.989 0.0000000000
114154  5.708  36.441  28.215 0.0000000000
114155  5.180  36.435  28.718 0.0000000000
