#!ascii label  , from subject FREESURFER vox2ras=TkReg 
395
5619  3.892  -86.307  1.743 0.0000000000
5620  3.426  -86.284  2.240 0.0000000000
5621  3.190  -86.171  2.571 0.0000000000
5635  4.003  -86.458  0.979 0.0000000000
5636  3.425  -86.443  1.398 0.0000000000
5637  3.127  -86.173  1.975 0.0000000000
5653  2.940  -86.282  0.664 0.0000000000
6154  7.414  -84.975  9.365 0.0000000000
6155  6.623  -85.594  8.820 0.0000000000
6164  7.309  -85.044  8.396 0.0000000000
6165  6.712  -85.651  7.917 0.0000000000
6176  7.335  -85.168  7.551 0.0000000000
6177  6.822  -85.607  7.193 0.0000000000
6187  7.385  -85.299  6.601 0.0000000000
6195  8.258  -84.974  4.963 0.0000000000
6210  9.267  -84.830  3.830 0.0000000000
6211  8.629  -85.206  4.062 0.0000000000
6213  3.583  -85.518  3.934 0.0000000000
6214  3.028  -85.848  4.279 0.0000000000
6215  2.784  -85.702  4.231 0.0000000000
6228  9.386  -84.904  3.358 0.0000000000
6231  3.668  -85.772  3.293 0.0000000000
6232  3.222  -85.875  3.680 0.0000000000
6233  2.933  -85.879  3.730 0.0000000000
6242  9.462  -85.006  2.875 0.0000000000
6245  4.042  -85.926  2.473 0.0000000000
6246  3.285  -86.140  3.040 0.0000000000
6247  2.921  -85.834  2.882 0.0000000000
6255  5.289  -85.488  1.154 0.0000000000
6256  4.725  -85.745  1.379 0.0000000000
6257  2.826  -85.571  1.833 0.0000000000
6272  6.681  -85.183  0.243 0.0000000000
6273  5.586  -85.476  0.610 0.0000000000
6275  2.515  -85.270  0.886 0.0000000000
6858  9.115  -84.053  10.321 0.0000000000
6859  8.547  -84.227  9.505 0.0000000000
6860  7.972  -84.478  8.702 0.0000000000
6867  9.302  -83.616  7.933 0.0000000000
6868  8.885  -83.956  8.251 0.0000000000
6869  7.997  -84.653  7.921 0.0000000000
6878  9.325  -83.703  7.246 0.0000000000
6879  8.538  -84.390  7.315 0.0000000000
6880  7.874  -84.841  7.227 0.0000000000
6889  9.455  -83.893  6.054 0.0000000000
6890  8.781  -84.337  6.472 0.0000000000
6891  8.137  -84.733  6.717 0.0000000000
6892  3.530  -84.598  6.055 0.0000000000
6893  2.769  -84.711  6.167 0.0000000000
6894  2.446  -84.525  6.029 0.0000000000
6901  9.539  -84.109  5.056 0.0000000000
6902  8.893  -84.439  5.512 0.0000000000
6903  8.095  -84.811  5.939 0.0000000000
6904  3.856  -84.808  5.228 0.0000000000
6905  3.071  -85.217  5.575 0.0000000000
6906  2.483  -84.900  5.597 0.0000000000
6919  9.718  -84.152  3.851 0.0000000000
6920  9.542  -84.332  4.194 0.0000000000
6921  9.058  -84.639  4.592 0.0000000000
6922  5.065  -84.407  3.815 0.0000000000
6923  4.174  -84.947  4.312 0.0000000000
6924  3.343  -85.394  4.745 0.0000000000
6925  2.649  -85.492  4.842 0.0000000000
6939  9.625  -84.247  3.656 0.0000000000
6940  9.510  -84.432  3.506 0.0000000000
6941  5.214  -84.430  3.138 0.0000000000
6942  4.522  -85.114  3.203 0.0000000000
6943  2.585  -85.335  3.907 0.0000000000
6949  9.435  -84.460  2.755 0.0000000000
6950  7.252  -83.983  2.029 0.0000000000
6951  6.765  -84.078  2.082 0.0000000000
6952  5.644  -84.416  2.405 0.0000000000
6953  4.916  -85.330  2.109 0.0000000000
6954  2.554  -84.991  2.790 0.0000000000
6961  9.281  -84.448  1.939 0.0000000000
6962  8.600  -84.465  1.364 0.0000000000
6963  7.530  -84.187  1.617 0.0000000000
6964  6.436  -84.522  1.511 0.0000000000
6965  5.512  -85.176  1.423 0.0000000000
6966  5.064  -85.455  1.656 0.0000000000
6967  2.545  -84.602  1.675 0.0000000000
6978  7.932  -84.772  0.907 0.0000000000
6979  7.099  -84.765  0.868 0.0000000000
6980  6.162  -84.973  0.906 0.0000000000
6981  5.767  -85.213  0.989 0.0000000000
6982  2.315  -84.171  0.446 0.0000000000
6994  2.329  -84.194  -0.651 0.0000000000
7596  9.380  -83.459  10.694 0.0000000000
7607  9.372  -83.385  9.590 0.0000000000
7608  9.100  -83.620  8.822 0.0000000000
7615  9.507  -83.195  8.307 0.0000000000
7616  9.223  -83.598  8.458 0.0000000000
7617  3.793  -83.437  8.361 0.0000000000
7618  3.043  -83.585  8.254 0.0000000000
7619  2.427  -83.434  7.938 0.0000000000
7629  9.832  -83.026  7.226 0.0000000000
7630  4.765  -83.536  7.197 0.0000000000
7631  3.743  -83.914  7.626 0.0000000000
7632  2.720  -83.979  7.525 0.0000000000
7633  2.124  -83.532  7.391 0.0000000000
7641  9.970  -83.015  6.006 0.0000000000
7642  9.795  -83.262  6.427 0.0000000000
7643  5.037  -83.532  6.237 0.0000000000
7644  4.111  -84.081  6.646 0.0000000000
7645  3.157  -84.469  6.898 0.0000000000
7646  2.282  -84.062  6.596 0.0000000000
7654  9.889  -83.079  5.755 0.0000000000
7655  9.695  -83.360  5.556 0.0000000000
7656  6.382  -83.102  4.919 0.0000000000
7657  5.412  -83.607  5.283 0.0000000000
7658  4.440  -84.159  5.719 0.0000000000
7659  2.275  -84.324  5.770 0.0000000000
7670  9.723  -83.909  3.779 0.0000000000
7671  9.633  -83.727  4.334 0.0000000000
7672  9.251  -83.296  4.437 0.0000000000
7673  7.525  -83.002  4.049 0.0000000000
7674  6.996  -83.107  4.159 0.0000000000
7675  5.841  -83.651  4.199 0.0000000000
7676  4.797  -84.274  4.776 0.0000000000
7677  2.213  -84.507  4.859 0.0000000000
7686  9.662  -84.099  3.587 0.0000000000
7687  9.597  -83.966  3.451 0.0000000000
7688  8.976  -83.386  3.689 0.0000000000
7689  7.809  -83.203  3.621 0.0000000000
7690  6.674  -83.496  3.338 0.0000000000
7691  5.732  -83.908  3.147 0.0000000000
7692  2.271  -84.256  3.652 0.0000000000
7700  9.224  -83.916  2.673 0.0000000000
7701  8.483  -83.631  2.653 0.0000000000
7702  7.430  -83.741  2.397 0.0000000000
7703  6.328  -83.850  2.643 0.0000000000
7704  5.882  -84.006  2.713 0.0000000000
7705  2.452  -83.913  2.578 0.0000000000
7712  8.937  -83.878  1.923 0.0000000000
7713  8.181  -83.871  1.893 0.0000000000
7714  7.741  -83.894  1.941 0.0000000000
7715  2.466  -83.459  1.488 0.0000000000
7730  2.231  -82.860  0.490 0.0000000000
7750  2.203  -83.208  -0.496 0.0000000000
7772  2.291  -83.537  -1.457 0.0000000000
8316  4.147  -81.874  14.367 0.0000000000
8333  4.824  -82.367  13.878 0.0000000000
8346  7.921  -82.482  12.227 0.0000000000
8347  7.157  -82.281  12.511 0.0000000000
8358  9.343  -82.850  11.227 0.0000000000
8359  8.802  -82.348  11.712 0.0000000000
8360  8.207  -81.780  11.790 0.0000000000
8361  3.209  -81.975  10.780 0.0000000000
8362  2.959  -82.001  10.792 0.0000000000
8372  9.813  -82.117  9.918 0.0000000000
8373  9.692  -82.423  10.205 0.0000000000
8374  3.870  -82.281  10.271 0.0000000000
8375  3.401  -82.178  10.456 0.0000000000
8376  2.556  -82.144  10.346 0.0000000000
8377  2.015  -82.026  10.084 0.0000000000
8386  9.841  -82.068  9.556 0.0000000000
8387  9.679  -82.623  9.262 0.0000000000
8388  4.800  -82.572  9.156 0.0000000000
8389  4.070  -82.542  9.787 0.0000000000
8390  2.978  -82.638  9.680 0.0000000000
8391  2.245  -82.320  9.577 0.0000000000
8392  1.851  -81.890  9.623 0.0000000000
8399  9.766  -81.731  9.208 0.0000000000
8400  9.855  -82.126  8.674 0.0000000000
8401  5.808  -82.344  8.147 0.0000000000
8402  5.042  -82.785  8.465 0.0000000000
8403  4.262  -82.956  8.786 0.0000000000
8404  3.417  -83.025  8.922 0.0000000000
8405  2.424  -82.853  8.672 0.0000000000
8406  1.810  -82.020  8.927 0.0000000000
8414  9.777  -82.388  7.638 0.0000000000
8415  7.151  -82.127  7.143 0.0000000000
8416  6.162  -82.419  7.309 0.0000000000
8417  5.311  -82.890  7.656 0.0000000000
8418  4.523  -83.359  8.063 0.0000000000
8419  1.995  -82.956  7.787 0.0000000000
8420  1.801  -82.348  8.142 0.0000000000
8430  9.839  -82.792  6.021 0.0000000000
8431  9.680  -82.553  6.500 0.0000000000
8432  8.796  -82.161  6.266 0.0000000000
8433  7.726  -82.310  6.282 0.0000000000
8434  6.623  -82.541  6.441 0.0000000000
8435  5.625  -82.944  6.766 0.0000000000
8436  1.873  -82.755  6.937 0.0000000000
8437  1.832  -82.505  7.610 0.0000000000
8445  9.984  -82.880  5.798 0.0000000000
8446  9.758  -82.870  5.749 0.0000000000
8447  9.205  -82.625  5.566 0.0000000000
8448  8.272  -82.530  5.401 0.0000000000
8449  7.113  -82.682  5.409 0.0000000000
8450  5.981  -82.965  5.813 0.0000000000
8451  2.160  -83.330  5.637 0.0000000000
8460  9.440  -83.126  5.051 0.0000000000
8461  8.800  -82.911  4.629 0.0000000000
8462  7.768  -82.830  4.415 0.0000000000
8463  7.059  -82.893  4.715 0.0000000000
8464  2.049  -83.304  4.325 0.0000000000
8473  8.297  -82.976  4.036 0.0000000000
8474  7.968  -82.919  3.988 0.0000000000
8475  2.204  -83.293  3.311 0.0000000000
8485  2.466  -82.799  2.424 0.0000000000
8494  2.355  -82.343  1.376 0.0000000000
8507  2.013  -81.993  0.573 0.0000000000
8525  1.857  -81.997  -0.387 0.0000000000
8526  1.655  -81.593  -0.835 0.0000000000
8542  1.977  -82.518  -1.324 0.0000000000
8543  1.734  -81.772  -1.219 0.0000000000
9102  3.916  -81.412  13.863 0.0000000000
9114  6.164  -82.012  13.185 0.0000000000
9115  5.611  -81.535  13.331 0.0000000000
9116  4.578  -81.165  13.363 0.0000000000
9117  3.525  -81.253  13.284 0.0000000000
9128  7.479  -81.568  12.059 0.0000000000
9129  6.650  -81.684  12.663 0.0000000000
9130  6.148  -81.475  13.031 0.0000000000
9131  4.494  -80.898  12.456 0.0000000000
9132  3.861  -81.151  12.367 0.0000000000
9133  2.917  -81.366  12.261 0.0000000000
9134  1.983  -81.251  12.189 0.0000000000
9140  9.380  -82.010  11.027 0.0000000000
9141  8.724  -81.361  11.235 0.0000000000
9142  8.040  -81.290  11.633 0.0000000000
9143  5.166  -80.908  11.396 0.0000000000
9144  4.551  -81.083  11.586 0.0000000000
9145  3.411  -81.707  11.165 0.0000000000
9146  2.468  -81.703  11.182 0.0000000000
9147  1.730  -81.378  11.032 0.0000000000
9149  9.826  -81.881  10.001 0.0000000000
9150  9.455  -81.365  10.329 0.0000000000
9151  8.887  -80.987  10.712 0.0000000000
9152  6.040  -81.089  10.642 0.0000000000
9153  5.381  -81.239  10.795 0.0000000000
9154  4.203  -81.965  10.526 0.0000000000
9155  3.629  -81.957  10.695 0.0000000000
9156  2.026  -81.840  10.585 0.0000000000
9157  1.674  -81.482  10.126 0.0000000000
9164  9.733  -81.604  9.649 0.0000000000
9165  9.517  -81.210  9.512 0.0000000000
9166  7.255  -80.974  9.867 0.0000000000
9167  6.439  -81.255  10.016 0.0000000000
9168  5.185  -82.095  9.805 0.0000000000
9169  4.494  -82.289  10.084 0.0000000000
9170  1.607  -81.431  9.326 0.0000000000
9179  9.657  -81.489  9.310 0.0000000000
9180  9.526  -81.418  8.910 0.0000000000
9181  8.944  -80.992  8.653 0.0000000000
9182  7.753  -81.088  9.108 0.0000000000
9183  6.365  -81.765  8.795 0.0000000000
9184  5.427  -82.305  8.869 0.0000000000
9185  1.592  -81.469  8.824 0.0000000000
9191  9.469  -81.647  7.982 0.0000000000
9192  8.563  -81.374  7.916 0.0000000000
9193  7.447  -81.608  7.934 0.0000000000
9194  6.585  -82.013  7.844 0.0000000000
9195  1.707  -81.273  7.689 0.0000000000
9196  1.626  -81.533  8.278 0.0000000000
9203  9.682  -82.006  7.261 0.0000000000
9204  9.188  -81.780  7.093 0.0000000000
9205  8.196  -81.822  7.068 0.0000000000
9206  2.383  -81.209  6.362 0.0000000000
9207  1.879  -81.478  6.967 0.0000000000
9208  1.748  -81.963  7.591 0.0000000000
9213  3.675  -80.930  5.108 0.0000000000
9214  2.870  -81.275  5.576 0.0000000000
9215  2.170  -82.027  6.056 0.0000000000
9221  3.999  -80.862  4.374 0.0000000000
9222  3.056  -81.398  4.467 0.0000000000
9223  2.266  -82.209  4.916 0.0000000000
9233  4.011  -80.480  3.506 0.0000000000
9234  3.368  -81.250  3.456 0.0000000000
9235  2.486  -82.233  3.582 0.0000000000
9250  3.697  -80.315  3.021 0.0000000000
9251  3.377  -80.694  2.811 0.0000000000
9252  2.724  -81.496  2.239 0.0000000000
9271  2.054  -81.434  1.115 0.0000000000
9286  1.682  -81.352  0.249 0.0000000000
9287  1.465  -81.116  -0.232 0.0000000000
9298  1.608  -81.451  -0.243 0.0000000000
9299  1.572  -81.362  -0.588 0.0000000000
9311  1.558  -81.264  -1.101 0.0000000000
9886  5.722  -81.099  13.052 0.0000000000
9887  5.426  -80.971  13.040 0.0000000000
9891  7.353  -81.166  11.944 0.0000000000
9892  6.980  -81.095  12.135 0.0000000000
9893  6.055  -80.968  12.622 0.0000000000
9894  5.125  -80.741  12.381 0.0000000000
9897  8.177  -81.003  11.352 0.0000000000
9898  7.539  -80.979  11.572 0.0000000000
9899  6.679  -80.836  11.616 0.0000000000
9900  5.719  -80.793  11.536 0.0000000000
9901  5.103  -80.760  11.717 0.0000000000
9902  1.529  -80.610  11.419 0.0000000000
9904  8.903  -80.789  10.347 0.0000000000
9905  8.249  -80.763  10.801 0.0000000000
9906  7.292  -80.799  10.875 0.0000000000
9907  6.443  -80.881  10.836 0.0000000000
9908  5.872  -80.926  10.917 0.0000000000
9909  1.440  -80.752  10.503 0.0000000000
9911  9.133  -80.779  9.782 0.0000000000
9912  8.502  -80.667  9.998 0.0000000000
9913  7.757  -80.757  10.073 0.0000000000
9914  7.041  -80.910  10.328 0.0000000000
9915  1.490  -80.293  9.256 0.0000000000
9916  1.421  -80.806  9.660 0.0000000000
9924  9.188  -80.919  9.180 0.0000000000
9925  8.642  -80.806  9.361 0.0000000000
9926  8.186  -80.776  9.616 0.0000000000
9927  3.473  -80.070  7.898 0.0000000000
9928  2.683  -80.159  8.096 0.0000000000
9929  1.889  -80.293  8.550 0.0000000000
9930  1.474  -80.916  8.826 0.0000000000
9937  3.863  -80.181  7.333 0.0000000000
9938  2.945  -80.489  7.407 0.0000000000
9939  2.035  -80.696  7.621 0.0000000000
9940  1.638  -80.891  8.143 0.0000000000
9946  4.151  -80.212  6.473 0.0000000000
9947  3.205  -80.696  6.532 0.0000000000
9948  2.400  -80.864  6.932 0.0000000000
9953  4.708  -80.041  4.962 0.0000000000
9954  4.340  -80.296  5.356 0.0000000000
9955  3.702  -80.659  5.790 0.0000000000
9969  4.525  -79.997  4.800 0.0000000000
9970  4.503  -80.155  4.472 0.0000000000
9987  4.258  -79.807  3.736 0.0000000000
10004  3.884  -79.954  3.106 0.0000000000
10005  3.288  -80.084  2.739 0.0000000000
10006  2.697  -80.360  2.215 0.0000000000
10024  2.073  -80.563  1.444 0.0000000000
10025  1.730  -80.289  0.743 0.0000000000
10033  1.752  -80.845  0.744 0.0000000000
10034  1.506  -80.603  0.107 0.0000000000
10043  1.508  -80.768  -0.692 0.0000000000
10638  4.743  -79.229  9.281 0.0000000000
10639  4.068  -79.249  9.899 0.0000000000
10640  2.767  -79.315  10.172 0.0000000000
10641  1.720  -79.465  10.562 0.0000000000
10642  1.309  -80.085  10.807 0.0000000000
10644  4.683  -79.320  8.717 0.0000000000
10645  4.140  -79.505  8.987 0.0000000000
10646  3.166  -79.545  9.285 0.0000000000
10647  2.016  -79.712  9.455 0.0000000000
10648  1.334  -80.099  10.001 0.0000000000
10655  4.773  -79.209  8.229 0.0000000000
10656  4.210  -79.669  8.166 0.0000000000
10657  3.404  -79.779  8.515 0.0000000000
10658  2.582  -79.835  8.744 0.0000000000
10668  4.797  -79.129  7.953 0.0000000000
10669  4.469  -79.448  7.439 0.0000000000
10677  4.363  -79.539  6.289 0.0000000000
10689  4.652  -79.720  4.852 0.0000000000
10690  4.508  -79.596  5.267 0.0000000000
10706  4.662  -79.910  4.655 0.0000000000
10707  4.422  -79.552  4.498 0.0000000000
10721  3.992  -79.209  3.853 0.0000000000
10722  3.334  -79.211  3.557 0.0000000000
10723  2.750  -79.176  3.204 0.0000000000
10734  3.793  -79.562  3.431 0.0000000000
10735  3.255  -79.626  3.091 0.0000000000
10736  2.490  -79.473  2.517 0.0000000000
10737  1.933  -79.240  1.845 0.0000000000
10752  2.029  -79.892  1.894 0.0000000000
10753  1.821  -79.637  1.135 0.0000000000
10760  1.677  -79.852  0.291 0.0000000000
10772  1.663  -80.080  -0.426 0.0000000000
11413  5.042  -78.745  9.890 0.0000000000
11418  5.135  -79.008  8.882 0.0000000000
11424  4.938  -78.791  8.181 0.0000000000
11425  4.746  -78.472  8.013 0.0000000000
11433  4.775  -79.036  7.721 0.0000000000
11434  4.464  -78.687  7.246 0.0000000000
11435  4.029  -78.212  6.998 0.0000000000
11448  4.232  -78.918  5.919 0.0000000000
11449  3.623  -78.278  6.374 0.0000000000
11450  3.015  -77.951  6.195 0.0000000000
11462  4.158  -78.987  4.973 0.0000000000
11463  3.534  -78.570  5.383 0.0000000000
11464  2.690  -78.060  5.623 0.0000000000
11465  2.110  -77.765  5.424 0.0000000000
11474  3.992  -78.989  4.289 0.0000000000
11475  3.464  -78.771  4.560 0.0000000000
11476  2.817  -78.448  4.836 0.0000000000
11477  1.968  -77.957  4.695 0.0000000000
11489  3.871  -79.030  4.033 0.0000000000
11490  3.562  -78.970  4.015 0.0000000000
11491  2.700  -78.699  3.899 0.0000000000
11492  1.959  -78.168  3.388 0.0000000000
11504  2.249  -78.865  3.077 0.0000000000
11505  2.002  -78.570  2.353 0.0000000000
12226  5.281  -78.248  9.008 0.0000000000
12240  4.942  -78.374  8.331 0.0000000000
12241  4.455  -77.903  8.117 0.0000000000
12259  4.172  -78.168  7.365 0.0000000000
12260  3.519  -77.851  7.110 0.0000000000
12277  3.185  -77.915  6.500 0.0000000000
12278  2.546  -77.646  6.354 0.0000000000
12288  2.236  -77.710  5.742 0.0000000000
