#!ascii label  , from subject FREESURFER vox2ras=TkReg 
174
76779  28.046  -12.238  -22.807 0.0000000000
76780  27.343  -12.226  -23.030 0.0000000000
76781  26.546  -12.010  -22.811 0.0000000000
76782  25.936  -11.677  -22.612 0.0000000000
77827  28.706  -11.651  -22.527 0.0000000000
77828  25.269  -11.568  -22.194 0.0000000000
77829  24.541  -11.238  -21.754 0.0000000000
77842  27.956  -11.497  -22.923 0.0000000000
77843  27.234  -11.409  -23.338 0.0000000000
77844  26.451  -11.208  -23.240 0.0000000000
77845  25.682  -11.016  -22.922 0.0000000000
78783  23.158  -10.519  -19.385 0.0000000000
78794  23.892  -10.964  -21.241 0.0000000000
78795  23.398  -10.234  -20.868 0.0000000000
78804  30.255  -10.975  -21.730 0.0000000000
78805  29.437  -10.818  -22.067 0.0000000000
78806  28.611  -10.692  -22.531 0.0000000000
78807  25.011  -10.857  -22.418 0.0000000000
78808  24.236  -10.203  -22.075 0.0000000000
78809  23.618  -9.786  -21.516 0.0000000000
78820  27.865  -10.590  -23.072 0.0000000000
78821  27.119  -10.485  -23.554 0.0000000000
78822  26.240  -10.356  -23.498 0.0000000000
78823  25.296  -10.153  -23.025 0.0000000000
78824  24.793  -9.700  -22.768 0.0000000000
79753  23.126  -9.363  -18.964 0.0000000000
79763  31.574  -10.275  -21.284 0.0000000000
79764  30.884  -10.373  -21.409 0.0000000000
79765  23.015  -9.385  -20.118 0.0000000000
79772  32.011  -9.633  -21.388 0.0000000000
79773  31.317  -9.620  -21.335 0.0000000000
79774  30.267  -9.890  -21.556 0.0000000000
79775  29.271  -9.787  -22.015 0.0000000000
79776  28.472  -9.704  -22.591 0.0000000000
79777  23.753  -9.302  -21.907 0.0000000000
79778  23.296  -9.328  -21.151 0.0000000000
79789  27.732  -9.607  -23.210 0.0000000000
79790  26.934  -9.435  -23.745 0.0000000000
79791  26.027  -9.492  -23.594 0.0000000000
79792  25.280  -9.093  -23.207 0.0000000000
79793  24.411  -9.210  -22.586 0.0000000000
79804  26.462  -8.891  -23.699 0.0000000000
79805  25.944  -8.765  -23.624 0.0000000000
79806  25.618  -8.581  -23.486 0.0000000000
80701  32.426  -9.414  -21.420 0.0000000000
80702  22.973  -8.472  -19.672 0.0000000000
80710  32.143  -8.746  -21.495 0.0000000000
80711  30.916  -8.748  -21.344 0.0000000000
80712  29.848  -8.803  -21.468 0.0000000000
80713  28.933  -8.783  -21.905 0.0000000000
80714  28.196  -8.716  -22.559 0.0000000000
80715  23.397  -8.731  -21.604 0.0000000000
80716  23.105  -8.429  -20.822 0.0000000000
80724  27.502  -8.604  -23.184 0.0000000000
80725  26.920  -8.389  -23.656 0.0000000000
80726  24.700  -8.374  -22.971 0.0000000000
80727  23.864  -8.398  -22.352 0.0000000000
80728  23.372  -8.089  -21.696 0.0000000000
80738  26.334  -8.206  -23.685 0.0000000000
80739  25.815  -8.120  -23.635 0.0000000000
80740  25.323  -8.230  -23.376 0.0000000000
81629  23.151  -7.798  -19.455 0.0000000000
81635  23.110  -7.560  -20.293 0.0000000000
81642  32.584  -7.389  -21.929 0.0000000000
81643  31.491  -7.623  -21.404 0.0000000000
81644  30.427  -7.711  -21.256 0.0000000000
81645  29.439  -7.763  -21.404 0.0000000000
81646  28.597  -7.786  -21.902 0.0000000000
81647  23.313  -7.405  -21.330 0.0000000000
81657  27.880  -7.728  -22.530 0.0000000000
81658  27.234  -7.609  -23.135 0.0000000000
81659  24.913  -7.741  -23.330 0.0000000000
81660  24.322  -7.490  -23.027 0.0000000000
81661  23.643  -7.390  -22.305 0.0000000000
81670  26.623  -7.471  -23.597 0.0000000000
81671  26.061  -7.438  -23.958 0.0000000000
81672  25.360  -7.383  -23.726 0.0000000000
81673  24.765  -7.173  -23.531 0.0000000000
82553  23.537  -6.854  -19.839 0.0000000000
82559  31.755  -5.689  -20.918 0.0000000000
82560  31.337  -5.881  -20.742 0.0000000000
82561  30.651  -5.984  -20.675 0.0000000000
82562  23.362  -6.477  -20.968 0.0000000000
82569  31.917  -6.313  -21.378 0.0000000000
82570  30.967  -6.705  -20.984 0.0000000000
82571  29.951  -6.600  -20.949 0.0000000000
82572  29.024  -6.794  -21.461 0.0000000000
82573  23.475  -6.405  -22.049 0.0000000000
82581  28.363  -6.816  -22.064 0.0000000000
82582  27.724  -6.701  -22.705 0.0000000000
82583  24.437  -6.876  -23.479 0.0000000000
82584  23.957  -6.454  -23.227 0.0000000000
82591  27.046  -6.599  -23.367 0.0000000000
82592  26.389  -6.502  -24.106 0.0000000000
82593  25.637  -6.671  -24.324 0.0000000000
82594  24.677  -6.399  -24.111 0.0000000000
82595  24.185  -6.028  -23.871 0.0000000000
82603  25.917  -6.043  -24.643 0.0000000000
82604  25.308  -5.919  -24.606 0.0000000000
82605  24.863  -5.744  -24.582 0.0000000000
83542  31.593  -5.182  -20.723 0.0000000000
83543  30.909  -5.223  -20.596 0.0000000000
83544  30.094  -5.421  -20.658 0.0000000000
83548  23.557  -5.373  -20.748 0.0000000000
83549  23.185  -4.670  -21.333 0.0000000000
83555  32.087  -5.350  -21.080 0.0000000000
83556  29.242  -5.636  -21.215 0.0000000000
83557  28.694  -6.089  -21.687 0.0000000000
83558  23.260  -5.222  -21.737 0.0000000000
83559  23.037  -4.573  -21.633 0.0000000000
83567  28.642  -5.426  -21.664 0.0000000000
83568  28.214  -5.762  -22.174 0.0000000000
83569  27.560  -5.640  -22.941 0.0000000000
83570  23.453  -5.449  -22.803 0.0000000000
83577  26.797  -5.586  -23.657 0.0000000000
83578  26.246  -5.462  -24.383 0.0000000000
83579  24.273  -5.810  -24.141 0.0000000000
83580  23.870  -5.411  -23.846 0.0000000000
83587  25.642  -5.326  -24.704 0.0000000000
83588  25.049  -5.256  -24.845 0.0000000000
83589  24.435  -5.329  -24.487 0.0000000000
83590  24.015  -4.938  -24.313 0.0000000000
84514  31.286  -4.396  -20.632 0.0000000000
84515  30.443  -4.438  -20.613 0.0000000000
84516  29.587  -4.540  -20.888 0.0000000000
84520  23.634  -4.311  -20.667 0.0000000000
84521  23.129  -4.174  -21.033 0.0000000000
84526  28.733  -4.556  -21.501 0.0000000000
84527  28.279  -4.013  -21.694 0.0000000000
84528  22.860  -4.333  -21.974 0.0000000000
84529  22.868  -4.087  -21.522 0.0000000000
84533  28.349  -5.088  -21.838 0.0000000000
84534  27.878  -4.595  -22.132 0.0000000000
84535  27.023  -4.640  -23.017 0.0000000000
84536  23.082  -4.528  -22.524 0.0000000000
84541  26.404  -4.601  -23.875 0.0000000000
84542  25.907  -4.605  -24.550 0.0000000000
84543  23.400  -4.549  -23.328 0.0000000000
84551  25.365  -4.559  -24.802 0.0000000000
84552  24.744  -4.455  -24.860 0.0000000000
84553  24.187  -4.417  -24.504 0.0000000000
84554  23.763  -4.475  -24.044 0.0000000000
85388  30.842  -3.494  -20.623 0.0000000000
85389  29.941  -3.537  -20.721 0.0000000000
85400  29.195  -3.633  -21.118 0.0000000000
85401  28.598  -3.540  -21.448 0.0000000000
85402  22.841  -3.971  -22.380 0.0000000000
85408  27.962  -3.350  -21.824 0.0000000000
85409  27.238  -3.600  -22.476 0.0000000000
85418  26.573  -3.637  -23.269 0.0000000000
85419  25.890  -3.542  -24.176 0.0000000000
85420  25.413  -2.957  -24.359 0.0000000000
85421  23.463  -3.787  -23.657 0.0000000000
85433  25.586  -4.081  -24.614 0.0000000000
85434  25.171  -3.519  -24.688 0.0000000000
85435  24.446  -3.545  -24.598 0.0000000000
85436  23.836  -3.613  -24.237 0.0000000000
86249  30.318  -2.544  -20.587 0.0000000000
86250  29.287  -2.570  -20.840 0.0000000000
86251  28.729  -2.063  -20.958 0.0000000000
86265  28.885  -3.090  -21.175 0.0000000000
86266  28.457  -2.616  -21.335 0.0000000000
86267  27.942  -2.128  -21.613 0.0000000000
86278  27.943  -2.634  -21.717 0.0000000000
86279  27.403  -2.436  -22.130 0.0000000000
86280  26.781  -2.105  -22.722 0.0000000000
86293  26.812  -2.860  -22.759 0.0000000000
86294  26.311  -2.469  -23.439 0.0000000000
86295  25.654  -2.355  -24.152 0.0000000000
87181  29.829  -1.558  -20.477 0.0000000000
87182  28.981  -1.486  -20.684 0.0000000000
87198  28.319  -1.531  -21.221 0.0000000000
87199  27.633  -1.404  -21.780 0.0000000000
87214  27.026  -1.371  -22.377 0.0000000000
