#!ascii label  , from subject FREESURFER vox2ras=TkReg 
398
10219  35.064  -80.049  -12.320 0.0000000000
10869  30.172  -79.390  -6.537 0.0000000000
10870  29.675  -78.845  -6.079 0.0000000000
10890  30.614  -79.093  -7.401 0.0000000000
10907  32.012  -79.251  -8.538 0.0000000000
10908  31.538  -79.185  -8.162 0.0000000000
10925  32.640  -79.356  -9.320 0.0000000000
10937  33.961  -80.002  -11.296 0.0000000000
10938  33.282  -79.678  -10.806 0.0000000000
10939  32.647  -79.294  -10.236 0.0000000000
10948  34.075  -79.882  -12.128 0.0000000000
10949  33.090  -79.567  -11.779 0.0000000000
10950  32.602  -79.321  -11.125 0.0000000000
10965  36.587  -79.575  -12.866 0.0000000000
10966  35.527  -79.536  -12.880 0.0000000000
10967  34.474  -79.402  -12.721 0.0000000000
10968  33.428  -79.305  -12.548 0.0000000000
11605  29.911  -77.727  -5.434 0.0000000000
11606  29.713  -78.349  -5.376 0.0000000000
11626  29.848  -78.081  -6.351 0.0000000000
11627  29.665  -78.653  -5.824 0.0000000000
11644  30.862  -78.944  -7.763 0.0000000000
11645  30.397  -78.380  -7.732 0.0000000000
11660  31.712  -78.896  -8.841 0.0000000000
11661  31.254  -78.741  -8.501 0.0000000000
11662  30.456  -78.106  -9.032 0.0000000000
11677  31.859  -78.828  -9.543 0.0000000000
11678  30.968  -78.144  -9.732 0.0000000000
11679  30.518  -77.971  -9.549 0.0000000000
11696  31.986  -78.965  -10.785 0.0000000000
11697  31.501  -78.452  -10.448 0.0000000000
11712  32.593  -79.185  -12.359 0.0000000000
11713  32.026  -79.186  -11.790 0.0000000000
11714  31.504  -78.532  -11.316 0.0000000000
11726  38.435  -78.546  -13.032 0.0000000000
11727  37.312  -78.768  -13.149 0.0000000000
11728  36.185  -78.822  -13.247 0.0000000000
11729  35.071  -78.746  -13.148 0.0000000000
11730  33.911  -78.532  -12.970 0.0000000000
11731  32.824  -78.627  -12.745 0.0000000000
11732  32.002  -78.726  -12.506 0.0000000000
11733  31.556  -78.556  -12.045 0.0000000000
11740  38.363  -78.015  -13.311 0.0000000000
11741  37.921  -78.015  -13.389 0.0000000000
11742  36.900  -77.998  -13.449 0.0000000000
11743  35.785  -77.977  -13.424 0.0000000000
11744  34.720  -77.902  -13.307 0.0000000000
12423  30.164  -77.124  -5.693 0.0000000000
12440  30.273  -76.905  -6.551 0.0000000000
12457  30.233  -77.276  -7.532 0.0000000000
12475  30.242  -77.418  -8.700 0.0000000000
12492  30.804  -77.753  -10.256 0.0000000000
12493  30.510  -77.542  -9.758 0.0000000000
12507  31.155  -77.892  -10.781 0.0000000000
12508  30.783  -77.363  -10.712 0.0000000000
12519  31.276  -77.712  -11.790 0.0000000000
12520  31.035  -77.419  -11.248 0.0000000000
12528  38.963  -77.782  -12.623 0.0000000000
12529  33.926  -77.741  -13.235 0.0000000000
12530  33.145  -77.733  -13.060 0.0000000000
12531  32.197  -77.906  -12.813 0.0000000000
12532  31.672  -78.047  -12.368 0.0000000000
12539  38.429  -77.507  -13.412 0.0000000000
12540  37.587  -77.275  -13.802 0.0000000000
12541  36.483  -77.225  -13.893 0.0000000000
12542  35.348  -77.186  -13.754 0.0000000000
12543  34.313  -77.194  -13.554 0.0000000000
12544  33.606  -77.279  -13.376 0.0000000000
13234  30.429  -76.384  -5.904 0.0000000000
13250  30.596  -76.120  -6.489 0.0000000000
13263  30.582  -76.349  -7.307 0.0000000000
13272  30.709  -76.183  -8.742 0.0000000000
13273  30.569  -76.400  -8.430 0.0000000000
13283  30.709  -76.190  -9.064 0.0000000000
13284  30.480  -76.635  -9.511 0.0000000000
13291  30.518  -76.792  -10.489 0.0000000000
13300  31.197  -77.179  -12.040 0.0000000000
13301  30.884  -76.708  -11.727 0.0000000000
13307  38.788  -76.516  -12.506 0.0000000000
13308  38.587  -76.021  -12.337 0.0000000000
13309  33.180  -77.110  -13.328 0.0000000000
13310  32.484  -76.863  -13.245 0.0000000000
13311  31.433  -77.099  -12.607 0.0000000000
13312  30.967  -76.419  -12.623 0.0000000000
13320  38.770  -76.515  -13.291 0.0000000000
13321  38.217  -76.352  -14.001 0.0000000000
13322  37.167  -76.504  -14.317 0.0000000000
13323  36.012  -76.304  -14.321 0.0000000000
13324  34.806  -76.420  -13.880 0.0000000000
13325  33.559  -76.551  -13.654 0.0000000000
13326  32.768  -76.228  -13.688 0.0000000000
13330  37.635  -75.727  -14.401 0.0000000000
13331  36.731  -75.837  -14.491 0.0000000000
13332  36.296  -75.848  -14.467 0.0000000000
14026  30.628  -75.342  -5.762 0.0000000000
14047  30.847  -75.468  -6.948 0.0000000000
14065  30.839  -75.704  -7.834 0.0000000000
14081  30.912  -75.805  -8.791 0.0000000000
14082  30.861  -75.868  -8.316 0.0000000000
14096  30.807  -75.681  -9.889 0.0000000000
14097  30.564  -76.302  -10.200 0.0000000000
14104  30.758  -75.177  -11.149 0.0000000000
14105  30.568  -76.027  -10.910 0.0000000000
14112  38.307  -75.729  -12.252 0.0000000000
14115  30.532  -74.885  -11.847 0.0000000000
14116  30.483  -75.442  -11.983 0.0000000000
14127  38.802  -75.659  -13.148 0.0000000000
14128  38.583  -75.450  -12.663 0.0000000000
14129  38.147  -75.175  -12.347 0.0000000000
14130  31.743  -76.497  -13.208 0.0000000000
14131  31.206  -76.188  -13.177 0.0000000000
14132  30.627  -75.632  -12.871 0.0000000000
14139  38.699  -75.378  -13.812 0.0000000000
14140  38.281  -75.450  -14.206 0.0000000000
14141  35.278  -75.695  -14.180 0.0000000000
14142  34.311  -75.629  -13.977 0.0000000000
14143  33.176  -75.639  -13.938 0.0000000000
14144  32.011  -75.828  -13.688 0.0000000000
14145  30.943  -75.539  -13.740 0.0000000000
14146  30.466  -75.116  -13.566 0.0000000000
14147  38.452  -74.862  -14.192 0.0000000000
14148  37.917  -74.955  -14.358 0.0000000000
14149  37.071  -75.133  -14.352 0.0000000000
14150  36.112  -75.351  -14.421 0.0000000000
14859  31.084  -73.720  -5.813 0.0000000000
14860  30.900  -74.213  -5.732 0.0000000000
14886  31.076  -73.882  -6.230 0.0000000000
14887  30.919  -74.491  -6.632 0.0000000000
14910  31.026  -74.331  -8.185 0.0000000000
14911  30.925  -74.651  -7.707 0.0000000000
14933  31.199  -74.597  -8.920 0.0000000000
14934  30.957  -75.324  -8.291 0.0000000000
14955  31.039  -74.532  -10.524 0.0000000000
14970  30.703  -74.433  -11.652 0.0000000000
14985  30.405  -74.523  -12.567 0.0000000000
14986  30.313  -75.077  -12.709 0.0000000000
14997  38.660  -74.587  -13.370 0.0000000000
14998  38.240  -74.564  -12.712 0.0000000000
14999  37.732  -74.688  -12.212 0.0000000000
15000  30.124  -74.138  -13.015 0.0000000000
15001  30.195  -74.733  -13.262 0.0000000000
15002  38.711  -74.359  -14.038 0.0000000000
15003  35.159  -74.758  -14.252 0.0000000000
15004  33.947  -74.763  -14.048 0.0000000000
15005  32.700  -74.802  -13.990 0.0000000000
15006  31.533  -74.806  -13.842 0.0000000000
15007  30.766  -74.899  -13.909 0.0000000000
15008  30.258  -74.842  -13.748 0.0000000000
15009  38.187  -74.239  -14.338 0.0000000000
15010  37.406  -74.330  -14.452 0.0000000000
15011  36.505  -74.508  -14.451 0.0000000000
15012  35.868  -74.632  -14.431 0.0000000000
15709  31.191  -73.289  -6.090 0.0000000000
15710  30.879  -73.472  -5.323 0.0000000000
15729  30.991  -73.675  -6.959 0.0000000000
15730  30.943  -74.213  -7.179 0.0000000000
15747  31.058  -73.798  -8.016 0.0000000000
15748  30.943  -74.076  -7.449 0.0000000000
15762  31.310  -73.481  -9.023 0.0000000000
15772  31.086  -73.615  -10.072 0.0000000000
15783  30.775  -73.666  -11.398 0.0000000000
15796  30.526  -73.836  -12.353 0.0000000000
15801  38.671  -74.022  -13.451 0.0000000000
15802  38.486  -73.783  -13.190 0.0000000000
15803  37.595  -73.741  -12.395 0.0000000000
15804  30.238  -73.734  -13.160 0.0000000000
15805  30.177  -74.159  -13.459 0.0000000000
15806  38.663  -73.745  -13.680 0.0000000000
15807  38.532  -73.205  -13.524 0.0000000000
15808  35.230  -74.196  -14.333 0.0000000000
15809  34.830  -73.947  -14.249 0.0000000000
15810  33.610  -73.896  -13.997 0.0000000000
15811  32.226  -73.951  -13.819 0.0000000000
15812  30.958  -73.959  -13.576 0.0000000000
15813  30.363  -74.507  -13.670 0.0000000000
15814  38.338  -73.498  -14.137 0.0000000000
15815  37.659  -73.496  -14.402 0.0000000000
15816  36.800  -73.737  -14.567 0.0000000000
15817  35.723  -73.924  -14.453 0.0000000000
15818  35.263  -73.355  -14.411 0.0000000000
16537  31.138  -72.765  -6.169 0.0000000000
16538  30.987  -72.680  -5.665 0.0000000000
16556  31.091  -72.862  -6.684 0.0000000000
16557  30.925  -72.328  -6.315 0.0000000000
16573  31.229  -72.909  -7.514 0.0000000000
16574  30.965  -72.239  -7.118 0.0000000000
16583  31.347  -72.776  -8.512 0.0000000000
16592  31.016  -72.666  -9.637 0.0000000000
16593  30.456  -72.323  -10.375 0.0000000000
16603  30.651  -72.876  -10.954 0.0000000000
16604  30.072  -72.319  -11.455 0.0000000000
16616  30.099  -72.934  -12.630 0.0000000000
16617  29.743  -72.209  -12.513 0.0000000000
16620  38.187  -72.959  -13.069 0.0000000000
16621  37.236  -72.583  -12.544 0.0000000000
16622  36.743  -72.037  -12.373 0.0000000000
16623  35.002  -71.945  -14.071 0.0000000000
16624  34.141  -72.192  -13.560 0.0000000000
16625  32.479  -72.510  -13.386 0.0000000000
16626  30.939  -72.916  -13.612 0.0000000000
16627  38.406  -73.055  -13.864 0.0000000000
16628  38.272  -72.710  -13.654 0.0000000000
16629  35.589  -72.818  -14.464 0.0000000000
16630  34.901  -72.873  -14.306 0.0000000000
16631  33.172  -73.133  -13.681 0.0000000000
16632  31.736  -73.279  -13.654 0.0000000000
16633  31.132  -73.369  -13.656 0.0000000000
16634  37.802  -72.149  -14.304 0.0000000000
16635  37.010  -73.021  -14.579 0.0000000000
16636  36.285  -73.241  -14.559 0.0000000000
16637  35.602  -73.094  -14.490 0.0000000000
16638  35.258  -73.085  -14.436 0.0000000000
17449  30.586  -71.849  -5.656 0.0000000000
17466  30.618  -71.674  -6.667 0.0000000000
17478  31.274  -72.082  -7.959 0.0000000000
17479  30.788  -71.576  -7.614 0.0000000000
17488  31.248  -71.800  -8.920 0.0000000000
17489  30.997  -71.576  -8.256 0.0000000000
17500  30.661  -71.939  -9.693 0.0000000000
17501  30.045  -71.762  -10.405 0.0000000000
17502  29.807  -71.286  -10.144 0.0000000000
17515  35.863  -71.213  -11.639 0.0000000000
17517  29.619  -71.791  -11.751 0.0000000000
17518  29.444  -71.315  -10.885 0.0000000000
17527  36.569  -71.563  -12.229 0.0000000000
17528  29.653  -72.226  -13.244 0.0000000000
17529  29.353  -71.791  -12.870 0.0000000000
17530  29.104  -71.299  -12.144 0.0000000000
17531  35.255  -70.840  -14.111 0.0000000000
17532  33.427  -71.477  -13.035 0.0000000000
17533  31.668  -71.891  -13.176 0.0000000000
17534  30.346  -72.136  -13.534 0.0000000000
17535  29.659  -71.557  -13.543 0.0000000000
17536  29.046  -71.172  -13.099 0.0000000000
18395  30.087  -71.223  -5.280 0.0000000000
18396  29.496  -70.492  -5.555 0.0000000000
18410  30.201  -71.062  -6.140 0.0000000000
18411  29.748  -70.476  -6.640 0.0000000000
18423  30.257  -71.041  -7.214 0.0000000000
18424  29.839  -70.406  -7.670 0.0000000000
18437  30.715  -71.454  -9.348 0.0000000000
18438  30.507  -71.011  -8.572 0.0000000000
18439  29.715  -70.337  -8.612 0.0000000000
18455  30.389  -71.627  -9.712 0.0000000000
18456  30.194  -71.298  -9.642 0.0000000000
18457  29.602  -70.704  -9.802 0.0000000000
18468  28.818  -70.714  -11.223 0.0000000000
18469  28.414  -70.214  -11.003 0.0000000000
18473  32.781  -69.920  -11.985 0.0000000000
18474  31.645  -70.201  -12.196 0.0000000000
18475  30.572  -70.165  -12.635 0.0000000000
18476  30.040  -70.006  -12.829 0.0000000000
18477  28.503  -70.825  -12.465 0.0000000000
18478  28.002  -70.259  -11.779 0.0000000000
18479  27.500  -70.042  -11.865 0.0000000000
18480  34.055  -69.948  -12.667 0.0000000000
18481  32.420  -70.900  -12.481 0.0000000000
18482  30.753  -71.149  -12.932 0.0000000000
18483  29.644  -70.521  -13.275 0.0000000000
18484  28.654  -70.467  -13.092 0.0000000000
18485  27.943  -70.327  -12.680 0.0000000000
18486  27.549  -70.097  -12.197 0.0000000000
19342  28.958  -69.965  -5.835 0.0000000000
19362  29.292  -70.073  -6.285 0.0000000000
19363  28.784  -69.723  -6.434 0.0000000000
19383  29.319  -69.951  -7.039 0.0000000000
19384  28.686  -69.587  -7.284 0.0000000000
19385  28.081  -69.272  -7.530 0.0000000000
19401  29.278  -69.857  -7.983 0.0000000000
19402  28.574  -69.527  -8.261 0.0000000000
19403  27.793  -69.209  -8.399 0.0000000000
19418  29.090  -69.969  -9.039 0.0000000000
19419  28.340  -69.551  -9.362 0.0000000000
19420  27.525  -69.163  -9.554 0.0000000000
19426  28.807  -70.043  -10.231 0.0000000000
19427  28.028  -69.682  -10.656 0.0000000000
19428  27.181  -69.275  -10.696 0.0000000000
19429  26.783  -68.999  -11.061 0.0000000000
19433  32.189  -69.331  -11.578 0.0000000000
19434  31.114  -69.436  -11.917 0.0000000000
19435  30.302  -69.522  -12.412 0.0000000000
19436  27.542  -69.822  -11.435 0.0000000000
19437  27.180  -69.621  -11.715 0.0000000000
19438  26.756  -68.918  -11.398 0.0000000000
19439  29.704  -69.727  -12.825 0.0000000000
19440  28.982  -69.780  -13.157 0.0000000000
19441  28.117  -69.805  -13.088 0.0000000000
19442  27.484  -69.692  -12.495 0.0000000000
19443  26.998  -69.172  -11.941 0.0000000000
19444  37.871  -69.513  -14.889 0.0000000000
20258  26.688  -68.837  -9.593 0.0000000000
20270  32.939  -67.923  -11.021 0.0000000000
20271  32.698  -67.948  -10.969 0.0000000000
20272  32.094  -68.020  -10.856 0.0000000000
20273  31.313  -68.079  -10.869 0.0000000000
20274  26.537  -68.776  -10.398 0.0000000000
20275  25.992  -68.546  -10.690 0.0000000000
20285  33.047  -68.129  -11.170 0.0000000000
20286  32.508  -68.502  -11.231 0.0000000000
20287  31.602  -68.678  -11.299 0.0000000000
20288  30.329  -68.558  -11.641 0.0000000000
20289  29.176  -68.366  -12.231 0.0000000000
20290  28.613  -68.332  -12.472 0.0000000000
20291  26.217  -68.353  -11.437 0.0000000000
20298  29.968  -69.213  -12.440 0.0000000000
20299  29.442  -69.100  -12.613 0.0000000000
20300  28.478  -68.927  -12.841 0.0000000000
20301  27.679  -69.168  -12.786 0.0000000000
20302  27.161  -68.919  -12.305 0.0000000000
20303  39.493  -69.457  -14.132 0.0000000000
20304  39.408  -69.185  -13.775 0.0000000000
20306  38.936  -69.450  -14.737 0.0000000000
21124  33.019  -67.672  -11.005 0.0000000000
21125  32.551  -67.385  -10.734 0.0000000000
21126  31.803  -67.336  -10.555 0.0000000000
21127  30.825  -67.444  -10.693 0.0000000000
21128  30.144  -67.158  -10.788 0.0000000000
21135  34.209  -68.413  -12.305 0.0000000000
21136  33.583  -67.702  -11.456 0.0000000000
21137  30.198  -67.711  -11.080 0.0000000000
21138  29.562  -67.592  -11.385 0.0000000000
21139  28.619  -67.739  -11.992 0.0000000000
21140  27.777  -67.722  -12.236 0.0000000000
21141  26.814  -67.996  -12.344 0.0000000000
21142  25.544  -67.601  -11.662 0.0000000000
21150  37.727  -67.550  -12.561 0.0000000000
21151  37.036  -66.991  -12.090 0.0000000000
21153  28.233  -68.264  -12.527 0.0000000000
21154  27.723  -68.541  -12.589 0.0000000000
21155  27.404  -68.740  -12.502 0.0000000000
21156  39.579  -69.016  -13.974 0.0000000000
21157  39.289  -68.395  -13.708 0.0000000000
21158  38.486  -67.499  -13.112 0.0000000000
21161  39.381  -68.907  -14.225 0.0000000000
21993  31.366  -65.937  -10.003 0.0000000000
22001  36.254  -66.350  -10.447 0.0000000000
22002  35.985  -66.972  -10.799 0.0000000000
22005  31.525  -66.585  -10.291 0.0000000000
22006  30.616  -66.407  -10.320 0.0000000000
22007  29.604  -66.560  -10.685 0.0000000000
22008  28.804  -66.319  -10.879 0.0000000000
22015  36.444  -66.561  -11.342 0.0000000000
22016  36.125  -67.000  -11.128 0.0000000000
22019  28.931  -67.013  -11.285 0.0000000000
22020  28.117  -66.821  -11.460 0.0000000000
22021  27.196  -66.927  -11.789 0.0000000000
22022  26.209  -66.845  -11.794 0.0000000000
22032  37.850  -66.708  -12.637 0.0000000000
22033  37.105  -66.121  -12.175 0.0000000000
22959  30.819  -65.362  -9.843 0.0000000000
22960  30.029  -65.125  -9.864 0.0000000000
22974  30.061  -65.793  -10.176 0.0000000000
22975  29.281  -65.486  -10.339 0.0000000000
22976  28.207  -65.621  -10.803 0.0000000000
22986  27.559  -66.098  -11.396 0.0000000000
22997  37.984  -65.731  -12.761 0.0000000000
23951  29.634  -64.435  -9.883 0.0000000000
23967  28.746  -64.515  -10.326 0.0000000000
131005  37.859  -71.417  -13.275 0.0000000000
131006  37.855  -72.106  -13.372 0.0000000000
131007  37.865  -70.739  -13.110 0.0000000000
131008  37.257  -70.219  -12.455 0.0000000000
131009  38.459  -70.211  -13.414 0.0000000000
131010  37.246  -71.573  -12.746 0.0000000000
131011  36.841  -70.875  -12.313 0.0000000000
131012  38.256  -71.283  -13.718 0.0000000000
131013  38.735  -70.531  -13.743 0.0000000000
131014  37.951  -68.431  -12.810 0.0000000000
131015  37.965  -69.731  -12.964 0.0000000000
131016  38.997  -69.786  -13.660 0.0000000000
131017  36.884  -71.326  -12.430 0.0000000000
131018  38.416  -70.641  -14.354 0.0000000000
131019  37.820  -70.535  -14.620 0.0000000000
131020  38.058  -70.120  -14.707 0.0000000000
131021  39.118  -70.035  -14.174 0.0000000000
131022  38.102  -67.826  -12.804 0.0000000000
131023  38.839  -69.130  -13.387 0.0000000000
131024  36.927  -67.863  -11.976 0.0000000000
131025  37.667  -70.945  -14.442 0.0000000000
131026  36.104  -70.816  -14.608 0.0000000000
131027  36.784  -70.365  -14.668 0.0000000000
131030  35.743  -70.499  -11.409 0.0000000000
131031  37.231  -71.180  -14.509 0.0000000000
131032  35.975  -70.619  -14.594 0.0000000000
131034  36.593  -67.225  -11.662 0.0000000000
131035  36.422  -71.398  -14.627 0.0000000000
131036  35.748  -70.012  -14.447 0.0000000000
131037  35.886  -69.154  -14.457 0.0000000000
131038  35.113  -68.601  -9.949 0.0000000000
131039  36.162  -69.470  -11.643 0.0000000000
131040  33.285  -68.899  -11.645 0.0000000000
131041  35.705  -68.029  -10.708 0.0000000000
131042  35.834  -67.424  -10.667 0.0000000000
131043  36.187  -67.552  -11.225 0.0000000000
131044  36.174  -72.542  -14.548 0.0000000000
131045  35.291  -69.708  -14.109 0.0000000000
131046  35.557  -71.905  -14.393 0.0000000000
131047  34.879  -69.804  -13.631 0.0000000000
