#!ascii label  , from subject FREESURFER vox2ras=TkReg 
262
129575  14.928  66.905  7.217 0.0000000000
129576  14.427  67.111  7.234 0.0000000000
129590  14.132  66.654  6.804 0.0000000000
129591  13.004  66.719  6.665 0.0000000000
129592  11.983  66.853  6.278 0.0000000000
129593  11.429  67.224  6.120 0.0000000000
129602  11.159  66.764  5.624 0.0000000000
129603  10.027  67.193  5.124 0.0000000000
129604  9.448  67.417  4.840 0.0000000000
129896  15.370  67.588  7.779 0.0000000000
129897  14.538  67.663  7.595 0.0000000000
129898  13.810  68.003  7.540 0.0000000000
129899  13.146  68.149  7.347 0.0000000000
129911  14.066  67.331  7.293 0.0000000000
129912  13.423  67.381  7.172 0.0000000000
129913  12.498  67.762  6.910 0.0000000000
129914  11.554  67.863  6.410 0.0000000000
129915  10.879  68.169  6.158 0.0000000000
129923  11.060  67.550  6.029 0.0000000000
129924  10.381  67.892  5.659 0.0000000000
129925  9.453  68.012  5.117 0.0000000000
129926  8.709  68.210  4.844 0.0000000000
129932  9.030  67.651  4.709 0.0000000000
129933  8.289  67.745  4.384 0.0000000000
130154  15.199  68.802  8.348 0.0000000000
130155  14.670  69.282  8.284 0.0000000000
130166  14.854  68.177  7.938 0.0000000000
130167  14.311  68.766  7.975 0.0000000000
130168  13.427  68.902  7.614 0.0000000000
130169  12.670  68.850  7.230 0.0000000000
130178  11.943  68.791  6.758 0.0000000000
130179  11.170  68.862  6.351 0.0000000000
130180  10.415  68.825  6.010 0.0000000000
130181  7.163  68.708  6.317 0.0000000000
130189  9.689  68.798  5.561 0.0000000000
130190  8.890  68.853  5.215 0.0000000000
130191  8.052  68.709  4.821 0.0000000000
130192  7.376  68.718  5.306 0.0000000000
130193  6.633  68.069  5.662 0.0000000000
130197  7.734  68.152  4.385 0.0000000000
130198  7.314  68.224  4.453 0.0000000000
130199  6.780  68.104  4.761 0.0000000000
130376  14.846  70.029  8.510 0.0000000000
130377  14.287  70.332  8.279 0.0000000000
130386  14.360  69.640  8.218 0.0000000000
130387  13.772  69.914  7.935 0.0000000000
130388  12.986  69.876  7.379 0.0000000000
130389  7.208  69.698  6.977 0.0000000000
130395  12.256  69.744  6.951 0.0000000000
130396  11.563  69.738  6.594 0.0000000000
130397  10.642  69.839  6.214 0.0000000000
130398  9.817  70.161  5.885 0.0000000000
130399  7.664  69.622  6.060 0.0000000000
130405  9.923  69.473  5.845 0.0000000000
130406  9.235  69.722  5.504 0.0000000000
130407  8.526  69.571  5.355 0.0000000000
130408  7.992  69.583  5.414 0.0000000000
130530  9.665  71.304  15.219 0.0000000000
130534  9.545  71.031  14.591 0.0000000000
130536  5.616  71.295  14.878 0.0000000000
130541  9.437  70.836  13.589 0.0000000000
130549  9.435  70.810  12.495 0.0000000000
130557  9.590  70.870  11.376 0.0000000000
130567  9.919  70.925  10.538 0.0000000000
130575  11.183  71.399  9.505 0.0000000000
130578  15.220  71.124  8.900 0.0000000000
130579  14.576  71.097  8.516 0.0000000000
130580  13.972  71.042  8.126 0.0000000000
130584  13.302  70.954  7.654 0.0000000000
130585  12.403  70.925  7.107 0.0000000000
130586  11.989  71.501  6.876 0.0000000000
130587  7.206  70.723  7.645 0.0000000000
130590  11.923  70.325  6.779 0.0000000000
130591  11.424  70.904  6.601 0.0000000000
130592  10.269  70.924  6.203 0.0000000000
130593  9.199  70.813  5.732 0.0000000000
130594  8.409  71.057  5.982 0.0000000000
130595  7.743  70.773  6.583 0.0000000000
130598  8.816  70.134  5.459 0.0000000000
130599  8.468  70.272  5.566 0.0000000000
130600  8.040  70.295  5.842 0.0000000000
130680  9.792  71.764  15.835 0.0000000000
130683  9.290  71.800  14.970 0.0000000000
130684  8.899  72.189  14.402 0.0000000000
130685  5.467  72.139  15.144 0.0000000000
130688  9.114  71.576  14.056 0.0000000000
130689  8.700  72.270  13.647 0.0000000000
130691  5.729  71.859  14.203 0.0000000000
130695  8.974  71.543  13.058 0.0000000000
130696  8.655  72.436  12.674 0.0000000000
130703  9.142  71.804  11.891 0.0000000000
130704  8.853  72.738  11.904 0.0000000000
130712  10.044  71.362  10.016 0.0000000000
130713  9.533  71.912  10.526 0.0000000000
130715  6.518  72.279  10.465 0.0000000000
130719  12.571  72.376  9.521 0.0000000000
130720  11.647  72.473  9.183 0.0000000000
130721  10.397  72.227  9.365 0.0000000000
130722  9.683  72.878  9.839 0.0000000000
130724  6.518  72.540  9.555 0.0000000000
130726  14.930  72.054  8.755 0.0000000000
130727  14.330  71.984  8.352 0.0000000000
130728  11.168  73.168  9.076 0.0000000000
130729  10.718  73.474  9.145 0.0000000000
130730  6.905  71.668  8.299 0.0000000000
130731  13.701  71.958  7.919 0.0000000000
130732  13.043  71.969  7.450 0.0000000000
130733  12.381  72.075  7.101 0.0000000000
130734  7.487  71.860  7.329 0.0000000000
130735  11.705  72.042  6.810 0.0000000000
130736  10.888  71.904  6.431 0.0000000000
130737  9.902  71.887  6.176 0.0000000000
130738  8.948  72.040  5.947 0.0000000000
130739  8.120  72.102  6.435 0.0000000000
130782  9.041  72.989  16.103 0.0000000000
130784  9.258  72.460  15.634 0.0000000000
130785  8.625  72.993  15.386 0.0000000000
130786  5.215  72.981  15.702 0.0000000000
130787  8.864  72.433  14.969 0.0000000000
130788  8.474  72.937  14.362 0.0000000000
130789  5.332  73.035  14.700 0.0000000000
130790  8.417  73.218  13.302 0.0000000000
130791  5.939  72.115  13.364 0.0000000000
130792  5.559  73.111  13.601 0.0000000000
130795  8.532  73.439  12.336 0.0000000000
130796  5.968  72.794  12.523 0.0000000000
130797  5.705  73.720  12.887 0.0000000000
130801  9.127  72.615  11.239 0.0000000000
130802  8.855  73.560  11.377 0.0000000000
130803  6.105  73.106  11.249 0.0000000000
130809  9.273  73.229  10.516 0.0000000000
130810  9.077  74.053  10.723 0.0000000000
130811  6.434  73.365  10.105 0.0000000000
130814  13.201  73.289  9.599 0.0000000000
130815  12.410  73.470  9.215 0.0000000000
130816  11.719  73.507  9.091 0.0000000000
130817  10.081  73.661  9.382 0.0000000000
130818  9.549  73.668  9.877 0.0000000000
130819  6.631  72.367  8.834 0.0000000000
130820  6.585  73.235  9.010 0.0000000000
130821  15.185  72.905  8.982 0.0000000000
130822  14.686  72.771  8.624 0.0000000000
130823  14.118  72.786  8.197 0.0000000000
130824  11.946  73.993  8.897 0.0000000000
130825  11.255  74.022  9.009 0.0000000000
130826  10.623  74.155  9.083 0.0000000000
130827  6.994  72.949  8.018 0.0000000000
130828  6.902  73.514  8.558 0.0000000000
130829  13.519  72.799  7.708 0.0000000000
130830  12.942  72.859  7.292 0.0000000000
130831  12.169  72.920  7.102 0.0000000000
130832  8.463  73.435  6.866 0.0000000000
130833  7.920  73.000  6.988 0.0000000000
130834  11.350  72.811  6.811 0.0000000000
130835  10.553  72.712  6.594 0.0000000000
130836  9.690  72.834  6.422 0.0000000000
130837  8.672  73.017  6.449 0.0000000000
130838  8.221  72.703  6.589 0.0000000000
130865  8.269  73.510  16.238 0.0000000000
130866  7.127  74.246  16.369 0.0000000000
130867  5.334  73.723  16.321 0.0000000000
130868  7.975  73.705  14.892 0.0000000000
130869  7.322  74.407  15.238 0.0000000000
130870  5.339  73.925  15.288 0.0000000000
130871  8.060  73.921  13.874 0.0000000000
130872  7.494  74.537  14.171 0.0000000000
130873  5.479  74.078  14.259 0.0000000000
130874  8.039  74.383  12.875 0.0000000000
130875  7.743  74.540  13.546 0.0000000000
130876  5.618  74.198  13.385 0.0000000000
130877  8.358  74.397  11.855 0.0000000000
130878  5.916  74.198  12.139 0.0000000000
130879  5.722  74.264  12.838 0.0000000000
130880  8.653  74.542  11.045 0.0000000000
130881  6.325  74.178  10.946 0.0000000000
130883  14.193  73.480  9.690 0.0000000000
130884  13.727  73.464  9.635 0.0000000000
130885  9.269  74.149  10.177 0.0000000000
130886  8.942  74.681  10.383 0.0000000000
130887  6.616  74.277  10.187 0.0000000000
130888  15.004  73.461  9.157 0.0000000000
130889  14.359  73.617  9.139 0.0000000000
130890  13.570  73.694  9.158 0.0000000000
130891  12.982  73.796  9.186 0.0000000000
130892  10.145  74.669  9.072 0.0000000000
130893  9.525  74.483  9.625 0.0000000000
130894  9.197  74.724  10.008 0.0000000000
130895  7.216  74.502  9.166 0.0000000000
130896  6.702  74.033  9.496 0.0000000000
130897  14.889  73.201  8.846 0.0000000000
130898  14.488  73.290  8.715 0.0000000000
130899  13.629  73.451  8.312 0.0000000000
130900  12.614  73.926  8.503 0.0000000000
130901  11.486  74.237  8.327 0.0000000000
130902  10.651  74.498  8.542 0.0000000000
130903  8.225  74.401  8.131 0.0000000000
130904  7.333  74.028  8.409 0.0000000000
130905  6.836  73.894  8.867 0.0000000000
130906  13.271  73.259  7.668 0.0000000000
130907  12.779  73.538  7.609 0.0000000000
130908  11.639  73.778  7.342 0.0000000000
130909  10.491  74.339  7.613 0.0000000000
130910  9.413  74.257  7.380 0.0000000000
130911  8.488  73.935  7.350 0.0000000000
130912  7.715  73.708  7.702 0.0000000000
130913  11.031  73.258  6.870 0.0000000000
130914  10.519  73.504  6.888 0.0000000000
130915  9.616  73.692  6.840 0.0000000000
130916  8.899  73.735  6.879 0.0000000000
130917  6.155  74.423  16.842 0.0000000000
130918  5.927  74.313  17.113 0.0000000000
130920  6.352  74.516  16.344 0.0000000000
130921  5.945  74.484  16.443 0.0000000000
130922  5.643  74.166  16.777 0.0000000000
130923  6.556  74.762  15.403 0.0000000000
130924  6.056  74.768  15.579 0.0000000000
130925  5.667  74.376  15.868 0.0000000000
130926  6.732  75.300  14.295 0.0000000000
130927  6.169  75.197  14.712 0.0000000000
130928  5.779  74.870  14.731 0.0000000000
130929  7.696  75.022  12.615 0.0000000000
130930  7.341  75.128  13.221 0.0000000000
130931  5.685  74.950  13.769 0.0000000000
130932  7.987  75.078  12.163 0.0000000000
130933  7.561  75.349  12.323 0.0000000000
130934  6.015  75.351  12.400 0.0000000000
130935  5.753  74.833  12.959 0.0000000000
130936  8.144  75.263  11.389 0.0000000000
130937  7.877  75.459  11.898 0.0000000000
130938  6.433  75.032  11.531 0.0000000000
130939  8.452  75.128  10.592 0.0000000000
130940  7.334  75.348  10.379 0.0000000000
130941  6.752  74.933  10.639 0.0000000000
130942  9.889  74.953  8.794 0.0000000000
130943  9.503  74.990  9.093 0.0000000000
130944  8.713  75.186  9.736 0.0000000000
130945  7.685  75.139  9.673 0.0000000000
130946  6.963  74.817  9.851 0.0000000000
130947  10.133  74.896  8.496 0.0000000000
130948  9.598  74.889  8.508 0.0000000000
130949  8.871  74.911  8.710 0.0000000000
130950  7.965  74.884  8.884 0.0000000000
130951  10.331  74.749  8.129 0.0000000000
130952  9.874  74.822  7.934 0.0000000000
130953  9.112  74.516  8.033 0.0000000000
130954  6.363  75.719  13.869 0.0000000000
130955  6.170  75.611  14.138 0.0000000000
130956  5.984  75.414  14.375 0.0000000000
130957  6.625  75.689  13.423 0.0000000000
130958  6.170  75.775  13.615 0.0000000000
130959  5.910  75.504  13.996 0.0000000000
130960  7.010  75.623  12.590 0.0000000000
130961  6.367  75.701  12.895 0.0000000000
130962  5.859  75.544  13.260 0.0000000000
130963  7.874  75.565  11.146 0.0000000000
130964  7.510  75.541  11.670 0.0000000000
130965  6.720  75.553  12.037 0.0000000000
130966  8.098  75.510  10.758 0.0000000000
130967  7.664  75.556  10.886 0.0000000000
130968  7.044  75.486  11.152 0.0000000000
130969  8.289  75.348  10.341 0.0000000000
130970  7.978  75.501  10.258 0.0000000000
