#!ascii label  , from subject FREESURFER vox2ras=TkReg 
260
22023  25.082  -66.710  -11.942 0.0000000000
22024  23.936  -66.579  -11.847 0.0000000000
22977  27.528  -65.318  -11.188 0.0000000000
22987  26.843  -65.745  -11.619 0.0000000000
22988  25.795  -65.721  -11.850 0.0000000000
22989  24.749  -65.604  -12.081 0.0000000000
22990  23.625  -65.425  -11.962 0.0000000000
22991  22.621  -65.408  -11.620 0.0000000000
22992  22.106  -64.903  -11.411 0.0000000000
23001  23.080  -64.723  -11.997 0.0000000000
23002  22.393  -64.636  -11.823 0.0000000000
23003  22.072  -64.475  -11.759 0.0000000000
23955  22.279  -64.437  -10.903 0.0000000000
23968  27.882  -64.529  -10.764 0.0000000000
23969  27.192  -64.572  -11.300 0.0000000000
23970  21.956  -64.254  -11.292 0.0000000000
23980  26.389  -64.653  -11.678 0.0000000000
23981  25.493  -64.601  -12.005 0.0000000000
23982  24.419  -64.377  -12.207 0.0000000000
23983  23.684  -64.658  -12.152 0.0000000000
23984  21.943  -64.154  -11.714 0.0000000000
23993  24.102  -63.734  -12.299 0.0000000000
23994  23.513  -64.035  -12.253 0.0000000000
23995  22.624  -64.121  -12.127 0.0000000000
23996  22.109  -64.243  -12.004 0.0000000000
24962  25.137  -63.006  -9.599 0.0000000000
24963  24.504  -63.187  -10.062 0.0000000000
24964  23.517  -63.338  -10.497 0.0000000000
24965  22.530  -63.395  -10.825 0.0000000000
24976  28.367  -63.525  -10.466 0.0000000000
24977  27.605  -63.573  -10.980 0.0000000000
24978  21.926  -63.405  -11.127 0.0000000000
24990  26.868  -63.595  -11.436 0.0000000000
24991  26.104  -63.627  -11.833 0.0000000000
24992  25.332  -63.538  -12.153 0.0000000000
24993  21.823  -63.417  -11.625 0.0000000000
25004  24.563  -63.285  -12.315 0.0000000000
25005  23.753  -63.196  -12.331 0.0000000000
25006  22.819  -63.322  -12.228 0.0000000000
25007  22.064  -63.648  -12.093 0.0000000000
26006  26.005  -62.554  -8.884 0.0000000000
26019  25.458  -62.449  -9.346 0.0000000000
26020  24.722  -62.324  -9.712 0.0000000000
26021  23.808  -62.346  -10.175 0.0000000000
26022  22.790  -62.403  -10.556 0.0000000000
26029  28.870  -62.486  -10.270 0.0000000000
26030  28.047  -62.610  -10.798 0.0000000000
26031  22.033  -62.462  -10.902 0.0000000000
26040  27.413  -62.636  -11.289 0.0000000000
26041  26.643  -62.535  -11.808 0.0000000000
26042  25.936  -62.869  -12.146 0.0000000000
26043  21.832  -62.507  -11.378 0.0000000000
26058  26.123  -62.164  -12.328 0.0000000000
26059  25.293  -62.448  -12.378 0.0000000000
26060  24.235  -62.369  -12.410 0.0000000000
26061  23.156  -62.379  -12.291 0.0000000000
26062  21.978  -62.497  -12.089 0.0000000000
27146  26.190  -61.590  -8.922 0.0000000000
27147  25.754  -62.029  -9.158 0.0000000000
27155  25.728  -61.114  -9.218 0.0000000000
27156  25.268  -61.549  -9.411 0.0000000000
27157  24.189  -61.507  -9.816 0.0000000000
27158  23.170  -61.481  -10.258 0.0000000000
27159  22.232  -61.515  -10.631 0.0000000000
27166  29.448  -61.444  -10.204 0.0000000000
27167  28.367  -61.466  -10.839 0.0000000000
27168  27.855  -62.056  -11.170 0.0000000000
27169  21.694  -61.604  -11.055 0.0000000000
27173  27.991  -60.919  -11.288 0.0000000000
27174  27.500  -61.494  -11.587 0.0000000000
27175  26.623  -61.440  -12.193 0.0000000000
27176  21.775  -61.741  -11.517 0.0000000000
27190  25.785  -61.417  -12.490 0.0000000000
27191  24.789  -61.442  -12.507 0.0000000000
27192  23.684  -61.431  -12.406 0.0000000000
27193  22.593  -61.427  -12.163 0.0000000000
27194  21.933  -61.375  -11.795 0.0000000000
28274  26.762  -60.662  -8.720 0.0000000000
28281  25.990  -60.641  -9.071 0.0000000000
28282  25.374  -60.691  -9.362 0.0000000000
28283  24.610  -60.738  -9.626 0.0000000000
28284  23.674  -60.629  -9.979 0.0000000000
28285  22.648  -60.550  -10.375 0.0000000000
28292  29.070  -60.427  -10.519 0.0000000000
28293  21.834  -60.622  -10.753 0.0000000000
28302  28.307  -60.342  -11.039 0.0000000000
28303  27.723  -60.364  -11.543 0.0000000000
28304  27.111  -60.476  -12.096 0.0000000000
28305  21.707  -60.744  -11.335 0.0000000000
28315  26.256  -60.485  -12.347 0.0000000000
28316  25.304  -60.479  -12.440 0.0000000000
28317  24.224  -60.473  -12.432 0.0000000000
28318  23.111  -60.473  -12.272 0.0000000000
28319  22.168  -60.408  -11.877 0.0000000000
29381  26.255  -59.698  -8.997 0.0000000000
29382  25.340  -59.403  -9.361 0.0000000000
29383  24.370  -59.268  -9.579 0.0000000000
29384  23.792  -58.940  -9.687 0.0000000000
29391  25.591  -60.094  -9.246 0.0000000000
29392  24.940  -60.033  -9.523 0.0000000000
29393  24.202  -60.022  -9.775 0.0000000000
29394  23.326  -59.487  -9.997 0.0000000000
29395  22.149  -59.598  -10.465 0.0000000000
29403  29.639  -59.467  -10.385 0.0000000000
29404  28.755  -59.440  -10.784 0.0000000000
29405  21.572  -59.731  -10.942 0.0000000000
29414  28.019  -59.441  -11.302 0.0000000000
29415  27.346  -59.498  -11.776 0.0000000000
29416  26.661  -59.547  -12.169 0.0000000000
29417  21.791  -59.706  -11.464 0.0000000000
29423  25.795  -59.536  -12.296 0.0000000000
29424  24.754  -59.508  -12.336 0.0000000000
29425  23.594  -59.518  -12.260 0.0000000000
29426  22.634  -59.608  -12.064 0.0000000000
29427  22.131  -59.564  -11.801 0.0000000000
30375  25.861  -58.685  -9.322 0.0000000000
30376  24.918  -58.628  -9.452 0.0000000000
30377  24.105  -58.411  -9.599 0.0000000000
30378  23.441  -58.624  -9.880 0.0000000000
30384  23.462  -57.987  -9.897 0.0000000000
30385  22.609  -58.366  -10.312 0.0000000000
30386  21.898  -58.931  -10.750 0.0000000000
30396  29.266  -58.511  -10.655 0.0000000000
30397  21.929  -58.084  -10.881 0.0000000000
30398  21.742  -58.913  -11.181 0.0000000000
30407  28.429  -58.492  -11.094 0.0000000000
30408  27.643  -58.507  -11.581 0.0000000000
30409  26.972  -58.631  -12.005 0.0000000000
30410  22.048  -58.150  -11.447 0.0000000000
30411  22.063  -59.003  -11.621 0.0000000000
30418  26.285  -58.642  -12.243 0.0000000000
30419  25.332  -58.532  -12.342 0.0000000000
30420  24.121  -58.503  -12.274 0.0000000000
30421  22.764  -58.563  -12.022 0.0000000000
30422  22.343  -59.174  -11.898 0.0000000000
31362  25.233  -57.935  -9.507 0.0000000000
31363  24.619  -58.089  -9.531 0.0000000000
31369  25.506  -57.042  -9.704 0.0000000000
31370  24.259  -57.387  -9.736 0.0000000000
31371  23.079  -57.195  -10.107 0.0000000000
31381  29.740  -57.597  -10.539 0.0000000000
31382  28.924  -57.575  -10.926 0.0000000000
31383  22.406  -57.178  -10.614 0.0000000000
31391  28.124  -57.508  -11.462 0.0000000000
31392  27.232  -57.527  -12.160 0.0000000000
31393  26.677  -58.081  -12.231 0.0000000000
31394  22.126  -57.174  -11.147 0.0000000000
31402  26.770  -56.951  -12.470 0.0000000000
31403  26.122  -57.507  -12.414 0.0000000000
31404  24.761  -57.478  -12.389 0.0000000000
31405  23.523  -57.439  -12.131 0.0000000000
31406  22.546  -57.315  -11.696 0.0000000000
32321  24.760  -56.222  -10.016 0.0000000000
32322  23.630  -56.236  -10.084 0.0000000000
32323  22.795  -56.199  -10.409 0.0000000000
32334  30.147  -56.579  -10.531 0.0000000000
32335  29.353  -56.867  -10.713 0.0000000000
32336  22.373  -56.218  -10.870 0.0000000000
32344  29.470  -56.186  -10.839 0.0000000000
32345  28.769  -56.513  -11.247 0.0000000000
32346  27.944  -56.500  -11.937 0.0000000000
32347  22.497  -56.328  -11.368 0.0000000000
32353  27.202  -56.374  -12.414 0.0000000000
32354  26.382  -56.340  -12.541 0.0000000000
32355  25.321  -56.438  -12.482 0.0000000000
32356  24.135  -56.442  -12.275 0.0000000000
32357  23.115  -56.419  -11.856 0.0000000000
33263  25.302  -55.220  -10.170 0.0000000000
33264  24.200  -55.268  -10.272 0.0000000000
33265  23.343  -55.283  -10.417 0.0000000000
33278  30.801  -55.733  -10.620 0.0000000000
33279  29.980  -55.575  -10.770 0.0000000000
33280  22.879  -55.337  -10.740 0.0000000000
33290  29.250  -55.503  -11.207 0.0000000000
33291  28.460  -55.508  -11.740 0.0000000000
33292  27.715  -55.518  -12.259 0.0000000000
33293  22.699  -55.408  -11.136 0.0000000000
33303  26.918  -55.321  -12.558 0.0000000000
33304  25.800  -55.400  -12.595 0.0000000000
33305  24.671  -55.440  -12.369 0.0000000000
33306  23.633  -55.485  -11.975 0.0000000000
33307  22.945  -55.635  -11.534 0.0000000000
34239  24.819  -54.311  -10.379 0.0000000000
34240  23.929  -54.347  -10.489 0.0000000000
34251  31.331  -54.982  -10.626 0.0000000000
34252  30.549  -54.872  -10.736 0.0000000000
34253  29.779  -54.699  -11.020 0.0000000000
34254  23.394  -54.412  -10.707 0.0000000000
34264  28.970  -54.554  -11.504 0.0000000000
34265  28.122  -54.470  -12.221 0.0000000000
34266  27.535  -54.898  -12.445 0.0000000000
34267  23.106  -54.453  -10.987 0.0000000000
34277  27.839  -53.898  -12.538 0.0000000000
34278  27.324  -54.262  -12.636 0.0000000000
34279  26.284  -54.382  -12.616 0.0000000000
34280  25.172  -54.426  -12.459 0.0000000000
34281  24.099  -54.460  -12.144 0.0000000000
34282  23.314  -54.620  -11.495 0.0000000000
35228  25.427  -53.373  -10.354 0.0000000000
35229  24.511  -53.382  -10.442 0.0000000000
35230  23.840  -53.418  -10.609 0.0000000000
35241  31.862  -54.348  -10.631 0.0000000000
35242  31.051  -54.181  -10.610 0.0000000000
35243  30.313  -54.132  -10.798 0.0000000000
35244  23.477  -53.451  -10.880 0.0000000000
35256  31.640  -53.507  -10.756 0.0000000000
35257  30.664  -53.402  -10.840 0.0000000000
35258  29.665  -53.631  -11.262 0.0000000000
35259  28.710  -53.589  -11.818 0.0000000000
35260  23.418  -53.464  -11.274 0.0000000000
35272  28.162  -53.467  -12.340 0.0000000000
35273  27.589  -53.341  -12.634 0.0000000000
35274  26.721  -53.401  -12.667 0.0000000000
35275  25.673  -53.426  -12.485 0.0000000000
35276  24.604  -53.429  -12.252 0.0000000000
35277  23.749  -53.443  -11.853 0.0000000000
36295  24.308  -52.468  -10.475 0.0000000000
36307  23.786  -52.466  -10.726 0.0000000000
36319  32.224  -52.827  -11.201 0.0000000000
36320  31.232  -52.621  -11.041 0.0000000000
36321  30.254  -52.663  -11.395 0.0000000000
36322  29.166  -52.567  -11.938 0.0000000000
36323  28.526  -53.005  -12.137 0.0000000000
36324  23.519  -52.432  -11.094 0.0000000000
36337  28.822  -51.988  -12.487 0.0000000000
36338  28.224  -52.495  -12.636 0.0000000000
36339  27.163  -52.482  -12.870 0.0000000000
36340  26.161  -52.456  -12.586 0.0000000000
36341  25.088  -52.432  -12.345 0.0000000000
36342  24.130  -52.391  -12.126 0.0000000000
36343  23.661  -52.389  -11.587 0.0000000000
37327  33.254  -52.394  -11.955 0.0000000000
37328  32.729  -52.161  -11.705 0.0000000000
37329  31.801  -51.934  -11.445 0.0000000000
37330  30.817  -51.900  -11.566 0.0000000000
37331  30.031  -52.009  -11.954 0.0000000000
37340  33.474  -51.703  -12.396 0.0000000000
37341  32.375  -51.247  -11.886 0.0000000000
37342  31.298  -51.143  -11.826 0.0000000000
37343  30.339  -51.265  -12.106 0.0000000000
37344  29.399  -51.509  -12.462 0.0000000000
37345  28.561  -51.456  -12.979 0.0000000000
37346  27.636  -51.550  -13.246 0.0000000000
37347  26.597  -51.543  -12.956 0.0000000000
37359  28.196  -51.035  -13.361 0.0000000000
37360  27.752  -50.792  -13.498 0.0000000000
38262  32.894  -50.501  -12.473 0.0000000000
38263  31.759  -50.326  -12.151 0.0000000000
38264  30.722  -50.499  -12.382 0.0000000000
38265  29.871  -50.721  -12.726 0.0000000000
38266  29.091  -50.716  -13.206 0.0000000000
38267  28.577  -50.916  -13.302 0.0000000000
38284  28.922  -50.331  -13.449 0.0000000000
38285  28.424  -50.419  -13.468 0.0000000000
39215  32.133  -49.686  -12.832 0.0000000000
39216  31.086  -49.839  -12.894 0.0000000000
39217  30.160  -50.118  -13.076 0.0000000000
39218  29.613  -50.378  -13.206 0.0000000000
39237  30.379  -49.341  -13.489 0.0000000000
39238  29.230  -49.816  -13.508 0.0000000000
