#!ascii label  , from subject FREESURFER vox2ras=TkReg 
310
83626  30.208  -5.241  -30.607 0.0000000000
83627  29.823  -5.254  -30.631 0.0000000000
83635  30.301  -5.335  -31.076 0.0000000000
83636  29.656  -5.145  -31.184 0.0000000000
83641  30.283  -5.123  -31.612 0.0000000000
83642  29.835  -4.787  -31.770 0.0000000000
83643  29.091  -4.301  -31.317 0.0000000000
84589  29.849  -3.334  -28.440 0.0000000000
84590  29.174  -3.987  -29.690 0.0000000000
84596  29.943  -4.266  -29.047 0.0000000000
84603  30.659  -5.045  -30.758 0.0000000000
84604  30.008  -4.801  -30.043 0.0000000000
84605  29.123  -4.874  -30.440 0.0000000000
84612  30.947  -5.072  -31.577 0.0000000000
84618  30.523  -4.674  -32.105 0.0000000000
84619  29.846  -4.108  -32.097 0.0000000000
85477  30.377  -4.156  -28.463 0.0000000000
85488  30.845  -3.939  -30.100 0.0000000000
85489  30.604  -4.301  -29.259 0.0000000000
85495  31.171  -4.326  -31.099 0.0000000000
85496  30.640  -4.504  -30.276 0.0000000000
85503  31.261  -4.275  -32.092 0.0000000000
85510  30.573  -3.869  -32.324 0.0000000000
85511  30.001  -3.492  -32.297 0.0000000000
86348  31.253  -3.628  -27.915 0.0000000000
86349  30.758  -3.811  -28.124 0.0000000000
86362  31.240  -3.688  -29.007 0.0000000000
86363  30.879  -4.202  -28.504 0.0000000000
86373  31.395  -3.417  -30.672 0.0000000000
86380  31.556  -3.481  -31.800 0.0000000000
86389  31.048  -3.370  -32.309 0.0000000000
86390  30.391  -3.193  -32.344 0.0000000000
86391  29.917  -3.121  -32.249 0.0000000000
87275  31.400  -2.228  -26.932 0.0000000000
87276  30.843  -2.255  -27.350 0.0000000000
87282  31.629  -2.895  -28.176 0.0000000000
87283  30.829  -3.049  -27.617 0.0000000000
87290  31.684  -2.432  -30.082 0.0000000000
87301  31.685  -2.548  -31.540 0.0000000000
87302  30.895  -1.983  -31.744 0.0000000000
87303  29.623  -2.101  -31.256 0.0000000000
87315  31.162  -2.689  -32.187 0.0000000000
87316  30.440  -2.344  -32.147 0.0000000000
87327  30.644  -2.804  -32.354 0.0000000000
87328  29.999  -2.726  -32.182 0.0000000000
87329  29.403  -3.251  -31.910 0.0000000000
88205  31.283  -1.101  -26.229 0.0000000000
88213  30.890  -1.323  -27.264 0.0000000000
88214  30.292  -2.222  -27.776 0.0000000000
88222  30.184  -1.095  -28.223 0.0000000000
88232  29.607  -0.903  -29.049 0.0000000000
88233  29.388  -0.949  -29.871 0.0000000000
88245  30.615  -1.130  -30.774 0.0000000000
88246  29.780  -0.929  -30.308 0.0000000000
89164  31.470  0.042  -25.859 0.0000000000
89171  31.276  -0.010  -26.777 0.0000000000
89178  30.764  0.006  -27.719 0.0000000000
89186  30.125  0.156  -28.492 0.0000000000
89187  29.633  0.460  -29.137 0.0000000000
89188  29.414  0.767  -29.617 0.0000000000
89195  29.492  -0.057  -29.585 0.0000000000
89196  29.441  0.328  -30.011 0.0000000000
89204  30.024  0.242  -30.483 0.0000000000
90165  32.422  1.387  -25.388 0.0000000000
90166  31.929  0.687  -25.719 0.0000000000
90169  32.195  1.934  -25.885 0.0000000000
90170  31.749  1.276  -26.254 0.0000000000
90173  31.262  1.202  -27.357 0.0000000000
90176  30.642  1.153  -28.148 0.0000000000
90177  30.010  1.269  -28.701 0.0000000000
90178  29.443  1.494  -29.254 0.0000000000
90182  29.079  1.548  -29.807 0.0000000000
90188  29.165  1.619  -30.354 0.0000000000
91084  32.855  2.515  -24.913 0.0000000000
91094  32.442  2.561  -25.593 0.0000000000
91099  32.033  2.541  -26.196 0.0000000000
91100  31.550  2.420  -26.949 0.0000000000
91105  30.786  2.428  -27.891 0.0000000000
91106  30.330  3.067  -28.245 0.0000000000
91112  30.352  1.841  -28.374 0.0000000000
91113  29.834  2.475  -28.686 0.0000000000
91114  28.958  2.446  -29.403 0.0000000000
91121  28.375  2.584  -29.925 0.0000000000
91122  28.011  3.159  -30.003 0.0000000000
91129  29.388  2.582  -30.792 0.0000000000
91130  28.563  2.816  -30.283 0.0000000000
91131  28.165  2.965  -30.095 0.0000000000
91942  33.497  3.531  -23.753 0.0000000000
91943  33.113  3.461  -24.527 0.0000000000
91950  32.727  3.459  -25.210 0.0000000000
91958  32.327  3.522  -25.878 0.0000000000
91959  31.845  3.518  -26.560 0.0000000000
91965  31.313  3.533  -27.310 0.0000000000
91966  30.656  3.659  -27.921 0.0000000000
91971  29.952  3.675  -28.464 0.0000000000
91972  28.873  3.562  -29.035 0.0000000000
91973  28.295  4.166  -29.297 0.0000000000
91977  28.467  3.023  -29.516 0.0000000000
91978  28.080  3.648  -29.682 0.0000000000
91982  28.758  3.616  -30.447 0.0000000000
91983  28.061  3.598  -30.125 0.0000000000
92790  32.467  4.289  -20.795 0.0000000000
92791  31.823  4.440  -20.517 0.0000000000
92801  33.573  4.284  -21.778 0.0000000000
92802  33.080  4.555  -21.237 0.0000000000
92811  33.833  4.423  -22.422 0.0000000000
92819  33.800  4.470  -23.318 0.0000000000
92822  33.410  4.496  -24.250 0.0000000000
92823  33.013  4.159  -24.881 0.0000000000
92830  33.173  4.854  -24.928 0.0000000000
92831  32.674  4.512  -25.447 0.0000000000
92842  32.113  4.517  -26.151 0.0000000000
92843  31.562  4.529  -26.804 0.0000000000
92851  30.992  4.572  -27.462 0.0000000000
92852  30.339  4.619  -28.094 0.0000000000
92856  29.456  4.616  -28.553 0.0000000000
92857  28.607  4.729  -29.011 0.0000000000
92858  27.934  4.875  -29.514 0.0000000000
92862  27.525  4.725  -29.962 0.0000000000
92863  27.226  5.261  -30.263 0.0000000000
92866  29.112  4.550  -30.486 0.0000000000
92867  27.982  4.795  -30.328 0.0000000000
92868  27.361  5.398  -30.386 0.0000000000
93653  32.468  5.253  -20.753 0.0000000000
93654  31.543  5.425  -20.506 0.0000000000
93662  33.591  5.305  -21.878 0.0000000000
93663  33.065  5.549  -21.280 0.0000000000
93670  33.819  5.416  -22.801 0.0000000000
93678  33.645  5.465  -23.689 0.0000000000
93682  33.305  5.547  -24.486 0.0000000000
93686  32.896  5.556  -25.163 0.0000000000
93687  32.349  5.497  -25.755 0.0000000000
93698  31.782  5.487  -26.364 0.0000000000
93699  31.207  5.497  -26.977 0.0000000000
93708  30.558  5.503  -27.543 0.0000000000
93709  29.869  5.533  -28.118 0.0000000000
93713  29.047  5.598  -28.619 0.0000000000
93714  28.213  5.669  -29.124 0.0000000000
93715  27.571  5.699  -29.415 0.0000000000
93718  29.466  5.946  -30.466 0.0000000000
93719  27.209  5.503  -29.632 0.0000000000
93720  26.798  5.642  -30.008 0.0000000000
93721  26.672  6.084  -30.164 0.0000000000
93722  29.527  5.270  -30.427 0.0000000000
93723  28.668  5.624  -30.514 0.0000000000
93724  27.644  5.774  -30.496 0.0000000000
93725  26.936  5.885  -30.358 0.0000000000
93726  26.725  6.230  -30.262 0.0000000000
94474  32.093  6.293  -20.692 0.0000000000
94483  33.243  6.466  -21.630 0.0000000000
94484  32.707  6.133  -21.101 0.0000000000
94492  33.691  6.394  -22.383 0.0000000000
94501  33.726  6.409  -23.196 0.0000000000
94505  33.481  6.429  -24.008 0.0000000000
94510  33.140  6.451  -24.779 0.0000000000
94511  32.653  6.450  -25.431 0.0000000000
94522  32.098  6.441  -26.039 0.0000000000
94523  31.475  6.434  -26.603 0.0000000000
94534  30.823  6.435  -27.185 0.0000000000
94535  30.141  6.381  -27.692 0.0000000000
94539  29.493  6.449  -28.218 0.0000000000
94540  28.557  6.589  -28.690 0.0000000000
94541  27.542  6.504  -29.242 0.0000000000
94542  27.117  6.867  -29.453 0.0000000000
94545  29.058  6.589  -30.578 0.0000000000
94546  27.220  5.991  -29.452 0.0000000000
94547  26.909  6.357  -29.631 0.0000000000
94548  26.551  6.282  -29.918 0.0000000000
94549  28.139  6.601  -30.600 0.0000000000
94550  27.275  6.570  -30.414 0.0000000000
94551  26.788  6.477  -30.215 0.0000000000
94552  26.577  6.334  -30.103 0.0000000000
95312  31.735  7.271  -20.813 0.0000000000
95323  33.113  7.387  -21.676 0.0000000000
95324  32.579  7.091  -21.191 0.0000000000
95335  33.704  7.700  -22.517 0.0000000000
95336  33.565  7.336  -22.146 0.0000000000
95344  33.788  7.738  -22.731 0.0000000000
95345  33.763  7.384  -22.783 0.0000000000
95355  33.633  7.326  -23.523 0.0000000000
95365  33.357  7.338  -24.319 0.0000000000
95366  33.035  7.357  -25.104 0.0000000000
95376  32.464  7.375  -25.720 0.0000000000
95377  31.817  7.387  -26.288 0.0000000000
95384  31.136  7.358  -26.857 0.0000000000
95385  30.323  7.430  -27.517 0.0000000000
95386  29.903  8.065  -27.759 0.0000000000
95392  29.859  6.967  -27.929 0.0000000000
95393  29.318  7.594  -28.230 0.0000000000
95394  27.881  7.675  -28.933 0.0000000000
95395  27.324  7.141  -29.324 0.0000000000
95400  27.493  8.192  -29.312 0.0000000000
95401  26.989  7.427  -29.602 0.0000000000
95402  26.726  6.688  -29.810 0.0000000000
95404  28.779  7.650  -30.521 0.0000000000
95405  27.644  7.450  -30.389 0.0000000000
95406  26.950  7.294  -30.208 0.0000000000
95407  26.616  6.776  -30.015 0.0000000000
96161  32.181  7.930  -21.037 0.0000000000
96175  33.349  7.884  -21.868 0.0000000000
96176  32.811  8.102  -21.483 0.0000000000
96177  32.141  8.732  -21.205 0.0000000000
96190  33.758  7.932  -22.600 0.0000000000
96191  33.618  8.052  -22.392 0.0000000000
96203  33.809  7.963  -22.842 0.0000000000
96204  33.792  8.152  -23.004 0.0000000000
96217  33.518  8.192  -23.797 0.0000000000
96227  33.191  8.222  -24.575 0.0000000000
96228  32.779  8.266  -25.296 0.0000000000
96236  32.211  8.325  -25.927 0.0000000000
96237  31.445  8.378  -26.519 0.0000000000
96238  30.926  8.730  -26.937 0.0000000000
96242  30.849  8.086  -27.040 0.0000000000
96243  30.358  8.540  -27.410 0.0000000000
96244  29.601  8.671  -27.924 0.0000000000
96249  28.730  8.723  -28.460 0.0000000000
96250  27.966  8.827  -29.038 0.0000000000
96254  27.528  8.610  -29.649 0.0000000000
96255  27.062  8.102  -30.055 0.0000000000
96257  28.853  8.698  -30.329 0.0000000000
96258  27.867  8.519  -30.232 0.0000000000
96259  27.295  7.889  -30.260 0.0000000000
96958  33.292  8.448  -21.899 0.0000000000
96959  32.768  9.125  -21.716 0.0000000000
96972  33.448  8.904  -22.407 0.0000000000
96973  32.947  9.610  -22.272 0.0000000000
96983  33.527  8.977  -23.232 0.0000000000
96991  33.318  9.038  -24.023 0.0000000000
96999  32.966  9.066  -24.760 0.0000000000
97000  32.548  9.181  -25.424 0.0000000000
97006  31.963  9.319  -26.049 0.0000000000
97007  31.251  9.452  -26.652 0.0000000000
97008  30.708  9.215  -27.136 0.0000000000
97012  30.802  9.797  -27.098 0.0000000000
97013  30.183  9.587  -27.667 0.0000000000
97014  29.383  9.387  -28.225 0.0000000000
97019  29.691  10.028  -28.241 0.0000000000
97020  28.905  9.840  -28.746 0.0000000000
97021  28.216  9.373  -29.385 0.0000000000
97026  29.155  10.050  -29.522 0.0000000000
97027  28.127  9.184  -29.874 0.0000000000
97028  29.201  9.442  -30.164 0.0000000000
97029  28.458  9.237  -30.120 0.0000000000
97030  28.085  9.004  -30.113 0.0000000000
97698  32.424  10.138  -21.871 0.0000000000
97709  33.248  9.551  -22.769 0.0000000000
97710  32.754  10.288  -22.677 0.0000000000
97719  33.179  9.745  -23.401 0.0000000000
97720  32.714  10.480  -23.576 0.0000000000
97728  32.956  9.793  -24.187 0.0000000000
97729  32.584  10.477  -24.449 0.0000000000
97736  32.735  9.778  -24.871 0.0000000000
97737  32.314  10.227  -25.376 0.0000000000
97740  31.727  10.283  -26.142 0.0000000000
97741  31.090  10.451  -26.695 0.0000000000
97742  30.601  10.886  -26.996 0.0000000000
97745  30.589  10.299  -27.254 0.0000000000
97746  30.103  10.756  -27.708 0.0000000000
97747  29.701  11.229  -28.146 0.0000000000
97751  29.649  10.601  -28.403 0.0000000000
97752  29.601  11.047  -28.731 0.0000000000
97756  30.132  11.078  -29.550 0.0000000000
97757  29.749  11.492  -29.143 0.0000000000
98442  32.116  11.080  -22.135 0.0000000000
98453  32.289  11.190  -22.986 0.0000000000
98454  31.755  11.981  -22.489 0.0000000000
98463  32.347  11.250  -23.889 0.0000000000
98472  32.229  11.190  -24.799 0.0000000000
98480  31.915  11.162  -25.654 0.0000000000
98481  31.444  11.517  -25.921 0.0000000000
98484  31.519  11.005  -26.238 0.0000000000
98485  30.965  11.397  -26.428 0.0000000000
98486  30.315  11.543  -26.994 0.0000000000
98489  29.808  11.703  -27.575 0.0000000000
98490  29.514  11.896  -28.145 0.0000000000
98494  29.488  12.141  -28.705 0.0000000000
98497  30.110  12.069  -29.390 0.0000000000
98498  29.689  12.410  -29.154 0.0000000000
99201  31.941  12.002  -23.372 0.0000000000
99213  32.030  11.986  -24.282 0.0000000000
99214  31.760  12.767  -23.840 0.0000000000
99223  31.788  11.842  -25.127 0.0000000000
99224  31.556  12.606  -24.744 0.0000000000
99233  31.576  11.696  -25.584 0.0000000000
99234  31.103  12.227  -25.698 0.0000000000
99235  30.371  12.571  -26.112 0.0000000000
99241  30.521  12.034  -26.399 0.0000000000
99242  29.839  12.393  -26.801 0.0000000000
99243  29.266  12.746  -27.167 0.0000000000
99247  29.461  12.298  -27.536 0.0000000000
99248  29.166  12.747  -27.927 0.0000000000
99252  30.241  13.238  -29.374 0.0000000000
99253  29.470  13.063  -28.887 0.0000000000
99255  30.498  12.608  -29.599 0.0000000000
99256  29.860  12.709  -29.369 0.0000000000
99257  29.633  12.744  -29.191 0.0000000000
99986  30.823  13.278  -25.173 0.0000000000
99995  30.548  12.859  -25.731 0.0000000000
100004  29.413  12.966  -26.704 0.0000000000
100012  28.885  13.712  -27.906 0.0000000000
100016  30.051  13.782  -28.934 0.0000000000
100017  29.423  13.977  -28.499 0.0000000000
131329  28.474  -3.366  -30.232 0.0000000000
131330  28.591  -3.563  -29.966 0.0000000000
131331  28.969  -2.489  -29.797 0.0000000000
131332  28.410  -4.052  -30.353 0.0000000000
131333  29.616  -1.908  -28.532 0.0000000000
131334  29.305  -1.590  -30.339 0.0000000000
131335  28.734  -3.232  -30.866 0.0000000000
131336  29.754  -1.303  -28.580 0.0000000000
