#!ascii label  , from subject FREESURFER vox2ras=TkReg 
280
37339  34.265  -51.663  -13.328 0.0000000000
37357  35.640  -51.129  -14.907 0.0000000000
37358  35.142  -51.307  -14.303 0.0000000000
37366  35.721  -51.520  -15.261 0.0000000000
37367  35.354  -51.660  -14.759 0.0000000000
38261  34.061  -50.658  -13.222 0.0000000000
38282  35.916  -50.612  -15.119 0.0000000000
38283  34.902  -50.195  -14.143 0.0000000000
38296  36.319  -51.135  -15.535 0.0000000000
39212  36.477  -49.857  -13.342 0.0000000000
39213  34.061  -49.744  -13.571 0.0000000000
39214  33.203  -49.733  -13.106 0.0000000000
39231  36.541  -49.875  -14.764 0.0000000000
39232  35.581  -49.715  -14.618 0.0000000000
39233  34.461  -49.248  -14.183 0.0000000000
39234  33.403  -49.117  -13.746 0.0000000000
39235  32.408  -49.101  -13.526 0.0000000000
39236  31.400  -49.195  -13.535 0.0000000000
39249  36.479  -49.457  -14.985 0.0000000000
39250  36.010  -49.412  -15.059 0.0000000000
39251  35.147  -49.010  -14.706 0.0000000000
40109  36.626  -48.966  -12.776 0.0000000000
40118  37.042  -48.328  -14.431 0.0000000000
40119  36.627  -49.089  -14.031 0.0000000000
40120  34.325  -48.644  -14.601 0.0000000000
40121  33.565  -48.580  -14.363 0.0000000000
40122  32.621  -48.586  -14.181 0.0000000000
40123  31.717  -48.619  -14.113 0.0000000000
40124  30.736  -48.434  -14.163 0.0000000000
40133  37.342  -48.529  -15.419 0.0000000000
40134  36.559  -49.107  -15.165 0.0000000000
40135  35.593  -48.751  -15.103 0.0000000000
40136  34.682  -48.427  -14.967 0.0000000000
40137  33.766  -48.092  -15.023 0.0000000000
40138  32.822  -48.103  -14.808 0.0000000000
40139  31.917  -48.203  -14.709 0.0000000000
40140  31.350  -48.263  -14.503 0.0000000000
40146  38.329  -48.264  -16.457 0.0000000000
40147  37.602  -48.650  -16.223 0.0000000000
40148  36.725  -48.713  -16.036 0.0000000000
40149  35.923  -48.443  -15.555 0.0000000000
40150  34.961  -48.127  -15.340 0.0000000000
40151  34.313  -48.042  -15.234 0.0000000000
40156  39.492  -47.981  -17.687 0.0000000000
40157  38.748  -48.436  -17.325 0.0000000000
40158  37.918  -48.690  -16.988 0.0000000000
40159  37.169  -48.584  -16.756 0.0000000000
40163  39.612  -47.902  -18.132 0.0000000000
40164  39.101  -48.365  -18.211 0.0000000000
40165  38.033  -48.412  -17.834 0.0000000000
40166  37.495  -48.446  -17.233 0.0000000000
40167  38.798  -48.103  -18.491 0.0000000000
40168  38.559  -48.228  -18.273 0.0000000000
40935  36.965  -47.280  -11.665 0.0000000000
40942  37.131  -47.058  -12.388 0.0000000000
40943  36.708  -47.916  -12.371 0.0000000000
40953  37.293  -47.435  -13.445 0.0000000000
40954  36.845  -48.347  -13.417 0.0000000000
40955  30.573  -47.642  -14.298 0.0000000000
40968  38.205  -47.172  -15.242 0.0000000000
40969  37.778  -47.407  -14.876 0.0000000000
40970  33.576  -47.749  -15.311 0.0000000000
40971  33.128  -47.688  -15.295 0.0000000000
40972  32.122  -47.583  -15.304 0.0000000000
40973  31.208  -47.590  -14.662 0.0000000000
40979  38.396  -47.447  -15.759 0.0000000000
40980  37.924  -48.148  -15.732 0.0000000000
40981  36.510  -48.408  -16.185 0.0000000000
40982  36.177  -48.169  -16.060 0.0000000000
40983  35.275  -47.767  -15.831 0.0000000000
40984  33.948  -47.480  -15.599 0.0000000000
40985  32.782  -47.146  -15.643 0.0000000000
40986  32.083  -46.967  -15.623 0.0000000000
40988  39.676  -47.459  -17.531 0.0000000000
40989  39.187  -47.588  -16.809 0.0000000000
40990  36.558  -48.254  -16.482 0.0000000000
40991  35.847  -47.502  -16.516 0.0000000000
40992  34.752  -47.037  -16.188 0.0000000000
40993  33.990  -46.729  -16.082 0.0000000000
40994  40.497  -46.946  -18.466 0.0000000000
40995  40.163  -47.317  -18.164 0.0000000000
40996  39.620  -47.696  -18.399 0.0000000000
40997  37.642  -47.773  -17.952 0.0000000000
40998  36.881  -47.834  -17.348 0.0000000000
40999  36.037  -46.991  -17.054 0.0000000000
41000  40.492  -46.928  -18.702 0.0000000000
41001  40.108  -47.275  -18.896 0.0000000000
41002  39.249  -47.602  -18.729 0.0000000000
41003  38.310  -47.675  -18.448 0.0000000000
41805  37.396  -46.413  -11.635 0.0000000000
41811  37.503  -46.373  -12.810 0.0000000000
41817  37.816  -46.496  -13.894 0.0000000000
41829  38.348  -46.583  -15.181 0.0000000000
41830  38.067  -46.569  -14.581 0.0000000000
41831  32.236  -46.159  -15.194 0.0000000000
41832  31.670  -46.718  -15.046 0.0000000000
41833  31.183  -46.845  -14.490 0.0000000000
41835  38.948  -46.707  -16.074 0.0000000000
41836  33.272  -46.451  -16.035 0.0000000000
41837  32.493  -46.546  -15.611 0.0000000000
41838  32.084  -46.628  -15.414 0.0000000000
41839  39.768  -46.735  -17.408 0.0000000000
41840  39.346  -46.787  -16.726 0.0000000000
41841  35.272  -46.400  -16.765 0.0000000000
41842  34.334  -46.323  -16.352 0.0000000000
41843  33.814  -46.344  -16.215 0.0000000000
41844  40.557  -46.420  -18.515 0.0000000000
41845  40.352  -46.615  -17.938 0.0000000000
41846  37.461  -46.791  -17.997 0.0000000000
41847  36.447  -46.615  -17.442 0.0000000000
41848  35.856  -46.490  -17.167 0.0000000000
41849  40.511  -46.285  -19.289 0.0000000000
41850  39.790  -46.774  -19.341 0.0000000000
41851  38.883  -46.668  -18.990 0.0000000000
41852  38.189  -46.782  -18.481 0.0000000000
41853  40.455  -45.702  -19.688 0.0000000000
41854  40.114  -45.972  -19.688 0.0000000000
41855  39.544  -46.106  -19.515 0.0000000000
42773  37.795  -45.438  -11.269 0.0000000000
42780  37.557  -45.435  -12.201 0.0000000000
42786  37.673  -45.350  -13.338 0.0000000000
42796  38.317  -45.854  -15.096 0.0000000000
42797  38.044  -45.708  -14.543 0.0000000000
42798  32.449  -45.323  -15.001 0.0000000000
42799  31.900  -45.717  -14.568 0.0000000000
42800  31.243  -46.157  -14.270 0.0000000000
42801  38.540  -45.641  -15.670 0.0000000000
42802  38.233  -45.488  -15.113 0.0000000000
42803  33.326  -45.431  -16.006 0.0000000000
42804  32.721  -45.793  -15.616 0.0000000000
42805  39.698  -46.080  -17.407 0.0000000000
42806  39.257  -45.970  -16.787 0.0000000000
42807  35.213  -45.319  -16.918 0.0000000000
42808  34.523  -45.588  -16.580 0.0000000000
42809  33.807  -45.868  -16.341 0.0000000000
42810  40.612  -45.762  -18.508 0.0000000000
42811  40.250  -45.755  -17.887 0.0000000000
42812  39.640  -45.750  -17.387 0.0000000000
42813  37.420  -45.934  -18.094 0.0000000000
42814  36.766  -45.597  -17.814 0.0000000000
42815  35.812  -45.881  -17.317 0.0000000000
42816  40.879  -45.394  -18.935 0.0000000000
42817  40.597  -45.464  -18.500 0.0000000000
42818  39.019  -45.445  -19.459 0.0000000000
42819  38.034  -45.823  -18.569 0.0000000000
42820  37.372  -45.559  -18.218 0.0000000000
42821  40.647  -45.289  -19.609 0.0000000000
42822  40.251  -45.295  -19.891 0.0000000000
42823  39.741  -45.514  -19.800 0.0000000000
43754  38.059  -44.274  -11.036 0.0000000000
43755  37.784  -44.579  -11.631 0.0000000000
43766  37.686  -44.526  -12.550 0.0000000000
43777  37.803  -44.373  -13.265 0.0000000000
43788  37.920  -44.596  -14.050 0.0000000000
43789  32.582  -44.557  -14.987 0.0000000000
43790  32.095  -44.742  -14.510 0.0000000000
43793  38.422  -44.959  -15.719 0.0000000000
43794  38.136  -44.739  -15.166 0.0000000000
43795  33.583  -44.548  -15.855 0.0000000000
43796  32.989  -44.923  -15.417 0.0000000000
43797  38.675  -44.789  -16.362 0.0000000000
43798  38.347  -44.690  -15.750 0.0000000000
43799  35.228  -44.762  -16.964 0.0000000000
43800  34.743  -44.604  -16.685 0.0000000000
43801  33.925  -45.039  -16.411 0.0000000000
43802  39.912  -44.611  -17.985 0.0000000000
43803  39.467  -45.135  -17.339 0.0000000000
43804  36.565  -44.409  -18.031 0.0000000000
43805  35.727  -44.733  -17.370 0.0000000000
43806  35.223  -44.442  -17.012 0.0000000000
43808  40.718  -44.444  -18.876 0.0000000000
43809  40.499  -44.912  -18.483 0.0000000000
43810  38.973  -44.734  -19.657 0.0000000000
43811  38.310  -44.518  -19.286 0.0000000000
43812  37.333  -44.930  -18.453 0.0000000000
43814  40.756  -44.540  -19.321 0.0000000000
43815  40.440  -44.494  -19.824 0.0000000000
43816  39.581  -44.651  -19.953 0.0000000000
43817  38.989  -44.388  -19.733 0.0000000000
44689  37.982  -43.847  -11.384 0.0000000000
44690  37.809  -43.779  -12.043 0.0000000000
44700  37.839  -43.723  -12.817 0.0000000000
44711  37.905  -43.719  -13.593 0.0000000000
44723  37.977  -43.750  -14.444 0.0000000000
44724  32.326  -44.031  -14.788 0.0000000000
44734  38.242  -43.397  -15.778 0.0000000000
44735  38.122  -43.545  -15.363 0.0000000000
44736  34.292  -43.523  -16.101 0.0000000000
44737  33.996  -43.720  -15.882 0.0000000000
44738  33.050  -43.811  -15.328 0.0000000000
44744  38.361  -43.678  -16.210 0.0000000000
44745  38.240  -44.289  -15.790 0.0000000000
44746  34.512  -43.690  -16.420 0.0000000000
44747  34.142  -44.316  -16.248 0.0000000000
44752  39.775  -44.113  -18.015 0.0000000000
44753  39.206  -43.900  -17.492 0.0000000000
44754  36.510  -43.786  -18.151 0.0000000000
44755  36.040  -43.764  -17.674 0.0000000000
44756  35.231  -43.725  -17.101 0.0000000000
44761  40.580  -44.144  -18.773 0.0000000000
44762  40.151  -43.894  -18.488 0.0000000000
44763  39.514  -43.381  -18.046 0.0000000000
44764  38.144  -43.430  -19.409 0.0000000000
44765  37.153  -43.704  -18.697 0.0000000000
44771  40.713  -44.092  -19.016 0.0000000000
44772  40.475  -43.662  -19.315 0.0000000000
44773  40.043  -43.598  -19.956 0.0000000000
44774  39.069  -43.674  -19.784 0.0000000000
45667  38.464  -42.645  -10.837 0.0000000000
45687  37.994  -43.036  -11.549 0.0000000000
45688  37.746  -43.024  -12.350 0.0000000000
45701  37.695  -42.987  -13.126 0.0000000000
45710  37.854  -42.981  -13.916 0.0000000000
45722  38.001  -42.995  -14.612 0.0000000000
45723  32.210  -43.221  -14.891 0.0000000000
45733  38.284  -43.024  -15.789 0.0000000000
45734  38.033  -42.604  -15.133 0.0000000000
45735  34.355  -43.190  -16.090 0.0000000000
45736  33.767  -42.950  -15.666 0.0000000000
45737  32.892  -42.639  -15.384 0.0000000000
45738  32.059  -42.285  -15.027 0.0000000000
45743  38.508  -42.861  -16.640 0.0000000000
45744  35.267  -42.600  -17.157 0.0000000000
45745  34.937  -42.821  -16.813 0.0000000000
45749  39.466  -42.359  -18.191 0.0000000000
45750  39.134  -42.612  -17.762 0.0000000000
45751  36.412  -43.288  -18.118 0.0000000000
45752  35.667  -42.732  -17.544 0.0000000000
45753  35.263  -43.086  -17.151 0.0000000000
45758  39.805  -42.722  -18.639 0.0000000000
45759  39.611  -43.152  -18.323 0.0000000000
45760  37.671  -42.758  -19.143 0.0000000000
45761  36.739  -42.493  -18.542 0.0000000000
45762  36.037  -41.881  -18.228 0.0000000000
45766  40.226  -42.649  -19.516 0.0000000000
46729  38.767  -41.801  -10.804 0.0000000000
46748  38.169  -41.959  -11.707 0.0000000000
46749  37.894  -42.530  -12.044 0.0000000000
46769  37.994  -41.702  -12.344 0.0000000000
46770  37.789  -42.182  -12.624 0.0000000000
46782  37.680  -42.356  -13.474 0.0000000000
46798  37.715  -42.219  -14.316 0.0000000000
46816  38.155  -42.178  -15.761 0.0000000000
46817  37.881  -41.787  -15.018 0.0000000000
46818  34.348  -42.498  -16.110 0.0000000000
46819  33.718  -41.935  -15.774 0.0000000000
46820  32.701  -41.689  -15.463 0.0000000000
46828  38.425  -41.835  -16.614 0.0000000000
46829  35.251  -42.254  -17.113 0.0000000000
46830  34.668  -41.693  -16.657 0.0000000000
46831  33.899  -41.171  -16.244 0.0000000000
46836  39.409  -41.831  -18.076 0.0000000000
46837  38.817  -41.590  -17.347 0.0000000000
46838  35.563  -41.476  -17.598 0.0000000000
47812  39.509  -40.835  -10.653 0.0000000000
47813  39.081  -41.283  -10.767 0.0000000000
47825  39.119  -40.376  -11.115 0.0000000000
47826  38.746  -40.910  -11.356 0.0000000000
47843  38.139  -41.149  -12.390 0.0000000000
47844  37.890  -41.602  -12.675 0.0000000000
47858  38.082  -40.638  -13.108 0.0000000000
47859  37.773  -41.491  -13.386 0.0000000000
47868  37.944  -40.707  -14.053 0.0000000000
47869  37.838  -41.413  -14.512 0.0000000000
47886  38.160  -41.064  -15.299 0.0000000000
47887  37.931  -41.398  -14.948 0.0000000000
47888  33.305  -41.156  -15.797 0.0000000000
47889  32.553  -40.735  -15.647 0.0000000000
47903  38.601  -40.861  -16.564 0.0000000000
48871  39.927  -40.336  -10.563 0.0000000000
48882  39.451  -39.721  -11.190 0.0000000000
48883  38.925  -40.200  -11.448 0.0000000000
48896  38.986  -39.358  -11.966 0.0000000000
48897  38.562  -39.975  -12.285 0.0000000000
48911  38.250  -40.055  -13.485 0.0000000000
48921  38.338  -39.951  -14.476 0.0000000000
49947  39.970  -38.703  -11.471 0.0000000000
49959  39.298  -38.820  -12.002 0.0000000000
49960  38.868  -39.118  -12.530 0.0000000000
49977  38.583  -39.221  -13.518 0.0000000000
