#!ascii label  , from subject FREESURFER vox2ras=TkReg 
266
29012  34.925  -59.413  14.316 0.0000000000
29026  34.462  -59.565  13.482 0.0000000000
29050  42.402  -59.421  11.651 0.0000000000
29051  41.822  -59.282  12.087 0.0000000000
29065  42.805  -59.235  11.056 0.0000000000
30047  35.722  -58.401  14.321 0.0000000000
30048  35.244  -58.877  14.311 0.0000000000
30064  35.359  -58.022  13.806 0.0000000000
30065  34.918  -58.507  13.698 0.0000000000
30076  41.083  -58.780  12.345 0.0000000000
30079  34.409  -58.644  12.701 0.0000000000
30088  42.065  -58.747  11.414 0.0000000000
30089  41.519  -58.666  11.832 0.0000000000
30090  40.884  -58.342  12.158 0.0000000000
30091  34.291  -58.765  11.638 0.0000000000
30100  43.085  -58.351  10.444 0.0000000000
30101  42.488  -58.575  10.947 0.0000000000
30102  41.836  -58.328  11.288 0.0000000000
30109  44.103  -58.394  9.511 0.0000000000
30110  43.548  -58.431  10.071 0.0000000000
31028  38.162  -57.961  14.031 0.0000000000
31029  37.242  -57.825  14.172 0.0000000000
31030  36.405  -57.863  14.188 0.0000000000
31041  39.548  -58.087  13.205 0.0000000000
31042  38.916  -57.831  13.491 0.0000000000
31043  37.765  -57.193  13.392 0.0000000000
31044  36.677  -57.271  13.679 0.0000000000
31045  35.761  -57.511  13.654 0.0000000000
31046  35.198  -57.781  13.430 0.0000000000
31058  40.504  -58.021  12.277 0.0000000000
31059  39.724  -57.615  12.494 0.0000000000
31060  38.615  -57.118  12.821 0.0000000000
31061  38.047  -56.792  12.829 0.0000000000
31062  35.343  -57.331  13.073 0.0000000000
31063  34.815  -57.669  12.824 0.0000000000
31073  41.436  -58.052  11.398 0.0000000000
31074  40.709  -57.629  11.577 0.0000000000
31075  39.964  -57.221  11.732 0.0000000000
31076  34.408  -57.837  11.999 0.0000000000
31082  43.196  -57.950  10.166 0.0000000000
31083  42.589  -57.575  10.274 0.0000000000
31084  41.623  -57.645  10.906 0.0000000000
31085  40.957  -57.207  10.945 0.0000000000
31086  34.338  -57.836  10.953 0.0000000000
31091  43.979  -57.541  9.279 0.0000000000
31092  43.380  -57.562  9.738 0.0000000000
31093  42.818  -57.064  9.829 0.0000000000
31094  34.574  -57.699  9.678 0.0000000000
31102  45.640  -57.377  8.270 0.0000000000
31103  45.080  -57.609  8.599 0.0000000000
31104  44.513  -57.944  9.009 0.0000000000
31105  34.655  -57.906  8.314 0.0000000000
31114  34.649  -57.723  7.186 0.0000000000
31120  34.657  -57.610  6.273 0.0000000000
31127  35.156  -57.206  4.724 0.0000000000
31128  34.825  -57.526  5.393 0.0000000000
31144  35.458  -57.555  4.084 0.0000000000
31145  35.022  -57.800  4.718 0.0000000000
31159  36.360  -57.546  2.830 0.0000000000
31160  35.940  -57.508  3.387 0.0000000000
31174  36.550  -57.698  2.094 0.0000000000
31189  38.198  -57.133  0.831 0.0000000000
31190  37.565  -57.282  1.042 0.0000000000
31191  36.869  -57.631  1.343 0.0000000000
31985  36.897  -56.754  13.142 0.0000000000
31986  36.093  -56.827  13.181 0.0000000000
31987  35.626  -57.064  13.081 0.0000000000
31996  38.939  -56.805  12.265 0.0000000000
31997  38.275  -56.554  12.428 0.0000000000
31998  37.502  -56.414  12.608 0.0000000000
31999  36.498  -56.327  12.637 0.0000000000
32000  35.394  -56.670  12.373 0.0000000000
32001  34.721  -57.265  12.210 0.0000000000
32011  40.021  -56.961  11.318 0.0000000000
32012  39.416  -56.670  11.634 0.0000000000
32013  38.552  -56.247  11.868 0.0000000000
32014  37.940  -56.113  12.104 0.0000000000
32015  35.081  -56.301  11.117 0.0000000000
32016  34.603  -57.058  11.556 0.0000000000
32025  41.783  -56.986  10.334 0.0000000000
32026  41.137  -56.851  10.584 0.0000000000
32027  40.374  -56.683  10.817 0.0000000000
32028  39.735  -56.476  11.056 0.0000000000
32029  34.983  -56.155  10.142 0.0000000000
32030  34.588  -56.912  10.520 0.0000000000
32038  43.648  -56.975  9.323 0.0000000000
32039  43.040  -56.592  9.478 0.0000000000
32040  42.227  -56.539  9.841 0.0000000000
32041  41.325  -56.317  10.139 0.0000000000
32042  40.726  -56.314  10.386 0.0000000000
32043  34.959  -56.132  9.239 0.0000000000
32044  34.705  -56.741  9.673 0.0000000000
32052  45.852  -56.827  8.085 0.0000000000
32053  45.233  -56.558  8.410 0.0000000000
32054  44.276  -56.767  8.941 0.0000000000
32055  43.545  -56.367  9.215 0.0000000000
32056  35.023  -56.162  8.270 0.0000000000
32057  34.726  -56.923  8.813 0.0000000000
32063  46.391  -56.508  7.771 0.0000000000
32064  45.770  -56.179  8.056 0.0000000000
32065  35.123  -56.179  7.208 0.0000000000
32066  34.763  -56.961  7.752 0.0000000000
32072  35.169  -56.311  6.145 0.0000000000
32073  34.826  -56.951  6.752 0.0000000000
32080  35.147  -56.704  5.262 0.0000000000
32081  34.851  -56.996  5.957 0.0000000000
32097  40.723  -56.202  4.063 0.0000000000
32098  36.130  -56.088  4.059 0.0000000000
32099  35.636  -56.559  4.304 0.0000000000
32112  40.323  -56.366  3.526 0.0000000000
32113  39.406  -56.029  3.199 0.0000000000
32114  38.488  -55.974  3.016 0.0000000000
32115  37.562  -56.167  3.028 0.0000000000
32116  36.511  -56.583  3.384 0.0000000000
32117  35.785  -57.001  3.718 0.0000000000
32128  39.948  -56.506  2.951 0.0000000000
32129  39.317  -56.382  2.542 0.0000000000
32130  38.308  -56.318  2.324 0.0000000000
32131  37.381  -56.609  2.361 0.0000000000
32132  36.795  -57.118  2.374 0.0000000000
32145  39.048  -56.586  1.734 0.0000000000
32146  38.132  -56.735  1.478 0.0000000000
32147  37.200  -57.044  1.709 0.0000000000
32148  36.821  -57.341  1.869 0.0000000000
32166  38.883  -56.773  1.246 0.0000000000
32167  38.705  -56.941  0.941 0.0000000000
32963  37.561  -55.954  12.082 0.0000000000
32964  37.032  -55.832  12.127 0.0000000000
32965  36.231  -55.953  12.048 0.0000000000
32976  39.410  -56.200  11.134 0.0000000000
32977  38.923  -55.898  11.314 0.0000000000
32978  37.772  -55.505  11.487 0.0000000000
32979  36.629  -55.416  11.497 0.0000000000
32980  35.784  -55.800  11.452 0.0000000000
32990  40.281  -56.102  10.424 0.0000000000
32991  39.564  -55.715  10.629 0.0000000000
32992  38.606  -55.306  10.931 0.0000000000
32993  38.009  -55.009  10.920 0.0000000000
32994  36.115  -55.289  10.959 0.0000000000
32995  35.558  -55.556  10.544 0.0000000000
33005  43.152  -56.014  9.222 0.0000000000
33006  42.516  -55.557  9.301 0.0000000000
33007  41.525  -55.633  9.671 0.0000000000
33008  40.519  -55.590  10.044 0.0000000000
33009  39.823  -55.099  10.138 0.0000000000
33010  35.340  -55.539  9.720 0.0000000000
33016  45.323  -55.524  8.193 0.0000000000
33017  44.551  -55.618  8.560 0.0000000000
33018  43.516  -55.502  8.963 0.0000000000
33019  42.815  -54.929  8.975 0.0000000000
33020  35.321  -55.451  8.837 0.0000000000
33026  46.027  -55.473  7.841 0.0000000000
33027  35.401  -55.396  7.797 0.0000000000
33033  36.117  -54.835  6.300 0.0000000000
33034  35.666  -55.347  6.551 0.0000000000
33040  36.260  -55.067  5.663 0.0000000000
33041  35.670  -55.829  5.192 0.0000000000
33057  40.709  -55.397  4.251 0.0000000000
33058  39.714  -55.145  4.264 0.0000000000
33059  38.834  -55.079  4.165 0.0000000000
33060  37.904  -55.151  4.131 0.0000000000
33061  36.727  -55.531  4.376 0.0000000000
33062  35.962  -55.939  4.433 0.0000000000
33075  40.197  -55.791  4.005 0.0000000000
33076  39.536  -55.648  3.765 0.0000000000
33077  38.645  -55.548  3.595 0.0000000000
33078  37.702  -55.662  3.567 0.0000000000
33079  37.085  -55.944  3.554 0.0000000000
33950  37.067  -55.042  11.187 0.0000000000
33951  36.624  -55.017  10.912 0.0000000000
33961  38.924  -55.065  10.584 0.0000000000
33962  38.340  -54.740  10.568 0.0000000000
33963  37.282  -54.613  10.582 0.0000000000
33964  36.123  -54.842  10.327 0.0000000000
33965  35.639  -55.167  10.035 0.0000000000
33975  41.658  -54.911  9.300 0.0000000000
33976  40.907  -54.853  9.502 0.0000000000
33977  40.043  -54.584  9.675 0.0000000000
33978  39.099  -54.581  10.103 0.0000000000
33979  38.029  -54.157  10.026 0.0000000000
33980  37.282  -54.033  9.766 0.0000000000
33981  36.502  -54.231  9.366 0.0000000000
33982  35.714  -54.926  9.482 0.0000000000
33991  44.807  -54.868  8.234 0.0000000000
33992  44.055  -54.520  8.470 0.0000000000
33993  43.051  -54.342  8.643 0.0000000000
33994  42.118  -54.379  8.851 0.0000000000
33995  41.150  -54.229  9.038 0.0000000000
33996  40.496  -54.240  9.228 0.0000000000
33997  36.325  -54.130  8.088 0.0000000000
33998  35.727  -54.704  8.509 0.0000000000
34004  45.422  -54.500  7.849 0.0000000000
34005  44.657  -54.198  8.084 0.0000000000
34006  36.335  -54.182  7.132 0.0000000000
34007  35.819  -54.668  7.452 0.0000000000
34016  37.226  -54.053  5.851 0.0000000000
34017  36.593  -54.333  6.290 0.0000000000
34018  36.051  -54.638  6.727 0.0000000000
34027  38.433  -54.034  5.067 0.0000000000
34028  37.760  -54.155  5.311 0.0000000000
34029  36.977  -54.638  5.353 0.0000000000
34045  41.051  -54.361  4.377 0.0000000000
34046  40.029  -54.357  4.527 0.0000000000
34047  39.036  -54.375  4.655 0.0000000000
34048  38.218  -54.585  4.653 0.0000000000
34049  37.497  -54.813  4.757 0.0000000000
34955  39.993  -53.961  9.190 0.0000000000
34956  39.382  -53.901  9.383 0.0000000000
34957  38.514  -53.739  9.446 0.0000000000
34958  37.641  -53.700  9.345 0.0000000000
34959  37.098  -53.846  9.284 0.0000000000
34975  44.185  -53.715  8.118 0.0000000000
34976  43.434  -53.592  8.218 0.0000000000
34977  42.323  -53.240  8.218 0.0000000000
34978  41.303  -53.487  8.524 0.0000000000
34979  40.387  -53.591  8.788 0.0000000000
34980  39.655  -53.523  8.903 0.0000000000
34981  38.920  -53.290  8.750 0.0000000000
34982  37.983  -53.316  8.699 0.0000000000
34983  37.083  -53.656  8.586 0.0000000000
34994  44.769  -53.456  7.644 0.0000000000
34995  43.869  -53.027  7.789 0.0000000000
34996  43.067  -52.883  7.806 0.0000000000
34997  38.389  -52.945  8.058 0.0000000000
34998  37.576  -53.250  7.740 0.0000000000
34999  36.825  -53.693  7.482 0.0000000000
35009  38.215  -52.900  7.067 0.0000000000
35010  37.331  -53.541  6.566 0.0000000000
35011  36.697  -53.864  6.839 0.0000000000
35020  40.230  -52.830  5.454 0.0000000000
35021  39.638  -53.029  5.486 0.0000000000
35022  38.499  -53.317  5.755 0.0000000000
35023  37.650  -53.713  5.830 0.0000000000
35039  41.508  -53.488  4.580 0.0000000000
35040  40.447  -53.292  4.888 0.0000000000
35041  39.366  -53.644  4.997 0.0000000000
35042  38.801  -53.818  5.084 0.0000000000
36032  41.839  -52.680  7.699 0.0000000000
36033  41.320  -52.815  7.908 0.0000000000
36034  40.491  -52.917  8.140 0.0000000000
36035  39.588  -53.000  8.338 0.0000000000
36036  38.952  -52.920  8.237 0.0000000000
36053  44.289  -52.531  7.247 0.0000000000
36054  43.357  -52.369  7.232 0.0000000000
36055  42.333  -52.446  7.313 0.0000000000
36056  41.393  -52.478  7.216 0.0000000000
36057  40.588  -52.588  7.351 0.0000000000
36058  39.759  -52.671  7.511 0.0000000000
36059  38.965  -52.715  7.684 0.0000000000
36068  43.819  -51.953  6.589 0.0000000000
36069  42.786  -52.036  6.221 0.0000000000
36070  41.637  -52.311  6.396 0.0000000000
36071  40.725  -52.457  6.536 0.0000000000
36072  39.925  -52.616  6.696 0.0000000000
36073  39.070  -52.645  6.770 0.0000000000
36082  42.787  -52.117  5.134 0.0000000000
36083  41.874  -52.359  5.488 0.0000000000
36084  40.860  -52.566  5.626 0.0000000000
36085  40.103  -52.657  5.960 0.0000000000
36086  39.407  -52.768  6.097 0.0000000000
36105  42.063  -52.752  4.738 0.0000000000
36106  41.309  -52.815  4.996 0.0000000000
37118  44.297  -51.684  5.952 0.0000000000
37119  43.547  -51.753  5.920 0.0000000000
37126  43.755  -51.772  5.147 0.0000000000
37127  43.199  -51.879  5.609 0.0000000000
