#!ascii label  , from subject FREESURFER vox2ras=TkReg 
135
4206  33.916  -88.318  16.360 0.0000000000
4217  34.294  -88.513  16.064 0.0000000000
4218  33.670  -88.403  15.840 0.0000000000
4778  34.070  -88.026  16.934 0.0000000000
4779  33.376  -88.096  16.231 0.0000000000
4780  32.645  -87.866  15.914 0.0000000000
4790  34.055  -88.290  15.386 0.0000000000
4791  32.990  -88.136  15.312 0.0000000000
4792  32.290  -87.723  15.504 0.0000000000
4800  34.597  -87.942  14.977 0.0000000000
4801  33.838  -87.871  14.874 0.0000000000
4802  33.208  -87.742  14.868 0.0000000000
5389  34.418  -86.676  19.029 0.0000000000
5401  34.356  -87.031  18.756 0.0000000000
5413  34.436  -87.021  18.094 0.0000000000
5414  34.336  -87.603  17.608 0.0000000000
5428  34.466  -86.936  17.428 0.0000000000
5429  34.065  -87.261  16.770 0.0000000000
5430  33.170  -87.211  16.295 0.0000000000
5431  32.086  -87.139  16.156 0.0000000000
5432  31.448  -86.418  16.497 0.0000000000
5445  35.114  -87.608  14.997 0.0000000000
5446  32.253  -87.710  15.111 0.0000000000
5447  31.835  -87.171  15.307 0.0000000000
5448  31.306  -86.745  15.937 0.0000000000
5449  31.030  -86.328  16.431 0.0000000000
5458  35.536  -86.514  14.614 0.0000000000
5459  34.739  -87.114  14.661 0.0000000000
5460  33.520  -87.191  14.700 0.0000000000
5461  32.634  -87.426  14.884 0.0000000000
5462  32.126  -87.380  14.989 0.0000000000
6020  34.528  -86.041  19.325 0.0000000000
6032  34.690  -86.274  18.446 0.0000000000
6046  34.691  -86.405  17.724 0.0000000000
6061  34.619  -86.272  17.092 0.0000000000
6062  34.031  -86.196  16.541 0.0000000000
6063  33.124  -86.091  16.331 0.0000000000
6064  32.221  -85.884  16.585 0.0000000000
6079  31.596  -86.755  15.094 0.0000000000
6080  31.342  -86.510  15.386 0.0000000000
6081  30.747  -86.122  15.990 0.0000000000
6090  36.159  -85.825  14.457 0.0000000000
6091  35.057  -85.930  14.507 0.0000000000
6092  33.942  -86.167  14.474 0.0000000000
6093  32.844  -86.417  14.605 0.0000000000
6094  31.997  -86.784  14.875 0.0000000000
6667  34.928  -84.000  19.832 0.0000000000
6684  34.891  -84.704  19.458 0.0000000000
6703  35.048  -85.174  18.530 0.0000000000
6722  34.999  -85.610  17.688 0.0000000000
6738  34.744  -85.251  16.961 0.0000000000
6739  34.002  -85.063  16.613 0.0000000000
6740  33.156  -84.889  16.563 0.0000000000
6762  31.579  -86.295  15.030 0.0000000000
6763  31.195  -85.574  15.271 0.0000000000
6764  30.406  -85.171  15.748 0.0000000000
6783  35.460  -84.845  14.385 0.0000000000
6784  34.298  -85.009  14.321 0.0000000000
6785  33.140  -85.235  14.358 0.0000000000
6786  31.978  -85.515  14.676 0.0000000000
6787  31.459  -84.943  14.962 0.0000000000
7421  34.891  -83.280  20.057 0.0000000000
7440  35.290  -83.624  19.292 0.0000000000
7459  35.364  -84.180  18.646 0.0000000000
7476  35.255  -84.362  17.679 0.0000000000
7493  34.752  -84.164  16.839 0.0000000000
7494  33.980  -83.961  16.549 0.0000000000
7516  31.007  -84.218  15.243 0.0000000000
7517  30.258  -84.245  15.792 0.0000000000
7534  35.799  -83.732  14.322 0.0000000000
7535  34.640  -83.862  14.405 0.0000000000
7536  33.483  -84.044  14.424 0.0000000000
7537  32.420  -84.292  14.530 0.0000000000
7538  31.695  -84.480  14.787 0.0000000000
8187  34.835  -82.186  19.995 0.0000000000
8188  34.565  -82.715  20.724 0.0000000000
8206  35.273  -82.591  19.299 0.0000000000
8222  35.429  -83.100  18.314 0.0000000000
8239  35.138  -83.224  17.296 0.0000000000
8240  34.696  -82.613  17.045 0.0000000000
8261  34.578  -83.318  16.787 0.0000000000
8262  33.962  -82.843  16.630 0.0000000000
8284  31.149  -82.823  15.147 0.0000000000
8285  30.325  -83.035  15.712 0.0000000000
8304  36.074  -82.661  14.300 0.0000000000
8305  34.964  -82.723  14.453 0.0000000000
8306  33.805  -82.858  14.548 0.0000000000
8307  32.665  -83.082  14.648 0.0000000000
8308  31.753  -83.476  14.836 0.0000000000
8967  34.851  -81.442  19.951 0.0000000000
8968  34.590  -81.570  20.698 0.0000000000
8987  35.094  -81.626  19.402 0.0000000000
9001  35.292  -81.943  18.611 0.0000000000
9019  35.172  -82.061  17.661 0.0000000000
9020  34.288  -81.844  17.133 0.0000000000
9066  31.215  -82.272  15.053 0.0000000000
9067  30.852  -82.017  15.198 0.0000000000
9087  36.344  -81.636  14.371 0.0000000000
9088  35.291  -81.607  14.456 0.0000000000
9089  34.165  -81.671  14.578 0.0000000000
9090  32.982  -81.830  14.607 0.0000000000
9091  31.656  -82.050  14.753 0.0000000000
9092  31.095  -81.441  14.977 0.0000000000
9737  34.949  -81.188  19.687 0.0000000000
9738  34.822  -80.717  19.999 0.0000000000
9757  35.049  -81.029  19.424 0.0000000000
9758  35.014  -80.558  19.163 0.0000000000
9775  35.216  -81.162  18.885 0.0000000000
9776  35.056  -80.733  18.529 0.0000000000
9795  35.179  -81.314  18.265 0.0000000000
9796  34.784  -80.866  17.836 0.0000000000
9797  34.015  -80.726  17.295 0.0000000000
9866  35.649  -80.537  14.384 0.0000000000
9867  34.567  -80.498  14.452 0.0000000000
9868  33.445  -80.620  14.512 0.0000000000
9869  32.332  -80.793  14.581 0.0000000000
9870  31.348  -80.811  14.799 0.0000000000
10511  34.789  -79.960  19.535 0.0000000000
10536  34.755  -79.946  18.677 0.0000000000
10558  34.366  -79.793  17.851 0.0000000000
10611  36.090  -79.587  14.338 0.0000000000
10612  35.013  -79.358  14.262 0.0000000000
10613  33.869  -79.344  14.257 0.0000000000
10614  32.864  -79.701  14.425 0.0000000000
10615  31.877  -79.794  14.639 0.0000000000
10626  34.396  -78.749  14.094 0.0000000000
10627  34.003  -78.645  14.013 0.0000000000
11374  34.893  -78.336  14.101 0.0000000000
11375  33.188  -79.019  14.229 0.0000000000
11376  32.510  -78.719  14.297 0.0000000000
11388  34.243  -78.200  13.861 0.0000000000
11389  33.489  -78.375  13.950 0.0000000000
11390  32.876  -78.070  13.940 0.0000000000
12176  33.955  -77.547  13.660 0.0000000000
12177  33.208  -77.547  13.684 0.0000000000
