#!ascii label  , from subject FREESURFER vox2ras=TkReg 
239
78595  37.978  -10.042  -6.275 0.0000000000
79543  39.045  -9.831  -6.853 0.0000000000
79544  38.429  -9.364  -6.839 0.0000000000
79545  37.595  -9.338  -6.193 0.0000000000
79568  39.489  -9.286  -7.353 0.0000000000
79569  38.778  -8.727  -7.314 0.0000000000
80480  37.239  -8.443  -5.939 0.0000000000
80481  36.723  -8.391  -5.111 0.0000000000
80489  38.347  -8.655  -7.095 0.0000000000
80490  37.869  -8.363  -6.737 0.0000000000
80513  40.256  -8.369  -7.823 0.0000000000
80514  39.320  -8.108  -7.682 0.0000000000
80515  38.470  -8.050  -7.297 0.0000000000
80516  38.031  -7.780  -7.085 0.0000000000
80535  39.867  -7.768  -7.984 0.0000000000
80536  39.568  -7.662  -7.877 0.0000000000
81393  36.599  -7.332  -4.743 0.0000000000
81394  36.458  -7.254  -3.787 0.0000000000
81395  36.317  -7.023  -3.256 0.0000000000
81404  37.399  -7.746  -6.358 0.0000000000
81405  36.978  -7.389  -5.768 0.0000000000
81415  37.671  -7.373  -6.902 0.0000000000
81416  37.280  -7.116  -6.453 0.0000000000
81437  40.909  -7.932  -7.837 0.0000000000
81438  39.366  -7.502  -7.818 0.0000000000
81439  38.914  -7.311  -7.649 0.0000000000
81440  38.198  -7.269  -7.338 0.0000000000
81459  40.567  -7.295  -8.070 0.0000000000
81460  39.706  -7.221  -8.030 0.0000000000
81461  39.320  -7.149  -7.851 0.0000000000
82312  36.539  -5.980  -4.253 0.0000000000
82313  36.553  -6.013  -4.054 0.0000000000
82314  35.515  -6.396  -2.622 0.0000000000
82324  36.504  -6.210  -4.380 0.0000000000
82325  36.424  -6.301  -3.532 0.0000000000
82326  36.187  -6.359  -3.028 0.0000000000
82335  36.665  -6.317  -5.410 0.0000000000
82336  36.410  -6.096  -3.269 0.0000000000
82337  36.342  -6.199  -3.170 0.0000000000
82348  37.359  -6.712  -6.854 0.0000000000
82349  37.022  -6.336  -6.382 0.0000000000
82369  38.470  -6.501  -7.677 0.0000000000
82370  37.750  -6.509  -7.338 0.0000000000
82371  37.256  -6.139  -7.072 0.0000000000
82390  40.034  -6.496  -8.416 0.0000000000
82391  39.248  -6.549  -8.007 0.0000000000
83313  35.364  -5.466  -2.227 0.0000000000
83325  36.556  -5.745  -4.138 0.0000000000
83326  36.481  -5.604  -3.677 0.0000000000
83327  36.127  -5.450  -2.949 0.0000000000
83335  36.504  -5.482  -4.422 0.0000000000
83336  36.360  -5.894  -3.247 0.0000000000
83337  36.323  -5.958  -3.003 0.0000000000
83343  36.450  -5.390  -5.042 0.0000000000
83344  36.134  -5.977  -3.170 0.0000000000
83345  36.318  -6.140  -3.054 0.0000000000
83357  36.629  -5.189  -6.112 0.0000000000
83373  38.039  -5.889  -7.763 0.0000000000
83374  37.520  -5.543  -7.530 0.0000000000
83375  37.013  -5.446  -6.988 0.0000000000
83394  39.526  -5.718  -8.573 0.0000000000
83395  38.586  -5.560  -8.248 0.0000000000
83396  37.923  -5.312  -8.009 0.0000000000
83410  39.065  -5.061  -8.893 0.0000000000
84279  35.356  -4.602  -1.779 0.0000000000
84292  35.726  -4.501  -2.437 0.0000000000
84303  36.589  -5.232  -4.092 0.0000000000
84304  36.395  -4.532  -3.768 0.0000000000
84305  36.018  -4.290  -3.052 0.0000000000
84311  36.428  -4.821  -4.530 0.0000000000
84312  36.258  -4.008  -4.567 0.0000000000
84320  36.346  -4.241  -5.377 0.0000000000
84321  36.121  -3.664  -5.022 0.0000000000
84335  36.520  -4.119  -6.286 0.0000000000
84346  37.176  -4.985  -7.475 0.0000000000
84347  36.833  -4.361  -7.174 0.0000000000
84363  38.066  -4.986  -8.314 0.0000000000
84364  37.496  -4.527  -8.107 0.0000000000
84365  37.063  -3.932  -7.801 0.0000000000
84381  39.199  -4.337  -9.407 0.0000000000
84382  38.299  -4.509  -8.844 0.0000000000
84383  37.824  -4.102  -8.645 0.0000000000
85138  35.313  -3.754  -1.396 0.0000000000
85152  35.542  -3.647  -2.033 0.0000000000
85162  35.648  -3.555  -2.741 0.0000000000
85168  36.169  -3.604  -4.096 0.0000000000
85169  35.893  -3.447  -3.500 0.0000000000
85175  35.911  -3.193  -4.687 0.0000000000
85176  35.845  -3.017  -4.080 0.0000000000
85187  36.361  -3.528  -6.001 0.0000000000
85188  36.112  -3.150  -5.470 0.0000000000
85204  36.447  -3.252  -6.773 0.0000000000
85205  36.243  -2.882  -6.157 0.0000000000
85216  36.853  -3.285  -7.611 0.0000000000
85233  37.594  -3.752  -8.568 0.0000000000
85234  37.256  -3.493  -8.201 0.0000000000
85251  38.595  -3.539  -9.508 0.0000000000
85252  37.957  -3.585  -9.004 0.0000000000
86012  35.296  -2.962  -1.098 0.0000000000
86024  35.352  -2.800  -1.668 0.0000000000
86028  35.355  -2.720  -2.370 0.0000000000
86033  35.343  -2.693  -3.104 0.0000000000
86039  35.562  -2.386  -4.441 0.0000000000
86040  35.434  -2.544  -3.782 0.0000000000
86052  35.780  -2.307  -5.163 0.0000000000
86065  36.264  -2.257  -6.636 0.0000000000
86066  36.020  -2.206  -5.934 0.0000000000
86077  36.554  -2.211  -7.399 0.0000000000
86096  37.514  -3.003  -8.799 0.0000000000
86097  37.073  -2.414  -8.274 0.0000000000
86118  38.798  -2.734  -9.958 0.0000000000
86119  37.997  -2.525  -9.547 0.0000000000
86120  37.421  -2.165  -9.021 0.0000000000
86144  38.414  -2.082  -10.154 0.0000000000
86923  35.307  -2.510  -0.621 0.0000000000
86932  35.264  -1.991  -1.198 0.0000000000
86938  35.309  -1.799  -1.973 0.0000000000
86943  35.122  -1.792  -2.783 0.0000000000
86949  35.076  -1.927  -3.457 0.0000000000
86957  35.562  -1.481  -4.801 0.0000000000
86958  35.252  -1.649  -4.079 0.0000000000
86971  35.728  -1.364  -5.622 0.0000000000
86985  36.284  -1.722  -7.000 0.0000000000
86986  35.981  -1.257  -6.594 0.0000000000
86999  36.321  -1.155  -7.395 0.0000000000
87000  36.027  -0.714  -7.142 0.0000000000
87013  36.726  -1.362  -8.091 0.0000000000
87029  37.557  -1.478  -9.519 0.0000000000
87030  37.135  -1.382  -8.848 0.0000000000
87056  38.044  -1.466  -10.019 0.0000000000
87850  35.430  -2.133  -0.212 0.0000000000
87854  36.385  -0.538  0.459 0.0000000000
87855  36.128  -0.772  0.149 0.0000000000
87856  35.552  -1.218  -0.502 0.0000000000
87861  35.370  -0.858  -1.465 0.0000000000
87867  35.250  -0.758  -2.410 0.0000000000
87876  35.240  -0.837  -3.456 0.0000000000
87886  35.527  -0.540  -5.177 0.0000000000
87887  35.403  -0.660  -4.402 0.0000000000
87899  35.654  -0.351  -6.048 0.0000000000
87909  35.843  -0.199  -6.904 0.0000000000
87923  36.419  -0.637  -8.025 0.0000000000
87924  36.081  -0.208  -7.634 0.0000000000
87938  36.730  -0.404  -8.703 0.0000000000
87939  36.301  -0.017  -8.282 0.0000000000
87955  37.712  -0.859  -9.920 0.0000000000
87956  37.244  -0.543  -9.555 0.0000000000
87983  37.557  -0.459  -10.098 0.0000000000
88867  36.489  0.151  0.191 0.0000000000
88868  36.119  -0.211  -0.322 0.0000000000
88872  36.089  0.479  -0.420 0.0000000000
88873  35.653  0.149  -0.926 0.0000000000
88880  35.429  0.266  -1.906 0.0000000000
88889  35.222  0.367  -2.929 0.0000000000
88899  35.407  -0.007  -4.791 0.0000000000
88900  35.287  0.536  -4.186 0.0000000000
88912  35.446  0.635  -5.407 0.0000000000
88913  35.201  1.375  -4.883 0.0000000000
88921  35.771  0.677  -6.487 0.0000000000
88933  36.007  0.708  -7.374 0.0000000000
88946  36.445  0.592  -8.689 0.0000000000
88947  36.192  0.651  -8.101 0.0000000000
88966  36.758  0.483  -9.423 0.0000000000
88992  37.213  0.224  -10.368 0.0000000000
89890  36.006  1.052  -0.265 0.0000000000
89895  35.808  1.061  -0.803 0.0000000000
89896  35.669  1.156  -1.441 0.0000000000
89903  35.467  1.375  -2.334 0.0000000000
89913  35.195  1.543  -3.356 0.0000000000
89924  35.204  1.833  -4.299 0.0000000000
89935  35.339  1.805  -5.477 0.0000000000
89947  35.633  1.620  -6.167 0.0000000000
89961  35.869  1.652  -7.063 0.0000000000
89980  36.289  1.145  -8.497 0.0000000000
89981  36.085  1.658  -8.117 0.0000000000
90002  36.368  1.640  -9.102 0.0000000000
90003  36.168  2.135  -8.696 0.0000000000
90020  36.649  1.394  -10.142 0.0000000000
90042  36.998  1.272  -11.048 0.0000000000
90799  35.658  1.673  -0.257 0.0000000000
90807  35.723  1.704  -0.781 0.0000000000
90808  35.444  2.440  -0.685 0.0000000000
90814  35.760  1.591  -1.138 0.0000000000
90815  35.667  2.286  -1.579 0.0000000000
90821  35.239  2.480  -2.715 0.0000000000
90880  35.830  2.634  -7.608 0.0000000000
90898  36.028  2.678  -8.470 0.0000000000
90920  36.349  2.382  -9.393 0.0000000000
90921  36.224  2.548  -9.064 0.0000000000
90937  36.481  2.398  -9.870 0.0000000000
90961  37.409  2.134  -11.553 0.0000000000
90962  36.687  2.447  -10.878 0.0000000000
90987  37.554  2.816  -11.765 0.0000000000
91693  35.134  3.404  -1.197 0.0000000000
91700  35.080  3.438  -2.150 0.0000000000
91784  36.366  2.896  -9.521 0.0000000000
91785  35.970  3.530  -9.194 0.0000000000
91801  36.448  3.555  -10.171 0.0000000000
91802  36.041  4.129  -9.776 0.0000000000
91821  37.178  2.934  -11.515 0.0000000000
91822  36.817  3.685  -11.269 0.0000000000
91849  37.430  3.626  -12.041 0.0000000000
91850  36.903  4.135  -11.809 0.0000000000
92670  36.386  4.393  -10.864 0.0000000000
92671  35.935  4.788  -10.260 0.0000000000
92690  36.534  4.724  -11.571 0.0000000000
92691  36.019  5.208  -11.063 0.0000000000
92692  35.500  5.985  -10.596 0.0000000000
92718  37.632  4.628  -12.675 0.0000000000
92719  36.962  4.621  -12.196 0.0000000000
92735  37.993  5.011  -13.136 0.0000000000
93543  36.271  5.449  -11.511 0.0000000000
93544  35.957  6.181  -11.291 0.0000000000
93545  35.287  7.195  -10.860 0.0000000000
93568  37.100  5.152  -12.531 0.0000000000
93569  36.544  5.742  -12.109 0.0000000000
93570  36.189  6.658  -11.644 0.0000000000
93593  37.334  5.730  -12.973 0.0000000000
93594  36.735  6.464  -12.680 0.0000000000
94376  35.781  7.135  -11.304 0.0000000000
94391  36.405  7.020  -12.102 0.0000000000
94392  36.079  7.277  -11.584 0.0000000000
94409  37.762  6.629  -13.443 0.0000000000
94410  36.984  6.814  -13.207 0.0000000000
94411  36.659  7.161  -12.709 0.0000000000
95210  35.707  7.710  -11.437 0.0000000000
95211  35.383  8.508  -11.378 0.0000000000
95229  36.442  8.032  -12.379 0.0000000000
95230  36.013  7.912  -11.740 0.0000000000
95249  36.845  7.594  -12.969 0.0000000000
96083  36.265  9.147  -12.418 0.0000000000
96084  35.749  8.971  -11.864 0.0000000000
96872  35.622  9.855  -12.120 0.0000000000
97604  34.872  10.503  -11.859 0.0000000000
131352  35.318  7.889  -11.146 0.0000000000
131361  34.911  9.622  -11.510 0.0000000000
131363  35.289  9.722  -11.838 0.0000000000
131367  34.595  10.316  -11.548 0.0000000000
131368  34.440  10.705  -11.569 0.0000000000
