#!ascii label  , from subject FREESURFER vox2ras=TkReg 
292
75747  43.999  -12.538  -27.998 0.0000000000
75755  45.164  -13.119  -29.024 0.0000000000
75756  44.419  -12.674  -28.674 0.0000000000
75757  44.012  -12.136  -28.426 0.0000000000
75758  45.719  -13.066  -29.638 0.0000000000
75759  45.325  -12.657  -29.408 0.0000000000
76833  43.296  -11.808  -27.981 0.0000000000
76834  42.527  -11.605  -27.751 0.0000000000
76843  46.854  -12.660  -29.675 0.0000000000
76844  46.234  -13.042  -29.837 0.0000000000
76845  44.765  -12.445  -29.042 0.0000000000
76846  44.274  -12.016  -28.714 0.0000000000
76847  43.749  -11.531  -28.596 0.0000000000
76848  43.426  -11.403  -28.818 0.0000000000
76853  46.568  -11.982  -29.779 0.0000000000
76854  45.946  -12.310  -29.724 0.0000000000
76855  45.151  -11.948  -29.270 0.0000000000
76856  44.498  -11.668  -28.988 0.0000000000
76857  43.968  -11.382  -28.786 0.0000000000
76858  43.610  -11.260  -28.876 0.0000000000
77881  41.817  -11.489  -27.569 0.0000000000
77882  40.763  -11.461  -27.469 0.0000000000
77883  39.668  -11.575  -27.514 0.0000000000
77884  38.562  -11.659  -27.617 0.0000000000
77891  43.325  -11.337  -28.518 0.0000000000
77892  42.584  -11.178  -28.241 0.0000000000
77893  41.485  -10.924  -27.982 0.0000000000
77894  40.411  -10.890  -27.936 0.0000000000
77895  39.329  -10.890  -27.938 0.0000000000
77896  38.275  -11.027  -28.231 0.0000000000
77903  47.370  -12.108  -29.437 0.0000000000
77904  43.577  -11.225  -28.775 0.0000000000
77905  43.235  -11.036  -28.729 0.0000000000
77912  47.745  -11.028  -29.664 0.0000000000
77913  47.132  -11.470  -29.708 0.0000000000
77914  46.304  -11.323  -29.693 0.0000000000
77915  45.507  -11.240  -29.565 0.0000000000
77916  44.700  -11.089  -29.393 0.0000000000
77917  44.052  -10.933  -29.106 0.0000000000
77918  43.513  -10.900  -28.927 0.0000000000
78870  42.683  -10.800  -28.651 0.0000000000
78871  42.083  -10.570  -28.512 0.0000000000
78872  41.101  -10.310  -28.417 0.0000000000
78873  40.077  -10.311  -28.381 0.0000000000
78874  39.045  -10.176  -28.413 0.0000000000
78875  37.879  -10.115  -28.814 0.0000000000
78876  36.820  -10.591  -29.007 0.0000000000
78883  42.713  -10.470  -29.032 0.0000000000
78884  41.730  -10.051  -28.898 0.0000000000
78885  41.122  -9.967  -28.855 0.0000000000
78886  37.053  -9.928  -29.346 0.0000000000
78887  36.106  -10.130  -29.196 0.0000000000
78888  35.240  -10.182  -29.140 0.0000000000
78895  47.447  -10.453  -29.832 0.0000000000
78896  46.685  -10.445  -29.859 0.0000000000
78897  45.869  -10.366  -29.813 0.0000000000
78898  44.982  -10.316  -29.749 0.0000000000
78899  44.102  -10.265  -29.542 0.0000000000
78900  43.378  -10.400  -29.370 0.0000000000
79849  40.649  -9.940  -28.746 0.0000000000
79850  39.912  -9.691  -28.854 0.0000000000
79851  38.923  -9.510  -28.980 0.0000000000
79852  38.307  -9.471  -29.188 0.0000000000
79853  35.203  -9.196  -28.895 0.0000000000
79854  34.755  -9.818  -28.931 0.0000000000
79858  42.842  -10.084  -29.482 0.0000000000
79859  42.210  -9.809  -29.460 0.0000000000
79860  40.997  -9.580  -29.350 0.0000000000
79861  39.758  -8.999  -29.638 0.0000000000
79862  38.717  -9.037  -29.446 0.0000000000
79863  37.753  -9.223  -29.473 0.0000000000
79864  36.693  -9.324  -29.503 0.0000000000
79865  35.652  -9.226  -29.381 0.0000000000
79866  34.996  -9.889  -29.085 0.0000000000
79869  47.562  -9.636  -29.654 0.0000000000
79870  46.960  -9.564  -29.972 0.0000000000
79871  46.254  -9.510  -30.127 0.0000000000
79872  45.385  -9.461  -30.125 0.0000000000
79873  44.373  -9.427  -30.001 0.0000000000
79874  43.124  -9.528  -29.883 0.0000000000
79875  41.839  -9.231  -30.123 0.0000000000
79876  40.800  -8.870  -30.104 0.0000000000
79877  40.150  -8.597  -30.217 0.0000000000
79878  37.210  -8.794  -29.646 0.0000000000
79879  36.610  -8.750  -29.598 0.0000000000
79880  36.179  -8.644  -29.520 0.0000000000
80787  35.506  -8.670  -28.777 0.0000000000
80788  47.246  -8.652  -29.506 0.0000000000
80789  39.120  -8.626  -29.766 0.0000000000
80790  38.520  -8.544  -29.771 0.0000000000
80791  37.809  -8.539  -29.733 0.0000000000
80792  35.728  -8.216  -28.967 0.0000000000
80793  35.627  -8.508  -29.163 0.0000000000
80794  47.069  -8.653  -29.902 0.0000000000
80795  46.598  -8.613  -30.231 0.0000000000
80796  45.868  -8.585  -30.444 0.0000000000
80797  44.900  -8.543  -30.410 0.0000000000
80798  43.776  -8.523  -30.446 0.0000000000
80799  42.563  -8.475  -30.601 0.0000000000
80800  41.496  -8.532  -30.656 0.0000000000
80801  40.585  -8.356  -30.651 0.0000000000
80802  39.498  -8.152  -30.420 0.0000000000
80803  38.317  -8.100  -30.163 0.0000000000
80804  37.404  -8.235  -29.782 0.0000000000
80805  36.652  -8.314  -29.551 0.0000000000
80806  36.045  -8.449  -29.423 0.0000000000
80807  41.997  -8.029  -30.950 0.0000000000
80808  41.283  -7.946  -31.121 0.0000000000
80809  40.398  -7.821  -31.101 0.0000000000
80810  39.890  -7.664  -31.045 0.0000000000
81714  47.184  -7.674  -29.262 0.0000000000
81717  37.148  -7.421  -28.847 0.0000000000
81719  47.172  -7.665  -29.766 0.0000000000
81720  37.145  -7.558  -29.387 0.0000000000
81721  36.294  -7.905  -29.034 0.0000000000
81722  35.850  -8.161  -29.132 0.0000000000
81723  46.893  -7.646  -30.150 0.0000000000
81724  46.333  -7.617  -30.423 0.0000000000
81725  45.498  -7.586  -30.560 0.0000000000
81726  44.474  -7.579  -30.644 0.0000000000
81727  43.301  -7.454  -30.892 0.0000000000
81728  42.505  -7.827  -30.958 0.0000000000
81729  38.867  -7.508  -30.623 0.0000000000
81730  38.070  -7.591  -30.222 0.0000000000
81731  37.369  -7.737  -29.743 0.0000000000
81732  36.536  -8.035  -29.408 0.0000000000
81733  36.002  -8.182  -29.240 0.0000000000
81734  42.998  -6.807  -31.166 0.0000000000
81735  42.203  -7.264  -31.255 0.0000000000
81736  41.079  -7.315  -31.578 0.0000000000
81737  40.172  -7.323  -31.522 0.0000000000
81738  39.540  -7.384  -31.069 0.0000000000
82632  37.812  -6.982  -28.718 0.0000000000
82636  47.117  -6.809  -28.948 0.0000000000
82640  38.463  -6.447  -29.066 0.0000000000
82641  37.703  -6.912  -29.343 0.0000000000
82642  47.250  -6.640  -29.510 0.0000000000
82643  38.334  -6.468  -29.912 0.0000000000
82644  37.780  -7.070  -29.948 0.0000000000
82645  47.253  -6.635  -30.037 0.0000000000
82646  46.804  -6.601  -30.373 0.0000000000
82647  46.129  -6.579  -30.684 0.0000000000
82648  45.150  -6.540  -30.744 0.0000000000
82649  44.237  -6.786  -30.825 0.0000000000
82650  39.204  -7.072  -31.022 0.0000000000
82651  38.727  -6.789  -30.689 0.0000000000
82652  37.953  -7.286  -30.176 0.0000000000
82653  44.584  -6.113  -30.982 0.0000000000
82654  43.726  -6.268  -31.117 0.0000000000
82655  42.784  -6.210  -31.384 0.0000000000
82656  41.726  -6.364  -31.731 0.0000000000
82657  40.700  -6.715  -31.993 0.0000000000
82658  39.716  -6.609  -31.659 0.0000000000
82659  39.406  -6.225  -31.363 0.0000000000
82660  41.141  -6.031  -32.120 0.0000000000
82661  40.483  -6.111  -32.435 0.0000000000
82662  39.898  -5.956  -32.492 0.0000000000
83608  47.846  -5.029  -28.056 0.0000000000
83611  48.029  -5.082  -29.355 0.0000000000
83612  47.520  -5.624  -28.935 0.0000000000
83613  47.077  -5.931  -28.431 0.0000000000
83614  39.142  -5.617  -29.002 0.0000000000
83615  38.829  -5.960  -29.708 0.0000000000
83616  48.065  -5.075  -29.600 0.0000000000
83617  47.682  -5.551  -29.835 0.0000000000
83618  39.280  -5.397  -30.051 0.0000000000
83619  38.966  -6.013  -30.445 0.0000000000
83620  47.368  -5.594  -30.329 0.0000000000
83621  46.778  -5.514  -30.702 0.0000000000
83622  45.932  -5.496  -30.972 0.0000000000
83623  45.163  -5.696  -31.015 0.0000000000
83624  39.451  -5.462  -30.987 0.0000000000
83625  39.284  -6.058  -31.162 0.0000000000
83628  45.449  -5.041  -31.112 0.0000000000
83629  44.631  -5.242  -31.201 0.0000000000
83630  43.563  -5.228  -31.390 0.0000000000
83631  42.538  -5.316  -31.741 0.0000000000
83632  41.728  -5.603  -31.999 0.0000000000
83633  39.594  -5.718  -31.869 0.0000000000
83634  39.411  -6.007  -31.509 0.0000000000
84570  51.640  -4.186  -27.728 0.0000000000
84571  50.689  -4.189  -28.000 0.0000000000
84572  49.739  -4.326  -28.306 0.0000000000
84573  48.774  -4.579  -28.557 0.0000000000
84574  48.114  -4.910  -28.814 0.0000000000
84580  51.103  -3.672  -28.265 0.0000000000
84581  50.465  -3.755  -28.853 0.0000000000
84582  49.509  -4.094  -29.120 0.0000000000
84583  48.557  -4.640  -29.337 0.0000000000
84584  48.030  -5.021  -29.134 0.0000000000
84591  50.009  -3.568  -29.502 0.0000000000
84592  49.324  -3.896  -29.909 0.0000000000
84593  48.496  -4.620  -30.015 0.0000000000
84594  47.928  -4.848  -30.268 0.0000000000
84597  48.834  -3.818  -30.248 0.0000000000
84598  48.339  -4.051  -30.400 0.0000000000
84599  47.532  -4.370  -30.644 0.0000000000
84600  46.628  -4.368  -30.995 0.0000000000
84601  45.964  -4.601  -31.119 0.0000000000
84606  46.224  -3.948  -31.239 0.0000000000
84607  45.480  -4.173  -31.363 0.0000000000
85457  52.281  -3.603  -27.529 0.0000000000
85458  51.623  -3.337  -28.083 0.0000000000
85467  51.141  -3.205  -28.790 0.0000000000
85468  50.596  -3.104  -29.426 0.0000000000
85478  49.955  -3.060  -29.958 0.0000000000
85479  49.081  -3.037  -30.264 0.0000000000
85480  48.623  -2.677  -30.361 0.0000000000
85490  48.660  -3.492  -30.382 0.0000000000
85491  48.222  -3.139  -30.606 0.0000000000
85492  47.170  -3.161  -31.151 0.0000000000
85493  46.609  -3.605  -31.221 0.0000000000
86270  48.811  -1.228  -23.008 0.0000000000
86283  49.119  -1.622  -23.428 0.0000000000
86285  47.655  -0.987  -23.983 0.0000000000
86298  51.737  -1.843  -25.080 0.0000000000
86299  50.845  -1.627  -24.625 0.0000000000
86300  49.957  -1.618  -24.065 0.0000000000
86301  48.624  -0.804  -24.888 0.0000000000
86302  47.966  -1.333  -24.613 0.0000000000
86313  52.406  -2.250  -25.809 0.0000000000
86314  48.740  -1.219  -25.444 0.0000000000
86315  47.944  -2.432  -25.774 0.0000000000
86321  52.295  -2.297  -26.705 0.0000000000
86322  48.992  -1.613  -26.504 0.0000000000
86323  48.366  -2.367  -27.211 0.0000000000
86328  52.626  -3.013  -27.113 0.0000000000
86329  51.976  -2.580  -27.656 0.0000000000
86330  51.271  -2.205  -28.041 0.0000000000
86331  50.595  -1.772  -28.164 0.0000000000
86332  49.514  -1.796  -27.846 0.0000000000
86333  48.501  -2.291  -28.447 0.0000000000
86338  51.398  -2.754  -28.328 0.0000000000
86339  50.823  -2.447  -28.850 0.0000000000
86340  50.099  -1.846  -29.081 0.0000000000
86341  49.177  -2.020  -29.183 0.0000000000
86342  48.384  -2.243  -29.401 0.0000000000
86350  50.280  -2.507  -29.530 0.0000000000
86351  49.629  -2.346  -29.808 0.0000000000
86352  48.802  -2.236  -30.053 0.0000000000
86353  47.950  -2.203  -29.999 0.0000000000
86364  48.264  -2.481  -30.358 0.0000000000
87189  48.144  -1.118  -22.148 0.0000000000
87202  49.147  -0.686  -23.086 0.0000000000
87203  48.658  -0.861  -22.676 0.0000000000
87217  49.630  -0.630  -23.622 0.0000000000
87218  47.421  -0.589  -23.559 0.0000000000
87229  51.793  -1.287  -25.539 0.0000000000
87230  51.226  -0.800  -24.985 0.0000000000
87231  50.270  -0.544  -24.344 0.0000000000
87232  48.555  -0.407  -24.470 0.0000000000
87233  48.038  -0.493  -24.051 0.0000000000
87242  51.890  -1.455  -26.250 0.0000000000
87243  51.246  -0.760  -25.808 0.0000000000
87244  50.252  -0.298  -25.185 0.0000000000
87245  49.227  -0.417  -24.938 0.0000000000
87255  51.711  -1.835  -27.060 0.0000000000
87256  51.182  -1.248  -26.667 0.0000000000
87257  50.457  -0.812  -26.274 0.0000000000
87258  49.586  -0.827  -25.881 0.0000000000
87266  51.550  -2.059  -27.574 0.0000000000
87267  51.143  -1.710  -27.468 0.0000000000
87268  50.462  -1.404  -27.196 0.0000000000
87269  49.825  -1.268  -26.738 0.0000000000
88129  48.027  -0.522  -21.739 0.0000000000
88130  47.296  -0.659  -21.075 0.0000000000
88131  46.530  -0.235  -21.259 0.0000000000
88141  48.976  -0.198  -22.708 0.0000000000
88142  48.472  -0.360  -22.300 0.0000000000
88143  46.369  -0.221  -22.221 0.0000000000
88157  49.439  -0.034  -23.082 0.0000000000
88158  48.557  0.399  -23.644 0.0000000000
88159  48.048  0.199  -23.624 0.0000000000
88160  47.041  0.053  -23.083 0.0000000000
88172  49.568  0.141  -23.731 0.0000000000
88173  48.989  0.333  -24.176 0.0000000000
88174  48.407  -0.025  -24.099 0.0000000000
88186  49.772  0.029  -24.419 0.0000000000
88187  49.589  -0.025  -24.654 0.0000000000
89108  48.333  -0.080  -22.044 0.0000000000
89109  48.027  0.089  -21.749 0.0000000000
89110  47.410  0.088  -21.693 0.0000000000
89119  49.076  0.139  -22.842 0.0000000000
89120  48.583  0.153  -22.527 0.0000000000
89121  47.904  0.443  -22.301 0.0000000000
89122  47.135  0.281  -22.139 0.0000000000
89131  49.099  0.320  -23.121 0.0000000000
89132  48.490  0.507  -23.152 0.0000000000
89133  47.591  0.429  -22.828 0.0000000000
89134  47.051  0.204  -22.573 0.0000000000
89145  49.021  0.399  -23.549 0.0000000000
89146  48.817  0.436  -23.644 0.0000000000
