#!ascii label  , from subject FREESURFER vox2ras=TkReg 
267
58556  47.714  -29.723  -12.166 0.0000000000
58562  49.389  -30.250  -13.340 0.0000000000
58563  48.721  -29.664  -13.131 0.0000000000
58570  50.734  -29.728  -14.412 0.0000000000
58575  53.017  -29.732  -15.390 0.0000000000
58599  56.503  -30.364  -17.176 0.0000000000
58600  55.618  -30.869  -17.864 0.0000000000
58601  54.353  -31.056  -18.217 0.0000000000
58617  56.790  -29.800  -18.693 0.0000000000
58618  56.587  -30.077  -18.388 0.0000000000
58619  55.429  -30.588  -18.784 0.0000000000
58620  54.017  -30.515  -19.046 0.0000000000
58633  56.725  -29.821  -18.888 0.0000000000
58634  56.298  -30.131  -19.279 0.0000000000
58635  55.243  -30.278  -19.679 0.0000000000
58636  54.222  -30.125  -19.859 0.0000000000
59560  47.452  -29.286  -11.567 0.0000000000
59577  48.168  -29.412  -12.758 0.0000000000
59578  47.732  -28.869  -12.464 0.0000000000
59584  49.960  -29.663  -14.138 0.0000000000
59585  49.183  -29.215  -13.793 0.0000000000
59586  48.535  -28.996  -13.354 0.0000000000
59587  48.085  -28.798  -13.056 0.0000000000
59590  52.138  -29.580  -15.111 0.0000000000
59591  51.238  -29.338  -14.889 0.0000000000
59592  50.392  -29.038  -14.702 0.0000000000
59593  49.706  -28.977  -14.368 0.0000000000
59597  54.800  -29.615  -15.832 0.0000000000
59598  53.656  -29.421  -15.818 0.0000000000
59599  52.595  -29.058  -15.794 0.0000000000
59600  51.690  -28.867  -15.436 0.0000000000
59601  50.961  -28.727  -15.211 0.0000000000
59603  56.361  -29.688  -16.711 0.0000000000
59604  55.427  -29.355  -16.600 0.0000000000
59605  54.246  -29.166  -16.361 0.0000000000
59606  53.306  -28.965  -16.282 0.0000000000
59618  56.512  -29.408  -17.677 0.0000000000
59619  56.088  -29.269  -17.068 0.0000000000
59637  56.826  -29.518  -18.803 0.0000000000
59638  56.779  -29.480  -18.348 0.0000000000
59639  53.197  -29.988  -19.627 0.0000000000
59640  52.103  -29.728  -19.452 0.0000000000
59655  56.670  -29.555  -19.311 0.0000000000
59656  56.173  -29.640  -20.228 0.0000000000
59657  54.902  -29.946  -20.485 0.0000000000
59658  53.719  -29.757  -20.406 0.0000000000
59659  52.568  -29.613  -20.318 0.0000000000
59660  51.459  -29.469  -20.203 0.0000000000
59672  56.029  -29.107  -20.779 0.0000000000
59673  55.446  -29.371  -20.961 0.0000000000
59674  54.341  -29.416  -21.039 0.0000000000
59675  53.150  -29.352  -21.044 0.0000000000
59676  51.957  -29.222  -20.985 0.0000000000
59677  50.798  -29.098  -20.765 0.0000000000
59678  49.665  -29.119  -20.374 0.0000000000
60544  47.495  -28.326  -11.972 0.0000000000
60560  47.640  -28.178  -12.696 0.0000000000
60577  48.771  -28.613  -13.835 0.0000000000
60578  48.289  -28.293  -13.598 0.0000000000
60579  47.859  -28.393  -13.071 0.0000000000
60582  49.848  -28.559  -14.707 0.0000000000
60583  49.210  -28.300  -14.357 0.0000000000
60584  48.674  -28.219  -14.021 0.0000000000
60587  51.975  -28.450  -15.921 0.0000000000
60588  51.227  -28.098  -15.802 0.0000000000
60589  50.282  -28.230  -15.183 0.0000000000
60590  49.690  -28.159  -14.811 0.0000000000
60593  54.574  -28.925  -16.944 0.0000000000
60594  53.624  -28.708  -16.799 0.0000000000
60595  52.521  -28.289  -16.570 0.0000000000
60596  51.795  -28.075  -16.210 0.0000000000
60602  56.136  -28.916  -18.023 0.0000000000
60603  55.467  -28.878  -17.495 0.0000000000
60604  54.015  -28.411  -17.524 0.0000000000
60605  53.171  -28.331  -17.140 0.0000000000
60614  56.905  -29.112  -19.008 0.0000000000
60615  56.650  -28.925  -18.546 0.0000000000
60616  55.535  -28.452  -18.445 0.0000000000
60617  54.841  -28.412  -17.937 0.0000000000
60627  56.837  -29.282  -19.179 0.0000000000
60628  56.573  -28.777  -19.483 0.0000000000
60629  56.113  -28.495  -18.973 0.0000000000
60630  48.728  -27.935  -20.259 0.0000000000
60631  48.218  -28.050  -19.965 0.0000000000
60632  47.163  -28.234  -19.768 0.0000000000
60642  56.267  -28.530  -20.499 0.0000000000
60643  55.814  -28.669  -21.112 0.0000000000
60644  54.973  -28.758  -21.386 0.0000000000
60645  53.877  -28.742  -21.501 0.0000000000
60646  52.722  -28.575  -21.408 0.0000000000
60647  51.486  -28.169  -21.207 0.0000000000
60648  50.130  -28.364  -20.887 0.0000000000
60649  48.936  -28.453  -20.381 0.0000000000
60650  47.742  -28.948  -20.187 0.0000000000
60661  56.093  -27.980  -21.081 0.0000000000
60662  55.518  -27.990  -21.462 0.0000000000
60663  54.651  -27.957  -21.755 0.0000000000
60664  53.578  -27.867  -21.877 0.0000000000
60665  52.526  -27.690  -21.656 0.0000000000
60666  51.926  -27.501  -21.458 0.0000000000
61527  47.537  -27.541  -12.546 0.0000000000
61546  48.204  -27.890  -13.737 0.0000000000
61547  47.876  -27.763  -13.399 0.0000000000
61552  49.051  -27.805  -14.501 0.0000000000
61553  48.519  -27.601  -14.180 0.0000000000
61554  47.998  -27.265  -13.730 0.0000000000
61556  51.075  -27.647  -16.087 0.0000000000
61557  50.527  -27.371  -15.885 0.0000000000
61558  49.422  -27.513  -14.963 0.0000000000
61559  48.811  -27.087  -14.773 0.0000000000
61562  52.220  -27.807  -16.900 0.0000000000
61563  51.471  -27.474  -16.623 0.0000000000
61564  50.697  -26.997  -16.440 0.0000000000
61568  53.622  -28.054  -17.837 0.0000000000
61569  52.688  -27.692  -17.596 0.0000000000
61570  51.695  -27.122  -17.376 0.0000000000
61577  55.107  -28.027  -18.725 0.0000000000
61578  54.259  -27.932  -18.363 0.0000000000
61579  53.192  -27.249  -18.602 0.0000000000
61580  47.325  -26.356  -19.162 0.0000000000
61581  46.766  -26.619  -19.070 0.0000000000
61592  56.350  -28.010  -19.967 0.0000000000
61593  55.428  -27.743  -19.409 0.0000000000
61594  53.954  -27.234  -19.188 0.0000000000
61595  53.268  -26.898  -19.072 0.0000000000
61596  49.251  -26.890  -20.397 0.0000000000
61597  48.787  -27.278  -20.088 0.0000000000
61598  47.707  -27.103  -19.384 0.0000000000
61599  46.528  -27.498  -19.343 0.0000000000
61610  55.968  -27.421  -20.510 0.0000000000
61611  55.503  -27.144  -20.085 0.0000000000
61612  50.613  -27.347  -21.132 0.0000000000
61613  49.558  -27.417  -20.638 0.0000000000
61614  48.989  -27.814  -20.400 0.0000000000
61623  55.860  -27.289  -21.348 0.0000000000
61624  55.371  -27.201  -21.886 0.0000000000
61625  54.492  -27.015  -22.238 0.0000000000
61626  53.337  -26.839  -22.296 0.0000000000
61627  52.250  -26.949  -21.829 0.0000000000
61628  51.494  -27.107  -21.448 0.0000000000
61639  54.171  -26.426  -22.413 0.0000000000
61640  53.846  -26.225  -22.465 0.0000000000
62427  47.698  -26.844  -13.290 0.0000000000
62435  48.455  -26.497  -14.630 0.0000000000
62436  48.100  -26.850  -13.951 0.0000000000
62438  50.273  -26.715  -16.330 0.0000000000
62439  49.601  -26.487  -15.930 0.0000000000
62440  48.979  -26.688  -15.213 0.0000000000
62442  51.224  -26.760  -17.279 0.0000000000
62443  50.544  -26.408  -16.950 0.0000000000
62444  49.977  -26.338  -16.521 0.0000000000
62448  52.446  -26.867  -18.372 0.0000000000
62449  51.553  -26.443  -17.979 0.0000000000
62450  50.972  -26.296  -17.495 0.0000000000
62456  52.777  -26.680  -18.945 0.0000000000
62457  52.170  -26.246  -18.790 0.0000000000
62471  55.213  -27.006  -19.922 0.0000000000
62472  54.534  -26.786  -19.774 0.0000000000
62473  53.271  -26.411  -19.566 0.0000000000
62474  52.586  -26.300  -19.238 0.0000000000
62475  49.052  -26.397  -20.256 0.0000000000
62476  48.549  -26.340  -19.739 0.0000000000
62477  47.867  -25.972  -19.300 0.0000000000
62487  55.725  -26.627  -21.132 0.0000000000
62488  55.155  -26.507  -20.504 0.0000000000
62489  53.970  -26.070  -20.252 0.0000000000
62490  53.305  -25.951  -20.034 0.0000000000
62491  50.166  -26.440  -21.135 0.0000000000
62492  49.534  -26.388  -20.686 0.0000000000
62499  55.628  -26.594  -21.619 0.0000000000
62500  55.263  -26.234  -22.123 0.0000000000
62501  54.696  -26.216  -22.387 0.0000000000
62502  52.585  -26.131  -22.335 0.0000000000
62503  51.774  -26.276  -21.968 0.0000000000
62504  50.999  -26.318  -21.538 0.0000000000
62514  54.878  -25.607  -22.332 0.0000000000
62515  54.306  -25.721  -22.563 0.0000000000
62516  53.487  -25.806  -22.572 0.0000000000
63370  48.247  -25.408  -14.668 0.0000000000
63371  47.923  -26.083  -13.923 0.0000000000
63377  49.271  -25.863  -16.142 0.0000000000
63378  48.812  -25.774  -15.611 0.0000000000
63380  50.184  -25.776  -17.252 0.0000000000
63381  49.627  -25.617  -16.777 0.0000000000
63382  49.153  -25.544  -16.201 0.0000000000
63385  51.164  -25.675  -18.178 0.0000000000
63386  50.651  -25.551  -17.784 0.0000000000
63387  50.054  -25.433  -17.405 0.0000000000
63392  51.478  -25.453  -18.725 0.0000000000
63393  51.031  -25.305  -18.285 0.0000000000
63406  52.961  -25.903  -19.921 0.0000000000
63407  52.396  -25.719  -19.531 0.0000000000
63408  48.874  -25.896  -20.111 0.0000000000
63409  48.571  -25.310  -19.956 0.0000000000
63410  47.695  -25.012  -19.394 0.0000000000
63423  55.607  -26.280  -21.436 0.0000000000
63424  55.360  -25.919  -21.272 0.0000000000
63425  54.515  -25.210  -20.981 0.0000000000
63426  53.174  -25.336  -20.257 0.0000000000
63427  52.377  -25.103  -19.932 0.0000000000
63428  49.857  -25.577  -21.172 0.0000000000
63429  49.270  -25.519  -20.576 0.0000000000
63430  49.042  -24.962  -20.473 0.0000000000
63440  55.435  -26.029  -21.653 0.0000000000
63441  55.062  -25.049  -21.882 0.0000000000
63442  54.668  -24.566  -21.480 0.0000000000
63443  52.099  -25.685  -22.357 0.0000000000
63444  51.411  -25.264  -22.299 0.0000000000
63445  50.529  -25.491  -21.659 0.0000000000
63455  54.647  -24.794  -22.648 0.0000000000
63456  53.992  -24.921  -23.149 0.0000000000
63457  52.680  -24.977  -22.867 0.0000000000
63458  51.851  -24.405  -22.864 0.0000000000
64313  48.133  -24.400  -14.512 0.0000000000
64324  48.475  -24.622  -15.483 0.0000000000
64327  49.202  -24.382  -17.009 0.0000000000
64328  48.949  -24.944  -16.277 0.0000000000
64331  50.422  -24.836  -18.046 0.0000000000
64332  49.910  -24.721  -17.699 0.0000000000
64335  51.282  -24.830  -18.968 0.0000000000
64336  50.812  -24.644  -18.583 0.0000000000
64337  50.292  -24.505  -18.214 0.0000000000
64348  51.735  -24.747  -19.495 0.0000000000
64349  51.211  -24.504  -19.114 0.0000000000
64350  48.222  -24.342  -19.910 0.0000000000
64364  54.339  -24.425  -21.347 0.0000000000
64365  53.517  -24.211  -21.023 0.0000000000
64366  52.454  -24.514  -20.275 0.0000000000
64367  49.701  -25.038  -21.086 0.0000000000
64368  49.466  -24.553  -20.940 0.0000000000
64369  48.832  -24.471  -20.459 0.0000000000
64377  54.640  -23.811  -22.583 0.0000000000
64378  54.356  -23.749  -21.724 0.0000000000
64379  53.560  -23.502  -21.460 0.0000000000
64380  50.702  -24.801  -22.129 0.0000000000
64381  50.108  -24.492  -21.708 0.0000000000
64382  49.726  -24.215  -21.386 0.0000000000
64391  54.409  -23.744  -23.242 0.0000000000
64392  53.534  -23.924  -23.520 0.0000000000
64395  50.450  -23.921  -22.077 0.0000000000
65258  48.312  -23.543  -15.274 0.0000000000
65265  48.950  -23.766  -17.106 0.0000000000
65266  48.675  -23.723  -16.497 0.0000000000
65269  49.227  -23.549  -17.687 0.0000000000
65270  48.844  -23.417  -17.207 0.0000000000
65274  50.622  -23.964  -18.899 0.0000000000
65275  50.099  -23.815  -18.523 0.0000000000
65282  51.796  -24.083  -20.059 0.0000000000
65283  51.064  -23.850  -19.520 0.0000000000
65284  50.505  -23.615  -19.100 0.0000000000
65296  53.128  -23.468  -21.263 0.0000000000
65297  52.354  -23.525  -20.732 0.0000000000
65298  51.637  -23.672  -20.164 0.0000000000
65313  52.247  -22.942  -21.069 0.0000000000
66309  48.394  -22.546  -16.081 0.0000000000
66316  49.046  -22.951  -17.896 0.0000000000
66317  48.783  -22.625  -17.453 0.0000000000
66320  49.432  -22.654  -18.409 0.0000000000
66321  49.198  -21.803  -18.286 0.0000000000
66328  50.963  -23.108  -19.887 0.0000000000
66329  50.344  -22.825  -19.482 0.0000000000
66337  51.934  -23.054  -20.757 0.0000000000
67449  48.582  -21.547  -16.819 0.0000000000
67458  48.908  -21.463  -17.813 0.0000000000
67474  51.050  -22.583  -20.276 0.0000000000
131204  51.502  -23.194  -20.322 0.0000000000
131205  51.756  -22.529  -20.943 0.0000000000
