#!ascii label  , from subject FREESURFER vox2ras=TkReg 
175
41631  20.976  -46.647  3.453 0.0000000000
41632  19.948  -46.893  3.471 0.0000000000
41633  19.127  -47.013  3.406 0.0000000000
41634  18.423  -46.946  3.181 0.0000000000
42577  20.943  -45.763  3.081 0.0000000000
42578  20.171  -46.018  3.226 0.0000000000
42579  19.310  -46.286  3.268 0.0000000000
42580  18.813  -46.530  3.244 0.0000000000
42595  20.398  -45.274  2.714 0.0000000000
42596  19.437  -45.486  2.890 0.0000000000
42597  18.396  -45.961  2.917 0.0000000000
43549  21.184  -44.619  1.852 0.0000000000
43550  20.612  -44.639  2.101 0.0000000000
43551  19.695  -44.702  2.369 0.0000000000
43552  18.701  -44.886  2.492 0.0000000000
43565  20.876  -44.114  1.371 0.0000000000
43566  19.989  -44.111  1.717 0.0000000000
43567  19.042  -44.082  2.002 0.0000000000
43568  18.049  -44.268  2.009 0.0000000000
43577  21.392  -44.073  1.067 0.0000000000
44491  20.754  -43.758  1.023 0.0000000000
44492  20.347  -43.693  1.117 0.0000000000
44493  19.418  -43.516  1.281 0.0000000000
44494  18.444  -43.572  1.529 0.0000000000
44503  21.047  -43.535  0.520 0.0000000000
44504  20.039  -43.252  0.684 0.0000000000
44505  19.349  -43.029  0.715 0.0000000000
44511  21.283  -43.091  -0.197 0.0000000000
45490  18.794  -43.093  1.031 0.0000000000
45491  18.038  -42.910  1.170 0.0000000000
45502  20.379  -42.997  0.257 0.0000000000
45503  19.793  -42.746  0.220 0.0000000000
45504  18.805  -42.514  0.387 0.0000000000
45505  17.763  -42.282  0.615 0.0000000000
45506  16.823  -42.077  0.665 0.0000000000
45507  16.061  -41.790  0.801 0.0000000000
45512  20.634  -42.599  -0.515 0.0000000000
45513  19.568  -42.310  -0.372 0.0000000000
45514  18.881  -42.029  -0.413 0.0000000000
45526  20.949  -42.162  -1.246 0.0000000000
46581  18.316  -41.921  -0.025 0.0000000000
46582  17.636  -41.553  0.081 0.0000000000
46583  16.688  -41.092  0.195 0.0000000000
46584  15.521  -41.206  0.570 0.0000000000
46585  14.580  -40.831  0.778 0.0000000000
46586  13.977  -40.565  0.970 0.0000000000
46592  19.983  -42.100  -0.880 0.0000000000
46593  19.417  -41.814  -0.975 0.0000000000
46594  18.484  -41.315  -0.870 0.0000000000
46595  17.590  -40.902  -0.469 0.0000000000
46596  17.108  -40.583  -0.374 0.0000000000
46606  21.370  -41.897  -1.607 0.0000000000
46607  20.392  -41.551  -1.563 0.0000000000
46608  19.371  -41.274  -1.498 0.0000000000
46609  18.875  -40.979  -1.562 0.0000000000
46623  21.330  -41.222  -2.364 0.0000000000
46624  20.730  -40.995  -2.237 0.0000000000
46639  21.651  -40.955  -2.935 0.0000000000
47658  12.791  -40.751  1.187 0.0000000000
47659  12.142  -40.307  1.276 0.0000000000
47668  16.073  -40.666  0.139 0.0000000000
47669  15.528  -40.168  0.107 0.0000000000
47670  14.441  -40.074  0.605 0.0000000000
47671  13.363  -40.160  0.983 0.0000000000
47672  12.735  -39.747  1.101 0.0000000000
47679  17.993  -40.729  -1.033 0.0000000000
47680  17.470  -40.288  -1.058 0.0000000000
47681  16.556  -40.258  -0.430 0.0000000000
47682  16.089  -39.825  -0.516 0.0000000000
47690  19.842  -41.008  -1.857 0.0000000000
47691  19.347  -40.730  -1.915 0.0000000000
47692  18.442  -40.355  -1.722 0.0000000000
47693  17.795  -39.997  -1.616 0.0000000000
47705  20.882  -40.759  -2.553 0.0000000000
47706  20.235  -40.518  -2.484 0.0000000000
47707  19.317  -40.217  -2.348 0.0000000000
47708  18.848  -39.926  -2.339 0.0000000000
47722  21.773  -40.882  -3.292 0.0000000000
47723  21.120  -40.399  -3.131 0.0000000000
47724  20.550  -40.126  -3.018 0.0000000000
47738  21.713  -40.601  -3.936 0.0000000000
47739  21.256  -40.544  -4.827 0.0000000000
48729  11.554  -39.853  1.311 0.0000000000
48730  10.999  -39.605  1.362 0.0000000000
48738  14.987  -39.298  0.155 0.0000000000
48739  14.118  -39.325  0.539 0.0000000000
48740  13.254  -39.218  0.843 0.0000000000
48741  12.158  -39.330  1.172 0.0000000000
48742  11.290  -39.031  1.297 0.0000000000
48749  16.994  -39.874  -1.008 0.0000000000
48750  16.535  -39.595  -0.952 0.0000000000
48751  15.801  -39.174  -0.671 0.0000000000
48757  17.980  -39.810  -1.896 0.0000000000
48758  17.360  -39.399  -1.692 0.0000000000
48759  16.469  -38.959  -1.325 0.0000000000
48760  16.065  -38.675  -1.165 0.0000000000
48768  19.776  -39.977  -2.748 0.0000000000
48769  19.281  -39.675  -2.730 0.0000000000
48770  18.359  -39.397  -2.506 0.0000000000
48771  17.741  -39.014  -2.371 0.0000000000
48784  20.969  -39.871  -3.652 0.0000000000
48785  20.203  -39.533  -3.417 0.0000000000
48786  19.061  -39.097  -3.114 0.0000000000
48787  18.615  -39.056  -2.975 0.0000000000
48798  21.260  -40.113  -3.770 0.0000000000
48799  20.996  -39.757  -4.323 0.0000000000
48819  20.839  -39.887  -5.152 0.0000000000
49809  14.595  -38.795  0.248 0.0000000000
49810  14.066  -38.379  0.378 0.0000000000
49811  13.090  -38.501  0.793 0.0000000000
49821  15.060  -38.319  -0.342 0.0000000000
49822  14.555  -37.858  -0.067 0.0000000000
49829  16.852  -38.618  -1.802 0.0000000000
49830  16.289  -38.166  -1.566 0.0000000000
49831  15.758  -38.359  -1.040 0.0000000000
49840  17.936  -38.798  -2.746 0.0000000000
49841  17.386  -38.367  -2.427 0.0000000000
49842  16.796  -38.146  -1.976 0.0000000000
49854  19.926  -38.772  -4.142 0.0000000000
49855  19.318  -38.465  -3.919 0.0000000000
49856  18.471  -38.620  -3.229 0.0000000000
49857  17.909  -38.412  -2.962 0.0000000000
49864  20.291  -38.956  -4.547 0.0000000000
49865  19.720  -38.303  -4.656 0.0000000000
49882  20.489  -39.324  -5.086 0.0000000000
50833  13.612  -37.990  0.465 0.0000000000
50834  13.247  -37.802  0.734 0.0000000000
50843  14.898  -37.491  -0.466 0.0000000000
50844  14.176  -37.459  0.097 0.0000000000
50845  13.903  -37.233  0.526 0.0000000000
50852  16.165  -37.684  -1.713 0.0000000000
50853  15.668  -37.446  -1.363 0.0000000000
50863  17.314  -37.646  -2.776 0.0000000000
50864  16.624  -37.458  -2.194 0.0000000000
50865  16.041  -36.699  -2.131 0.0000000000
50875  19.093  -37.987  -4.158 0.0000000000
50876  18.792  -37.819  -4.002 0.0000000000
50877  17.974  -37.747  -3.306 0.0000000000
50885  19.198  -37.710  -4.504 0.0000000000
50886  18.969  -37.553  -4.350 0.0000000000
50899  19.454  -37.661  -5.187 0.0000000000
51798  15.133  -36.616  -0.663 0.0000000000
51799  14.309  -36.754  0.069 0.0000000000
51810  15.646  -36.308  -1.757 0.0000000000
51820  17.319  -37.013  -3.176 0.0000000000
51821  16.552  -36.209  -2.962 0.0000000000
51822  16.010  -36.158  -2.290 0.0000000000
51827  18.468  -37.364  -3.943 0.0000000000
51828  18.132  -36.795  -4.009 0.0000000000
51829  17.368  -36.305  -3.855 0.0000000000
51835  19.146  -37.368  -4.654 0.0000000000
51836  18.879  -37.213  -4.528 0.0000000000
51848  19.260  -37.299  -4.858 0.0000000000
52699  16.793  -35.619  0.251 0.0000000000
52700  15.868  -35.790  -0.038 0.0000000000
52701  15.150  -36.017  0.046 0.0000000000
52722  18.756  -35.135  -0.248 0.0000000000
52723  17.529  -35.083  -0.340 0.0000000000
52724  16.414  -35.181  -0.684 0.0000000000
52725  15.532  -35.787  -0.638 0.0000000000
52726  14.862  -36.296  -0.142 0.0000000000
52743  15.950  -35.136  -1.279 0.0000000000
52744  15.693  -35.577  -1.508 0.0000000000
52752  16.357  -35.213  -3.277 0.0000000000
52753  15.947  -35.540  -2.350 0.0000000000
53787  18.337  -34.571  -0.820 0.0000000000
53788  17.229  -34.597  -0.924 0.0000000000
53806  17.788  -34.116  -1.318 0.0000000000
53807  16.461  -34.341  -1.553 0.0000000000
53808  15.822  -34.848  -1.808 0.0000000000
53817  16.026  -34.528  -2.643 0.0000000000
53818  15.737  -35.065  -2.084 0.0000000000
54910  17.322  -33.765  -1.724 0.0000000000
54930  16.455  -33.624  -2.420 0.0000000000
54936  16.332  -33.777  -3.603 0.0000000000
