#!ascii label  , from subject FREESURFER vox2ras=TkReg 
279
21728  49.749  -66.399  9.712 0.0000000000
21729  49.478  -66.837  9.846 0.0000000000
21730  48.795  -67.113  10.065 0.0000000000
21731  48.111  -66.583  10.323 0.0000000000
21741  49.690  -66.287  9.389 0.0000000000
21742  49.473  -66.437  9.163 0.0000000000
21743  48.897  -66.719  9.246 0.0000000000
21744  48.523  -66.723  9.747 0.0000000000
21757  49.271  -66.307  8.844 0.0000000000
21758  49.163  -66.482  8.938 0.0000000000
22656  46.752  -65.632  11.189 0.0000000000
22665  49.993  -66.062  9.976 0.0000000000
22666  49.826  -65.399  10.099 0.0000000000
22667  47.376  -65.824  10.293 0.0000000000
22668  46.974  -65.735  10.802 0.0000000000
22677  49.778  -66.218  9.539 0.0000000000
22678  49.754  -65.867  9.259 0.0000000000
22679  48.639  -66.371  9.016 0.0000000000
22680  48.177  -66.234  9.416 0.0000000000
22693  49.434  -65.939  8.662 0.0000000000
22694  48.912  -66.203  8.632 0.0000000000
22695  48.484  -66.114  8.884 0.0000000000
23644  46.195  -65.237  11.384 0.0000000000
23645  45.629  -64.789  11.623 0.0000000000
23656  47.063  -65.297  10.133 0.0000000000
23657  46.454  -65.020  10.627 0.0000000000
23658  45.811  -64.871  11.144 0.0000000000
23670  49.606  -64.819  9.370 0.0000000000
23671  47.483  -65.398  9.598 0.0000000000
23672  46.983  -64.862  9.929 0.0000000000
23687  49.717  -65.056  8.400 0.0000000000
23688  49.157  -65.260  8.143 0.0000000000
23689  48.264  -65.319  8.760 0.0000000000
23704  49.578  -64.675  7.715 0.0000000000
23705  49.250  -64.500  7.643 0.0000000000
24647  44.954  -64.324  11.877 0.0000000000
24648  44.491  -63.643  11.673 0.0000000000
24657  49.239  -63.936  9.749 0.0000000000
24658  49.049  -63.464  10.723 0.0000000000
24659  46.055  -64.119  10.491 0.0000000000
24660  45.322  -64.087  10.986 0.0000000000
24661  44.678  -63.155  11.190 0.0000000000
24672  50.098  -63.394  8.288 0.0000000000
24673  49.750  -63.748  8.703 0.0000000000
24674  47.407  -64.491  9.322 0.0000000000
24675  46.640  -63.953  9.950 0.0000000000
24689  51.065  -63.394  7.450 0.0000000000
24690  50.544  -63.481  7.746 0.0000000000
24691  50.022  -64.274  7.653 0.0000000000
24692  48.639  -64.447  8.019 0.0000000000
24693  47.891  -63.978  8.572 0.0000000000
24716  51.467  -63.575  7.107 0.0000000000
24717  50.685  -64.017  6.825 0.0000000000
24718  49.647  -63.987  6.962 0.0000000000
24719  48.964  -63.902  7.562 0.0000000000
24734  51.465  -63.556  6.231 0.0000000000
24735  50.785  -63.526  6.142 0.0000000000
24736  50.289  -63.765  6.480 0.0000000000
24756  51.492  -63.325  5.893 0.0000000000
24757  51.230  -63.474  5.940 0.0000000000
25672  43.816  -63.433  12.022 0.0000000000
25673  43.340  -62.760  12.257 0.0000000000
25674  42.954  -61.920  12.223 0.0000000000
25687  47.997  -61.932  12.052 0.0000000000
25688  43.993  -62.731  11.507 0.0000000000
25689  43.405  -62.135  11.750 0.0000000000
25690  43.157  -61.658  11.843 0.0000000000
25698  48.883  -62.763  9.767 0.0000000000
25699  48.543  -62.466  10.686 0.0000000000
25700  45.895  -63.299  10.316 0.0000000000
25701  45.157  -62.568  10.646 0.0000000000
25702  44.532  -62.554  11.078 0.0000000000
25717  49.900  -62.694  8.474 0.0000000000
25718  49.354  -62.754  9.074 0.0000000000
25719  47.172  -63.366  9.140 0.0000000000
25720  46.376  -62.555  9.516 0.0000000000
25721  45.756  -62.500  10.095 0.0000000000
25737  51.130  -62.787  7.539 0.0000000000
25738  50.542  -62.768  8.006 0.0000000000
25739  48.321  -63.431  7.939 0.0000000000
25740  47.555  -62.764  8.422 0.0000000000
25741  46.988  -62.590  8.930 0.0000000000
25764  53.170  -62.380  6.321 0.0000000000
25765  52.706  -62.552  6.687 0.0000000000
25766  51.982  -62.811  7.091 0.0000000000
25767  49.381  -62.805  6.878 0.0000000000
25768  48.791  -62.932  7.375 0.0000000000
25769  48.102  -62.561  7.839 0.0000000000
25795  53.280  -62.541  6.049 0.0000000000
25796  53.013  -62.838  6.279 0.0000000000
25797  52.308  -63.120  6.408 0.0000000000
25798  50.617  -62.960  6.043 0.0000000000
25799  50.033  -62.990  6.375 0.0000000000
25820  53.298  -62.323  5.789 0.0000000000
25821  52.992  -62.843  5.802 0.0000000000
25822  52.085  -62.899  5.709 0.0000000000
25823  51.191  -62.879  5.808 0.0000000000
25839  53.175  -62.251  5.521 0.0000000000
25840  52.799  -62.340  5.376 0.0000000000
25841  52.364  -62.152  5.342 0.0000000000
26815  47.168  -61.011  12.432 0.0000000000
26830  48.218  -61.986  11.028 0.0000000000
26831  47.685  -61.379  11.505 0.0000000000
26832  46.996  -60.645  11.808 0.0000000000
26833  43.773  -62.019  11.381 0.0000000000
26834  43.499  -61.378  11.453 0.0000000000
26835  42.871  -61.026  12.005 0.0000000000
26848  48.634  -62.051  9.781 0.0000000000
26849  48.276  -61.619  10.294 0.0000000000
26850  47.629  -60.752  10.698 0.0000000000
26851  45.038  -61.677  10.450 0.0000000000
26852  44.321  -61.667  10.898 0.0000000000
26853  43.768  -60.753  10.950 0.0000000000
26865  49.599  -61.539  8.569 0.0000000000
26866  48.892  -61.744  9.290 0.0000000000
26867  48.345  -61.084  9.752 0.0000000000
26868  46.153  -61.459  9.191 0.0000000000
26869  45.553  -61.609  9.841 0.0000000000
26883  51.727  -61.243  7.408 0.0000000000
26884  51.284  -61.593  7.574 0.0000000000
26885  50.402  -61.853  8.097 0.0000000000
26886  47.640  -61.754  8.003 0.0000000000
26887  46.865  -61.741  8.696 0.0000000000
26899  52.936  -61.608  6.528 0.0000000000
26900  52.095  -61.767  7.114 0.0000000000
26901  51.648  -62.296  7.343 0.0000000000
26902  49.440  -62.216  6.665 0.0000000000
26903  48.860  -61.772  7.028 0.0000000000
26904  48.268  -61.983  7.540 0.0000000000
26922  53.504  -61.876  6.049 0.0000000000
26923  50.521  -62.061  6.039 0.0000000000
26924  49.727  -61.814  6.418 0.0000000000
26925  49.262  -61.656  6.660 0.0000000000
26945  53.358  -61.743  5.525 0.0000000000
26946  51.738  -61.892  5.442 0.0000000000
26947  51.094  -62.023  5.742 0.0000000000
26964  53.137  -61.713  5.137 0.0000000000
26965  52.671  -61.664  5.061 0.0000000000
26966  52.282  -61.684  5.178 0.0000000000
27943  46.574  -60.505  12.287 0.0000000000
27944  46.045  -60.162  12.572 0.0000000000
27957  47.095  -60.160  11.111 0.0000000000
27958  46.529  -60.091  11.713 0.0000000000
27959  46.237  -60.151  12.097 0.0000000000
27960  43.179  -60.234  11.318 0.0000000000
27961  42.709  -60.219  11.895 0.0000000000
27975  47.892  -60.306  10.031 0.0000000000
27976  47.443  -60.167  10.585 0.0000000000
27977  44.908  -60.941  10.199 0.0000000000
27978  44.199  -60.268  10.360 0.0000000000
27979  43.633  -60.159  10.783 0.0000000000
27994  49.834  -60.954  8.306 0.0000000000
27995  49.135  -60.426  8.721 0.0000000000
27996  48.498  -60.615  9.425 0.0000000000
27997  45.773  -60.858  9.250 0.0000000000
27998  45.286  -60.333  9.523 0.0000000000
27999  44.777  -60.249  9.899 0.0000000000
28018  51.968  -61.046  7.329 0.0000000000
28019  51.470  -60.508  7.445 0.0000000000
28020  50.431  -60.581  7.900 0.0000000000
28021  49.737  -60.358  8.254 0.0000000000
28022  47.169  -60.567  8.165 0.0000000000
28023  46.236  -60.572  8.759 0.0000000000
28024  45.699  -60.324  9.098 0.0000000000
28040  52.951  -60.710  6.475 0.0000000000
28041  52.325  -60.595  6.938 0.0000000000
28042  51.800  -59.882  7.262 0.0000000000
28043  48.607  -60.857  7.067 0.0000000000
28044  48.096  -60.917  7.574 0.0000000000
28059  53.372  -60.849  6.193 0.0000000000
28060  50.483  -61.418  5.924 0.0000000000
28061  50.086  -61.051  6.084 0.0000000000
28062  49.122  -60.836  6.562 0.0000000000
28079  53.529  -60.951  5.653 0.0000000000
28080  51.606  -61.107  5.304 0.0000000000
28081  50.913  -61.113  5.660 0.0000000000
28082  50.278  -60.236  5.691 0.0000000000
28096  53.415  -60.904  5.070 0.0000000000
28097  52.973  -60.883  4.650 0.0000000000
28098  52.173  -60.922  4.928 0.0000000000
29033  45.370  -59.322  12.648 0.0000000000
29046  46.883  -59.507  10.884 0.0000000000
29047  46.483  -59.225  11.203 0.0000000000
29048  45.999  -59.624  11.932 0.0000000000
29049  42.950  -59.564  11.139 0.0000000000
29060  47.664  -59.194  9.796 0.0000000000
29061  47.210  -59.420  10.471 0.0000000000
29062  46.794  -59.169  10.767 0.0000000000
29063  44.076  -59.529  10.110 0.0000000000
29064  43.407  -59.337  10.609 0.0000000000
29074  48.931  -59.176  8.707 0.0000000000
29075  48.340  -59.502  9.299 0.0000000000
29076  45.179  -59.775  9.349 0.0000000000
29077  44.680  -59.486  9.572 0.0000000000
29078  43.978  -59.033  9.963 0.0000000000
29090  51.386  -59.718  7.409 0.0000000000
29091  50.773  -59.319  7.592 0.0000000000
29092  49.695  -59.461  8.174 0.0000000000
29093  47.103  -59.900  8.034 0.0000000000
29094  46.630  -59.499  8.196 0.0000000000
29095  45.498  -59.556  8.940 0.0000000000
29096  44.949  -59.091  9.060 0.0000000000
29110  53.052  -59.595  6.489 0.0000000000
29111  52.225  -59.402  7.033 0.0000000000
29112  51.518  -59.155  7.348 0.0000000000
29113  51.125  -58.745  7.488 0.0000000000
29114  48.334  -59.956  7.049 0.0000000000
29115  47.458  -59.685  7.665 0.0000000000
29116  47.019  -59.020  7.719 0.0000000000
29133  53.639  -59.982  5.926 0.0000000000
29134  49.613  -59.953  6.076 0.0000000000
29135  48.925  -59.618  6.500 0.0000000000
29159  51.469  -60.512  5.134 0.0000000000
30074  45.199  -58.226  12.281 0.0000000000
30086  46.308  -58.179  11.115 0.0000000000
30087  45.761  -58.488  11.693 0.0000000000
30097  47.974  -58.330  9.510 0.0000000000
30098  47.338  -58.332  10.064 0.0000000000
30099  46.781  -58.448  10.656 0.0000000000
30107  49.256  -58.062  8.585 0.0000000000
30108  48.551  -58.461  9.032 0.0000000000
30114  51.670  -57.874  7.551 0.0000000000
30115  50.891  -58.080  7.689 0.0000000000
30116  50.055  -58.342  7.933 0.0000000000
30117  45.822  -58.364  8.355 0.0000000000
30118  45.053  -58.565  8.786 0.0000000000
30119  44.654  -58.704  9.155 0.0000000000
30129  52.625  -58.581  7.025 0.0000000000
30130  51.959  -58.565  7.284 0.0000000000
30131  51.419  -58.469  7.452 0.0000000000
30132  47.900  -59.184  7.230 0.0000000000
30133  47.464  -58.474  7.380 0.0000000000
30134  46.664  -58.393  7.844 0.0000000000
30145  48.332  -58.634  6.769 0.0000000000
30146  47.875  -57.997  7.020 0.0000000000
31071  46.142  -57.362  11.432 0.0000000000
31072  45.542  -57.380  11.971 0.0000000000
31079  47.895  -57.346  10.087 0.0000000000
31080  47.243  -57.435  10.571 0.0000000000
31081  46.737  -57.431  11.021 0.0000000000
31089  49.444  -57.030  9.192 0.0000000000
31090  48.637  -57.379  9.427 0.0000000000
31099  52.246  -57.350  7.882 0.0000000000
31100  51.374  -57.162  8.151 0.0000000000
31101  50.285  -57.136  8.600 0.0000000000
31111  52.286  -57.985  7.387 0.0000000000
31112  46.934  -57.465  7.622 0.0000000000
31113  46.215  -57.494  7.975 0.0000000000
31119  47.589  -57.409  7.203 0.0000000000
31994  45.380  -56.465  12.371 0.0000000000
32008  47.479  -56.303  11.325 0.0000000000
32009  46.830  -56.488  11.463 0.0000000000
32010  46.046  -56.452  11.878 0.0000000000
32021  49.433  -56.125  10.239 0.0000000000
32022  48.669  -56.419  10.361 0.0000000000
32023  47.834  -56.569  10.902 0.0000000000
32024  47.239  -56.831  11.075 0.0000000000
32035  50.861  -56.000  9.644 0.0000000000
32036  50.010  -56.313  9.721 0.0000000000
32037  49.204  -56.575  9.763 0.0000000000
32050  51.139  -56.459  8.921 0.0000000000
32051  50.562  -56.421  9.233 0.0000000000
32972  47.948  -55.172  11.403 0.0000000000
32973  47.479  -55.548  11.516 0.0000000000
32974  46.563  -55.553  11.858 0.0000000000
32975  45.796  -55.547  12.230 0.0000000000
32986  49.835  -54.878  10.560 0.0000000000
32987  49.324  -55.408  10.650 0.0000000000
32988  48.285  -55.601  11.178 0.0000000000
32989  47.841  -56.040  11.361 0.0000000000
33003  50.336  -55.362  10.277 0.0000000000
33004  49.802  -55.816  10.299 0.0000000000
33946  48.161  -54.964  11.301 0.0000000000
33947  47.716  -54.575  11.240 0.0000000000
33948  46.841  -54.621  11.536 0.0000000000
33949  46.060  -54.668  11.896 0.0000000000
33958  49.408  -54.409  10.610 0.0000000000
33959  48.520  -54.528  10.954 0.0000000000
33960  48.007  -54.148  10.949 0.0000000000
