#!ascii label  , from subject FREESURFER vox2ras=TkReg 
439
28724  41.762  -60.041  33.960 0.0000000000
28732  41.609  -59.883  33.172 0.0000000000
28739  41.447  -59.688  32.321 0.0000000000
28749  41.247  -59.527  31.379 0.0000000000
28761  40.961  -59.303  30.688 0.0000000000
28779  40.985  -59.278  30.200 0.0000000000
29712  38.687  -58.727  39.663 0.0000000000
29713  37.902  -58.188  38.901 0.0000000000
29733  39.138  -58.380  38.681 0.0000000000
29734  38.161  -58.175  38.397 0.0000000000
29735  37.751  -57.985  38.469 0.0000000000
29758  38.650  -58.027  38.106 0.0000000000
29759  38.313  -57.916  37.873 0.0000000000
29804  41.869  -59.409  34.574 0.0000000000
29805  41.699  -59.228  33.886 0.0000000000
29811  41.495  -59.024  33.066 0.0000000000
29820  41.248  -58.933  32.102 0.0000000000
29827  40.860  -58.752  31.197 0.0000000000
29828  40.839  -58.223  31.022 0.0000000000
29837  40.780  -58.919  30.356 0.0000000000
29838  40.724  -58.339  30.596 0.0000000000
29849  40.911  -58.929  29.688 0.0000000000
29850  40.612  -58.389  29.889 0.0000000000
29869  40.582  -58.315  29.076 0.0000000000
29888  40.581  -58.210  28.205 0.0000000000
29900  40.625  -58.091  27.502 0.0000000000
30670  38.362  -57.803  40.443 0.0000000000
30671  37.997  -57.392  40.041 0.0000000000
30687  37.861  -57.857  39.583 0.0000000000
30706  39.662  -57.806  38.223 0.0000000000
30707  39.042  -57.986  38.101 0.0000000000
30708  37.605  -57.843  38.114 0.0000000000
30709  37.473  -57.647  38.535 0.0000000000
30730  40.213  -57.302  37.652 0.0000000000
30731  38.918  -57.493  37.427 0.0000000000
30732  37.799  -57.701  37.513 0.0000000000
30733  37.073  -57.411  37.599 0.0000000000
30734  36.823  -57.060  37.295 0.0000000000
30749  41.354  -57.436  36.701 0.0000000000
30750  40.774  -57.189  37.180 0.0000000000
30751  38.655  -57.044  36.631 0.0000000000
30752  37.906  -57.247  36.457 0.0000000000
30753  37.133  -57.301  36.683 0.0000000000
30754  36.837  -57.068  36.989 0.0000000000
30770  41.906  -58.670  35.214 0.0000000000
30771  41.577  -57.523  35.584 0.0000000000
30772  37.460  -57.028  35.909 0.0000000000
30773  37.238  -57.178  36.115 0.0000000000
30787  41.807  -58.842  34.452 0.0000000000
30788  41.749  -58.108  34.124 0.0000000000
30800  41.488  -58.112  32.817 0.0000000000
30811  41.191  -58.143  31.953 0.0000000000
30820  41.035  -57.924  31.418 0.0000000000
30821  40.859  -57.689  30.941 0.0000000000
30829  40.623  -57.680  30.246 0.0000000000
30837  40.418  -57.694  29.432 0.0000000000
30845  40.123  -57.689  28.493 0.0000000000
30846  39.832  -57.375  27.784 0.0000000000
30863  40.055  -57.934  27.628 0.0000000000
30864  39.716  -57.442  27.087 0.0000000000
30878  40.435  -57.776  26.744 0.0000000000
30879  39.725  -57.433  26.382 0.0000000000
30893  40.075  -57.498  25.733 0.0000000000
30894  39.446  -57.175  25.817 0.0000000000
30907  39.338  -57.301  24.928 0.0000000000
30908  38.693  -57.097  24.632 0.0000000000
31647  38.174  -56.829  40.338 0.0000000000
31648  37.823  -56.827  39.789 0.0000000000
31660  37.453  -56.863  39.059 0.0000000000
31673  36.994  -56.759  38.181 0.0000000000
31674  36.772  -56.374  37.637 0.0000000000
31692  40.385  -57.008  37.172 0.0000000000
31693  39.885  -56.886  37.162 0.0000000000
31694  36.797  -56.922  37.537 0.0000000000
31695  36.703  -56.577  37.087 0.0000000000
31713  41.172  -57.117  36.161 0.0000000000
31714  40.570  -56.852  36.564 0.0000000000
31715  39.407  -56.716  36.453 0.0000000000
31716  38.557  -56.775  36.091 0.0000000000
31717  36.970  -57.107  36.099 0.0000000000
31718  36.710  -56.665  36.189 0.0000000000
31732  41.015  -56.851  35.743 0.0000000000
31733  40.276  -56.373  35.616 0.0000000000
31734  39.084  -56.169  35.345 0.0000000000
31735  37.892  -56.645  35.523 0.0000000000
31736  37.075  -56.793  35.542 0.0000000000
31737  36.698  -56.168  35.190 0.0000000000
31753  41.210  -56.703  34.712 0.0000000000
31754  40.029  -55.930  34.525 0.0000000000
31755  39.368  -55.875  34.778 0.0000000000
31756  37.388  -56.401  34.919 0.0000000000
31757  36.897  -56.168  34.652 0.0000000000
31758  36.659  -55.972  34.694 0.0000000000
31773  41.457  -57.098  33.425 0.0000000000
31774  40.915  -56.285  33.770 0.0000000000
31775  36.823  -55.953  34.260 0.0000000000
31776  36.702  -55.954  34.474 0.0000000000
31785  41.321  -57.368  32.414 0.0000000000
31786  41.072  -56.457  32.804 0.0000000000
31794  41.189  -57.600  31.859 0.0000000000
31795  41.093  -56.925  31.690 0.0000000000
31805  40.782  -56.852  30.757 0.0000000000
31817  40.569  -56.850  29.906 0.0000000000
31825  40.286  -56.882  29.049 0.0000000000
31826  39.963  -56.785  28.250 0.0000000000
31836  39.696  -56.693  27.433 0.0000000000
31845  39.432  -56.764  26.478 0.0000000000
31857  38.953  -56.583  25.463 0.0000000000
31858  38.630  -56.083  25.156 0.0000000000
31870  38.685  -56.978  24.979 0.0000000000
31871  38.336  -56.421  24.544 0.0000000000
31872  37.810  -56.202  23.802 0.0000000000
32604  38.785  -55.767  41.220 0.0000000000
32618  38.405  -56.060  40.678 0.0000000000
32619  38.039  -55.902  40.192 0.0000000000
32633  37.634  -55.847  39.527 0.0000000000
32645  37.249  -55.793  38.763 0.0000000000
32646  36.862  -55.674  38.053 0.0000000000
32658  36.667  -55.606  37.352 0.0000000000
32669  36.548  -55.673  36.535 0.0000000000
32677  38.287  -56.164  34.934 0.0000000000
32678  37.810  -56.356  34.936 0.0000000000
32679  36.520  -55.634  35.587 0.0000000000
32688  39.692  -55.607  33.922 0.0000000000
32689  38.970  -55.620  34.410 0.0000000000
32690  37.801  -55.965  34.427 0.0000000000
32691  37.226  -56.137  34.455 0.0000000000
32692  36.506  -55.433  34.565 0.0000000000
32693  36.245  -55.008  34.037 0.0000000000
32707  40.311  -55.727  33.329 0.0000000000
32708  39.389  -55.308  33.360 0.0000000000
32709  38.229  -55.384  33.320 0.0000000000
32710  37.067  -55.812  33.804 0.0000000000
32711  36.540  -55.552  33.920 0.0000000000
32712  36.158  -55.133  33.742 0.0000000000
32728  40.657  -55.829  32.207 0.0000000000
32729  39.899  -55.335  32.587 0.0000000000
32730  37.938  -55.159  32.594 0.0000000000
32731  37.256  -55.355  32.615 0.0000000000
32732  36.395  -55.479  32.801 0.0000000000
32733  35.861  -55.199  32.972 0.0000000000
32745  40.695  -56.088  31.327 0.0000000000
32746  40.008  -55.230  31.463 0.0000000000
32747  37.204  -55.126  31.923 0.0000000000
32748  36.552  -55.239  31.761 0.0000000000
32749  35.571  -55.087  31.743 0.0000000000
32750  35.100  -54.876  30.885 0.0000000000
32754  40.485  -55.954  30.527 0.0000000000
32755  39.867  -55.163  30.159 0.0000000000
32756  35.940  -55.222  31.082 0.0000000000
32757  35.392  -55.015  30.773 0.0000000000
32758  35.000  -54.948  30.514 0.0000000000
32767  40.358  -55.972  29.560 0.0000000000
32768  39.882  -55.254  29.074 0.0000000000
32780  40.187  -56.096  28.759 0.0000000000
32781  39.874  -55.685  28.016 0.0000000000
32795  39.522  -55.808  26.970 0.0000000000
32805  39.202  -55.904  26.132 0.0000000000
32812  38.886  -55.715  25.539 0.0000000000
32813  38.495  -55.511  24.987 0.0000000000
32822  38.131  -55.413  24.387 0.0000000000
32823  37.930  -55.769  24.065 0.0000000000
32835  37.909  -55.240  23.938 0.0000000000
32836  37.547  -55.577  23.634 0.0000000000
33591  38.962  -54.719  41.515 0.0000000000
33603  38.436  -54.962  40.764 0.0000000000
33604  37.808  -54.828  40.076 0.0000000000
33616  37.440  -54.758  39.301 0.0000000000
33628  37.041  -54.690  38.552 0.0000000000
33629  36.664  -54.606  37.827 0.0000000000
33640  36.432  -54.457  36.983 0.0000000000
33648  36.388  -54.693  36.052 0.0000000000
33657  36.386  -54.666  35.080 0.0000000000
33658  36.144  -54.321  34.467 0.0000000000
33668  36.315  -54.870  34.374 0.0000000000
33669  36.018  -54.607  33.890 0.0000000000
33678  39.430  -55.151  32.792 0.0000000000
33679  39.010  -54.991  32.885 0.0000000000
33680  35.710  -54.691  33.193 0.0000000000
33690  39.371  -55.013  32.310 0.0000000000
33691  38.552  -54.931  32.351 0.0000000000
33692  37.767  -54.968  32.050 0.0000000000
33693  35.427  -54.666  32.347 0.0000000000
33694  35.228  -54.418  31.790 0.0000000000
33710  39.137  -54.801  31.691 0.0000000000
33711  38.378  -54.655  31.429 0.0000000000
33712  37.345  -54.766  31.261 0.0000000000
33713  36.520  -54.987  30.927 0.0000000000
33714  35.285  -54.696  31.786 0.0000000000
33715  35.063  -54.504  31.250 0.0000000000
33728  39.165  -54.630  30.775 0.0000000000
33729  38.165  -54.215  30.306 0.0000000000
33730  36.972  -54.453  30.231 0.0000000000
33731  35.925  -54.881  30.323 0.0000000000
33732  35.121  -54.959  30.094 0.0000000000
33733  34.654  -54.478  30.295 0.0000000000
33734  34.232  -53.954  29.794 0.0000000000
33741  39.100  -54.252  29.463 0.0000000000
33742  38.477  -54.062  29.715 0.0000000000
33743  36.281  -54.449  29.755 0.0000000000
33744  35.509  -54.541  29.387 0.0000000000
33745  34.733  -54.566  29.530 0.0000000000
33746  34.358  -54.171  29.560 0.0000000000
33747  34.080  -53.796  29.395 0.0000000000
33754  39.545  -54.691  28.438 0.0000000000
33755  35.303  -54.292  28.740 0.0000000000
33756  34.820  -54.395  28.835 0.0000000000
33757  34.310  -54.116  29.066 0.0000000000
33758  34.112  -53.914  29.209 0.0000000000
33769  39.363  -54.673  27.418 0.0000000000
33770  39.045  -54.134  27.189 0.0000000000
33785  39.263  -55.108  26.429 0.0000000000
33786  38.985  -54.317  26.642 0.0000000000
33800  39.086  -55.369  25.922 0.0000000000
33801  38.787  -54.787  25.654 0.0000000000
33811  38.206  -54.638  24.631 0.0000000000
33812  37.860  -54.123  24.354 0.0000000000
33824  38.038  -54.937  24.125 0.0000000000
33825  37.554  -54.560  23.808 0.0000000000
33826  36.486  -54.381  23.345 0.0000000000
34539  39.172  -53.769  41.987 0.0000000000
34540  38.740  -53.723  41.285 0.0000000000
34551  38.176  -53.756  40.530 0.0000000000
34552  37.623  -53.721  39.831 0.0000000000
34566  37.257  -53.666  39.040 0.0000000000
34580  36.770  -53.616  38.330 0.0000000000
34581  36.390  -53.534  37.598 0.0000000000
34593  36.160  -53.418  37.029 0.0000000000
34606  36.129  -53.587  36.403 0.0000000000
34607  35.856  -53.209  35.757 0.0000000000
34616  36.188  -53.939  35.658 0.0000000000
34617  35.901  -53.600  34.928 0.0000000000
34626  35.822  -53.860  34.160 0.0000000000
34638  35.665  -53.921  33.475 0.0000000000
34651  35.457  -54.102  32.766 0.0000000000
34652  35.278  -54.000  32.153 0.0000000000
34663  34.991  -53.854  31.527 0.0000000000
34677  37.485  -54.135  29.842 0.0000000000
34678  37.153  -54.237  29.834 0.0000000000
34679  34.609  -53.819  30.818 0.0000000000
34680  34.263  -53.631  30.137 0.0000000000
34693  38.635  -53.876  28.818 0.0000000000
34694  38.076  -53.831  29.329 0.0000000000
34695  36.928  -54.081  29.432 0.0000000000
34696  36.157  -54.242  29.309 0.0000000000
34697  33.931  -53.422  29.555 0.0000000000
34710  39.019  -54.000  28.174 0.0000000000
34711  38.232  -53.582  28.255 0.0000000000
34712  37.219  -53.586  28.441 0.0000000000
34713  35.963  -53.884  28.596 0.0000000000
34714  35.018  -54.045  28.187 0.0000000000
34715  34.338  -53.796  28.377 0.0000000000
34716  33.658  -53.423  28.811 0.0000000000
34725  39.041  -54.076  27.502 0.0000000000
34726  38.544  -53.731  27.194 0.0000000000
34727  37.531  -53.297  27.391 0.0000000000
34728  36.463  -53.299  27.484 0.0000000000
34729  35.379  -53.505  27.424 0.0000000000
34730  34.446  -53.525  27.460 0.0000000000
34731  33.661  -53.255  27.714 0.0000000000
34739  38.430  -53.859  26.051 0.0000000000
34740  37.675  -53.217  26.275 0.0000000000
34741  36.876  -52.927  26.572 0.0000000000
34742  35.807  -52.980  26.361 0.0000000000
34743  34.684  -53.235  26.429 0.0000000000
34744  33.681  -53.108  26.605 0.0000000000
34758  38.331  -54.078  25.261 0.0000000000
34759  37.843  -53.479  25.351 0.0000000000
34760  35.858  -52.826  25.372 0.0000000000
34761  35.030  -53.052  25.350 0.0000000000
34762  33.890  -53.238  25.446 0.0000000000
34780  38.006  -53.914  24.763 0.0000000000
34781  37.413  -53.574  24.450 0.0000000000
34782  36.559  -53.254  24.215 0.0000000000
34783  35.708  -53.088  24.452 0.0000000000
34802  36.875  -53.779  23.776 0.0000000000
34803  36.085  -53.598  23.658 0.0000000000
34804  35.240  -53.674  23.727 0.0000000000
35552  39.201  -51.803  43.661 0.0000000000
35559  39.277  -52.953  42.936 0.0000000000
35560  39.051  -52.002  43.153 0.0000000000
35567  39.235  -53.252  42.410 0.0000000000
35568  38.933  -52.557  42.101 0.0000000000
35576  38.436  -52.636  41.040 0.0000000000
35577  37.913  -52.689  40.290 0.0000000000
35585  37.472  -52.635  39.527 0.0000000000
35597  36.992  -52.614  38.774 0.0000000000
35598  36.504  -52.577  38.041 0.0000000000
35611  36.025  -52.505  37.224 0.0000000000
35612  35.762  -51.960  36.832 0.0000000000
35626  35.949  -53.003  36.799 0.0000000000
35627  35.735  -52.456  36.363 0.0000000000
35641  35.490  -52.406  35.262 0.0000000000
35649  35.313  -52.801  34.017 0.0000000000
35650  35.011  -52.091  33.518 0.0000000000
35657  35.326  -53.328  32.983 0.0000000000
35658  35.077  -52.443  32.997 0.0000000000
35669  35.310  -53.635  32.504 0.0000000000
35670  35.055  -53.045  32.091 0.0000000000
35684  34.645  -53.093  31.174 0.0000000000
35698  34.311  -52.990  30.509 0.0000000000
35699  33.874  -52.854  29.925 0.0000000000
35755  37.423  -53.002  25.971 0.0000000000
35756  37.163  -52.871  25.950 0.0000000000
35757  36.500  -52.801  25.776 0.0000000000
35769  37.407  -53.046  25.670 0.0000000000
35770  36.950  -52.852  25.366 0.0000000000
35771  36.360  -52.835  25.023 0.0000000000
35783  37.325  -53.119  25.095 0.0000000000
35784  36.845  -53.014  24.747 0.0000000000
35785  36.361  -53.002  24.585 0.0000000000
36625  39.177  -51.133  44.294 0.0000000000
36640  39.282  -51.636  44.053 0.0000000000
36641  38.932  -51.213  43.638 0.0000000000
36646  38.543  -51.143  42.690 0.0000000000
36650  38.222  -51.417  41.568 0.0000000000
36651  37.829  -51.096  40.857 0.0000000000
36657  38.040  -51.858  40.762 0.0000000000
36658  37.643  -51.551  40.091 0.0000000000
36665  37.261  -51.602  39.178 0.0000000000
36671  36.747  -51.606  38.449 0.0000000000
36672  36.320  -51.570  37.701 0.0000000000
36681  35.864  -51.443  37.089 0.0000000000
36682  35.579  -51.405  36.482 0.0000000000
36693  35.362  -51.519  35.807 0.0000000000
36709  35.096  -51.411  35.162 0.0000000000
36710  34.845  -51.202  34.585 0.0000000000
36721  35.133  -51.870  34.613 0.0000000000
36722  34.894  -51.571  33.897 0.0000000000
36731  34.877  -51.578  33.047 0.0000000000
36737  34.763  -51.883  32.225 0.0000000000
36744  34.495  -52.183  31.322 0.0000000000
36759  34.357  -52.543  30.825 0.0000000000
37590  39.017  -50.525  44.094 0.0000000000
37607  38.666  -50.386  43.415 0.0000000000
37620  38.255  -49.972  42.693 0.0000000000
37621  37.876  -49.829  42.036 0.0000000000
37629  38.027  -50.535  42.108 0.0000000000
37630  37.744  -50.268  41.358 0.0000000000
37637  37.561  -50.415  40.429 0.0000000000
37646  37.369  -50.584  39.574 0.0000000000
37657  37.067  -50.642  38.755 0.0000000000
37658  36.636  -50.650  38.012 0.0000000000
37670  36.163  -50.611  37.329 0.0000000000
37671  35.624  -50.547  36.721 0.0000000000
37686  35.069  -50.510  35.942 0.0000000000
37687  34.502  -50.014  35.537 0.0000000000
37705  35.064  -50.978  35.501 0.0000000000
37706  34.537  -50.558  35.068 0.0000000000
37721  34.581  -50.646  34.022 0.0000000000
37735  34.656  -50.893  33.278 0.0000000000
37743  34.361  -50.859  32.342 0.0000000000
37751  34.328  -51.399  31.622 0.0000000000
38545  38.927  -49.938  43.871 0.0000000000
38557  39.123  -49.388  43.957 0.0000000000
38558  38.726  -49.468  43.342 0.0000000000
38572  38.432  -49.160  42.750 0.0000000000
38573  38.075  -49.198  42.265 0.0000000000
38585  37.727  -49.118  41.567 0.0000000000
38597  37.476  -49.398  40.710 0.0000000000
38606  37.322  -49.610  39.897 0.0000000000
38615  37.209  -49.694  39.103 0.0000000000
38616  36.834  -49.715  38.344 0.0000000000
38625  36.414  -49.735  37.615 0.0000000000
38626  35.876  -49.681  36.995 0.0000000000
38637  35.232  -49.602  36.423 0.0000000000
38638  34.539  -49.541  35.901 0.0000000000
38654  33.810  -49.534  35.242 0.0000000000
38675  33.991  -49.870  34.147 0.0000000000
38697  34.225  -50.115  33.046 0.0000000000
38713  34.016  -50.296  32.384 0.0000000000
39500  39.143  -48.680  43.627 0.0000000000
39501  38.755  -48.611  42.996 0.0000000000
39514  38.376  -48.462  42.458 0.0000000000
39515  38.000  -48.592  41.995 0.0000000000
39528  38.171  -48.026  42.038 0.0000000000
39529  37.853  -48.153  41.553 0.0000000000
39545  37.512  -48.357  40.857 0.0000000000
39557  37.199  -48.595  40.048 0.0000000000
39558  36.934  -48.378  39.460 0.0000000000
39568  37.123  -48.989  39.458 0.0000000000
39569  36.815  -48.731  38.801 0.0000000000
39580  36.449  -48.901  37.973 0.0000000000
39581  36.074  -48.902  37.334 0.0000000000
39594  35.480  -48.740  36.818 0.0000000000
39595  34.653  -48.686  36.339 0.0000000000
39596  33.714  -48.324  36.321 0.0000000000
39609  33.998  -48.929  35.879 0.0000000000
40372  39.122  -47.718  43.098 0.0000000000
40373  38.706  -48.082  42.739 0.0000000000
40389  39.045  -47.170  42.689 0.0000000000
40390  38.630  -47.530  42.388 0.0000000000
40402  38.139  -47.410  41.739 0.0000000000
40403  37.663  -47.421  41.110 0.0000000000
40415  37.079  -47.480  40.228 0.0000000000
40416  36.600  -47.021  39.773 0.0000000000
40427  36.916  -48.016  39.754 0.0000000000
40428  36.576  -47.654  39.264 0.0000000000
40441  36.200  -48.006  38.195 0.0000000000
40442  35.419  -47.419  38.023 0.0000000000
40443  34.572  -47.106  38.081 0.0000000000
40454  36.118  -48.453  37.685 0.0000000000
40455  35.648  -48.117  37.330 0.0000000000
40456  34.853  -47.591  37.343 0.0000000000
40457  33.918  -47.505  37.470 0.0000000000
40467  35.437  -48.296  36.954 0.0000000000
40468  35.105  -48.134  36.827 0.0000000000
40469  34.292  -47.907  36.776 0.0000000000
41260  38.941  -46.682  42.479 0.0000000000
41281  38.478  -46.706  42.003 0.0000000000
41282  37.948  -46.693  41.500 0.0000000000
41283  34.441  -45.986  42.041 0.0000000000
41284  33.803  -46.556  41.404 0.0000000000
41298  37.386  -46.561  40.944 0.0000000000
41299  36.634  -46.471  40.338 0.0000000000
41300  35.757  -46.096  40.292 0.0000000000
41301  34.730  -46.084  40.736 0.0000000000
41302  33.773  -46.714  40.409 0.0000000000
41316  35.984  -46.724  39.470 0.0000000000
41317  35.063  -46.365  39.567 0.0000000000
41318  34.248  -46.602  39.730 0.0000000000
41319  33.624  -46.899  39.703 0.0000000000
41332  35.902  -47.252  38.693 0.0000000000
41333  35.258  -46.753  38.687 0.0000000000
41334  34.418  -46.726  38.892 0.0000000000
41335  33.809  -46.894  39.169 0.0000000000
42118  37.765  -45.409  42.241 0.0000000000
42119  36.942  -45.084  42.481 0.0000000000
42120  35.944  -45.312  42.608 0.0000000000
42121  35.082  -45.663  42.811 0.0000000000
42149  38.237  -46.265  41.825 0.0000000000
42150  37.744  -45.992  41.521 0.0000000000
42151  37.061  -45.540  41.586 0.0000000000
42152  36.230  -45.455  41.702 0.0000000000
42153  35.328  -45.609  41.788 0.0000000000
42177  37.406  -46.172  41.161 0.0000000000
42178  37.144  -46.002  41.006 0.0000000000
42179  36.435  -45.754  40.915 0.0000000000
42180  35.679  -45.651  41.021 0.0000000000
