#!ascii label  , from subject FREESURFER vox2ras=TkReg 
383
29816  51.711  -58.169  33.125 0.0000000000
29818  49.586  -58.660  32.259 0.0000000000
29825  49.269  -58.193  31.745 0.0000000000
30798  52.206  -56.722  33.186 0.0000000000
30799  52.148  -57.141  33.721 0.0000000000
30807  52.333  -56.880  32.892 0.0000000000
30808  52.097  -57.560  32.948 0.0000000000
30809  51.435  -57.919  32.577 0.0000000000
30810  50.591  -58.150  32.305 0.0000000000
30815  52.317  -56.966  32.309 0.0000000000
30816  51.909  -57.348  32.029 0.0000000000
30817  50.998  -57.592  31.872 0.0000000000
30818  49.883  -57.816  31.711 0.0000000000
30819  49.122  -57.862  31.492 0.0000000000
30826  49.413  -57.523  31.251 0.0000000000
30827  48.732  -57.566  30.935 0.0000000000
30828  48.185  -57.686  30.374 0.0000000000
30835  48.483  -57.235  30.330 0.0000000000
30836  47.914  -57.297  29.805 0.0000000000
30843  47.384  -57.230  28.885 0.0000000000
30844  47.118  -57.207  28.124 0.0000000000
30859  46.897  -57.147  27.582 0.0000000000
31710  47.016  -56.637  36.655 0.0000000000
31711  45.698  -56.318  36.487 0.0000000000
31712  44.940  -56.289  36.842 0.0000000000
31729  47.712  -56.587  35.884 0.0000000000
31730  46.607  -56.337  35.678 0.0000000000
31731  45.758  -56.029  35.423 0.0000000000
31746  51.593  -56.779  34.229 0.0000000000
31749  48.341  -56.630  35.043 0.0000000000
31750  47.242  -56.520  34.913 0.0000000000
31751  46.215  -56.094  34.634 0.0000000000
31752  45.656  -55.881  34.883 0.0000000000
31766  52.213  -56.531  32.847 0.0000000000
31767  51.822  -56.435  33.263 0.0000000000
31768  50.987  -56.396  33.848 0.0000000000
31769  49.993  -56.377  34.146 0.0000000000
31770  48.877  -56.500  34.165 0.0000000000
31771  47.810  -56.403  34.170 0.0000000000
31772  46.953  -56.253  34.147 0.0000000000
31783  52.334  -56.409  32.267 0.0000000000
31784  52.109  -56.211  32.600 0.0000000000
31790  52.241  -56.500  31.417 0.0000000000
31791  51.449  -56.992  31.311 0.0000000000
31792  50.459  -57.272  31.263 0.0000000000
31793  49.832  -57.404  31.258 0.0000000000
31800  52.410  -56.056  30.411 0.0000000000
31801  51.840  -56.469  30.601 0.0000000000
31802  50.862  -56.728  30.666 0.0000000000
31803  49.641  -57.047  30.753 0.0000000000
31804  48.891  -57.077  30.524 0.0000000000
31811  52.452  -55.835  29.893 0.0000000000
31812  52.171  -56.071  29.918 0.0000000000
31813  51.365  -56.221  29.994 0.0000000000
31814  50.210  -56.369  30.036 0.0000000000
31815  48.864  -56.591  29.964 0.0000000000
31816  47.928  -56.471  29.175 0.0000000000
31823  47.299  -56.430  28.181 0.0000000000
31824  46.992  -56.801  27.819 0.0000000000
31834  47.046  -56.028  27.685 0.0000000000
31835  46.731  -56.413  27.359 0.0000000000
32666  45.198  -55.867  35.768 0.0000000000
32667  44.736  -55.841  36.317 0.0000000000
32674  45.229  -55.714  35.105 0.0000000000
32675  44.635  -55.448  35.525 0.0000000000
32676  44.297  -55.288  36.046 0.0000000000
32685  45.910  -55.796  34.087 0.0000000000
32686  45.484  -55.650  34.410 0.0000000000
32687  44.769  -55.332  34.680 0.0000000000
32699  51.121  -56.065  33.071 0.0000000000
32700  50.323  -55.966  33.297 0.0000000000
32701  49.298  -56.068  33.370 0.0000000000
32702  48.234  -56.124  33.407 0.0000000000
32703  47.245  -56.104  33.464 0.0000000000
32704  46.343  -55.885  33.669 0.0000000000
32705  45.637  -55.573  33.677 0.0000000000
32706  45.038  -55.208  33.851 0.0000000000
32719  52.264  -55.890  32.157 0.0000000000
32720  51.671  -55.790  32.472 0.0000000000
32721  50.687  -55.593  32.554 0.0000000000
32722  49.661  -55.595  32.635 0.0000000000
32723  48.595  -55.700  32.678 0.0000000000
32724  47.564  -55.791  32.748 0.0000000000
32725  46.657  -55.802  32.865 0.0000000000
32726  45.858  -55.549  32.910 0.0000000000
32727  45.303  -55.284  33.217 0.0000000000
32737  52.443  -55.900  31.584 0.0000000000
32738  52.048  -55.437  31.610 0.0000000000
32739  51.123  -55.237  31.808 0.0000000000
32740  50.038  -55.176  31.898 0.0000000000
32741  48.938  -55.274  31.942 0.0000000000
32742  47.850  -55.387  32.032 0.0000000000
32743  46.827  -55.535  32.191 0.0000000000
32744  46.248  -55.522  32.458 0.0000000000
32753  52.536  -55.777  30.819 0.0000000000
32761  52.560  -55.501  29.884 0.0000000000
32762  52.489  -55.680  29.405 0.0000000000
32763  51.891  -55.884  29.308 0.0000000000
32764  50.847  -55.858  29.356 0.0000000000
32765  49.645  -55.893  29.354 0.0000000000
32766  48.667  -55.959  29.200 0.0000000000
32773  53.305  -54.802  28.298 0.0000000000
32774  53.038  -55.187  28.787 0.0000000000
32775  52.430  -55.533  28.642 0.0000000000
32776  51.480  -55.577  28.617 0.0000000000
32777  50.289  -55.539  28.627 0.0000000000
32778  49.120  -55.530  28.623 0.0000000000
32779  48.086  -55.778  28.532 0.0000000000
32787  53.330  -54.900  28.046 0.0000000000
32788  52.986  -55.224  27.944 0.0000000000
32789  52.105  -55.282  27.902 0.0000000000
32790  50.932  -55.249  27.891 0.0000000000
32791  49.697  -55.224  27.900 0.0000000000
32792  48.540  -55.287  27.881 0.0000000000
32793  47.498  -55.590  27.662 0.0000000000
32794  46.903  -55.768  27.369 0.0000000000
32802  47.043  -55.353  27.140 0.0000000000
32803  46.459  -55.579  26.809 0.0000000000
33654  44.180  -55.130  35.665 0.0000000000
33665  44.119  -55.015  35.107 0.0000000000
33666  43.409  -54.312  34.702 0.0000000000
33676  44.280  -54.838  34.142 0.0000000000
33677  43.738  -54.349  33.559 0.0000000000
33687  45.364  -55.229  32.743 0.0000000000
33688  44.682  -54.854  32.955 0.0000000000
33689  43.855  -54.187  32.575 0.0000000000
33700  52.443  -55.463  31.105 0.0000000000
33701  52.312  -55.027  30.991 0.0000000000
33702  51.575  -54.822  31.072 0.0000000000
33703  50.446  -54.721  31.153 0.0000000000
33704  49.287  -54.745  31.265 0.0000000000
33705  48.161  -54.865  31.340 0.0000000000
33706  47.026  -55.129  31.409 0.0000000000
33707  45.717  -55.121  31.963 0.0000000000
33708  44.458  -54.334  31.718 0.0000000000
33709  43.847  -53.997  31.963 0.0000000000
33719  52.513  -55.221  30.457 0.0000000000
33720  52.085  -54.693  30.311 0.0000000000
33721  50.898  -54.284  30.211 0.0000000000
33722  49.629  -54.286  30.529 0.0000000000
33723  48.504  -54.359  30.641 0.0000000000
33724  47.395  -54.499  30.701 0.0000000000
33725  46.253  -54.618  30.822 0.0000000000
33726  45.191  -54.433  30.982 0.0000000000
33727  44.617  -54.189  31.016 0.0000000000
33738  52.756  -54.779  29.517 0.0000000000
33739  51.825  -54.211  29.363 0.0000000000
33740  51.054  -54.022  29.591 0.0000000000
33751  53.375  -54.478  27.912 0.0000000000
33752  53.150  -54.592  28.568 0.0000000000
33753  52.746  -54.260  28.843 0.0000000000
33762  53.321  -54.618  27.353 0.0000000000
33763  52.697  -54.968  27.177 0.0000000000
33764  51.580  -54.939  27.173 0.0000000000
33765  50.308  -54.919  27.166 0.0000000000
33766  49.075  -54.818  27.234 0.0000000000
33767  47.971  -54.984  27.203 0.0000000000
33768  47.390  -55.174  27.155 0.0000000000
33776  53.431  -54.343  26.925 0.0000000000
33777  53.238  -54.460  26.483 0.0000000000
33778  52.203  -54.572  26.478 0.0000000000
33779  50.941  -54.575  26.450 0.0000000000
33780  49.649  -54.518  26.465 0.0000000000
33781  48.402  -54.516  26.513 0.0000000000
33782  47.127  -54.758  26.589 0.0000000000
33792  53.275  -54.237  25.841 0.0000000000
33793  52.747  -54.329  25.797 0.0000000000
33794  51.573  -54.258  25.752 0.0000000000
34624  43.281  -53.944  33.903 0.0000000000
34625  42.701  -53.504  34.176 0.0000000000
34636  43.193  -53.736  33.134 0.0000000000
34637  42.558  -53.204  33.129 0.0000000000
34649  43.437  -53.682  32.182 0.0000000000
34650  42.874  -53.275  32.399 0.0000000000
34660  44.256  -53.945  31.013 0.0000000000
34661  43.747  -53.726  31.410 0.0000000000
34662  43.119  -53.269  31.578 0.0000000000
34668  50.548  -53.867  29.626 0.0000000000
34669  49.842  -53.821  29.874 0.0000000000
34670  48.825  -53.860  30.000 0.0000000000
34671  47.770  -53.964  30.033 0.0000000000
34672  46.687  -54.044  30.067 0.0000000000
34673  45.639  -54.028  30.208 0.0000000000
34674  44.709  -53.863  30.471 0.0000000000
34675  43.889  -53.492  30.533 0.0000000000
34676  43.361  -53.307  30.928 0.0000000000
34684  51.591  -53.827  28.845 0.0000000000
34685  50.974  -53.715  29.144 0.0000000000
34686  50.064  -53.547  29.259 0.0000000000
34687  49.143  -53.538  29.337 0.0000000000
34688  48.145  -53.512  29.407 0.0000000000
34689  47.121  -53.532  29.433 0.0000000000
34690  46.016  -53.455  29.438 0.0000000000
34691  45.123  -53.489  29.742 0.0000000000
34692  44.386  -53.364  29.919 0.0000000000
34701  53.444  -54.120  27.726 0.0000000000
34702  53.214  -53.990  28.180 0.0000000000
34703  52.246  -53.845  28.458 0.0000000000
34704  51.320  -53.482  28.438 0.0000000000
34705  50.450  -53.366  28.671 0.0000000000
34706  49.556  -53.290  28.703 0.0000000000
34707  48.568  -53.213  28.738 0.0000000000
34708  47.553  -53.129  28.813 0.0000000000
34709  46.638  -53.090  28.914 0.0000000000
34721  53.464  -54.212  27.376 0.0000000000
34722  53.376  -53.851  27.488 0.0000000000
34723  52.793  -53.501  27.713 0.0000000000
34724  51.982  -53.434  27.966 0.0000000000
34736  53.481  -54.274  27.117 0.0000000000
34737  53.524  -53.902  26.780 0.0000000000
34738  53.257  -53.497  27.152 0.0000000000
34751  53.468  -53.898  25.850 0.0000000000
35647  42.120  -52.878  33.614 0.0000000000
35655  42.162  -52.816  32.914 0.0000000000
35656  41.717  -52.446  32.995 0.0000000000
35667  42.416  -52.962  32.512 0.0000000000
35668  42.003  -52.631  32.266 0.0000000000
35682  42.522  -52.902  31.805 0.0000000000
35683  41.988  -52.460  31.321 0.0000000000
35695  43.390  -53.136  30.454 0.0000000000
35696  42.781  -52.836  30.695 0.0000000000
35697  42.005  -52.257  30.325 0.0000000000
35705  45.369  -53.146  29.274 0.0000000000
35706  44.719  -52.994  29.279 0.0000000000
35707  43.607  -52.880  29.681 0.0000000000
35708  42.538  -52.239  29.524 0.0000000000
35709  41.969  -52.035  29.732 0.0000000000
35715  50.779  -53.222  28.246 0.0000000000
35716  50.169  -53.051  28.156 0.0000000000
35717  49.143  -52.877  28.109 0.0000000000
35718  48.042  -52.771  28.139 0.0000000000
35719  46.917  -52.713  28.239 0.0000000000
35720  45.643  -52.733  28.626 0.0000000000
35721  44.249  -52.424  28.461 0.0000000000
35722  43.187  -52.227  28.821 0.0000000000
35723  42.690  -52.005  28.904 0.0000000000
35731  52.190  -53.273  27.578 0.0000000000
35732  51.273  -53.049  27.711 0.0000000000
35733  49.977  -52.653  27.440 0.0000000000
35734  48.702  -52.488  27.377 0.0000000000
35735  47.482  -52.455  27.422 0.0000000000
35736  46.222  -52.261  27.431 0.0000000000
35737  45.054  -52.210  27.784 0.0000000000
35738  44.449  -52.110  27.843 0.0000000000
35748  53.340  -53.403  26.714 0.0000000000
35749  52.573  -53.099  26.964 0.0000000000
35750  51.116  -52.552  26.755 0.0000000000
35751  49.575  -52.162  26.413 0.0000000000
35752  48.120  -52.188  26.632 0.0000000000
35753  47.012  -52.178  26.727 0.0000000000
35754  46.409  -52.064  26.782 0.0000000000
35765  53.517  -53.158  25.937 0.0000000000
35766  52.266  -52.556  25.988 0.0000000000
35767  50.934  -52.168  25.840 0.0000000000
35768  50.040  -51.903  25.612 0.0000000000
36729  41.107  -51.888  33.144 0.0000000000
36735  41.323  -52.094  31.987 0.0000000000
36736  40.648  -51.395  32.205 0.0000000000
36742  41.410  -51.950  30.801 0.0000000000
36743  40.801  -51.460  31.125 0.0000000000
36757  41.571  -51.808  29.915 0.0000000000
36758  41.012  -51.414  30.131 0.0000000000
36772  42.395  -51.797  28.916 0.0000000000
36773  41.930  -51.695  29.239 0.0000000000
36774  41.365  -51.323  29.331 0.0000000000
36786  44.058  -51.996  27.825 0.0000000000
36787  43.471  -51.936  28.085 0.0000000000
36788  42.744  -51.743  28.399 0.0000000000
36789  42.140  -51.394  28.509 0.0000000000
36790  41.694  -51.271  28.806 0.0000000000
36801  46.007  -51.940  26.769 0.0000000000
36802  45.355  -51.925  27.036 0.0000000000
36803  44.475  -51.861  27.316 0.0000000000
36804  43.704  -51.710  27.434 0.0000000000
36805  42.981  -51.547  27.609 0.0000000000
36806  42.468  -51.371  27.969 0.0000000000
36814  49.342  -51.747  25.655 0.0000000000
36815  48.556  -51.811  25.877 0.0000000000
36816  47.510  -51.884  26.010 0.0000000000
36817  46.494  -51.843  26.220 0.0000000000
36818  45.624  -51.747  26.319 0.0000000000
36819  44.809  -51.693  26.539 0.0000000000
36820  43.967  -51.523  26.731 0.0000000000
36821  43.352  -51.476  27.050 0.0000000000
36830  47.995  -51.648  25.234 0.0000000000
36831  47.007  -51.594  25.368 0.0000000000
36832  46.040  -51.508  25.554 0.0000000000
36833  45.127  -51.588  25.768 0.0000000000
36834  44.414  -51.448  26.089 0.0000000000
36845  46.568  -51.268  24.631 0.0000000000
36846  45.498  -51.368  24.875 0.0000000000
36847  44.556  -51.306  25.357 0.0000000000
36856  46.042  -51.127  24.212 0.0000000000
36857  45.464  -51.170  24.141 0.0000000000
36946  54.660  -51.372  16.944 0.0000000000
36947  54.348  -51.767  16.349 0.0000000000
36968  54.510  -51.098  15.600 0.0000000000
36993  54.334  -50.809  14.782 0.0000000000
37749  40.299  -50.792  31.323 0.0000000000
37761  40.506  -50.820  30.314 0.0000000000
37776  40.788  -50.867  29.370 0.0000000000
37777  40.162  -50.276  29.429 0.0000000000
37793  41.776  -51.123  28.407 0.0000000000
37794  41.307  -50.913  28.533 0.0000000000
37795  40.516  -50.443  28.481 0.0000000000
37809  42.539  -51.274  27.549 0.0000000000
37810  41.999  -51.002  27.761 0.0000000000
37811  41.078  -50.486  27.551 0.0000000000
37812  40.319  -50.127  27.708 0.0000000000
37814  43.427  -51.363  26.658 0.0000000000
37815  42.799  -51.196  26.861 0.0000000000
37816  41.863  -50.623  26.601 0.0000000000
37817  41.085  -50.240  26.708 0.0000000000
37819  43.689  -51.210  26.040 0.0000000000
37820  42.827  -50.867  25.736 0.0000000000
37821  42.009  -50.429  25.489 0.0000000000
37828  44.827  -51.238  24.551 0.0000000000
37829  43.938  -50.887  24.852 0.0000000000
37830  42.884  -50.569  24.663 0.0000000000
37831  42.005  -50.222  24.535 0.0000000000
37841  44.919  -50.968  23.685 0.0000000000
37842  43.841  -50.560  23.750 0.0000000000
37843  42.834  -50.232  23.648 0.0000000000
37854  44.784  -50.411  22.825 0.0000000000
37888  52.837  -50.511  18.814 0.0000000000
37889  51.503  -50.280  18.756 0.0000000000
37890  50.712  -50.161  19.054 0.0000000000
37900  54.626  -50.849  17.860 0.0000000000
37901  53.773  -50.481  17.866 0.0000000000
37902  52.548  -50.308  17.864 0.0000000000
37903  51.747  -50.183  18.122 0.0000000000
37913  54.360  -50.510  16.522 0.0000000000
37914  53.455  -50.225  17.130 0.0000000000
37915  52.819  -50.144  17.293 0.0000000000
37924  55.211  -49.828  14.741 0.0000000000
37925  54.705  -50.308  15.355 0.0000000000
37940  55.404  -49.832  14.061 0.0000000000
37941  54.763  -50.328  14.553 0.0000000000
37956  55.331  -49.698  13.687 0.0000000000
37957  54.995  -50.027  13.787 0.0000000000
38754  40.594  -50.067  27.070 0.0000000000
38765  41.363  -50.202  26.079 0.0000000000
38837  51.356  -50.092  18.278 0.0000000000
38838  50.594  -49.945  18.604 0.0000000000
38849  52.439  -50.076  17.404 0.0000000000
38850  51.643  -49.897  17.692 0.0000000000
38851  50.359  -49.502  17.714 0.0000000000
38859  54.336  -50.142  16.078 0.0000000000
38860  53.970  -49.963  16.377 0.0000000000
38861  52.715  -49.835  16.812 0.0000000000
38862  51.359  -49.246  16.781 0.0000000000
38869  55.412  -49.230  14.732 0.0000000000
38870  54.579  -49.761  15.491 0.0000000000
38871  53.525  -49.498  15.892 0.0000000000
38872  52.315  -49.220  16.095 0.0000000000
38873  51.658  -48.973  16.202 0.0000000000
38881  55.777  -49.315  14.224 0.0000000000
38895  55.690  -49.280  13.497 0.0000000000
38896  55.087  -49.598  13.394 0.0000000000
38906  55.694  -48.927  13.014 0.0000000000
38907  55.215  -49.187  12.981 0.0000000000
39778  51.339  -48.852  16.271 0.0000000000
39787  55.548  -48.933  14.666 0.0000000000
39788  55.187  -48.973  14.948 0.0000000000
39789  54.235  -48.978  15.247 0.0000000000
39790  53.023  -48.863  15.400 0.0000000000
39791  51.597  -48.579  15.634 0.0000000000
39797  56.145  -48.244  14.107 0.0000000000
39798  55.812  -48.579  14.378 0.0000000000
39799  54.857  -48.432  14.662 0.0000000000
39800  53.743  -48.373  14.781 0.0000000000
39801  52.565  -48.262  14.817 0.0000000000
39811  56.290  -48.141  13.859 0.0000000000
39812  56.165  -48.700  13.740 0.0000000000
39825  56.426  -48.059  13.368 0.0000000000
39826  56.163  -48.516  12.999 0.0000000000
40650  56.158  -47.870  14.027 0.0000000000
40651  55.401  -47.824  14.193 0.0000000000
40652  54.329  -47.767  14.284 0.0000000000
40653  53.190  -47.706  14.337 0.0000000000
40662  55.853  -47.138  13.684 0.0000000000
40663  54.833  -47.113  13.751 0.0000000000
40664  53.667  -47.115  13.768 0.0000000000
