#!ascii label  , from subject FREESURFER vox2ras=TkReg 
183
59192  26.701  -29.240  20.593 0.0000000000
59198  26.440  -29.308  19.546 0.0000000000
60169  26.798  -28.188  20.845 0.0000000000
60175  26.602  -28.112  19.844 0.0000000000
60181  26.459  -28.353  18.818 0.0000000000
61138  26.929  -27.314  21.195 0.0000000000
61139  26.736  -27.240  20.363 0.0000000000
61147  26.633  -27.084  19.634 0.0000000000
61155  26.528  -27.316  18.966 0.0000000000
62043  27.057  -26.402  21.488 0.0000000000
62044  26.681  -26.367  20.713 0.0000000000
62051  26.542  -26.340  19.882 0.0000000000
62057  26.525  -26.382  19.064 0.0000000000
62066  26.637  -26.483  18.225 0.0000000000
62957  27.875  -25.568  22.244 0.0000000000
62969  27.200  -25.461  21.724 0.0000000000
62970  26.629  -25.434  21.018 0.0000000000
62978  26.419  -25.436  20.146 0.0000000000
62986  26.467  -25.473  19.247 0.0000000000
62994  26.656  -25.544  18.364 0.0000000000
63003  27.291  -25.137  16.643 0.0000000000
63004  26.964  -25.577  17.423 0.0000000000
63882  28.621  -24.564  22.281 0.0000000000
63883  28.133  -25.044  22.280 0.0000000000
63900  28.018  -23.940  22.058 0.0000000000
63901  27.567  -24.471  21.934 0.0000000000
63902  26.714  -24.443  21.250 0.0000000000
63911  26.408  -24.449  20.366 0.0000000000
63920  26.401  -24.495  19.436 0.0000000000
63928  26.563  -24.594  18.510 0.0000000000
63936  27.177  -24.609  16.919 0.0000000000
63937  26.824  -24.705  17.666 0.0000000000
63947  27.572  -24.436  16.195 0.0000000000
64808  29.232  -23.953  22.187 0.0000000000
64827  29.408  -23.278  21.883 0.0000000000
64828  28.471  -23.427  21.935 0.0000000000
64829  27.611  -23.370  21.715 0.0000000000
64830  26.888  -23.434  21.332 0.0000000000
64841  26.492  -23.430  20.503 0.0000000000
64849  26.338  -23.442  19.586 0.0000000000
64856  26.433  -23.562  18.630 0.0000000000
64862  26.936  -24.087  17.118 0.0000000000
64863  26.659  -23.771  17.651 0.0000000000
64871  27.310  -23.617  16.457 0.0000000000
64872  26.882  -23.644  17.011 0.0000000000
64875  28.448  -23.283  15.023 0.0000000000
64876  27.855  -23.699  15.716 0.0000000000
65845  29.675  -22.479  21.721 0.0000000000
65846  28.717  -22.425  21.798 0.0000000000
65847  27.832  -22.458  21.644 0.0000000000
65848  27.083  -22.481  21.320 0.0000000000
65860  26.601  -22.472  20.647 0.0000000000
65868  26.230  -22.345  19.696 0.0000000000
65869  26.150  -21.879  19.281 0.0000000000
65875  26.181  -22.398  18.759 0.0000000000
65876  26.131  -22.068  19.141 0.0000000000
65883  26.439  -22.718  17.752 0.0000000000
65888  27.146  -22.524  16.168 0.0000000000
65889  26.802  -23.038  16.929 0.0000000000
65893  28.443  -22.469  14.941 0.0000000000
65894  27.862  -22.790  15.567 0.0000000000
65899  29.003  -22.401  14.366 0.0000000000
66961  31.423  -21.130  21.833 0.0000000000
66962  31.098  -21.181  22.027 0.0000000000
66963  30.316  -21.143  22.238 0.0000000000
66964  29.577  -21.053  22.263 0.0000000000
66978  31.619  -21.299  21.291 0.0000000000
66979  30.867  -21.750  21.434 0.0000000000
66980  29.995  -21.759  21.864 0.0000000000
66981  28.989  -21.453  22.003 0.0000000000
66982  28.003  -21.480  21.724 0.0000000000
66983  27.268  -21.589  21.337 0.0000000000
66999  26.712  -21.608  20.881 0.0000000000
67010  26.311  -21.540  20.110 0.0000000000
67011  26.145  -21.559  19.397 0.0000000000
67022  26.089  -21.797  18.480 0.0000000000
67023  26.056  -21.633  18.863 0.0000000000
67030  26.128  -21.649  17.898 0.0000000000
67031  26.036  -21.561  18.401 0.0000000000
67034  26.950  -21.970  16.017 0.0000000000
67035  26.650  -21.895  16.675 0.0000000000
67039  28.078  -22.088  15.107 0.0000000000
67040  27.418  -21.737  15.499 0.0000000000
67041  26.916  -21.616  15.956 0.0000000000
67043  29.250  -21.398  14.013 0.0000000000
67044  28.538  -21.695  14.620 0.0000000000
67045  27.961  -21.628  14.982 0.0000000000
68053  32.180  -20.219  22.787 0.0000000000
68054  31.388  -20.113  23.102 0.0000000000
68055  30.911  -19.929  23.230 0.0000000000
68065  32.322  -20.680  21.932 0.0000000000
68066  31.588  -20.825  22.220 0.0000000000
68067  30.674  -20.432  22.850 0.0000000000
68068  29.715  -20.382  22.680 0.0000000000
68069  28.957  -20.396  22.335 0.0000000000
68079  31.959  -21.011  21.596 0.0000000000
68080  28.146  -20.469  21.963 0.0000000000
68081  27.255  -20.482  21.318 0.0000000000
68082  26.858  -21.045  21.090 0.0000000000
68095  26.866  -19.959  20.825 0.0000000000
68096  26.576  -20.554  20.487 0.0000000000
68111  26.131  -20.736  19.360 0.0000000000
68112  26.044  -21.243  19.112 0.0000000000
68127  26.021  -20.562  18.473 0.0000000000
68128  25.969  -21.066  18.836 0.0000000000
68136  26.002  -20.804  17.870 0.0000000000
68137  25.966  -21.207  18.379 0.0000000000
68141  26.341  -20.792  17.066 0.0000000000
68145  27.335  -21.160  15.344 0.0000000000
68146  26.851  -20.838  15.765 0.0000000000
68148  29.235  -20.974  13.913 0.0000000000
68149  28.869  -20.872  14.106 0.0000000000
68150  27.760  -20.910  14.785 0.0000000000
68151  27.018  -20.075  14.895 0.0000000000
68154  29.394  -20.672  13.637 0.0000000000
68155  29.052  -20.166  13.766 0.0000000000
69153  31.901  -19.494  23.496 0.0000000000
69154  31.020  -19.370  23.481 0.0000000000
69155  30.395  -19.115  23.391 0.0000000000
69163  30.566  -19.688  23.272 0.0000000000
69164  29.893  -19.488  23.143 0.0000000000
69165  29.096  -19.478  22.673 0.0000000000
69172  28.353  -19.466  22.205 0.0000000000
69173  27.687  -19.457  21.589 0.0000000000
69180  27.149  -19.389  20.951 0.0000000000
69181  26.776  -19.495  20.338 0.0000000000
69193  26.439  -19.708  19.613 0.0000000000
69210  26.233  -19.784  18.715 0.0000000000
69223  26.198  -19.885  17.714 0.0000000000
69226  26.371  -19.710  16.539 0.0000000000
69229  26.593  -19.506  15.482 0.0000000000
69231  28.424  -20.233  14.084 0.0000000000
69232  27.666  -19.674  14.228 0.0000000000
70156  31.408  -18.568  23.726 0.0000000000
70157  30.614  -18.488  23.513 0.0000000000
70158  29.959  -18.505  23.237 0.0000000000
70164  29.326  -18.556  22.835 0.0000000000
70165  28.662  -18.530  22.339 0.0000000000
70170  28.045  -18.490  21.696 0.0000000000
70171  27.560  -18.558  21.014 0.0000000000
70178  27.183  -18.589  20.286 0.0000000000
70179  26.755  -18.922  19.717 0.0000000000
70189  27.216  -18.185  19.262 0.0000000000
70190  26.592  -18.923  18.952 0.0000000000
70205  26.920  -18.186  18.168 0.0000000000
70206  26.448  -19.053  18.165 0.0000000000
70219  26.884  -17.971  17.543 0.0000000000
70220  26.550  -18.625  17.272 0.0000000000
70228  26.512  -18.630  16.117 0.0000000000
71176  31.746  -17.690  23.804 0.0000000000
71177  30.857  -17.668  23.573 0.0000000000
71178  30.148  -17.712  23.262 0.0000000000
71179  29.585  -17.720  22.851 0.0000000000
71186  29.037  -17.706  22.368 0.0000000000
71187  28.511  -17.648  21.786 0.0000000000
71193  28.045  -17.564  20.789 0.0000000000
71194  27.599  -18.108  20.530 0.0000000000
71201  28.187  -17.130  19.663 0.0000000000
71202  27.652  -17.812  19.974 0.0000000000
71210  28.301  -17.049  18.768 0.0000000000
71211  27.831  -17.531  19.226 0.0000000000
71219  27.695  -17.558  18.464 0.0000000000
71228  26.856  -17.898  17.237 0.0000000000
72171  31.116  -16.877  23.527 0.0000000000
72172  30.191  -16.755  23.181 0.0000000000
72173  29.768  -17.203  22.972 0.0000000000
72185  29.704  -16.127  22.773 0.0000000000
72186  29.245  -16.684  22.407 0.0000000000
72187  28.831  -17.141  22.004 0.0000000000
72197  28.837  -16.189  21.835 0.0000000000
72198  28.647  -16.599  21.349 0.0000000000
72208  28.468  -16.496  20.106 0.0000000000
72218  28.707  -16.464  19.096 0.0000000000
73209  31.233  -16.121  23.368 0.0000000000
73210  30.693  -16.327  23.301 0.0000000000
73230  30.242  -15.616  23.006 0.0000000000
73231  29.195  -15.494  22.329 0.0000000000
73232  28.702  -14.989  21.910 0.0000000000
73248  28.938  -15.960  22.038 0.0000000000
73249  28.623  -15.469  21.489 0.0000000000
73260  28.484  -15.574  20.365 0.0000000000
74150  29.534  -14.618  22.479 0.0000000000
74151  28.861  -14.522  22.125 0.0000000000
