#!ascii label  , from subject FREESURFER vox2ras=TkReg 
209
69233  26.849  -19.198  14.612 0.0000000000
69236  29.468  -19.619  13.163 0.0000000000
69237  28.549  -19.515  13.533 0.0000000000
69238  27.797  -19.049  13.576 0.0000000000
69244  29.837  -19.405  12.289 0.0000000000
70231  26.607  -18.516  15.149 0.0000000000
70234  27.184  -18.837  13.927 0.0000000000
70235  26.788  -18.376  14.377 0.0000000000
70240  28.947  -18.917  12.961 0.0000000000
70241  28.247  -18.712  13.105 0.0000000000
70242  27.505  -18.317  13.342 0.0000000000
70243  27.007  -18.170  13.826 0.0000000000
70250  29.471  -18.469  12.388 0.0000000000
70251  28.664  -18.177  12.640 0.0000000000
70252  27.972  -18.120  12.803 0.0000000000
70261  30.096  -18.297  11.578 0.0000000000
71218  28.193  -16.992  17.958 0.0000000000
71226  28.008  -16.852  17.545 0.0000000000
71227  27.467  -17.382  17.383 0.0000000000
71236  27.224  -17.189  16.277 0.0000000000
71237  26.802  -17.844  16.671 0.0000000000
71244  27.067  -17.139  15.747 0.0000000000
71245  26.776  -17.644  15.655 0.0000000000
71248  26.693  -17.745  14.757 0.0000000000
71252  27.102  -17.501  13.545 0.0000000000
71253  26.787  -17.779  14.125 0.0000000000
71255  28.957  -17.328  12.105 0.0000000000
71256  28.107  -17.466  12.519 0.0000000000
71257  27.581  -17.672  12.969 0.0000000000
71264  30.136  -17.148  11.211 0.0000000000
71265  29.720  -17.524  11.814 0.0000000000
72225  28.726  -16.449  18.224 0.0000000000
72230  28.416  -16.358  17.396 0.0000000000
72231  27.941  -16.749  17.279 0.0000000000
72235  28.390  -16.029  16.866 0.0000000000
72236  27.866  -16.473  16.665 0.0000000000
72240  27.329  -16.608  15.569 0.0000000000
72241  26.978  -17.111  15.499 0.0000000000
72245  27.101  -16.421  14.572 0.0000000000
72246  26.818  -17.070  15.052 0.0000000000
72250  27.056  -16.543  13.670 0.0000000000
72251  26.765  -17.138  14.255 0.0000000000
72254  28.852  -16.649  11.886 0.0000000000
72255  28.191  -16.466  12.201 0.0000000000
72256  27.467  -16.909  12.891 0.0000000000
72263  29.992  -16.492  11.192 0.0000000000
72264  29.412  -16.441  11.526 0.0000000000
72265  28.758  -16.314  11.812 0.0000000000
72271  29.909  -16.181  11.157 0.0000000000
73271  28.762  -15.653  19.336 0.0000000000
73280  29.259  -15.140  17.835 0.0000000000
73281  29.046  -15.754  18.460 0.0000000000
73290  29.253  -15.231  17.295 0.0000000000
73291  29.007  -15.766  17.678 0.0000000000
73296  29.345  -15.042  16.910 0.0000000000
73297  28.901  -15.509  16.813 0.0000000000
73298  28.356  -15.845  16.475 0.0000000000
73301  28.588  -15.428  16.079 0.0000000000
73302  28.006  -15.861  15.866 0.0000000000
73306  28.277  -15.266  15.437 0.0000000000
73307  27.677  -15.629  14.914 0.0000000000
73309  27.261  -15.657  14.021 0.0000000000
73312  27.863  -15.497  12.294 0.0000000000
73313  27.428  -15.803  12.999 0.0000000000
73320  29.102  -15.473  11.334 0.0000000000
73321  28.537  -15.680  11.766 0.0000000000
73326  30.069  -15.383  10.529 0.0000000000
73327  29.727  -15.603  11.026 0.0000000000
74167  28.426  -14.424  21.493 0.0000000000
74182  28.062  -14.438  20.466 0.0000000000
74183  27.771  -13.926  19.958 0.0000000000
74196  28.335  -14.654  19.431 0.0000000000
74197  27.909  -14.145  19.702 0.0000000000
74207  29.256  -14.491  17.811 0.0000000000
74208  28.949  -14.810  18.507 0.0000000000
74221  29.490  -14.616  17.208 0.0000000000
74231  29.386  -14.656  16.327 0.0000000000
74232  28.964  -15.134  16.226 0.0000000000
74238  29.208  -14.232  15.283 0.0000000000
74239  28.811  -14.883  15.670 0.0000000000
74243  28.974  -14.026  14.729 0.0000000000
74244  28.305  -14.572  14.626 0.0000000000
74245  27.665  -15.135  14.308 0.0000000000
74247  27.983  -14.312  13.930 0.0000000000
74248  27.650  -14.819  13.656 0.0000000000
74251  27.998  -14.647  12.070 0.0000000000
74252  27.621  -14.954  12.764 0.0000000000
74259  29.162  -14.693  10.986 0.0000000000
74260  28.622  -14.916  11.474 0.0000000000
74267  29.766  -14.905  10.640 0.0000000000
75154  29.097  -14.060  22.239 0.0000000000
75162  28.948  -13.098  22.047 0.0000000000
75163  28.634  -13.559  21.828 0.0000000000
75176  27.995  -13.540  20.977 0.0000000000
75177  27.758  -13.461  20.150 0.0000000000
75192  28.024  -13.950  19.217 0.0000000000
75193  27.821  -13.532  19.489 0.0000000000
75208  29.009  -14.100  18.042 0.0000000000
75209  28.422  -13.735  18.546 0.0000000000
75210  27.955  -13.572  19.003 0.0000000000
75226  30.006  -13.031  16.967 0.0000000000
75227  29.433  -13.693  17.516 0.0000000000
75228  28.936  -13.658  17.983 0.0000000000
75243  30.327  -13.092  16.307 0.0000000000
75244  29.903  -13.856  16.709 0.0000000000
75255  30.341  -12.955  15.501 0.0000000000
75256  29.934  -13.766  15.779 0.0000000000
75258  30.264  -12.786  14.986 0.0000000000
75259  29.512  -13.333  14.621 0.0000000000
75260  28.791  -13.937  14.423 0.0000000000
75262  29.046  -13.038  13.293 0.0000000000
75263  28.378  -13.815  13.775 0.0000000000
75264  27.919  -14.274  13.587 0.0000000000
75267  28.917  -12.966  12.601 0.0000000000
75268  28.431  -13.539  12.491 0.0000000000
75269  27.833  -14.244  13.032 0.0000000000
75276  29.118  -13.638  11.037 0.0000000000
75277  28.555  -14.072  11.523 0.0000000000
75286  29.656  -14.146  10.587 0.0000000000
76264  29.141  -12.654  22.127 0.0000000000
76265  28.651  -12.621  21.752 0.0000000000
76274  28.146  -12.655  21.197 0.0000000000
76275  27.790  -12.598  20.396 0.0000000000
76282  27.746  -12.683  19.543 0.0000000000
76290  28.280  -12.617  18.318 0.0000000000
76291  27.879  -13.011  18.870 0.0000000000
76302  29.971  -12.387  16.992 0.0000000000
76303  29.460  -12.647  17.380 0.0000000000
76304  28.851  -13.050  17.906 0.0000000000
76323  30.303  -12.415  16.640 0.0000000000
76341  30.742  -12.309  16.057 0.0000000000
76343  30.706  -12.207  15.183 0.0000000000
76344  30.233  -12.537  14.593 0.0000000000
76346  30.532  -11.921  14.454 0.0000000000
76347  29.848  -12.266  13.763 0.0000000000
76350  29.313  -12.396  12.579 0.0000000000
76351  28.881  -12.889  12.115 0.0000000000
76359  28.800  -13.295  11.665 0.0000000000
77347  28.749  -11.785  21.970 0.0000000000
77348  28.102  -11.327  21.427 0.0000000000
77356  28.272  -11.997  21.415 0.0000000000
77357  27.779  -11.603  20.755 0.0000000000
77365  27.599  -11.621  19.741 0.0000000000
77373  28.231  -12.125  18.241 0.0000000000
77374  27.895  -11.866  18.640 0.0000000000
77385  30.146  -12.046  16.845 0.0000000000
77386  29.669  -11.790  17.060 0.0000000000
77387  28.609  -11.919  17.789 0.0000000000
77388  28.035  -11.355  18.019 0.0000000000
77402  30.362  -11.583  16.567 0.0000000000
77403  29.869  -11.355  16.809 0.0000000000
77417  31.329  -10.649  15.470 0.0000000000
77418  31.121  -11.291  15.737 0.0000000000
77420  31.498  -10.748  15.109 0.0000000000
77421  31.110  -11.409  14.804 0.0000000000
77423  31.491  -10.786  14.429 0.0000000000
77424  30.730  -11.246  13.715 0.0000000000
77425  29.928  -11.709  12.922 0.0000000000
78325  28.328  -10.655  21.845 0.0000000000
78326  27.621  -10.551  21.065 0.0000000000
78333  27.109  -10.467  20.074 0.0000000000
78334  26.817  -9.921  19.666 0.0000000000
78345  27.278  -10.561  19.014 0.0000000000
78346  26.937  -10.143  19.480 0.0000000000
78363  27.715  -10.902  18.250 0.0000000000
78381  29.599  -11.261  16.918 0.0000000000
78382  29.077  -11.130  17.135 0.0000000000
78383  28.132  -10.685  17.524 0.0000000000
78396  30.580  -10.671  16.196 0.0000000000
78397  29.689  -10.787  16.631 0.0000000000
78398  28.719  -10.352  16.849 0.0000000000
78399  28.174  -10.033  17.036 0.0000000000
78410  31.536  -10.185  15.273 0.0000000000
78411  31.131  -10.397  15.717 0.0000000000
78414  32.019  -10.081  14.660 0.0000000000
79291  27.777  -9.601  21.422 0.0000000000
79298  27.135  -9.567  20.677 0.0000000000
79299  26.700  -9.466  19.934 0.0000000000
79307  27.042  -9.898  18.633 0.0000000000
79308  26.738  -9.589  19.123 0.0000000000
79319  27.369  -10.066  18.080 0.0000000000
79320  26.874  -9.387  18.285 0.0000000000
79329  27.611  -9.648  17.216 0.0000000000
79330  27.118  -9.365  17.690 0.0000000000
79335  30.648  -10.021  15.848 0.0000000000
79336  29.961  -10.044  16.083 0.0000000000
79337  29.087  -9.924  16.269 0.0000000000
79338  28.163  -9.584  16.454 0.0000000000
79345  31.747  -9.640  14.985 0.0000000000
79346  31.100  -9.580  15.319 0.0000000000
79347  30.206  -9.515  15.560 0.0000000000
79348  29.391  -9.416  15.733 0.0000000000
79349  28.654  -9.309  15.878 0.0000000000
79354  31.675  -9.150  14.860 0.0000000000
80288  27.084  -9.024  17.220 0.0000000000
80295  27.309  -8.811  16.553 0.0000000000
80303  30.419  -9.096  15.071 0.0000000000
80304  29.648  -8.944  15.159 0.0000000000
80305  28.811  -8.827  15.335 0.0000000000
80306  27.944  -8.716  15.684 0.0000000000
80311  31.044  -8.854  14.598 0.0000000000
80312  30.024  -8.725  14.491 0.0000000000
80313  29.008  -8.420  14.479 0.0000000000
80314  28.306  -8.300  14.995 0.0000000000
80321  30.491  -8.394  13.890 0.0000000000
80322  29.619  -8.301  13.853 0.0000000000
81228  28.210  -7.707  14.403 0.0000000000
81229  27.721  -7.820  15.146 0.0000000000
81237  28.896  -7.599  13.514 0.0000000000
