#!ascii label  , from subject FREESURFER vox2ras=TkReg 
460
1819  23.735  -94.111  -3.677 0.0000000000
2194  24.459  -93.343  -1.564 0.0000000000
2195  23.972  -93.428  -2.273 0.0000000000
2208  23.811  -93.414  -2.944 0.0000000000
2224  24.124  -93.280  -3.920 0.0000000000
2225  23.935  -93.342  -3.575 0.0000000000
2243  23.921  -93.616  -4.014 0.0000000000
2549  24.650  -92.444  -1.104 0.0000000000
2559  24.208  -92.448  -2.075 0.0000000000
2560  23.867  -93.002  -2.475 0.0000000000
2571  24.280  -92.475  -2.949 0.0000000000
2572  23.941  -92.816  -2.718 0.0000000000
2586  25.278  -92.443  -3.823 0.0000000000
2587  24.410  -92.821  -3.714 0.0000000000
2588  23.942  -92.909  -3.197 0.0000000000
2874  34.033  -91.413  3.165 0.0000000000
2875  33.447  -91.364  3.216 0.0000000000
2876  33.059  -91.292  3.228 0.0000000000
2892  33.730  -91.884  2.630 0.0000000000
2893  33.001  -91.727  2.749 0.0000000000
2894  32.678  -91.677  2.515 0.0000000000
2912  33.460  -92.373  2.042 0.0000000000
2913  32.522  -91.990  2.117 0.0000000000
2914  31.681  -91.734  1.692 0.0000000000
2915  25.821  -91.325  1.389 0.0000000000
2936  25.404  -91.364  0.437 0.0000000000
2953  24.889  -91.636  -0.600 0.0000000000
2954  24.630  -91.703  -1.316 0.0000000000
2967  25.162  -91.038  -1.850 0.0000000000
2968  24.765  -91.474  -1.960 0.0000000000
2980  26.719  -91.220  -2.702 0.0000000000
2981  25.634  -91.147  -2.433 0.0000000000
2982  24.760  -91.860  -2.686 0.0000000000
2995  26.410  -91.677  -3.185 0.0000000000
2996  25.482  -91.883  -3.229 0.0000000000
2997  24.790  -92.242  -3.305 0.0000000000
3323  35.317  -90.135  5.112 0.0000000000
3324  34.987  -90.204  5.252 0.0000000000
3333  35.070  -90.481  4.552 0.0000000000
3334  34.405  -90.378  4.658 0.0000000000
3335  33.648  -90.256  4.411 0.0000000000
3336  33.157  -90.031  4.148 0.0000000000
3338  26.716  -90.214  3.834 0.0000000000
3348  34.477  -90.910  3.802 0.0000000000
3349  33.835  -90.888  3.865 0.0000000000
3350  33.087  -90.673  3.680 0.0000000000
3351  26.493  -90.449  3.217 0.0000000000
3363  32.805  -91.097  3.121 0.0000000000
3364  32.418  -91.133  2.671 0.0000000000
3365  26.183  -90.635  2.523 0.0000000000
3366  25.923  -90.890  1.914 0.0000000000
3377  31.717  -91.012  2.201 0.0000000000
3378  31.093  -90.922  1.578 0.0000000000
3379  26.019  -90.151  2.017 0.0000000000
3380  25.817  -90.359  1.235 0.0000000000
3396  30.456  -90.734  1.003 0.0000000000
3397  29.984  -90.436  0.455 0.0000000000
3398  25.510  -90.061  0.334 0.0000000000
3409  30.125  -91.199  0.551 0.0000000000
3410  29.393  -90.642  -0.180 0.0000000000
3411  28.657  -90.675  -1.033 0.0000000000
3412  25.219  -90.650  -0.643 0.0000000000
3413  24.867  -91.257  -0.964 0.0000000000
3423  28.040  -90.723  -1.708 0.0000000000
3424  27.077  -90.284  -1.827 0.0000000000
3425  26.224  -90.248  -1.703 0.0000000000
3426  25.514  -90.621  -1.603 0.0000000000
3427  24.978  -91.107  -1.374 0.0000000000
3438  27.302  -90.909  -2.293 0.0000000000
3439  26.460  -90.675  -2.212 0.0000000000
3440  25.908  -90.600  -2.041 0.0000000000
3821  28.049  -89.248  5.809 0.0000000000
3833  37.248  -89.043  5.798 0.0000000000
3834  36.737  -89.274  5.787 0.0000000000
3835  35.689  -89.608  5.480 0.0000000000
3836  34.858  -89.596  5.441 0.0000000000
3837  34.559  -89.369  5.377 0.0000000000
3839  27.721  -89.262  5.306 0.0000000000
3849  37.022  -89.110  5.370 0.0000000000
3850  36.323  -89.515  4.730 0.0000000000
3851  35.582  -90.052  4.876 0.0000000000
3852  34.606  -90.024  5.213 0.0000000000
3853  34.215  -89.696  5.095 0.0000000000
3854  33.420  -89.543  4.522 0.0000000000
3855  27.307  -89.486  4.672 0.0000000000
3856  26.976  -89.538  3.998 0.0000000000
3865  35.559  -90.047  3.992 0.0000000000
3866  32.610  -89.491  3.715 0.0000000000
3867  31.910  -89.131  3.316 0.0000000000
3868  26.666  -89.678  3.442 0.0000000000
3877  32.509  -90.450  3.204 0.0000000000
3878  31.674  -89.803  2.831 0.0000000000
3879  30.951  -89.330  2.065 0.0000000000
3880  26.329  -89.579  2.661 0.0000000000
3887  31.211  -90.183  2.023 0.0000000000
3888  30.629  -89.800  1.393 0.0000000000
3889  26.030  -89.363  1.695 0.0000000000
3890  25.927  -89.425  0.890 0.0000000000
3902  30.188  -89.950  0.767 0.0000000000
3903  29.563  -89.613  0.285 0.0000000000
3904  28.831  -89.134  -0.017 0.0000000000
3905  26.384  -88.941  0.001 0.0000000000
3906  26.056  -89.227  0.264 0.0000000000
3917  29.057  -89.730  -0.176 0.0000000000
3918  28.358  -89.606  -0.675 0.0000000000
3919  27.340  -89.303  -0.855 0.0000000000
3920  26.455  -89.255  -0.490 0.0000000000
3921  25.726  -89.741  -0.345 0.0000000000
3929  28.204  -90.191  -1.220 0.0000000000
3930  27.643  -89.909  -1.321 0.0000000000
3931  26.733  -89.731  -1.271 0.0000000000
3932  25.828  -89.871  -1.116 0.0000000000
4303  30.386  -88.809  8.496 0.0000000000
4318  29.370  -88.786  7.569 0.0000000000
4319  28.680  -88.810  6.772 0.0000000000
4332  37.915  -88.245  6.837 0.0000000000
4333  37.214  -88.343  6.876 0.0000000000
4334  36.958  -88.256  6.862 0.0000000000
4335  28.227  -88.755  6.123 0.0000000000
4336  27.963  -88.700  5.629 0.0000000000
4348  38.056  -88.452  6.233 0.0000000000
4349  37.388  -88.798  6.295 0.0000000000
4350  36.512  -88.726  6.336 0.0000000000
4351  35.417  -89.018  5.826 0.0000000000
4352  34.742  -89.040  5.532 0.0000000000
4353  34.394  -89.194  5.317 0.0000000000
4354  27.753  -88.644  5.304 0.0000000000
4363  38.320  -88.227  5.870 0.0000000000
4364  37.779  -88.635  5.380 0.0000000000
4365  37.043  -88.915  4.697 0.0000000000
4366  34.425  -88.911  5.330 0.0000000000
4367  33.941  -88.931  5.002 0.0000000000
4368  33.115  -88.741  4.364 0.0000000000
4369  27.470  -88.613  4.838 0.0000000000
4370  27.174  -88.915  4.224 0.0000000000
4378  37.480  -88.375  4.033 0.0000000000
4379  36.736  -88.908  3.647 0.0000000000
4380  32.578  -88.501  3.858 0.0000000000
4381  32.048  -88.560  3.502 0.0000000000
4382  27.269  -88.291  4.186 0.0000000000
4383  26.837  -88.650  3.448 0.0000000000
4392  31.468  -88.652  3.154 0.0000000000
4393  30.979  -88.587  2.514 0.0000000000
4394  26.315  -88.270  2.246 0.0000000000
4402  30.131  -88.336  1.618 0.0000000000
4403  29.386  -87.846  1.216 0.0000000000
4404  26.195  -88.593  1.062 0.0000000000
4405  26.073  -89.035  0.729 0.0000000000
4414  30.028  -89.175  0.865 0.0000000000
4415  29.148  -88.432  0.661 0.0000000000
4416  27.991  -88.466  -0.066 0.0000000000
4417  26.993  -88.284  0.067 0.0000000000
4418  26.448  -88.664  0.371 0.0000000000
4419  26.196  -88.884  0.625 0.0000000000
4431  27.729  -88.969  -0.570 0.0000000000
4432  27.178  -88.772  -0.395 0.0000000000
4433  26.679  -88.749  -0.102 0.0000000000
4876  31.177  -87.718  8.689 0.0000000000
4877  30.498  -87.814  8.246 0.0000000000
4892  30.650  -87.290  8.124 0.0000000000
4893  29.816  -87.457  7.620 0.0000000000
4894  29.053  -88.030  6.985 0.0000000000
4909  39.097  -86.973  6.694 0.0000000000
4910  38.328  -87.466  7.006 0.0000000000
4911  37.515  -87.739  7.110 0.0000000000
4912  37.117  -88.114  7.076 0.0000000000
4913  29.066  -87.355  6.755 0.0000000000
4914  28.410  -87.819  6.201 0.0000000000
4915  28.120  -88.317  5.840 0.0000000000
4927  39.228  -87.115  5.929 0.0000000000
4928  38.577  -87.819  6.347 0.0000000000
4929  37.310  -87.524  6.991 0.0000000000
4930  36.854  -87.876  6.812 0.0000000000
4931  35.797  -88.185  5.862 0.0000000000
4932  35.152  -88.669  5.624 0.0000000000
4933  28.177  -87.490  5.568 0.0000000000
4934  27.896  -88.050  5.403 0.0000000000
4943  39.193  -87.090  5.329 0.0000000000
4944  38.677  -87.696  5.272 0.0000000000
4945  38.174  -87.995  4.398 0.0000000000
4946  35.381  -87.777  5.322 0.0000000000
4947  34.701  -88.249  5.172 0.0000000000
4948  33.640  -88.039  4.490 0.0000000000
4949  32.883  -87.904  4.025 0.0000000000
4950  27.573  -87.745  4.617 0.0000000000
4956  39.163  -87.033  4.763 0.0000000000
4957  38.799  -87.372  3.921 0.0000000000
4958  38.051  -87.815  3.318 0.0000000000
4959  32.254  -87.831  3.673 0.0000000000
4960  31.567  -87.760  3.371 0.0000000000
4961  31.069  -87.326  3.011 0.0000000000
4962  27.262  -87.582  3.822 0.0000000000
4963  26.814  -87.469  2.991 0.0000000000
4968  31.115  -87.957  2.908 0.0000000000
4969  30.521  -87.464  2.442 0.0000000000
4970  29.928  -86.969  2.116 0.0000000000
4971  26.769  -87.316  2.225 0.0000000000
4979  29.964  -87.467  1.952 0.0000000000
4980  29.357  -87.117  1.598 0.0000000000
4981  28.365  -87.083  1.301 0.0000000000
4982  27.581  -87.236  1.163 0.0000000000
4983  26.768  -87.506  1.371 0.0000000000
4994  28.866  -87.623  1.108 0.0000000000
4995  28.201  -87.702  0.739 0.0000000000
4996  27.331  -87.779  0.588 0.0000000000
4997  26.680  -88.091  0.655 0.0000000000
5526  31.792  -86.595  8.556 0.0000000000
5527  31.082  -87.022  8.288 0.0000000000
5538  31.371  -85.960  7.957 0.0000000000
5539  30.723  -86.458  7.800 0.0000000000
5540  29.937  -86.306  7.165 0.0000000000
5556  40.152  -85.807  6.581 0.0000000000
5557  39.493  -86.155  6.780 0.0000000000
5558  38.639  -86.549  6.973 0.0000000000
5559  38.020  -87.172  7.145 0.0000000000
5560  29.342  -86.591  6.700 0.0000000000
5561  28.818  -86.954  6.235 0.0000000000
5572  40.292  -85.986  6.267 0.0000000000
5573  39.779  -86.347  6.257 0.0000000000
5574  38.300  -86.263  6.713 0.0000000000
5575  37.600  -86.885  6.643 0.0000000000
5576  36.582  -87.347  5.905 0.0000000000
5577  35.815  -87.435  5.415 0.0000000000
5578  28.426  -86.900  5.588 0.0000000000
5579  28.016  -87.254  5.057 0.0000000000
5585  40.288  -86.043  5.843 0.0000000000
5586  39.602  -86.391  5.274 0.0000000000
5587  37.001  -86.564  5.546 0.0000000000
5588  36.166  -86.691  5.074 0.0000000000
5589  35.204  -87.029  4.707 0.0000000000
5590  34.058  -87.086  4.337 0.0000000000
5591  33.184  -87.130  4.040 0.0000000000
5592  32.557  -87.124  3.745 0.0000000000
5593  28.212  -86.586  4.892 0.0000000000
5594  27.785  -86.823  4.283 0.0000000000
5597  39.354  -86.435  4.026 0.0000000000
5598  39.081  -86.860  3.077 0.0000000000
5599  32.006  -87.140  3.508 0.0000000000
5600  31.476  -86.834  3.274 0.0000000000
5601  30.811  -86.627  2.911 0.0000000000
5602  27.483  -86.667  3.355 0.0000000000
5603  27.157  -86.817  2.608 0.0000000000
5608  30.191  -86.509  2.517 0.0000000000
5609  29.531  -86.430  2.257 0.0000000000
5610  28.856  -86.172  2.364 0.0000000000
5611  27.911  -86.215  2.536 0.0000000000
5612  27.230  -86.883  1.975 0.0000000000
5624  29.075  -86.483  1.959 0.0000000000
5625  28.536  -86.519  1.828 0.0000000000
5626  27.773  -86.735  1.678 0.0000000000
5627  27.306  -87.063  1.542 0.0000000000
6159  32.716  -85.932  8.561 0.0000000000
6166  32.973  -85.346  8.177 0.0000000000
6167  32.038  -85.457  7.963 0.0000000000
6168  31.034  -85.397  7.425 0.0000000000
6169  30.327  -85.716  7.150 0.0000000000
6178  40.273  -85.233  6.508 0.0000000000
6179  39.758  -85.341  6.713 0.0000000000
6180  39.236  -85.906  6.881 0.0000000000
6181  30.451  -85.135  6.814 0.0000000000
6182  29.793  -85.488  6.317 0.0000000000
6183  28.949  -86.198  5.904 0.0000000000
6189  40.553  -85.462  6.081 0.0000000000
6190  39.488  -85.111  6.512 0.0000000000
6191  38.881  -85.602  6.374 0.0000000000
6192  38.151  -86.105  6.383 0.0000000000
6193  29.124  -85.416  5.207 0.0000000000
6194  28.571  -86.159  5.193 0.0000000000
6199  39.764  -85.903  4.558 0.0000000000
6200  38.597  -85.290  5.666 0.0000000000
6201  37.849  -85.710  5.402 0.0000000000
6202  36.707  -85.981  4.716 0.0000000000
6203  35.669  -85.636  4.253 0.0000000000
6204  34.368  -85.832  4.063 0.0000000000
6205  33.181  -86.047  3.907 0.0000000000
6206  32.778  -86.601  3.824 0.0000000000
6207  29.084  -85.149  4.215 0.0000000000
6208  28.333  -85.908  4.335 0.0000000000
6209  27.856  -86.280  3.847 0.0000000000
6218  37.671  -85.208  4.488 0.0000000000
6219  37.076  -85.412  4.288 0.0000000000
6220  36.419  -85.463  4.212 0.0000000000
6221  32.676  -85.663  3.761 0.0000000000
6222  32.200  -86.179  3.607 0.0000000000
6223  31.257  -86.075  3.272 0.0000000000
6224  30.376  -85.745  3.047 0.0000000000
6225  29.477  -85.347  3.459 0.0000000000
6226  28.616  -85.593  3.564 0.0000000000
6227  27.963  -85.939  3.445 0.0000000000
6235  29.892  -86.090  2.602 0.0000000000
6236  29.468  -85.866  2.741 0.0000000000
6237  28.734  -85.755  2.928 0.0000000000
6238  28.262  -85.795  3.096 0.0000000000
6862  34.092  -84.736  8.637 0.0000000000
6863  33.501  -84.971  8.183 0.0000000000
6870  33.605  -84.368  8.061 0.0000000000
6871  32.784  -84.560  7.741 0.0000000000
6872  31.684  -84.545  7.202 0.0000000000
6873  30.907  -84.717  6.878 0.0000000000
6881  40.105  -84.906  6.592 0.0000000000
6882  39.812  -84.960  6.649 0.0000000000
6883  31.160  -84.163  6.625 0.0000000000
6884  30.471  -84.578  6.158 0.0000000000
6885  30.084  -84.998  5.993 0.0000000000
6896  40.551  -84.542  6.122 0.0000000000
6897  39.857  -84.575  6.361 0.0000000000
6898  39.328  -84.963  6.301 0.0000000000
6899  30.345  -84.317  5.280 0.0000000000
6900  29.899  -84.881  5.615 0.0000000000
6909  39.682  -84.163  5.802 0.0000000000
6910  39.063  -84.646  5.550 0.0000000000
6911  38.479  -85.128  5.284 0.0000000000
6912  35.556  -84.803  3.852 0.0000000000
6913  34.738  -84.458  3.892 0.0000000000
6914  33.308  -84.714  3.840 0.0000000000
6915  32.143  -84.357  4.026 0.0000000000
6916  31.184  -84.378  4.246 0.0000000000
6917  30.383  -84.437  4.495 0.0000000000
6918  29.690  -84.697  4.803 0.0000000000
6929  38.775  -84.389  4.889 0.0000000000
6930  38.314  -84.767  4.634 0.0000000000
6931  37.432  -84.830  3.838 0.0000000000
6932  36.324  -84.820  3.712 0.0000000000
6933  35.544  -84.251  3.657 0.0000000000
6934  32.904  -85.369  3.777 0.0000000000
6935  32.437  -85.208  3.778 0.0000000000
6936  31.420  -85.225  3.690 0.0000000000
6937  30.420  -84.883  3.763 0.0000000000
6938  29.764  -84.767  4.087 0.0000000000
7609  34.280  -83.775  8.852 0.0000000000
7610  33.945  -83.910  8.278 0.0000000000
7620  34.078  -83.118  7.991 0.0000000000
7621  33.328  -83.634  7.667 0.0000000000
7622  32.248  -83.596  7.123 0.0000000000
7623  31.620  -83.906  6.857 0.0000000000
7634  32.093  -83.225  6.619 0.0000000000
7635  31.573  -83.498  6.340 0.0000000000
7636  30.949  -83.945  6.235 0.0000000000
7650  40.355  -84.077  5.966 0.0000000000
7651  32.270  -83.029  5.161 0.0000000000
7652  31.574  -83.431  5.447 0.0000000000
7653  30.909  -83.852  5.732 0.0000000000
7663  40.187  -83.605  5.708 0.0000000000
7664  39.521  -83.892  5.382 0.0000000000
7665  34.498  -83.496  3.928 0.0000000000
7666  33.875  -83.526  4.178 0.0000000000
7667  32.796  -83.443  4.449 0.0000000000
7668  31.788  -83.662  4.644 0.0000000000
7669  31.002  -83.945  4.947 0.0000000000
7680  39.757  -83.386  5.052 0.0000000000
7681  38.990  -83.807  4.478 0.0000000000
7682  38.032  -84.108  3.602 0.0000000000
7683  37.024  -84.068  3.180 0.0000000000
7684  36.007  -83.699  3.209 0.0000000000
7685  35.088  -83.440  3.650 0.0000000000
7696  38.482  -83.381  3.364 0.0000000000
7697  37.693  -83.339  2.825 0.0000000000
7698  36.699  -83.165  2.684 0.0000000000
7699  35.971  -82.944  2.778 0.0000000000
8378  34.111  -83.098  9.267 0.0000000000
8393  34.446  -82.535  8.353 0.0000000000
8407  34.280  -82.173  7.265 0.0000000000
8408  33.480  -82.831  7.248 0.0000000000
8409  32.903  -83.195  7.177 0.0000000000
8421  34.135  -81.897  6.134 0.0000000000
8422  33.540  -82.393  6.466 0.0000000000
8423  32.627  -82.905  6.598 0.0000000000
8424  32.055  -83.080  6.373 0.0000000000
8441  34.035  -82.148  5.269 0.0000000000
8442  33.625  -82.261  5.703 0.0000000000
8443  32.882  -82.589  5.692 0.0000000000
8444  32.046  -82.881  5.941 0.0000000000
8457  34.368  -82.621  4.333 0.0000000000
8458  33.483  -82.686  4.914 0.0000000000
8459  32.839  -82.843  5.030 0.0000000000
8470  39.120  -82.994  3.541 0.0000000000
8471  35.489  -83.005  3.148 0.0000000000
8472  34.948  -82.447  3.467 0.0000000000
8480  38.520  -82.526  2.653 0.0000000000
8481  37.282  -82.385  2.174 0.0000000000
8482  36.249  -82.353  2.316 0.0000000000
8483  35.443  -82.388  2.681 0.0000000000
8484  34.911  -81.998  2.861 0.0000000000
8488  36.627  -81.871  1.913 0.0000000000
8489  36.068  -81.724  1.946 0.0000000000
9158  33.892  -82.531  9.211 0.0000000000
9159  33.348  -82.255  9.187 0.0000000000
9171  34.292  -81.786  8.728 0.0000000000
9172  33.225  -81.318  8.765 0.0000000000
9186  35.004  -81.494  7.689 0.0000000000
9197  34.730  -81.444  6.517 0.0000000000
9212  34.433  -81.635  5.296 0.0000000000
9220  34.622  -81.799  4.232 0.0000000000
9228  34.674  -81.674  3.391 0.0000000000
9240  37.989  -81.429  1.849 0.0000000000
9241  37.105  -81.607  1.736 0.0000000000
9242  35.644  -81.899  2.197 0.0000000000
9243  35.059  -81.755  2.296 0.0000000000
9244  34.627  -81.466  2.661 0.0000000000
9256  37.176  -80.997  1.530 0.0000000000
9257  36.392  -81.197  1.601 0.0000000000
9258  35.423  -81.276  1.771 0.0000000000
9259  34.654  -81.107  2.101 0.0000000000
9260  34.435  -80.982  2.525 0.0000000000
9917  34.866  -80.894  8.180 0.0000000000
9918  34.000  -80.543  8.326 0.0000000000
9919  32.916  -80.305  8.495 0.0000000000
9931  34.984  -80.632  7.445 0.0000000000
9932  34.579  -80.377  7.798 0.0000000000
9941  35.123  -80.864  6.737 0.0000000000
9949  34.845  -80.896  5.681 0.0000000000
9950  34.503  -80.597  5.276 0.0000000000
9961  34.561  -81.233  4.828 0.0000000000
9962  34.509  -80.827  4.790 0.0000000000
9976  34.607  -81.169  4.054 0.0000000000
9977  34.222  -80.638  3.981 0.0000000000
9994  34.301  -80.998  3.134 0.0000000000
9995  33.761  -80.406  3.200 0.0000000000
10011  36.674  -80.297  1.419 0.0000000000
10012  35.704  -80.373  1.463 0.0000000000
10013  34.779  -80.391  1.680 0.0000000000
10014  34.092  -80.343  2.378 0.0000000000
10015  33.536  -80.006  2.735 0.0000000000
10649  33.357  -79.741  8.127 0.0000000000
10650  32.559  -79.251  8.268 0.0000000000
10659  34.594  -80.162  7.280 0.0000000000
10660  33.951  -79.787  7.576 0.0000000000
10661  33.019  -79.115  7.628 0.0000000000
10670  34.806  -80.344  6.714 0.0000000000
10671  34.199  -79.790  6.687 0.0000000000
10672  33.324  -79.217  6.826 0.0000000000
10678  34.897  -80.549  6.247 0.0000000000
10679  34.407  -80.208  5.776 0.0000000000
10680  33.486  -79.552  5.885 0.0000000000
10695  34.165  -80.402  4.800 0.0000000000
10696  33.533  -79.914  4.928 0.0000000000
10713  33.587  -80.201  4.020 0.0000000000
10714  32.882  -79.646  4.050 0.0000000000
10729  33.179  -79.869  3.203 0.0000000000
10730  32.593  -79.182  3.174 0.0000000000
10745  35.037  -79.466  1.399 0.0000000000
10746  34.084  -79.469  1.681 0.0000000000
10747  33.185  -79.358  2.365 0.0000000000
10748  32.568  -78.785  2.665 0.0000000000
11426  32.539  -78.324  7.880 0.0000000000
11436  32.530  -78.265  7.018 0.0000000000
11437  32.056  -77.757  6.662 0.0000000000
11451  32.687  -78.808  5.997 0.0000000000
11452  32.021  -78.063  6.075 0.0000000000
11468  32.755  -79.264  5.005 0.0000000000
11469  32.051  -78.467  5.086 0.0000000000
11484  32.221  -78.872  4.056 0.0000000000
11499  31.931  -78.268  3.052 0.0000000000
11514  34.388  -78.487  1.412 0.0000000000
11515  33.432  -78.451  1.718 0.0000000000
11516  32.629  -78.305  2.249 0.0000000000
12263  32.337  -77.841  7.570 0.0000000000
12319  32.096  -77.371  2.381 0.0000000000
12338  33.782  -77.454  1.502 0.0000000000
12339  32.868  -77.435  1.819 0.0000000000
