#!ascii label  , from subject FREESURFER vox2ras=TkReg 
287
13185  46.433  -76.454  -2.863 0.0000000000
13186  45.871  -77.151  -2.692 0.0000000000
13202  46.386  -76.455  -3.629 0.0000000000
13222  45.778  -76.307  -4.251 0.0000000000
13952  46.812  -75.695  -2.249 0.0000000000
13956  46.947  -75.769  -3.163 0.0000000000
13972  46.777  -76.100  -3.832 0.0000000000
13973  46.387  -76.388  -3.963 0.0000000000
13999  46.789  -75.491  -4.298 0.0000000000
14000  46.233  -75.846  -4.466 0.0000000000
14020  45.685  -75.310  -5.062 0.0000000000
14021  44.964  -75.235  -5.342 0.0000000000
14705  48.250  -73.783  2.523 0.0000000000
14721  48.198  -73.729  2.174 0.0000000000
14722  47.759  -74.150  2.123 0.0000000000
14740  47.396  -74.077  1.027 0.0000000000
14756  47.415  -74.067  -0.112 0.0000000000
14757  46.949  -74.772  -0.657 0.0000000000
14765  47.709  -74.215  -1.288 0.0000000000
14766  47.186  -74.937  -1.791 0.0000000000
14778  47.861  -74.262  -2.477 0.0000000000
14779  47.281  -75.026  -2.906 0.0000000000
14796  47.796  -74.149  -3.844 0.0000000000
14797  47.135  -75.243  -3.858 0.0000000000
14822  47.560  -73.804  -4.633 0.0000000000
14823  46.876  -74.532  -4.929 0.0000000000
14824  46.146  -75.112  -5.139 0.0000000000
14849  46.522  -74.045  -5.822 0.0000000000
14850  45.726  -74.608  -5.988 0.0000000000
14851  44.539  -74.816  -6.197 0.0000000000
14878  45.382  -74.269  -6.568 0.0000000000
14879  44.913  -74.359  -6.734 0.0000000000
15554  49.164  -72.933  3.148 0.0000000000
15570  49.157  -72.879  2.412 0.0000000000
15571  48.684  -73.374  2.758 0.0000000000
15583  49.102  -72.789  1.948 0.0000000000
15584  48.538  -73.228  1.726 0.0000000000
15585  47.867  -73.699  1.397 0.0000000000
15603  48.548  -72.846  0.050 0.0000000000
15604  47.919  -73.490  0.563 0.0000000000
15622  48.795  -72.892  -1.226 0.0000000000
15623  48.161  -73.504  -0.693 0.0000000000
15634  48.926  -72.924  -1.923 0.0000000000
15635  48.495  -73.504  -1.913 0.0000000000
15647  48.844  -72.850  -2.493 0.0000000000
15648  48.391  -73.451  -3.032 0.0000000000
15660  48.623  -72.682  -3.390 0.0000000000
15661  48.388  -73.219  -3.875 0.0000000000
15678  48.465  -72.605  -4.181 0.0000000000
15679  48.140  -73.120  -4.691 0.0000000000
15680  47.485  -73.459  -5.067 0.0000000000
15701  47.802  -72.816  -5.271 0.0000000000
15702  47.001  -73.065  -5.765 0.0000000000
15703  46.255  -73.744  -6.283 0.0000000000
15722  46.208  -73.007  -6.451 0.0000000000
15723  45.416  -73.695  -6.790 0.0000000000
16375  49.204  -72.298  3.174 0.0000000000
16389  49.347  -72.276  2.610 0.0000000000
16404  49.318  -72.286  1.772 0.0000000000
16405  49.039  -72.640  1.619 0.0000000000
16426  49.459  -71.618  0.927 0.0000000000
16427  49.071  -72.300  0.769 0.0000000000
16443  49.500  -71.558  -0.096 0.0000000000
16444  49.231  -72.311  -0.646 0.0000000000
16457  49.552  -71.706  -1.194 0.0000000000
16458  49.224  -72.402  -1.797 0.0000000000
16459  46.979  -71.723  -2.030 0.0000000000
16460  46.408  -71.814  -2.081 0.0000000000
16461  45.556  -71.810  -2.132 0.0000000000
16474  49.308  -71.815  -1.930 0.0000000000
16475  48.914  -72.080  -2.641 0.0000000000
16476  48.383  -71.699  -2.951 0.0000000000
16477  47.355  -71.724  -2.698 0.0000000000
16478  46.189  -71.816  -2.833 0.0000000000
16479  45.062  -71.724  -2.651 0.0000000000
16480  44.391  -71.666  -2.714 0.0000000000
16489  48.480  -71.937  -3.907 0.0000000000
16490  47.993  -71.503  -3.659 0.0000000000
16491  46.990  -71.487  -3.793 0.0000000000
16492  45.774  -71.515  -3.650 0.0000000000
16493  44.709  -71.578  -3.207 0.0000000000
16494  44.146  -71.662  -2.964 0.0000000000
16505  48.455  -72.128  -4.854 0.0000000000
16506  48.162  -72.514  -5.143 0.0000000000
16507  46.746  -71.172  -4.283 0.0000000000
16508  46.414  -71.308  -4.101 0.0000000000
16528  48.268  -71.734  -5.141 0.0000000000
16529  47.940  -72.030  -5.541 0.0000000000
16530  47.146  -71.867  -5.902 0.0000000000
16547  46.475  -72.082  -6.261 0.0000000000
16548  45.544  -72.366  -6.591 0.0000000000
16549  44.431  -72.791  -7.249 0.0000000000
17272  49.219  -72.101  3.193 0.0000000000
17273  49.078  -72.129  3.320 0.0000000000
17285  49.307  -71.793  2.796 0.0000000000
17286  48.877  -71.612  2.997 0.0000000000
17296  49.514  -71.309  1.682 0.0000000000
17297  48.535  -71.292  2.326 0.0000000000
17298  47.743  -71.499  2.040 0.0000000000
17322  49.793  -70.802  0.434 0.0000000000
17337  49.738  -70.802  -0.578 0.0000000000
17338  46.842  -70.801  -1.127 0.0000000000
17339  45.981  -70.906  -1.048 0.0000000000
17340  44.946  -70.976  -1.021 0.0000000000
17341  43.958  -70.849  -1.150 0.0000000000
17342  43.430  -70.692  -1.239 0.0000000000
17356  49.325  -71.132  -1.558 0.0000000000
17357  48.648  -71.005  -1.745 0.0000000000
17358  47.688  -71.069  -1.493 0.0000000000
17359  46.709  -71.416  -1.554 0.0000000000
17360  45.675  -71.507  -1.539 0.0000000000
17361  44.553  -71.556  -1.763 0.0000000000
17362  43.384  -71.057  -1.562 0.0000000000
17363  42.616  -71.119  -2.071 0.0000000000
17364  42.190  -71.066  -2.477 0.0000000000
17378  49.178  -71.690  -2.128 0.0000000000
17379  48.896  -71.518  -2.295 0.0000000000
17380  48.158  -71.499  -2.206 0.0000000000
17381  47.411  -71.573  -1.955 0.0000000000
17382  44.414  -71.664  -2.372 0.0000000000
17383  43.741  -71.521  -2.445 0.0000000000
17384  42.797  -71.332  -2.825 0.0000000000
17385  41.951  -71.184  -2.923 0.0000000000
17400  48.372  -71.705  -4.275 0.0000000000
17401  48.256  -71.530  -4.250 0.0000000000
17402  47.828  -71.276  -4.211 0.0000000000
17403  45.663  -71.269  -4.020 0.0000000000
17404  45.130  -71.312  -3.866 0.0000000000
17405  43.870  -71.485  -3.495 0.0000000000
17406  42.615  -71.137  -3.667 0.0000000000
17407  41.906  -70.991  -3.412 0.0000000000
17419  48.347  -71.676  -4.526 0.0000000000
17420  48.127  -71.320  -4.653 0.0000000000
17421  47.367  -71.062  -4.608 0.0000000000
17422  46.093  -70.983  -4.541 0.0000000000
17423  44.703  -70.944  -4.309 0.0000000000
17424  43.523  -70.860  -4.154 0.0000000000
17425  42.860  -70.847  -4.169 0.0000000000
17441  48.336  -71.594  -4.924 0.0000000000
17442  48.001  -71.357  -5.159 0.0000000000
17443  47.240  -71.114  -5.477 0.0000000000
17444  46.336  -70.781  -5.541 0.0000000000
17456  46.686  -71.295  -5.992 0.0000000000
17457  45.820  -71.106  -6.173 0.0000000000
17458  44.804  -71.462  -6.560 0.0000000000
17459  43.964  -71.573  -7.189 0.0000000000
18249  49.404  -71.221  2.136 0.0000000000
18250  49.275  -71.246  2.308 0.0000000000
18261  49.568  -70.526  1.524 0.0000000000
18262  49.138  -70.745  2.051 0.0000000000
18263  48.372  -70.654  1.684 0.0000000000
18264  47.258  -70.318  1.274 0.0000000000
18265  45.936  -70.205  1.144 0.0000000000
18284  50.399  -69.243  0.372 0.0000000000
18285  50.082  -70.140  0.841 0.0000000000
18286  46.992  -69.620  0.964 0.0000000000
18287  46.643  -69.820  1.052 0.0000000000
18298  50.544  -69.035  0.101 0.0000000000
18299  50.350  -69.677  -0.090 0.0000000000
18300  47.408  -70.142  -1.110 0.0000000000
18301  46.392  -70.119  -0.887 0.0000000000
18302  45.371  -70.123  -0.781 0.0000000000
18303  44.324  -70.123  -0.835 0.0000000000
18304  43.275  -70.180  -0.983 0.0000000000
18305  42.635  -69.934  -1.014 0.0000000000
18320  49.640  -69.942  -0.840 0.0000000000
18321  48.974  -70.198  -1.353 0.0000000000
18322  48.248  -70.415  -1.373 0.0000000000
18323  43.137  -70.611  -1.282 0.0000000000
18324  42.492  -70.423  -1.404 0.0000000000
18325  41.432  -70.541  -2.168 0.0000000000
18326  40.157  -69.884  -2.208 0.0000000000
18341  41.366  -70.748  -3.114 0.0000000000
18342  40.620  -70.229  -2.812 0.0000000000
18357  42.527  -70.757  -4.092 0.0000000000
18358  41.859  -70.553  -3.919 0.0000000000
18359  40.897  -70.186  -3.508 0.0000000000
18360  40.220  -69.862  -3.271 0.0000000000
18372  45.920  -70.633  -5.123 0.0000000000
18373  45.330  -70.569  -4.916 0.0000000000
18374  44.297  -70.216  -4.707 0.0000000000
18375  42.895  -70.217  -4.426 0.0000000000
18376  41.951  -69.794  -4.443 0.0000000000
18392  45.698  -70.593  -5.506 0.0000000000
18393  45.062  -70.376  -5.402 0.0000000000
18394  44.472  -69.924  -5.515 0.0000000000
18403  45.447  -70.560  -5.813 0.0000000000
18404  45.020  -70.535  -6.029 0.0000000000
18405  44.241  -70.363  -6.410 0.0000000000
18416  43.659  -70.527  -7.312 0.0000000000
19205  49.923  -70.004  1.310 0.0000000000
19206  49.674  -70.002  1.379 0.0000000000
19207  49.049  -69.940  1.403 0.0000000000
19208  48.241  -69.855  1.213 0.0000000000
19209  45.755  -69.330  0.976 0.0000000000
19224  50.456  -68.943  0.421 0.0000000000
19225  50.156  -69.421  0.923 0.0000000000
19226  49.629  -69.182  1.013 0.0000000000
19227  48.801  -69.101  0.919 0.0000000000
19228  47.665  -69.174  0.881 0.0000000000
19229  46.533  -69.092  0.765 0.0000000000
19238  50.551  -68.749  0.187 0.0000000000
19239  50.545  -68.677  -0.081 0.0000000000
19240  47.503  -69.468  -1.117 0.0000000000
19241  46.896  -69.334  -0.944 0.0000000000
19242  45.893  -69.202  -0.769 0.0000000000
19243  44.781  -69.207  -0.659 0.0000000000
19244  43.709  -69.244  -0.682 0.0000000000
19245  42.662  -69.273  -0.804 0.0000000000
19246  41.699  -69.079  -0.948 0.0000000000
19247  40.766  -68.999  -1.175 0.0000000000
19267  50.091  -68.668  -0.649 0.0000000000
19268  49.218  -69.082  -1.145 0.0000000000
19269  48.213  -69.501  -1.242 0.0000000000
19270  42.180  -69.723  -1.081 0.0000000000
19271  41.478  -69.776  -1.369 0.0000000000
19272  40.456  -69.592  -1.639 0.0000000000
19306  41.142  -69.789  -4.133 0.0000000000
19307  40.339  -69.638  -3.816 0.0000000000
19319  43.635  -69.547  -5.036 0.0000000000
19320  42.460  -69.137  -4.963 0.0000000000
19321  41.442  -69.122  -4.602 0.0000000000
19322  40.511  -69.169  -4.314 0.0000000000
19340  43.938  -69.536  -5.751 0.0000000000
19341  43.244  -69.034  -5.588 0.0000000000
19360  43.662  -69.462  -6.416 0.0000000000
19361  43.172  -68.621  -6.212 0.0000000000
19376  43.305  -69.294  -7.228 0.0000000000
19377  43.057  -68.337  -6.722 0.0000000000
20103  45.660  -68.560  0.958 0.0000000000
20115  50.455  -68.502  0.310 0.0000000000
20116  50.114  -68.417  0.620 0.0000000000
20117  49.443  -68.222  0.683 0.0000000000
20118  48.495  -68.106  0.758 0.0000000000
20119  47.435  -68.068  0.755 0.0000000000
20120  46.478  -67.886  0.763 0.0000000000
20131  50.575  -68.183  0.067 0.0000000000
20132  50.441  -67.927  -0.287 0.0000000000
20133  47.536  -68.829  -1.137 0.0000000000
20134  46.694  -68.168  -0.945 0.0000000000
20135  45.309  -68.234  -0.668 0.0000000000
20136  44.169  -68.306  -0.581 0.0000000000
20137  43.120  -68.342  -0.614 0.0000000000
20138  42.112  -68.314  -0.725 0.0000000000
20139  41.121  -68.249  -0.888 0.0000000000
20159  50.082  -67.662  -0.682 0.0000000000
20160  49.488  -67.922  -1.148 0.0000000000
20161  48.385  -68.309  -1.264 0.0000000000
20162  47.581  -68.202  -1.140 0.0000000000
20198  42.209  -68.671  -5.191 0.0000000000
20199  41.780  -68.574  -5.060 0.0000000000
20200  40.736  -68.339  -4.849 0.0000000000
20207  42.355  -68.295  -5.536 0.0000000000
20208  41.358  -67.945  -5.278 0.0000000000
20209  40.826  -67.858  -5.170 0.0000000000
20217  42.693  -67.966  -6.216 0.0000000000
20225  43.172  -68.227  -7.444 0.0000000000
20226  42.837  -67.782  -6.727 0.0000000000
21000  50.383  -67.941  0.269 0.0000000000
21001  49.974  -67.486  0.460 0.0000000000
21013  50.526  -67.987  0.137 0.0000000000
21014  50.469  -67.460  0.055 0.0000000000
21019  44.630  -67.407  -0.531 0.0000000000
21020  43.569  -67.494  -0.523 0.0000000000
21021  42.568  -67.513  -0.539 0.0000000000
21022  41.568  -67.500  -0.563 0.0000000000
21039  50.253  -67.204  -0.360 0.0000000000
21040  49.684  -66.915  -0.796 0.0000000000
21041  48.769  -67.195  -1.221 0.0000000000
21042  47.753  -67.559  -1.038 0.0000000000
21078  40.506  -67.804  -5.134 0.0000000000
21085  42.268  -67.715  -5.980 0.0000000000
21086  41.659  -67.379  -5.838 0.0000000000
21087  40.641  -67.375  -5.413 0.0000000000
21092  42.319  -67.264  -6.414 0.0000000000
21093  41.803  -66.996  -6.274 0.0000000000
21097  42.838  -67.278  -7.090 0.0000000000
21903  50.286  -66.969  -0.103 0.0000000000
21904  50.007  -66.732  -0.246 0.0000000000
21950  41.424  -66.829  -6.201 0.0000000000
21951  40.881  -66.810  -5.893 0.0000000000
21958  42.422  -66.751  -6.914 0.0000000000
21959  41.765  -66.510  -6.691 0.0000000000
21960  40.947  -66.431  -6.358 0.0000000000
21967  42.223  -66.401  -7.101 0.0000000000
22917  41.587  -66.138  -6.974 0.0000000000
22918  41.112  -65.940  -6.866 0.0000000000
