#!ascii label  , from subject FREESURFER vox2ras=TkReg 
222
21966  42.781  -66.460  -7.559 0.0000000000
21973  43.229  -66.328  -8.141 0.0000000000
22930  42.479  -65.876  -7.759 0.0000000000
22931  41.872  -65.891  -7.344 0.0000000000
22932  41.095  -65.314  -7.340 0.0000000000
22939  43.614  -65.612  -8.705 0.0000000000
22940  42.993  -65.712  -8.252 0.0000000000
23920  42.241  -65.425  -7.972 0.0000000000
23921  41.526  -64.847  -7.922 0.0000000000
23922  40.513  -64.498  -7.531 0.0000000000
23931  43.399  -64.933  -8.785 0.0000000000
23932  42.444  -64.629  -8.473 0.0000000000
23933  41.698  -64.016  -8.411 0.0000000000
23943  43.894  -64.310  -9.409 0.0000000000
24933  40.996  -63.883  -8.138 0.0000000000
24934  40.266  -63.308  -7.927 0.0000000000
24944  43.029  -64.001  -9.067 0.0000000000
24945  42.233  -63.381  -8.925 0.0000000000
24946  41.351  -63.240  -8.524 0.0000000000
24947  40.823  -63.212  -8.234 0.0000000000
24955  44.415  -63.455  -10.013 0.0000000000
24956  43.414  -63.361  -9.566 0.0000000000
24957  42.806  -63.321  -9.294 0.0000000000
25018  45.702  -63.123  -14.605 0.0000000000
25991  40.254  -62.740  -8.108 0.0000000000
25992  39.839  -62.459  -7.928 0.0000000000
26000  42.214  -62.782  -9.132 0.0000000000
26001  41.783  -62.468  -8.948 0.0000000000
26002  40.691  -62.410  -8.358 0.0000000000
26003  40.065  -61.723  -8.148 0.0000000000
26011  44.428  -62.668  -10.229 0.0000000000
26012  43.790  -62.540  -9.947 0.0000000000
26013  42.690  -62.456  -9.417 0.0000000000
26014  42.087  -61.702  -9.180 0.0000000000
26024  45.200  -62.726  -10.512 0.0000000000
26064  44.752  -62.786  -14.129 0.0000000000
26065  43.957  -62.228  -13.746 0.0000000000
26074  46.744  -62.760  -14.512 0.0000000000
26075  46.263  -62.771  -15.023 0.0000000000
26076  45.545  -62.362  -15.166 0.0000000000
26085  46.581  -62.232  -15.187 0.0000000000
26086  46.204  -62.176  -15.589 0.0000000000
26087  45.778  -62.000  -15.721 0.0000000000
27135  39.422  -61.308  -7.759 0.0000000000
27142  41.420  -61.257  -8.824 0.0000000000
27143  40.495  -61.217  -8.345 0.0000000000
27144  39.984  -61.159  -8.100 0.0000000000
27151  44.344  -61.992  -10.307 0.0000000000
27152  43.577  -61.356  -9.890 0.0000000000
27153  42.583  -61.234  -9.399 0.0000000000
27154  42.036  -61.139  -9.156 0.0000000000
27160  45.645  -62.166  -11.100 0.0000000000
27161  44.941  -61.448  -10.707 0.0000000000
27162  44.283  -61.317  -10.287 0.0000000000
27170  45.783  -61.743  -11.856 0.0000000000
27171  45.405  -61.547  -11.265 0.0000000000
27178  46.126  -61.723  -12.890 0.0000000000
27195  46.831  -62.366  -14.035 0.0000000000
27196  46.533  -61.712  -13.862 0.0000000000
27197  44.190  -61.951  -14.256 0.0000000000
27198  43.503  -61.565  -13.949 0.0000000000
27199  42.477  -61.255  -13.750 0.0000000000
27210  46.779  -61.792  -14.795 0.0000000000
27211  46.459  -61.131  -14.505 0.0000000000
27212  44.672  -61.877  -14.880 0.0000000000
27213  43.890  -61.346  -14.626 0.0000000000
27214  42.981  -60.970  -14.424 0.0000000000
27222  46.596  -61.550  -15.700 0.0000000000
27223  46.034  -61.693  -16.033 0.0000000000
27224  45.160  -61.531  -15.739 0.0000000000
27229  46.332  -61.183  -16.165 0.0000000000
27230  45.727  -61.070  -16.175 0.0000000000
27231  44.999  -60.812  -16.138 0.0000000000
28263  39.401  -60.398  -7.704 0.0000000000
28270  41.393  -60.387  -8.870 0.0000000000
28271  40.809  -60.356  -8.544 0.0000000000
28272  39.997  -60.378  -8.034 0.0000000000
28278  43.547  -60.494  -10.002 0.0000000000
28279  42.982  -60.434  -9.674 0.0000000000
28280  42.034  -60.362  -9.236 0.0000000000
28286  44.763  -60.702  -10.895 0.0000000000
28287  44.186  -60.539  -10.411 0.0000000000
28294  45.523  -61.252  -11.907 0.0000000000
28295  45.177  -60.875  -11.593 0.0000000000
28306  45.593  -61.154  -12.407 0.0000000000
28307  45.180  -60.398  -12.702 0.0000000000
28320  45.844  -60.888  -13.655 0.0000000000
28321  45.321  -60.077  -13.571 0.0000000000
28330  46.669  -60.702  -15.351 0.0000000000
28331  46.262  -60.488  -14.631 0.0000000000
28332  44.312  -61.201  -15.227 0.0000000000
28333  43.438  -60.720  -15.123 0.0000000000
28334  42.164  -60.380  -14.927 0.0000000000
28341  46.667  -60.775  -16.065 0.0000000000
28342  44.172  -60.672  -15.811 0.0000000000
28343  42.992  -60.008  -15.787 0.0000000000
28349  46.164  -60.597  -16.221 0.0000000000
28350  45.420  -60.347  -16.294 0.0000000000
28351  44.504  -60.187  -16.281 0.0000000000
28352  43.807  -60.118  -16.130 0.0000000000
29367  39.944  -59.125  -7.853 0.0000000000
29368  39.562  -59.505  -7.679 0.0000000000
29377  41.298  -59.537  -8.891 0.0000000000
29378  40.298  -59.319  -8.208 0.0000000000
29379  39.987  -59.742  -7.926 0.0000000000
29388  43.392  -59.671  -10.122 0.0000000000
29389  42.624  -59.505  -9.594 0.0000000000
29390  42.016  -59.311  -9.250 0.0000000000
29396  44.618  -60.044  -11.079 0.0000000000
29397  44.070  -59.410  -10.733 0.0000000000
29406  44.654  -59.695  -11.964 0.0000000000
29407  44.352  -59.314  -11.336 0.0000000000
29418  44.735  -59.569  -13.092 0.0000000000
29428  45.797  -60.000  -14.312 0.0000000000
29429  45.249  -59.423  -14.027 0.0000000000
29435  46.540  -60.035  -15.623 0.0000000000
29436  46.256  -59.744  -15.160 0.0000000000
29437  45.749  -59.389  -14.678 0.0000000000
29442  46.556  -60.183  -15.963 0.0000000000
29443  46.275  -59.542  -15.876 0.0000000000
29444  42.796  -59.481  -16.173 0.0000000000
29449  46.398  -60.338  -16.139 0.0000000000
29450  45.944  -59.752  -16.313 0.0000000000
29451  44.967  -59.564  -16.645 0.0000000000
29452  43.656  -59.453  -16.440 0.0000000000
30361  39.931  -58.542  -7.711 0.0000000000
30362  39.144  -58.453  -7.364 0.0000000000
30371  41.009  -58.445  -8.626 0.0000000000
30372  40.479  -58.261  -8.112 0.0000000000
30381  42.917  -58.656  -9.905 0.0000000000
30382  42.351  -58.596  -9.418 0.0000000000
30383  41.742  -58.563  -9.037 0.0000000000
30387  43.479  -58.612  -10.489 0.0000000000
30399  44.335  -59.017  -11.740 0.0000000000
30400  43.963  -58.481  -11.363 0.0000000000
30412  44.264  -58.648  -12.456 0.0000000000
30413  43.872  -58.033  -12.032 0.0000000000
30423  44.647  -58.765  -13.653 0.0000000000
30430  45.893  -59.157  -15.075 0.0000000000
30431  45.328  -58.679  -14.753 0.0000000000
30438  45.966  -58.838  -15.592 0.0000000000
30439  45.556  -58.160  -15.530 0.0000000000
30446  45.887  -58.641  -16.434 0.0000000000
30447  45.496  -58.724  -16.999 0.0000000000
30448  44.494  -58.677  -16.917 0.0000000000
30449  43.290  -58.368  -16.801 0.0000000000
30452  45.762  -57.980  -17.151 0.0000000000
30453  45.457  -58.066  -17.291 0.0000000000
31346  40.283  -57.526  -7.724 0.0000000000
31347  39.542  -57.535  -7.325 0.0000000000
31356  42.108  -57.309  -9.155 0.0000000000
31357  41.597  -57.590  -8.784 0.0000000000
31358  40.883  -57.487  -8.246 0.0000000000
31364  43.068  -57.938  -10.181 0.0000000000
31365  42.585  -57.617  -9.633 0.0000000000
31366  42.131  -57.937  -9.153 0.0000000000
31372  43.356  -57.545  -10.758 0.0000000000
31373  42.965  -57.262  -10.158 0.0000000000
31384  43.565  -57.441  -11.694 0.0000000000
31395  44.193  -58.091  -13.326 0.0000000000
31396  43.780  -57.532  -12.700 0.0000000000
31407  44.488  -58.009  -14.178 0.0000000000
31408  44.032  -57.404  -13.683 0.0000000000
31416  44.923  -57.585  -15.069 0.0000000000
31417  44.370  -57.290  -14.296 0.0000000000
31424  45.794  -58.040  -16.157 0.0000000000
31425  45.522  -57.553  -15.843 0.0000000000
31432  45.886  -57.647  -16.765 0.0000000000
31433  45.067  -58.182  -17.351 0.0000000000
31434  44.232  -57.778  -17.203 0.0000000000
31438  45.663  -57.254  -17.150 0.0000000000
31439  45.171  -57.402  -17.465 0.0000000000
31440  44.150  -56.882  -17.448 0.0000000000
32301  40.037  -56.768  -7.384 0.0000000000
32302  39.549  -56.624  -6.967 0.0000000000
32312  41.848  -56.782  -8.886 0.0000000000
32313  41.306  -56.616  -8.388 0.0000000000
32314  40.605  -56.505  -7.765 0.0000000000
32318  42.320  -56.619  -9.301 0.0000000000
32324  43.067  -56.587  -10.380 0.0000000000
32325  42.762  -56.626  -9.835 0.0000000000
32337  43.331  -56.497  -11.147 0.0000000000
32348  43.526  -56.446  -12.201 0.0000000000
32358  44.009  -56.042  -14.058 0.0000000000
32359  43.816  -56.454  -13.472 0.0000000000
32365  44.345  -56.541  -14.571 0.0000000000
32366  44.086  -56.926  -14.018 0.0000000000
32371  45.669  -57.328  -16.397 0.0000000000
32372  45.181  -56.642  -15.902 0.0000000000
32379  45.718  -56.601  -16.851 0.0000000000
32380  45.414  -56.151  -16.529 0.0000000000
32383  45.362  -56.447  -17.414 0.0000000000
32384  44.783  -56.306  -17.777 0.0000000000
32385  43.975  -56.120  -17.632 0.0000000000
33222  40.001  -55.145  -5.985 0.0000000000
33223  39.509  -55.824  -6.200 0.0000000000
33235  40.746  -55.141  -7.318 0.0000000000
33236  40.198  -55.705  -7.052 0.0000000000
33237  39.570  -56.160  -6.652 0.0000000000
33248  41.880  -55.786  -8.721 0.0000000000
33249  40.982  -55.579  -7.842 0.0000000000
33250  40.578  -55.913  -7.581 0.0000000000
33257  42.975  -55.036  -9.796 0.0000000000
33258  42.703  -55.621  -9.500 0.0000000000
33269  43.132  -55.517  -10.388 0.0000000000
33270  42.955  -56.090  -10.003 0.0000000000
33284  43.468  -55.437  -11.513 0.0000000000
33297  43.785  -55.317  -12.656 0.0000000000
33308  44.144  -55.750  -14.418 0.0000000000
33309  43.991  -55.419  -13.748 0.0000000000
33316  44.453  -55.584  -15.242 0.0000000000
34198  40.497  -54.860  -6.423 0.0000000000
34211  41.176  -54.562  -7.333 0.0000000000
34212  40.722  -54.865  -6.920 0.0000000000
34222  42.341  -54.712  -8.800 0.0000000000
34223  41.657  -54.668  -8.154 0.0000000000
34230  43.094  -54.425  -9.988 0.0000000000
34231  42.781  -54.542  -9.393 0.0000000000
34244  43.344  -54.420  -10.884 0.0000000000
35211  42.216  -53.744  -8.208 0.0000000000
35212  41.715  -53.962  -7.602 0.0000000000
35221  42.647  -53.954  -8.846 0.0000000000
