#!ascii label  , from subject FREESURFER vox2ras=TkReg 
388
396  27.640  -97.726  -9.110 0.0000000000
397  27.315  -97.677  -9.005 0.0000000000
398  27.065  -97.753  -8.911 0.0000000000
399  27.496  -97.704  -9.310 0.0000000000
400  27.196  -97.732  -9.402 0.0000000000
401  26.933  -97.748  -9.126 0.0000000000
402  26.979  -97.809  -9.726 0.0000000000
403  26.835  -97.745  -9.515 0.0000000000
603  29.056  -97.484  -8.174 0.0000000000
604  28.644  -97.508  -8.244 0.0000000000
605  27.853  -97.576  -8.322 0.0000000000
606  27.206  -97.532  -8.398 0.0000000000
607  29.614  -97.344  -8.504 0.0000000000
608  29.132  -97.507  -8.555 0.0000000000
609  28.071  -97.653  -8.903 0.0000000000
610  27.344  -97.641  -8.738 0.0000000000
611  26.692  -97.597  -8.735 0.0000000000
612  25.981  -97.353  -8.950 0.0000000000
613  25.526  -97.137  -9.136 0.0000000000
614  29.654  -97.272  -8.975 0.0000000000
615  28.889  -97.445  -9.723 0.0000000000
616  27.821  -97.677  -9.609 0.0000000000
617  27.417  -97.728  -9.566 0.0000000000
618  26.390  -97.596  -9.381 0.0000000000
619  25.758  -97.337  -9.424 0.0000000000
620  25.438  -97.145  -9.393 0.0000000000
621  28.765  -97.171  -10.521 0.0000000000
622  28.062  -97.375  -10.612 0.0000000000
623  27.262  -97.759  -10.039 0.0000000000
624  26.569  -97.735  -9.956 0.0000000000
625  25.765  -97.507  -9.926 0.0000000000
626  25.413  -97.216  -9.633 0.0000000000
627  27.643  -97.120  -11.174 0.0000000000
628  27.253  -97.369  -10.855 0.0000000000
629  26.721  -97.554  -10.513 0.0000000000
630  26.014  -97.541  -10.580 0.0000000000
827  30.008  -96.943  -7.050 0.0000000000
828  29.402  -96.906  -6.892 0.0000000000
829  28.638  -96.946  -7.060 0.0000000000
830  27.879  -96.957  -7.317 0.0000000000
841  31.150  -96.799  -7.886 0.0000000000
842  30.593  -96.954  -7.576 0.0000000000
843  29.378  -97.348  -7.772 0.0000000000
844  28.334  -97.366  -7.760 0.0000000000
845  27.509  -97.278  -7.936 0.0000000000
846  26.553  -97.268  -8.123 0.0000000000
847  25.530  -97.021  -7.879 0.0000000000
848  24.573  -96.588  -7.780 0.0000000000
859  30.808  -96.823  -8.266 0.0000000000
860  30.041  -97.223  -8.335 0.0000000000
861  29.562  -97.382  -8.283 0.0000000000
862  26.428  -97.485  -8.456 0.0000000000
863  26.091  -97.353  -8.446 0.0000000000
864  25.268  -97.012  -8.563 0.0000000000
865  24.177  -96.491  -8.503 0.0000000000
874  30.934  -96.469  -8.605 0.0000000000
875  30.370  -96.724  -9.049 0.0000000000
876  29.763  -97.071  -9.708 0.0000000000
877  24.991  -96.843  -9.284 0.0000000000
878  24.488  -96.442  -9.122 0.0000000000
879  30.149  -96.668  -9.920 0.0000000000
880  29.397  -96.738  -10.592 0.0000000000
881  28.602  -96.939  -10.965 0.0000000000
882  25.464  -97.184  -10.433 0.0000000000
883  25.020  -97.212  -10.014 0.0000000000
884  28.657  -96.554  -11.250 0.0000000000
885  27.952  -96.813  -11.590 0.0000000000
886  27.209  -97.006  -11.517 0.0000000000
887  26.436  -97.201  -11.181 0.0000000000
888  25.378  -97.097  -11.141 0.0000000000
889  24.931  -96.939  -10.566 0.0000000000
890  27.639  -96.437  -11.852 0.0000000000
891  27.237  -96.512  -11.914 0.0000000000
892  26.464  -96.717  -11.877 0.0000000000
893  25.848  -96.726  -11.515 0.0000000000
1115  31.006  -96.152  -5.166 0.0000000000
1116  30.508  -96.206  -4.734 0.0000000000
1117  30.038  -95.999  -4.499 0.0000000000
1127  30.988  -96.024  -6.044 0.0000000000
1128  30.445  -96.344  -5.681 0.0000000000
1129  29.594  -96.222  -5.244 0.0000000000
1130  28.544  -96.049  -5.658 0.0000000000
1131  27.912  -95.885  -5.711 0.0000000000
1141  31.120  -96.113  -6.708 0.0000000000
1142  30.646  -96.529  -6.756 0.0000000000
1143  29.869  -96.625  -6.299 0.0000000000
1144  28.980  -96.558  -6.238 0.0000000000
1145  27.684  -96.312  -6.345 0.0000000000
1146  26.471  -96.207  -6.696 0.0000000000
1147  25.432  -96.122  -6.690 0.0000000000
1148  24.483  -95.948  -6.564 0.0000000000
1157  31.792  -95.688  -7.975 0.0000000000
1158  31.262  -96.302  -7.411 0.0000000000
1159  30.851  -96.671  -7.245 0.0000000000
1160  27.050  -96.725  -7.384 0.0000000000
1161  25.985  -96.665  -7.350 0.0000000000
1162  24.981  -96.433  -7.235 0.0000000000
1163  24.017  -96.177  -7.004 0.0000000000
1172  31.610  -95.831  -8.494 0.0000000000
1173  31.357  -96.381  -8.274 0.0000000000
1183  31.552  -95.653  -8.678 0.0000000000
1184  31.180  -96.069  -9.014 0.0000000000
1185  30.554  -96.297  -9.611 0.0000000000
1186  24.656  -96.331  -9.380 0.0000000000
1194  30.765  -95.948  -9.652 0.0000000000
1195  30.302  -96.173  -10.265 0.0000000000
1196  29.803  -96.049  -10.936 0.0000000000
1197  24.748  -96.358  -9.967 0.0000000000
1200  29.055  -96.092  -11.222 0.0000000000
1201  28.113  -96.156  -11.578 0.0000000000
1202  27.664  -95.863  -11.787 0.0000000000
1203  25.318  -96.458  -11.410 0.0000000000
1206  27.809  -96.366  -11.792 0.0000000000
1207  27.417  -96.042  -11.965 0.0000000000
1208  26.378  -95.935  -12.213 0.0000000000
1209  25.658  -96.234  -11.885 0.0000000000
1420  32.270  -95.395  -1.272 0.0000000000
1421  31.598  -95.637  -1.432 0.0000000000
1422  31.004  -95.711  -1.347 0.0000000000
1434  32.083  -95.326  -2.245 0.0000000000
1435  31.458  -95.591  -2.337 0.0000000000
1436  30.897  -95.698  -2.083 0.0000000000
1437  30.401  -95.393  -2.179 0.0000000000
1449  32.163  -95.249  -3.032 0.0000000000
1450  31.697  -95.527  -3.064 0.0000000000
1451  31.033  -95.899  -3.032 0.0000000000
1452  30.181  -95.439  -2.955 0.0000000000
1459  32.032  -95.203  -3.754 0.0000000000
1460  31.346  -95.888  -4.185 0.0000000000
1461  30.444  -95.923  -3.892 0.0000000000
1462  29.398  -95.328  -4.198 0.0000000000
1463  28.303  -95.155  -4.689 0.0000000000
1464  27.660  -95.170  -5.040 0.0000000000
1473  31.808  -95.075  -4.752 0.0000000000
1474  31.415  -95.477  -5.423 0.0000000000
1475  28.812  -95.682  -5.030 0.0000000000
1476  28.083  -95.608  -5.270 0.0000000000
1477  27.267  -95.540  -5.551 0.0000000000
1478  26.275  -95.203  -5.667 0.0000000000
1479  25.359  -95.116  -5.695 0.0000000000
1480  24.514  -95.141  -5.584 0.0000000000
1489  32.081  -94.931  -7.228 0.0000000000
1490  31.571  -95.401  -6.653 0.0000000000
1491  27.227  -95.954  -5.941 0.0000000000
1492  26.783  -95.857  -6.035 0.0000000000
1493  25.867  -95.678  -6.169 0.0000000000
1494  24.947  -95.570  -6.148 0.0000000000
1495  24.197  -95.574  -5.975 0.0000000000
1505  32.689  -94.437  -7.702 0.0000000000
1506  32.414  -94.760  -7.655 0.0000000000
1507  31.812  -95.388  -7.465 0.0000000000
1516  32.583  -94.503  -7.968 0.0000000000
1517  31.855  -95.167  -8.282 0.0000000000
1524  31.495  -95.453  -8.849 0.0000000000
1525  31.133  -95.569  -9.385 0.0000000000
1533  30.627  -95.629  -9.872 0.0000000000
1534  30.092  -95.599  -10.427 0.0000000000
1535  29.246  -95.621  -10.863 0.0000000000
1536  28.580  -95.397  -10.877 0.0000000000
1537  28.223  -95.482  -11.111 0.0000000000
1542  29.012  -95.826  -11.160 0.0000000000
1543  28.617  -95.768  -11.226 0.0000000000
1544  27.762  -95.593  -11.474 0.0000000000
1545  27.034  -95.288  -11.735 0.0000000000
1549  27.327  -95.644  -11.848 0.0000000000
1550  26.633  -95.385  -12.060 0.0000000000
1554  25.993  -95.286  -12.315 0.0000000000
1774  32.418  -94.816  0.782 0.0000000000
1775  31.998  -94.797  0.878 0.0000000000
1782  32.635  -95.114  0.040 0.0000000000
1783  31.791  -95.065  0.355 0.0000000000
1784  31.314  -94.873  0.013 0.0000000000
1791  32.588  -95.158  -0.773 0.0000000000
1792  32.099  -95.516  -0.515 0.0000000000
1793  31.079  -95.218  -0.618 0.0000000000
1794  30.298  -94.799  -1.316 0.0000000000
1803  32.479  -94.820  -1.684 0.0000000000
1804  30.608  -95.334  -1.597 0.0000000000
1805  29.865  -94.830  -2.176 0.0000000000
1816  32.438  -94.601  -3.154 0.0000000000
1817  29.091  -94.509  -3.276 0.0000000000
1818  28.597  -94.088  -3.575 0.0000000000
1827  32.270  -94.474  -4.506 0.0000000000
1828  29.035  -94.715  -3.848 0.0000000000
1829  28.475  -94.454  -4.002 0.0000000000
1830  27.454  -94.460  -4.693 0.0000000000
1831  26.919  -94.252  -4.831 0.0000000000
1832  25.264  -94.193  -5.024 0.0000000000
1833  24.681  -94.109  -4.779 0.0000000000
1834  24.020  -94.114  -4.381 0.0000000000
1841  32.087  -94.478  -5.510 0.0000000000
1842  31.753  -94.952  -5.391 0.0000000000
1843  27.247  -94.953  -5.082 0.0000000000
1844  26.688  -94.578  -5.124 0.0000000000
1845  25.725  -94.517  -5.312 0.0000000000
1846  24.918  -94.589  -5.273 0.0000000000
1847  24.175  -94.681  -4.977 0.0000000000
1856  32.924  -93.911  -7.140 0.0000000000
1857  32.493  -94.289  -6.802 0.0000000000
1858  31.726  -94.801  -5.974 0.0000000000
1870  32.909  -94.060  -7.573 0.0000000000
1871  32.669  -94.361  -7.435 0.0000000000
1882  32.746  -93.977  -8.101 0.0000000000
1883  32.056  -94.361  -8.379 0.0000000000
1884  31.325  -94.160  -8.647 0.0000000000
1885  30.480  -94.000  -8.725 0.0000000000
1886  29.533  -93.914  -8.788 0.0000000000
1887  28.519  -93.954  -8.748 0.0000000000
1888  27.507  -94.005  -8.790 0.0000000000
1889  26.861  -94.011  -8.858 0.0000000000
1896  31.663  -95.021  -8.581 0.0000000000
1897  31.422  -94.963  -8.997 0.0000000000
1898  30.848  -94.684  -9.224 0.0000000000
1899  30.061  -94.569  -9.322 0.0000000000
1900  29.144  -94.509  -9.408 0.0000000000
1901  28.140  -94.586  -9.450 0.0000000000
1902  27.027  -94.516  -9.445 0.0000000000
1903  26.136  -94.356  -9.663 0.0000000000
1909  30.967  -95.212  -9.542 0.0000000000
1910  30.454  -95.111  -9.839 0.0000000000
1911  29.699  -95.010  -10.124 0.0000000000
1912  28.809  -94.994  -10.275 0.0000000000
1913  27.799  -95.134  -10.541 0.0000000000
1914  26.597  -94.823  -10.432 0.0000000000
1915  25.509  -94.404  -10.323 0.0000000000
1922  27.050  -95.266  -11.175 0.0000000000
1923  26.111  -94.906  -11.465 0.0000000000
2158  32.611  -94.217  0.756 0.0000000000
2159  31.916  -94.249  1.072 0.0000000000
2160  31.401  -93.688  0.801 0.0000000000
2175  32.895  -94.526  0.338 0.0000000000
2176  31.759  -94.626  0.700 0.0000000000
2177  31.023  -94.098  0.144 0.0000000000
2178  29.933  -93.729  -0.671 0.0000000000
2190  32.822  -94.385  -0.752 0.0000000000
2191  30.361  -94.402  -0.765 0.0000000000
2192  29.588  -94.018  -1.498 0.0000000000
2205  32.448  -93.796  -2.309 0.0000000000
2206  29.050  -93.924  -2.559 0.0000000000
2207  28.673  -93.315  -2.633 0.0000000000
2220  32.441  -93.621  -3.541 0.0000000000
2221  28.865  -93.993  -3.032 0.0000000000
2222  28.436  -93.564  -3.215 0.0000000000
2223  27.902  -93.047  -3.477 0.0000000000
2237  32.459  -93.844  -4.298 0.0000000000
2238  28.304  -93.864  -3.706 0.0000000000
2239  27.688  -93.434  -3.966 0.0000000000
2240  26.633  -93.743  -4.643 0.0000000000
2241  25.441  -93.668  -4.706 0.0000000000
2242  24.467  -93.471  -4.298 0.0000000000
2252  32.960  -93.052  -6.292 0.0000000000
2253  32.560  -93.590  -5.727 0.0000000000
2254  26.022  -94.069  -5.036 0.0000000000
2255  25.609  -94.112  -5.017 0.0000000000
2263  33.062  -93.370  -6.876 0.0000000000
2264  32.724  -93.706  -6.502 0.0000000000
2272  33.131  -93.187  -7.615 0.0000000000
2281  32.942  -93.352  -7.996 0.0000000000
2282  32.526  -93.449  -8.292 0.0000000000
2283  31.885  -93.440  -8.567 0.0000000000
2284  31.002  -93.302  -8.593 0.0000000000
2285  30.000  -93.224  -8.738 0.0000000000
2286  28.911  -93.201  -8.647 0.0000000000
2287  27.826  -93.248  -8.502 0.0000000000
2288  26.719  -93.364  -8.633 0.0000000000
2296  26.254  -93.981  -8.979 0.0000000000
2530  32.431  -93.463  0.969 0.0000000000
2531  31.650  -93.223  1.019 0.0000000000
2532  30.907  -93.060  0.632 0.0000000000
2544  32.827  -93.436  0.066 0.0000000000
2545  32.393  -92.509  -0.840 0.0000000000
2546  30.418  -93.089  0.211 0.0000000000
2547  29.858  -93.012  -0.287 0.0000000000
2555  32.427  -93.110  -1.427 0.0000000000
2556  32.054  -92.125  -1.618 0.0000000000
2557  29.184  -92.979  -1.183 0.0000000000
2558  28.760  -92.546  -1.846 0.0000000000
2566  32.254  -92.956  -2.471 0.0000000000
2567  32.025  -92.348  -2.352 0.0000000000
2568  28.939  -93.211  -2.075 0.0000000000
2569  28.323  -92.591  -2.666 0.0000000000
2570  27.840  -92.071  -2.882 0.0000000000
2581  32.277  -92.849  -3.369 0.0000000000
2582  32.069  -92.490  -2.907 0.0000000000
2583  28.007  -92.888  -3.198 0.0000000000
2584  27.413  -92.398  -3.423 0.0000000000
2585  26.230  -92.286  -3.750 0.0000000000
2600  32.557  -92.971  -4.620 0.0000000000
2601  27.328  -92.896  -3.827 0.0000000000
2602  26.880  -92.906  -4.035 0.0000000000
2603  25.914  -92.961  -4.253 0.0000000000
2604  25.063  -92.996  -4.241 0.0000000000
2620  33.101  -92.725  -6.561 0.0000000000
2621  32.864  -92.556  -5.939 0.0000000000
2632  33.248  -92.484  -6.941 0.0000000000
2633  33.125  -92.326  -6.618 0.0000000000
2642  33.209  -92.570  -7.462 0.0000000000
2651  32.998  -92.589  -7.991 0.0000000000
2652  32.749  -92.848  -8.230 0.0000000000
2653  32.301  -92.748  -8.503 0.0000000000
2654  31.545  -92.635  -8.740 0.0000000000
2655  30.594  -92.571  -8.917 0.0000000000
2656  29.386  -92.475  -9.103 0.0000000000
2657  28.178  -92.533  -8.718 0.0000000000
2658  27.086  -92.509  -8.555 0.0000000000
2666  32.915  -92.174  -8.169 0.0000000000
2667  32.673  -92.248  -8.389 0.0000000000
2668  31.983  -92.042  -8.782 0.0000000000
2669  31.189  -92.018  -9.446 0.0000000000
2670  30.304  -92.230  -9.689 0.0000000000
2671  29.655  -92.213  -9.939 0.0000000000
2677  30.669  -91.833  -10.109 0.0000000000
2678  30.069  -92.004  -10.484 0.0000000000
2679  29.512  -92.096  -10.399 0.0000000000
2933  33.099  -92.506  0.974 0.0000000000
2934  32.084  -92.557  1.354 0.0000000000
2935  30.988  -91.970  1.041 0.0000000000
2948  32.539  -92.073  -0.276 0.0000000000
2949  31.891  -91.712  -1.118 0.0000000000
2950  30.051  -92.135  0.214 0.0000000000
2951  29.102  -91.841  -0.868 0.0000000000
2952  28.588  -91.231  -1.374 0.0000000000
2964  31.739  -91.578  -1.703 0.0000000000
2965  28.845  -92.278  -1.421 0.0000000000
2966  28.509  -91.751  -1.869 0.0000000000
2977  31.718  -91.591  -2.274 0.0000000000
2978  28.077  -91.808  -2.551 0.0000000000
2979  27.487  -91.594  -2.769 0.0000000000
2992  32.238  -92.263  -4.298 0.0000000000
2993  31.794  -91.708  -3.411 0.0000000000
2994  27.028  -91.664  -3.080 0.0000000000
3008  32.574  -92.162  -5.209 0.0000000000
3009  32.075  -91.577  -4.795 0.0000000000
3023  32.813  -92.049  -5.845 0.0000000000
3024  32.419  -91.746  -5.784 0.0000000000
3036  33.225  -92.133  -6.850 0.0000000000
3037  32.955  -91.914  -6.529 0.0000000000
3038  32.200  -91.431  -6.631 0.0000000000
3039  31.785  -91.101  -6.941 0.0000000000
3049  33.203  -92.022  -7.208 0.0000000000
3050  32.750  -91.456  -7.404 0.0000000000
3051  32.209  -91.079  -7.356 0.0000000000
3052  31.715  -90.918  -7.371 0.0000000000
3064  32.980  -91.907  -7.964 0.0000000000
3065  32.654  -91.228  -8.152 0.0000000000
3066  28.373  -92.115  -9.208 0.0000000000
3067  27.503  -91.789  -8.821 0.0000000000
3082  32.823  -91.968  -8.309 0.0000000000
3083  32.410  -91.556  -8.577 0.0000000000
3084  31.664  -91.398  -9.326 0.0000000000
3085  31.067  -91.400  -10.088 0.0000000000
3086  28.925  -92.088  -10.039 0.0000000000
3087  27.861  -91.737  -9.817 0.0000000000
3098  30.550  -91.545  -10.560 0.0000000000
3099  30.056  -91.462  -11.025 0.0000000000
3100  29.303  -91.871  -10.967 0.0000000000
3101  28.276  -91.736  -10.905 0.0000000000
3108  29.432  -91.329  -11.469 0.0000000000
3109  28.637  -91.441  -11.801 0.0000000000
3437  27.937  -91.296  -2.291 0.0000000000
3469  31.344  -90.671  -4.433 0.0000000000
3482  31.618  -91.119  -5.754 0.0000000000
3483  30.490  -90.245  -5.524 0.0000000000
3497  31.678  -91.149  -6.515 0.0000000000
3498  31.109  -90.817  -6.784 0.0000000000
3499  30.144  -90.185  -6.689 0.0000000000
3506  32.482  -91.009  -7.826 0.0000000000
3507  32.040  -90.861  -7.858 0.0000000000
3508  31.418  -90.649  -7.820 0.0000000000
3509  30.640  -90.303  -7.654 0.0000000000
3514  32.323  -90.925  -8.197 0.0000000000
3515  31.870  -90.773  -8.392 0.0000000000
3516  31.105  -90.300  -8.702 0.0000000000
3517  30.431  -89.999  -8.218 0.0000000000
3528  32.299  -91.020  -8.531 0.0000000000
3529  31.888  -90.871  -9.006 0.0000000000
3530  31.246  -90.667  -9.800 0.0000000000
3542  30.694  -90.907  -10.728 0.0000000000
3543  29.915  -90.667  -11.247 0.0000000000
3554  29.160  -90.756  -11.876 0.0000000000
4005  29.854  -89.756  -7.639 0.0000000000
4011  30.716  -90.050  -9.525 0.0000000000
4012  30.204  -89.652  -8.817 0.0000000000
4022  30.536  -90.238  -10.252 0.0000000000
4023  30.228  -89.671  -9.783 0.0000000000
4036  30.287  -90.390  -10.763 0.0000000000
4037  29.979  -89.754  -10.611 0.0000000000
4543  29.523  -89.023  -8.236 0.0000000000
