#!ascii label  , from subject FREESURFER vox2ras=TkReg 
197
107122  13.438  24.533  -3.709 0.0000000000
107763  14.040  25.085  -4.084 0.0000000000
107764  13.328  25.738  -3.598 0.0000000000
107772  14.494  25.735  -4.705 0.0000000000
107773  14.061  25.782  -3.991 0.0000000000
108361  13.361  26.852  -3.611 0.0000000000
108362  12.637  26.684  -3.411 0.0000000000
108369  14.474  26.725  -4.804 0.0000000000
108370  14.034  26.577  -4.036 0.0000000000
108382  14.821  26.320  -5.507 0.0000000000
108917  12.991  27.643  -3.478 0.0000000000
108925  14.230  27.557  -4.481 0.0000000000
108926  13.678  27.605  -3.851 0.0000000000
108938  14.950  26.826  -6.053 0.0000000000
108939  14.669  27.421  -5.459 0.0000000000
108950  14.750  27.326  -6.738 0.0000000000
108957  14.629  27.575  -7.960 0.0000000000
108963  14.564  27.696  -9.041 0.0000000000
108969  14.555  27.832  -9.972 0.0000000000
108975  14.648  27.987  -10.597 0.0000000000
109442  13.347  28.605  -3.708 0.0000000000
109443  12.552  28.501  -3.485 0.0000000000
109449  14.365  28.616  -4.883 0.0000000000
109450  13.904  28.361  -4.184 0.0000000000
109462  14.569  28.471  -6.022 0.0000000000
109470  14.602  28.473  -7.192 0.0000000000
109475  14.535  28.530  -8.338 0.0000000000
109480  14.428  28.569  -9.413 0.0000000000
109484  14.431  28.599  -10.352 0.0000000000
109489  14.944  28.327  -11.250 0.0000000000
109490  14.643  28.568  -11.075 0.0000000000
109492  15.758  28.563  -11.322 0.0000000000
109493  15.162  28.649  -11.448 0.0000000000
109494  14.841  28.726  -11.357 0.0000000000
109988  13.321  29.311  -3.797 0.0000000000
109989  12.872  29.331  -3.612 0.0000000000
109990  12.117  29.361  -3.555 0.0000000000
109997  14.180  29.471  -4.833 0.0000000000
109998  13.747  29.382  -4.261 0.0000000000
110011  14.349  29.474  -5.477 0.0000000000
110020  14.486  29.462  -6.511 0.0000000000
110025  14.544  29.461  -7.635 0.0000000000
110029  17.420  29.275  -8.306 0.0000000000
110030  14.500  29.456  -8.772 0.0000000000
110033  17.445  29.324  -9.289 0.0000000000
110034  14.359  29.448  -9.867 0.0000000000
110038  17.366  29.331  -10.253 0.0000000000
110039  17.003  29.198  -10.996 0.0000000000
110040  14.354  29.454  -10.849 0.0000000000
110041  16.317  29.273  -11.313 0.0000000000
110042  15.537  29.481  -11.590 0.0000000000
110043  14.750  29.538  -11.628 0.0000000000
110589  13.191  29.869  -3.864 0.0000000000
110590  12.555  30.229  -3.797 0.0000000000
110603  14.054  30.346  -4.881 0.0000000000
110604  13.406  30.383  -4.272 0.0000000000
110605  13.017  30.423  -3.930 0.0000000000
110622  14.372  30.421  -5.874 0.0000000000
110631  14.545  30.441  -6.955 0.0000000000
110636  14.594  30.421  -8.091 0.0000000000
110640  17.371  30.150  -8.820 0.0000000000
110641  17.128  30.849  -8.490 0.0000000000
110642  14.538  30.391  -9.246 0.0000000000
110645  17.433  30.541  -9.762 0.0000000000
110646  17.361  30.774  -9.066 0.0000000000
110647  14.402  30.390  -10.356 0.0000000000
110650  17.236  30.348  -10.971 0.0000000000
110651  16.740  29.790  -11.209 0.0000000000
110652  14.397  30.485  -11.353 0.0000000000
110653  16.836  30.908  -11.351 0.0000000000
110654  16.283  30.376  -11.573 0.0000000000
110655  15.208  30.593  -12.272 0.0000000000
110656  14.658  30.796  -12.135 0.0000000000
110657  14.965  31.226  -12.739 0.0000000000
110658  14.752  30.965  -12.557 0.0000000000
111206  12.534  30.681  -3.920 0.0000000000
111207  12.266  30.730  -3.899 0.0000000000
111216  13.981  30.963  -4.897 0.0000000000
111217  13.625  31.164  -4.673 0.0000000000
111218  12.767  31.043  -4.147 0.0000000000
111219  11.831  31.285  -4.145 0.0000000000
111231  14.058  31.274  -5.311 0.0000000000
111232  13.633  31.922  -5.067 0.0000000000
111241  14.425  31.435  -6.312 0.0000000000
111246  14.604  31.427  -7.423 0.0000000000
111252  14.620  31.394  -8.566 0.0000000000
111255  17.425  31.466  -9.825 0.0000000000
111256  17.264  31.533  -9.152 0.0000000000
111257  14.539  31.377  -9.716 0.0000000000
111259  17.386  31.436  -10.459 0.0000000000
111260  14.442  31.429  -10.828 0.0000000000
111261  17.149  31.433  -11.198 0.0000000000
111262  16.572  31.474  -11.737 0.0000000000
111263  15.842  31.200  -12.148 0.0000000000
111264  14.522  31.616  -11.805 0.0000000000
111265  15.994  31.924  -12.308 0.0000000000
111266  15.266  31.755  -12.688 0.0000000000
111267  14.703  31.897  -12.607 0.0000000000
111850  13.137  31.971  -4.629 0.0000000000
111851  12.388  32.268  -4.539 0.0000000000
111863  14.006  32.497  -5.736 0.0000000000
111864  13.307  32.613  -5.079 0.0000000000
111865  12.873  32.544  -4.767 0.0000000000
111874  14.465  32.438  -6.821 0.0000000000
111879  14.600  32.400  -7.924 0.0000000000
111885  14.565  32.374  -9.046 0.0000000000
111889  17.381  32.364  -9.811 0.0000000000
111890  17.232  32.258  -9.214 0.0000000000
111891  14.519  32.412  -10.178 0.0000000000
111893  17.385  32.502  -11.031 0.0000000000
111894  16.963  33.091  -11.416 0.0000000000
111895  14.465  32.549  -11.295 0.0000000000
111896  17.002  31.992  -11.495 0.0000000000
111897  16.552  32.613  -11.881 0.0000000000
111898  14.432  32.817  -12.301 0.0000000000
111899  15.611  32.767  -12.686 0.0000000000
111900  14.743  33.066  -13.258 0.0000000000
111901  14.315  33.221  -13.119 0.0000000000
111902  14.280  33.633  -13.833 0.0000000000
111903  14.250  33.463  -13.581 0.0000000000
112513  12.333  32.802  -4.716 0.0000000000
112514  11.997  32.878  -4.661 0.0000000000
112523  13.962  33.339  -5.836 0.0000000000
112524  13.499  33.381  -5.487 0.0000000000
112525  12.613  33.206  -4.996 0.0000000000
112526  11.773  33.554  -4.969 0.0000000000
112532  14.227  33.376  -6.384 0.0000000000
112537  14.482  33.401  -7.371 0.0000000000
112543  14.537  33.333  -8.448 0.0000000000
112549  14.509  33.349  -9.516 0.0000000000
112551  17.313  33.465  -10.231 0.0000000000
112552  17.134  33.623  -11.043 0.0000000000
112553  14.444  33.491  -10.642 0.0000000000
112554  16.609  33.686  -11.711 0.0000000000
112555  14.328  33.707  -11.807 0.0000000000
112556  15.948  33.626  -12.485 0.0000000000
112557  15.253  33.747  -13.320 0.0000000000
112558  13.812  33.939  -12.915 0.0000000000
112559  13.570  34.501  -13.573 0.0000000000
112560  14.500  34.052  -14.036 0.0000000000
112561  13.812  34.006  -13.867 0.0000000000
112562  13.472  34.575  -13.889 0.0000000000
113171  13.934  34.031  -5.915 0.0000000000
113172  13.096  34.495  -5.548 0.0000000000
113173  12.267  34.192  -5.283 0.0000000000
113174  11.547  34.398  -5.324 0.0000000000
113175  10.683  34.505  -5.548 0.0000000000
113181  14.304  34.471  -6.822 0.0000000000
113182  13.744  34.866  -6.152 0.0000000000
113189  14.532  34.341  -8.007 0.0000000000
113195  14.515  34.129  -8.952 0.0000000000
113201  14.437  34.386  -9.919 0.0000000000
113206  17.321  34.473  -10.512 0.0000000000
113207  16.857  34.584  -11.315 0.0000000000
113208  14.346  34.602  -11.133 0.0000000000
113210  16.046  34.682  -12.181 0.0000000000
113211  15.333  35.103  -12.876 0.0000000000
113212  13.972  34.760  -12.269 0.0000000000
113213  15.455  34.381  -12.899 0.0000000000
113214  14.805  34.763  -13.558 0.0000000000
113215  13.582  34.888  -13.186 0.0000000000
113216  13.381  34.917  -13.767 0.0000000000
113217  14.340  34.833  -14.248 0.0000000000
113218  13.930  34.642  -14.476 0.0000000000
113219  13.449  34.839  -14.175 0.0000000000
113847  12.862  35.237  -5.672 0.0000000000
113848  12.303  35.257  -5.564 0.0000000000
113849  11.392  35.277  -5.575 0.0000000000
113850  10.721  35.469  -5.887 0.0000000000
113855  14.015  35.712  -6.683 0.0000000000
113856  13.244  35.535  -5.989 0.0000000000
113857  12.750  35.580  -5.768 0.0000000000
113865  14.459  35.451  -7.662 0.0000000000
113871  14.532  35.245  -8.978 0.0000000000
113876  14.432  35.519  -10.390 0.0000000000
113880  16.478  35.617  -11.600 0.0000000000
113881  14.284  35.660  -11.627 0.0000000000
113884  15.634  35.789  -12.359 0.0000000000
113885  14.657  35.712  -13.020 0.0000000000
113886  14.007  35.591  -12.704 0.0000000000
113889  14.234  35.333  -14.022 0.0000000000
113890  13.689  35.405  -13.687 0.0000000000
113891  13.351  35.139  -13.933 0.0000000000
113893  14.100  35.164  -14.526 0.0000000000
113894  13.729  35.275  -14.348 0.0000000000
113895  13.449  35.270  -14.121 0.0000000000
114524  12.259  35.798  -5.731 0.0000000000
114525  11.908  35.885  -5.718 0.0000000000
114526  11.274  35.972  -5.830 0.0000000000
114531  14.032  36.562  -6.809 0.0000000000
114532  13.504  36.495  -6.488 0.0000000000
114533  12.565  36.241  -5.970 0.0000000000
114534  11.677  36.607  -6.051 0.0000000000
114540  14.314  36.509  -7.360 0.0000000000
114546  14.560  36.412  -8.394 0.0000000000
115171  13.146  37.447  -6.463 0.0000000000
115172  12.234  37.470  -6.294 0.0000000000
