#!ascii label  , from subject FREESURFER vox2ras=TkReg 
270
10840  8.570  -78.881  -4.890 0.0000000000
10841  8.266  -78.958  -4.935 0.0000000000
10858  10.522  -78.764  -5.920 0.0000000000
10859  9.976  -78.849  -5.666 0.0000000000
10860  8.914  -79.061  -5.230 0.0000000000
10861  7.807  -79.264  -5.515 0.0000000000
10862  7.038  -79.243  -5.916 0.0000000000
10877  10.224  -79.003  -6.351 0.0000000000
10878  9.434  -79.337  -6.304 0.0000000000
10879  8.427  -79.605  -6.361 0.0000000000
10880  7.424  -79.620  -6.482 0.0000000000
10881  6.466  -79.430  -6.550 0.0000000000
11596  9.031  -78.093  -4.590 0.0000000000
11597  8.499  -78.532  -4.622 0.0000000000
11598  7.543  -78.659  -4.767 0.0000000000
11599  6.641  -78.479  -5.048 0.0000000000
11600  6.180  -78.410  -5.349 0.0000000000
11615  12.287  -77.647  -6.035 0.0000000000
11616  11.884  -77.838  -5.810 0.0000000000
11617  10.887  -78.293  -5.558 0.0000000000
11618  9.631  -78.135  -5.082 0.0000000000
11619  9.046  -78.496  -4.836 0.0000000000
11620  7.078  -78.946  -5.359 0.0000000000
11621  6.442  -78.827  -5.741 0.0000000000
11622  5.798  -78.367  -5.735 0.0000000000
11635  12.110  -77.846  -6.174 0.0000000000
11636  11.632  -78.195  -6.276 0.0000000000
11637  10.883  -78.632  -6.320 0.0000000000
11638  5.937  -78.854  -6.271 0.0000000000
11639  5.443  -78.322  -6.573 0.0000000000
12388  8.668  -76.935  -2.974 0.0000000000
12389  8.307  -76.917  -2.963 0.0000000000
12403  9.075  -77.222  -3.430 0.0000000000
12404  8.185  -77.264  -3.350 0.0000000000
12405  7.173  -77.317  -3.692 0.0000000000
12406  6.617  -77.272  -4.022 0.0000000000
12415  9.259  -77.407  -4.384 0.0000000000
12416  8.697  -77.815  -4.022 0.0000000000
12417  7.822  -77.958  -4.093 0.0000000000
12418  6.809  -77.892  -4.350 0.0000000000
12419  5.950  -77.869  -4.972 0.0000000000
12431  13.675  -76.819  -6.226 0.0000000000
12432  12.571  -77.195  -5.916 0.0000000000
12433  11.526  -77.364  -5.464 0.0000000000
12434  10.406  -77.416  -5.412 0.0000000000
12435  9.572  -77.138  -5.161 0.0000000000
12436  5.371  -77.544  -5.780 0.0000000000
13196  9.193  -76.385  -2.851 0.0000000000
13197  8.227  -76.408  -2.780 0.0000000000
13198  7.666  -76.129  -2.799 0.0000000000
13215  9.440  -76.575  -3.760 0.0000000000
13216  8.040  -76.835  -2.987 0.0000000000
13217  7.447  -76.543  -3.124 0.0000000000
13218  6.340  -76.568  -3.785 0.0000000000
13219  5.767  -76.017  -4.176 0.0000000000
13229  9.398  -76.536  -4.738 0.0000000000
13230  6.167  -77.283  -4.317 0.0000000000
13231  5.489  -76.590  -4.830 0.0000000000
13238  14.170  -76.377  -5.804 0.0000000000
13239  13.202  -76.404  -5.659 0.0000000000
13240  12.182  -76.527  -5.511 0.0000000000
13241  11.058  -76.593  -5.436 0.0000000000
13242  9.821  -76.549  -5.967 0.0000000000
13243  9.004  -76.445  -5.733 0.0000000000
13244  8.730  -75.894  -5.950 0.0000000000
13255  9.354  -76.272  -6.725 0.0000000000
13256  9.043  -76.423  -6.486 0.0000000000
13257  8.733  -75.992  -6.498 0.0000000000
13965  9.756  -74.954  -2.343 0.0000000000
13966  9.376  -75.342  -2.520 0.0000000000
13967  8.564  -75.624  -2.456 0.0000000000
13968  7.658  -75.602  -2.636 0.0000000000
13969  7.138  -75.455  -2.869 0.0000000000
13993  9.913  -75.058  -2.699 0.0000000000
13994  9.683  -75.600  -3.269 0.0000000000
13995  7.316  -75.879  -2.883 0.0000000000
13996  6.743  -75.673  -3.198 0.0000000000
13997  6.005  -75.506  -3.753 0.0000000000
14017  9.603  -75.806  -4.172 0.0000000000
14034  15.248  -75.873  -5.932 0.0000000000
14035  14.555  -75.651  -5.808 0.0000000000
14036  13.733  -75.807  -5.548 0.0000000000
14037  12.864  -75.783  -5.477 0.0000000000
14038  11.809  -75.744  -5.734 0.0000000000
14039  10.704  -75.948  -5.984 0.0000000000
14040  9.045  -75.506  -5.245 0.0000000000
14041  8.687  -75.326  -6.267 0.0000000000
14055  15.164  -75.493  -6.693 0.0000000000
14056  14.474  -75.074  -6.419 0.0000000000
14057  11.159  -75.343  -6.445 0.0000000000
14058  9.931  -75.644  -6.975 0.0000000000
14059  8.916  -76.050  -7.218 0.0000000000
14060  8.670  -75.337  -7.049 0.0000000000
14071  15.110  -75.564  -8.105 0.0000000000
14072  14.232  -74.960  -7.472 0.0000000000
14073  13.589  -74.618  -7.876 0.0000000000
14074  9.620  -75.080  -7.588 0.0000000000
14075  9.174  -75.325  -7.648 0.0000000000
14076  8.869  -75.329  -7.429 0.0000000000
14088  14.935  -75.746  -9.292 0.0000000000
14089  14.299  -75.268  -8.671 0.0000000000
14090  13.764  -74.831  -8.330 0.0000000000
14099  14.838  -75.663  -10.099 0.0000000000
14100  14.323  -75.254  -9.593 0.0000000000
14101  13.752  -74.838  -9.123 0.0000000000
14110  14.369  -74.996  -10.208 0.0000000000
14111  13.847  -74.819  -9.787 0.0000000000
14750  9.634  -73.684  -0.184 0.0000000000
14751  9.353  -73.782  -0.104 0.0000000000
14752  8.756  -73.970  -0.013 0.0000000000
14758  10.363  -73.802  -0.821 0.0000000000
14759  9.930  -73.881  -0.498 0.0000000000
14760  9.203  -74.227  -0.569 0.0000000000
14761  8.334  -74.234  -0.580 0.0000000000
14762  7.672  -74.247  -0.916 0.0000000000
14769  10.690  -73.738  -1.644 0.0000000000
14770  10.474  -74.079  -1.288 0.0000000000
14771  9.747  -74.425  -1.257 0.0000000000
14772  8.961  -74.549  -1.303 0.0000000000
14773  8.148  -74.514  -1.456 0.0000000000
14774  7.260  -74.172  -1.654 0.0000000000
14775  6.528  -73.785  -2.098 0.0000000000
14788  10.674  -74.051  -2.197 0.0000000000
14789  10.153  -74.651  -2.121 0.0000000000
14790  9.488  -74.802  -1.944 0.0000000000
14791  8.767  -74.938  -2.002 0.0000000000
14792  7.879  -74.919  -2.167 0.0000000000
14793  6.768  -74.743  -2.708 0.0000000000
14816  10.634  -73.908  -2.748 0.0000000000
14817  10.279  -74.531  -3.278 0.0000000000
14818  9.723  -75.228  -3.721 0.0000000000
14819  6.261  -75.068  -3.323 0.0000000000
14844  9.978  -74.238  -4.317 0.0000000000
14845  9.673  -74.955  -4.294 0.0000000000
14868  13.952  -75.446  -5.728 0.0000000000
14869  13.465  -75.286  -5.706 0.0000000000
14870  12.684  -75.100  -5.833 0.0000000000
14871  11.996  -75.058  -6.224 0.0000000000
14872  9.957  -73.820  -4.701 0.0000000000
14873  9.428  -74.239  -5.023 0.0000000000
14874  8.865  -74.455  -5.917 0.0000000000
14897  14.026  -75.048  -5.957 0.0000000000
14898  13.364  -74.713  -6.209 0.0000000000
14899  12.561  -74.565  -6.552 0.0000000000
14900  11.671  -74.644  -6.833 0.0000000000
14901  10.832  -74.922  -7.109 0.0000000000
14902  8.677  -74.475  -6.805 0.0000000000
14921  13.919  -74.777  -6.619 0.0000000000
14922  13.299  -74.371  -7.283 0.0000000000
14923  12.320  -74.221  -7.477 0.0000000000
14924  11.304  -74.337  -7.609 0.0000000000
14925  10.215  -74.590  -7.658 0.0000000000
14926  9.418  -74.575  -7.881 0.0000000000
14927  8.791  -74.422  -7.747 0.0000000000
14944  13.114  -74.249  -8.443 0.0000000000
14945  12.078  -73.976  -8.309 0.0000000000
14946  10.919  -74.009  -8.288 0.0000000000
14947  9.996  -73.790  -8.276 0.0000000000
14948  9.146  -74.048  -8.247 0.0000000000
14949  8.898  -74.020  -8.130 0.0000000000
14964  13.331  -74.370  -9.509 0.0000000000
14965  12.494  -73.870  -9.294 0.0000000000
14966  11.432  -73.662  -8.859 0.0000000000
14967  10.740  -73.625  -8.611 0.0000000000
14981  13.716  -74.314  -10.104 0.0000000000
14982  13.108  -74.075  -9.759 0.0000000000
15595  9.156  -72.840  0.642 0.0000000000
15596  8.377  -72.883  1.032 0.0000000000
15597  7.335  -72.822  1.208 0.0000000000
15613  10.097  -73.051  -0.272 0.0000000000
15614  9.610  -73.353  -0.004 0.0000000000
15615  8.916  -73.498  0.452 0.0000000000
15616  7.905  -73.677  0.320 0.0000000000
15617  6.691  -73.342  0.511 0.0000000000
15624  10.576  -73.179  -0.875 0.0000000000
15625  10.385  -73.425  -0.667 0.0000000000
15626  10.018  -73.426  -0.336 0.0000000000
15627  7.729  -74.039  -0.389 0.0000000000
15628  7.063  -73.816  -0.532 0.0000000000
15640  10.666  -73.436  -1.211 0.0000000000
15641  10.523  -73.708  -0.969 0.0000000000
15642  6.466  -73.711  -1.299 0.0000000000
15655  10.757  -73.396  -1.898 0.0000000000
15656  10.672  -73.175  -2.416 0.0000000000
15673  10.682  -73.583  -2.453 0.0000000000
15674  10.559  -73.413  -3.067 0.0000000000
15697  10.259  -73.479  -4.144 0.0000000000
15716  9.901  -73.232  -5.145 0.0000000000
15717  9.209  -73.496  -5.767 0.0000000000
15718  8.855  -73.583  -6.460 0.0000000000
15735  8.642  -73.505  -7.221 0.0000000000
15751  12.827  -74.132  -7.920 0.0000000000
15752  12.484  -74.095  -7.988 0.0000000000
15753  8.594  -73.369  -7.861 0.0000000000
15765  12.917  -74.147  -8.189 0.0000000000
15766  12.687  -74.134  -8.191 0.0000000000
15767  9.903  -73.371  -8.506 0.0000000000
15768  9.403  -73.547  -8.466 0.0000000000
15769  8.914  -73.537  -8.304 0.0000000000
15776  12.354  -73.491  -9.527 0.0000000000
15777  11.772  -73.403  -9.298 0.0000000000
15778  10.685  -73.203  -8.988 0.0000000000
15779  9.685  -73.101  -8.596 0.0000000000
15780  9.229  -73.244  -8.526 0.0000000000
15790  12.988  -73.534  -9.902 0.0000000000
15791  12.146  -73.131  -9.637 0.0000000000
15792  11.471  -73.037  -9.464 0.0000000000
16417  9.098  -72.405  0.545 0.0000000000
16418  8.723  -72.219  1.050 0.0000000000
16437  9.985  -72.814  -0.375 0.0000000000
16438  9.568  -72.608  -0.085 0.0000000000
16449  10.692  -73.036  -1.072 0.0000000000
16450  10.348  -72.776  -0.755 0.0000000000
16451  9.663  -72.284  -0.978 0.0000000000
16467  10.677  -72.957  -1.432 0.0000000000
16468  10.210  -72.424  -1.775 0.0000000000
16469  9.519  -72.133  -1.715 0.0000000000
16485  10.674  -72.863  -2.031 0.0000000000
16486  10.375  -72.654  -2.690 0.0000000000
16501  10.252  -72.622  -3.698 0.0000000000
16523  10.122  -72.536  -4.637 0.0000000000
16540  9.911  -72.479  -5.246 0.0000000000
16541  9.359  -72.441  -5.802 0.0000000000
16542  8.973  -72.996  -6.167 0.0000000000
16560  9.121  -71.895  -6.307 0.0000000000
16561  8.773  -72.511  -6.681 0.0000000000
16577  8.536  -72.609  -7.556 0.0000000000
16586  8.626  -72.672  -8.168 0.0000000000
16598  10.872  -72.367  -9.367 0.0000000000
16599  10.007  -72.506  -8.845 0.0000000000
16600  9.150  -72.632  -8.564 0.0000000000
16612  11.161  -72.794  -9.424 0.0000000000
17313  8.915  -71.945  0.489 0.0000000000
17331  8.984  -71.931  -0.400 0.0000000000
17348  8.913  -71.979  -1.379 0.0000000000
17369  9.606  -72.108  -2.247 0.0000000000
17370  8.938  -71.926  -2.246 0.0000000000
17371  8.104  -71.753  -2.016 0.0000000000
17392  9.915  -72.190  -2.585 0.0000000000
17393  9.263  -71.860  -2.896 0.0000000000
17394  8.410  -71.338  -2.962 0.0000000000
17395  7.515  -71.179  -2.494 0.0000000000
17413  9.773  -72.094  -3.331 0.0000000000
17414  9.205  -71.150  -3.689 0.0000000000
17415  8.622  -70.974  -3.293 0.0000000000
17436  9.793  -71.840  -4.262 0.0000000000
17437  9.569  -70.983  -4.890 0.0000000000
17452  9.808  -71.854  -5.173 0.0000000000
17453  9.385  -71.290  -5.923 0.0000000000
17469  9.012  -71.486  -6.701 0.0000000000
17470  8.674  -71.776  -7.280 0.0000000000
17481  8.571  -71.909  -7.880 0.0000000000
17491  9.666  -71.426  -8.531 0.0000000000
17492  9.173  -71.625  -8.412 0.0000000000
17493  8.802  -72.003  -8.358 0.0000000000
17509  9.477  -71.957  -8.708 0.0000000000
17510  9.047  -72.020  -8.590 0.0000000000
18353  8.501  -70.433  -3.127 0.0000000000
18354  8.084  -70.627  -3.014 0.0000000000
18370  8.825  -70.585  -3.326 0.0000000000
18371  8.404  -70.877  -3.189 0.0000000000
18391  9.260  -70.152  -4.523 0.0000000000
18402  9.431  -70.266  -5.675 0.0000000000
18414  9.262  -70.594  -6.670 0.0000000000
18415  9.029  -71.143  -7.179 0.0000000000
18428  9.269  -70.682  -7.521 0.0000000000
18429  8.903  -71.369  -7.591 0.0000000000
18446  9.443  -71.045  -8.162 0.0000000000
18447  8.977  -71.413  -8.000 0.0000000000
19393  9.373  -70.097  -7.060 0.0000000000
