#!ascii label  , from subject FREESURFER vox2ras=TkReg 
376
13292  24.501  -76.434  -10.734 0.0000000000
13302  24.256  -76.540  -11.549 0.0000000000
13989  22.800  -74.932  -4.089 0.0000000000
13990  22.433  -75.100  -4.056 0.0000000000
13991  21.595  -75.292  -4.038 0.0000000000
13992  20.769  -75.263  -4.125 0.0000000000
14012  23.506  -74.672  -4.939 0.0000000000
14013  23.088  -74.941  -4.589 0.0000000000
14014  22.167  -75.345  -4.781 0.0000000000
14015  21.227  -75.442  -4.850 0.0000000000
14016  20.340  -75.283  -4.859 0.0000000000
14029  23.573  -74.674  -5.531 0.0000000000
14030  22.778  -75.249  -5.608 0.0000000000
14031  21.777  -75.405  -5.715 0.0000000000
14032  20.811  -75.461  -5.717 0.0000000000
14033  20.053  -75.294  -5.728 0.0000000000
14050  23.284  -74.950  -6.346 0.0000000000
14051  22.419  -75.188  -6.786 0.0000000000
14052  21.257  -75.383  -6.588 0.0000000000
14053  20.353  -75.234  -6.569 0.0000000000
14054  19.890  -75.162  -6.229 0.0000000000
14067  23.053  -74.935  -8.205 0.0000000000
14068  22.423  -75.119  -7.834 0.0000000000
14069  21.400  -75.152  -7.594 0.0000000000
14070  20.829  -75.238  -7.080 0.0000000000
14083  25.233  -75.296  -8.501 0.0000000000
14084  24.880  -75.547  -9.370 0.0000000000
14085  22.982  -74.782  -8.497 0.0000000000
14086  22.643  -74.841  -8.449 0.0000000000
14087  21.944  -74.946  -8.306 0.0000000000
14098  24.606  -75.758  -10.277 0.0000000000
14106  24.393  -75.728  -11.177 0.0000000000
14107  24.069  -75.353  -11.322 0.0000000000
14108  15.734  -75.476  -10.775 0.0000000000
14109  15.083  -75.172  -10.638 0.0000000000
14117  24.165  -76.100  -11.804 0.0000000000
14118  23.853  -75.512  -11.829 0.0000000000
14119  23.013  -75.149  -12.260 0.0000000000
14120  21.934  -75.037  -12.374 0.0000000000
14121  20.752  -75.170  -12.255 0.0000000000
14122  19.480  -75.566  -12.046 0.0000000000
14123  18.222  -75.466  -11.547 0.0000000000
14124  17.285  -75.469  -11.252 0.0000000000
14125  16.455  -75.216  -11.133 0.0000000000
14126  15.678  -74.837  -10.975 0.0000000000
14767  20.554  -73.970  -1.931 0.0000000000
14768  20.141  -73.997  -1.908 0.0000000000
14783  22.279  -74.318  -3.074 0.0000000000
14784  21.573  -74.411  -2.718 0.0000000000
14785  20.574  -74.388  -2.392 0.0000000000
14786  19.317  -74.235  -2.410 0.0000000000
14787  18.433  -73.857  -2.470 0.0000000000
14809  23.568  -74.102  -3.812 0.0000000000
14810  22.824  -74.617  -3.741 0.0000000000
14811  21.977  -74.891  -3.413 0.0000000000
14812  21.027  -75.046  -3.301 0.0000000000
14813  19.763  -74.921  -3.742 0.0000000000
14814  18.208  -74.251  -3.471 0.0000000000
14815  17.510  -73.846  -4.015 0.0000000000
14839  23.803  -74.305  -4.772 0.0000000000
14840  23.341  -74.530  -4.195 0.0000000000
14841  19.563  -75.041  -5.118 0.0000000000
14842  18.701  -74.673  -4.748 0.0000000000
14843  17.754  -74.101  -4.703 0.0000000000
14864  24.431  -74.189  -5.801 0.0000000000
14865  19.624  -75.032  -5.907 0.0000000000
14866  19.079  -74.729  -5.820 0.0000000000
14867  18.179  -74.310  -5.773 0.0000000000
14891  24.047  -74.438  -6.733 0.0000000000
14892  23.331  -74.825  -7.062 0.0000000000
14893  20.124  -75.036  -6.922 0.0000000000
14894  19.685  -74.887  -6.671 0.0000000000
14895  18.740  -74.484  -6.765 0.0000000000
14896  17.777  -74.146  -6.887 0.0000000000
14913  24.752  -74.362  -7.635 0.0000000000
14914  23.737  -74.634  -7.853 0.0000000000
14915  23.029  -74.996  -7.553 0.0000000000
14916  20.936  -75.004  -7.915 0.0000000000
14917  20.376  -74.995  -7.536 0.0000000000
14918  19.299  -74.623  -7.707 0.0000000000
14919  18.364  -74.300  -7.820 0.0000000000
14920  17.589  -73.930  -7.992 0.0000000000
14935  25.251  -74.699  -8.064 0.0000000000
14936  24.466  -74.869  -8.782 0.0000000000
14937  23.213  -74.681  -8.830 0.0000000000
14938  22.193  -74.646  -8.975 0.0000000000
14939  21.079  -74.780  -8.581 0.0000000000
14940  19.849  -74.627  -8.703 0.0000000000
14941  18.803  -74.346  -8.778 0.0000000000
14942  17.943  -74.159  -8.821 0.0000000000
14943  17.402  -73.739  -8.899 0.0000000000
14956  24.447  -75.168  -10.005 0.0000000000
14957  23.723  -74.702  -9.890 0.0000000000
14958  22.653  -74.540  -9.865 0.0000000000
14959  21.544  -74.469  -9.805 0.0000000000
14960  20.372  -74.446  -9.748 0.0000000000
14961  19.213  -74.216  -9.727 0.0000000000
14962  18.131  -73.868  -9.699 0.0000000000
14963  17.686  -73.803  -9.365 0.0000000000
14971  24.421  -75.408  -10.599 0.0000000000
14972  24.018  -75.061  -10.868 0.0000000000
14973  23.116  -74.574  -10.787 0.0000000000
14974  22.043  -74.299  -10.785 0.0000000000
14975  20.870  -74.318  -10.748 0.0000000000
14976  19.661  -74.257  -10.661 0.0000000000
14977  18.365  -73.916  -10.502 0.0000000000
14978  17.734  -73.679  -10.720 0.0000000000
14979  15.218  -74.594  -10.849 0.0000000000
14980  14.701  -74.326  -10.654 0.0000000000
14987  23.879  -75.195  -11.382 0.0000000000
14988  23.442  -74.947  -11.489 0.0000000000
14989  22.520  -74.630  -11.610 0.0000000000
14990  21.387  -74.520  -11.632 0.0000000000
14991  20.167  -74.565  -11.560 0.0000000000
14992  18.901  -74.562  -11.343 0.0000000000
14993  17.487  -74.268  -11.187 0.0000000000
14994  16.255  -74.171  -11.126 0.0000000000
14995  15.527  -74.203  -10.986 0.0000000000
14996  15.160  -74.288  -10.878 0.0000000000
15636  21.181  -73.262  -1.588 0.0000000000
15637  20.683  -73.495  -1.610 0.0000000000
15638  19.608  -73.500  -1.589 0.0000000000
15639  18.842  -73.127  -1.561 0.0000000000
15649  22.059  -73.805  -2.611 0.0000000000
15650  21.399  -73.611  -1.943 0.0000000000
15651  20.818  -73.911  -1.917 0.0000000000
15652  18.854  -73.629  -1.970 0.0000000000
15653  18.202  -73.144  -2.062 0.0000000000
15654  17.558  -72.855  -2.600 0.0000000000
15669  22.808  -73.632  -3.194 0.0000000000
15670  17.835  -73.562  -2.749 0.0000000000
15671  17.183  -73.215  -3.488 0.0000000000
15672  16.778  -72.857  -4.258 0.0000000000
15695  17.101  -73.486  -4.519 0.0000000000
15696  16.606  -72.900  -4.926 0.0000000000
15714  17.087  -73.594  -5.803 0.0000000000
15715  16.250  -72.619  -5.747 0.0000000000
15733  16.975  -73.657  -7.253 0.0000000000
15734  16.255  -73.099  -6.773 0.0000000000
15749  17.053  -73.493  -8.290 0.0000000000
15750  16.521  -73.131  -7.818 0.0000000000
15763  17.042  -73.428  -9.020 0.0000000000
15764  16.707  -73.156  -8.717 0.0000000000
15773  17.825  -73.466  -9.968 0.0000000000
15774  17.348  -73.371  -9.640 0.0000000000
15775  16.919  -73.239  -9.260 0.0000000000
15784  17.972  -73.606  -10.139 0.0000000000
15785  17.624  -73.423  -10.299 0.0000000000
15786  17.091  -73.158  -10.498 0.0000000000
15787  15.457  -73.157  -10.701 0.0000000000
15788  15.037  -73.395  -10.678 0.0000000000
15789  14.070  -73.541  -10.401 0.0000000000
15797  17.369  -73.467  -10.789 0.0000000000
15798  16.683  -73.343  -10.922 0.0000000000
15799  15.744  -73.385  -10.868 0.0000000000
15800  15.221  -73.925  -10.897 0.0000000000
16445  21.079  -72.153  -0.801 0.0000000000
16446  20.612  -72.139  -0.752 0.0000000000
16447  19.710  -72.078  -0.799 0.0000000000
16448  18.954  -72.025  -0.920 0.0000000000
16462  22.232  -72.362  -1.682 0.0000000000
16463  21.427  -72.624  -1.281 0.0000000000
16464  20.231  -72.814  -1.105 0.0000000000
16465  19.283  -72.696  -1.160 0.0000000000
16466  18.517  -72.340  -1.514 0.0000000000
16481  22.202  -72.960  -2.260 0.0000000000
16482  21.699  -73.091  -1.797 0.0000000000
16483  17.851  -72.206  -2.162 0.0000000000
16484  17.239  -71.926  -2.958 0.0000000000
16498  22.781  -72.950  -2.926 0.0000000000
16499  16.875  -71.962  -4.059 0.0000000000
16500  16.689  -72.416  -4.534 0.0000000000
16521  16.848  -71.460  -4.547 0.0000000000
16522  16.606  -71.879  -4.953 0.0000000000
16539  16.157  -71.661  -5.726 0.0000000000
16558  15.753  -72.023  -6.679 0.0000000000
16559  15.582  -71.584  -7.305 0.0000000000
16575  16.041  -72.620  -7.469 0.0000000000
16576  15.684  -72.060  -7.723 0.0000000000
16584  16.191  -72.661  -8.326 0.0000000000
16585  15.646  -72.139  -8.677 0.0000000000
16594  17.024  -73.102  -9.748 0.0000000000
16595  16.541  -72.945  -9.414 0.0000000000
16596  15.668  -72.246  -9.631 0.0000000000
16597  11.270  -72.163  -9.539 0.0000000000
16605  17.092  -73.033  -10.022 0.0000000000
16606  16.436  -72.845  -10.293 0.0000000000
16607  15.467  -72.730  -10.442 0.0000000000
16608  14.530  -72.736  -10.464 0.0000000000
16609  13.603  -72.724  -10.264 0.0000000000
16610  12.681  -72.626  -9.899 0.0000000000
16611  11.685  -72.417  -9.607 0.0000000000
16618  16.061  -73.009  -10.702 0.0000000000
16619  15.806  -72.999  -10.709 0.0000000000
17344  21.129  -71.578  -0.518 0.0000000000
17345  20.053  -71.336  -0.434 0.0000000000
17346  19.180  -71.322  -0.740 0.0000000000
17347  18.596  -71.416  -1.305 0.0000000000
17367  21.777  -71.833  -0.833 0.0000000000
17368  18.155  -71.584  -1.824 0.0000000000
17388  17.798  -71.295  -2.434 0.0000000000
17389  17.565  -71.034  -3.053 0.0000000000
17390  14.364  -70.797  -2.526 0.0000000000
17391  14.164  -70.936  -2.484 0.0000000000
17410  17.334  -71.128  -3.667 0.0000000000
17411  14.278  -70.886  -2.740 0.0000000000
17412  14.046  -71.035  -2.661 0.0000000000
17434  17.128  -71.031  -4.419 0.0000000000
17435  16.847  -71.150  -4.825 0.0000000000
17450  16.925  -70.741  -4.896 0.0000000000
17451  16.655  -70.877  -5.417 0.0000000000
17467  16.045  -70.999  -6.171 0.0000000000
17468  15.613  -71.063  -6.927 0.0000000000
17480  15.367  -71.212  -7.875 0.0000000000
17490  15.189  -71.298  -8.977 0.0000000000
17503  14.837  -71.526  -9.856 0.0000000000
17504  13.885  -71.104  -10.019 0.0000000000
17505  12.964  -71.202  -9.686 0.0000000000
17506  12.116  -71.345  -9.490 0.0000000000
17507  11.287  -71.691  -9.439 0.0000000000
17508  10.299  -71.691  -8.932 0.0000000000
17519  14.775  -72.208  -10.287 0.0000000000
17520  14.179  -71.960  -10.309 0.0000000000
17521  13.281  -71.881  -10.111 0.0000000000
17522  12.422  -71.877  -9.801 0.0000000000
17523  11.877  -71.831  -9.624 0.0000000000
18308  21.554  -70.630  -0.150 0.0000000000
18309  20.438  -70.257  0.014 0.0000000000
18310  19.366  -70.399  -0.486 0.0000000000
18311  18.667  -70.524  -1.083 0.0000000000
18312  12.358  -70.293  -1.080 0.0000000000
18313  11.576  -70.159  -1.180 0.0000000000
18314  11.105  -70.011  -1.289 0.0000000000
18330  18.189  -70.640  -1.912 0.0000000000
18331  14.619  -70.218  -1.603 0.0000000000
18332  14.011  -70.510  -1.549 0.0000000000
18333  13.132  -70.598  -1.469 0.0000000000
18334  12.186  -70.495  -1.717 0.0000000000
18335  11.168  -70.121  -1.867 0.0000000000
18336  10.655  -69.753  -2.379 0.0000000000
18345  17.714  -70.472  -2.721 0.0000000000
18346  17.447  -70.561  -3.337 0.0000000000
18347  15.115  -70.234  -2.025 0.0000000000
18348  14.496  -70.655  -2.329 0.0000000000
18349  13.819  -70.939  -2.258 0.0000000000
18350  12.936  -70.860  -2.408 0.0000000000
18351  11.971  -70.402  -2.606 0.0000000000
18352  11.079  -69.931  -2.800 0.0000000000
18363  17.199  -70.497  -3.959 0.0000000000
18364  15.137  -70.310  -2.709 0.0000000000
18365  14.654  -70.563  -3.163 0.0000000000
18366  13.835  -70.990  -3.141 0.0000000000
18367  12.782  -70.558  -3.386 0.0000000000
18368  11.714  -70.047  -3.599 0.0000000000
18369  10.813  -69.694  -3.495 0.0000000000
18386  16.983  -70.483  -4.676 0.0000000000
18387  14.366  -70.516  -3.781 0.0000000000
18388  13.674  -70.452  -4.191 0.0000000000
18389  12.603  -70.144  -4.378 0.0000000000
18390  11.776  -69.799  -4.414 0.0000000000
18398  16.878  -70.400  -5.176 0.0000000000
18399  16.754  -70.259  -5.511 0.0000000000
18400  13.365  -69.972  -4.918 0.0000000000
18401  12.791  -69.888  -4.984 0.0000000000
18412  16.434  -70.257  -6.033 0.0000000000
18413  15.947  -70.449  -6.554 0.0000000000
18425  16.048  -70.010  -6.544 0.0000000000
18426  15.579  -70.243  -7.192 0.0000000000
18427  9.785  -70.520  -7.946 0.0000000000
18440  14.799  -70.220  -8.326 0.0000000000
18441  13.850  -69.798  -8.901 0.0000000000
18442  12.841  -70.109  -8.743 0.0000000000
18443  11.833  -70.307  -8.662 0.0000000000
18444  10.952  -70.564  -8.576 0.0000000000
18445  10.149  -70.910  -8.480 0.0000000000
18458  14.805  -70.835  -9.185 0.0000000000
18459  14.339  -70.537  -9.395 0.0000000000
18460  13.437  -70.505  -9.373 0.0000000000
18461  12.487  -70.677  -9.203 0.0000000000
18462  11.573  -70.883  -9.125 0.0000000000
18463  10.830  -71.102  -8.956 0.0000000000
19253  19.383  -69.109  -0.438 0.0000000000
19254  18.793  -69.722  -0.875 0.0000000000
19255  13.530  -69.851  -0.870 0.0000000000
19256  12.943  -69.972  -0.783 0.0000000000
19257  11.942  -69.727  -0.774 0.0000000000
19258  10.806  -69.655  -0.937 0.0000000000
19259  9.680  -69.223  -1.204 0.0000000000
19277  18.684  -69.012  -1.164 0.0000000000
19278  18.340  -69.586  -1.596 0.0000000000
19279  15.105  -69.561  -1.374 0.0000000000
19280  14.105  -69.814  -1.046 0.0000000000
19281  13.577  -70.199  -1.072 0.0000000000
19282  10.847  -69.843  -1.451 0.0000000000
19283  10.179  -69.511  -1.970 0.0000000000
19296  17.844  -69.709  -2.252 0.0000000000
19297  17.165  -69.810  -3.111 0.0000000000
19298  16.312  -69.612  -2.852 0.0000000000
19299  15.633  -69.856  -2.378 0.0000000000
19300  10.138  -69.597  -3.021 0.0000000000
19301  8.893  -69.980  -2.894 0.0000000000
19312  16.852  -70.132  -4.334 0.0000000000
19313  16.380  -69.945  -3.975 0.0000000000
19314  15.512  -70.095  -3.567 0.0000000000
19315  14.825  -70.278  -3.775 0.0000000000
19316  11.020  -69.606  -4.184 0.0000000000
19317  10.193  -69.522  -3.948 0.0000000000
19318  9.432  -69.854  -3.739 0.0000000000
19331  16.792  -70.158  -5.071 0.0000000000
19332  16.470  -69.844  -4.929 0.0000000000
19333  15.786  -69.664  -4.709 0.0000000000
19334  14.730  -70.026  -4.525 0.0000000000
19335  13.994  -70.034  -4.806 0.0000000000
19336  12.221  -69.751  -5.012 0.0000000000
19337  11.326  -69.541  -4.961 0.0000000000
19338  10.401  -69.389  -4.779 0.0000000000
19339  9.717  -69.587  -4.499 0.0000000000
19351  16.869  -70.112  -5.344 0.0000000000
19352  16.631  -69.900  -5.569 0.0000000000
19353  16.083  -69.520  -5.572 0.0000000000
19354  15.238  -69.432  -5.516 0.0000000000
19355  14.135  -69.574  -5.464 0.0000000000
19356  12.977  -69.639  -5.605 0.0000000000
19357  11.896  -69.529  -5.730 0.0000000000
19358  10.816  -69.412  -5.667 0.0000000000
19359  9.741  -69.465  -5.464 0.0000000000
19368  16.208  -69.708  -6.173 0.0000000000
19369  15.647  -69.366  -6.320 0.0000000000
19370  14.781  -69.231  -6.410 0.0000000000
19371  13.751  -69.361  -6.469 0.0000000000
19372  12.649  -69.433  -6.541 0.0000000000
19373  11.513  -69.557  -6.547 0.0000000000
19374  10.376  -69.478  -6.516 0.0000000000
19375  9.531  -69.778  -6.490 0.0000000000
19386  15.805  -69.704  -6.719 0.0000000000
19387  15.227  -69.488  -7.251 0.0000000000
19388  14.371  -69.321  -7.271 0.0000000000
19389  13.418  -69.396  -7.366 0.0000000000
19390  12.329  -69.554  -7.392 0.0000000000
19391  11.202  -69.761  -7.341 0.0000000000
19392  9.991  -69.880  -7.458 0.0000000000
19404  14.671  -69.554  -7.781 0.0000000000
19405  14.101  -69.482  -8.066 0.0000000000
19406  13.128  -69.621  -8.158 0.0000000000
19407  12.049  -69.777  -8.139 0.0000000000
19408  11.045  -70.068  -8.056 0.0000000000
19409  10.355  -70.361  -8.094 0.0000000000
20148  13.372  -69.351  -0.813 0.0000000000
20149  12.498  -69.168  -0.697 0.0000000000
20150  11.451  -68.748  -0.618 0.0000000000
20151  10.232  -68.798  -0.647 0.0000000000
20168  18.829  -68.221  -1.141 0.0000000000
20169  18.149  -68.480  -1.702 0.0000000000
20170  17.655  -68.264  -1.790 0.0000000000
20171  16.201  -68.198  -1.508 0.0000000000
20172  15.256  -68.410  -1.132 0.0000000000
20173  14.083  -68.695  -0.871 0.0000000000
20174  12.911  -68.548  -0.812 0.0000000000
20175  12.231  -68.567  -0.668 0.0000000000
20185  17.965  -69.141  -1.897 0.0000000000
20186  17.512  -68.817  -2.058 0.0000000000
20187  16.739  -68.870  -2.248 0.0000000000
20188  15.994  -69.119  -1.815 0.0000000000
21032  11.238  -68.005  -0.650 0.0000000000
21033  10.571  -68.070  -0.633 0.0000000000
21049  18.346  -67.414  -1.558 0.0000000000
21050  17.447  -67.570  -1.682 0.0000000000
21051  16.423  -67.319  -1.428 0.0000000000
21052  15.408  -67.346  -1.189 0.0000000000
21053  14.296  -67.494  -1.128 0.0000000000
21054  13.149  -67.680  -1.183 0.0000000000
21055  11.944  -67.806  -0.880 0.0000000000
21056  10.849  -67.485  -0.975 0.0000000000
21067  17.426  -68.193  -1.799 0.0000000000
21068  16.991  -68.140  -1.785 0.0000000000
21918  11.148  -66.950  -1.589 0.0000000000
