#!ascii label  , from subject FREESURFER vox2ras=TkReg 
240
43596  13.678  -44.656  -1.941 0.0000000000
44512  12.431  -43.644  -1.770 0.0000000000
44522  14.182  -43.976  -2.608 0.0000000000
44523  13.790  -43.694  -2.371 0.0000000000
44524  13.024  -43.872  -1.870 0.0000000000
44539  14.421  -43.679  -2.862 0.0000000000
44540  14.046  -43.215  -2.601 0.0000000000
45515  12.654  -43.309  -1.852 0.0000000000
45516  12.193  -42.920  -1.807 0.0000000000
45517  11.533  -42.800  -1.825 0.0000000000
45527  13.671  -42.761  -2.471 0.0000000000
45528  12.919  -42.827  -2.000 0.0000000000
45529  12.345  -42.504  -1.897 0.0000000000
45541  14.526  -42.863  -3.356 0.0000000000
45542  14.135  -42.741  -2.812 0.0000000000
45555  15.691  -42.352  -3.980 0.0000000000
45556  15.140  -42.736  -3.734 0.0000000000
45576  18.385  -42.178  -5.435 0.0000000000
45577  17.358  -42.340  -4.834 0.0000000000
45578  16.498  -42.492  -4.304 0.0000000000
45593  19.087  -41.803  -5.847 0.0000000000
45594  18.629  -41.613  -5.776 0.0000000000
45625  17.836  -42.129  -7.677 0.0000000000
45626  17.208  -42.496  -7.329 0.0000000000
45637  18.412  -42.552  -7.954 0.0000000000
46597  12.118  -42.402  -1.843 0.0000000000
46598  11.824  -42.338  -1.825 0.0000000000
46610  13.790  -42.258  -2.683 0.0000000000
46611  13.175  -41.850  -2.480 0.0000000000
46612  12.194  -41.889  -1.975 0.0000000000
46613  11.383  -41.811  -2.047 0.0000000000
46625  14.640  -42.265  -3.515 0.0000000000
46626  14.026  -41.709  -3.081 0.0000000000
46627  13.325  -41.339  -2.741 0.0000000000
46628  11.247  -41.725  -2.536 0.0000000000
46640  15.767  -41.540  -4.315 0.0000000000
46641  14.858  -41.670  -3.814 0.0000000000
46642  14.254  -41.195  -3.610 0.0000000000
46658  18.260  -41.119  -5.793 0.0000000000
46659  17.473  -41.375  -5.329 0.0000000000
46660  16.647  -41.490  -4.751 0.0000000000
46673  19.469  -41.173  -5.948 0.0000000000
46674  18.846  -41.257  -5.955 0.0000000000
46675  14.806  -41.594  -5.825 0.0000000000
46676  14.341  -41.373  -5.472 0.0000000000
46686  15.879  -41.211  -6.597 0.0000000000
46687  15.181  -41.560  -6.146 0.0000000000
46688  14.770  -41.339  -5.845 0.0000000000
46700  17.745  -41.322  -7.667 0.0000000000
46701  17.188  -41.511  -7.400 0.0000000000
46702  16.556  -41.839  -6.969 0.0000000000
46712  19.082  -41.376  -8.202 0.0000000000
46713  18.380  -41.594  -7.933 0.0000000000
47694  13.015  -41.163  -2.584 0.0000000000
47695  12.409  -40.907  -2.476 0.0000000000
47696  11.644  -40.862  -2.325 0.0000000000
47709  13.755  -40.557  -3.588 0.0000000000
47710  13.064  -40.638  -2.848 0.0000000000
47711  12.436  -40.381  -2.652 0.0000000000
47712  11.196  -40.754  -2.606 0.0000000000
47725  15.962  -40.472  -4.669 0.0000000000
47726  14.997  -40.678  -4.312 0.0000000000
47727  14.401  -40.796  -3.874 0.0000000000
47728  11.107  -40.818  -3.122 0.0000000000
47740  18.204  -40.537  -5.981 0.0000000000
47741  17.591  -40.273  -5.735 0.0000000000
47742  16.816  -40.655  -5.118 0.0000000000
47743  12.813  -40.810  -4.494 0.0000000000
47744  12.247  -40.655  -4.164 0.0000000000
47745  11.663  -41.033  -3.534 0.0000000000
47758  19.873  -40.402  -5.980 0.0000000000
47759  18.833  -40.471  -6.171 0.0000000000
47760  18.213  -40.196  -6.088 0.0000000000
47761  14.001  -40.276  -5.463 0.0000000000
47762  13.302  -40.691  -4.873 0.0000000000
47763  12.703  -40.498  -4.533 0.0000000000
47771  15.798  -40.356  -6.636 0.0000000000
47772  15.202  -40.517  -6.301 0.0000000000
47773  14.671  -40.789  -5.865 0.0000000000
47786  17.940  -40.823  -7.802 0.0000000000
47787  17.258  -40.522  -7.558 0.0000000000
47788  16.466  -40.697  -7.050 0.0000000000
47799  19.317  -40.421  -8.253 0.0000000000
47800  18.443  -40.484  -8.062 0.0000000000
47801  17.762  -40.176  -7.828 0.0000000000
48761  12.196  -40.300  -2.566 0.0000000000
48762  11.901  -40.278  -2.513 0.0000000000
48772  13.596  -39.936  -3.799 0.0000000000
48773  13.080  -39.605  -3.473 0.0000000000
48774  12.208  -39.746  -2.803 0.0000000000
48775  11.408  -39.757  -2.717 0.0000000000
48788  15.839  -39.774  -4.785 0.0000000000
48789  15.139  -39.540  -4.646 0.0000000000
48790  14.104  -39.884  -4.088 0.0000000000
48791  13.548  -39.635  -3.852 0.0000000000
48792  11.062  -39.765  -3.184 0.0000000000
48800  17.292  -39.091  -5.809 0.0000000000
48801  16.441  -39.617  -5.171 0.0000000000
48802  15.794  -39.437  -4.836 0.0000000000
48803  11.954  -40.061  -4.222 0.0000000000
48804  11.531  -39.990  -3.804 0.0000000000
48820  20.233  -39.653  -5.640 0.0000000000
48821  19.371  -39.467  -6.116 0.0000000000
48822  18.274  -39.460  -6.224 0.0000000000
48823  13.862  -39.649  -5.512 0.0000000000
48824  13.215  -39.550  -5.232 0.0000000000
48825  12.415  -39.883  -4.567 0.0000000000
48826  11.863  -39.767  -4.238 0.0000000000
48835  16.004  -39.845  -6.830 0.0000000000
48836  15.276  -39.491  -6.474 0.0000000000
48837  14.409  -39.624  -5.857 0.0000000000
48838  13.693  -39.163  -5.521 0.0000000000
48851  17.226  -39.530  -7.682 0.0000000000
48852  16.461  -39.542  -7.260 0.0000000000
48853  15.778  -39.152  -6.863 0.0000000000
48860  19.523  -39.410  -8.440 0.0000000000
48861  18.627  -39.469  -8.313 0.0000000000
48862  17.887  -39.503  -7.979 0.0000000000
49843  12.912  -38.556  -3.619 0.0000000000
49844  12.343  -38.717  -3.291 0.0000000000
49845  11.637  -38.631  -2.986 0.0000000000
49858  14.869  -38.328  -4.738 0.0000000000
49859  14.066  -38.759  -4.445 0.0000000000
49860  13.476  -39.060  -3.905 0.0000000000
49861  11.192  -38.699  -3.352 0.0000000000
49866  17.185  -38.482  -5.849 0.0000000000
49867  16.563  -38.346  -5.552 0.0000000000
49868  15.729  -38.789  -4.939 0.0000000000
49869  11.268  -38.904  -3.848 0.0000000000
49883  19.726  -38.624  -5.482 0.0000000000
49884  18.834  -38.410  -6.252 0.0000000000
49885  17.723  -38.335  -6.143 0.0000000000
49886  17.132  -38.152  -5.887 0.0000000000
49887  13.000  -38.425  -5.442 0.0000000000
49888  12.322  -38.775  -4.887 0.0000000000
49889  11.782  -39.209  -4.290 0.0000000000
49905  15.185  -38.418  -6.612 0.0000000000
49906  14.407  -38.497  -6.147 0.0000000000
49907  13.809  -38.638  -5.697 0.0000000000
49920  17.335  -38.861  -7.841 0.0000000000
49921  16.603  -38.532  -7.534 0.0000000000
49922  15.825  -38.454  -7.104 0.0000000000
49929  18.770  -38.445  -8.524 0.0000000000
49930  17.828  -38.481  -8.145 0.0000000000
49931  17.079  -38.215  -7.820 0.0000000000
50866  12.873  -38.142  -3.685 0.0000000000
50867  12.547  -38.018  -3.614 0.0000000000
50868  11.960  -37.933  -3.470 0.0000000000
50878  14.750  -37.715  -4.811 0.0000000000
50879  14.084  -37.615  -4.607 0.0000000000
50880  13.170  -37.921  -3.932 0.0000000000
50881  12.556  -37.554  -3.758 0.0000000000
50882  11.539  -37.719  -3.699 0.0000000000
50887  16.283  -37.648  -5.644 0.0000000000
50888  15.409  -37.504  -5.232 0.0000000000
50889  14.598  -37.372  -4.850 0.0000000000
50890  11.272  -37.903  -4.061 0.0000000000
50900  19.097  -37.491  -5.900 0.0000000000
50901  18.162  -37.371  -6.228 0.0000000000
50902  16.957  -37.471  -6.022 0.0000000000
50903  16.164  -37.250  -5.725 0.0000000000
50904  12.727  -37.723  -5.488 0.0000000000
50905  12.126  -37.653  -5.271 0.0000000000
50906  11.601  -38.227  -4.514 0.0000000000
50926  15.228  -37.698  -6.833 0.0000000000
50927  14.331  -37.261  -6.435 0.0000000000
50928  13.328  -37.597  -5.739 0.0000000000
50929  12.622  -37.428  -5.507 0.0000000000
50945  16.555  -37.743  -7.634 0.0000000000
50946  15.696  -37.299  -7.271 0.0000000000
50947  14.924  -37.120  -6.860 0.0000000000
50955  17.999  -37.426  -8.444 0.0000000000
50956  17.040  -37.391  -7.883 0.0000000000
50957  16.349  -37.194  -7.580 0.0000000000
51823  12.231  -37.498  -3.656 0.0000000000
51824  11.902  -37.331  -3.695 0.0000000000
51830  13.853  -37.094  -4.651 0.0000000000
51831  13.377  -37.048  -4.470 0.0000000000
51832  12.456  -36.954  -3.921 0.0000000000
51833  11.728  -36.923  -3.913 0.0000000000
51837  18.554  -36.377  -4.989 0.0000000000
51838  14.998  -36.570  -5.417 0.0000000000
51839  14.154  -36.700  -4.898 0.0000000000
51840  12.980  -36.194  -4.639 0.0000000000
51841  12.109  -36.562  -4.502 0.0000000000
51842  11.440  -37.023  -4.318 0.0000000000
51849  19.077  -36.984  -5.306 0.0000000000
51850  18.480  -36.390  -5.928 0.0000000000
51851  17.430  -36.341  -6.324 0.0000000000
51852  15.961  -36.366  -5.878 0.0000000000
51853  12.735  -36.138  -5.186 0.0000000000
51854  11.980  -36.677  -5.184 0.0000000000
51855  11.472  -37.398  -4.719 0.0000000000
51873  13.998  -36.498  -6.362 0.0000000000
51874  13.264  -36.250  -6.052 0.0000000000
51875  12.551  -37.037  -5.583 0.0000000000
51894  15.259  -36.366  -7.327 0.0000000000
51895  14.517  -36.231  -6.748 0.0000000000
51896  13.881  -35.387  -6.519 0.0000000000
51904  17.227  -36.336  -8.149 0.0000000000
51905  16.053  -36.312  -7.597 0.0000000000
52758  17.882  -36.043  -4.578 0.0000000000
52759  17.217  -35.408  -4.345 0.0000000000
52763  18.100  -35.359  -5.380 0.0000000000
52764  17.664  -35.094  -5.081 0.0000000000
52765  14.587  -35.812  -5.623 0.0000000000
52766  13.628  -35.790  -5.335 0.0000000000
52767  13.108  -35.838  -5.165 0.0000000000
52775  17.817  -35.365  -6.234 0.0000000000
52776  16.654  -35.246  -6.378 0.0000000000
52777  15.244  -35.068  -6.220 0.0000000000
52778  13.993  -34.733  -5.854 0.0000000000
52779  13.486  -35.720  -5.648 0.0000000000
52794  14.061  -34.592  -6.577 0.0000000000
52795  13.712  -35.181  -6.250 0.0000000000
52817  14.970  -35.635  -7.396 0.0000000000
52818  14.301  -34.939  -7.035 0.0000000000
52819  13.853  -34.914  -6.637 0.0000000000
52837  16.410  -35.292  -7.922 0.0000000000
52838  15.430  -35.144  -7.573 0.0000000000
52839  14.831  -34.982  -7.391 0.0000000000
53821  16.600  -34.511  -4.005 0.0000000000
53824  17.999  -34.877  -5.564 0.0000000000
53825  17.549  -34.585  -5.295 0.0000000000
53833  18.067  -34.764  -5.938 0.0000000000
53834  17.230  -34.322  -6.409 0.0000000000
53835  15.800  -34.343  -6.615 0.0000000000
53836  14.774  -34.306  -6.425 0.0000000000
53854  16.098  -33.821  -7.054 0.0000000000
53855  15.003  -33.888  -6.832 0.0000000000
53856  14.364  -34.217  -6.566 0.0000000000
53871  16.161  -34.038  -7.593 0.0000000000
53872  15.268  -33.982  -7.352 0.0000000000
53873  14.445  -34.115  -7.049 0.0000000000
53892  15.738  -34.503  -7.662 0.0000000000
53893  14.898  -34.510  -7.417 0.0000000000
54940  16.848  -33.727  -4.668 0.0000000000
54948  17.487  -33.389  -5.833 0.0000000000
54966  17.074  -33.505  -6.888 0.0000000000
54985  16.672  -33.683  -7.461 0.0000000000
