#!ascii label  , from subject FREESURFER vox2ras=TkReg 
280
91816  51.507  3.811  -11.804 0.0000000000
91841  50.998  4.117  -12.155 0.0000000000
91842  50.399  3.868  -12.502 0.0000000000
91843  49.642  3.675  -12.980 0.0000000000
91861  48.924  3.567  -13.485 0.0000000000
91862  48.222  3.436  -13.625 0.0000000000
91863  47.594  3.409  -13.915 0.0000000000
91872  46.825  3.488  -14.319 0.0000000000
92686  52.555  4.336  -10.967 0.0000000000
92687  52.098  4.633  -11.452 0.0000000000
92710  51.426  4.843  -11.876 0.0000000000
92711  50.758  4.866  -12.321 0.0000000000
92712  50.031  4.725  -12.746 0.0000000000
92728  49.301  4.712  -13.396 0.0000000000
92729  48.456  4.217  -13.724 0.0000000000
92730  47.946  3.942  -13.782 0.0000000000
92739  49.147  5.330  -13.696 0.0000000000
92740  48.694  5.036  -13.935 0.0000000000
92741  47.657  4.587  -14.299 0.0000000000
92742  46.482  4.256  -14.692 0.0000000000
92750  47.401  5.230  -14.744 0.0000000000
92751  46.905  5.020  -14.913 0.0000000000
92752  46.021  4.851  -15.170 0.0000000000
93526  53.385  5.587  -10.076 0.0000000000
93538  52.634  5.492  -10.762 0.0000000000
93539  52.011  5.763  -11.516 0.0000000000
93562  51.215  5.858  -11.991 0.0000000000
93563  50.474  5.797  -12.614 0.0000000000
93564  49.866  5.413  -13.045 0.0000000000
93586  50.046  6.068  -13.094 0.0000000000
93587  49.522  5.790  -13.477 0.0000000000
93599  49.006  5.814  -13.931 0.0000000000
93600  48.383  5.669  -14.337 0.0000000000
93601  47.766  5.637  -14.713 0.0000000000
93609  47.232  5.686  -15.061 0.0000000000
93610  46.500  5.601  -15.376 0.0000000000
93611  45.564  5.484  -15.580 0.0000000000
94359  53.899  6.455  -9.919 0.0000000000
94360  53.196  6.623  -10.341 0.0000000000
94371  52.554  6.780  -11.016 0.0000000000
94372  51.831  6.892  -11.648 0.0000000000
94386  51.094  6.926  -12.367 0.0000000000
94387  50.477  6.726  -12.989 0.0000000000
94403  49.955  6.640  -13.456 0.0000000000
94404  49.417  6.568  -13.864 0.0000000000
94415  48.859  6.517  -14.307 0.0000000000
94416  48.227  6.475  -14.785 0.0000000000
94417  47.645  6.191  -15.075 0.0000000000
94424  47.839  6.724  -15.257 0.0000000000
94425  47.103  6.467  -15.525 0.0000000000
94426  46.081  6.191  -15.853 0.0000000000
94434  46.477  6.863  -16.039 0.0000000000
94435  45.640  6.792  -16.279 0.0000000000
95175  54.403  6.867  -9.944 0.0000000000
95190  54.756  7.125  -10.218 0.0000000000
95191  53.968  7.322  -10.379 0.0000000000
95192  53.192  7.517  -10.769 0.0000000000
95203  54.541  7.454  -10.918 0.0000000000
95204  53.723  8.156  -11.291 0.0000000000
95205  52.595  8.049  -11.432 0.0000000000
95206  51.747  7.729  -11.994 0.0000000000
95220  54.351  7.701  -11.634 0.0000000000
95221  53.925  8.294  -12.370 0.0000000000
95222  52.068  8.461  -12.145 0.0000000000
95223  51.323  8.043  -12.795 0.0000000000
95224  50.841  7.330  -12.914 0.0000000000
95239  53.525  8.423  -13.663 0.0000000000
95240  50.972  8.248  -13.343 0.0000000000
95241  50.458  7.657  -13.563 0.0000000000
95242  49.810  7.098  -13.798 0.0000000000
95252  53.400  7.887  -14.650 0.0000000000
95253  53.098  7.624  -15.360 0.0000000000
95254  50.151  8.014  -14.146 0.0000000000
95255  49.498  7.515  -14.420 0.0000000000
95256  48.728  7.026  -14.660 0.0000000000
95260  52.859  7.648  -16.176 0.0000000000
95261  49.246  7.952  -15.062 0.0000000000
95262  48.475  7.503  -15.314 0.0000000000
95263  47.686  7.039  -15.523 0.0000000000
95268  52.416  7.565  -17.127 0.0000000000
95269  52.025  6.889  -17.518 0.0000000000
95270  48.101  8.035  -15.917 0.0000000000
95271  47.341  7.459  -16.021 0.0000000000
95272  46.240  7.414  -16.527 0.0000000000
95273  45.259  7.447  -16.699 0.0000000000
95284  52.154  8.023  -17.588 0.0000000000
95285  51.780  7.440  -17.984 0.0000000000
95293  51.110  7.405  -18.823 0.0000000000
96066  53.419  8.834  -12.027 0.0000000000
96067  53.156  8.660  -11.643 0.0000000000
96076  53.255  9.378  -12.980 0.0000000000
96077  52.715  9.104  -12.200 0.0000000000
96078  51.919  9.080  -12.654 0.0000000000
96092  53.334  9.531  -13.951 0.0000000000
96093  51.202  8.937  -13.413 0.0000000000
96094  50.801  8.396  -13.594 0.0000000000
96103  53.489  9.020  -14.866 0.0000000000
96104  53.387  8.239  -15.153 0.0000000000
96105  50.944  9.155  -13.819 0.0000000000
96106  50.564  8.739  -14.111 0.0000000000
96107  50.008  8.231  -14.433 0.0000000000
96110  53.384  9.308  -15.838 0.0000000000
96111  53.319  8.434  -15.702 0.0000000000
96112  50.448  9.179  -14.684 0.0000000000
96113  49.830  8.689  -15.065 0.0000000000
96114  49.138  8.188  -15.396 0.0000000000
96118  53.233  9.534  -16.307 0.0000000000
96119  53.146  8.772  -16.663 0.0000000000
96120  49.666  9.193  -15.727 0.0000000000
96121  48.957  8.693  -16.091 0.0000000000
96122  47.806  8.327  -16.476 0.0000000000
96123  46.834  8.095  -16.779 0.0000000000
96124  45.849  8.043  -17.055 0.0000000000
96125  44.893  8.174  -17.076 0.0000000000
96135  52.474  8.621  -17.360 0.0000000000
96136  51.893  8.509  -17.853 0.0000000000
96137  48.792  9.244  -16.710 0.0000000000
96138  48.253  9.044  -16.842 0.0000000000
96139  47.379  8.742  -17.159 0.0000000000
96140  46.437  8.639  -17.430 0.0000000000
96141  45.469  8.731  -17.508 0.0000000000
96142  44.661  8.812  -17.499 0.0000000000
96147  51.399  8.290  -18.523 0.0000000000
96148  50.829  8.266  -19.250 0.0000000000
96864  52.939  10.010  -13.278 0.0000000000
96865  52.686  9.745  -12.960 0.0000000000
96866  52.362  9.508  -12.729 0.0000000000
96879  53.081  10.380  -13.768 0.0000000000
96880  52.654  10.297  -13.412 0.0000000000
96881  51.977  9.945  -13.209 0.0000000000
96890  53.235  10.094  -14.591 0.0000000000
96891  51.173  9.658  -14.066 0.0000000000
96892  50.707  9.388  -14.473 0.0000000000
96896  53.341  9.912  -15.355 0.0000000000
96897  51.388  10.249  -14.576 0.0000000000
96898  50.683  9.861  -15.103 0.0000000000
96899  49.983  9.456  -15.505 0.0000000000
96904  53.316  9.992  -15.988 0.0000000000
96905  52.741  9.891  -16.602 0.0000000000
96906  52.234  10.369  -17.040 0.0000000000
96907  50.631  10.394  -15.769 0.0000000000
96908  49.838  9.966  -16.204 0.0000000000
96909  49.142  9.416  -16.602 0.0000000000
96919  52.740  9.259  -17.110 0.0000000000
96920  52.054  9.596  -17.487 0.0000000000
96921  49.535  10.466  -16.937 0.0000000000
96922  48.865  9.884  -17.286 0.0000000000
96923  47.867  9.358  -17.441 0.0000000000
96924  47.061  9.235  -17.833 0.0000000000
96925  46.061  9.236  -18.044 0.0000000000
96926  45.034  9.425  -18.075 0.0000000000
96932  51.529  9.118  -18.253 0.0000000000
96933  51.055  9.081  -18.861 0.0000000000
96934  48.421  10.369  -17.880 0.0000000000
96935  47.812  9.985  -18.080 0.0000000000
96936  46.714  9.885  -18.470 0.0000000000
96937  45.729  9.911  -18.577 0.0000000000
96938  45.007  10.075  -18.654 0.0000000000
96943  50.597  9.133  -19.494 0.0000000000
96946  50.198  9.267  -20.047 0.0000000000
97610  52.954  11.015  -14.025 0.0000000000
97611  52.643  10.727  -13.827 0.0000000000
97612  52.360  10.450  -13.604 0.0000000000
97625  53.032  10.790  -14.492 0.0000000000
97626  52.562  10.780  -14.397 0.0000000000
97627  51.944  10.542  -14.049 0.0000000000
97632  53.104  10.434  -15.153 0.0000000000
97633  52.570  10.655  -15.174 0.0000000000
97634  51.649  10.671  -15.163 0.0000000000
97635  50.977  10.570  -15.551 0.0000000000
97642  53.181  10.221  -15.562 0.0000000000
97643  52.857  10.372  -15.787 0.0000000000
97644  51.976  10.898  -16.429 0.0000000000
97645  50.844  10.988  -16.247 0.0000000000
97646  49.968  11.061  -16.879 0.0000000000
97655  51.769  10.722  -17.555 0.0000000000
97656  49.376  10.968  -17.354 0.0000000000
97657  48.779  10.894  -17.789 0.0000000000
97658  44.437  10.105  -18.244 0.0000000000
97664  51.147  10.128  -18.506 0.0000000000
97665  50.739  9.618  -19.083 0.0000000000
97666  48.229  10.795  -18.360 0.0000000000
97667  47.299  10.820  -18.851 0.0000000000
97668  46.252  10.534  -18.974 0.0000000000
97669  45.420  10.528  -19.015 0.0000000000
97670  44.708  10.752  -18.853 0.0000000000
97676  50.740  10.652  -18.945 0.0000000000
97677  50.384  10.201  -19.621 0.0000000000
97678  49.964  10.717  -20.299 0.0000000000
97679  47.069  11.377  -19.208 0.0000000000
97680  46.573  11.203  -19.293 0.0000000000
97681  45.808  11.069  -19.393 0.0000000000
97682  45.166  11.046  -19.328 0.0000000000
97687  50.068  9.709  -20.224 0.0000000000
98389  51.185  11.759  -16.915 0.0000000000
98390  50.340  11.970  -17.246 0.0000000000
98391  49.732  11.786  -17.390 0.0000000000
98399  51.405  11.587  -17.530 0.0000000000
98400  50.812  12.283  -17.701 0.0000000000
98401  49.117  11.777  -17.649 0.0000000000
98402  48.591  11.646  -18.250 0.0000000000
98411  51.232  11.200  -18.292 0.0000000000
98412  50.981  12.097  -18.387 0.0000000000
98413  48.028  11.453  -18.759 0.0000000000
98414  47.497  11.738  -19.121 0.0000000000
98421  50.939  10.865  -18.685 0.0000000000
98422  50.660  11.397  -19.093 0.0000000000
98423  50.126  11.338  -19.961 0.0000000000
98424  46.849  11.864  -19.397 0.0000000000
98425  46.116  11.789  -19.522 0.0000000000
98426  45.395  11.679  -19.447 0.0000000000
98427  44.790  11.515  -19.211 0.0000000000
99135  49.976  12.454  -17.539 0.0000000000
99136  49.904  12.232  -17.462 0.0000000000
99142  50.115  12.943  -17.833 0.0000000000
99143  49.528  12.598  -17.608 0.0000000000
99144  48.876  12.590  -18.006 0.0000000000
99153  50.574  12.941  -18.462 0.0000000000
99154  48.237  12.456  -18.831 0.0000000000
99155  47.326  12.619  -19.359 0.0000000000
99165  50.503  12.638  -19.322 0.0000000000
99166  50.348  11.979  -19.656 0.0000000000
99167  46.458  12.600  -19.571 0.0000000000
99168  45.651  12.465  -19.554 0.0000000000
99169  44.949  12.258  -19.415 0.0000000000
99173  50.091  13.049  -19.772 0.0000000000
99174  49.872  12.462  -20.149 0.0000000000
99885  49.768  13.556  -18.270 0.0000000000
99886  49.481  13.396  -18.059 0.0000000000
99887  49.137  13.145  -17.865 0.0000000000
99894  50.028  13.605  -18.578 0.0000000000
99895  49.428  14.254  -18.689 0.0000000000
99896  48.802  13.675  -18.496 0.0000000000
99897  47.892  13.616  -19.254 0.0000000000
99912  50.273  13.480  -19.208 0.0000000000
99913  49.822  14.218  -19.255 0.0000000000
99914  46.881  13.565  -19.584 0.0000000000
99915  45.946  13.396  -19.646 0.0000000000
99916  45.147  13.128  -19.481 0.0000000000
99925  50.182  13.252  -19.590 0.0000000000
99926  49.724  13.747  -20.076 0.0000000000
99927  49.362  13.106  -20.551 0.0000000000
99938  49.222  14.292  -20.638 0.0000000000
100635  49.160  15.372  -18.974 0.0000000000
100636  48.842  14.932  -18.726 0.0000000000
100637  48.320  14.701  -19.127 0.0000000000
100654  49.460  15.066  -19.323 0.0000000000
100655  47.355  14.696  -19.540 0.0000000000
100656  46.280  14.517  -19.666 0.0000000000
100657  45.394  14.155  -19.467 0.0000000000
100658  44.674  13.739  -19.123 0.0000000000
100669  49.586  14.803  -19.846 0.0000000000
100679  49.374  14.762  -20.359 0.0000000000
100680  48.947  14.851  -20.891 0.0000000000
101378  49.033  15.891  -19.111 0.0000000000
101379  48.747  15.646  -19.051 0.0000000000
101380  48.516  15.324  -19.044 0.0000000000
101381  44.927  15.962  -19.168 0.0000000000
101394  49.213  15.796  -19.430 0.0000000000
101395  48.739  16.024  -19.492 0.0000000000
101396  47.983  15.709  -19.474 0.0000000000
101397  46.612  15.888  -19.728 0.0000000000
101398  45.599  15.354  -19.499 0.0000000000
101399  44.863  14.819  -19.105 0.0000000000
101411  49.382  15.492  -19.884 0.0000000000
101412  49.015  16.143  -20.125 0.0000000000
101413  48.160  16.134  -20.163 0.0000000000
101414  47.236  16.374  -20.167 0.0000000000
101427  49.425  15.188  -20.151 0.0000000000
101428  49.167  15.447  -20.442 0.0000000000
101429  48.340  15.707  -20.917 0.0000000000
101430  47.462  16.405  -20.845 0.0000000000
102068  44.921  16.684  -19.229 0.0000000000
102073  46.247  16.499  -19.819 0.0000000000
102074  45.616  16.660  -19.692 0.0000000000
102083  46.432  16.751  -20.035 0.0000000000
102084  45.828  17.342  -20.357 0.0000000000
102095  46.660  16.957  -20.670 0.0000000000
102737  44.849  17.221  -19.288 0.0000000000
102743  45.015  17.650  -19.827 0.0000000000
