#!ascii label  , from subject FREESURFER vox2ras=TkReg 
185
52217  18.289  -35.036  46.445 0.0000000000
52222  18.774  -34.617  46.299 0.0000000000
52223  18.525  -34.504  46.415 0.0000000000
53236  19.734  -34.291  46.453 0.0000000000
53237  18.148  -34.157  46.726 0.0000000000
53246  19.149  -34.256  46.282 0.0000000000
53247  18.759  -34.087  46.358 0.0000000000
54284  18.252  -33.367  47.141 0.0000000000
54299  20.132  -33.456  46.650 0.0000000000
54300  19.414  -33.479  46.480 0.0000000000
54301  18.788  -33.343  46.604 0.0000000000
54316  19.007  -33.810  46.310 0.0000000000
54317  18.817  -33.777  46.439 0.0000000000
54335  24.956  -32.520  44.649 0.0000000000
54353  26.174  -33.021  43.653 0.0000000000
54354  25.537  -32.625  43.719 0.0000000000
55374  20.509  -32.619  46.889 0.0000000000
55375  18.414  -32.477  47.238 0.0000000000
55384  19.904  -32.583  46.555 0.0000000000
55385  19.299  -32.460  46.564 0.0000000000
55386  18.838  -32.266  46.719 0.0000000000
55395  24.542  -32.267  45.100 0.0000000000
55396  24.102  -31.847  45.333 0.0000000000
55410  25.146  -32.425  44.119 0.0000000000
55411  24.633  -31.967  44.344 0.0000000000
55412  24.295  -31.873  44.842 0.0000000000
55426  26.574  -32.886  42.925 0.0000000000
55427  25.883  -32.522  43.044 0.0000000000
55428  25.207  -31.889  43.547 0.0000000000
55429  24.731  -31.643  43.949 0.0000000000
55446  26.717  -32.145  42.605 0.0000000000
55447  25.836  -31.833  42.848 0.0000000000
55448  25.483  -31.542  43.125 0.0000000000
56654  21.033  -31.815  46.915 0.0000000000
56655  20.356  -31.964  46.585 0.0000000000
56656  18.414  -31.466  47.717 0.0000000000
56665  20.556  -31.360  46.378 0.0000000000
56666  19.809  -31.580  46.379 0.0000000000
56667  19.075  -31.547  46.508 0.0000000000
56668  18.575  -31.518  46.877 0.0000000000
56676  23.627  -31.358  45.486 0.0000000000
56690  24.402  -31.502  44.112 0.0000000000
56691  23.918  -31.366  44.578 0.0000000000
56704  26.110  -30.980  43.260 0.0000000000
56705  25.356  -31.114  43.469 0.0000000000
56706  24.624  -31.209  43.796 0.0000000000
56707  24.164  -31.203  44.060 0.0000000000
56723  26.410  -31.419  42.766 0.0000000000
56724  25.803  -31.354  42.998 0.0000000000
57724  27.230  -29.317  51.880 0.0000000000
57798  18.500  -30.569  48.223 0.0000000000
57815  18.548  -30.556  47.206 0.0000000000
57825  23.057  -30.864  45.812 0.0000000000
57826  22.224  -30.580  46.001 0.0000000000
57827  21.337  -30.913  46.281 0.0000000000
57828  20.231  -30.589  46.133 0.0000000000
57829  19.378  -30.680  46.393 0.0000000000
57830  18.825  -30.880  46.625 0.0000000000
57842  23.248  -30.806  44.992 0.0000000000
57843  22.582  -30.395  45.216 0.0000000000
57860  23.445  -30.665  44.432 0.0000000000
57861  22.918  -30.283  44.515 0.0000000000
57876  25.615  -30.431  44.006 0.0000000000
57877  24.685  -30.500  43.860 0.0000000000
57878  23.867  -30.621  44.000 0.0000000000
57879  23.309  -30.317  44.193 0.0000000000
58794  26.809  -28.037  53.326 0.0000000000
58795  26.013  -27.284  53.991 0.0000000000
58805  26.814  -28.532  52.300 0.0000000000
58806  26.147  -27.799  52.863 0.0000000000
58807  25.320  -27.182  53.544 0.0000000000
58814  26.775  -29.062  51.483 0.0000000000
58815  26.248  -28.358  51.859 0.0000000000
58816  25.448  -27.684  52.488 0.0000000000
58824  26.740  -29.418  51.051 0.0000000000
58825  26.384  -29.067  50.955 0.0000000000
58826  25.706  -28.062  51.205 0.0000000000
58838  25.934  -29.036  50.232 0.0000000000
58839  25.510  -28.231  50.088 0.0000000000
58856  25.679  -28.989  49.539 0.0000000000
58857  25.375  -28.518  49.300 0.0000000000
58858  18.838  -29.334  49.540 0.0000000000
58859  18.630  -29.813  48.678 0.0000000000
58872  25.018  -28.480  48.584 0.0000000000
58873  18.956  -29.031  48.522 0.0000000000
58874  18.637  -29.744  47.839 0.0000000000
58887  24.757  -28.407  47.762 0.0000000000
58888  19.048  -29.000  47.534 0.0000000000
58889  18.870  -29.736  47.087 0.0000000000
58901  21.953  -30.260  45.716 0.0000000000
58902  21.657  -30.147  45.717 0.0000000000
58903  20.842  -29.664  45.791 0.0000000000
58904  19.653  -29.392  46.534 0.0000000000
58905  18.970  -30.213  46.678 0.0000000000
58918  22.040  -30.055  45.446 0.0000000000
58919  21.685  -29.361  45.355 0.0000000000
58920  21.160  -28.820  45.560 0.0000000000
58933  25.243  -29.605  44.957 0.0000000000
58934  24.921  -29.484  44.543 0.0000000000
58935  22.371  -29.612  44.787 0.0000000000
58936  22.073  -28.895  44.915 0.0000000000
58946  25.220  -29.900  44.483 0.0000000000
58947  24.711  -29.793  44.156 0.0000000000
58948  24.006  -29.867  43.907 0.0000000000
58949  23.166  -29.662  44.093 0.0000000000
59824  24.615  -27.066  53.259 0.0000000000
59835  24.787  -27.058  52.121 0.0000000000
59836  23.546  -26.563  51.751 0.0000000000
59847  24.812  -27.340  50.861 0.0000000000
59848  23.925  -26.816  50.435 0.0000000000
59863  24.787  -27.666  49.571 0.0000000000
59864  23.958  -26.938  49.364 0.0000000000
59865  19.389  -27.854  50.225 0.0000000000
59866  19.270  -28.111  49.325 0.0000000000
59877  24.255  -27.586  48.370 0.0000000000
59878  23.773  -26.981  48.724 0.0000000000
59879  19.300  -28.187  48.223 0.0000000000
59889  24.884  -28.611  46.908 0.0000000000
59890  24.308  -27.933  47.254 0.0000000000
59891  19.555  -28.283  47.285 0.0000000000
59899  24.937  -28.743  45.954 0.0000000000
59900  24.362  -28.097  46.296 0.0000000000
59901  20.562  -28.484  46.015 0.0000000000
59902  20.001  -28.237  46.641 0.0000000000
59912  24.899  -29.031  45.162 0.0000000000
59913  24.177  -28.336  45.295 0.0000000000
59914  23.654  -28.077  45.059 0.0000000000
59915  21.658  -28.466  45.182 0.0000000000
59916  21.159  -28.208  45.591 0.0000000000
59929  24.907  -29.257  44.801 0.0000000000
59930  24.434  -28.998  44.476 0.0000000000
59931  23.472  -28.315  44.572 0.0000000000
59932  22.602  -28.645  44.464 0.0000000000
59933  22.123  -28.479  44.856 0.0000000000
59944  24.219  -29.416  44.047 0.0000000000
59945  23.736  -29.133  44.054 0.0000000000
59946  23.195  -28.856  44.102 0.0000000000
60800  22.750  -26.436  50.975 0.0000000000
60801  21.471  -26.281  51.345 0.0000000000
60812  23.102  -26.404  49.960 0.0000000000
60813  21.908  -26.218  50.354 0.0000000000
60814  20.634  -26.573  50.616 0.0000000000
60827  23.215  -26.626  49.001 0.0000000000
60828  22.255  -26.267  49.356 0.0000000000
60829  21.056  -26.361  49.570 0.0000000000
60830  19.861  -27.127  49.679 0.0000000000
60831  19.588  -27.569  49.300 0.0000000000
60842  23.802  -27.374  47.499 0.0000000000
60843  23.392  -26.934  48.117 0.0000000000
60844  22.490  -26.454  48.394 0.0000000000
60845  21.521  -26.313  48.717 0.0000000000
60846  20.502  -26.751  48.524 0.0000000000
60847  19.654  -27.483  48.831 0.0000000000
60856  23.797  -27.512  46.664 0.0000000000
60857  23.216  -26.904  47.050 0.0000000000
60858  22.796  -26.657  47.683 0.0000000000
60859  21.068  -26.766  46.904 0.0000000000
60860  20.413  -27.023  47.425 0.0000000000
60861  19.777  -27.460  47.872 0.0000000000
60868  23.784  -27.748  45.774 0.0000000000
60869  23.156  -27.180  46.093 0.0000000000
60870  22.682  -27.110  45.958 0.0000000000
60871  21.288  -27.153  46.142 0.0000000000
60872  20.501  -27.503  46.497 0.0000000000
60873  20.005  -27.672  47.125 0.0000000000
60885  23.718  -27.963  45.301 0.0000000000
60886  23.314  -27.700  45.142 0.0000000000
60887  22.526  -27.341  45.458 0.0000000000
60888  21.626  -27.635  45.504 0.0000000000
60889  20.955  -27.755  45.870 0.0000000000
60899  23.191  -27.870  44.714 0.0000000000
60900  22.823  -27.834  44.694 0.0000000000
60901  22.176  -27.990  44.931 0.0000000000
61794  22.263  -26.444  47.719 0.0000000000
61795  21.703  -26.335  48.039 0.0000000000
61796  21.151  -26.375  48.266 0.0000000000
61806  22.843  -26.778  46.761 0.0000000000
61807  22.504  -26.575  47.060 0.0000000000
61808  21.728  -26.455  47.332 0.0000000000
61809  21.031  -26.487  47.734 0.0000000000
61817  22.958  -26.928  46.584 0.0000000000
61818  22.572  -26.902  46.361 0.0000000000
61819  21.845  -26.689  46.564 0.0000000000
61828  22.421  -27.087  45.930 0.0000000000
61829  22.029  -27.057  45.940 0.0000000000
