#!ascii label  , from subject FREESURFER vox2ras=TkReg 
224
96548  44.571  9.694  26.673 0.0000000000
96553  45.573  9.796  25.560 0.0000000000
96554  45.026  9.559  25.925 0.0000000000
96558  45.836  9.897  25.227 0.0000000000
96559  45.228  9.407  25.148 0.0000000000
96560  44.281  8.875  25.229 0.0000000000
96562  45.728  9.674  24.570 0.0000000000
96563  44.880  8.829  24.306 0.0000000000
96566  45.661  9.493  23.753 0.0000000000
97302  45.595  10.768  27.802 0.0000000000
97303  44.710  10.739  28.330 0.0000000000
97312  47.627  10.902  26.311 0.0000000000
97313  47.133  10.687  26.645 0.0000000000
97314  46.160  10.499  27.114 0.0000000000
97315  44.873  10.254  27.357 0.0000000000
97318  47.694  10.899  26.045 0.0000000000
97319  47.348  10.726  26.028 0.0000000000
97320  46.267  10.259  25.934 0.0000000000
97321  45.393  10.026  26.614 0.0000000000
97323  47.578  10.913  25.826 0.0000000000
97324  47.212  10.703  25.373 0.0000000000
97325  46.462  10.223  24.929 0.0000000000
97327  47.042  10.702  24.424 0.0000000000
97328  46.347  10.161  24.063 0.0000000000
97330  46.895  10.643  23.491 0.0000000000
98004  45.040  12.045  30.475 0.0000000000
98016  47.364  11.820  28.636 0.0000000000
98017  46.581  11.677  28.861 0.0000000000
98018  45.681  11.749  29.507 0.0000000000
98030  47.433  11.585  27.761 0.0000000000
98031  46.862  11.333  28.172 0.0000000000
98032  45.833  11.266  28.474 0.0000000000
98033  44.955  11.250  29.060 0.0000000000
98043  47.663  11.219  26.885 0.0000000000
98044  47.117  10.879  27.478 0.0000000000
98045  46.366  10.949  27.802 0.0000000000
98049  47.626  11.262  25.959 0.0000000000
98050  47.300  11.647  25.491 0.0000000000
98052  47.544  11.032  25.545 0.0000000000
98053  47.317  11.321  24.962 0.0000000000
98055  47.192  11.280  23.790 0.0000000000
98771  47.476  12.790  30.029 0.0000000000
98772  46.522  12.686  30.526 0.0000000000
98784  47.804  12.466  29.080 0.0000000000
98785  46.840  12.192  29.555 0.0000000000
98786  45.960  12.266  30.217 0.0000000000
98796  47.689  12.299  28.168 0.0000000000
98807  47.414  12.172  27.231 0.0000000000
98808  46.263  12.749  26.888 0.0000000000
98809  45.577  13.091  26.692 0.0000000000
98813  47.547  11.642  26.536 0.0000000000
98814  46.881  12.053  26.065 0.0000000000
98815  45.395  12.797  26.169 0.0000000000
98816  44.606  13.065  25.835 0.0000000000
98818  46.916  12.002  24.966 0.0000000000
98819  45.881  12.464  25.168 0.0000000000
98820  44.784  12.753  25.319 0.0000000000
98822  47.136  11.960  24.003 0.0000000000
98823  46.199  12.281  24.138 0.0000000000
98824  44.803  12.595  24.272 0.0000000000
98825  44.100  12.937  23.761 0.0000000000
99543  48.162  13.985  29.690 0.0000000000
99544  47.764  13.540  30.311 0.0000000000
99545  46.940  13.272  30.877 0.0000000000
99555  48.168  13.917  28.993 0.0000000000
99556  48.108  13.225  29.442 0.0000000000
99564  47.919  14.012  28.625 0.0000000000
99565  47.816  13.343  28.418 0.0000000000
99566  47.382  13.689  28.075 0.0000000000
99578  47.570  12.729  27.880 0.0000000000
99579  46.898  13.302  27.688 0.0000000000
99580  45.496  13.562  27.067 0.0000000000
99581  44.827  14.048  26.933 0.0000000000
99586  45.185  13.265  26.590 0.0000000000
99587  44.402  13.718  26.280 0.0000000000
99588  43.582  14.303  25.895 0.0000000000
99590  44.130  13.299  25.318 0.0000000000
99591  43.165  14.013  25.247 0.0000000000
99592  42.422  14.281  24.817 0.0000000000
99594  44.301  12.980  24.829 0.0000000000
99595  43.588  13.267  24.309 0.0000000000
99596  42.263  13.947  24.281 0.0000000000
99597  41.591  14.316  23.816 0.0000000000
99599  43.618  13.106  23.206 0.0000000000
99600  42.662  13.505  23.315 0.0000000000
99601  41.723  14.004  23.271 0.0000000000
99605  42.040  13.707  22.350 0.0000000000
100290  48.215  14.393  29.776 0.0000000000
100291  47.904  14.455  30.363 0.0000000000
100292  47.175  13.978  31.157 0.0000000000
100304  48.222  14.709  29.272 0.0000000000
100305  48.208  14.645  29.813 0.0000000000
100315  47.980  14.558  28.680 0.0000000000
100316  47.657  14.406  28.329 0.0000000000
100317  47.524  13.912  28.218 0.0000000000
100329  47.375  14.865  28.039 0.0000000000
100330  47.033  14.350  27.947 0.0000000000
100331  46.038  14.271  27.558 0.0000000000
100332  45.205  14.449  27.220 0.0000000000
100337  44.516  14.629  26.794 0.0000000000
100338  43.798  14.733  26.266 0.0000000000
100341  43.089  14.820  25.688 0.0000000000
100342  42.234  14.796  25.040 0.0000000000
100343  41.622  15.178  24.674 0.0000000000
100345  42.088  14.412  24.635 0.0000000000
100346  41.530  14.715  24.294 0.0000000000
100348  40.890  14.649  23.348 0.0000000000
100349  40.286  15.054  22.953 0.0000000000
100354  41.157  14.265  22.337 0.0000000000
100355  40.417  14.873  22.345 0.0000000000
101015  48.211  15.783  29.117 0.0000000000
101016  48.138  15.201  29.873 0.0000000000
101027  48.010  15.534  28.434 0.0000000000
101028  47.811  14.974  28.388 0.0000000000
101044  47.901  15.997  27.873 0.0000000000
101045  47.631  15.447  27.955 0.0000000000
101046  47.069  15.268  27.716 0.0000000000
101047  46.213  15.266  27.464 0.0000000000
101048  45.605  14.848  27.381 0.0000000000
101058  45.738  15.874  27.065 0.0000000000
101059  45.077  15.421  27.114 0.0000000000
101060  44.207  15.474  26.520 0.0000000000
101064  43.409  15.582  26.011 0.0000000000
101065  42.604  15.598  25.448 0.0000000000
101066  41.811  15.660  24.938 0.0000000000
101068  40.952  15.593  24.367 0.0000000000
101069  40.319  15.878  24.105 0.0000000000
101071  40.838  15.087  23.920 0.0000000000
101072  40.133  15.548  23.515 0.0000000000
101073  39.548  16.026  23.193 0.0000000000
101078  39.922  15.371  22.520 0.0000000000
101079  39.584  15.856  22.651 0.0000000000
101752  48.215  16.677  28.979 0.0000000000
101762  48.218  16.442  28.380 0.0000000000
101775  48.086  16.446  27.789 0.0000000000
101776  47.788  16.496  27.294 0.0000000000
101777  47.240  15.958  27.327 0.0000000000
101778  46.779  15.685  27.359 0.0000000000
101790  47.821  16.840  26.683 0.0000000000
101791  47.410  16.605  26.763 0.0000000000
101792  46.496  16.262  26.924 0.0000000000
101793  45.270  16.479  26.578 0.0000000000
101794  44.615  15.977  26.622 0.0000000000
101799  44.776  16.991  26.058 0.0000000000
101800  44.081  16.468  26.133 0.0000000000
101801  43.041  16.367  25.626 0.0000000000
101802  42.216  16.401  25.206 0.0000000000
101804  41.353  16.456  24.759 0.0000000000
101805  40.369  16.493  24.286 0.0000000000
101806  39.839  16.930  24.138 0.0000000000
101808  40.014  16.038  24.004 0.0000000000
101809  39.639  16.479  23.675 0.0000000000
101814  39.334  16.489  22.763 0.0000000000
102429  48.226  17.065  28.876 0.0000000000
102439  48.305  17.159  28.488 0.0000000000
102440  48.231  17.791  28.503 0.0000000000
102451  48.370  17.170  27.654 0.0000000000
102452  48.213  16.948  27.180 0.0000000000
102464  48.420  17.516  26.810 0.0000000000
102465  48.113  17.140  26.556 0.0000000000
102466  47.719  17.068  26.237 0.0000000000
102467  47.031  17.003  26.252 0.0000000000
102468  46.195  16.981  26.279 0.0000000000
102474  48.332  17.694  26.166 0.0000000000
102475  48.004  17.561  25.829 0.0000000000
102476  47.418  17.506  25.667 0.0000000000
102477  46.618  17.505  25.662 0.0000000000
102478  45.517  17.424  25.795 0.0000000000
102479  44.385  17.479  25.603 0.0000000000
102480  43.435  17.139  25.521 0.0000000000
102481  42.689  16.992  25.316 0.0000000000
102483  43.704  17.762  25.191 0.0000000000
102484  42.957  17.652  25.071 0.0000000000
102485  41.986  17.326  24.935 0.0000000000
102486  40.961  17.313  24.574 0.0000000000
102487  40.144  17.393  24.317 0.0000000000
102489  39.540  17.455  23.845 0.0000000000
102490  39.176  17.870  23.346 0.0000000000
102492  39.160  17.209  23.118 0.0000000000
103109  48.369  17.698  27.962 0.0000000000
103110  48.195  18.308  28.048 0.0000000000
103121  48.477  18.173  27.256 0.0000000000
103122  48.174  18.687  27.639 0.0000000000
103134  48.507  18.221  26.329 0.0000000000
103140  48.219  18.315  25.529 0.0000000000
103141  47.672  18.115  25.213 0.0000000000
103142  47.062  18.069  25.055 0.0000000000
103143  46.229  18.119  25.060 0.0000000000
103144  45.179  18.151  25.122 0.0000000000
103145  44.298  18.106  25.053 0.0000000000
103149  47.410  18.579  24.429 0.0000000000
103150  46.830  18.580  24.275 0.0000000000
103151  45.928  18.755  24.310 0.0000000000
103152  44.741  18.689  24.631 0.0000000000
103153  43.607  18.387  24.739 0.0000000000
103154  42.487  18.251  24.670 0.0000000000
103155  41.470  18.141  24.578 0.0000000000
103156  40.562  18.095  24.412 0.0000000000
103157  39.846  18.095  24.196 0.0000000000
103161  46.784  19.120  23.455 0.0000000000
103162  46.122  19.279  23.566 0.0000000000
103163  39.409  18.278  23.761 0.0000000000
103164  38.908  18.506  23.270 0.0000000000
103747  48.439  18.774  26.594 0.0000000000
103748  48.162  19.188  27.155 0.0000000000
103774  45.285  19.309  23.999 0.0000000000
103775  44.163  19.188  24.243 0.0000000000
103776  43.034  19.063  24.354 0.0000000000
103777  41.958  18.958  24.365 0.0000000000
103778  40.964  18.865  24.348 0.0000000000
103779  40.095  18.740  24.258 0.0000000000
103780  39.664  18.575  24.041 0.0000000000
103786  44.726  19.827  23.638 0.0000000000
103787  43.593  19.844  23.928 0.0000000000
103788  42.459  19.786  24.109 0.0000000000
103789  41.389  19.683  24.158 0.0000000000
103790  40.372  19.536  24.153 0.0000000000
103791  39.402  19.154  23.816 0.0000000000
104422  42.954  20.521  23.586 0.0000000000
104423  41.844  20.463  23.761 0.0000000000
104424  40.789  20.369  23.856 0.0000000000
104425  39.780  20.188  23.798 0.0000000000
105040  41.226  21.135  23.431 0.0000000000
105041  40.183  21.021  23.506 0.0000000000
