#!ascii label  , from subject FREESURFER vox2ras=TkReg 
150
84057  52.138  -3.889  21.517 0.0000000000
84058  51.696  -3.808  20.793 0.0000000000
84073  51.218  -4.007  19.527 0.0000000000
84938  52.321  -3.403  20.891 0.0000000000
84939  52.175  -3.569  20.415 0.0000000000
84947  52.356  -3.224  20.127 0.0000000000
84948  52.034  -3.652  19.868 0.0000000000
84954  52.163  -3.134  19.544 0.0000000000
84955  51.678  -3.413  18.954 0.0000000000
85835  52.429  -2.605  20.436 0.0000000000
85841  52.313  -2.556  19.707 0.0000000000
85847  52.012  -2.579  19.052 0.0000000000
85848  51.574  -2.615  18.298 0.0000000000
86754  52.388  -1.703  20.780 0.0000000000
86760  52.308  -1.725  19.941 0.0000000000
86766  52.094  -1.769  19.241 0.0000000000
86767  51.675  -1.734  18.612 0.0000000000
86772  51.245  -1.624  17.806 0.0000000000
86778  50.982  -1.610  16.830 0.0000000000
87692  52.227  -0.701  20.241 0.0000000000
87698  52.067  -0.733  19.403 0.0000000000
87699  51.798  -0.326  18.791 0.0000000000
87705  51.809  -1.064  18.854 0.0000000000
87706  51.537  -0.616  18.190 0.0000000000
87711  51.254  -0.549  17.220 0.0000000000
87717  50.984  -0.579  16.363 0.0000000000
88690  52.098  0.460  20.624 0.0000000000
88704  52.094  0.311  19.805 0.0000000000
88714  51.859  0.369  19.171 0.0000000000
88715  51.681  0.515  18.466 0.0000000000
88721  51.514  0.503  17.578 0.0000000000
88729  51.362  0.469  16.666 0.0000000000
88735  51.048  0.339  15.971 0.0000000000
88741  50.607  0.078  15.700 0.0000000000
89685  51.927  1.676  21.178 0.0000000000
89701  51.904  1.572  20.094 0.0000000000
89702  51.783  2.154  19.750 0.0000000000
89718  51.874  0.954  19.539 0.0000000000
89719  51.727  1.588  19.164 0.0000000000
89732  51.595  1.586  18.072 0.0000000000
89743  51.493  1.544  17.083 0.0000000000
89749  51.354  1.440  16.212 0.0000000000
89756  50.801  1.208  15.669 0.0000000000
89757  50.164  1.305  15.476 0.0000000000
90597  49.250  2.394  21.833 0.0000000000
90610  51.862  2.710  21.602 0.0000000000
90611  51.610  2.986  21.855 0.0000000000
90612  50.397  3.041  21.916 0.0000000000
90613  49.872  3.012  21.477 0.0000000000
90614  49.216  2.516  20.987 0.0000000000
90623  51.952  2.698  20.610 0.0000000000
90624  51.818  2.530  20.082 0.0000000000
90625  49.623  3.153  20.531 0.0000000000
90626  48.871  2.625  20.207 0.0000000000
90636  51.969  2.974  20.105 0.0000000000
90637  51.738  2.755  19.634 0.0000000000
90638  49.340  3.215  19.813 0.0000000000
90639  48.768  2.949  19.337 0.0000000000
90651  51.644  2.651  18.686 0.0000000000
90652  48.314  3.064  18.746 0.0000000000
90665  51.553  2.599  17.620 0.0000000000
90666  47.042  3.143  17.785 0.0000000000
90675  51.431  2.544  16.655 0.0000000000
90682  51.162  2.482  15.875 0.0000000000
90683  50.526  2.537  15.439 0.0000000000
90684  49.897  2.266  15.259 0.0000000000
90694  50.116  3.111  15.136 0.0000000000
90695  49.594  3.098  15.015 0.0000000000
91478  51.390  3.076  21.914 0.0000000000
91492  51.917  3.298  20.825 0.0000000000
91493  51.574  3.365  21.247 0.0000000000
91494  50.934  3.292  21.617 0.0000000000
91495  50.416  3.268  21.523 0.0000000000
91506  51.867  3.319  20.217 0.0000000000
91507  51.589  3.732  20.196 0.0000000000
91508  50.970  3.941  20.442 0.0000000000
91509  50.338  3.496  20.916 0.0000000000
91519  51.825  3.244  19.925 0.0000000000
91520  51.659  3.507  19.411 0.0000000000
91521  50.707  4.124  19.783 0.0000000000
91522  50.007  3.907  19.669 0.0000000000
91523  49.339  3.435  19.322 0.0000000000
91533  51.546  3.537  18.213 0.0000000000
91534  49.801  4.168  18.816 0.0000000000
91535  49.087  3.726  18.526 0.0000000000
91536  48.231  3.327  18.349 0.0000000000
91547  51.472  3.534  17.178 0.0000000000
91548  48.692  4.138  17.775 0.0000000000
91549  47.942  3.647  17.766 0.0000000000
91550  46.892  3.772  17.182 0.0000000000
91560  51.336  3.533  16.260 0.0000000000
91561  46.896  4.143  16.900 0.0000000000
91562  46.546  4.141  16.851 0.0000000000
91568  50.951  3.568  15.554 0.0000000000
91569  50.449  3.686  15.105 0.0000000000
91574  49.970  3.827  14.767 0.0000000000
91575  49.307  3.900  14.635 0.0000000000
92339  51.415  4.071  19.763 0.0000000000
92340  51.333  4.007  19.991 0.0000000000
92351  51.355  4.063  19.416 0.0000000000
92352  51.007  4.224  19.542 0.0000000000
92353  50.555  4.238  19.422 0.0000000000
92362  51.365  4.166  18.618 0.0000000000
92363  50.944  4.517  18.652 0.0000000000
92364  50.267  4.550  18.652 0.0000000000
92365  49.659  4.367  18.419 0.0000000000
92374  51.312  4.339  17.706 0.0000000000
92375  51.091  4.592  18.115 0.0000000000
92376  49.992  4.988  17.973 0.0000000000
92377  49.380  4.789  17.624 0.0000000000
92378  48.276  4.356  17.248 0.0000000000
92379  47.608  4.052  17.186 0.0000000000
92391  51.265  4.358  16.773 0.0000000000
92392  49.187  5.393  16.817 0.0000000000
92393  48.555  5.106  16.733 0.0000000000
92394  47.278  4.542  16.723 0.0000000000
92395  46.048  4.538  16.515 0.0000000000
92404  51.034  4.490  15.942 0.0000000000
92405  50.606  4.553  15.271 0.0000000000
92411  50.226  4.457  14.848 0.0000000000
92412  49.693  4.771  14.512 0.0000000000
92421  49.266  5.332  14.176 0.0000000000
93232  50.585  4.754  18.269 0.0000000000
93233  50.353  4.919  17.991 0.0000000000
93242  51.058  4.749  17.727 0.0000000000
93243  50.713  4.908  17.776 0.0000000000
93244  50.102  5.327  17.360 0.0000000000
93245  49.570  5.528  16.828 0.0000000000
93254  51.052  4.840  17.179 0.0000000000
93255  50.516  5.294  16.795 0.0000000000
93256  49.944  5.937  16.264 0.0000000000
93257  49.046  5.995  16.177 0.0000000000
93258  47.913  5.558  16.081 0.0000000000
93259  46.755  5.295  16.027 0.0000000000
93271  50.879  4.965  16.477 0.0000000000
93272  50.430  5.549  15.708 0.0000000000
93273  50.047  6.153  15.724 0.0000000000
93274  48.299  6.293  15.544 0.0000000000
93275  47.359  6.119  15.507 0.0000000000
93276  46.251  5.961  15.544 0.0000000000
93285  50.172  5.368  14.863 0.0000000000
93286  49.581  5.726  14.404 0.0000000000
94080  49.822  6.346  15.721 0.0000000000
94081  49.600  6.348  15.697 0.0000000000
94092  50.198  5.964  15.085 0.0000000000
94093  49.867  6.364  15.251 0.0000000000
94094  49.019  6.827  15.174 0.0000000000
94095  47.938  6.761  14.878 0.0000000000
94107  49.862  6.075  14.749 0.0000000000
94108  49.245  6.537  14.280 0.0000000000
