#!ascii label  , from subject FREESURFER vox2ras=TkReg 
224
47203  21.216  -40.275  40.301 0.0000000000
47216  22.319  -39.975  39.245 0.0000000000
47217  21.712  -40.600  39.601 0.0000000000
47238  22.911  -40.187  38.764 0.0000000000
48292  21.202  -39.398  41.380 0.0000000000
48302  21.365  -39.474  40.596 0.0000000000
48303  20.853  -39.998  41.006 0.0000000000
48312  22.380  -39.267  39.346 0.0000000000
48313  21.834  -39.587  39.838 0.0000000000
48327  24.176  -39.515  38.249 0.0000000000
48328  23.456  -39.434  38.540 0.0000000000
48329  22.770  -39.348  38.865 0.0000000000
48348  24.736  -39.506  37.784 0.0000000000
49298  30.952  -37.632  47.181 0.0000000000
49299  30.447  -37.774  46.721 0.0000000000
49300  29.635  -38.023  46.616 0.0000000000
49308  30.155  -37.794  45.928 0.0000000000
49309  29.413  -37.917  45.839 0.0000000000
49310  28.528  -37.891  45.777 0.0000000000
49311  27.476  -37.766  45.658 0.0000000000
49312  26.304  -37.754  45.531 0.0000000000
49321  30.009  -37.817  45.157 0.0000000000
49322  29.261  -37.732  45.038 0.0000000000
49323  28.381  -37.583  44.902 0.0000000000
49324  27.274  -37.468  44.520 0.0000000000
49325  25.935  -37.638  44.646 0.0000000000
49326  24.826  -37.731  44.619 0.0000000000
49333  27.214  -37.313  43.824 0.0000000000
49334  26.524  -37.406  43.927 0.0000000000
49335  25.528  -37.488  43.925 0.0000000000
49336  24.479  -37.489  43.823 0.0000000000
49337  23.309  -37.665  43.382 0.0000000000
49341  23.123  -37.515  42.574 0.0000000000
49342  22.451  -38.007  42.417 0.0000000000
49356  22.201  -38.154  41.337 0.0000000000
49357  21.636  -38.736  41.880 0.0000000000
49369  22.209  -38.326  40.485 0.0000000000
49370  21.676  -38.803  40.973 0.0000000000
49380  22.898  -38.182  39.270 0.0000000000
49381  22.337  -38.702  39.723 0.0000000000
49382  21.850  -38.967  40.300 0.0000000000
49393  24.040  -38.705  38.370 0.0000000000
49394  23.300  -38.577  38.764 0.0000000000
49395  22.662  -38.775  39.109 0.0000000000
49411  25.855  -38.380  36.987 0.0000000000
49412  25.257  -38.669  37.377 0.0000000000
49413  24.629  -38.731  37.913 0.0000000000
50326  31.513  -37.407  47.390 0.0000000000
50333  31.955  -37.123  46.957 0.0000000000
50334  31.264  -37.444  46.577 0.0000000000
50335  30.764  -37.593  46.027 0.0000000000
50338  31.804  -37.055  46.269 0.0000000000
50339  31.315  -37.282  45.671 0.0000000000
50340  30.634  -37.562  45.364 0.0000000000
50346  31.078  -37.285  44.903 0.0000000000
50347  30.508  -37.515  44.599 0.0000000000
50348  29.877  -37.650  44.364 0.0000000000
50349  29.142  -37.564  44.214 0.0000000000
50350  28.378  -37.433  44.103 0.0000000000
50353  31.015  -37.246  44.117 0.0000000000
50354  30.431  -37.446  43.781 0.0000000000
50355  29.761  -37.573  43.532 0.0000000000
50356  28.950  -37.496  43.426 0.0000000000
50357  27.950  -37.302  43.489 0.0000000000
50358  27.095  -37.128  43.327 0.0000000000
50359  26.165  -37.147  43.299 0.0000000000
50360  25.196  -37.212  43.208 0.0000000000
50361  24.308  -37.241  43.079 0.0000000000
50363  30.931  -37.175  43.370 0.0000000000
50364  30.434  -37.383  42.876 0.0000000000
50365  29.583  -37.495  42.728 0.0000000000
50366  28.709  -37.367  42.669 0.0000000000
50367  27.805  -37.131  42.642 0.0000000000
50368  26.857  -36.921  42.609 0.0000000000
50369  25.859  -36.893  42.545 0.0000000000
50370  24.864  -36.973  42.436 0.0000000000
50371  23.795  -37.173  42.351 0.0000000000
50372  23.093  -37.426  42.029 0.0000000000
50377  30.171  -37.388  42.097 0.0000000000
50378  29.349  -37.349  41.963 0.0000000000
50379  28.480  -37.122  41.921 0.0000000000
50380  27.565  -36.856  41.895 0.0000000000
50381  26.574  -36.717  41.822 0.0000000000
50382  25.563  -36.713  41.722 0.0000000000
50383  24.553  -36.801  41.582 0.0000000000
50384  23.505  -37.004  41.208 0.0000000000
50385  22.730  -37.569  41.562 0.0000000000
50394  23.302  -37.255  40.201 0.0000000000
50395  22.676  -37.584  40.773 0.0000000000
50403  23.964  -37.419  39.129 0.0000000000
50404  23.339  -37.599  39.515 0.0000000000
50405  22.715  -37.868  39.949 0.0000000000
50417  25.630  -37.265  37.943 0.0000000000
50418  24.851  -37.542  38.263 0.0000000000
50419  24.083  -37.903  38.592 0.0000000000
50420  23.477  -37.893  38.997 0.0000000000
50432  26.704  -37.398  37.116 0.0000000000
50433  25.882  -37.765  37.316 0.0000000000
50434  25.079  -37.948  37.719 0.0000000000
50435  24.520  -38.132  38.125 0.0000000000
50441  26.289  -37.947  36.828 0.0000000000
51279  32.106  -36.621  45.505 0.0000000000
51280  31.472  -37.013  45.169 0.0000000000
51287  32.284  -36.164  44.224 0.0000000000
51288  31.518  -36.833  44.594 0.0000000000
51291  31.915  -36.167  43.144 0.0000000000
51292  31.447  -36.734  43.656 0.0000000000
51294  31.739  -36.135  42.598 0.0000000000
51295  31.245  -36.789  42.598 0.0000000000
51296  30.691  -37.205  42.283 0.0000000000
51300  31.339  -36.497  41.836 0.0000000000
51301  30.762  -36.903  41.711 0.0000000000
51302  29.964  -37.082  41.351 0.0000000000
51303  29.110  -36.974  41.245 0.0000000000
51304  28.242  -36.722  41.194 0.0000000000
51305  27.290  -36.587  41.093 0.0000000000
51306  26.288  -36.566  40.976 0.0000000000
51307  25.292  -36.572  40.884 0.0000000000
51308  24.454  -36.687  40.795 0.0000000000
51320  31.137  -36.296  41.249 0.0000000000
51321  30.536  -36.457  40.779 0.0000000000
51322  29.691  -36.707  40.604 0.0000000000
51323  28.853  -36.691  40.466 0.0000000000
51324  27.969  -36.527  40.367 0.0000000000
51325  27.007  -36.392  40.237 0.0000000000
51326  25.990  -36.489  40.124 0.0000000000
51327  24.989  -36.579  40.102 0.0000000000
51328  24.073  -36.826  40.213 0.0000000000
51344  30.151  -36.327  40.092 0.0000000000
51345  29.474  -36.421  39.768 0.0000000000
51346  28.586  -36.507  39.690 0.0000000000
51347  27.706  -36.437  39.512 0.0000000000
51348  26.700  -36.393  39.342 0.0000000000
51349  25.642  -36.570  39.301 0.0000000000
51350  24.599  -36.903  39.379 0.0000000000
51351  23.839  -37.154  39.680 0.0000000000
51365  29.041  -36.322  39.212 0.0000000000
51366  28.393  -36.411  38.861 0.0000000000
51367  27.432  -36.478  38.631 0.0000000000
51368  26.338  -36.709  38.416 0.0000000000
51369  25.255  -36.945  38.626 0.0000000000
51370  24.540  -37.293  38.767 0.0000000000
51376  28.083  -36.549  38.104 0.0000000000
51377  27.226  -36.840  37.711 0.0000000000
51378  26.380  -37.136  37.661 0.0000000000
51383  27.961  -36.540  37.263 0.0000000000
51384  27.422  -37.132  36.848 0.0000000000
52237  32.512  -35.621  43.436 0.0000000000
52239  33.075  -34.694  42.716 0.0000000000
52240  32.330  -35.347  42.439 0.0000000000
52241  31.620  -36.148  42.211 0.0000000000
52249  32.073  -35.012  41.247 0.0000000000
52250  31.605  -35.818  41.578 0.0000000000
52266  31.969  -34.810  40.643 0.0000000000
52267  31.375  -35.533  40.378 0.0000000000
52268  30.607  -36.036  40.131 0.0000000000
52283  31.194  -35.234  39.508 0.0000000000
52284  30.332  -35.664  39.315 0.0000000000
52285  29.502  -36.100  39.223 0.0000000000
52297  29.884  -35.166  38.171 0.0000000000
52298  29.178  -35.932  38.569 0.0000000000
52299  28.550  -36.257  38.345 0.0000000000
52307  29.717  -34.933  37.667 0.0000000000
52308  29.219  -35.359  37.506 0.0000000000
52309  28.572  -36.114  37.791 0.0000000000
52315  29.010  -35.296  36.464 0.0000000000
52316  28.465  -35.923  36.871 0.0000000000
53277  33.084  -34.533  42.280 0.0000000000
53289  33.495  -34.016  41.870 0.0000000000
53290  32.800  -34.483  41.634 0.0000000000
53306  33.274  -33.847  41.216 0.0000000000
53307  32.625  -34.188  40.654 0.0000000000
53308  31.985  -34.609  40.199 0.0000000000
53315  32.400  -34.028  39.780 0.0000000000
53316  31.713  -34.583  39.490 0.0000000000
53317  31.140  -34.855  39.018 0.0000000000
53325  32.236  -33.819  39.105 0.0000000000
53326  31.631  -33.956  38.472 0.0000000000
53327  30.698  -34.672  38.394 0.0000000000
53335  31.001  -34.017  37.838 0.0000000000
53336  30.213  -34.414  37.481 0.0000000000
53337  29.653  -34.852  37.408 0.0000000000
53344  30.075  -34.209  36.457 0.0000000000
53345  29.541  -34.745  36.912 0.0000000000
54380  33.922  -33.474  41.349 0.0000000000
54395  34.311  -32.987  40.925 0.0000000000
54396  33.646  -33.300  40.450 0.0000000000
54397  32.986  -33.581  39.952 0.0000000000
54410  33.435  -33.097  39.556 0.0000000000
54411  32.822  -33.423  39.300 0.0000000000
54423  33.225  -32.953  38.936 0.0000000000
54424  32.596  -33.191  38.473 0.0000000000
54425  32.075  -33.347  38.003 0.0000000000
54437  32.372  -32.925  37.713 0.0000000000
54438  31.572  -33.330  37.378 0.0000000000
54439  30.880  -33.829  37.398 0.0000000000
54451  30.737  -33.696  36.840 0.0000000000
55486  34.466  -32.437  40.259 0.0000000000
55487  33.936  -32.733  39.745 0.0000000000
55500  34.168  -32.230  39.487 0.0000000000
55501  33.769  -32.531  39.036 0.0000000000
55513  33.322  -32.509  38.373 0.0000000000
55514  32.862  -32.641  37.928 0.0000000000
55525  33.160  -32.225  37.736 0.0000000000
55526  32.740  -32.400  37.319 0.0000000000
55527  32.237  -32.726  37.147 0.0000000000
56750  34.846  -31.550  40.366 0.0000000000
56751  34.388  -31.585  39.653 0.0000000000
56761  33.984  -31.722  38.842 0.0000000000
56762  33.717  -32.148  38.559 0.0000000000
56772  33.741  -31.374  38.466 0.0000000000
56773  33.526  -31.701  38.065 0.0000000000
56783  33.045  -31.727  37.060 0.0000000000
56784  32.785  -32.131  36.890 0.0000000000
57917  34.536  -30.702  39.997 0.0000000000
57929  33.972  -30.742  39.077 0.0000000000
57930  33.684  -30.282  38.591 0.0000000000
57937  33.822  -31.182  38.664 0.0000000000
57938  33.589  -30.772  38.229 0.0000000000
57947  33.275  -30.907  37.279 0.0000000000
58994  34.194  -29.766  39.582 0.0000000000
58995  33.751  -29.741  38.829 0.0000000000
59005  33.504  -29.798  38.150 0.0000000000
59990  33.896  -28.885  39.067 0.0000000000
