#!ascii label  , from subject FREESURFER vox2ras=TkReg 
115
82117  50.739  -6.210  17.754 0.0000000000
83131  51.345  -5.130  17.533 0.0000000000
83132  51.002  -5.320  18.023 0.0000000000
83133  50.192  -5.546  18.275 0.0000000000
83144  51.739  -5.541  16.876 0.0000000000
83145  51.357  -5.955  17.368 0.0000000000
83174  48.136  -5.194  14.899 0.0000000000
84089  51.249  -4.352  18.254 0.0000000000
84090  50.595  -4.648  18.688 0.0000000000
84105  51.496  -4.540  17.258 0.0000000000
84118  52.218  -5.491  15.603 0.0000000000
84119  51.804  -4.894  16.221 0.0000000000
84123  43.983  -3.945  16.700 0.0000000000
84124  43.051  -3.899  16.894 0.0000000000
84125  42.363  -3.932  17.082 0.0000000000
84130  51.910  -4.978  15.257 0.0000000000
84131  47.622  -4.530  14.999 0.0000000000
84132  46.770  -4.508  15.543 0.0000000000
84133  46.031  -4.265  15.792 0.0000000000
84137  51.504  -4.778  14.840 0.0000000000
84138  51.029  -4.677  14.596 0.0000000000
84139  50.270  -4.582  14.419 0.0000000000
84140  49.333  -4.583  14.391 0.0000000000
84141  48.419  -4.549  14.602 0.0000000000
84962  51.462  -3.563  17.844 0.0000000000
84963  41.911  -3.862  16.988 0.0000000000
84964  41.313  -3.777  16.943 0.0000000000
84972  51.359  -3.729  16.797 0.0000000000
84973  45.633  -4.062  15.795 0.0000000000
84974  45.137  -3.867  15.900 0.0000000000
84975  44.239  -3.650  16.043 0.0000000000
84976  43.238  -3.567  16.152 0.0000000000
84977  42.079  -3.583  16.383 0.0000000000
84986  51.284  -3.913  15.790 0.0000000000
84987  48.015  -3.677  14.790 0.0000000000
84988  47.065  -3.624  15.261 0.0000000000
84989  45.847  -3.618  15.608 0.0000000000
84990  44.652  -3.239  15.627 0.0000000000
84991  43.601  -3.105  15.593 0.0000000000
84992  42.549  -3.034  15.536 0.0000000000
84993  41.456  -2.960  15.487 0.0000000000
85001  51.184  -4.022  15.113 0.0000000000
85002  50.908  -3.963  14.826 0.0000000000
85003  50.474  -3.773  14.573 0.0000000000
85004  49.764  -3.681  14.399 0.0000000000
85005  48.888  -3.691  14.469 0.0000000000
85854  51.202  -2.652  17.347 0.0000000000
85859  51.018  -2.739  16.303 0.0000000000
85866  50.921  -2.862  15.278 0.0000000000
85867  50.753  -2.497  14.932 0.0000000000
85868  48.768  -2.362  14.967 0.0000000000
85869  47.824  -2.681  15.282 0.0000000000
85870  46.514  -2.642  15.705 0.0000000000
85871  45.214  -2.524  15.702 0.0000000000
85872  43.999  -2.395  15.496 0.0000000000
85873  42.992  -2.408  15.154 0.0000000000
85874  41.965  -2.345  14.671 0.0000000000
85875  40.881  -2.473  14.798 0.0000000000
85883  50.929  -3.437  14.912 0.0000000000
85884  50.651  -2.980  14.768 0.0000000000
85885  50.126  -2.897  14.514 0.0000000000
85886  49.369  -2.761  14.585 0.0000000000
85887  48.575  -3.030  14.768 0.0000000000
85888  41.703  -1.815  14.077 0.0000000000
85889  41.122  -2.012  14.058 0.0000000000
86779  46.922  -1.456  16.034 0.0000000000
86780  46.670  -1.393  16.085 0.0000000000
86786  50.810  -1.692  15.906 0.0000000000
86787  50.603  -1.818  15.160 0.0000000000
86788  50.127  -1.553  14.967 0.0000000000
86789  49.435  -1.699  14.987 0.0000000000
86790  48.458  -1.616  15.336 0.0000000000
86791  47.178  -1.562  15.865 0.0000000000
86792  45.939  -1.491  16.105 0.0000000000
86793  44.508  -1.493  15.693 0.0000000000
86794  43.258  -1.469  15.020 0.0000000000
86795  42.676  -1.999  14.648 0.0000000000
86801  50.614  -2.355  14.817 0.0000000000
86802  50.373  -2.267  14.730 0.0000000000
86803  49.907  -2.180  14.623 0.0000000000
86804  42.800  -0.947  14.553 0.0000000000
86805  42.302  -1.423  14.254 0.0000000000
86806  41.435  -1.245  13.598 0.0000000000
86813  41.251  -0.756  13.236 0.0000000000
86814  40.944  -0.898  13.271 0.0000000000
87718  46.885  -1.231  16.089 0.0000000000
87719  46.537  -1.034  16.163 0.0000000000
87724  50.662  -0.713  15.768 0.0000000000
87725  50.328  -0.760  15.451 0.0000000000
87726  49.890  -0.705  15.272 0.0000000000
87727  49.155  -0.688  15.358 0.0000000000
87728  48.144  -0.639  15.636 0.0000000000
87729  47.101  -0.577  16.007 0.0000000000
87730  46.152  -0.399  16.062 0.0000000000
87731  45.071  -0.451  15.773 0.0000000000
87732  44.009  -0.515  15.256 0.0000000000
87738  43.233  -0.434  14.697 0.0000000000
87739  42.550  -0.412  14.156 0.0000000000
87740  42.031  -0.776  13.703 0.0000000000
88742  50.281  0.233  15.526 0.0000000000
88743  49.711  0.283  15.449 0.0000000000
88744  48.884  0.316  15.552 0.0000000000
88745  47.864  0.380  15.692 0.0000000000
88746  46.777  0.501  15.832 0.0000000000
88747  45.628  0.590  15.655 0.0000000000
88748  44.491  0.536  15.218 0.0000000000
88749  43.745  0.199  14.832 0.0000000000
89758  49.461  1.292  15.444 0.0000000000
89759  48.561  1.315  15.461 0.0000000000
89760  47.511  1.391  15.509 0.0000000000
89761  46.372  1.521  15.492 0.0000000000
90685  49.143  2.246  15.284 0.0000000000
90686  48.208  2.262  15.228 0.0000000000
90687  47.156  2.330  15.204 0.0000000000
90696  48.811  3.110  14.945 0.0000000000
