#!ascii label  , from subject FREESURFER vox2ras=TkReg 
227
70040  46.633  -18.708  36.063 0.0000000000
70041  45.931  -18.575  35.536 0.0000000000
70042  45.222  -18.871  35.259 0.0000000000
70058  45.415  -18.213  35.165 0.0000000000
70059  44.772  -18.455  34.801 0.0000000000
71043  47.383  -17.915  36.738 0.0000000000
71060  46.439  -17.742  35.968 0.0000000000
71061  45.829  -17.620  35.408 0.0000000000
71077  45.322  -17.542  34.829 0.0000000000
71078  44.681  -17.581  34.257 0.0000000000
71079  44.057  -17.772  33.929 0.0000000000
71087  44.335  -17.227  33.779 0.0000000000
72023  47.466  -16.622  37.278 0.0000000000
72042  46.676  -16.656  36.459 0.0000000000
72043  46.177  -16.274  35.871 0.0000000000
72056  46.182  -16.988  35.758 0.0000000000
72057  45.745  -16.630  35.232 0.0000000000
72065  45.213  -16.622  34.408 0.0000000000
72066  44.742  -16.856  33.906 0.0000000000
72072  44.936  -16.249  33.803 0.0000000000
73054  47.686  -15.575  37.894 0.0000000000
73055  47.032  -15.530  37.087 0.0000000000
73070  46.387  -15.489  36.346 0.0000000000
73071  45.990  -15.581  35.575 0.0000000000
73078  45.597  -15.702  34.856 0.0000000000
73086  45.316  -15.609  34.098 0.0000000000
74018  48.004  -14.540  38.489 0.0000000000
74025  47.372  -14.459  37.667 0.0000000000
74026  46.702  -14.451  36.880 0.0000000000
74035  46.279  -14.476  35.928 0.0000000000
74036  45.911  -14.923  35.203 0.0000000000
74046  46.319  -14.159  35.045 0.0000000000
74047  45.808  -14.834  34.519 0.0000000000
74055  46.509  -14.177  34.176 0.0000000000
74056  45.805  -14.790  33.650 0.0000000000
74969  48.377  -13.548  39.018 0.0000000000
74970  47.766  -13.457  38.231 0.0000000000
74978  47.312  -13.331  37.255 0.0000000000
74979  46.802  -13.643  36.458 0.0000000000
74987  47.522  -12.872  36.361 0.0000000000
74988  46.915  -13.491  35.658 0.0000000000
74997  49.877  -12.566  35.519 0.0000000000
74998  49.365  -12.655  35.333 0.0000000000
74999  48.189  -12.891  35.372 0.0000000000
75000  47.185  -13.580  34.758 0.0000000000
75009  51.046  -12.855  34.454 0.0000000000
75010  50.837  -12.906  34.614 0.0000000000
75011  50.215  -12.892  35.043 0.0000000000
75012  49.209  -13.100  34.669 0.0000000000
75013  48.191  -13.408  34.379 0.0000000000
75014  47.362  -13.750  33.914 0.0000000000
75021  51.107  -13.259  33.921 0.0000000000
75022  50.576  -13.403  34.161 0.0000000000
75023  49.957  -13.551  34.131 0.0000000000
75024  49.104  -13.607  33.864 0.0000000000
75025  48.189  -13.724  33.601 0.0000000000
75026  47.566  -13.906  33.414 0.0000000000
76052  48.726  -12.684  39.450 0.0000000000
76059  48.326  -12.497  38.603 0.0000000000
76060  47.806  -12.635  37.842 0.0000000000
76066  48.221  -12.010  37.848 0.0000000000
76067  47.945  -12.224  37.074 0.0000000000
76074  49.888  -11.721  36.065 0.0000000000
76075  49.540  -11.887  36.138 0.0000000000
76076  48.640  -12.254  36.279 0.0000000000
76077  44.449  -12.315  37.022 0.0000000000
76085  51.094  -12.009  35.136 0.0000000000
76086  50.868  -12.031  35.350 0.0000000000
76087  50.197  -12.091  35.701 0.0000000000
76088  49.463  -12.309  35.759 0.0000000000
76089  48.919  -12.474  35.668 0.0000000000
76099  51.042  -12.371  34.692 0.0000000000
76100  50.674  -12.526  35.177 0.0000000000
76101  50.441  -12.535  35.320 0.0000000000
76108  51.171  -12.400  33.570 0.0000000000
76115  46.975  -11.802  32.274 0.0000000000
76116  46.732  -11.851  32.241 0.0000000000
76117  46.128  -11.939  32.164 0.0000000000
76118  45.476  -11.938  32.061 0.0000000000
76126  46.976  -11.855  32.049 0.0000000000
76127  46.550  -11.904  31.690 0.0000000000
76128  45.777  -11.927  31.495 0.0000000000
76129  45.113  -11.912  31.608 0.0000000000
76142  46.239  -11.873  31.150 0.0000000000
76143  45.804  -11.809  30.872 0.0000000000
77140  48.848  -11.948  39.039 0.0000000000
77149  49.086  -11.248  38.851 0.0000000000
77150  48.637  -11.574  38.305 0.0000000000
77158  49.015  -10.886  37.755 0.0000000000
77159  48.703  -11.540  37.247 0.0000000000
77160  48.559  -11.890  36.737 0.0000000000
77161  45.388  -11.262  37.813 0.0000000000
77162  44.875  -11.620  37.246 0.0000000000
77167  50.270  -10.940  36.194 0.0000000000
77168  49.741  -11.203  36.436 0.0000000000
77169  49.000  -11.744  36.560 0.0000000000
77170  48.734  -11.961  36.546 0.0000000000
77171  44.319  -11.800  36.322 0.0000000000
77172  43.902  -12.272  36.060 0.0000000000
77178  51.015  -11.502  35.196 0.0000000000
77179  50.455  -11.355  35.838 0.0000000000
77180  50.189  -11.554  35.974 0.0000000000
77181  44.174  -11.446  35.847 0.0000000000
77182  43.647  -12.029  35.504 0.0000000000
77183  42.981  -12.465  35.240 0.0000000000
77189  51.015  -11.528  34.264 0.0000000000
77190  44.732  -11.364  34.030 0.0000000000
77191  44.096  -11.590  34.183 0.0000000000
77192  43.470  -11.875  34.548 0.0000000000
77193  42.827  -12.286  34.786 0.0000000000
77199  50.786  -11.405  33.081 0.0000000000
77200  50.249  -10.655  32.807 0.0000000000
77201  49.887  -10.450  32.723 0.0000000000
77202  47.735  -11.069  32.964 0.0000000000
77203  47.022  -11.330  33.185 0.0000000000
77204  46.221  -11.434  33.312 0.0000000000
77205  45.298  -11.531  33.467 0.0000000000
77206  44.274  -11.705  33.352 0.0000000000
77207  43.383  -11.888  33.533 0.0000000000
77214  50.322  -11.064  31.971 0.0000000000
77215  49.532  -10.790  32.206 0.0000000000
77216  48.361  -11.183  32.387 0.0000000000
77217  47.227  -11.635  32.444 0.0000000000
77218  46.517  -11.719  32.702 0.0000000000
77219  45.719  -11.786  32.686 0.0000000000
77220  44.699  -11.908  32.321 0.0000000000
77228  49.588  -11.030  31.133 0.0000000000
77229  48.590  -11.355  31.318 0.0000000000
77230  47.341  -11.742  31.503 0.0000000000
77231  46.646  -11.852  31.214 0.0000000000
77232  45.194  -11.821  30.973 0.0000000000
77233  44.522  -11.873  31.243 0.0000000000
77247  47.653  -11.468  30.405 0.0000000000
77248  46.453  -11.679  30.532 0.0000000000
77249  45.431  -11.622  30.325 0.0000000000
77250  44.676  -11.731  30.463 0.0000000000
77263  45.748  -11.447  29.519 0.0000000000
78165  49.092  -10.858  39.471 0.0000000000
78166  48.853  -10.258  39.581 0.0000000000
78168  47.025  -10.447  39.389 0.0000000000
78180  49.174  -10.463  38.520 0.0000000000
78181  46.437  -10.492  38.576 0.0000000000
78182  45.828  -10.797  37.993 0.0000000000
78188  49.707  -10.110  36.843 0.0000000000
78189  49.530  -10.254  37.302 0.0000000000
78190  46.182  -10.206  37.799 0.0000000000
78191  45.518  -10.595  37.144 0.0000000000
78192  44.775  -11.052  36.600 0.0000000000
78196  50.212  -10.237  36.107 0.0000000000
78197  49.984  -10.373  36.402 0.0000000000
78198  49.770  -10.565  36.719 0.0000000000
78199  45.062  -10.541  36.095 0.0000000000
78200  44.440  -11.086  36.093 0.0000000000
78205  50.532  -10.604  35.791 0.0000000000
78206  50.417  -10.803  36.038 0.0000000000
78207  45.860  -10.385  34.834 0.0000000000
78208  45.263  -10.587  35.196 0.0000000000
78209  44.329  -11.137  35.443 0.0000000000
78210  43.945  -11.679  35.094 0.0000000000
78217  50.797  -10.517  34.788 0.0000000000
78218  50.110  -9.914  34.314 0.0000000000
78219  49.060  -9.865  34.079 0.0000000000
78220  47.957  -9.984  33.986 0.0000000000
78221  47.100  -10.296  34.116 0.0000000000
78222  46.329  -10.469  34.348 0.0000000000
78223  45.428  -10.887  34.347 0.0000000000
78224  44.619  -11.102  34.670 0.0000000000
78225  44.125  -11.522  34.817 0.0000000000
78231  50.801  -11.000  34.005 0.0000000000
78232  50.522  -10.563  33.713 0.0000000000
78233  49.730  -10.228  33.249 0.0000000000
78234  48.531  -10.500  33.277 0.0000000000
78235  47.509  -10.670  33.535 0.0000000000
78236  46.703  -10.882  33.740 0.0000000000
78237  45.993  -11.027  33.849 0.0000000000
78242  49.638  -10.468  32.727 0.0000000000
78243  49.197  -10.598  32.761 0.0000000000
79120  48.655  -10.119  39.757 0.0000000000
79121  48.412  -10.029  39.896 0.0000000000
79138  49.089  -10.128  39.121 0.0000000000
79139  48.766  -9.669  39.319 0.0000000000
79140  47.886  -9.579  39.546 0.0000000000
79141  47.088  -9.777  38.902 0.0000000000
79158  49.177  -9.713  38.444 0.0000000000
79159  48.960  -9.404  38.858 0.0000000000
79160  47.627  -9.269  38.472 0.0000000000
79161  46.850  -9.709  38.095 0.0000000000
79172  49.685  -9.844  37.006 0.0000000000
79173  49.431  -9.632  37.645 0.0000000000
79174  47.460  -9.200  37.557 0.0000000000
79175  46.539  -9.691  37.097 0.0000000000
79176  45.824  -9.974  36.421 0.0000000000
79181  50.065  -10.062  36.226 0.0000000000
79182  49.918  -9.753  36.402 0.0000000000
79183  48.464  -8.909  36.424 0.0000000000
79184  47.715  -9.124  36.561 0.0000000000
79185  46.605  -9.627  36.041 0.0000000000
79186  45.787  -10.038  35.663 0.0000000000
79191  50.225  -10.002  36.025 0.0000000000
79192  50.081  -9.516  36.040 0.0000000000
79193  49.708  -9.117  35.809 0.0000000000
79194  48.667  -9.006  35.805 0.0000000000
79195  47.515  -9.455  35.473 0.0000000000
79196  46.463  -9.896  35.053 0.0000000000
79197  45.838  -10.201  35.195 0.0000000000
79203  50.422  -10.039  35.600 0.0000000000
79204  50.223  -9.687  35.276 0.0000000000
79205  49.438  -9.403  34.981 0.0000000000
79206  48.342  -9.519  34.796 0.0000000000
79207  47.342  -9.800  34.625 0.0000000000
79208  46.792  -10.077  34.517 0.0000000000
80102  48.817  -9.292  39.026 0.0000000000
80103  48.632  -9.226  39.090 0.0000000000
80122  49.224  -9.427  37.998 0.0000000000
80123  48.945  -9.253  38.441 0.0000000000
80124  48.391  -8.965  38.633 0.0000000000
80141  49.739  -9.479  36.844 0.0000000000
80142  49.433  -9.270  37.430 0.0000000000
80143  48.890  -8.912  37.751 0.0000000000
80144  48.170  -8.910  37.799 0.0000000000
80149  49.757  -9.294  36.656 0.0000000000
80150  49.428  -8.834  36.979 0.0000000000
80151  48.606  -8.753  36.944 0.0000000000
80152  47.976  -8.899  37.221 0.0000000000
80157  49.775  -8.999  36.353 0.0000000000
80158  49.222  -8.855  36.389 0.0000000000
80159  48.778  -8.852  36.395 0.0000000000
