#!ascii label  , from subject FREESURFER vox2ras=TkReg 
327
68039  45.489  -20.069  24.206 0.0000000000
68040  44.863  -19.827  24.160 0.0000000000
68050  45.967  -20.629  23.194 0.0000000000
68051  44.669  -20.143  23.528 0.0000000000
68052  43.970  -19.945  23.305 0.0000000000
68062  45.080  -20.571  22.320 0.0000000000
68063  44.098  -20.214  22.668 0.0000000000
68073  44.258  -20.369  21.578 0.0000000000
69139  44.971  -19.287  24.548 0.0000000000
69140  44.345  -19.023  24.318 0.0000000000
69147  44.478  -19.581  24.140 0.0000000000
69148  43.851  -19.364  23.799 0.0000000000
69149  43.194  -19.101  23.333 0.0000000000
69157  43.503  -19.700  23.008 0.0000000000
69158  42.890  -19.256  22.622 0.0000000000
69167  43.458  -19.869  22.069 0.0000000000
69168  42.783  -19.350  21.565 0.0000000000
70144  44.633  -18.422  24.597 0.0000000000
70145  43.972  -18.440  24.225 0.0000000000
70151  43.372  -18.460  23.728 0.0000000000
70152  42.775  -18.486  23.151 0.0000000000
70160  42.231  -18.555  22.278 0.0000000000
70161  41.667  -18.164  21.663 0.0000000000
70167  42.098  -18.764  21.115 0.0000000000
70168  41.395  -18.143  20.731 0.0000000000
70173  42.074  -18.660  19.891 0.0000000000
70174  41.171  -18.117  19.458 0.0000000000
70175  40.682  -17.804  18.738 0.0000000000
70185  40.734  -17.890  17.711 0.0000000000
71168  45.033  -17.701  24.760 0.0000000000
71169  44.318  -17.688  24.363 0.0000000000
71170  43.661  -17.732  23.979 0.0000000000
71172  43.066  -17.641  23.499 0.0000000000
71173  42.428  -17.727  22.933 0.0000000000
71181  41.802  -17.620  22.300 0.0000000000
71182  41.212  -17.500  21.508 0.0000000000
71189  40.561  -17.376  20.354 0.0000000000
71190  40.020  -16.859  20.063 0.0000000000
71196  40.524  -17.605  19.421 0.0000000000
71197  39.808  -17.147  18.837 0.0000000000
71198  39.013  -16.253  17.476 0.0000000000
71206  40.141  -17.560  17.232 0.0000000000
71207  39.628  -17.032  17.573 0.0000000000
72159  44.813  -16.987  24.268 0.0000000000
72160  43.928  -17.098  23.971 0.0000000000
72161  43.485  -17.278  23.716 0.0000000000
72164  45.003  -16.469  23.695 0.0000000000
72165  44.207  -16.598  23.627 0.0000000000
72166  43.298  -16.752  23.311 0.0000000000
72167  42.760  -17.219  23.161 0.0000000000
72178  42.840  -16.355  22.797 0.0000000000
72179  42.318  -16.847  22.725 0.0000000000
72180  41.473  -16.808  22.102 0.0000000000
72193  40.825  -16.711  21.384 0.0000000000
72194  40.321  -16.511  20.684 0.0000000000
72204  39.755  -16.276  19.979 0.0000000000
72205  39.396  -15.637  18.890 0.0000000000
73204  45.196  -16.117  23.208 0.0000000000
73205  44.364  -16.138  23.200 0.0000000000
73206  43.819  -16.296  23.214 0.0000000000
73220  45.443  -15.752  22.593 0.0000000000
73221  44.512  -15.708  22.733 0.0000000000
73222  43.408  -15.815  22.647 0.0000000000
73223  42.354  -16.084  22.418 0.0000000000
73224  41.872  -16.379  22.266 0.0000000000
73238  48.619  -15.576  21.372 0.0000000000
73239  47.551  -15.463  21.748 0.0000000000
73240  46.575  -15.470  21.942 0.0000000000
73241  45.864  -15.486  22.117 0.0000000000
73242  42.985  -15.312  22.073 0.0000000000
73243  42.450  -15.550  22.013 0.0000000000
73244  41.438  -15.848  21.635 0.0000000000
73245  40.666  -16.149  21.208 0.0000000000
73254  48.896  -15.476  20.363 0.0000000000
73255  41.104  -15.344  21.033 0.0000000000
73256  40.468  -15.640  20.647 0.0000000000
73257  39.817  -15.690  19.914 0.0000000000
73268  48.855  -15.327  19.205 0.0000000000
73269  40.031  -15.249  19.766 0.0000000000
74141  45.214  -15.224  22.023 0.0000000000
74142  44.559  -15.289  22.216 0.0000000000
74143  44.013  -15.418  22.390 0.0000000000
74155  48.148  -15.018  20.520 0.0000000000
74156  47.493  -14.930  20.912 0.0000000000
74157  46.559  -14.882  21.185 0.0000000000
74158  45.567  -14.899  21.479 0.0000000000
74159  44.528  -14.812  21.599 0.0000000000
74160  43.549  -15.033  21.872 0.0000000000
74161  42.568  -15.100  21.593 0.0000000000
74162  42.034  -15.339  21.540 0.0000000000
74171  48.164  -14.855  19.701 0.0000000000
74172  47.393  -14.599  19.997 0.0000000000
74173  46.574  -14.450  20.298 0.0000000000
74174  45.551  -14.300  20.467 0.0000000000
74175  44.573  -14.370  20.783 0.0000000000
74176  43.630  -14.451  21.022 0.0000000000
74177  42.727  -14.606  21.125 0.0000000000
74178  41.696  -14.913  20.893 0.0000000000
74179  40.994  -15.152  20.704 0.0000000000
74190  48.038  -14.671  18.831 0.0000000000
74191  47.422  -14.334  19.095 0.0000000000
74192  46.573  -13.998  19.335 0.0000000000
74193  45.890  -13.974  19.763 0.0000000000
74194  41.389  -14.586  20.253 0.0000000000
74195  40.827  -14.821  20.094 0.0000000000
74203  48.263  -14.754  18.070 0.0000000000
74204  47.408  -14.117  18.057 0.0000000000
74205  46.870  -13.854  18.546 0.0000000000
74206  39.996  -14.531  18.923 0.0000000000
74218  47.335  -14.283  17.023 0.0000000000
74219  46.878  -14.083  16.597 0.0000000000
74220  39.673  -13.975  17.699 0.0000000000
74229  47.528  -14.310  16.251 0.0000000000
74230  47.060  -14.190  16.467 0.0000000000
74237  47.862  -14.275  15.895 0.0000000000
75168  45.185  -13.800  19.631 0.0000000000
75169  44.496  -13.927  19.890 0.0000000000
75170  43.626  -14.062  20.154 0.0000000000
75171  42.780  -14.210  20.446 0.0000000000
75172  42.248  -14.469  20.629 0.0000000000
75184  46.211  -13.662  18.457 0.0000000000
75185  45.508  -13.617  18.866 0.0000000000
75186  44.503  -13.638  18.952 0.0000000000
75187  43.605  -13.751  19.200 0.0000000000
75188  42.701  -13.881  19.559 0.0000000000
75189  41.827  -14.233  20.037 0.0000000000
75190  41.254  -14.453  19.945 0.0000000000
75200  46.981  -13.962  17.263 0.0000000000
75201  46.510  -13.704  17.676 0.0000000000
75202  45.570  -13.482  17.812 0.0000000000
75203  44.648  -13.390  17.970 0.0000000000
75204  43.674  -13.381  18.197 0.0000000000
75205  42.703  -13.487  18.545 0.0000000000
75206  41.746  -13.744  18.919 0.0000000000
75207  41.006  -14.188  19.367 0.0000000000
75217  46.949  -14.045  16.996 0.0000000000
75218  46.626  -13.841  16.842 0.0000000000
75219  45.737  -13.464  16.984 0.0000000000
75220  44.860  -13.259  17.085 0.0000000000
75221  43.867  -12.938  17.077 0.0000000000
75222  42.789  -12.988  17.560 0.0000000000
75223  41.763  -13.199  17.878 0.0000000000
75224  40.606  -13.574  18.093 0.0000000000
75225  39.862  -13.405  17.183 0.0000000000
75237  46.996  -14.018  15.934 0.0000000000
75238  46.664  -13.864  16.264 0.0000000000
75239  45.905  -13.424  16.438 0.0000000000
75240  45.014  -13.090  16.450 0.0000000000
75241  44.491  -13.014  16.700 0.0000000000
75242  38.898  -13.726  16.295 0.0000000000
75250  47.485  -13.868  15.740 0.0000000000
75251  46.622  -13.545  16.001 0.0000000000
75252  45.917  -13.282  16.203 0.0000000000
75253  45.441  -13.163  16.288 0.0000000000
75254  38.395  -13.278  15.689 0.0000000000
76295  43.462  -12.597  16.489 0.0000000000
76296  42.838  -12.611  16.705 0.0000000000
76297  41.910  -12.785  16.936 0.0000000000
76298  40.950  -12.981  17.161 0.0000000000
76299  40.345  -13.183  17.231 0.0000000000
76311  48.338  -11.833  15.932 0.0000000000
76312  47.931  -12.348  15.915 0.0000000000
76313  47.180  -12.567  16.108 0.0000000000
76314  46.396  -12.661  16.137 0.0000000000
76315  44.703  -12.843  16.316 0.0000000000
76316  44.203  -12.626  16.306 0.0000000000
76317  42.966  -12.281  16.146 0.0000000000
76318  42.041  -12.341  16.289 0.0000000000
76319  41.111  -12.457  16.438 0.0000000000
76320  40.048  -12.804  16.586 0.0000000000
76330  47.776  -13.072  15.695 0.0000000000
76331  46.853  -13.166  15.915 0.0000000000
76332  45.883  -12.944  16.015 0.0000000000
76333  44.977  -12.846  16.203 0.0000000000
76334  44.454  -12.544  16.189 0.0000000000
76335  42.095  -11.998  15.938 0.0000000000
76336  41.344  -12.028  15.942 0.0000000000
76337  40.421  -12.215  15.864 0.0000000000
76338  39.298  -12.573  15.786 0.0000000000
76339  38.417  -12.451  15.814 0.0000000000
77379  47.410  -11.166  16.912 0.0000000000
77380  46.917  -11.361  16.961 0.0000000000
77381  46.016  -11.563  16.871 0.0000000000
77382  45.226  -11.555  16.651 0.0000000000
77383  39.284  -11.097  16.528 0.0000000000
77393  48.422  -11.190  16.126 0.0000000000
77394  47.663  -11.639  16.499 0.0000000000
77395  46.611  -12.079  16.484 0.0000000000
77396  45.641  -12.217  16.302 0.0000000000
77397  44.626  -11.857  16.157 0.0000000000
77398  43.703  -12.009  15.935 0.0000000000
77399  42.536  -11.691  16.006 0.0000000000
77400  39.123  -11.378  16.207 0.0000000000
77401  38.662  -11.742  16.172 0.0000000000
77409  45.066  -12.498  16.134 0.0000000000
77410  44.466  -12.373  16.094 0.0000000000
77411  44.245  -12.405  16.137 0.0000000000
77412  41.616  -11.580  15.931 0.0000000000
77413  40.797  -11.601  15.759 0.0000000000
77414  39.942  -11.716  15.549 0.0000000000
77415  39.105  -11.773  15.798 0.0000000000
77416  38.556  -11.976  15.863 0.0000000000
78339  41.929  -10.181  18.681 0.0000000000
78354  45.814  -10.188  17.926 0.0000000000
78355  44.928  -10.386  17.855 0.0000000000
78356  44.038  -10.389  17.762 0.0000000000
78357  43.137  -10.430  17.764 0.0000000000
78358  42.226  -10.403  17.740 0.0000000000
78359  41.318  -10.416  17.802 0.0000000000
78360  40.428  -10.418  17.932 0.0000000000
78370  47.948  -9.765  17.050 0.0000000000
78371  47.381  -10.495  17.205 0.0000000000
78372  46.396  -10.791  17.440 0.0000000000
78373  45.459  -11.013  17.337 0.0000000000
78374  44.499  -11.091  16.968 0.0000000000
78375  43.519  -10.808  16.896 0.0000000000
78376  42.574  -10.671  16.854 0.0000000000
78377  41.606  -10.581  16.869 0.0000000000
78378  40.661  -10.560  16.924 0.0000000000
78379  39.647  -10.698  17.009 0.0000000000
78388  48.214  -10.462  16.611 0.0000000000
78389  47.699  -10.998  16.874 0.0000000000
78390  43.848  -11.415  16.388 0.0000000000
78391  43.008  -11.250  16.273 0.0000000000
78392  41.925  -11.024  16.134 0.0000000000
78393  40.958  -10.801  16.183 0.0000000000
78394  40.103  -10.651  16.103 0.0000000000
78395  39.509  -10.997  16.171 0.0000000000
78405  48.788  -10.432  15.785 0.0000000000
78406  41.127  -11.188  15.865 0.0000000000
78407  40.433  -11.075  15.639 0.0000000000
78408  39.710  -11.182  15.729 0.0000000000
78409  39.373  -11.326  15.932 0.0000000000
79302  43.048  -9.411  19.161 0.0000000000
79303  42.394  -9.629  19.294 0.0000000000
79314  45.999  -9.324  18.192 0.0000000000
79315  45.291  -9.514  18.313 0.0000000000
79316  44.510  -9.675  18.417 0.0000000000
79317  43.661  -9.723  18.635 0.0000000000
79318  42.773  -10.099  18.617 0.0000000000
79326  48.007  -9.051  17.075 0.0000000000
79327  47.513  -9.374  17.407 0.0000000000
79328  46.682  -9.655  17.742 0.0000000000
79334  48.312  -9.299  16.614 0.0000000000
79344  48.690  -9.480  16.009 0.0000000000
80255  43.302  -7.830  19.828 0.0000000000
80256  42.805  -8.131  20.028 0.0000000000
80264  44.375  -8.504  19.077 0.0000000000
80265  43.635  -8.527  19.396 0.0000000000
80266  42.625  -8.896  19.626 0.0000000000
80274  47.159  -8.077  17.844 0.0000000000
80275  46.467  -8.489  18.157 0.0000000000
80276  45.605  -8.620  18.490 0.0000000000
80277  44.844  -8.732  18.720 0.0000000000
80278  44.210  -9.029  18.837 0.0000000000
80285  48.208  -8.434  16.708 0.0000000000
80286  47.718  -8.355  17.340 0.0000000000
80287  47.149  -8.807  17.758 0.0000000000
80294  48.522  -8.546  16.151 0.0000000000
80302  48.884  -8.560  15.527 0.0000000000
81171  42.968  -7.304  20.065 0.0000000000
81172  42.221  -7.436  20.360 0.0000000000
81181  45.125  -7.034  18.913 0.0000000000
81182  44.656  -7.646  19.145 0.0000000000
81183  43.665  -7.326  19.663 0.0000000000
81191  47.406  -7.341  17.497 0.0000000000
81192  46.749  -7.368  18.094 0.0000000000
81193  45.714  -7.478  18.611 0.0000000000
81194  45.226  -8.128  18.776 0.0000000000
81203  48.354  -7.974  16.322 0.0000000000
81204  48.034  -7.398  16.650 0.0000000000
81211  48.488  -7.544  15.815 0.0000000000
81212  48.222  -7.008  16.097 0.0000000000
82098  42.495  -6.727  20.201 0.0000000000
82108  44.790  -6.692  19.068 0.0000000000
82109  44.096  -6.299  19.316 0.0000000000
82110  43.071  -6.341  19.875 0.0000000000
82111  42.334  -6.112  20.136 0.0000000000
82120  46.980  -6.653  17.694 0.0000000000
82121  46.301  -6.221  18.111 0.0000000000
82122  45.267  -6.314  18.738 0.0000000000
82123  44.680  -6.168  19.019 0.0000000000
82131  47.360  -6.275  17.040 0.0000000000
82132  46.832  -6.123  17.547 0.0000000000
82139  48.281  -6.737  15.773 0.0000000000
82140  47.926  -6.386  16.167 0.0000000000
82148  48.540  -6.481  15.191 0.0000000000
82149  48.180  -6.254  15.678 0.0000000000
83119  43.907  -5.521  19.140 0.0000000000
83120  43.278  -5.386  19.374 0.0000000000
83121  42.320  -5.398  19.775 0.0000000000
83135  46.087  -5.467  17.834 0.0000000000
83136  45.486  -5.321  18.212 0.0000000000
83137  44.482  -5.411  18.821 0.0000000000
83138  43.729  -5.050  18.988 0.0000000000
83146  47.033  -5.608  16.770 0.0000000000
83147  46.527  -5.421  17.256 0.0000000000
83148  45.847  -5.059  17.619 0.0000000000
83155  47.321  -5.671  16.308 0.0000000000
83156  46.738  -5.225  16.450 0.0000000000
83163  48.312  -5.692  15.057 0.0000000000
83164  47.772  -5.514  15.533 0.0000000000
83165  46.927  -5.186  15.900 0.0000000000
84078  43.150  -4.763  18.869 0.0000000000
84079  42.423  -4.740  19.075 0.0000000000
84093  45.304  -4.712  17.657 0.0000000000
84094  44.635  -4.603  18.055 0.0000000000
84095  43.646  -4.529  18.383 0.0000000000
84096  42.613  -4.436  18.317 0.0000000000
84097  41.657  -4.453  18.369 0.0000000000
84106  46.226  -4.816  16.575 0.0000000000
84107  45.638  -4.612  17.012 0.0000000000
84108  44.709  -4.349  17.221 0.0000000000
84109  43.820  -4.203  17.487 0.0000000000
84110  42.897  -4.147  17.628 0.0000000000
84111  41.942  -4.133  17.551 0.0000000000
84120  46.369  -4.737  16.032 0.0000000000
84121  45.687  -4.354  16.187 0.0000000000
84122  44.886  -4.130  16.478 0.0000000000
131240  39.148  -15.413  17.931 0.0000000000
131242  39.292  -15.308  18.264 0.0000000000
131243  38.404  -13.589  15.649 0.0000000000
131250  39.285  -14.812  17.874 0.0000000000
131258  37.949  -13.341  15.554 0.0000000000
131260  38.677  -15.028  16.978 0.0000000000
131262  38.637  -13.522  15.744 0.0000000000
131267  38.570  -13.637  15.852 0.0000000000
