#!ascii label  , from subject FREESURFER vox2ras=TkReg 
264
104469  34.299  20.206  18.415 0.0000000000
104470  33.728  19.983  18.007 0.0000000000
104471  32.821  20.218  17.935 0.0000000000
104475  34.016  20.497  17.725 0.0000000000
104476  33.524  20.636  17.532 0.0000000000
104477  33.104  20.967  17.431 0.0000000000
105088  34.582  20.791  18.667 0.0000000000
105089  32.282  21.210  18.572 0.0000000000
105096  34.785  21.377  18.541 0.0000000000
105097  34.358  21.038  17.922 0.0000000000
105098  32.762  21.363  17.755 0.0000000000
105105  34.015  20.995  17.263 0.0000000000
105106  33.507  21.278  17.098 0.0000000000
105107  33.026  21.517  17.194 0.0000000000
105673  32.054  22.182  18.906 0.0000000000
105674  31.621  22.566  19.680 0.0000000000
105680  34.958  21.967  17.626 0.0000000000
105681  34.376  21.371  17.315 0.0000000000
105682  32.505  22.212  18.191 0.0000000000
105690  34.968  22.244  16.334 0.0000000000
105691  34.184  21.720  16.703 0.0000000000
105692  33.311  22.076  16.848 0.0000000000
105693  32.841  22.132  17.404 0.0000000000
105702  34.949  22.626  15.904 0.0000000000
105703  34.511  22.553  16.230 0.0000000000
105704  33.866  22.501  16.518 0.0000000000
106255  31.272  23.551  20.328 0.0000000000
106256  30.827  23.673  20.891 0.0000000000
106268  35.561  22.476  18.497 0.0000000000
106269  32.100  23.275  18.787 0.0000000000
106270  31.661  23.398  19.576 0.0000000000
106282  35.899  22.885  17.848 0.0000000000
106283  33.125  23.434  17.381 0.0000000000
106284  32.826  23.102  17.681 0.0000000000
106295  35.686  22.707  16.644 0.0000000000
106296  33.356  23.127  16.949 0.0000000000
106297  33.016  22.600  17.150 0.0000000000
106308  36.551  23.008  15.811 0.0000000000
106309  35.571  22.848  15.705 0.0000000000
106310  34.915  23.162  15.700 0.0000000000
106311  34.205  23.284  16.346 0.0000000000
106326  36.486  23.349  15.032 0.0000000000
106327  35.717  23.551  15.185 0.0000000000
106328  35.228  23.779  15.527 0.0000000000
106342  36.466  23.844  14.596 0.0000000000
106343  35.989  24.016  14.865 0.0000000000
106937  30.335  24.805  21.342 0.0000000000
106949  31.348  24.729  20.221 0.0000000000
106950  30.835  24.324  20.824 0.0000000000
106960  32.311  24.510  18.841 0.0000000000
106961  31.738  24.155  19.543 0.0000000000
106972  33.282  24.055  17.584 0.0000000000
106973  32.652  23.947  18.214 0.0000000000
106984  34.380  24.492  16.671 0.0000000000
106985  33.863  23.942  16.833 0.0000000000
106996  35.332  24.573  15.870 0.0000000000
106997  34.776  24.009  16.032 0.0000000000
106998  34.266  23.933  16.426 0.0000000000
107008  36.136  24.686  15.026 0.0000000000
107009  35.642  24.222  15.281 0.0000000000
107010  35.220  24.126  15.648 0.0000000000
107019  37.119  24.378  14.041 0.0000000000
107020  36.377  24.321  14.656 0.0000000000
107021  35.998  24.298  14.920 0.0000000000
107602  30.363  25.542  21.320 0.0000000000
107610  31.453  25.448  20.251 0.0000000000
107611  30.945  25.466  20.813 0.0000000000
107617  33.337  25.660  18.681 0.0000000000
107618  32.876  25.426  18.859 0.0000000000
107619  31.941  25.363  19.622 0.0000000000
107625  34.303  25.648  17.851 0.0000000000
107626  33.730  25.393  18.162 0.0000000000
107627  32.962  24.679  18.332 0.0000000000
107632  35.246  25.670  16.908 0.0000000000
107633  34.687  25.454  17.238 0.0000000000
107634  33.977  24.677  17.294 0.0000000000
107639  36.248  25.593  16.039 0.0000000000
107640  35.671  25.435  16.368 0.0000000000
107641  34.929  24.816  16.399 0.0000000000
107645  37.189  25.607  15.036 0.0000000000
107646  36.592  25.450  15.422 0.0000000000
107647  35.863  24.863  15.583 0.0000000000
107655  37.606  25.361  14.437 0.0000000000
107656  36.706  24.855  14.645 0.0000000000
108188  30.505  26.418  21.283 0.0000000000
108198  32.398  26.652  20.097 0.0000000000
108199  31.619  26.193  20.363 0.0000000000
108200  31.087  26.218  20.849 0.0000000000
108207  35.123  26.783  18.807 0.0000000000
108208  34.290  26.555  19.025 0.0000000000
108209  33.438  26.130  19.015 0.0000000000
108210  32.601  26.088  19.498 0.0000000000
108211  32.115  26.093  19.876 0.0000000000
108216  36.074  26.573  17.847 0.0000000000
108217  35.339  26.359  18.040 0.0000000000
108218  34.524  26.068  18.146 0.0000000000
108219  33.964  26.076  18.560 0.0000000000
108224  37.891  26.678  16.898 0.0000000000
108225  36.994  26.521  16.941 0.0000000000
108226  36.253  26.311  17.083 0.0000000000
108227  35.474  26.032  17.187 0.0000000000
108228  34.979  26.007  17.636 0.0000000000
108233  38.954  26.614  15.944 0.0000000000
108234  38.065  26.490  16.018 0.0000000000
108235  37.262  26.305  16.174 0.0000000000
108236  36.450  25.978  16.285 0.0000000000
108237  35.938  25.959  16.714 0.0000000000
108241  40.940  26.780  14.826 0.0000000000
108242  40.005  26.585  14.986 0.0000000000
108243  39.110  26.431  15.078 0.0000000000
108244  38.306  26.265  15.272 0.0000000000
108245  37.447  25.961  15.335 0.0000000000
108246  36.902  25.967  15.766 0.0000000000
108255  38.493  25.963  14.591 0.0000000000
108256  37.934  25.918  14.874 0.0000000000
108755  31.643  27.924  20.977 0.0000000000
108756  31.092  27.602  21.130 0.0000000000
108757  30.090  27.572  21.545 0.0000000000
108765  34.594  28.051  20.016 0.0000000000
108766  34.102  27.849  20.150 0.0000000000
108767  33.064  27.509  20.298 0.0000000000
108768  31.908  27.432  20.655 0.0000000000
108769  31.218  26.785  20.828 0.0000000000
108775  36.489  27.854  19.101 0.0000000000
108776  35.857  27.595  19.197 0.0000000000
108777  34.759  27.565  19.615 0.0000000000
108778  33.810  27.000  19.708 0.0000000000
108779  33.071  26.651  19.760 0.0000000000
108785  38.389  28.038  18.148 0.0000000000
108786  37.846  27.801  18.256 0.0000000000
108787  36.748  27.405  18.499 0.0000000000
108788  35.851  26.881  18.526 0.0000000000
108794  39.366  27.994  17.338 0.0000000000
108795  38.640  27.594  17.563 0.0000000000
108796  37.487  27.078  17.659 0.0000000000
108797  36.724  26.720  17.631 0.0000000000
108802  40.363  27.907  16.445 0.0000000000
108803  39.611  27.554  16.630 0.0000000000
108804  38.691  26.855  16.681 0.0000000000
108811  41.711  27.616  15.138 0.0000000000
108812  40.576  27.468  15.773 0.0000000000
108813  39.670  26.882  15.705 0.0000000000
109280  32.112  28.813  21.161 0.0000000000
109281  31.660  28.537  21.189 0.0000000000
109282  30.646  28.524  21.434 0.0000000000
109294  35.047  28.893  20.172 0.0000000000
109295  34.603  28.638  20.212 0.0000000000
109296  33.604  28.560  20.530 0.0000000000
109297  32.486  28.549  20.907 0.0000000000
109298  31.924  28.111  20.937 0.0000000000
109307  36.985  28.561  19.230 0.0000000000
109308  36.438  28.465  19.436 0.0000000000
109309  35.405  28.592  19.911 0.0000000000
109310  34.848  28.207  19.954 0.0000000000
109317  38.828  28.953  18.315 0.0000000000
109318  38.251  28.563  18.522 0.0000000000
109319  37.430  28.372  18.913 0.0000000000
109320  36.844  28.096  19.089 0.0000000000
109325  39.929  28.954  17.387 0.0000000000
109326  39.324  28.658  17.792 0.0000000000
109327  38.726  28.329  18.113 0.0000000000
109333  40.978  28.801  16.487 0.0000000000
109334  40.366  28.568  16.867 0.0000000000
109335  39.750  28.323  17.226 0.0000000000
109343  41.451  28.407  15.977 0.0000000000
109344  40.770  28.207  16.339 0.0000000000
109844  32.865  29.845  21.237 0.0000000000
109845  32.152  29.381  21.293 0.0000000000
109846  31.179  29.425  21.431 0.0000000000
109856  35.881  29.915  20.221 0.0000000000
109857  35.107  29.467  20.311 0.0000000000
109858  34.127  29.475  20.628 0.0000000000
109859  33.236  29.343  20.940 0.0000000000
109860  32.693  29.273  21.112 0.0000000000
109867  37.175  29.339  19.364 0.0000000000
109868  36.220  29.338  19.870 0.0000000000
109869  35.664  29.318  20.118 0.0000000000
109875  39.164  29.800  18.224 0.0000000000
109876  38.449  29.487  18.644 0.0000000000
109877  37.885  29.110  18.944 0.0000000000
109883  40.407  29.678  17.302 0.0000000000
109884  39.728  29.555  17.690 0.0000000000
109889  42.203  30.043  16.159 0.0000000000
109890  41.486  29.487  16.480 0.0000000000
109891  40.844  29.316  16.795 0.0000000000
109899  42.075  29.131  15.960 0.0000000000
110414  32.958  30.377  21.284 0.0000000000
110415  32.458  30.350  21.363 0.0000000000
110416  31.662  30.320  21.435 0.0000000000
110427  35.985  30.480  20.193 0.0000000000
110428  35.457  30.478  20.355 0.0000000000
110429  34.616  30.455  20.641 0.0000000000
110430  33.554  30.404  21.067 0.0000000000
110437  38.140  30.917  19.088 0.0000000000
110438  37.699  30.602  19.287 0.0000000000
110439  36.574  30.479  19.833 0.0000000000
110445  39.194  30.667  18.283 0.0000000000
110446  38.518  30.653  18.757 0.0000000000
110447  37.970  29.839  19.031 0.0000000000
110452  41.249  31.077  17.065 0.0000000000
110453  40.853  30.778  17.277 0.0000000000
110454  39.821  30.657  17.780 0.0000000000
110459  42.214  30.791  16.149 0.0000000000
110460  41.585  30.797  16.671 0.0000000000
110461  41.061  30.005  16.941 0.0000000000
111001  32.888  30.899  21.310 0.0000000000
111002  32.187  31.263  21.367 0.0000000000
111015  35.918  31.039  20.185 0.0000000000
111016  35.163  31.498  20.397 0.0000000000
111017  34.142  31.396  20.774 0.0000000000
111018  33.271  31.456  21.085 0.0000000000
111019  32.730  31.470  21.243 0.0000000000
111026  38.095  31.499  19.098 0.0000000000
111027  37.211  31.498  19.500 0.0000000000
111028  36.355  31.598  19.914 0.0000000000
111029  35.807  31.652  20.163 0.0000000000
111035  39.210  31.548  18.323 0.0000000000
111036  38.597  31.517  18.746 0.0000000000
111042  41.211  31.672  17.117 0.0000000000
111043  40.354  31.610  17.537 0.0000000000
111044  39.798  31.579  17.856 0.0000000000
111050  42.288  31.642  16.191 0.0000000000
111051  41.694  31.662  16.656 0.0000000000
111589  32.165  31.779  21.266 0.0000000000
111602  35.047  32.249  20.294 0.0000000000
111603  34.462  32.198  20.429 0.0000000000
111604  33.589  32.238  20.654 0.0000000000
111617  38.108  32.069  19.027 0.0000000000
111618  37.691  32.331  19.160 0.0000000000
111619  36.746  32.441  19.556 0.0000000000
111620  35.706  32.420  20.054 0.0000000000
111626  39.209  32.445  18.340 0.0000000000
111627  38.493  32.367  18.756 0.0000000000
111628  37.892  33.025  18.937 0.0000000000
111634  41.183  32.435  17.083 0.0000000000
111635  40.665  32.468  17.345 0.0000000000
111636  39.803  32.494  17.829 0.0000000000
111642  42.345  32.560  16.243 0.0000000000
111643  41.693  32.522  16.657 0.0000000000
112233  34.795  32.827  20.182 0.0000000000
112234  33.981  32.909  20.250 0.0000000000
112250  37.216  33.375  19.123 0.0000000000
112251  36.229  33.383  19.541 0.0000000000
112252  35.202  33.492  19.792 0.0000000000
112263  39.158  33.348  18.252 0.0000000000
112264  38.247  33.465  18.634 0.0000000000
112265  37.710  33.533  18.838 0.0000000000
112272  41.072  33.052  17.062 0.0000000000
112273  40.368  33.529  17.372 0.0000000000
112274  39.717  33.415  17.783 0.0000000000
112282  42.332  33.511  16.220 0.0000000000
112283  41.443  33.608  16.696 0.0000000000
112284  40.940  33.665  16.993 0.0000000000
112901  37.154  33.908  19.002 0.0000000000
112902  36.713  34.059  19.128 0.0000000000
112903  35.637  34.365  19.274 0.0000000000
112920  39.125  33.950  18.063 0.0000000000
112921  38.658  34.208  18.210 0.0000000000
112922  37.482  34.256  18.688 0.0000000000
112923  36.397  34.878  18.770 0.0000000000
112935  40.267  34.368  17.321 0.0000000000
112936  39.521  34.269  17.709 0.0000000000
112937  38.850  34.947  17.841 0.0000000000
113560  38.091  35.116  18.101 0.0000000000
