#!ascii label  , from subject FREESURFER vox2ras=TkReg 
213
49877  26.619  -38.559  -5.353 0.0000000000
49878  25.700  -38.607  -5.276 0.0000000000
49879  24.744  -38.687  -5.355 0.0000000000
49880  23.771  -38.642  -5.536 0.0000000000
49881  22.864  -38.530  -5.793 0.0000000000
49903  22.216  -38.530  -6.535 0.0000000000
49904  21.691  -38.054  -7.036 0.0000000000
50894  26.884  -37.882  -5.697 0.0000000000
50895  25.974  -37.643  -5.706 0.0000000000
50896  25.051  -37.809  -5.497 0.0000000000
50897  24.144  -37.833  -5.519 0.0000000000
50898  23.253  -37.718  -5.685 0.0000000000
50922  27.015  -37.318  -6.072 0.0000000000
50923  26.460  -37.390  -5.952 0.0000000000
50924  22.404  -37.591  -6.113 0.0000000000
50925  21.729  -37.528  -6.716 0.0000000000
50943  21.252  -37.499  -7.500 0.0000000000
50944  20.832  -36.970  -7.944 0.0000000000
50951  21.153  -38.055  -7.812 0.0000000000
50952  20.645  -37.500  -8.229 0.0000000000
50953  19.805  -37.467  -8.672 0.0000000000
51844  25.757  -37.200  -5.994 0.0000000000
51845  25.330  -37.168  -5.905 0.0000000000
51846  24.470  -37.121  -5.775 0.0000000000
51847  23.703  -37.132  -5.758 0.0000000000
51866  27.193  -36.805  -6.607 0.0000000000
51867  25.970  -36.848  -6.430 0.0000000000
51868  24.795  -36.540  -6.293 0.0000000000
51869  23.863  -36.447  -6.149 0.0000000000
51870  22.901  -36.660  -6.093 0.0000000000
51871  21.840  -36.597  -6.470 0.0000000000
51872  21.222  -36.225  -6.949 0.0000000000
51890  26.572  -36.226  -7.173 0.0000000000
51891  25.761  -35.959  -7.221 0.0000000000
51892  21.361  -36.853  -7.018 0.0000000000
51893  20.831  -36.449  -7.538 0.0000000000
51900  20.358  -36.514  -8.144 0.0000000000
51901  19.881  -36.581  -8.577 0.0000000000
51902  19.107  -36.468  -8.878 0.0000000000
51903  18.182  -36.397  -8.720 0.0000000000
52742  22.525  -34.781  -1.912 0.0000000000
52788  25.030  -35.894  -6.913 0.0000000000
52789  24.163  -35.769  -6.625 0.0000000000
52790  23.215  -35.563  -6.618 0.0000000000
52791  22.275  -35.733  -6.519 0.0000000000
52792  21.480  -35.673  -6.773 0.0000000000
52793  20.808  -35.573  -7.227 0.0000000000
52810  26.938  -35.732  -7.697 0.0000000000
52811  26.089  -35.572  -7.694 0.0000000000
52812  25.221  -35.113  -7.690 0.0000000000
52813  24.285  -35.162  -7.218 0.0000000000
52814  23.731  -35.258  -6.898 0.0000000000
52815  20.036  -35.529  -7.936 0.0000000000
52816  19.465  -35.000  -8.301 0.0000000000
52831  26.328  -35.179  -8.160 0.0000000000
52832  25.788  -35.070  -8.002 0.0000000000
52833  19.876  -36.053  -8.344 0.0000000000
52834  19.309  -35.523  -8.619 0.0000000000
52835  18.355  -35.403  -8.852 0.0000000000
52836  17.500  -35.245  -8.460 0.0000000000
52844  18.101  -34.991  -8.956 0.0000000000
52845  17.930  -35.112  -8.831 0.0000000000
53784  21.589  -34.843  -1.389 0.0000000000
53785  20.836  -34.950  -1.109 0.0000000000
53786  19.746  -34.705  -0.943 0.0000000000
53804  21.407  -34.310  -1.847 0.0000000000
53805  19.311  -34.151  -1.380 0.0000000000
53832  25.936  -33.893  -5.025 0.0000000000
53850  23.018  -35.058  -6.856 0.0000000000
53851  22.602  -35.019  -6.783 0.0000000000
53852  21.780  -34.977  -6.779 0.0000000000
53853  21.118  -35.011  -7.031 0.0000000000
53864  24.965  -34.526  -8.097 0.0000000000
53865  24.347  -34.290  -7.892 0.0000000000
53866  23.262  -34.621  -7.216 0.0000000000
53867  22.141  -34.304  -7.098 0.0000000000
53868  21.256  -34.327  -7.208 0.0000000000
53869  20.432  -34.577  -7.495 0.0000000000
53870  19.626  -34.449  -8.088 0.0000000000
53885  26.528  -34.755  -8.619 0.0000000000
53886  25.489  -34.470  -8.477 0.0000000000
53887  24.793  -34.247  -8.296 0.0000000000
53888  19.096  -34.477  -8.602 0.0000000000
53889  18.565  -34.713  -8.798 0.0000000000
53890  17.317  -34.334  -8.438 0.0000000000
53891  16.596  -34.467  -8.097 0.0000000000
53905  26.085  -34.362  -8.902 0.0000000000
53906  18.141  -34.753  -8.902 0.0000000000
53907  17.805  -34.782  -8.755 0.0000000000
54906  22.126  -33.935  -2.410 0.0000000000
54907  21.386  -33.936  -2.204 0.0000000000
54908  20.314  -33.855  -1.924 0.0000000000
54909  18.616  -33.735  -1.652 0.0000000000
54927  21.911  -33.645  -2.531 0.0000000000
54928  19.609  -33.593  -1.952 0.0000000000
54929  17.883  -33.534  -1.876 0.0000000000
54946  25.416  -32.621  -5.391 0.0000000000
54947  17.482  -32.730  -6.130 0.0000000000
54965  17.373  -32.823  -6.679 0.0000000000
54978  24.141  -33.751  -8.149 0.0000000000
54979  23.607  -33.390  -7.974 0.0000000000
54980  22.489  -33.512  -7.516 0.0000000000
54981  21.510  -33.533  -7.433 0.0000000000
54982  20.662  -33.616  -7.567 0.0000000000
54983  19.856  -33.597  -7.883 0.0000000000
54984  17.248  -33.172  -7.598 0.0000000000
54992  25.135  -33.905  -8.901 0.0000000000
54993  24.427  -33.624  -8.612 0.0000000000
54994  23.872  -33.225  -8.430 0.0000000000
54995  19.134  -33.547  -8.407 0.0000000000
54996  18.294  -33.782  -8.564 0.0000000000
54997  17.476  -33.635  -8.353 0.0000000000
54998  16.811  -33.778  -8.037 0.0000000000
55012  25.682  -33.855  -9.334 0.0000000000
55013  24.957  -33.669  -9.137 0.0000000000
55014  18.206  -34.374  -8.805 0.0000000000
55015  17.852  -34.264  -8.703 0.0000000000
56095  18.632  -32.127  -3.659 0.0000000000
56096  17.573  -32.833  -3.258 0.0000000000
56113  17.671  -32.327  -3.877 0.0000000000
56114  16.414  -33.352  -3.662 0.0000000000
56120  16.530  -33.323  -4.263 0.0000000000
56129  17.431  -32.537  -5.715 0.0000000000
56130  16.942  -33.026  -4.999 0.0000000000
56150  17.443  -32.203  -6.440 0.0000000000
56168  23.202  -32.653  -8.140 0.0000000000
56169  22.666  -32.689  -7.860 0.0000000000
56170  21.701  -32.668  -7.741 0.0000000000
56171  20.873  -32.865  -7.681 0.0000000000
56172  20.160  -32.829  -7.799 0.0000000000
56173  17.977  -32.060  -7.813 0.0000000000
56174  17.631  -32.238  -7.290 0.0000000000
56177  24.157  -33.022  -9.107 0.0000000000
56178  23.626  -32.638  -8.685 0.0000000000
56179  22.731  -32.120  -8.330 0.0000000000
56180  22.081  -32.132  -8.063 0.0000000000
56181  19.390  -32.637  -8.136 0.0000000000
56182  18.483  -32.519  -8.249 0.0000000000
56183  17.707  -32.789  -8.183 0.0000000000
56190  25.405  -33.265  -10.025 0.0000000000
56191  24.667  -33.193  -9.573 0.0000000000
56192  23.947  -32.610  -9.507 0.0000000000
56208  24.212  -32.490  -10.091 0.0000000000
57310  17.370  -32.335  -4.229 0.0000000000
57318  24.975  -31.592  -5.756 0.0000000000
57319  16.634  -32.958  -4.504 0.0000000000
57326  17.495  -31.580  -6.200 0.0000000000
57327  17.124  -32.500  -5.263 0.0000000000
57341  17.583  -31.390  -6.833 0.0000000000
57360  21.446  -31.927  -8.067 0.0000000000
57361  20.860  -32.176  -7.902 0.0000000000
57362  20.454  -32.442  -7.855 0.0000000000
57363  18.262  -31.446  -7.877 0.0000000000
57364  17.912  -31.356  -7.403 0.0000000000
57368  23.532  -31.988  -9.400 0.0000000000
57369  22.883  -31.417  -8.967 0.0000000000
57370  21.847  -31.345  -8.434 0.0000000000
57371  20.774  -31.380  -8.296 0.0000000000
57372  20.005  -31.929  -8.094 0.0000000000
57373  18.917  -31.473  -8.226 0.0000000000
58459  24.653  -30.991  -5.866 0.0000000000
58460  22.061  -30.867  -4.887 0.0000000000
58461  19.838  -31.411  -4.233 0.0000000000
58462  17.601  -30.337  -6.702 0.0000000000
58463  17.660  -30.563  -6.667 0.0000000000
58478  17.775  -30.528  -7.102 0.0000000000
58496  18.343  -30.801  -8.035 0.0000000000
58497  18.001  -30.518  -7.721 0.0000000000
58515  20.886  -30.312  -8.816 0.0000000000
58516  19.692  -30.663  -8.515 0.0000000000
58517  18.600  -30.382  -8.313 0.0000000000
58518  18.162  -30.315  -8.077 0.0000000000
59489  19.855  -30.316  -4.885 0.0000000000
59490  19.821  -29.947  -5.134 0.0000000000
59491  19.200  -30.340  -5.053 0.0000000000
59498  22.171  -29.729  -5.626 0.0000000000
59499  20.593  -29.907  -5.231 0.0000000000
59500  19.651  -29.566  -5.466 0.0000000000
59501  17.404  -29.506  -6.742 0.0000000000
59502  17.659  -29.781  -6.707 0.0000000000
59519  17.674  -29.856  -6.907 0.0000000000
59527  17.765  -29.778  -7.425 0.0000000000
59548  18.951  -29.482  -8.712 0.0000000000
59549  18.016  -29.624  -8.153 0.0000000000
60471  21.222  -28.967  -5.927 0.0000000000
60472  20.210  -28.953  -5.882 0.0000000000
60473  17.664  -28.902  -7.039 0.0000000000
60474  17.649  -29.287  -6.947 0.0000000000
60475  17.655  -29.513  -6.837 0.0000000000
60492  20.758  -28.250  -6.368 0.0000000000
60493  18.025  -28.446  -7.409 0.0000000000
60494  17.961  -28.686  -7.399 0.0000000000
60495  17.691  -29.335  -7.145 0.0000000000
60503  18.115  -28.542  -7.906 0.0000000000
60504  17.784  -29.106  -7.687 0.0000000000
60524  17.962  -28.929  -8.078 0.0000000000
131154  22.602  -34.337  -2.295 0.0000000000
131155  23.832  -34.062  -3.275 0.0000000000
131156  24.244  -33.515  -3.804 0.0000000000
131161  24.115  -33.546  -3.610 0.0000000000
131165  25.067  -34.396  -4.133 0.0000000000
131166  24.946  -33.486  -4.508 0.0000000000
131167  19.473  -31.998  -3.625 0.0000000000
131168  24.181  -33.213  -4.097 0.0000000000
131171  24.575  -33.335  -4.281 0.0000000000
131173  24.804  -32.068  -5.233 0.0000000000
131174  24.752  -33.075  -4.581 0.0000000000
131175  19.252  -31.782  -3.767 0.0000000000
131179  23.183  -31.369  -4.829 0.0000000000
131181  18.239  -31.798  -4.138 0.0000000000
131182  18.985  -31.669  -3.943 0.0000000000
131184  18.318  -31.762  -4.125 0.0000000000
131186  18.700  -31.667  -4.102 0.0000000000
