#!ascii label  , from subject FREESURFER vox2ras=TkReg 
211
43302  10.025  -44.353  30.396 0.0000000000
43303  8.846  -44.371  30.197 0.0000000000
43304  8.142  -44.922  30.151 0.0000000000
43309  8.427  -43.896  29.743 0.0000000000
43310  7.704  -44.465  29.500 0.0000000000
43311  7.157  -45.010  29.223 0.0000000000
43312  2.902  -44.015  29.239 0.0000000000
43325  7.239  -44.064  28.857 0.0000000000
43326  6.589  -44.671  28.713 0.0000000000
43327  5.279  -44.449  28.404 0.0000000000
43328  4.215  -44.331  28.595 0.0000000000
43329  3.416  -44.398  28.936 0.0000000000
44245  9.616  -43.715  30.157 0.0000000000
44248  9.762  -43.076  30.091 0.0000000000
44249  9.022  -43.369  29.801 0.0000000000
44250  8.205  -43.386  29.468 0.0000000000
44251  3.019  -43.415  29.218 0.0000000000
44252  2.580  -43.413  29.347 0.0000000000
44253  2.061  -43.404  29.453 0.0000000000
44259  7.552  -43.472  29.018 0.0000000000
44260  6.864  -43.528  28.626 0.0000000000
44261  5.921  -43.556  28.385 0.0000000000
44262  4.789  -43.499  28.437 0.0000000000
44263  3.614  -43.431  28.789 0.0000000000
44264  1.731  -43.403  29.039 0.0000000000
44272  1.753  -43.305  28.071 0.0000000000
45201  9.433  -42.474  30.039 0.0000000000
45202  8.670  -42.552  29.666 0.0000000000
45203  7.821  -42.504  29.322 0.0000000000
45204  7.102  -42.154  29.118 0.0000000000
45205  3.103  -42.810  29.164 0.0000000000
45206  2.524  -42.542  29.278 0.0000000000
45207  1.947  -42.466  29.268 0.0000000000
45211  7.206  -42.819  28.818 0.0000000000
45212  6.434  -42.541  28.624 0.0000000000
45213  5.389  -42.631  28.470 0.0000000000
45214  4.412  -42.608  28.630 0.0000000000
45215  3.707  -42.399  28.907 0.0000000000
45216  1.728  -42.346  28.747 0.0000000000
45224  1.750  -41.949  27.995 0.0000000000
46278  9.774  -41.606  30.663 0.0000000000
46279  8.904  -41.328  30.429 0.0000000000
46280  8.228  -41.173  30.292 0.0000000000
46285  9.046  -41.909  30.056 0.0000000000
46286  8.381  -41.778  29.842 0.0000000000
46287  7.553  -41.443  29.694 0.0000000000
46288  6.503  -41.487  29.266 0.0000000000
46289  5.513  -41.160  29.197 0.0000000000
46290  4.527  -41.130  29.109 0.0000000000
46291  3.442  -41.657  29.143 0.0000000000
46292  2.444  -41.448  29.231 0.0000000000
46293  1.864  -41.700  29.094 0.0000000000
46300  5.780  -41.872  28.712 0.0000000000
46301  4.950  -41.827  28.675 0.0000000000
46302  4.114  -41.928  28.884 0.0000000000
46303  3.740  -41.997  28.994 0.0000000000
46304  2.018  -40.988  29.101 0.0000000000
46305  1.796  -41.286  28.599 0.0000000000
46319  1.876  -41.023  27.945 0.0000000000
47278  5.783  -40.394  35.163 0.0000000000
47279  5.024  -40.408  35.257 0.0000000000
47280  4.165  -40.391  35.581 0.0000000000
47281  3.363  -40.219  35.900 0.0000000000
47282  2.853  -40.042  36.081 0.0000000000
47296  8.194  -40.300  34.220 0.0000000000
47297  7.446  -40.360  34.413 0.0000000000
47298  6.433  -40.465  34.750 0.0000000000
47299  5.316  -40.673  34.875 0.0000000000
47300  4.358  -40.794  35.141 0.0000000000
47301  3.408  -40.615  35.426 0.0000000000
47302  2.817  -40.270  35.848 0.0000000000
47311  8.765  -40.394  33.627 0.0000000000
47312  7.727  -40.475  33.701 0.0000000000
47313  6.741  -40.559  33.913 0.0000000000
47314  5.704  -40.734  34.165 0.0000000000
47315  4.580  -40.762  34.419 0.0000000000
47316  3.759  -40.861  34.871 0.0000000000
47324  8.966  -40.502  32.699 0.0000000000
47325  8.032  -40.463  32.783 0.0000000000
47326  7.017  -40.488  32.930 0.0000000000
47327  6.037  -40.537  33.246 0.0000000000
47328  5.106  -40.589  33.577 0.0000000000
47338  9.199  -40.688  31.809 0.0000000000
47339  8.315  -40.564  31.786 0.0000000000
47340  7.329  -40.484  31.837 0.0000000000
47341  6.235  -40.350  32.046 0.0000000000
47344  9.336  -40.983  31.052 0.0000000000
47345  8.636  -40.779  30.944 0.0000000000
47346  7.696  -40.680  30.704 0.0000000000
47347  6.710  -40.421  30.854 0.0000000000
47348  5.822  -40.058  30.867 0.0000000000
47352  6.950  -40.817  29.991 0.0000000000
47353  6.134  -40.611  29.915 0.0000000000
47354  5.150  -40.182  29.804 0.0000000000
47355  4.087  -40.353  29.495 0.0000000000
47356  3.223  -40.419  29.427 0.0000000000
47357  2.601  -40.317  29.195 0.0000000000
47363  2.167  -40.308  28.659 0.0000000000
47364  1.934  -40.707  28.207 0.0000000000
47379  2.243  -40.216  27.662 0.0000000000
47380  1.973  -40.663  27.964 0.0000000000
48375  5.597  -40.166  35.368 0.0000000000
48376  4.905  -40.045  35.544 0.0000000000
48377  4.002  -39.756  35.814 0.0000000000
48378  3.107  -39.703  36.059 0.0000000000
48379  2.298  -39.664  36.100 0.0000000000
48380  1.701  -39.148  36.056 0.0000000000
48398  7.992  -40.085  34.576 0.0000000000
48399  7.379  -40.123  34.938 0.0000000000
48400  6.492  -40.031  35.295 0.0000000000
48401  5.662  -39.726  35.346 0.0000000000
48402  4.823  -39.525  35.428 0.0000000000
48403  3.207  -40.693  34.985 0.0000000000
48404  2.464  -40.244  35.259 0.0000000000
48405  1.690  -39.373  35.657 0.0000000000
48419  4.428  -40.482  33.853 0.0000000000
48420  3.543  -40.242  34.298 0.0000000000
48421  2.468  -39.688  34.512 0.0000000000
48430  5.462  -40.276  32.782 0.0000000000
48431  4.569  -39.897  33.112 0.0000000000
48432  3.682  -39.456  33.453 0.0000000000
48439  5.366  -39.786  31.952 0.0000000000
48440  4.627  -39.197  31.968 0.0000000000
48444  5.073  -39.413  30.876 0.0000000000
48445  4.209  -38.860  30.951 0.0000000000
48446  3.650  -38.855  30.363 0.0000000000
48449  4.474  -39.609  30.169 0.0000000000
48450  3.817  -39.515  29.952 0.0000000000
48451  3.247  -39.305  29.676 0.0000000000
48452  2.706  -39.326  29.110 0.0000000000
48455  2.511  -39.287  28.314 0.0000000000
48464  2.534  -39.059  27.534 0.0000000000
49441  3.471  -39.329  35.840 0.0000000000
49442  2.817  -38.895  35.966 0.0000000000
49443  1.877  -38.730  36.135 0.0000000000
49444  1.363  -38.700  35.922 0.0000000000
49466  7.993  -39.721  34.630 0.0000000000
49467  7.385  -39.516  34.808 0.0000000000
49468  6.465  -39.324  34.896 0.0000000000
49469  5.415  -39.087  34.921 0.0000000000
49470  4.002  -38.796  35.164 0.0000000000
49471  2.915  -38.121  35.362 0.0000000000
49472  1.780  -39.469  34.940 0.0000000000
49473  1.333  -38.596  35.223 0.0000000000
49492  5.120  -38.291  34.179 0.0000000000
49493  4.264  -37.853  34.274 0.0000000000
49494  2.937  -39.396  33.887 0.0000000000
49495  1.973  -38.736  34.105 0.0000000000
49496  1.345  -37.937  34.605 0.0000000000
49505  4.067  -39.119  32.762 0.0000000000
49506  3.182  -38.678  33.039 0.0000000000
49507  2.360  -38.073  33.241 0.0000000000
49513  3.985  -38.650  32.080 0.0000000000
49514  3.466  -38.219  32.066 0.0000000000
49517  3.812  -38.467  31.539 0.0000000000
49518  3.518  -38.246  31.107 0.0000000000
49519  3.255  -37.963  30.602 0.0000000000
49521  3.415  -38.506  30.278 0.0000000000
49522  3.174  -38.275  29.764 0.0000000000
49525  2.906  -38.371  28.812 0.0000000000
49530  2.701  -38.338  27.970 0.0000000000
50451  2.194  -37.958  35.867 0.0000000000
50452  1.454  -37.996  35.947 0.0000000000
50453  1.194  -38.197  35.692 0.0000000000
50471  3.451  -37.683  34.746 0.0000000000
50472  2.673  -37.040  35.189 0.0000000000
50473  1.804  -37.140  35.608 0.0000000000
50474  1.229  -37.486  35.260 0.0000000000
50498  3.332  -36.981  34.644 0.0000000000
50499  1.622  -37.429  33.792 0.0000000000
50500  1.307  -37.343  34.541 0.0000000000
50516  2.841  -38.054  32.571 0.0000000000
50517  2.353  -37.471  32.749 0.0000000000
50520  3.039  -37.735  31.947 0.0000000000
50521  2.628  -37.123  31.897 0.0000000000
50524  3.083  -37.650  31.236 0.0000000000
50525  2.930  -37.256  30.688 0.0000000000
50528  3.216  -36.990  28.918 0.0000000000
50529  3.093  -37.198  29.315 0.0000000000
50532  3.151  -37.079  28.622 0.0000000000
50533  2.986  -37.618  28.410 0.0000000000
50536  3.018  -37.164  28.135 0.0000000000
51408  2.684  -36.181  35.050 0.0000000000
51409  2.181  -36.211  35.306 0.0000000000
51410  1.647  -36.344  35.169 0.0000000000
51432  1.529  -36.783  33.786 0.0000000000
51433  1.387  -36.516  34.352 0.0000000000
51454  1.799  -36.410  33.137 0.0000000000
51455  1.460  -36.005  33.906 0.0000000000
51465  2.513  -36.313  31.641 0.0000000000
51468  2.745  -36.286  30.388 0.0000000000
51471  3.128  -36.701  28.817 0.0000000000
51472  2.904  -36.147  29.371 0.0000000000
52341  1.942  -35.341  35.315 0.0000000000
52342  1.471  -35.448  34.943 0.0000000000
52357  1.523  -35.143  33.941 0.0000000000
52358  1.439  -35.453  34.318 0.0000000000
52374  1.745  -35.289  33.360 0.0000000000
52375  1.539  -35.658  33.736 0.0000000000
52386  2.134  -35.420  32.401 0.0000000000
52390  2.489  -35.395  31.249 0.0000000000
52394  2.624  -35.329  30.140 0.0000000000
53370  1.672  -34.565  35.174 0.0000000000
53371  1.405  -34.735  34.787 0.0000000000
53387  1.607  -34.581  33.858 0.0000000000
53388  1.455  -34.804  34.330 0.0000000000
53403  1.980  -34.539  33.042 0.0000000000
53415  2.311  -34.525  32.031 0.0000000000
53421  2.544  -34.436  30.962 0.0000000000
54481  1.497  -34.225  34.962 0.0000000000
54499  1.544  -34.240  34.511 0.0000000000
