#!ascii label  , from subject FREESURFER vox2ras=TkReg 
290
87530  37.837  0.414  41.218 0.0000000000
87531  37.395  0.585  41.123 0.0000000000
87549  38.114  0.046  40.461 0.0000000000
87550  37.409  0.408  40.582 0.0000000000
87567  38.419  -0.288  39.471 0.0000000000
87568  37.486  0.193  39.700 0.0000000000
87591  37.745  -0.039  38.634 0.0000000000
87607  38.109  -0.145  37.635 0.0000000000
88439  34.847  1.245  45.727 0.0000000000
88452  34.989  0.637  45.430 0.0000000000
88453  34.378  0.834  44.839 0.0000000000
88454  33.868  1.011  44.199 0.0000000000
88464  37.048  1.268  43.890 0.0000000000
88465  34.156  0.478  44.052 0.0000000000
88466  33.785  0.731  43.516 0.0000000000
88476  37.611  0.894  42.942 0.0000000000
88477  36.919  1.249  42.747 0.0000000000
88478  33.226  0.747  42.688 0.0000000000
88479  32.370  1.068  42.330 0.0000000000
88480  31.698  1.096  42.069 0.0000000000
88487  38.172  0.573  42.118 0.0000000000
88488  37.361  0.789  41.819 0.0000000000
88489  36.771  1.262  41.710 0.0000000000
88490  32.853  0.514  42.005 0.0000000000
88502  37.004  0.767  41.003 0.0000000000
88503  36.583  1.231  40.753 0.0000000000
88515  36.834  0.659  40.143 0.0000000000
88516  36.366  1.167  39.897 0.0000000000
88533  36.799  0.698  39.068 0.0000000000
88534  36.388  1.248  39.421 0.0000000000
88544  37.535  0.531  38.018 0.0000000000
88552  38.167  0.455  37.199 0.0000000000
89439  35.142  1.968  46.238 0.0000000000
89446  36.496  1.881  45.017 0.0000000000
89447  36.296  2.384  44.852 0.0000000000
89448  34.391  1.853  45.496 0.0000000000
89449  33.688  1.828  44.617 0.0000000000
89450  33.128  2.401  44.387 0.0000000000
89455  36.525  1.724  43.636 0.0000000000
89456  36.287  2.160  44.241 0.0000000000
89457  33.466  1.342  43.907 0.0000000000
89458  32.871  1.976  43.800 0.0000000000
89459  32.167  2.120  43.330 0.0000000000
89464  36.465  1.786  42.585 0.0000000000
89465  33.192  1.265  43.376 0.0000000000
89466  32.569  1.522  43.025 0.0000000000
89467  31.543  1.848  42.772 0.0000000000
89468  30.505  1.912  42.509 0.0000000000
89473  36.453  1.838  41.524 0.0000000000
89474  30.972  1.301  42.097 0.0000000000
89483  36.320  1.790  40.466 0.0000000000
89484  36.094  1.943  40.155 0.0000000000
89492  36.210  1.720  39.744 0.0000000000
89493  36.045  1.927  39.856 0.0000000000
89503  37.121  1.284  38.424 0.0000000000
89504  36.568  1.482  39.115 0.0000000000
89517  39.331  1.833  37.301 0.0000000000
89518  38.806  1.553  37.285 0.0000000000
89519  37.942  1.192  37.529 0.0000000000
89531  39.642  1.601  36.730 0.0000000000
89532  38.679  0.849  36.681 0.0000000000
89533  38.211  0.819  37.106 0.0000000000
90362  35.794  2.869  46.423 0.0000000000
90363  34.477  2.926  45.901 0.0000000000
90364  33.912  3.400  45.605 0.0000000000
90371  36.683  2.350  45.999 0.0000000000
90372  36.311  2.743  45.650 0.0000000000
90373  34.011  2.387  45.280 0.0000000000
90374  33.483  2.918  45.012 0.0000000000
90375  32.467  2.832  44.185 0.0000000000
90376  31.843  3.121  44.032 0.0000000000
90381  36.271  2.242  43.440 0.0000000000
90382  36.188  2.672  44.320 0.0000000000
90383  32.256  2.419  43.696 0.0000000000
90384  31.581  2.685  43.501 0.0000000000
90385  31.056  2.941  43.206 0.0000000000
90390  36.368  2.627  42.600 0.0000000000
90391  36.220  2.630  43.474 0.0000000000
90392  31.316  2.368  43.089 0.0000000000
90393  30.925  2.529  42.965 0.0000000000
90394  30.043  2.598  42.650 0.0000000000
90399  36.569  2.436  41.181 0.0000000000
90405  36.384  2.242  40.194 0.0000000000
90406  36.025  2.135  39.995 0.0000000000
90412  37.190  2.266  39.094 0.0000000000
90413  36.610  2.160  39.515 0.0000000000
90414  36.175  2.080  39.811 0.0000000000
90422  40.244  2.816  37.899 0.0000000000
90423  39.607  2.587  38.223 0.0000000000
90424  38.660  2.352  38.379 0.0000000000
90425  37.665  2.030  38.459 0.0000000000
90426  36.959  1.851  38.872 0.0000000000
90438  41.253  2.882  36.926 0.0000000000
90439  40.664  2.658  37.322 0.0000000000
90440  39.846  2.203  37.461 0.0000000000
90441  39.081  2.063  37.730 0.0000000000
90442  38.383  1.840  37.844 0.0000000000
90457  40.293  2.071  36.953 0.0000000000
91269  36.363  4.155  45.802 0.0000000000
91270  35.847  4.004  46.071 0.0000000000
91271  34.976  3.845  46.418 0.0000000000
91272  34.191  3.824  45.943 0.0000000000
91279  36.495  3.958  45.401 0.0000000000
91280  36.352  3.571  45.934 0.0000000000
91281  33.527  3.778  45.353 0.0000000000
91282  32.770  3.649  44.634 0.0000000000
91283  32.096  3.428  44.256 0.0000000000
91289  36.629  4.000  44.595 0.0000000000
91290  36.333  3.422  44.788 0.0000000000
91291  32.115  3.893  44.316 0.0000000000
91292  31.610  3.572  43.818 0.0000000000
91293  31.227  3.230  43.322 0.0000000000
91298  36.649  3.565  43.423 0.0000000000
91299  36.215  3.027  43.684 0.0000000000
91300  31.300  3.616  43.184 0.0000000000
91301  30.696  3.298  42.865 0.0000000000
91302  29.718  3.345  42.339 0.0000000000
91308  37.472  3.633  41.479 0.0000000000
91309  36.989  3.445  41.815 0.0000000000
91310  29.354  3.574  41.713 0.0000000000
91315  38.283  3.581  40.627 0.0000000000
91316  37.730  3.510  40.888 0.0000000000
91317  36.926  2.828  40.621 0.0000000000
91323  40.299  3.549  39.420 0.0000000000
91324  39.829  3.328  39.663 0.0000000000
91325  38.576  3.390  40.054 0.0000000000
91326  37.398  2.749  39.763 0.0000000000
91327  36.774  2.520  40.000 0.0000000000
91336  42.215  4.252  38.171 0.0000000000
91337  41.717  4.020  38.274 0.0000000000
91338  40.513  3.426  38.732 0.0000000000
91339  39.236  2.887  39.054 0.0000000000
91340  38.142  2.703  39.076 0.0000000000
91341  37.560  2.457  39.063 0.0000000000
91355  42.293  4.080  37.755 0.0000000000
91356  41.429  3.390  37.546 0.0000000000
91357  40.689  3.101  37.854 0.0000000000
91367  44.333  4.464  36.580 0.0000000000
91368  43.837  4.114  36.509 0.0000000000
91369  42.642  3.609  36.706 0.0000000000
91370  41.737  3.192  36.874 0.0000000000
91380  45.283  4.549  35.739 0.0000000000
91381  44.705  4.268  35.958 0.0000000000
92101  36.580  5.260  45.545 0.0000000000
92102  36.293  4.879  45.859 0.0000000000
92103  35.295  4.635  46.185 0.0000000000
92104  34.485  4.417  46.127 0.0000000000
92105  33.916  4.326  45.628 0.0000000000
92111  36.867  5.144  45.271 0.0000000000
92112  36.780  4.499  45.168 0.0000000000
92113  33.204  4.365  44.907 0.0000000000
92114  32.544  4.185  44.454 0.0000000000
92119  37.365  5.012  44.442 0.0000000000
92120  37.038  4.372  43.921 0.0000000000
92121  32.761  4.505  44.290 0.0000000000
92122  32.062  4.354  43.893 0.0000000000
92123  31.559  4.022  43.380 0.0000000000
92126  38.435  5.254  42.747 0.0000000000
92127  37.849  4.854  43.097 0.0000000000
92128  37.283  3.969  42.695 0.0000000000
92129  31.783  4.358  43.170 0.0000000000
92130  31.223  4.106  42.723 0.0000000000
92131  30.396  3.952  42.313 0.0000000000
92132  29.832  3.939  41.932 0.0000000000
92136  39.430  5.217  41.652 0.0000000000
92137  38.730  4.944  41.973 0.0000000000
92138  37.732  4.014  41.771 0.0000000000
92139  37.328  3.785  42.082 0.0000000000
92140  30.863  4.365  42.108 0.0000000000
92141  30.388  4.325  41.661 0.0000000000
92142  29.735  4.015  41.302 0.0000000000
92146  41.412  5.193  40.325 0.0000000000
92147  40.891  4.906  40.452 0.0000000000
92148  39.730  4.745  40.929 0.0000000000
92149  38.573  3.881  40.944 0.0000000000
92150  38.001  3.802  41.192 0.0000000000
92151  30.260  4.468  40.837 0.0000000000
92158  43.015  5.262  39.112 0.0000000000
92159  42.771  5.104  39.140 0.0000000000
92160  41.759  4.839  39.708 0.0000000000
92161  40.553  3.978  39.786 0.0000000000
92162  39.364  3.800  40.317 0.0000000000
92163  38.843  3.670  40.454 0.0000000000
92173  43.827  5.215  37.987 0.0000000000
92174  43.472  5.117  38.401 0.0000000000
92175  42.558  4.527  38.442 0.0000000000
92176  41.300  4.165  39.020 0.0000000000
92177  40.786  3.855  39.197 0.0000000000
92191  44.015  5.140  37.672 0.0000000000
92192  43.726  4.757  37.681 0.0000000000
92193  43.136  4.343  37.430 0.0000000000
92206  44.949  5.120  36.243 0.0000000000
92207  44.567  4.881  36.708 0.0000000000
92208  43.936  4.463  37.029 0.0000000000
92209  43.422  4.206  36.912 0.0000000000
92223  45.408  4.918  35.731 0.0000000000
92224  45.059  4.687  36.029 0.0000000000
92984  36.748  5.472  45.270 0.0000000000
92985  36.374  5.639  45.451 0.0000000000
92986  35.527  5.485  45.592 0.0000000000
92987  34.648  4.939  45.780 0.0000000000
92988  34.242  4.622  45.770 0.0000000000
92993  37.937  6.208  43.842 0.0000000000
92994  37.268  5.726  44.700 0.0000000000
92995  36.789  5.757  45.160 0.0000000000
92996  35.289  5.751  45.113 0.0000000000
92997  34.629  5.449  44.937 0.0000000000
92998  33.964  4.808  45.278 0.0000000000
93003  38.459  5.997  43.280 0.0000000000
93004  37.889  5.532  43.816 0.0000000000
93005  34.247  5.584  43.791 0.0000000000
93006  33.401  4.958  44.180 0.0000000000
93007  32.641  4.645  43.892 0.0000000000
93012  39.587  5.993  42.312 0.0000000000
93013  38.869  5.656  42.651 0.0000000000
93014  38.314  5.461  43.157 0.0000000000
93015  34.164  5.684  43.158 0.0000000000
93016  33.542  5.418  42.889 0.0000000000
93017  32.431  4.747  43.081 0.0000000000
93018  31.733  4.495  42.756 0.0000000000
93023  41.273  6.044  40.890 0.0000000000
93024  40.595  5.908  41.221 0.0000000000
93025  39.874  5.608  41.558 0.0000000000
93026  39.329  5.492  42.066 0.0000000000
93028  32.649  5.411  41.871 0.0000000000
93029  31.546  4.710  42.068 0.0000000000
93030  30.921  4.538  41.767 0.0000000000
93035  42.907  5.957  39.532 0.0000000000
93036  42.427  5.815  39.983 0.0000000000
93037  41.801  5.530  40.327 0.0000000000
93038  41.097  5.478  40.704 0.0000000000
93039  40.447  5.357  40.949 0.0000000000
93042  30.953  4.705  41.281 0.0000000000
93047  43.293  5.586  38.807 0.0000000000
93048  42.862  5.512  39.363 0.0000000000
93049  42.365  5.364  39.726 0.0000000000
93060  43.974  5.378  37.802 0.0000000000
93061  43.723  5.414  38.165 0.0000000000
93073  44.257  5.382  37.305 0.0000000000
93088  44.613  5.445  36.548 0.0000000000
93844  36.216  6.059  45.263 0.0000000000
93845  35.964  5.943  45.428 0.0000000000
93850  38.081  6.638  43.822 0.0000000000
93851  37.547  6.524  44.150 0.0000000000
93852  36.751  6.222  44.890 0.0000000000
93853  35.791  6.284  44.891 0.0000000000
93854  35.194  5.839  44.850 0.0000000000
93859  39.523  6.845  42.997 0.0000000000
93860  38.711  6.763  43.382 0.0000000000
93861  38.172  6.987  43.785 0.0000000000
93862  35.587  6.508  43.772 0.0000000000
93863  35.032  5.959  44.272 0.0000000000
93868  40.419  6.767  42.128 0.0000000000
93869  39.962  6.628  42.606 0.0000000000
93870  39.214  6.310  42.902 0.0000000000
93879  41.841  6.637  40.750 0.0000000000
93880  41.461  6.593  41.105 0.0000000000
93881  40.843  6.539  41.571 0.0000000000
93882  40.176  6.265  41.882 0.0000000000
93891  42.815  6.280  39.583 0.0000000000
93892  42.381  6.459  40.153 0.0000000000
93893  41.906  6.166  40.572 0.0000000000
93903  43.115  6.121  39.071 0.0000000000
93904  42.655  6.564  39.512 0.0000000000
93917  44.083  5.607  37.812 0.0000000000
93918  43.595  5.844  38.290 0.0000000000
93935  43.999  5.673  37.696 0.0000000000
94685  37.154  6.666  44.261 0.0000000000
94686  36.725  6.713  44.239 0.0000000000
94687  36.207  6.792  44.013 0.0000000000
94693  40.129  7.605  42.973 0.0000000000
94694  39.683  7.436  43.134 0.0000000000
94695  38.748  7.526  43.467 0.0000000000
94696  37.682  7.326  43.697 0.0000000000
94697  36.824  7.251  43.572 0.0000000000
94702  40.754  7.591  42.065 0.0000000000
94703  40.411  7.457  42.515 0.0000000000
94704  39.952  7.069  42.897 0.0000000000
94712  41.619  6.902  41.112 0.0000000000
94713  41.134  7.326  41.604 0.0000000000
94714  40.686  7.025  41.952 0.0000000000
94726  41.836  7.047  40.823 0.0000000000
94727  41.578  7.729  40.932 0.0000000000
94739  42.120  7.127  40.190 0.0000000000
95546  40.149  7.922  43.058 0.0000000000
95547  39.535  8.223  43.248 0.0000000000
95548  38.603  8.244  43.269 0.0000000000
95553  40.826  7.911  42.143 0.0000000000
95554  40.434  8.759  42.606 0.0000000000
95563  41.103  8.313  41.684 0.0000000000
