#!ascii label  , from subject FREESURFER vox2ras=TkReg 
198
68865  18.268  -18.685  48.575 0.0000000000
69828  13.450  -18.251  52.429 0.0000000000
69840  14.385  -18.336  51.168 0.0000000000
69841  13.843  -17.826  51.579 0.0000000000
69853  16.145  -18.740  49.952 0.0000000000
69854  15.577  -18.334  50.419 0.0000000000
69855  15.069  -17.937  50.764 0.0000000000
69863  17.587  -18.418  48.938 0.0000000000
69864  16.836  -18.196  49.518 0.0000000000
69882  18.774  -18.249  48.110 0.0000000000
69883  18.152  -18.078  48.436 0.0000000000
69900  21.607  -18.377  47.312 0.0000000000
69901  20.782  -18.318  47.415 0.0000000000
69902  20.019  -18.210  47.564 0.0000000000
69903  19.383  -18.044  47.698 0.0000000000
70832  13.048  -18.048  53.093 0.0000000000
70833  12.571  -17.514  52.975 0.0000000000
70844  13.288  -17.292  52.111 0.0000000000
70845  12.799  -16.789  52.374 0.0000000000
70853  16.209  -17.046  50.751 0.0000000000
70854  15.676  -16.970  50.991 0.0000000000
70855  14.761  -17.249  51.070 0.0000000000
70856  14.027  -17.050  51.432 0.0000000000
70870  17.142  -17.202  49.800 0.0000000000
70871  16.474  -17.555  50.164 0.0000000000
70872  15.710  -17.540  50.637 0.0000000000
70873  15.295  -17.420  50.835 0.0000000000
70888  17.354  -17.484  49.247 0.0000000000
70889  16.947  -17.609  49.681 0.0000000000
70903  18.419  -17.490  48.110 0.0000000000
70904  17.889  -17.513  48.629 0.0000000000
70916  23.106  -17.427  47.165 0.0000000000
70917  22.142  -17.704  46.907 0.0000000000
70918  21.219  -17.761  46.890 0.0000000000
70919  20.426  -17.715  47.083 0.0000000000
70920  19.727  -17.491  47.251 0.0000000000
70921  19.032  -17.477  47.686 0.0000000000
70931  22.938  -16.826  46.901 0.0000000000
70932  22.526  -16.996  46.686 0.0000000000
70933  21.686  -17.071  46.491 0.0000000000
70934  20.691  -17.125  46.583 0.0000000000
70935  20.179  -17.324  46.886 0.0000000000
71825  16.328  -15.971  51.820 0.0000000000
71826  16.056  -15.834  52.049 0.0000000000
71827  13.306  -16.293  51.889 0.0000000000
71836  17.064  -16.335  50.880 0.0000000000
71837  16.480  -16.396  51.266 0.0000000000
71838  15.608  -16.250  51.529 0.0000000000
71839  14.682  -16.451  51.408 0.0000000000
71840  13.919  -16.437  51.519 0.0000000000
71848  17.189  -16.654  50.258 0.0000000000
71849  16.662  -16.760  50.648 0.0000000000
71863  23.697  -16.060  49.864 0.0000000000
71864  17.958  -16.318  48.846 0.0000000000
71865  17.587  -16.614  49.478 0.0000000000
71879  23.841  -16.859  48.138 0.0000000000
71880  23.546  -16.061  48.631 0.0000000000
71881  18.271  -16.714  48.341 0.0000000000
71882  17.747  -16.907  48.867 0.0000000000
71893  23.538  -17.019  47.543 0.0000000000
71894  23.040  -16.264  47.355 0.0000000000
71895  22.509  -15.747  46.905 0.0000000000
71896  19.296  -16.679  47.272 0.0000000000
71897  18.733  -16.896  47.804 0.0000000000
71909  22.708  -16.584  46.825 0.0000000000
71910  22.193  -16.215  46.563 0.0000000000
71911  21.136  -16.344  46.358 0.0000000000
71912  20.402  -16.434  46.506 0.0000000000
71913  19.955  -16.889  46.768 0.0000000000
72872  17.821  -15.197  50.905 0.0000000000
72873  17.304  -15.792  51.397 0.0000000000
72874  16.816  -15.843  51.838 0.0000000000
72875  15.158  -15.947  51.655 0.0000000000
72876  14.664  -15.849  51.664 0.0000000000
72877  13.966  -15.778  51.637 0.0000000000
72882  17.832  -15.321  50.067 0.0000000000
72883  17.501  -15.909  50.608 0.0000000000
72893  23.187  -15.286  49.320 0.0000000000
72894  17.931  -15.639  49.214 0.0000000000
72895  17.638  -16.041  49.953 0.0000000000
72905  22.913  -15.344  48.121 0.0000000000
72906  22.614  -14.846  47.792 0.0000000000
72907  18.386  -15.796  48.376 0.0000000000
72916  22.827  -15.640  47.576 0.0000000000
72917  22.540  -15.261  47.317 0.0000000000
72918  19.192  -15.751  47.090 0.0000000000
72919  18.796  -16.156  47.745 0.0000000000
72929  22.050  -15.269  46.669 0.0000000000
72930  21.310  -15.460  46.398 0.0000000000
72931  20.452  -15.699  46.391 0.0000000000
72932  19.805  -16.093  46.735 0.0000000000
73887  22.851  -14.676  50.120 0.0000000000
73888  22.605  -13.894  50.795 0.0000000000
73889  18.103  -14.516  50.277 0.0000000000
73897  22.826  -14.636  49.209 0.0000000000
73898  22.583  -13.844  49.499 0.0000000000
73899  18.084  -14.640  49.371 0.0000000000
73907  22.876  -14.928  48.751 0.0000000000
73908  22.614  -14.354  48.347 0.0000000000
73909  18.341  -14.847  48.456 0.0000000000
73917  22.378  -14.387  47.455 0.0000000000
73918  19.100  -15.271  46.961 0.0000000000
73919  18.815  -15.161  47.506 0.0000000000
73925  22.086  -14.468  46.860 0.0000000000
73926  21.387  -14.524  46.479 0.0000000000
73927  20.512  -14.752  46.337 0.0000000000
73928  19.580  -15.132  46.623 0.0000000000
73929  19.081  -15.004  46.928 0.0000000000
74860  22.336  -12.923  50.273 0.0000000000
74861  18.301  -13.709  50.488 0.0000000000
74871  22.336  -12.973  49.239 0.0000000000
74872  18.207  -13.751  49.604 0.0000000000
74878  22.350  -13.361  48.510 0.0000000000
74879  18.241  -13.829  48.624 0.0000000000
74885  22.139  -13.472  47.554 0.0000000000
74886  21.711  -13.038  47.153 0.0000000000
74887  18.999  -13.467  46.931 0.0000000000
74888  18.563  -14.100  47.641 0.0000000000
74892  22.141  -13.937  47.067 0.0000000000
74893  21.590  -13.555  46.755 0.0000000000
74894  20.630  -13.737  46.371 0.0000000000
74895  19.700  -14.058  46.429 0.0000000000
74896  19.022  -14.478  46.885 0.0000000000
75916  22.086  -12.297  51.111 0.0000000000
75930  22.013  -12.207  50.273 0.0000000000
75931  18.346  -13.001  50.605 0.0000000000
75946  21.976  -12.190  49.424 0.0000000000
75947  21.759  -11.655  49.034 0.0000000000
75948  18.303  -13.032  49.881 0.0000000000
75949  18.248  -12.441  50.058 0.0000000000
75964  22.122  -12.596  48.514 0.0000000000
75965  21.783  -11.894  48.489 0.0000000000
75966  18.182  -12.827  49.024 0.0000000000
75967  18.194  -12.544  49.565 0.0000000000
75980  22.144  -12.932  47.997 0.0000000000
75981  21.631  -12.422  47.588 0.0000000000
75982  21.026  -12.303  46.945 0.0000000000
75983  19.081  -12.543  47.106 0.0000000000
75984  18.475  -12.890  47.836 0.0000000000
75997  21.380  -12.783  46.926 0.0000000000
75998  20.734  -12.805  46.627 0.0000000000
75999  19.817  -12.940  46.600 0.0000000000
76997  21.823  -11.710  50.573 0.0000000000
76998  21.692  -10.931  50.772 0.0000000000
77009  21.842  -11.873  49.974 0.0000000000
77010  21.700  -11.297  49.626 0.0000000000
77011  18.092  -11.815  50.240 0.0000000000
77024  21.610  -11.206  48.640 0.0000000000
77025  18.216  -11.893  48.470 0.0000000000
77026  18.067  -11.952  49.378 0.0000000000
77040  21.349  -11.375  47.897 0.0000000000
77041  20.714  -11.625  47.268 0.0000000000
77042  19.726  -11.851  47.063 0.0000000000
77043  18.705  -11.736  47.604 0.0000000000
77057  20.459  -12.191  46.887 0.0000000000
77058  20.169  -12.426  46.739 0.0000000000
78037  21.694  -10.225  49.821 0.0000000000
78038  18.157  -10.260  49.090 0.0000000000
78039  17.941  -10.909  49.581 0.0000000000
78050  21.579  -10.468  48.827 0.0000000000
78051  18.360  -10.743  48.440 0.0000000000
78052  18.013  -11.350  48.903 0.0000000000
78063  21.344  -10.571  48.127 0.0000000000
78064  20.779  -10.657  47.644 0.0000000000
78065  20.000  -10.781  47.342 0.0000000000
78066  19.126  -10.780  47.545 0.0000000000
79028  18.437  -9.514  48.917 0.0000000000
79029  18.109  -9.971  49.592 0.0000000000
79039  21.523  -9.474  48.670 0.0000000000
79040  21.193  -9.227  48.027 0.0000000000
79041  19.650  -9.273  47.801 0.0000000000
79042  18.905  -9.760  47.973 0.0000000000
79052  21.396  -10.058  48.319 0.0000000000
79053  21.078  -9.752  47.840 0.0000000000
79054  20.246  -9.917  47.566 0.0000000000
79055  19.550  -10.074  47.596 0.0000000000
79998  18.503  -8.347  49.343 0.0000000000
79999  18.205  -9.162  49.913 0.0000000000
80011  21.670  -8.426  48.919 0.0000000000
80012  21.023  -8.600  48.075 0.0000000000
80013  19.988  -8.396  47.996 0.0000000000
80014  18.988  -8.516  48.334 0.0000000000
80028  20.953  -9.167  47.866 0.0000000000
80029  20.474  -9.166  47.812 0.0000000000
80932  18.515  -7.453  49.935 0.0000000000
80938  21.211  -7.805  48.521 0.0000000000
80939  20.490  -7.657  48.330 0.0000000000
80940  19.604  -7.518  48.478 0.0000000000
80941  18.872  -7.350  49.024 0.0000000000
81868  19.234  -6.179  49.368 0.0000000000
81869  18.870  -6.562  49.580 0.0000000000
81876  20.200  -6.827  48.649 0.0000000000
81877  19.409  -6.620  49.029 0.0000000000
81878  19.010  -6.812  49.173 0.0000000000
82797  18.814  -5.836  50.224 0.0000000000
82808  19.640  -5.753  49.326 0.0000000000
82809  19.133  -5.883  49.651 0.0000000000
82818  20.057  -6.131  48.865 0.0000000000
