#!ascii label  , from subject FREESURFER vox2ras=TkReg 
303
27818  20.471  -60.538  22.765 0.0000000000
27819  19.548  -60.576  22.815 0.0000000000
27820  18.608  -60.793  22.456 0.0000000000
27821  18.070  -60.641  22.176 0.0000000000
27822  17.539  -60.525  22.014 0.0000000000
27830  18.117  -61.142  21.807 0.0000000000
27831  17.758  -61.030  21.528 0.0000000000
27832  16.986  -60.836  21.475 0.0000000000
27833  16.110  -60.530  21.453 0.0000000000
27834  15.468  -60.236  21.337 0.0000000000
27839  16.405  -61.131  21.022 0.0000000000
27840  15.749  -60.856  20.972 0.0000000000
27841  14.981  -60.378  20.854 0.0000000000
27842  14.384  -60.176  20.356 0.0000000000
27850  15.412  -61.134  20.590 0.0000000000
27851  14.803  -60.985  20.299 0.0000000000
27852  13.931  -60.583  19.817 0.0000000000
27868  12.272  -60.118  18.922 0.0000000000
27869  11.593  -60.131  18.636 0.0000000000
28877  20.186  -59.055  23.235 0.0000000000
28878  19.717  -59.285  23.232 0.0000000000
28879  18.991  -59.437  23.206 0.0000000000
28880  18.335  -59.459  23.141 0.0000000000
28897  20.348  -59.638  22.969 0.0000000000
28898  19.318  -60.025  22.902 0.0000000000
28899  18.529  -60.106  22.768 0.0000000000
28900  17.771  -59.890  22.695 0.0000000000
28901  16.940  -59.915  22.340 0.0000000000
28902  16.184  -59.501  22.350 0.0000000000
28912  16.382  -60.133  21.902 0.0000000000
28913  15.639  -59.700  21.880 0.0000000000
28914  14.965  -59.572  21.406 0.0000000000
28923  14.415  -59.450  20.796 0.0000000000
28924  13.877  -59.461  20.094 0.0000000000
28934  13.169  -59.480  19.430 0.0000000000
28935  12.662  -59.730  18.947 0.0000000000
28952  12.788  -59.158  18.767 0.0000000000
28953  12.257  -59.439  18.392 0.0000000000
28954  11.408  -59.430  18.045 0.0000000000
29934  19.974  -58.571  23.375 0.0000000000
29935  19.345  -58.688  23.438 0.0000000000
29936  18.619  -58.728  23.460 0.0000000000
29937  17.748  -58.829  23.325 0.0000000000
29938  17.085  -58.552  23.135 0.0000000000
29952  20.577  -58.587  23.182 0.0000000000
29953  17.201  -59.245  22.907 0.0000000000
29954  16.539  -58.824  22.804 0.0000000000
29955  15.613  -58.616  22.372 0.0000000000
29956  14.941  -58.273  21.970 0.0000000000
29963  15.084  -58.955  21.866 0.0000000000
29964  14.597  -58.572  21.386 0.0000000000
29970  14.066  -58.485  20.508 0.0000000000
29971  13.534  -58.572  19.673 0.0000000000
29981  13.150  -58.557  18.960 0.0000000000
29997  12.678  -58.573  18.418 0.0000000000
29998  12.114  -58.650  17.929 0.0000000000
29999  11.262  -58.527  17.999 0.0000000000
30927  19.643  -58.059  23.466 0.0000000000
30928  19.061  -57.895  23.537 0.0000000000
30929  18.236  -57.873  23.495 0.0000000000
30930  17.288  -57.664  23.214 0.0000000000
30931  16.770  -58.146  23.053 0.0000000000
30940  21.118  -57.725  22.917 0.0000000000
30941  20.210  -57.636  23.290 0.0000000000
30942  19.550  -57.508  23.400 0.0000000000
30943  16.910  -57.035  22.916 0.0000000000
30944  16.308  -57.591  22.760 0.0000000000
30945  15.222  -57.414  22.018 0.0000000000
30946  14.736  -57.894  21.684 0.0000000000
30953  15.059  -56.933  21.447 0.0000000000
30954  14.579  -57.453  21.083 0.0000000000
30960  13.804  -57.476  19.827 0.0000000000
30961  13.370  -58.023  19.265 0.0000000000
30971  13.598  -56.985  19.284 0.0000000000
30972  13.183  -57.546  18.627 0.0000000000
30973  12.647  -57.197  18.369 0.0000000000
30974  10.890  -57.205  19.049 0.0000000000
30988  12.567  -58.115  18.186 0.0000000000
30989  12.185  -57.721  18.138 0.0000000000
30990  11.280  -57.657  18.509 0.0000000000
30991  10.602  -57.795  18.982 0.0000000000
31895  19.237  -57.307  23.389 0.0000000000
31896  18.776  -57.180  23.356 0.0000000000
31897  18.035  -57.046  23.320 0.0000000000
31903  20.666  -56.527  22.673 0.0000000000
31904  19.540  -56.746  23.133 0.0000000000
31905  18.539  -56.477  22.931 0.0000000000
31906  17.516  -56.526  22.759 0.0000000000
31907  16.690  -56.619  22.529 0.0000000000
31908  15.977  -56.721  22.263 0.0000000000
31916  20.868  -55.847  22.164 0.0000000000
31917  17.110  -56.141  22.226 0.0000000000
31918  16.509  -56.138  21.903 0.0000000000
31919  15.614  -56.374  21.498 0.0000000000
31920  15.020  -56.644  21.069 0.0000000000
31926  15.331  -56.168  20.871 0.0000000000
31927  14.633  -56.440  20.426 0.0000000000
31934  13.940  -56.481  19.662 0.0000000000
31935  13.476  -56.508  19.156 0.0000000000
31936  12.781  -56.511  18.703 0.0000000000
31937  11.710  -56.678  18.918 0.0000000000
31938  10.662  -56.485  19.383 0.0000000000
31939  9.656  -56.488  19.580 0.0000000000
31947  12.278  -57.062  18.420 0.0000000000
31948  11.895  -57.270  18.416 0.0000000000
32849  19.898  -56.128  22.626 0.0000000000
32850  19.207  -55.924  22.537 0.0000000000
32851  18.170  -55.832  22.257 0.0000000000
32852  17.531  -55.996  22.231 0.0000000000
32861  21.123  -55.403  21.715 0.0000000000
32862  20.099  -55.566  22.056 0.0000000000
32863  18.956  -55.344  21.891 0.0000000000
32864  18.158  -55.347  21.639 0.0000000000
32865  17.337  -55.634  21.717 0.0000000000
32866  16.372  -55.513  21.215 0.0000000000
32867  15.717  -55.874  21.018 0.0000000000
32878  16.241  -55.020  20.818 0.0000000000
32879  15.492  -55.448  20.620 0.0000000000
32880  14.330  -55.495  19.939 0.0000000000
32881  13.865  -55.055  19.817 0.0000000000
32892  13.832  -55.999  19.474 0.0000000000
32893  13.398  -55.546  19.452 0.0000000000
32894  12.317  -55.566  19.314 0.0000000000
32895  11.259  -55.566  19.447 0.0000000000
32896  10.237  -55.559  19.498 0.0000000000
32897  9.152  -55.488  19.251 0.0000000000
32898  8.491  -55.893  19.147 0.0000000000
32907  8.898  -55.013  18.714 0.0000000000
32908  8.230  -55.503  18.333 0.0000000000
32918  8.019  -55.064  17.023 0.0000000000
32919  7.259  -55.780  17.257 0.0000000000
32928  8.016  -54.879  16.409 0.0000000000
32929  7.530  -55.211  16.085 0.0000000000
32937  7.192  -55.099  15.050 0.0000000000
33843  20.491  -54.813  21.417 0.0000000000
33844  19.537  -54.809  21.470 0.0000000000
33845  18.590  -54.836  21.357 0.0000000000
33846  17.736  -55.041  21.208 0.0000000000
33847  17.113  -55.191  21.244 0.0000000000
33855  20.962  -54.165  20.960 0.0000000000
33856  20.025  -54.144  21.075 0.0000000000
33857  19.082  -54.173  21.079 0.0000000000
33858  18.139  -54.345  20.908 0.0000000000
33859  17.016  -54.623  20.883 0.0000000000
33860  16.057  -54.488  20.646 0.0000000000
33861  15.082  -54.518  20.408 0.0000000000
33862  14.092  -54.444  20.198 0.0000000000
33863  13.432  -54.154  20.099 0.0000000000
33871  13.538  -54.737  19.836 0.0000000000
33872  12.831  -54.524  19.731 0.0000000000
33873  11.798  -54.565  19.611 0.0000000000
33874  10.749  -54.555  19.452 0.0000000000
33875  9.923  -54.828  19.317 0.0000000000
33883  10.112  -54.200  19.177 0.0000000000
33884  9.422  -54.429  18.782 0.0000000000
33885  8.828  -54.694  18.312 0.0000000000
33893  9.056  -54.116  18.075 0.0000000000
33894  8.614  -54.489  17.518 0.0000000000
33902  8.354  -54.467  16.575 0.0000000000
33903  8.042  -54.714  16.049 0.0000000000
33911  8.292  -54.283  15.885 0.0000000000
33912  7.815  -54.570  15.386 0.0000000000
33922  7.394  -54.578  14.616 0.0000000000
34834  20.503  -53.489  20.618 0.0000000000
34835  19.595  -53.493  20.714 0.0000000000
34836  18.680  -53.546  20.699 0.0000000000
34837  17.715  -53.660  20.614 0.0000000000
34838  16.724  -53.665  20.597 0.0000000000
34839  15.732  -53.604  20.597 0.0000000000
34840  14.728  -53.545  20.474 0.0000000000
34841  13.791  -53.455  20.292 0.0000000000
34842  13.033  -53.529  19.973 0.0000000000
34850  12.270  -53.585  19.746 0.0000000000
34851  11.383  -53.599  19.436 0.0000000000
34852  10.567  -53.673  19.176 0.0000000000
34859  9.985  -53.638  18.821 0.0000000000
34860  9.503  -53.592  18.252 0.0000000000
34867  9.135  -53.548  17.322 0.0000000000
34868  8.709  -54.056  16.925 0.0000000000
34875  9.086  -53.310  16.641 0.0000000000
34876  8.747  -53.722  16.296 0.0000000000
34882  8.275  -53.746  15.222 0.0000000000
34883  7.811  -54.190  14.883 0.0000000000
34890  8.206  -53.376  14.649 0.0000000000
34891  7.746  -53.792  14.318 0.0000000000
35834  20.785  -52.924  20.147 0.0000000000
35835  20.060  -52.880  20.324 0.0000000000
35836  19.256  -52.772  20.380 0.0000000000
35837  18.334  -52.836  20.434 0.0000000000
35838  17.388  -52.816  20.482 0.0000000000
35839  16.404  -52.744  20.527 0.0000000000
35840  15.392  -52.667  20.478 0.0000000000
35841  14.387  -52.604  20.309 0.0000000000
35842  13.336  -52.544  19.824 0.0000000000
35843  12.670  -52.996  19.752 0.0000000000
35855  21.308  -52.590  19.530 0.0000000000
35856  20.403  -52.364  19.823 0.0000000000
35857  19.785  -52.346  20.075 0.0000000000
35858  12.978  -52.051  19.389 0.0000000000
35859  12.136  -52.454  19.201 0.0000000000
35860  10.906  -52.953  18.951 0.0000000000
35861  10.369  -53.257  18.870 0.0000000000
35874  11.818  -51.939  18.477 0.0000000000
35875  11.094  -52.188  18.220 0.0000000000
35876  10.068  -52.855  18.387 0.0000000000
35877  9.536  -53.145  17.905 0.0000000000
35895  10.737  -51.948  17.576 0.0000000000
35896  10.262  -52.235  17.660 0.0000000000
35897  9.644  -52.751  17.524 0.0000000000
35916  9.363  -52.831  16.720 0.0000000000
35917  9.078  -53.130  16.251 0.0000000000
35929  9.273  -52.658  15.994 0.0000000000
35930  8.839  -53.086  15.654 0.0000000000
35940  9.106  -52.486  15.358 0.0000000000
35941  8.588  -52.789  14.789 0.0000000000
35942  8.131  -53.105  14.303 0.0000000000
35956  8.328  -52.553  14.040 0.0000000000
36883  19.429  -52.193  20.095 0.0000000000
36884  18.920  -52.128  20.173 0.0000000000
36885  18.044  -52.070  20.256 0.0000000000
36886  17.097  -51.972  20.301 0.0000000000
36887  16.099  -51.879  20.264 0.0000000000
36888  15.093  -51.841  20.103 0.0000000000
36889  14.207  -51.888  19.897 0.0000000000
36900  21.264  -52.085  19.051 0.0000000000
36901  20.738  -51.880  19.236 0.0000000000
36902  19.684  -51.639  19.551 0.0000000000
36903  18.672  -51.543  19.787 0.0000000000
36904  17.791  -51.398  19.818 0.0000000000
36905  16.835  -51.307  19.741 0.0000000000
36906  15.842  -51.246  19.613 0.0000000000
36907  14.796  -51.270  19.339 0.0000000000
36908  13.662  -51.660  19.280 0.0000000000
36909  12.868  -51.730  19.017 0.0000000000
36920  21.164  -51.777  18.542 0.0000000000
36921  20.324  -51.295  18.561 0.0000000000
36922  19.808  -51.202  18.898 0.0000000000
36923  14.283  -51.237  18.548 0.0000000000
36924  13.381  -51.413  18.424 0.0000000000
36925  12.406  -51.584  18.340 0.0000000000
36926  11.707  -51.699  17.972 0.0000000000
36936  20.971  -51.430  17.820 0.0000000000
36937  20.217  -51.020  17.412 0.0000000000
36938  19.583  -50.799  16.672 0.0000000000
36939  14.053  -51.295  17.656 0.0000000000
36940  13.103  -51.331  17.458 0.0000000000
36941  12.147  -51.522  17.317 0.0000000000
36942  11.209  -51.678  17.286 0.0000000000
36943  10.428  -51.824  17.052 0.0000000000
36944  9.829  -52.226  16.961 0.0000000000
36956  21.091  -51.474  16.821 0.0000000000
36959  14.768  -51.368  15.994 0.0000000000
36960  13.951  -51.350  16.484 0.0000000000
36961  12.745  -51.446  16.397 0.0000000000
36962  11.712  -51.534  16.344 0.0000000000
36963  10.783  -51.661  16.310 0.0000000000
36964  10.003  -51.831  16.322 0.0000000000
36965  9.610  -52.312  16.334 0.0000000000
36984  15.764  -51.405  15.049 0.0000000000
36985  15.036  -51.551  15.189 0.0000000000
36986  14.243  -51.525  15.332 0.0000000000
36987  13.302  -51.560  15.389 0.0000000000
36988  12.227  -51.582  15.339 0.0000000000
36989  11.156  -51.590  15.355 0.0000000000
36990  10.188  -51.662  15.453 0.0000000000
36991  9.585  -52.110  15.682 0.0000000000
37009  10.429  -51.603  14.354 0.0000000000
37010  9.323  -51.942  14.645 0.0000000000
37011  8.726  -52.264  14.305 0.0000000000
37024  9.542  -51.697  13.395 0.0000000000
37025  8.715  -52.004  13.722 0.0000000000
37878  19.050  -51.250  19.378 0.0000000000
37879  18.477  -51.014  19.287 0.0000000000
37880  17.577  -50.817  19.172 0.0000000000
37881  16.608  -50.756  19.031 0.0000000000
37882  15.688  -50.819  18.828 0.0000000000
37883  14.999  -50.883  18.558 0.0000000000
37891  19.816  -51.092  18.606 0.0000000000
37892  19.305  -50.956  18.785 0.0000000000
37893  18.343  -50.628  18.455 0.0000000000
37894  17.342  -50.528  18.285 0.0000000000
37895  16.394  -50.583  18.150 0.0000000000
37896  15.557  -50.709  17.999 0.0000000000
37897  14.823  -50.988  17.856 0.0000000000
37904  19.806  -50.925  18.203 0.0000000000
37905  19.168  -50.673  17.617 0.0000000000
37906  18.039  -50.470  17.416 0.0000000000
37907  17.030  -50.559  17.347 0.0000000000
37908  16.151  -50.723  17.292 0.0000000000
37909  15.371  -50.910  17.215 0.0000000000
37910  14.680  -51.164  17.060 0.0000000000
37916  18.646  -50.665  16.385 0.0000000000
37917  17.555  -50.654  16.456 0.0000000000
37918  16.655  -50.820  16.499 0.0000000000
37919  15.859  -51.018  16.532 0.0000000000
37920  15.150  -51.169  16.539 0.0000000000
37921  14.653  -51.282  16.532 0.0000000000
37935  17.887  -50.753  15.511 0.0000000000
37936  17.027  -50.924  15.639 0.0000000000
37937  16.234  -51.131  15.747 0.0000000000
37938  15.487  -51.291  15.849 0.0000000000
37953  17.242  -50.893  14.721 0.0000000000
37954  16.489  -51.192  14.888 0.0000000000
