#!ascii label  , from subject FREESURFER vox2ras=TkReg 
155
75092  49.487  -11.867  27.278 0.0000000000
75093  49.046  -11.975  27.331 0.0000000000
75096  45.757  -12.920  27.862 0.0000000000
75110  50.283  -12.263  26.701 0.0000000000
75111  49.741  -12.191  26.917 0.0000000000
75112  48.697  -12.724  26.935 0.0000000000
75113  47.580  -13.058  27.073 0.0000000000
75114  46.435  -13.360  27.110 0.0000000000
75115  45.330  -13.333  26.939 0.0000000000
75116  44.310  -13.142  26.848 0.0000000000
75117  43.278  -12.895  26.762 0.0000000000
75118  42.244  -12.895  26.789 0.0000000000
75126  50.331  -12.667  26.249 0.0000000000
75127  49.335  -13.127  26.216 0.0000000000
75128  48.173  -13.224  26.168 0.0000000000
75129  47.061  -13.443  26.179 0.0000000000
75130  45.995  -13.391  26.094 0.0000000000
75131  45.003  -12.945  25.871 0.0000000000
75132  44.043  -12.711  25.968 0.0000000000
75133  43.441  -12.310  26.029 0.0000000000
75136  50.784  -12.942  25.364 0.0000000000
75137  49.826  -13.225  25.156 0.0000000000
75138  48.678  -13.282  25.258 0.0000000000
75139  47.592  -13.200  25.266 0.0000000000
75140  46.577  -13.136  25.286 0.0000000000
75141  45.757  -12.903  25.303 0.0000000000
75145  50.514  -13.092  24.615 0.0000000000
76206  50.026  -11.723  27.107 0.0000000000
76207  42.819  -12.269  26.302 0.0000000000
76208  42.076  -11.947  26.343 0.0000000000
76219  44.548  -12.324  25.399 0.0000000000
76220  43.923  -11.857  25.345 0.0000000000
76221  43.145  -11.737  25.830 0.0000000000
76222  42.670  -11.779  26.114 0.0000000000
76228  48.965  -13.042  24.446 0.0000000000
76229  48.043  -12.868  24.390 0.0000000000
76230  47.027  -12.737  24.435 0.0000000000
76231  46.118  -12.560  24.637 0.0000000000
76232  45.208  -12.119  24.818 0.0000000000
76233  44.548  -11.889  25.047 0.0000000000
76239  49.696  -12.915  23.916 0.0000000000
76240  48.546  -12.543  23.718 0.0000000000
76241  47.504  -12.065  23.508 0.0000000000
76242  46.452  -12.020  23.993 0.0000000000
76243  45.835  -12.052  24.325 0.0000000000
76249  49.972  -12.522  22.892 0.0000000000
76250  48.896  -12.232  23.041 0.0000000000
76251  48.209  -12.056  23.173 0.0000000000
76270  49.888  -12.288  20.351 0.0000000000
77305  42.050  -11.353  26.140 0.0000000000
77306  41.495  -11.208  26.218 0.0000000000
77310  43.935  -11.288  25.004 0.0000000000
77311  43.413  -11.037  25.207 0.0000000000
77312  42.536  -11.202  25.883 0.0000000000
77313  42.027  -11.051  26.036 0.0000000000
77315  45.089  -11.485  24.416 0.0000000000
77316  44.471  -11.247  24.621 0.0000000000
77317  43.912  -10.993  24.849 0.0000000000
77319  47.311  -11.443  22.986 0.0000000000
77320  46.618  -11.240  23.162 0.0000000000
77321  45.629  -11.385  24.015 0.0000000000
77322  45.041  -11.159  24.241 0.0000000000
77325  50.005  -12.099  22.109 0.0000000000
77326  49.107  -11.782  22.322 0.0000000000
77327  47.922  -11.356  22.549 0.0000000000
77328  47.204  -11.111  22.792 0.0000000000
77339  50.110  -12.130  21.656 0.0000000000
77340  49.136  -11.436  21.514 0.0000000000
77341  48.582  -11.266  21.986 0.0000000000
77350  50.548  -12.367  21.467 0.0000000000
77351  49.809  -11.978  20.906 0.0000000000
77352  48.920  -11.223  20.536 0.0000000000
77361  49.383  -11.621  19.755 0.0000000000
77362  48.795  -11.026  19.875 0.0000000000
78279  41.421  -10.577  26.079 0.0000000000
78284  43.328  -10.421  25.005 0.0000000000
78285  42.800  -10.298  25.314 0.0000000000
78286  41.969  -10.438  25.883 0.0000000000
78287  41.363  -10.143  25.952 0.0000000000
78289  44.403  -10.557  24.297 0.0000000000
78290  43.814  -10.369  24.588 0.0000000000
78291  43.268  -9.980  24.909 0.0000000000
78293  46.403  -10.550  22.900 0.0000000000
78294  45.838  -10.429  23.293 0.0000000000
78295  45.011  -10.479  24.034 0.0000000000
78296  44.379  -10.056  24.133 0.0000000000
78304  47.512  -10.299  22.047 0.0000000000
78305  46.950  -10.458  22.579 0.0000000000
78306  46.303  -10.053  22.817 0.0000000000
78318  48.376  -10.535  20.891 0.0000000000
78319  48.113  -10.606  21.627 0.0000000000
78328  48.499  -10.422  20.059 0.0000000000
78338  48.953  -10.580  19.253 0.0000000000
79252  42.258  -9.522  25.430 0.0000000000
79253  41.612  -9.555  25.752 0.0000000000
79256  43.426  -9.418  24.561 0.0000000000
79257  42.892  -9.417  25.000 0.0000000000
79259  45.328  -9.758  23.488 0.0000000000
79260  44.737  -9.388  23.828 0.0000000000
79261  44.009  -9.415  24.165 0.0000000000
79269  47.122  -9.699  22.125 0.0000000000
79270  46.497  -9.433  22.406 0.0000000000
79271  45.812  -9.437  22.947 0.0000000000
79272  45.245  -9.079  23.327 0.0000000000
79283  47.953  -9.839  21.084 0.0000000000
79284  47.558  -9.395  21.535 0.0000000000
79285  46.955  -9.042  21.938 0.0000000000
79293  48.109  -9.536  20.405 0.0000000000
79294  47.828  -9.179  20.915 0.0000000000
79301  48.597  -9.536  19.482 0.0000000000
80213  41.835  -8.749  25.549 0.0000000000
80217  43.040  -8.664  24.596 0.0000000000
80218  42.449  -8.651  25.072 0.0000000000
80220  44.165  -8.599  23.826 0.0000000000
80221  43.590  -8.637  24.209 0.0000000000
80227  46.025  -8.910  22.540 0.0000000000
80228  45.481  -8.388  22.773 0.0000000000
80229  44.747  -8.506  23.406 0.0000000000
80242  47.162  -8.361  21.554 0.0000000000
80243  46.359  -8.339  22.124 0.0000000000
80244  45.804  -7.867  22.336 0.0000000000
80253  47.888  -8.870  20.537 0.0000000000
80254  47.691  -8.339  20.893 0.0000000000
80262  48.149  -8.426  19.875 0.0000000000
80263  47.829  -7.663  20.288 0.0000000000
80273  48.909  -8.585  18.891 0.0000000000
81130  41.942  -7.841  25.273 0.0000000000
81134  43.213  -8.159  24.252 0.0000000000
81135  42.693  -7.673  24.522 0.0000000000
81137  44.249  -8.078  23.500 0.0000000000
81138  43.590  -7.632  23.753 0.0000000000
81139  42.965  -7.154  24.063 0.0000000000
81141  45.374  -7.378  22.488 0.0000000000
81142  44.542  -7.558  23.077 0.0000000000
81143  43.948  -7.122  23.225 0.0000000000
81155  47.336  -7.806  21.236 0.0000000000
81156  46.843  -7.354  21.503 0.0000000000
81157  46.035  -7.344  22.037 0.0000000000
81169  47.436  -7.233  20.802 0.0000000000
81170  47.101  -6.848  21.121 0.0000000000
81179  48.145  -7.285  19.683 0.0000000000
81180  47.771  -7.023  20.135 0.0000000000
81189  49.370  -7.660  18.406 0.0000000000
81190  48.666  -7.560  19.065 0.0000000000
82059  42.080  -6.655  25.160 0.0000000000
82067  43.169  -6.772  23.840 0.0000000000
82096  47.552  -6.448  20.261 0.0000000000
82097  47.179  -6.423  20.779 0.0000000000
82106  48.500  -6.599  19.076 0.0000000000
82107  47.979  -6.465  19.680 0.0000000000
82118  49.891  -6.665  18.103 0.0000000000
82119  49.064  -6.841  18.564 0.0000000000
83117  48.325  -5.731  19.272 0.0000000000
83118  47.755  -5.763  19.864 0.0000000000
83134  49.145  -5.829  18.608 0.0000000000
