#!ascii label  , from subject FREESURFER vox2ras=TkReg 
183
87659  43.952  -0.303  25.813 0.0000000000
87660  43.538  -0.262  25.663 0.0000000000
87664  44.083  -0.253  25.311 0.0000000000
87665  43.669  -0.255  25.336 0.0000000000
87669  43.798  -0.203  24.965 0.0000000000
87670  43.500  -0.175  25.007 0.0000000000
88618  44.099  0.175  27.281 0.0000000000
88631  45.252  0.230  26.398 0.0000000000
88632  44.414  -0.025  26.487 0.0000000000
88633  43.388  -0.181  26.229 0.0000000000
88634  42.342  -0.108  26.416 0.0000000000
88635  41.403  0.034  26.505 0.0000000000
88636  40.497  0.231  26.568 0.0000000000
88637  39.616  0.428  26.672 0.0000000000
88644  46.156  0.497  25.311 0.0000000000
88645  45.354  0.128  25.503 0.0000000000
88646  44.599  -0.152  25.718 0.0000000000
88647  43.198  -0.149  25.229 0.0000000000
88648  42.440  -0.104  25.386 0.0000000000
88649  41.543  0.047  25.494 0.0000000000
88650  40.669  0.253  25.605 0.0000000000
88651  39.742  0.528  25.648 0.0000000000
88652  39.031  0.647  25.983 0.0000000000
88655  47.071  0.851  24.227 0.0000000000
88656  46.272  0.502  24.382 0.0000000000
88657  45.399  0.214  24.519 0.0000000000
88658  44.372  -0.061  24.713 0.0000000000
88659  43.398  0.036  24.525 0.0000000000
88660  42.546  0.133  24.471 0.0000000000
88661  41.703  0.233  24.543 0.0000000000
88662  40.782  0.463  24.572 0.0000000000
88663  40.101  0.573  24.909 0.0000000000
88666  47.175  0.898  23.314 0.0000000000
88667  46.392  0.559  23.441 0.0000000000
88668  45.521  0.369  23.552 0.0000000000
88669  44.598  0.263  23.641 0.0000000000
88670  43.646  0.266  23.643 0.0000000000
88671  42.744  0.342  23.614 0.0000000000
88672  41.813  0.494  23.554 0.0000000000
88673  41.129  0.566  23.848 0.0000000000
88676  47.282  1.032  22.483 0.0000000000
88677  46.526  0.683  22.527 0.0000000000
88678  45.659  0.486  22.634 0.0000000000
88679  44.779  0.436  22.700 0.0000000000
88680  43.887  0.475  22.733 0.0000000000
88681  42.915  0.583  22.645 0.0000000000
88682  42.187  0.618  22.880 0.0000000000
88692  47.402  1.193  21.947 0.0000000000
88693  46.756  0.954  21.580 0.0000000000
88694  45.785  0.633  21.753 0.0000000000
88695  44.957  0.508  21.870 0.0000000000
88696  44.099  0.648  21.805 0.0000000000
88697  43.348  0.719  22.003 0.0000000000
88705  46.475  1.137  20.786 0.0000000000
88706  45.814  0.902  20.915 0.0000000000
88707  44.992  0.743  21.125 0.0000000000
88708  44.500  0.720  21.377 0.0000000000
89648  38.984  0.940  25.310 0.0000000000
89656  39.997  0.827  24.202 0.0000000000
89657  39.370  1.011  24.600 0.0000000000
89658  38.491  1.442  24.689 0.0000000000
89663  47.829  1.343  23.164 0.0000000000
89664  41.030  0.851  23.152 0.0000000000
89665  40.377  0.984  23.508 0.0000000000
89666  39.480  1.417  23.581 0.0000000000
89667  38.863  1.511  23.987 0.0000000000
89671  48.544  1.867  22.105 0.0000000000
89672  47.883  1.424  22.356 0.0000000000
89673  42.129  0.945  22.214 0.0000000000
89674  41.445  1.061  22.518 0.0000000000
89675  40.525  1.493  22.537 0.0000000000
89676  39.846  1.589  22.879 0.0000000000
89687  48.586  2.057  21.228 0.0000000000
89688  47.663  1.469  21.358 0.0000000000
89689  46.965  1.220  21.006 0.0000000000
89690  43.360  1.027  21.357 0.0000000000
89691  42.593  1.151  21.613 0.0000000000
89692  41.630  1.585  21.593 0.0000000000
89693  40.960  1.732  21.924 0.0000000000
89703  48.680  2.291  20.702 0.0000000000
89704  48.035  2.037  20.363 0.0000000000
89705  46.957  1.483  20.333 0.0000000000
89706  45.899  1.338  20.161 0.0000000000
89707  44.970  1.213  20.352 0.0000000000
89708  44.009  1.096  20.773 0.0000000000
89709  42.831  1.611  20.675 0.0000000000
89710  42.059  1.726  20.947 0.0000000000
89720  47.863  2.242  19.738 0.0000000000
89721  47.320  2.016  19.615 0.0000000000
89722  46.205  1.861  19.313 0.0000000000
89723  45.028  1.739  19.424 0.0000000000
89724  44.182  1.604  19.816 0.0000000000
89725  43.380  1.765  20.022 0.0000000000
89733  45.867  2.163  18.792 0.0000000000
89734  45.414  2.103  18.844 0.0000000000
90589  38.898  1.816  23.460 0.0000000000
90590  38.229  2.105  23.795 0.0000000000
90598  39.891  1.924  22.359 0.0000000000
90599  39.096  2.340  22.603 0.0000000000
90600  37.989  2.886  22.958 0.0000000000
90615  41.001  2.027  21.401 0.0000000000
90616  40.189  2.402  21.566 0.0000000000
90617  39.391  2.822  21.762 0.0000000000
90627  48.278  2.458  19.769 0.0000000000
90628  42.141  2.088  20.473 0.0000000000
90629  41.303  2.470  20.628 0.0000000000
90630  40.523  2.891  20.819 0.0000000000
90640  47.866  2.534  19.201 0.0000000000
90641  46.978  2.286  18.867 0.0000000000
90642  46.249  2.265  18.702 0.0000000000
90643  44.274  1.951  19.228 0.0000000000
90644  43.601  2.150  19.311 0.0000000000
90645  42.430  2.563  19.710 0.0000000000
90646  41.618  2.949  19.897 0.0000000000
90653  47.577  2.899  18.389 0.0000000000
90654  46.604  2.644  18.254 0.0000000000
90655  45.670  2.516  18.347 0.0000000000
90656  44.408  2.534  18.544 0.0000000000
90657  43.173  2.834  18.859 0.0000000000
90658  42.622  3.084  19.041 0.0000000000
90667  46.154  3.089  17.670 0.0000000000
90668  45.132  3.084  17.821 0.0000000000
90669  44.528  3.132  17.978 0.0000000000
91480  38.980  3.157  21.843 0.0000000000
91481  38.274  3.538  22.140 0.0000000000
91496  40.096  3.176  20.872 0.0000000000
91497  39.396  3.506  21.185 0.0000000000
91498  38.776  3.624  21.603 0.0000000000
91510  41.196  3.225  19.959 0.0000000000
91511  40.540  3.545  20.274 0.0000000000
91512  39.931  3.636  20.667 0.0000000000
91524  42.274  3.321  19.103 0.0000000000
91525  41.597  3.569  19.349 0.0000000000
91526  41.007  3.644  19.733 0.0000000000
91537  44.112  3.258  18.016 0.0000000000
91538  43.527  3.290  18.305 0.0000000000
91539  42.674  3.650  18.542 0.0000000000
91540  42.073  3.702  18.867 0.0000000000
91551  45.663  3.797  17.083 0.0000000000
91552  44.507  3.638  17.513 0.0000000000
91553  43.676  3.757  17.811 0.0000000000
91554  43.216  3.759  18.129 0.0000000000
92326  39.165  4.228  20.919 0.0000000000
92327  38.547  4.376  21.391 0.0000000000
92341  40.317  4.216  19.985 0.0000000000
92342  39.717  4.333  20.390 0.0000000000
92343  39.029  4.713  20.773 0.0000000000
92354  41.313  4.179  19.016 0.0000000000
92355  40.773  4.291  19.440 0.0000000000
92356  40.166  4.624  19.763 0.0000000000
92366  42.435  4.224  18.209 0.0000000000
92367  41.811  4.302  18.535 0.0000000000
92368  41.160  4.608  18.828 0.0000000000
92380  45.387  4.290  16.711 0.0000000000
92381  44.780  4.230  16.898 0.0000000000
92382  43.839  4.412  17.226 0.0000000000
92383  42.990  4.288  17.817 0.0000000000
92384  42.288  4.636  17.938 0.0000000000
92396  45.113  4.673  16.441 0.0000000000
92397  44.333  4.769  16.647 0.0000000000
93211  39.214  5.162  20.378 0.0000000000
93225  40.333  4.922  19.399 0.0000000000
93226  39.728  5.380  19.650 0.0000000000
93234  41.314  4.916  18.475 0.0000000000
93235  40.664  5.385  18.746 0.0000000000
93236  39.841  6.197  18.974 0.0000000000
93246  43.208  4.770  17.244 0.0000000000
93247  42.608  5.005  17.349 0.0000000000
93248  41.650  5.373  17.813 0.0000000000
93249  40.936  6.103  17.902 0.0000000000
93260  45.642  5.213  15.988 0.0000000000
93261  44.594  5.226  16.123 0.0000000000
93262  43.413  5.346  16.541 0.0000000000
93263  42.271  5.781  16.930 0.0000000000
93264  41.745  6.072  17.194 0.0000000000
93277  45.128  5.859  15.606 0.0000000000
93278  44.057  5.788  15.775 0.0000000000
93279  43.506  5.846  16.000 0.0000000000
94065  40.245  6.642  18.220 0.0000000000
94073  41.356  6.251  17.377 0.0000000000
94082  43.231  5.922  16.081 0.0000000000
94083  42.691  6.171  16.192 0.0000000000
94098  44.505  6.473  15.117 0.0000000000
