#!ascii label  , from subject FREESURFER vox2ras=TkReg 
181
42265  15.432  -45.500  33.481 0.0000000000
42266  14.998  -45.890  32.946 0.0000000000
42275  15.175  -45.316  32.718 0.0000000000
42276  14.653  -45.596  32.281 0.0000000000
42285  13.992  -45.402  31.573 0.0000000000
43276  15.761  -44.447  34.913 0.0000000000
43282  15.820  -44.487  33.848 0.0000000000
43287  15.481  -44.478  32.694 0.0000000000
43288  15.074  -45.002  32.321 0.0000000000
43291  15.353  -43.964  32.065 0.0000000000
43292  14.777  -44.510  31.761 0.0000000000
44213  14.519  -42.767  37.344 0.0000000000
44216  15.403  -43.477  36.347 0.0000000000
44220  15.688  -43.466  35.373 0.0000000000
44227  15.853  -43.463  34.343 0.0000000000
44231  15.882  -43.455  33.301 0.0000000000
44234  15.610  -43.370  32.420 0.0000000000
44235  15.135  -43.382  31.732 0.0000000000
45143  13.904  -42.348  37.633 0.0000000000
45144  13.150  -42.226  37.951 0.0000000000
45155  14.833  -42.532  36.647 0.0000000000
45156  14.286  -42.156  37.080 0.0000000000
45164  15.382  -42.522  35.816 0.0000000000
45170  15.667  -42.477  34.863 0.0000000000
45178  15.900  -42.087  33.285 0.0000000000
45179  15.832  -42.433  33.785 0.0000000000
45182  15.961  -42.081  33.045 0.0000000000
45183  15.894  -42.422  32.901 0.0000000000
45186  15.438  -42.469  32.122 0.0000000000
46175  11.937  -41.381  38.971 0.0000000000
46199  12.300  -41.820  38.492 0.0000000000
46212  13.859  -41.736  37.176 0.0000000000
46213  13.331  -41.547  37.593 0.0000000000
46214  12.825  -41.638  38.118 0.0000000000
46223  14.919  -41.810  36.103 0.0000000000
46224  14.220  -41.446  36.604 0.0000000000
46225  13.606  -41.167  37.098 0.0000000000
46235  15.232  -41.491  35.395 0.0000000000
46236  14.648  -41.138  35.965 0.0000000000
46249  15.572  -41.544  34.401 0.0000000000
46258  15.880  -41.868  33.186 0.0000000000
46259  15.737  -41.597  33.428 0.0000000000
46262  15.891  -41.902  32.939 0.0000000000
46263  15.599  -41.594  32.638 0.0000000000
46267  15.149  -41.602  31.871 0.0000000000
47205  11.201  -40.408  40.296 0.0000000000
47218  12.102  -40.432  39.201 0.0000000000
47219  11.570  -40.921  39.596 0.0000000000
47239  12.956  -40.399  38.256 0.0000000000
47240  12.545  -40.941  38.551 0.0000000000
47256  13.330  -40.551  37.636 0.0000000000
47257  13.036  -41.028  38.046 0.0000000000
47267  14.216  -40.431  36.264 0.0000000000
47268  13.710  -40.456  36.898 0.0000000000
47276  15.238  -40.603  34.864 0.0000000000
47277  14.712  -40.466  35.580 0.0000000000
47295  15.458  -40.715  34.030 0.0000000000
47309  15.471  -40.680  33.192 0.0000000000
47319  15.106  -40.607  32.292 0.0000000000
48304  11.329  -39.354  40.521 0.0000000000
48305  10.702  -39.825  40.991 0.0000000000
48314  12.144  -39.546  39.433 0.0000000000
48315  11.718  -39.941  39.841 0.0000000000
48330  13.104  -39.657  38.153 0.0000000000
48331  12.573  -39.786  38.781 0.0000000000
48349  13.479  -39.574  37.450 0.0000000000
48361  14.283  -39.526  35.968 0.0000000000
48362  13.890  -39.522  36.725 0.0000000000
48373  15.146  -40.019  34.434 0.0000000000
48374  14.702  -39.579  35.098 0.0000000000
48396  15.256  -39.946  33.800 0.0000000000
48397  14.911  -39.310  34.319 0.0000000000
48414  15.097  -39.812  33.074 0.0000000000
48415  14.777  -39.346  32.814 0.0000000000
48424  14.848  -39.857  32.505 0.0000000000
49371  11.995  -37.916  40.082 0.0000000000
49372  11.408  -38.245  40.601 0.0000000000
49383  12.379  -38.608  39.329 0.0000000000
49384  11.913  -38.951  40.030 0.0000000000
49396  13.198  -38.679  38.023 0.0000000000
49397  12.792  -38.924  38.586 0.0000000000
49414  13.637  -38.565  37.274 0.0000000000
49427  14.276  -38.581  35.695 0.0000000000
49428  14.011  -38.585  36.484 0.0000000000
49440  14.500  -38.524  34.877 0.0000000000
49464  14.985  -39.331  33.695 0.0000000000
49465  14.670  -38.559  33.949 0.0000000000
49485  14.820  -39.116  33.309 0.0000000000
49486  14.505  -38.559  32.987 0.0000000000
50396  11.927  -37.323  40.049 0.0000000000
50397  11.461  -37.163  40.344 0.0000000000
50398  10.540  -37.458  40.910 0.0000000000
50406  12.262  -37.231  39.598 0.0000000000
50407  11.870  -36.991  40.044 0.0000000000
50421  13.312  -37.450  37.909 0.0000000000
50422  12.810  -37.889  38.721 0.0000000000
50436  13.772  -37.572  36.935 0.0000000000
50442  14.220  -37.524  35.535 0.0000000000
50443  14.048  -37.767  36.188 0.0000000000
50450  14.324  -37.612  34.655 0.0000000000
50470  14.256  -37.668  33.789 0.0000000000
50490  13.831  -37.642  32.953 0.0000000000
51329  11.289  -36.661  40.230 0.0000000000
51330  10.801  -36.499  40.351 0.0000000000
51352  12.203  -36.394  39.454 0.0000000000
51353  11.565  -36.381  39.901 0.0000000000
51354  10.812  -35.772  39.871 0.0000000000
51371  13.173  -36.517  38.026 0.0000000000
51372  12.786  -36.427  38.781 0.0000000000
51379  13.519  -36.485  37.404 0.0000000000
51385  14.160  -36.933  35.710 0.0000000000
51386  13.994  -36.583  36.237 0.0000000000
51392  14.221  -36.715  35.313 0.0000000000
51393  14.141  -35.935  35.614 0.0000000000
51406  14.140  -36.742  34.411 0.0000000000
51407  13.961  -36.447  33.968 0.0000000000
51427  13.918  -37.024  33.745 0.0000000000
51428  13.613  -36.622  33.388 0.0000000000
52269  10.141  -35.714  40.118 0.0000000000
52286  11.979  -35.637  39.279 0.0000000000
52287  11.151  -35.400  39.446 0.0000000000
52288  10.415  -35.038  39.426 0.0000000000
52289  9.703  -35.059  39.783 0.0000000000
52300  13.101  -35.693  37.988 0.0000000000
52301  12.359  -34.872  38.446 0.0000000000
52302  11.387  -34.828  38.954 0.0000000000
52303  10.859  -34.890  39.184 0.0000000000
52310  13.474  -35.104  37.123 0.0000000000
52311  12.974  -34.851  37.855 0.0000000000
52317  13.953  -35.270  36.037 0.0000000000
52324  14.247  -35.762  34.925 0.0000000000
52325  14.116  -35.397  35.456 0.0000000000
52338  14.081  -36.057  34.335 0.0000000000
52339  13.895  -35.866  33.904 0.0000000000
52354  13.587  -35.703  33.257 0.0000000000
53318  10.332  -34.588  39.203 0.0000000000
53319  10.002  -34.420  39.263 0.0000000000
53328  12.045  -34.151  38.046 0.0000000000
53329  11.450  -34.036  38.273 0.0000000000
53330  10.599  -34.365  38.915 0.0000000000
53331  10.231  -34.198  39.007 0.0000000000
53338  13.122  -34.225  36.996 0.0000000000
53339  12.498  -34.044  37.476 0.0000000000
53340  11.850  -33.857  37.857 0.0000000000
53346  13.328  -34.144  36.290 0.0000000000
53347  12.874  -33.886  36.830 0.0000000000
53354  14.115  -35.204  34.633 0.0000000000
53355  13.978  -34.685  35.181 0.0000000000
53366  14.073  -35.545  34.377 0.0000000000
53367  13.998  -34.906  34.000 0.0000000000
54426  11.223  -33.603  38.028 0.0000000000
54427  10.822  -33.501  38.229 0.0000000000
54428  10.134  -33.788  38.889 0.0000000000
54440  12.068  -33.449  37.126 0.0000000000
54441  11.452  -33.355  37.578 0.0000000000
54442  10.995  -33.211  37.876 0.0000000000
54452  12.985  -33.528  36.028 0.0000000000
54453  12.482  -33.337  36.480 0.0000000000
54454  11.905  -33.186  36.977 0.0000000000
54464  13.298  -33.472  35.434 0.0000000000
54465  12.854  -33.268  35.858 0.0000000000
54476  13.733  -33.779  34.431 0.0000000000
54495  13.709  -33.929  33.430 0.0000000000
55515  10.237  -32.784  38.760 0.0000000000
55528  11.264  -32.413  37.373 0.0000000000
55529  10.827  -32.727  37.905 0.0000000000
55542  12.207  -32.437  36.085 0.0000000000
55543  11.754  -32.609  36.793 0.0000000000
55557  13.115  -33.009  35.244 0.0000000000
55558  12.730  -32.804  35.484 0.0000000000
55570  13.265  -32.885  34.745 0.0000000000
55571  12.762  -32.215  34.785 0.0000000000
55591  13.529  -33.092  33.713 0.0000000000
55592  13.179  -32.198  33.966 0.0000000000
56797  11.946  -31.689  36.332 0.0000000000
56798  11.544  -31.677  37.051 0.0000000000
56809  12.277  -31.712  35.390 0.0000000000
56825  12.583  -31.455  34.399 0.0000000000
57959  12.128  -30.601  36.006 0.0000000000
57960  11.870  -30.994  36.729 0.0000000000
57971  12.329  -30.586  34.952 0.0000000000
