#!ascii label  , from subject FREESURFER vox2ras=TkReg 
210
19841  7.828  -68.803  23.088 0.0000000000
19851  7.879  -68.648  22.660 0.0000000000
19870  8.179  -68.427  22.287 0.0000000000
20713  7.691  -67.379  23.686 0.0000000000
20714  6.978  -67.169  23.464 0.0000000000
20715  6.509  -66.950  23.345 0.0000000000
20727  7.590  -67.939  23.311 0.0000000000
20728  6.647  -67.306  23.098 0.0000000000
20739  7.372  -67.916  22.898 0.0000000000
20740  6.720  -67.261  22.556 0.0000000000
20759  8.471  -67.744  21.995 0.0000000000
20760  7.482  -67.608  22.317 0.0000000000
20761  6.793  -67.107  22.232 0.0000000000
21563  7.152  -66.687  23.741 0.0000000000
21564  6.590  -66.648  23.514 0.0000000000
21571  5.923  -66.609  23.147 0.0000000000
21572  5.418  -66.197  22.842 0.0000000000
21585  5.980  -66.827  22.502 0.0000000000
21586  5.172  -66.332  22.310 0.0000000000
21587  4.569  -66.178  21.852 0.0000000000
21603  7.884  -66.725  21.834 0.0000000000
21604  6.925  -66.738  21.879 0.0000000000
21605  6.192  -66.786  21.993 0.0000000000
21606  5.388  -66.534  21.754 0.0000000000
21607  4.716  -66.312  21.560 0.0000000000
21625  5.332  -66.433  21.313 0.0000000000
21626  5.021  -66.381  21.242 0.0000000000
22480  7.274  -65.767  23.865 0.0000000000
22481  6.810  -66.294  23.683 0.0000000000
22488  6.812  -65.342  23.646 0.0000000000
22489  6.378  -65.875  23.538 0.0000000000
22490  5.631  -65.840  23.126 0.0000000000
22503  5.147  -65.807  22.629 0.0000000000
22504  4.601  -65.836  22.110 0.0000000000
22515  7.174  -65.724  21.448 0.0000000000
22516  6.264  -66.203  21.489 0.0000000000
22517  5.662  -66.429  21.486 0.0000000000
22518  4.120  -65.767  21.318 0.0000000000
22519  3.455  -65.516  20.868 0.0000000000
22534  6.865  -65.344  21.164 0.0000000000
22535  6.463  -65.488  21.061 0.0000000000
22536  5.478  -65.916  20.894 0.0000000000
22537  4.486  -65.987  20.786 0.0000000000
22538  3.470  -65.670  20.410 0.0000000000
22539  2.522  -65.507  19.974 0.0000000000
22540  1.891  -65.248  19.769 0.0000000000
22558  4.845  -65.579  20.215 0.0000000000
22559  4.088  -65.564  19.832 0.0000000000
22560  3.094  -65.481  19.374 0.0000000000
22561  2.150  -65.385  19.211 0.0000000000
22562  1.590  -65.088  19.342 0.0000000000
22572  2.626  -65.241  18.803 0.0000000000
22573  2.145  -65.089  18.613 0.0000000000
23462  7.161  -64.741  23.722 0.0000000000
23463  6.476  -64.866  23.386 0.0000000000
23464  5.952  -65.294  23.251 0.0000000000
23477  5.995  -64.797  23.128 0.0000000000
23478  5.473  -64.964  22.790 0.0000000000
23479  4.869  -65.304  22.352 0.0000000000
23492  4.942  -64.659  22.249 0.0000000000
23493  4.426  -64.986  21.762 0.0000000000
23494  3.536  -64.932  21.123 0.0000000000
23495  2.788  -64.662  20.787 0.0000000000
23511  2.923  -65.301  20.606 0.0000000000
23512  2.136  -64.918  20.380 0.0000000000
23513  1.548  -64.685  19.859 0.0000000000
23538  1.664  -65.044  18.829 0.0000000000
23539  1.377  -64.418  19.087 0.0000000000
23553  1.851  -64.454  18.373 0.0000000000
23554  1.435  -63.944  18.506 0.0000000000
24467  6.899  -63.846  23.463 0.0000000000
24479  6.123  -63.992  22.965 0.0000000000
24480  5.329  -63.780  22.328 0.0000000000
24481  4.722  -63.386  21.939 0.0000000000
24495  4.721  -64.141  21.913 0.0000000000
24496  4.104  -63.864  21.494 0.0000000000
24497  3.156  -63.950  21.178 0.0000000000
24498  2.296  -63.970  20.863 0.0000000000
24499  1.717  -63.586  20.740 0.0000000000
24513  1.683  -64.244  20.428 0.0000000000
24514  1.324  -63.668  19.982 0.0000000000
24540  1.268  -63.552  18.897 0.0000000000
24559  1.709  -63.619  18.093 0.0000000000
24560  1.414  -63.491  18.388 0.0000000000
25452  1.638  -62.423  24.697 0.0000000000
25453  1.541  -62.333  24.677 0.0000000000
25478  1.626  -62.369  24.401 0.0000000000
25479  1.308  -62.144  24.162 0.0000000000
25501  6.619  -62.861  23.147 0.0000000000
25502  1.688  -62.450  23.367 0.0000000000
25503  1.170  -62.127  23.291 0.0000000000
25516  5.894  -62.767  22.639 0.0000000000
25517  5.079  -62.578  22.253 0.0000000000
25518  4.299  -62.723  21.855 0.0000000000
25519  2.505  -62.672  21.976 0.0000000000
25520  1.823  -62.638  22.155 0.0000000000
25521  1.425  -62.272  22.409 0.0000000000
25536  3.548  -63.047  21.537 0.0000000000
25537  2.763  -63.188  21.404 0.0000000000
25538  2.068  -63.090  21.308 0.0000000000
25539  1.479  -62.779  21.099 0.0000000000
25558  1.265  -62.842  20.184 0.0000000000
25580  1.249  -62.824  19.355 0.0000000000
25600  1.368  -62.849  18.228 0.0000000000
26557  1.773  -62.411  25.996 0.0000000000
26558  1.566  -61.809  26.385 0.0000000000
26568  3.610  -61.466  25.406 0.0000000000
26569  2.961  -61.798  25.070 0.0000000000
26570  1.889  -62.346  25.032 0.0000000000
26571  1.427  -61.917  25.215 0.0000000000
26588  3.005  -61.746  24.110 0.0000000000
26589  2.249  -62.310  24.236 0.0000000000
26590  1.316  -61.600  24.444 0.0000000000
26620  6.258  -61.389  23.218 0.0000000000
26621  4.271  -61.252  23.134 0.0000000000
26622  3.723  -61.403  23.414 0.0000000000
26623  2.625  -62.085  23.384 0.0000000000
26624  1.195  -61.633  23.694 0.0000000000
26648  6.281  -62.034  22.981 0.0000000000
26649  5.560  -61.596  22.785 0.0000000000
26650  4.398  -61.639  22.596 0.0000000000
26651  3.176  -62.116  22.519 0.0000000000
26652  2.296  -62.444  22.695 0.0000000000
26653  1.243  -61.659  22.746 0.0000000000
26676  3.721  -62.348  22.009 0.0000000000
26677  3.136  -62.591  21.820 0.0000000000
26678  1.789  -61.171  21.384 0.0000000000
26679  1.494  -61.741  21.642 0.0000000000
26701  1.672  -61.347  20.919 0.0000000000
26702  1.388  -61.973  20.209 0.0000000000
26721  1.309  -62.004  18.751 0.0000000000
26738  1.156  -62.077  17.920 0.0000000000
27750  1.971  -60.002  25.744 0.0000000000
27751  1.584  -60.948  26.049 0.0000000000
27767  3.638  -61.361  25.116 0.0000000000
27768  2.014  -60.094  24.769 0.0000000000
27769  1.529  -60.965  25.074 0.0000000000
27784  6.502  -60.411  24.280 0.0000000000
27785  5.512  -60.400  24.308 0.0000000000
27786  4.568  -60.653  24.487 0.0000000000
27787  3.745  -61.232  24.506 0.0000000000
27788  2.089  -60.205  23.860 0.0000000000
27789  1.510  -60.954  24.192 0.0000000000
27803  6.757  -60.918  23.650 0.0000000000
27804  5.743  -60.856  23.386 0.0000000000
27805  4.670  -60.889  23.463 0.0000000000
27806  4.170  -60.973  23.943 0.0000000000
27807  2.152  -60.293  23.152 0.0000000000
27808  1.562  -60.960  23.282 0.0000000000
27823  5.494  -61.133  23.029 0.0000000000
27824  5.159  -61.097  22.962 0.0000000000
27825  1.940  -60.688  22.716 0.0000000000
27826  1.623  -61.171  22.612 0.0000000000
27835  1.974  -60.883  21.967 0.0000000000
27836  1.545  -61.419  22.267 0.0000000000
27845  2.055  -60.696  20.974 0.0000000000
27846  1.652  -61.090  20.346 0.0000000000
27863  1.789  -60.500  20.211 0.0000000000
27864  1.512  -61.016  19.364 0.0000000000
28832  1.999  -58.878  26.281 0.0000000000
28833  1.765  -59.850  26.726 0.0000000000
28849  2.255  -58.987  25.310 0.0000000000
28865  2.419  -59.134  24.292 0.0000000000
28881  2.478  -59.405  23.295 0.0000000000
28903  2.397  -59.987  22.505 0.0000000000
28915  2.405  -59.824  21.544 0.0000000000
28925  2.179  -59.843  20.562 0.0000000000
28943  1.767  -60.037  19.697 0.0000000000
28944  1.528  -60.266  18.728 0.0000000000
29893  2.002  -57.990  27.590 0.0000000000
29904  1.930  -57.956  26.602 0.0000000000
29905  1.744  -58.800  27.218 0.0000000000
29914  2.192  -57.935  25.738 0.0000000000
29923  2.376  -57.954  24.731 0.0000000000
29939  2.483  -58.135  23.573 0.0000000000
29957  2.565  -58.672  22.291 0.0000000000
29965  2.429  -58.886  21.003 0.0000000000
29974  2.108  -59.215  20.018 0.0000000000
29989  1.696  -59.547  19.306 0.0000000000
30887  2.321  -57.405  26.598 0.0000000000
30901  2.080  -57.249  25.977 0.0000000000
30915  1.923  -57.065  25.132 0.0000000000
30932  2.139  -56.996  24.029 0.0000000000
30947  2.047  -57.088  22.694 0.0000000000
30948  1.708  -56.563  22.301 0.0000000000
30955  2.150  -57.781  21.466 0.0000000000
30956  1.693  -56.881  21.786 0.0000000000
30964  1.989  -58.317  20.327 0.0000000000
30965  1.728  -57.309  20.735 0.0000000000
30982  1.828  -58.888  19.476 0.0000000000
31853  2.499  -56.894  26.129 0.0000000000
31854  2.199  -56.970  26.080 0.0000000000
31867  2.272  -56.671  25.495 0.0000000000
31883  2.668  -56.135  24.817 0.0000000000
31884  2.001  -56.235  24.449 0.0000000000
31898  1.766  -56.238  23.408 0.0000000000
31909  1.689  -56.244  22.607 0.0000000000
31910  1.628  -56.281  22.056 0.0000000000
31921  1.579  -56.437  21.308 0.0000000000
31928  1.583  -56.675  20.245 0.0000000000
32832  3.160  -55.717  24.168 0.0000000000
32833  2.385  -55.741  24.132 0.0000000000
32846  2.626  -55.544  23.308 0.0000000000
32847  1.988  -55.747  23.657 0.0000000000
32855  2.441  -55.517  22.389 0.0000000000
32856  1.861  -55.731  22.704 0.0000000000
32857  1.646  -55.987  22.332 0.0000000000
32871  2.000  -55.604  21.753 0.0000000000
32872  1.673  -55.935  21.884 0.0000000000
32886  1.609  -55.898  21.016 0.0000000000
