#!ascii label  , from subject FREESURFER vox2ras=TkReg 
344
56419  29.569  -28.889  59.174 0.0000000000
57580  29.311  -28.268  60.786 0.0000000000
57581  28.557  -28.367  60.988 0.0000000000
57589  30.417  -28.367  60.024 0.0000000000
57590  29.657  -28.429  60.263 0.0000000000
57591  28.893  -28.467  60.484 0.0000000000
57596  31.555  -28.757  58.905 0.0000000000
57597  30.898  -28.633  59.353 0.0000000000
57598  30.020  -28.645  59.635 0.0000000000
57599  29.204  -28.638  59.868 0.0000000000
57607  31.872  -29.036  58.357 0.0000000000
57608  31.022  -29.079  58.612 0.0000000000
57609  30.324  -28.885  59.022 0.0000000000
58706  27.100  -27.661  61.965 0.0000000000
58716  29.340  -27.745  61.265 0.0000000000
58717  28.534  -27.792  61.473 0.0000000000
58718  27.665  -27.839  61.648 0.0000000000
58723  31.094  -27.696  60.425 0.0000000000
58724  30.340  -27.822  60.711 0.0000000000
58725  29.672  -27.993  60.973 0.0000000000
58726  28.958  -28.100  61.200 0.0000000000
58727  28.141  -28.128  61.345 0.0000000000
58731  32.286  -27.924  59.622 0.0000000000
58732  31.541  -28.028  59.956 0.0000000000
58733  30.769  -28.074  60.301 0.0000000000
58734  30.037  -28.171  60.561 0.0000000000
58739  32.459  -28.225  59.104 0.0000000000
58740  31.756  -28.390  59.413 0.0000000000
58741  31.091  -28.282  59.823 0.0000000000
58745  32.965  -28.075  58.252 0.0000000000
58746  32.496  -28.559  58.465 0.0000000000
58747  32.077  -28.617  58.862 0.0000000000
59739  27.296  -27.362  62.075 0.0000000000
59740  26.595  -27.470  62.331 0.0000000000
59743  30.249  -27.186  61.061 0.0000000000
59744  29.818  -27.334  61.205 0.0000000000
59745  28.977  -27.380  61.529 0.0000000000
59746  27.990  -27.445  61.787 0.0000000000
59748  31.346  -27.334  60.498 0.0000000000
59749  30.541  -27.374  60.838 0.0000000000
59750  29.944  -27.665  61.008 0.0000000000
59753  32.963  -27.228  59.724 0.0000000000
59754  32.701  -27.446  59.701 0.0000000000
59755  31.971  -27.581  60.122 0.0000000000
59758  33.241  -27.318  59.352 0.0000000000
59759  32.849  -27.684  59.226 0.0000000000
59763  33.723  -27.156  58.912 0.0000000000
59764  33.414  -27.449  58.825 0.0000000000
59765  32.803  -27.927  58.750 0.0000000000
59769  33.828  -27.148  58.445 0.0000000000
59770  33.448  -27.668  58.056 0.0000000000
59774  33.863  -27.136  57.657 0.0000000000
60719  27.810  -27.068  62.062 0.0000000000
60720  27.082  -26.993  62.321 0.0000000000
60721  26.119  -27.042  62.662 0.0000000000
60723  30.485  -27.039  60.972 0.0000000000
60724  30.093  -26.964  61.186 0.0000000000
60725  29.465  -26.917  61.450 0.0000000000
60726  28.546  -26.886  61.786 0.0000000000
60728  32.464  -27.123  60.131 0.0000000000
60729  32.054  -27.140  60.298 0.0000000000
60730  31.062  -26.963  60.712 0.0000000000
60733  33.778  -27.012  59.427 0.0000000000
60734  33.492  -27.016  59.440 0.0000000000
60735  32.799  -27.071  59.910 0.0000000000
60736  32.430  -27.327  60.029 0.0000000000
60739  33.804  -26.891  59.173 0.0000000000
60740  33.698  -27.128  59.124 0.0000000000
60743  33.966  -26.846  58.822 0.0000000000
60744  33.941  -27.249  58.945 0.0000000000
60747  34.629  -26.068  57.625 0.0000000000
60748  34.359  -26.425  57.932 0.0000000000
60751  34.680  -26.047  57.271 0.0000000000
60752  34.248  -26.503  57.104 0.0000000000
60760  34.765  -25.981  56.546 0.0000000000
61685  27.741  -26.668  62.079 0.0000000000
61686  26.913  -26.566  62.406 0.0000000000
61687  26.012  -26.503  62.746 0.0000000000
61688  25.461  -26.256  62.926 0.0000000000
61691  30.471  -26.743  60.990 0.0000000000
61692  29.945  -26.569  61.311 0.0000000000
61693  29.251  -26.420  61.576 0.0000000000
61694  28.431  -26.274  61.765 0.0000000000
61697  32.384  -26.896  60.172 0.0000000000
61698  31.728  -26.770  60.410 0.0000000000
61699  30.964  -26.580  60.688 0.0000000000
61702  33.803  -26.663  59.288 0.0000000000
61703  33.375  -26.631  59.596 0.0000000000
61704  32.811  -26.578  59.883 0.0000000000
61707  34.154  -26.443  58.993 0.0000000000
61710  34.793  -25.749  58.004 0.0000000000
61711  34.431  -26.138  58.471 0.0000000000
61715  34.885  -25.775  57.564 0.0000000000
61716  34.606  -26.017  58.029 0.0000000000
61720  35.217  -25.613  56.761 0.0000000000
62570  27.626  -26.118  62.049 0.0000000000
62571  26.859  -25.966  62.408 0.0000000000
62572  26.080  -25.791  62.679 0.0000000000
62573  25.201  -25.691  62.921 0.0000000000
62579  30.370  -26.414  61.036 0.0000000000
62580  29.867  -26.127  61.355 0.0000000000
62581  29.016  -26.055  61.628 0.0000000000
62582  28.253  -25.755  61.742 0.0000000000
62589  32.249  -26.585  60.157 0.0000000000
62590  31.652  -26.388  60.324 0.0000000000
62591  30.722  -26.123  60.718 0.0000000000
62592  30.051  -25.834  61.157 0.0000000000
62601  33.727  -26.309  59.427 0.0000000000
62602  33.316  -25.948  59.641 0.0000000000
62603  32.540  -26.138  59.868 0.0000000000
62604  31.736  -25.953  60.080 0.0000000000
62605  31.083  -25.777  60.306 0.0000000000
62615  34.447  -25.565  58.779 0.0000000000
62616  34.194  -25.851  59.113 0.0000000000
62617  33.766  -25.535  59.314 0.0000000000
62627  34.688  -25.425  58.452 0.0000000000
62628  34.372  -25.968  58.765 0.0000000000
62638  35.220  -25.177  57.692 0.0000000000
62647  35.456  -25.085  56.966 0.0000000000
62661  35.655  -24.935  56.163 0.0000000000
63504  27.515  -25.636  62.046 0.0000000000
63505  26.903  -25.310  62.294 0.0000000000
63506  25.992  -25.144  62.538 0.0000000000
63507  25.209  -24.918  62.718 0.0000000000
63517  29.536  -25.762  61.438 0.0000000000
63518  28.901  -25.465  61.585 0.0000000000
63519  27.882  -25.267  61.792 0.0000000000
63520  27.246  -24.905  62.023 0.0000000000
63528  30.439  -25.748  60.732 0.0000000000
63529  29.766  -25.433  61.096 0.0000000000
63530  29.094  -25.136  61.426 0.0000000000
63537  33.227  -25.706  59.514 0.0000000000
63538  32.656  -25.553  59.631 0.0000000000
63539  31.841  -25.453  59.767 0.0000000000
63540  30.822  -25.418  60.189 0.0000000000
63541  30.001  -25.094  60.542 0.0000000000
63542  29.664  -24.772  60.550 0.0000000000
63545  34.478  -25.334  58.766 0.0000000000
63546  34.249  -25.029  59.009 0.0000000000
63547  33.582  -25.049  59.257 0.0000000000
63548  32.844  -24.846  59.331 0.0000000000
63549  31.998  -24.829  59.414 0.0000000000
63550  30.999  -25.025  59.686 0.0000000000
63551  30.303  -24.858  59.937 0.0000000000
63552  29.713  -24.567  60.136 0.0000000000
63554  34.817  -24.742  58.559 0.0000000000
63555  34.604  -24.392  58.672 0.0000000000
63556  31.838  -24.540  59.201 0.0000000000
63557  31.234  -24.595  59.270 0.0000000000
63558  30.482  -24.549  59.466 0.0000000000
63559  29.837  -24.348  59.621 0.0000000000
63561  35.601  -23.903  57.219 0.0000000000
63562  35.395  -24.288  57.740 0.0000000000
63564  35.724  -23.786  56.753 0.0000000000
63565  35.538  -24.543  57.103 0.0000000000
63573  36.205  -23.529  55.969 0.0000000000
63574  35.773  -24.304  56.380 0.0000000000
63586  36.554  -23.412  55.814 0.0000000000
63587  36.185  -23.976  55.656 0.0000000000
64440  26.618  -24.828  62.275 0.0000000000
64441  25.993  -24.573  62.413 0.0000000000
64450  28.513  -25.111  61.577 0.0000000000
64451  27.865  -24.849  61.670 0.0000000000
64452  26.931  -24.451  61.976 0.0000000000
64453  26.015  -24.094  62.234 0.0000000000
64457  29.487  -25.013  61.176 0.0000000000
64458  28.752  -24.834  61.340 0.0000000000
64459  27.920  -24.432  61.347 0.0000000000
64460  27.160  -24.105  61.576 0.0000000000
64462  29.372  -24.833  60.968 0.0000000000
64463  28.991  -24.497  60.832 0.0000000000
64464  28.276  -24.086  60.725 0.0000000000
64466  34.177  -24.485  58.846 0.0000000000
64467  33.728  -24.151  58.816 0.0000000000
64468  33.037  -24.110  58.827 0.0000000000
64469  32.489  -24.242  58.939 0.0000000000
64470  29.133  -24.181  60.157 0.0000000000
64471  28.493  -23.684  60.034 0.0000000000
64473  35.087  -23.927  58.405 0.0000000000
64474  34.501  -23.717  58.531 0.0000000000
64475  34.081  -23.299  58.456 0.0000000000
64476  33.008  -23.730  58.627 0.0000000000
64477  32.335  -23.909  58.631 0.0000000000
64478  31.402  -24.188  58.834 0.0000000000
64479  30.523  -24.179  59.004 0.0000000000
64480  29.502  -23.885  59.279 0.0000000000
64481  28.615  -23.289  59.195 0.0000000000
64483  35.605  -23.552  57.233 0.0000000000
64484  35.334  -23.350  57.774 0.0000000000
64485  32.206  -23.540  58.287 0.0000000000
64486  31.407  -23.783  58.370 0.0000000000
64487  30.494  -23.742  58.406 0.0000000000
64488  29.527  -23.386  58.414 0.0000000000
64489  28.625  -22.883  58.344 0.0000000000
64493  35.767  -23.113  56.747 0.0000000000
64494  32.083  -23.225  57.826 0.0000000000
64495  31.441  -23.257  57.729 0.0000000000
64496  30.438  -23.268  57.681 0.0000000000
64497  29.441  -22.978  57.489 0.0000000000
64504  36.096  -22.974  56.120 0.0000000000
64505  31.109  -22.927  57.192 0.0000000000
64506  30.394  -22.819  56.911 0.0000000000
64507  29.671  -22.727  56.622 0.0000000000
64514  36.704  -23.053  55.874 0.0000000000
64515  36.575  -23.171  55.592 0.0000000000
64527  36.196  -23.306  55.017 0.0000000000
65377  26.581  -23.978  61.857 0.0000000000
65385  27.547  -23.999  61.146 0.0000000000
65386  26.815  -23.630  61.325 0.0000000000
65390  27.632  -23.594  60.660 0.0000000000
65395  33.631  -23.490  58.531 0.0000000000
65396  33.363  -23.329  58.445 0.0000000000
65397  27.719  -23.179  59.875 0.0000000000
65402  34.994  -23.178  58.192 0.0000000000
65403  34.576  -22.566  58.193 0.0000000000
65404  33.842  -22.558  58.318 0.0000000000
65405  33.171  -22.702  58.254 0.0000000000
65406  32.781  -23.036  58.171 0.0000000000
65416  35.574  -22.755  57.216 0.0000000000
65417  35.232  -22.338  57.783 0.0000000000
65418  34.971  -21.634  58.094 0.0000000000
65419  32.973  -22.270  58.214 0.0000000000
65420  32.670  -22.543  58.060 0.0000000000
65433  35.750  -22.404  56.606 0.0000000000
65434  32.261  -22.413  57.757 0.0000000000
65435  31.705  -22.353  57.365 0.0000000000
65450  35.812  -22.150  56.049 0.0000000000
65451  31.128  -22.265  56.707 0.0000000000
65468  36.255  -22.446  55.672 0.0000000000
65469  36.616  -22.772  55.633 0.0000000000
65488  36.132  -22.133  55.373 0.0000000000
65489  36.213  -22.467  55.239 0.0000000000
65510  35.705  -22.519  54.637 0.0000000000
66445  34.377  -21.258  58.261 0.0000000000
66446  33.622  -21.406  58.290 0.0000000000
66447  33.047  -21.342  58.250 0.0000000000
66448  32.751  -20.798  58.301 0.0000000000
66466  35.583  -21.709  57.140 0.0000000000
66467  35.322  -21.202  57.681 0.0000000000
66468  35.023  -20.892  58.112 0.0000000000
66469  32.898  -21.868  58.191 0.0000000000
66470  32.663  -21.409  58.108 0.0000000000
66488  35.701  -21.561  56.528 0.0000000000
66489  35.310  -20.670  57.661 0.0000000000
66490  35.211  -20.752  57.858 0.0000000000
66491  32.201  -21.472  57.716 0.0000000000
66492  31.667  -21.422  57.084 0.0000000000
66507  35.711  -21.354  56.095 0.0000000000
66525  35.756  -21.633  55.705 0.0000000000
66545  35.868  -21.872  55.417 0.0000000000
66546  35.785  -21.699  55.142 0.0000000000
66573  35.567  -21.653  54.787 0.0000000000
66574  35.114  -21.577  54.431 0.0000000000
67583  34.302  -20.464  58.303 0.0000000000
67584  33.949  -20.457  58.386 0.0000000000
67585  33.355  -20.390  58.399 0.0000000000
67586  32.804  -20.298  58.412 0.0000000000
67597  35.599  -21.289  57.085 0.0000000000
67598  35.540  -21.146  57.242 0.0000000000
67599  34.611  -20.379  58.175 0.0000000000
67600  32.460  -20.363  58.337 0.0000000000
67601  32.184  -20.184  58.355 0.0000000000
67614  35.621  -20.991  56.944 0.0000000000
67615  35.394  -20.571  57.371 0.0000000000
67616  35.053  -20.277  57.814 0.0000000000
67617  32.366  -20.732  58.122 0.0000000000
67618  31.982  -20.460  57.814 0.0000000000
67632  35.622  -20.745  56.403 0.0000000000
67633  31.475  -20.395  56.916 0.0000000000
67646  35.606  -20.651  55.857 0.0000000000
67658  35.600  -20.955  55.315 0.0000000000
67659  35.433  -20.783  54.820 0.0000000000
67671  35.174  -20.624  54.411 0.0000000000
68694  34.227  -19.959  58.274 0.0000000000
68695  33.716  -19.551  58.329 0.0000000000
68696  32.993  -19.556  58.467 0.0000000000
68697  32.332  -19.525  58.473 0.0000000000
68698  31.976  -19.095  58.568 0.0000000000
68707  34.504  -19.638  57.956 0.0000000000
68708  34.143  -19.522  58.166 0.0000000000
68709  32.196  -19.917  58.442 0.0000000000
68710  31.903  -19.541  58.388 0.0000000000
68720  35.458  -19.995  56.792 0.0000000000
68721  35.114  -19.808  57.331 0.0000000000
68722  34.831  -19.703  57.651 0.0000000000
68723  31.459  -19.605  57.730 0.0000000000
68734  35.527  -19.966  56.203 0.0000000000
68746  35.546  -19.940  55.854 0.0000000000
68759  35.547  -19.949  55.501 0.0000000000
68760  35.510  -19.885  54.953 0.0000000000
68771  35.269  -19.712  54.425 0.0000000000
69761  33.606  -18.888  58.187 0.0000000000
69762  33.191  -18.899  58.339 0.0000000000
69763  32.609  -18.840  58.501 0.0000000000
69764  32.093  -18.710  58.625 0.0000000000
69770  34.383  -19.258  57.833 0.0000000000
69771  34.077  -19.026  57.999 0.0000000000
69772  31.716  -18.730  58.549 0.0000000000
69773  31.284  -18.309  58.451 0.0000000000
69778  35.350  -19.506  56.687 0.0000000000
69779  35.196  -19.255  56.848 0.0000000000
69780  34.656  -19.086  57.454 0.0000000000
69781  34.201  -18.468  57.569 0.0000000000
69782  31.357  -18.877  58.237 0.0000000000
69783  30.733  -18.394  58.115 0.0000000000
69784  30.140  -18.258  57.855 0.0000000000
69788  35.376  -19.306  56.419 0.0000000000
69789  35.265  -18.714  56.473 0.0000000000
69790  31.000  -18.962  57.704 0.0000000000
69791  30.371  -18.843  57.418 0.0000000000
69796  35.498  -19.281  55.845 0.0000000000
69805  35.528  -19.064  55.242 0.0000000000
69806  35.406  -18.881  54.633 0.0000000000
70775  33.685  -18.658  58.105 0.0000000000
70776  33.380  -18.469  58.229 0.0000000000
70777  32.886  -18.311  58.446 0.0000000000
70778  32.382  -18.264  58.630 0.0000000000
70782  33.714  -18.281  57.937 0.0000000000
70783  33.188  -17.906  58.213 0.0000000000
70784  32.594  -17.721  58.504 0.0000000000
70785  31.802  -17.898  58.646 0.0000000000
70786  30.911  -17.631  58.412 0.0000000000
70787  30.274  -17.310  58.227 0.0000000000
70791  35.004  -18.497  56.750 0.0000000000
70792  34.563  -18.154  57.010 0.0000000000
70793  34.019  -17.803  57.333 0.0000000000
70794  30.337  -17.857  58.126 0.0000000000
70800  35.410  -18.582  56.082 0.0000000000
70801  35.254  -18.098  56.269 0.0000000000
70808  35.474  -18.409  55.570 0.0000000000
70814  35.501  -18.195  54.984 0.0000000000
71760  33.512  -17.621  57.762 0.0000000000
71761  32.997  -17.151  57.972 0.0000000000
71762  32.227  -17.003  58.380 0.0000000000
71763  31.413  -16.862  58.507 0.0000000000
71764  30.623  -16.703  58.425 0.0000000000
71772  34.959  -17.829  56.501 0.0000000000
71773  34.501  -17.287  56.562 0.0000000000
71774  33.682  -16.981  57.139 0.0000000000
71775  33.090  -16.479  57.382 0.0000000000
71786  35.398  -17.957  55.850 0.0000000000
71787  35.170  -17.296  55.877 0.0000000000
71797  35.431  -17.666  55.361 0.0000000000
72790  32.569  -16.494  57.818 0.0000000000
