#!ascii label  , from subject FREESURFER vox2ras=TkReg 
178
44884  23.876  -42.131  56.202 0.0000000000
44897  23.734  -42.127  55.622 0.0000000000
45901  25.227  -41.233  57.458 0.0000000000
45920  25.214  -41.128  56.999 0.0000000000
45921  24.691  -41.504  56.763 0.0000000000
45936  24.089  -41.538  55.556 0.0000000000
45937  23.691  -42.060  55.308 0.0000000000
45947  23.974  -41.326  54.873 0.0000000000
46955  26.696  -39.855  58.621 0.0000000000
46974  27.407  -39.454  57.925 0.0000000000
46975  26.971  -39.804  58.111 0.0000000000
46976  26.288  -40.378  58.258 0.0000000000
46994  27.348  -39.415  57.689 0.0000000000
46995  26.972  -39.730  57.779 0.0000000000
46996  26.447  -40.244  57.628 0.0000000000
46997  25.816  -40.873  57.857 0.0000000000
47009  26.249  -40.272  57.144 0.0000000000
47010  25.713  -40.656  56.943 0.0000000000
47011  25.184  -41.042  56.714 0.0000000000
47023  25.576  -40.452  56.299 0.0000000000
47024  25.057  -40.774  56.055 0.0000000000
47035  24.329  -40.687  54.779 0.0000000000
48034  29.733  -38.575  58.453 0.0000000000
48035  28.732  -38.704  58.516 0.0000000000
48036  27.831  -38.921  58.681 0.0000000000
48037  27.169  -39.345  58.968 0.0000000000
48058  28.948  -38.766  57.917 0.0000000000
48059  27.838  -39.106  58.118 0.0000000000
48060  27.283  -39.435  58.481 0.0000000000
48073  29.302  -38.672  57.241 0.0000000000
48074  27.966  -38.913  57.504 0.0000000000
48075  27.154  -39.418  57.456 0.0000000000
48076  26.764  -39.819  57.561 0.0000000000
48089  28.664  -38.607  56.664 0.0000000000
48090  27.505  -38.913  56.825 0.0000000000
48091  26.587  -39.715  57.015 0.0000000000
48092  26.165  -40.218  56.841 0.0000000000
48107  29.280  -38.543  55.762 0.0000000000
48108  28.072  -38.553  55.847 0.0000000000
48109  26.886  -38.975  55.917 0.0000000000
48110  25.995  -39.954  56.208 0.0000000000
48111  25.491  -40.298  55.989 0.0000000000
48129  28.827  -38.574  54.867 0.0000000000
48130  26.651  -38.823  55.363 0.0000000000
48131  26.196  -39.104  55.281 0.0000000000
48132  25.294  -39.881  55.318 0.0000000000
48149  25.625  -39.044  54.464 0.0000000000
49052  27.838  -38.072  59.725 0.0000000000
49074  29.143  -38.226  59.372 0.0000000000
49075  28.222  -38.321  59.452 0.0000000000
49076  27.305  -38.468  59.548 0.0000000000
49097  29.458  -38.490  59.007 0.0000000000
49098  28.524  -38.566  59.060 0.0000000000
49099  27.650  -38.754  59.195 0.0000000000
49161  27.890  -38.598  55.057 0.0000000000
49162  27.453  -38.633  55.446 0.0000000000
49177  28.085  -38.581  54.275 0.0000000000
49178  26.992  -38.557  54.836 0.0000000000
49179  26.254  -38.760  54.593 0.0000000000
50118  29.317  -37.536  59.459 0.0000000000
50119  28.369  -37.659  59.635 0.0000000000
50120  27.406  -37.859  59.699 0.0000000000
50139  28.800  -37.977  59.612 0.0000000000
51111  28.934  -37.232  59.426 0.0000000000
51112  27.946  -37.326  59.549 0.0000000000
51113  26.970  -37.584  59.503 0.0000000000
51127  27.448  -37.188  59.330 0.0000000000
51128  26.562  -37.302  59.305 0.0000000000
51142  27.176  -36.951  59.055 0.0000000000
51143  26.670  -36.964  58.972 0.0000000000
52038  29.554  -36.830  59.145 0.0000000000
52039  28.604  -36.940  59.282 0.0000000000
52040  27.991  -37.016  59.346 0.0000000000
52050  30.195  -36.459  58.870 0.0000000000
52051  29.205  -36.586  58.933 0.0000000000
52052  28.092  -36.738  59.007 0.0000000000
52061  27.268  -36.731  58.666 0.0000000000
52062  26.451  -36.738  58.550 0.0000000000
52089  31.075  -35.681  56.180 0.0000000000
52090  30.872  -35.686  55.882 0.0000000000
52098  31.935  -35.605  55.510 0.0000000000
52099  31.490  -35.685  55.629 0.0000000000
52100  30.673  -35.724  55.400 0.0000000000
52101  30.000  -35.773  55.023 0.0000000000
52102  29.309  -35.667  54.780 0.0000000000
52103  23.870  -36.153  55.742 0.0000000000
52111  31.994  -35.684  55.143 0.0000000000
52112  31.367  -35.763  54.834 0.0000000000
52113  30.629  -35.801  54.529 0.0000000000
52114  29.851  -35.765  54.249 0.0000000000
52115  28.989  -35.581  54.044 0.0000000000
52116  23.757  -35.944  54.862 0.0000000000
52125  32.028  -35.725  54.318 0.0000000000
52126  31.315  -35.821  53.969 0.0000000000
52127  30.525  -35.815  53.661 0.0000000000
52128  29.678  -35.705  53.405 0.0000000000
52129  28.830  -35.483  53.092 0.0000000000
52130  23.632  -35.744  53.922 0.0000000000
52140  31.947  -35.694  53.492 0.0000000000
52141  31.274  -35.745  53.000 0.0000000000
52142  30.366  -35.736  52.814 0.0000000000
52143  29.536  -35.587  52.547 0.0000000000
52144  28.771  -35.319  52.239 0.0000000000
52156  30.920  -35.672  52.308 0.0000000000
52157  30.232  -35.600  51.988 0.0000000000
52158  29.377  -35.389  51.748 0.0000000000
52159  28.729  -35.141  51.584 0.0000000000
52976  29.854  -36.359  58.527 0.0000000000
52977  28.943  -36.421  58.591 0.0000000000
52987  30.402  -36.063  58.293 0.0000000000
52988  29.367  -36.219  58.163 0.0000000000
52989  28.185  -36.369  58.263 0.0000000000
52990  27.096  -36.522  58.038 0.0000000000
52991  26.287  -36.502  57.994 0.0000000000
53002  30.883  -35.705  58.059 0.0000000000
53003  29.892  -35.900  57.816 0.0000000000
53004  28.828  -36.046  57.677 0.0000000000
53005  27.735  -36.247  57.545 0.0000000000
53006  26.718  -36.367  57.419 0.0000000000
53007  25.821  -36.354  57.486 0.0000000000
53008  25.280  -36.300  57.286 0.0000000000
53017  31.430  -35.436  57.540 0.0000000000
53018  30.480  -35.658  57.329 0.0000000000
53019  29.418  -35.681  57.132 0.0000000000
53020  28.308  -35.949  56.982 0.0000000000
53021  27.226  -36.122  56.861 0.0000000000
53022  26.285  -36.076  56.802 0.0000000000
53023  25.584  -36.048  56.764 0.0000000000
53024  25.002  -36.134  56.760 0.0000000000
53025  24.585  -36.159  56.541 0.0000000000
53035  31.988  -35.297  56.777 0.0000000000
53036  31.148  -35.632  56.773 0.0000000000
53037  30.228  -35.626  56.256 0.0000000000
53038  28.893  -35.726  56.225 0.0000000000
53039  27.700  -35.794  56.128 0.0000000000
53040  26.670  -35.853  56.092 0.0000000000
53041  25.866  -35.693  55.961 0.0000000000
53042  25.355  -35.743  56.062 0.0000000000
53043  24.827  -35.753  55.737 0.0000000000
53044  24.270  -36.084  56.112 0.0000000000
53055  32.270  -35.401  55.754 0.0000000000
53056  31.610  -35.559  56.239 0.0000000000
53057  30.091  -35.677  55.565 0.0000000000
53058  29.458  -35.688  55.507 0.0000000000
53059  28.252  -35.577  54.988 0.0000000000
53060  26.949  -35.690  55.230 0.0000000000
53061  26.171  -35.624  55.262 0.0000000000
53062  24.655  -35.481  54.683 0.0000000000
53063  24.269  -35.800  55.245 0.0000000000
53075  32.627  -35.401  54.755 0.0000000000
53076  28.027  -35.279  53.647 0.0000000000
53077  26.812  -35.334  54.017 0.0000000000
53078  26.357  -35.501  54.701 0.0000000000
53079  24.578  -35.314  54.163 0.0000000000
53080  24.209  -35.437  54.183 0.0000000000
53094  28.066  -35.137  52.630 0.0000000000
53095  27.200  -34.989  52.889 0.0000000000
53111  31.423  -35.532  52.336 0.0000000000
53112  28.152  -34.987  51.803 0.0000000000
53113  27.458  -34.731  52.016 0.0000000000
53131  29.982  -35.320  51.138 0.0000000000
54108  25.694  -35.621  55.579 0.0000000000
54109  25.490  -35.613  55.484 0.0000000000
54110  25.291  -35.598  55.392 0.0000000000
54128  25.722  -35.591  55.221 0.0000000000
54129  25.454  -35.491  54.821 0.0000000000
54130  25.075  -35.444  54.764 0.0000000000
54145  26.023  -35.043  53.491 0.0000000000
54146  25.780  -35.242  54.170 0.0000000000
54147  25.179  -35.097  53.981 0.0000000000
54148  24.766  -35.164  53.983 0.0000000000
54149  24.487  -35.182  53.910 0.0000000000
54164  26.310  -34.773  52.910 0.0000000000
54165  25.664  -34.493  53.026 0.0000000000
54166  25.166  -34.478  53.167 0.0000000000
54167  24.649  -34.529  53.299 0.0000000000
54168  24.310  -34.873  53.519 0.0000000000
54182  26.736  -34.347  52.159 0.0000000000
