#!ascii label  , from subject FREESURFER vox2ras=TkReg 
204
93305  40.887  6.181  12.154 0.0000000000
93321  42.108  6.602  10.468 0.0000000000
94118  38.112  7.281  14.867 0.0000000000
94119  37.722  7.446  14.911 0.0000000000
94127  39.551  6.988  13.394 0.0000000000
94133  40.958  6.389  11.760 0.0000000000
94134  40.357  6.825  12.197 0.0000000000
94135  39.870  6.978  12.816 0.0000000000
94142  41.335  6.455  11.255 0.0000000000
94143  40.824  6.904  11.336 0.0000000000
94151  42.265  7.186  9.981 0.0000000000
94152  41.622  6.890  10.596 0.0000000000
94153  41.172  6.908  10.944 0.0000000000
94156  42.933  7.593  9.637 0.0000000000
94157  42.702  7.438  9.725 0.0000000000
94924  36.965  7.565  15.466 0.0000000000
94940  38.655  7.473  13.997 0.0000000000
94941  38.232  7.561  14.284 0.0000000000
94942  37.359  7.811  14.589 0.0000000000
94943  36.415  8.029  15.008 0.0000000000
94944  35.910  8.136  15.273 0.0000000000
94956  38.960  7.498  13.528 0.0000000000
94957  38.237  7.882  13.651 0.0000000000
94958  37.808  7.946  14.046 0.0000000000
94968  39.931  7.437  11.926 0.0000000000
94969  39.424  7.615  12.535 0.0000000000
94970  38.620  7.983  13.037 0.0000000000
94978  40.301  7.551  11.343 0.0000000000
94979  39.741  7.859  11.696 0.0000000000
94987  42.054  7.728  9.764 0.0000000000
94988  41.621  7.744  10.039 0.0000000000
94989  40.956  7.468  10.661 0.0000000000
94992  43.889  8.260  9.741 0.0000000000
94993  43.417  7.961  9.597 0.0000000000
94994  42.507  7.953  9.610 0.0000000000
94995  41.935  8.115  9.670 0.0000000000
95772  36.908  8.353  14.118 0.0000000000
95773  36.479  8.399  14.429 0.0000000000
95774  35.696  8.545  14.814 0.0000000000
95781  38.044  8.335  13.110 0.0000000000
95782  37.311  8.437  13.604 0.0000000000
95783  36.517  8.743  13.903 0.0000000000
95784  36.055  8.807  14.199 0.0000000000
95794  43.116  8.253  12.148 0.0000000000
95795  42.154  8.670  12.276 0.0000000000
95796  39.326  8.343  11.838 0.0000000000
95797  38.465  8.630  12.418 0.0000000000
95798  37.632  8.759  12.902 0.0000000000
95808  43.521  8.680  11.075 0.0000000000
95809  42.694  8.852  11.473 0.0000000000
95810  40.498  7.994  10.713 0.0000000000
95811  39.919  8.491  10.979 0.0000000000
95812  39.042  9.059  11.512 0.0000000000
95819  43.886  8.691  10.348 0.0000000000
95820  43.365  9.144  10.428 0.0000000000
95821  41.626  8.329  9.781 0.0000000000
95822  40.995  8.583  10.097 0.0000000000
95823  40.337  9.271  10.381 0.0000000000
95829  43.599  8.727  9.756 0.0000000000
95830  42.892  8.772  9.488 0.0000000000
95831  41.937  8.855  9.490 0.0000000000
95832  41.396  9.458  9.679 0.0000000000
96624  35.183  9.079  14.908 0.0000000000
96630  36.100  9.653  13.959 0.0000000000
96631  35.795  9.346  14.286 0.0000000000
96636  37.097  8.972  13.001 0.0000000000
96637  36.556  9.471  13.499 0.0000000000
96638  36.130  9.076  13.880 0.0000000000
96644  41.446  9.105  12.674 0.0000000000
96645  41.168  9.860  12.299 0.0000000000
96646  38.389  9.517  11.994 0.0000000000
96647  37.525  9.572  12.666 0.0000000000
96648  37.018  10.183  13.006 0.0000000000
96652  42.901  9.202  10.832 0.0000000000
96653  41.953  9.558  11.326 0.0000000000
96654  41.395  10.259  11.608 0.0000000000
96655  39.602  9.542  10.774 0.0000000000
96656  38.935  10.000  11.404 0.0000000000
96660  43.492  9.247  10.007 0.0000000000
96661  42.873  9.571  10.238 0.0000000000
96662  42.106  10.090  10.254 0.0000000000
96663  40.903  9.681  9.926 0.0000000000
96664  40.351  10.066  10.360 0.0000000000
96668  43.134  9.260  9.737 0.0000000000
96669  42.508  9.498  9.709 0.0000000000
96670  41.766  9.899  9.698 0.0000000000
96671  41.320  10.066  9.742 0.0000000000
97400  36.157  10.339  15.559 0.0000000000
97401  35.411  9.596  15.208 0.0000000000
97407  36.181  10.120  14.273 0.0000000000
97408  35.757  9.680  14.564 0.0000000000
97411  40.889  10.383  13.032 0.0000000000
97412  37.222  10.916  13.079 0.0000000000
97413  37.005  10.569  13.335 0.0000000000
97419  41.365  10.972  11.637 0.0000000000
97420  41.292  10.706  11.981 0.0000000000
97421  38.197  10.388  12.112 0.0000000000
97422  37.408  10.712  12.811 0.0000000000
97423  37.085  10.495  13.026 0.0000000000
97426  41.409  10.624  11.167 0.0000000000
97427  41.394  10.553  11.552 0.0000000000
97428  39.677  10.522  10.782 0.0000000000
97429  38.994  11.029  11.471 0.0000000000
97433  41.376  10.473  10.271 0.0000000000
97434  41.011  10.493  9.967 0.0000000000
97435  40.442  10.848  10.452 0.0000000000
97439  41.451  10.271  9.801 0.0000000000
97440  41.201  10.313  9.808 0.0000000000
98129  38.009  11.955  15.214 0.0000000000
98130  37.705  11.734  15.400 0.0000000000
98131  36.955  10.929  14.888 0.0000000000
98137  38.013  11.971  14.883 0.0000000000
98138  37.594  11.637  14.268 0.0000000000
98139  37.081  10.900  13.879 0.0000000000
98142  41.530  11.749  13.114 0.0000000000
98143  41.249  11.070  12.648 0.0000000000
98144  37.914  11.726  12.879 0.0000000000
98145  37.510  11.380  13.198 0.0000000000
98146  37.158  10.959  13.445 0.0000000000
98152  41.442  11.473  11.922 0.0000000000
98153  41.321  11.083  12.167 0.0000000000
98154  38.186  11.511  12.430 0.0000000000
98155  37.654  11.214  12.797 0.0000000000
98160  41.336  11.590  10.906 0.0000000000
98161  41.017  11.865  10.594 0.0000000000
98162  40.168  11.606  10.874 0.0000000000
98163  39.186  12.084  11.600 0.0000000000
98167  41.085  11.086  10.415 0.0000000000
98168  40.743  11.180  10.404 0.0000000000
98169  40.482  11.212  10.523 0.0000000000
98905  38.333  12.215  15.410 0.0000000000
98906  38.012  11.983  15.554 0.0000000000
98912  39.064  12.907  15.073 0.0000000000
98913  38.393  12.471  14.228 0.0000000000
98914  37.858  11.934  13.578 0.0000000000
98918  41.920  12.560  12.563 0.0000000000
98919  38.200  12.246  13.049 0.0000000000
98920  37.841  11.844  13.260 0.0000000000
98925  42.470  13.338  12.118 0.0000000000
98926  41.826  12.599  11.547 0.0000000000
98927  39.399  13.086  11.819 0.0000000000
98928  39.037  12.712  12.076 0.0000000000
98934  42.367  13.440  11.301 0.0000000000
98935  41.665  12.817  10.839 0.0000000000
98936  40.874  12.907  10.643 0.0000000000
98937  39.777  12.924  11.409 0.0000000000
98938  39.311  12.584  11.680 0.0000000000
98943  42.196  13.645  10.873 0.0000000000
98944  41.665  13.578  10.693 0.0000000000
98945  41.194  13.707  10.709 0.0000000000
99667  39.736  13.529  15.508 0.0000000000
99674  40.254  14.054  15.148 0.0000000000
99675  39.588  13.575  14.273 0.0000000000
99676  38.883  13.057  13.430 0.0000000000
99681  43.155  13.814  12.676 0.0000000000
99682  39.499  13.709  13.049 0.0000000000
99683  39.025  13.080  12.641 0.0000000000
99687  43.375  14.325  12.322 0.0000000000
99688  43.023  13.878  11.769 0.0000000000
99689  39.517  13.538  12.059 0.0000000000
99690  39.198  13.112  12.258 0.0000000000
99693  43.234  14.358  11.618 0.0000000000
99694  42.870  14.109  11.054 0.0000000000
99695  40.637  13.689  10.975 0.0000000000
99696  40.208  13.867  11.455 0.0000000000
99702  42.227  14.168  10.759 0.0000000000
99703  41.615  14.132  10.732 0.0000000000
99704  41.106  14.160  10.861 0.0000000000
100422  40.678  14.611  14.438 0.0000000000
100423  40.200  14.278  13.469 0.0000000000
100427  43.613  14.714  12.862 0.0000000000
100428  41.648  15.228  12.823 0.0000000000
100429  41.183  14.978  13.154 0.0000000000
100430  40.187  14.356  12.556 0.0000000000
100433  43.360  14.758  11.921 0.0000000000
100434  43.203  14.969  11.462 0.0000000000
100435  41.671  15.179  12.383 0.0000000000
100436  40.949  14.786  12.042 0.0000000000
100437  40.271  14.275  11.761 0.0000000000
100441  43.157  14.637  11.340 0.0000000000
100442  42.685  14.836  11.055 0.0000000000
100443  41.846  15.027  11.397 0.0000000000
100444  40.851  14.361  11.281 0.0000000000
100445  40.431  14.184  11.482 0.0000000000
100452  41.977  14.609  10.827 0.0000000000
100453  41.415  14.465  10.975 0.0000000000
100454  41.106  14.362  11.009 0.0000000000
101141  43.868  15.301  14.507 0.0000000000
101142  42.976  15.739  14.811 0.0000000000
101143  42.039  15.724  15.076 0.0000000000
101144  41.291  15.263  15.282 0.0000000000
101148  43.833  15.081  13.506 0.0000000000
101149  43.080  15.540  13.730 0.0000000000
101150  42.263  15.552  14.073 0.0000000000
101151  41.525  15.326  14.255 0.0000000000
101155  43.398  15.055  12.375 0.0000000000
101156  43.021  15.354  12.687 0.0000000000
101157  42.123  15.398  13.034 0.0000000000
101158  41.768  15.375  13.612 0.0000000000
101162  43.275  15.024  11.808 0.0000000000
101163  42.935  15.213  11.715 0.0000000000
101164  42.362  15.286  12.080 0.0000000000
101168  42.513  15.134  11.363 0.0000000000
101169  42.442  15.212  11.576 0.0000000000
