#!ascii label  , from subject FREESURFER vox2ras=TkReg 
168
75149  33.303  -13.398  21.910 0.0000000000
75150  32.450  -13.447  22.247 0.0000000000
75161  34.097  -13.418  21.654 0.0000000000
76252  33.534  -12.517  21.913 0.0000000000
76253  32.566  -12.531  22.233 0.0000000000
76254  31.605  -12.524  22.386 0.0000000000
76261  35.814  -12.507  21.020 0.0000000000
76262  35.015  -12.737  21.383 0.0000000000
76263  34.333  -12.865  21.557 0.0000000000
77329  35.187  -11.203  22.161 0.0000000000
77330  34.417  -11.459  22.238 0.0000000000
77331  33.631  -11.630  22.338 0.0000000000
77332  32.772  -11.700  22.503 0.0000000000
77333  31.812  -11.616  22.629 0.0000000000
77334  30.774  -11.560  22.593 0.0000000000
77342  36.385  -11.054  21.441 0.0000000000
77343  35.889  -11.569  21.339 0.0000000000
77344  35.064  -11.924  21.613 0.0000000000
77345  34.295  -12.173  21.778 0.0000000000
77354  36.881  -11.521  20.675 0.0000000000
77355  36.376  -12.117  20.717 0.0000000000
78297  34.645  -10.252  23.141 0.0000000000
78298  34.048  -10.292  23.156 0.0000000000
78299  33.301  -10.282  23.189 0.0000000000
78300  32.484  -10.196  23.236 0.0000000000
78301  31.732  -10.075  23.232 0.0000000000
78302  31.335  -9.874  23.212 0.0000000000
78307  36.769  -10.027  22.423 0.0000000000
78308  36.084  -10.171  22.601 0.0000000000
78309  35.275  -10.422  22.788 0.0000000000
78310  34.560  -10.785  22.726 0.0000000000
78311  33.815  -10.901  22.727 0.0000000000
78312  33.011  -10.937  22.822 0.0000000000
78313  32.135  -10.861  22.972 0.0000000000
78314  31.104  -10.449  23.013 0.0000000000
78315  29.983  -10.563  22.721 0.0000000000
78320  38.811  -10.097  21.214 0.0000000000
78321  38.165  -10.281  21.508 0.0000000000
78322  37.370  -10.378  21.923 0.0000000000
78323  36.568  -10.597  21.987 0.0000000000
78324  35.870  -10.820  22.024 0.0000000000
78330  38.406  -10.578  20.638 0.0000000000
78331  37.631  -10.905  20.915 0.0000000000
78332  36.936  -10.887  21.372 0.0000000000
79262  34.938  -9.867  23.270 0.0000000000
79263  34.363  -9.654  23.349 0.0000000000
79264  33.635  -9.613  23.364 0.0000000000
79265  32.854  -9.522  23.344 0.0000000000
79266  31.954  -9.329  23.274 0.0000000000
79267  31.516  -9.643  23.237 0.0000000000
79273  37.955  -9.144  22.254 0.0000000000
79274  37.298  -9.406  22.473 0.0000000000
79275  36.406  -9.349  22.820 0.0000000000
79276  35.479  -9.475  23.148 0.0000000000
79277  34.805  -9.336  23.339 0.0000000000
79278  31.545  -8.814  23.097 0.0000000000
79279  31.116  -9.298  23.117 0.0000000000
79280  30.235  -9.535  22.850 0.0000000000
79287  39.442  -9.451  21.231 0.0000000000
79288  38.574  -9.443  21.857 0.0000000000
79289  37.932  -9.798  22.109 0.0000000000
80222  34.475  -9.132  23.370 0.0000000000
80223  34.023  -9.001  23.352 0.0000000000
80224  33.263  -8.876  23.334 0.0000000000
80225  32.562  -8.829  23.268 0.0000000000
80230  38.265  -8.510  22.223 0.0000000000
80231  37.601  -8.501  22.475 0.0000000000
80232  36.809  -8.450  22.786 0.0000000000
80233  35.846  -8.466  23.129 0.0000000000
80234  34.722  -8.564  23.250 0.0000000000
80235  33.706  -8.245  23.156 0.0000000000
80236  32.846  -8.212  23.021 0.0000000000
80237  31.988  -8.370  22.951 0.0000000000
80238  31.210  -8.376  22.795 0.0000000000
80239  30.403  -8.523  22.632 0.0000000000
80240  29.728  -8.852  22.507 0.0000000000
80247  39.902  -8.421  21.295 0.0000000000
80248  39.043  -8.476  21.844 0.0000000000
80249  29.787  -8.231  22.211 0.0000000000
81144  37.876  -7.985  22.361 0.0000000000
81145  37.226  -7.509  22.391 0.0000000000
81146  36.197  -7.570  22.741 0.0000000000
81147  35.192  -7.594  22.831 0.0000000000
81148  34.182  -7.548  22.818 0.0000000000
81149  33.247  -7.556  22.641 0.0000000000
81150  32.373  -7.618  22.519 0.0000000000
81151  31.530  -7.637  22.410 0.0000000000
81152  30.803  -7.790  22.350 0.0000000000
81153  30.204  -7.834  22.169 0.0000000000
81158  40.972  -7.860  20.910 0.0000000000
81159  40.415  -7.440  21.157 0.0000000000
81160  39.347  -7.478  21.595 0.0000000000
81161  38.265  -7.462  22.060 0.0000000000
81162  37.561  -6.944  22.058 0.0000000000
81163  31.074  -7.261  22.100 0.0000000000
81164  30.499  -7.240  21.889 0.0000000000
81173  41.305  -7.390  20.755 0.0000000000
81174  40.768  -6.901  20.946 0.0000000000
82072  36.370  -6.901  22.246 0.0000000000
82073  35.545  -6.880  22.273 0.0000000000
82074  34.601  -6.870  22.251 0.0000000000
82075  33.652  -6.873  22.202 0.0000000000
82076  32.746  -6.951  22.096 0.0000000000
82077  31.906  -7.067  22.014 0.0000000000
82078  31.417  -7.138  22.045 0.0000000000
82082  39.592  -6.554  21.311 0.0000000000
82083  38.677  -6.544  21.557 0.0000000000
82084  37.767  -6.454  21.690 0.0000000000
82085  36.884  -6.492  21.794 0.0000000000
82086  35.886  -6.338  21.673 0.0000000000
82087  34.968  -6.322  21.581 0.0000000000
82088  34.035  -6.247  21.622 0.0000000000
82089  33.107  -6.242  21.675 0.0000000000
82090  32.180  -6.312  21.700 0.0000000000
82091  31.170  -6.546  21.786 0.0000000000
82099  41.784  -6.460  20.425 0.0000000000
82100  40.955  -6.359  20.732 0.0000000000
82101  40.306  -6.418  21.015 0.0000000000
83088  39.659  -5.851  20.904 0.0000000000
83089  38.899  -5.794  21.012 0.0000000000
83090  38.001  -5.783  21.115 0.0000000000
83091  37.101  -5.821  21.087 0.0000000000
83092  36.202  -5.802  21.056 0.0000000000
83093  35.332  -5.781  21.011 0.0000000000
83094  34.419  -5.528  21.019 0.0000000000
83095  33.471  -5.450  21.341 0.0000000000
83096  32.555  -5.437  21.529 0.0000000000
83097  31.602  -5.466  21.584 0.0000000000
83104  41.850  -5.728  20.151 0.0000000000
83105  41.131  -5.557  20.305 0.0000000000
83106  40.210  -5.586  20.529 0.0000000000
83107  39.150  -5.234  20.230 0.0000000000
83108  38.185  -5.299  20.402 0.0000000000
83109  37.334  -5.347  20.421 0.0000000000
83110  36.434  -5.285  20.281 0.0000000000
83111  35.605  -5.288  20.429 0.0000000000
83112  34.968  -5.258  20.571 0.0000000000
83122  41.568  -5.236  19.900 0.0000000000
83123  38.796  -4.893  19.599 0.0000000000
83124  38.259  -4.920  19.711 0.0000000000
83125  37.477  -4.982  19.768 0.0000000000
83126  36.848  -5.017  19.850 0.0000000000
84050  34.579  -4.629  20.671 0.0000000000
84051  33.843  -4.557  21.159 0.0000000000
84052  32.970  -4.527  21.545 0.0000000000
84053  32.032  -4.541  21.655 0.0000000000
84064  40.983  -5.000  19.771 0.0000000000
84065  40.323  -5.057  19.921 0.0000000000
84066  39.773  -5.113  20.048 0.0000000000
84067  36.358  -4.774  19.710 0.0000000000
84068  35.705  -4.521  19.845 0.0000000000
84069  35.141  -4.735  20.308 0.0000000000
84080  41.435  -4.780  19.259 0.0000000000
84081  40.403  -4.775  19.192 0.0000000000
84082  39.390  -4.838  19.345 0.0000000000
84083  38.402  -4.662  19.082 0.0000000000
84084  37.604  -4.621  19.130 0.0000000000
84085  36.718  -4.524  19.238 0.0000000000
84086  36.180  -4.420  19.502 0.0000000000
84098  40.653  -4.467  18.420 0.0000000000
84099  39.671  -4.467  18.441 0.0000000000
84100  38.682  -4.340  18.317 0.0000000000
84101  37.799  -4.232  18.484 0.0000000000
84102  37.128  -4.195  18.685 0.0000000000
84942  35.542  -3.550  19.883 0.0000000000
84943  35.022  -3.840  20.378 0.0000000000
84949  36.664  -3.600  18.838 0.0000000000
84950  36.067  -3.765  19.380 0.0000000000
