#!ascii label  , from subject FREESURFER vox2ras=TkReg 
236
66774  35.896  -21.203  37.635 0.0000000000
66775  35.055  -21.554  37.797 0.0000000000
66786  36.022  -21.070  36.748 0.0000000000
66787  35.247  -21.444  36.863 0.0000000000
66805  36.068  -20.899  36.266 0.0000000000
66806  35.521  -21.132  35.929 0.0000000000
66807  34.545  -21.690  36.039 0.0000000000
66827  35.358  -20.946  35.303 0.0000000000
66828  34.731  -21.222  35.043 0.0000000000
66829  33.600  -21.818  35.282 0.0000000000
66846  34.434  -20.959  34.438 0.0000000000
66847  33.893  -21.230  34.455 0.0000000000
66848  32.827  -21.408  34.178 0.0000000000
66863  32.355  -20.946  33.643 0.0000000000
67847  36.414  -19.929  40.511 0.0000000000
67848  35.855  -20.193  40.898 0.0000000000
67861  37.270  -19.889  39.480 0.0000000000
67862  36.710  -20.013  39.829 0.0000000000
67863  35.612  -20.900  39.509 0.0000000000
67878  37.939  -19.981  38.615 0.0000000000
67879  37.539  -20.058  38.912 0.0000000000
67880  36.559  -20.757  38.539 0.0000000000
67881  35.632  -21.233  38.460 0.0000000000
67887  37.953  -20.081  38.312 0.0000000000
67888  37.469  -20.377  37.843 0.0000000000
67889  36.645  -20.764  37.366 0.0000000000
67901  37.254  -20.387  36.962 0.0000000000
67902  36.588  -20.645  36.445 0.0000000000
67903  36.149  -20.730  35.915 0.0000000000
67916  37.189  -20.188  36.261 0.0000000000
67917  36.642  -20.215  35.641 0.0000000000
67918  35.856  -20.605  35.318 0.0000000000
67919  35.311  -20.727  34.898 0.0000000000
67933  36.230  -20.026  34.987 0.0000000000
67934  35.656  -20.180  34.607 0.0000000000
67935  34.887  -20.480  34.284 0.0000000000
67936  34.172  -20.703  34.042 0.0000000000
67937  33.526  -20.871  33.894 0.0000000000
67950  34.428  -20.190  33.815 0.0000000000
67951  33.804  -20.226  33.589 0.0000000000
67952  32.880  -20.502  33.453 0.0000000000
68962  37.149  -19.062  41.367 0.0000000000
68963  36.755  -19.372  41.872 0.0000000000
68977  37.466  -19.113  40.648 0.0000000000
68978  36.753  -19.667  40.854 0.0000000000
68979  36.392  -19.803  41.412 0.0000000000
68991  38.300  -19.362  39.406 0.0000000000
68992  37.559  -19.598  39.727 0.0000000000
68993  37.107  -19.576  40.248 0.0000000000
69002  39.954  -19.157  37.725 0.0000000000
69003  39.228  -19.555  38.105 0.0000000000
69004  38.321  -19.807  38.644 0.0000000000
69005  37.948  -19.744  39.182 0.0000000000
69013  39.950  -19.039  37.248 0.0000000000
69014  39.438  -19.299  37.073 0.0000000000
69015  38.373  -19.932  37.505 0.0000000000
69016  37.739  -20.195  37.238 0.0000000000
69028  39.282  -19.057  36.447 0.0000000000
69029  38.613  -19.359  36.249 0.0000000000
69030  37.818  -19.992  36.630 0.0000000000
69042  38.173  -19.036  35.638 0.0000000000
69043  37.564  -19.547  35.671 0.0000000000
69044  36.734  -19.468  35.043 0.0000000000
69059  36.084  -19.448  34.507 0.0000000000
69060  35.310  -19.508  33.967 0.0000000000
69061  34.791  -19.942  33.842 0.0000000000
69074  35.017  -19.015  33.561 0.0000000000
69075  34.453  -19.485  33.460 0.0000000000
69076  33.346  -19.443  33.158 0.0000000000
69077  32.326  -19.681  33.115 0.0000000000
69084  32.640  -18.898  33.010 0.0000000000
69943  38.401  -18.121  43.435 0.0000000000
69956  38.307  -18.026  42.288 0.0000000000
69957  37.737  -18.565  42.596 0.0000000000
69958  37.102  -19.004  42.729 0.0000000000
69966  38.447  -18.178  41.351 0.0000000000
69967  37.753  -18.613  41.574 0.0000000000
69968  37.254  -18.875  42.015 0.0000000000
69978  39.285  -18.138  40.165 0.0000000000
69979  38.614  -18.399  40.522 0.0000000000
69980  38.067  -18.645  40.832 0.0000000000
69990  40.401  -18.510  39.077 0.0000000000
69991  39.569  -18.636  39.420 0.0000000000
69992  38.785  -18.742  39.738 0.0000000000
69993  38.079  -18.903  40.093 0.0000000000
70000  41.337  -18.454  37.678 0.0000000000
70001  40.598  -18.824  38.170 0.0000000000
70002  39.806  -19.015  38.584 0.0000000000
70003  38.991  -19.174  38.967 0.0000000000
70014  41.230  -18.220  36.805 0.0000000000
70015  40.480  -18.768  37.158 0.0000000000
70016  39.938  -18.969  36.981 0.0000000000
70028  41.146  -17.956  36.385 0.0000000000
70029  40.685  -18.203  36.314 0.0000000000
70030  39.864  -18.733  36.413 0.0000000000
70031  39.198  -18.797  36.024 0.0000000000
70043  40.143  -18.076  35.843 0.0000000000
70044  39.514  -18.254  35.652 0.0000000000
70045  38.661  -18.466  35.398 0.0000000000
70046  37.851  -18.736  35.230 0.0000000000
70047  37.242  -18.933  35.022 0.0000000000
70062  38.011  -18.055  34.994 0.0000000000
70063  37.458  -18.322  34.713 0.0000000000
70064  36.672  -18.614  34.388 0.0000000000
70065  35.910  -18.869  34.095 0.0000000000
70076  36.099  -18.272  33.912 0.0000000000
70077  35.487  -18.565  33.644 0.0000000000
70078  34.759  -18.488  33.265 0.0000000000
70079  34.002  -18.779  33.114 0.0000000000
70086  34.151  -18.086  33.020 0.0000000000
70087  33.338  -18.307  32.926 0.0000000000
70088  32.409  -18.133  32.844 0.0000000000
70948  40.243  -16.986  44.070 0.0000000000
70957  40.225  -16.941  43.144 0.0000000000
70958  39.655  -17.381  43.454 0.0000000000
70959  39.141  -17.729  43.726 0.0000000000
70967  40.251  -16.947  42.207 0.0000000000
70968  39.626  -17.355  42.546 0.0000000000
70969  39.013  -17.730  42.898 0.0000000000
70976  40.404  -17.145  41.287 0.0000000000
70977  39.691  -17.442  41.623 0.0000000000
70978  39.006  -17.736  41.950 0.0000000000
70985  41.454  -17.239  40.074 0.0000000000
70986  40.614  -17.416  40.381 0.0000000000
70987  39.864  -17.691  40.732 0.0000000000
70988  39.108  -17.864  41.030 0.0000000000
70995  43.467  -17.153  38.671 0.0000000000
70996  42.756  -17.582  38.979 0.0000000000
70997  41.852  -17.787  39.262 0.0000000000
70998  40.928  -17.863  39.547 0.0000000000
70999  40.087  -18.012  39.866 0.0000000000
71011  43.500  -17.051  37.935 0.0000000000
71012  43.006  -17.461  38.079 0.0000000000
71013  42.194  -18.004  38.152 0.0000000000
71014  41.252  -18.314  38.674 0.0000000000
71027  43.234  -17.133  37.487 0.0000000000
71028  42.728  -17.504  37.209 0.0000000000
71029  41.946  -17.968  37.086 0.0000000000
71044  42.265  -17.427  36.544 0.0000000000
71045  41.588  -17.613  36.279 0.0000000000
71046  41.049  -17.729  36.119 0.0000000000
71062  41.162  -17.306  35.883 0.0000000000
71063  40.639  -17.516  35.713 0.0000000000
71064  39.889  -17.461  35.314 0.0000000000
71065  39.191  -17.736  35.185 0.0000000000
71080  39.302  -17.060  34.984 0.0000000000
71081  38.531  -17.324  34.766 0.0000000000
71082  37.730  -17.618  34.537 0.0000000000
71083  37.176  -17.872  34.280 0.0000000000
71090  37.916  -16.973  34.325 0.0000000000
71091  37.363  -17.205  34.105 0.0000000000
71092  36.627  -17.548  33.817 0.0000000000
71093  35.909  -17.814  33.548 0.0000000000
71094  35.340  -17.923  33.319 0.0000000000
71101  36.199  -17.291  33.438 0.0000000000
71102  35.740  -17.261  33.185 0.0000000000
71103  34.871  -17.482  32.944 0.0000000000
71104  33.961  -17.443  32.666 0.0000000000
71105  33.043  -17.368  32.560 0.0000000000
71106  32.109  -17.218  32.632 0.0000000000
71945  40.895  -16.582  42.827 0.0000000000
71957  41.771  -16.424  41.579 0.0000000000
71958  40.966  -16.620  41.873 0.0000000000
71969  43.829  -16.592  40.223 0.0000000000
71970  42.918  -16.692  40.460 0.0000000000
71971  42.019  -16.733  40.683 0.0000000000
71972  41.142  -16.811  40.929 0.0000000000
71987  44.902  -16.178  39.216 0.0000000000
71988  44.159  -16.712  39.194 0.0000000000
71989  43.260  -17.033  39.580 0.0000000000
71990  42.371  -17.194  39.850 0.0000000000
72006  44.966  -15.703  38.727 0.0000000000
72007  44.564  -16.103  38.362 0.0000000000
72008  43.958  -16.675  38.174 0.0000000000
72024  44.169  -16.123  37.667 0.0000000000
72025  43.626  -16.493  37.285 0.0000000000
72026  43.136  -16.904  36.979 0.0000000000
72044  43.111  -16.333  36.703 0.0000000000
72045  42.673  -16.770  36.453 0.0000000000
72046  42.010  -16.836  36.092 0.0000000000
72058  41.506  -16.907  35.827 0.0000000000
72059  40.991  -16.716  35.488 0.0000000000
72060  40.389  -16.900  35.308 0.0000000000
72067  40.514  -16.310  35.175 0.0000000000
72068  39.856  -16.424  34.999 0.0000000000
72069  39.107  -16.393  34.552 0.0000000000
72075  38.382  -16.297  34.169 0.0000000000
72076  37.704  -16.536  33.889 0.0000000000
72077  37.135  -16.783  33.677 0.0000000000
72083  38.036  -15.918  33.647 0.0000000000
72084  37.466  -16.085  33.379 0.0000000000
72085  36.554  -16.558  33.198 0.0000000000
72086  35.594  -16.472  32.741 0.0000000000
72087  34.658  -16.675  32.487 0.0000000000
72088  33.772  -16.604  32.328 0.0000000000
72089  32.807  -16.346  32.295 0.0000000000
72100  35.193  -15.987  32.380 0.0000000000
72101  34.538  -15.894  32.192 0.0000000000
72102  33.701  -15.739  32.074 0.0000000000
73039  44.764  -15.242  38.188 0.0000000000
73056  44.404  -15.458  37.631 0.0000000000
73057  43.945  -15.586  37.126 0.0000000000
73072  43.383  -15.640  36.630 0.0000000000
73073  42.700  -15.794  36.195 0.0000000000
73074  42.246  -16.228  36.039 0.0000000000
73079  42.172  -15.740  35.914 0.0000000000
73080  41.666  -15.972  35.546 0.0000000000
73081  40.932  -15.983  35.224 0.0000000000
73087  41.038  -15.374  35.158 0.0000000000
73088  40.398  -15.518  34.886 0.0000000000
73089  39.591  -15.476  34.388 0.0000000000
73090  38.932  -15.700  34.184 0.0000000000
74020  44.873  -14.397  38.222 0.0000000000
74027  44.488  -14.574  37.532 0.0000000000
74028  44.173  -14.952  37.142 0.0000000000
74037  44.119  -14.372  36.997 0.0000000000
74038  43.694  -14.697  36.649 0.0000000000
74039  42.949  -14.795  36.183 0.0000000000
74048  42.158  -14.980  35.771 0.0000000000
74049  41.444  -14.796  35.252 0.0000000000
74057  40.817  -14.656  34.819 0.0000000000
74980  44.563  -13.607  37.602 0.0000000000
74981  44.196  -13.355  37.048 0.0000000000
74989  44.293  -13.917  37.124 0.0000000000
74990  43.870  -13.700  36.656 0.0000000000
74991  43.197  -13.817  36.249 0.0000000000
75001  42.501  -13.915  35.828 0.0000000000
75002  41.865  -13.982  35.320 0.0000000000
75015  41.239  -13.948  34.851 0.0000000000
76069  44.364  -12.910  37.211 0.0000000000
76078  44.017  -12.733  36.559 0.0000000000
76079  43.530  -13.123  36.198 0.0000000000
76090  43.599  -12.587  35.989 0.0000000000
76091  42.996  -12.937  35.677 0.0000000000
76092  42.328  -13.322  35.297 0.0000000000
76102  42.519  -12.777  35.025 0.0000000000
