#!ascii label  , from subject FREESURFER vox2ras=TkReg 
190
127407  27.196  60.809  6.177 0.0000000000
127408  26.301  60.659  6.058 0.0000000000
127409  25.417  60.574  6.065 0.0000000000
127410  24.700  60.499  6.229 0.0000000000
127778  26.418  61.718  6.791 0.0000000000
127779  26.071  61.603  6.844 0.0000000000
127780  24.301  61.706  6.506 0.0000000000
127781  23.942  61.490  6.609 0.0000000000
127782  23.090  61.606  7.130 0.0000000000
127790  27.446  61.602  6.381 0.0000000000
127791  26.573  61.471  6.422 0.0000000000
127792  25.604  61.355  6.396 0.0000000000
127793  24.701  61.286  6.348 0.0000000000
127794  24.351  60.976  6.370 0.0000000000
128092  24.212  62.240  15.540 0.0000000000
128093  23.649  62.085  15.278 0.0000000000
128105  23.837  62.722  15.054 0.0000000000
128106  23.252  62.552  14.760 0.0000000000
128144  26.907  62.362  11.254 0.0000000000
128153  26.706  62.687  10.343 0.0000000000
128154  26.064  62.770  10.038 0.0000000000
128160  27.455  62.891  9.476 0.0000000000
128161  26.620  62.745  9.349 0.0000000000
128162  25.727  62.725  9.320 0.0000000000
128163  25.014  62.737  8.983 0.0000000000
128168  27.246  62.850  8.560 0.0000000000
128169  26.507  62.514  8.384 0.0000000000
128170  25.593  62.348  8.243 0.0000000000
128171  24.594  62.517  8.190 0.0000000000
128172  23.829  62.663  7.855 0.0000000000
128178  27.398  62.640  7.556 0.0000000000
128179  26.382  62.035  7.301 0.0000000000
128180  25.344  61.907  7.214 0.0000000000
128181  24.363  62.152  6.964 0.0000000000
128182  23.461  62.561  7.278 0.0000000000
128183  22.660  62.631  7.261 0.0000000000
128190  27.786  62.361  6.666 0.0000000000
128191  27.005  62.067  6.721 0.0000000000
128192  26.636  61.824  6.757 0.0000000000
128193  24.886  61.696  6.638 0.0000000000
128194  24.544  61.747  6.531 0.0000000000
128468  25.007  62.762  15.638 0.0000000000
128469  24.617  62.556  15.543 0.0000000000
128484  25.671  63.616  14.633 0.0000000000
128485  25.036  63.471  14.865 0.0000000000
128486  24.373  63.255  14.985 0.0000000000
128487  23.674  63.611  14.653 0.0000000000
128501  25.940  63.813  13.584 0.0000000000
128502  23.091  63.719  14.233 0.0000000000
128503  22.521  63.779  13.618 0.0000000000
128513  26.420  62.801  11.954 0.0000000000
128514  25.910  63.651  12.416 0.0000000000
128515  21.871  63.769  12.946 0.0000000000
128516  21.058  63.706  12.429 0.0000000000
128528  26.350  62.752  11.125 0.0000000000
128529  25.801  63.263  11.373 0.0000000000
128539  26.021  62.885  10.676 0.0000000000
128540  25.340  63.314  10.446 0.0000000000
128541  24.684  63.708  10.089 0.0000000000
128549  24.987  63.128  9.658 0.0000000000
128550  24.351  63.464  9.273 0.0000000000
128551  23.792  63.833  8.870 0.0000000000
128560  23.951  63.173  8.476 0.0000000000
128561  23.453  63.643  8.084 0.0000000000
128567  27.658  63.040  8.118 0.0000000000
128568  22.947  63.788  7.313 0.0000000000
128840  25.049  64.602  14.337 0.0000000000
128841  24.540  64.538  14.536 0.0000000000
128842  23.985  64.689  14.609 0.0000000000
128843  23.410  64.842  14.364 0.0000000000
128852  25.432  64.748  13.777 0.0000000000
128853  22.829  64.932  13.976 0.0000000000
128854  22.182  64.936  13.419 0.0000000000
128863  25.575  64.772  12.823 0.0000000000
128864  21.427  64.841  12.839 0.0000000000
128865  20.476  64.621  12.342 0.0000000000
128866  19.685  64.904  12.181 0.0000000000
128867  18.832  64.582  12.063 0.0000000000
128877  25.171  64.580  11.448 0.0000000000
128878  24.762  65.433  11.031 0.0000000000
128879  20.164  64.055  11.982 0.0000000000
128880  19.840  64.276  11.962 0.0000000000
128881  19.422  64.431  11.959 0.0000000000
128888  24.836  64.084  10.573 0.0000000000
128889  24.259  64.805  10.236 0.0000000000
128890  23.951  65.559  9.675 0.0000000000
128898  23.950  64.217  9.372 0.0000000000
128899  23.635  64.886  8.979 0.0000000000
128907  23.202  64.866  7.806 0.0000000000
129178  24.719  65.451  14.320 0.0000000000
129179  24.301  65.883  14.462 0.0000000000
129180  23.689  65.973  14.503 0.0000000000
129181  23.066  66.080  14.412 0.0000000000
129189  25.064  65.867  13.948 0.0000000000
129190  24.702  66.281  14.241 0.0000000000
129191  22.452  66.136  13.982 0.0000000000
129192  21.704  66.043  13.533 0.0000000000
129201  25.375  65.869  13.246 0.0000000000
129202  20.943  65.832  12.984 0.0000000000
129203  20.151  65.707  12.677 0.0000000000
129204  19.343  65.721  12.527 0.0000000000
129205  18.467  65.762  12.511 0.0000000000
129206  17.547  65.830  12.433 0.0000000000
129217  25.293  65.934  12.387 0.0000000000
129218  24.988  66.120  11.579 0.0000000000
129229  24.598  66.225  10.886 0.0000000000
129230  24.204  66.332  10.145 0.0000000000
129236  23.938  66.303  9.239 0.0000000000
129238  23.635  66.069  8.200 0.0000000000
129488  24.005  67.014  14.556 0.0000000000
129489  23.463  67.136  14.465 0.0000000000
129490  22.894  67.295  14.328 0.0000000000
129495  24.904  66.982  14.019 0.0000000000
129496  24.497  67.037  14.316 0.0000000000
129497  22.171  67.299  13.976 0.0000000000
129498  21.231  67.115  13.601 0.0000000000
129499  20.411  67.400  13.566 0.0000000000
129500  19.643  67.480  13.537 0.0000000000
129501  18.975  67.493  13.451 0.0000000000
129509  25.146  66.943  13.529 0.0000000000
129510  25.248  67.510  13.150 0.0000000000
129511  20.512  66.517  13.240 0.0000000000
129512  19.854  66.574  13.115 0.0000000000
129513  19.078  66.651  13.060 0.0000000000
129514  18.277  67.034  12.911 0.0000000000
129524  25.304  66.770  12.920 0.0000000000
129525  25.142  67.335  12.337 0.0000000000
129526  24.796  67.842  11.732 0.0000000000
129540  24.846  67.053  11.455 0.0000000000
129541  24.525  67.441  10.889 0.0000000000
129552  24.269  67.553  9.779 0.0000000000
129809  24.288  67.765  14.477 0.0000000000
129810  23.821  67.943  14.617 0.0000000000
129811  23.357  68.126  14.512 0.0000000000
129816  25.062  67.471  13.849 0.0000000000
129817  24.854  67.953  14.150 0.0000000000
129818  23.642  68.911  13.958 0.0000000000
129819  23.083  68.543  14.102 0.0000000000
129820  21.918  68.161  13.655 0.0000000000
129821  20.947  68.164  13.803 0.0000000000
129822  20.176  68.304  13.935 0.0000000000
129823  19.326  68.387  13.860 0.0000000000
129824  18.674  68.732  13.789 0.0000000000
129829  25.130  67.727  13.628 0.0000000000
129830  24.937  68.360  13.365 0.0000000000
129831  24.028  68.758  13.433 0.0000000000
129832  22.986  68.289  13.005 0.0000000000
129833  21.847  68.173  12.853 0.0000000000
129834  21.090  68.195  12.614 0.0000000000
129836  18.612  67.997  13.530 0.0000000000
129837  17.861  68.373  13.251 0.0000000000
129843  24.739  68.357  12.483 0.0000000000
129844  24.009  68.229  11.960 0.0000000000
129845  22.817  67.794  11.701 0.0000000000
129858  23.800  67.889  10.779 0.0000000000
130089  24.200  68.465  14.436 0.0000000000
130090  23.676  68.601  14.492 0.0000000000
130091  23.446  68.615  14.378 0.0000000000
130096  24.549  68.818  14.038 0.0000000000
130097  23.865  68.962  14.179 0.0000000000
130098  23.569  68.824  14.320 0.0000000000
130099  21.166  68.523  13.441 0.0000000000
130100  20.556  68.976  13.877 0.0000000000
130101  19.920  69.131  14.195 0.0000000000
130102  19.137  69.330  14.100 0.0000000000
130103  18.371  69.418  13.831 0.0000000000
130108  24.458  68.817  13.731 0.0000000000
130109  24.258  68.964  13.879 0.0000000000
130110  21.208  68.540  13.078 0.0000000000
130111  20.670  69.013  13.117 0.0000000000
130114  17.751  69.514  13.507 0.0000000000
130332  20.194  69.471  14.037 0.0000000000
130333  19.662  69.888  13.868 0.0000000000
130334  18.760  70.161  14.025 0.0000000000
130335  17.982  70.163  13.775 0.0000000000
130338  20.314  69.549  13.729 0.0000000000
130339  19.983  69.861  13.183 0.0000000000
130340  19.498  69.986  12.594 0.0000000000
130537  19.495  70.321  13.307 0.0000000000
130538  18.896  70.621  13.426 0.0000000000
130539  18.357  70.766  13.485 0.0000000000
130544  19.578  70.279  13.022 0.0000000000
130545  19.095  70.659  12.828 0.0000000000
130546  17.786  71.006  13.290 0.0000000000
130552  18.557  70.916  12.178 0.0000000000
130686  18.721  70.906  13.263 0.0000000000
130687  18.486  70.998  13.267 0.0000000000
130692  18.630  71.034  13.083 0.0000000000
130693  18.212  71.505  13.052 0.0000000000
130699  18.501  71.206  12.717 0.0000000000
