#!ascii label  , from subject FREESURFER vox2ras=TkReg 
420
116622  36.544  40.565  32.163 0.0000000000
116634  36.463  40.727  31.500 0.0000000000
116635  35.833  40.132  31.013 0.0000000000
116649  36.401  40.902  30.629 0.0000000000
116650  35.824  40.520  29.936 0.0000000000
116663  35.557  40.606  28.969 0.0000000000
116680  35.397  40.966  28.271 0.0000000000
117227  38.306  41.840  33.370 0.0000000000
117239  37.501  41.595  32.738 0.0000000000
117240  36.915  40.969  32.444 0.0000000000
117255  37.343  42.114  32.025 0.0000000000
117256  36.888  41.293  32.059 0.0000000000
117267  37.298  42.482  31.564 0.0000000000
117268  36.954  41.842  31.094 0.0000000000
117279  36.453  41.715  29.704 0.0000000000
117280  35.977  41.109  29.274 0.0000000000
117291  37.789  42.075  27.673 0.0000000000
117292  36.233  42.292  29.025 0.0000000000
117293  35.834  41.735  28.669 0.0000000000
117306  37.526  41.781  27.212 0.0000000000
117307  35.294  41.712  27.792 0.0000000000
117323  37.113  41.817  26.491 0.0000000000
117324  36.917  41.758  26.112 0.0000000000
117365  35.610  41.698  23.035 0.0000000000
117814  39.575  42.835  33.853 0.0000000000
117815  39.193  42.772  33.816 0.0000000000
117816  38.671  42.497  33.626 0.0000000000
117826  39.770  42.788  33.511 0.0000000000
117827  38.704  43.031  33.583 0.0000000000
117828  38.188  42.684  33.234 0.0000000000
117839  39.698  42.724  32.579 0.0000000000
117840  37.763  42.617  32.586 0.0000000000
117848  39.466  42.596  31.277 0.0000000000
117849  39.167  42.522  30.208 0.0000000000
117850  37.602  42.993  31.955 0.0000000000
117851  37.290  43.009  31.150 0.0000000000
117858  38.800  42.526  29.535 0.0000000000
117859  36.832  42.858  30.254 0.0000000000
117865  38.418  42.579  28.623 0.0000000000
117866  38.064  42.339  27.908 0.0000000000
117867  36.418  42.882  29.347 0.0000000000
117868  35.960  42.838  28.685 0.0000000000
117875  38.220  42.907  27.883 0.0000000000
117876  37.803  42.606  27.374 0.0000000000
117877  35.495  42.680  28.042 0.0000000000
117878  35.090  42.591  27.302 0.0000000000
117887  37.342  42.566  26.650 0.0000000000
117888  36.885  42.201  26.082 0.0000000000
117903  37.056  42.896  25.952 0.0000000000
117904  36.678  42.494  25.361 0.0000000000
117920  36.370  42.468  24.579 0.0000000000
117921  36.035  42.246  24.060 0.0000000000
117937  36.189  42.825  23.984 0.0000000000
117938  35.757  42.517  23.456 0.0000000000
117948  35.462  42.483  22.584 0.0000000000
117958  35.243  42.558  21.561 0.0000000000
118424  39.434  43.136  33.605 0.0000000000
118425  39.274  43.041  33.810 0.0000000000
118437  39.509  43.656  32.962 0.0000000000
118438  39.030  43.708  33.363 0.0000000000
118439  38.505  43.309  33.330 0.0000000000
118452  39.621  43.626  31.902 0.0000000000
118453  38.625  44.276  33.027 0.0000000000
118454  38.221  43.700  32.707 0.0000000000
118463  39.405  43.511  30.484 0.0000000000
118464  39.093  42.982  29.877 0.0000000000
118465  37.616  44.029  31.578 0.0000000000
118466  37.146  43.865  30.608 0.0000000000
118473  39.385  43.939  29.836 0.0000000000
118474  38.951  43.477  29.371 0.0000000000
118475  36.692  43.784  29.733 0.0000000000
118480  38.630  43.531  28.275 0.0000000000
118481  36.228  43.702  28.916 0.0000000000
118482  35.669  43.585  28.265 0.0000000000
118486  38.244  43.546  27.241 0.0000000000
118487  37.745  43.067  26.902 0.0000000000
118488  35.301  43.435  27.561 0.0000000000
118489  34.814  43.364  26.962 0.0000000000
118496  38.232  43.936  26.634 0.0000000000
118497  37.708  43.519  26.302 0.0000000000
118508  37.141  43.494  25.174 0.0000000000
118509  36.643  42.950  24.889 0.0000000000
118521  36.985  43.945  24.222 0.0000000000
118522  36.575  43.238  24.384 0.0000000000
118537  36.887  44.151  23.750 0.0000000000
118538  36.322  43.637  23.408 0.0000000000
118539  35.664  43.069  22.983 0.0000000000
118546  36.147  44.042  22.724 0.0000000000
118547  35.647  43.528  22.297 0.0000000000
118553  35.212  43.595  21.122 0.0000000000
118561  35.091  43.735  20.280 0.0000000000
119051  40.022  45.544  32.869 0.0000000000
119052  39.623  44.972  32.947 0.0000000000
119053  38.875  44.881  32.963 0.0000000000
119054  38.490  45.148  32.678 0.0000000000
119068  40.145  45.360  32.577 0.0000000000
119069  39.928  44.597  32.352 0.0000000000
119070  38.432  44.618  32.770 0.0000000000
119071  38.030  44.856  32.165 0.0000000000
119080  40.269  45.193  31.780 0.0000000000
119081  39.839  44.493  31.254 0.0000000000
119082  37.641  44.843  31.479 0.0000000000
119083  37.362  44.725  30.924 0.0000000000
119090  40.300  45.114  30.697 0.0000000000
119091  39.839  44.484  30.061 0.0000000000
119092  39.467  44.220  29.404 0.0000000000
119093  36.993  44.638  30.154 0.0000000000
119097  40.417  45.069  29.710 0.0000000000
119098  40.067  44.721  29.010 0.0000000000
119099  39.260  44.246  28.694 0.0000000000
119100  36.510  44.587  29.285 0.0000000000
119101  35.988  44.379  28.472 0.0000000000
119104  39.779  44.782  28.178 0.0000000000
119105  38.974  44.324  27.774 0.0000000000
119106  35.509  44.244  27.768 0.0000000000
119107  35.114  43.957  27.180 0.0000000000
119111  39.555  44.924  27.317 0.0000000000
119112  38.751  44.442  26.790 0.0000000000
119113  38.280  44.197  26.217 0.0000000000
119114  35.309  44.488  27.058 0.0000000000
119115  34.683  44.177  26.542 0.0000000000
119120  39.354  45.128  26.480 0.0000000000
119121  38.783  44.803  25.844 0.0000000000
119122  37.995  44.226  25.554 0.0000000000
119129  38.425  44.761  25.147 0.0000000000
119130  37.783  44.443  24.660 0.0000000000
119142  37.409  44.536  23.891 0.0000000000
119143  36.923  44.379  23.443 0.0000000000
119148  37.349  44.843  23.342 0.0000000000
119149  36.717  44.631  22.797 0.0000000000
119150  36.043  44.337  22.330 0.0000000000
119156  36.288  44.881  22.106 0.0000000000
119157  35.667  44.524  21.575 0.0000000000
119162  35.083  44.520  20.566 0.0000000000
119163  34.815  44.726  19.913 0.0000000000
119171  34.929  44.201  19.917 0.0000000000
119172  34.890  44.470  19.333 0.0000000000
119670  40.145  45.747  32.693 0.0000000000
119671  39.839  45.808  32.849 0.0000000000
119672  39.193  45.689  32.853 0.0000000000
119673  38.750  45.414  32.789 0.0000000000
119687  40.222  45.764  32.181 0.0000000000
119688  40.113  45.977  32.566 0.0000000000
119689  39.013  46.006  32.558 0.0000000000
119690  38.542  45.691  32.298 0.0000000000
119697  40.328  45.681  31.218 0.0000000000
119698  37.630  45.579  31.186 0.0000000000
119699  37.250  45.147  30.540 0.0000000000
119704  40.494  45.661  30.069 0.0000000000
119705  37.515  46.036  30.422 0.0000000000
119706  37.095  45.498  29.875 0.0000000000
119710  40.484  45.536  28.728 0.0000000000
119711  40.278  45.032  28.415 0.0000000000
119712  36.416  45.268  28.478 0.0000000000
119713  35.890  44.711  28.071 0.0000000000
119716  40.552  45.930  27.464 0.0000000000
119717  40.195  45.287  27.829 0.0000000000
119718  36.340  45.712  27.269 0.0000000000
119719  35.778  44.942  27.515 0.0000000000
119723  40.481  46.183  26.420 0.0000000000
119724  39.968  45.601  26.875 0.0000000000
119725  36.115  45.835  26.560 0.0000000000
119726  35.399  45.270  26.278 0.0000000000
119727  34.647  44.656  26.023 0.0000000000
119731  40.479  46.297  25.818 0.0000000000
119732  39.687  45.782  25.571 0.0000000000
119733  38.870  45.160  25.265 0.0000000000
119734  34.959  45.798  25.063 0.0000000000
119741  39.534  45.978  24.269 0.0000000000
119742  38.639  45.226  24.518 0.0000000000
119743  37.945  44.840  24.186 0.0000000000
119754  39.465  46.174  23.706 0.0000000000
119755  38.805  45.805  23.471 0.0000000000
119756  37.966  45.139  23.714 0.0000000000
119759  38.406  46.018  22.899 0.0000000000
119760  37.723  45.520  22.884 0.0000000000
119761  36.883  45.476  22.193 0.0000000000
119766  36.202  45.440  21.592 0.0000000000
119767  35.557  45.369  20.912 0.0000000000
119771  35.030  45.455  19.974 0.0000000000
119772  34.742  44.992  19.590 0.0000000000
119777  35.034  45.818  19.394 0.0000000000
119778  34.782  45.301  19.036 0.0000000000
119787  34.858  45.244  18.170 0.0000000000
119802  35.052  45.342  17.758 0.0000000000
120273  39.569  46.026  32.796 0.0000000000
120274  39.346  46.045  32.596 0.0000000000
120285  40.118  46.028  32.272 0.0000000000
120286  39.780  46.131  32.361 0.0000000000
120287  39.074  46.225  32.048 0.0000000000
120288  38.362  46.170  31.532 0.0000000000
120295  40.150  46.079  31.735 0.0000000000
120296  39.679  46.319  31.376 0.0000000000
120297  38.899  46.483  31.006 0.0000000000
120298  38.016  46.378  30.709 0.0000000000
120302  40.258  46.178  30.672 0.0000000000
120303  39.668  46.491  30.104 0.0000000000
120304  38.736  46.563  29.860 0.0000000000
120305  37.694  46.362  29.702 0.0000000000
120306  37.077  46.032  29.016 0.0000000000
120311  40.322  46.299  29.304 0.0000000000
120312  39.969  46.549  29.434 0.0000000000
120313  38.365  46.866  28.963 0.0000000000
120314  37.637  46.554  28.664 0.0000000000
120315  36.995  46.134  28.105 0.0000000000
120320  40.572  46.410  28.035 0.0000000000
120321  38.213  46.972  28.251 0.0000000000
120322  37.721  46.764  27.698 0.0000000000
120323  36.987  46.381  27.313 0.0000000000
120328  41.217  47.157  26.621 0.0000000000
120329  40.932  46.733  26.867 0.0000000000
120330  37.402  46.853  26.810 0.0000000000
120331  36.631  46.354  26.581 0.0000000000
120332  36.078  46.096  26.110 0.0000000000
120338  41.386  47.162  26.153 0.0000000000
120339  41.079  46.624  25.850 0.0000000000
120340  40.597  46.441  25.377 0.0000000000
120341  37.063  46.913  26.187 0.0000000000
120342  36.521  46.679  25.796 0.0000000000
120343  35.717  46.395  25.390 0.0000000000
120350  41.577  47.250  25.397 0.0000000000
120351  41.298  46.864  24.894 0.0000000000
120352  40.366  46.448  24.696 0.0000000000
120363  40.927  46.863  24.225 0.0000000000
120364  40.113  46.595  23.753 0.0000000000
120365  39.403  46.367  23.363 0.0000000000
120369  39.710  46.757  23.100 0.0000000000
120370  38.960  46.533  22.780 0.0000000000
120371  38.136  46.263  22.501 0.0000000000
120372  37.494  46.045  22.207 0.0000000000
120375  38.438  46.831  22.283 0.0000000000
120376  37.807  46.701  21.950 0.0000000000
120377  36.897  46.327  21.526 0.0000000000
120378  36.073  46.027  21.110 0.0000000000
120381  36.348  46.624  20.773 0.0000000000
120382  35.657  46.175  20.458 0.0000000000
120385  36.014  46.812  20.147 0.0000000000
120386  35.420  46.450  19.517 0.0000000000
120387  34.994  46.041  19.000 0.0000000000
120389  35.260  46.539  18.581 0.0000000000
120390  34.959  45.878  18.383 0.0000000000
120398  35.258  46.351  17.706 0.0000000000
120399  35.011  45.678  17.838 0.0000000000
120410  35.555  46.412  16.785 0.0000000000
120423  35.756  46.555  15.879 0.0000000000
120430  35.541  46.625  14.907 0.0000000000
120431  35.014  46.818  14.249 0.0000000000
120828  39.774  46.622  29.469 0.0000000000
120829  39.459  46.699  29.458 0.0000000000
120834  40.327  46.665  28.376 0.0000000000
120835  39.895  46.776  28.789 0.0000000000
120836  39.171  47.039  28.917 0.0000000000
120842  40.979  47.877  27.005 0.0000000000
120843  40.595  47.401  27.487 0.0000000000
120844  39.697  47.631  28.025 0.0000000000
120845  38.900  47.530  28.080 0.0000000000
120846  38.364  47.310  27.722 0.0000000000
120853  41.252  47.699  26.578 0.0000000000
120854  41.080  47.208  26.900 0.0000000000
120855  38.702  47.794  27.489 0.0000000000
120856  38.197  47.499  26.985 0.0000000000
120864  41.844  47.800  25.622 0.0000000000
120865  37.565  47.485  26.256 0.0000000000
120866  36.954  47.424  25.743 0.0000000000
120867  36.263  47.317  25.244 0.0000000000
120875  42.580  48.084  24.196 0.0000000000
120876  42.242  47.775  24.556 0.0000000000
120877  41.569  47.280  24.192 0.0000000000
120878  35.516  47.254  24.861 0.0000000000
120886  42.565  48.045  23.945 0.0000000000
120887  42.020  47.793  23.684 0.0000000000
120888  41.056  47.311  23.590 0.0000000000
120889  40.282  47.126  23.166 0.0000000000
120892  41.558  47.860  23.136 0.0000000000
120893  40.790  47.683  22.829 0.0000000000
120894  39.724  47.356  22.551 0.0000000000
120895  38.932  47.183  22.311 0.0000000000
120898  39.199  47.680  22.027 0.0000000000
120899  38.440  47.469  21.782 0.0000000000
120900  37.489  47.294  21.324 0.0000000000
120901  36.844  47.065  21.009 0.0000000000
120904  37.120  47.532  20.790 0.0000000000
120905  36.615  47.331  20.355 0.0000000000
120908  36.158  47.350  19.524 0.0000000000
120909  35.646  47.117  18.847 0.0000000000
120912  36.170  47.733  18.531 0.0000000000
120913  35.575  47.221  18.005 0.0000000000
120917  36.327  47.882  17.262 0.0000000000
120918  35.666  47.048  17.201 0.0000000000
120923  36.451  47.889  16.051 0.0000000000
120924  35.892  47.219  16.399 0.0000000000
120937  36.105  48.097  15.592 0.0000000000
120938  35.748  47.505  15.442 0.0000000000
120951  35.124  47.446  14.685 0.0000000000
120952  34.548  47.402  14.068 0.0000000000
121354  40.964  48.581  26.921 0.0000000000
121355  40.236  48.738  27.563 0.0000000000
121356  39.443  48.686  27.471 0.0000000000
121357  39.025  48.116  27.553 0.0000000000
121365  41.683  48.643  25.995 0.0000000000
121366  39.153  49.110  27.123 0.0000000000
121367  38.807  48.488  27.015 0.0000000000
121368  38.069  48.266  26.318 0.0000000000
121376  42.744  48.725  24.493 0.0000000000
121377  42.409  48.534  25.066 0.0000000000
121378  37.373  48.113  25.829 0.0000000000
121379  36.696  48.130  25.491 0.0000000000
121387  42.785  48.444  24.072 0.0000000000
121388  42.605  48.362  24.517 0.0000000000
121395  42.582  48.490  23.237 0.0000000000
121396  42.000  48.179  23.162 0.0000000000
121407  42.527  48.841  22.638 0.0000000000
121408  41.665  48.582  22.459 0.0000000000
121409  40.302  48.106  22.150 0.0000000000
121410  39.639  47.889  22.024 0.0000000000
121424  41.365  49.070  21.682 0.0000000000
121425  40.634  48.727  21.641 0.0000000000
121426  39.338  48.449  21.353 0.0000000000
121427  38.016  48.051  21.047 0.0000000000
121428  37.468  47.754  20.873 0.0000000000
121440  39.096  48.995  20.591 0.0000000000
121441  38.363  48.858  20.273 0.0000000000
121442  37.285  48.079  20.253 0.0000000000
121443  36.678  47.733  19.873 0.0000000000
121454  38.203  49.148  19.570 0.0000000000
121455  37.629  48.832  19.206 0.0000000000
121456  36.759  48.070  19.291 0.0000000000
121459  37.559  49.033  18.021 0.0000000000
121460  36.855  48.442  18.277 0.0000000000
121464  37.624  49.044  17.113 0.0000000000
121465  37.049  48.650  17.409 0.0000000000
121469  37.486  49.182  16.711 0.0000000000
121470  36.973  48.701  16.575 0.0000000000
121474  36.378  48.610  15.849 0.0000000000
121475  35.497  48.501  15.421 0.0000000000
121476  34.876  48.869  15.272 0.0000000000
121480  35.217  47.939  15.047 0.0000000000
121481  34.546  48.402  14.684 0.0000000000
121482  34.069  48.992  14.317 0.0000000000
121906  43.187  49.177  23.442 0.0000000000
121925  43.101  49.311  22.512 0.0000000000
121926  42.429  49.100  22.303 0.0000000000
121943  43.426  49.938  21.799 0.0000000000
121944  42.205  49.665  21.473 0.0000000000
121945  40.876  49.329  21.109 0.0000000000
121946  40.154  48.972  21.143 0.0000000000
121958  41.950  50.279  20.619 0.0000000000
121959  41.081  50.149  20.220 0.0000000000
121960  39.760  49.394  20.435 0.0000000000
121961  38.972  49.231  20.228 0.0000000000
121976  40.756  50.519  19.385 0.0000000000
121977  39.928  50.240  19.104 0.0000000000
121978  38.798  49.444  19.474 0.0000000000
121979  38.184  49.228  19.221 0.0000000000
121983  39.523  50.380  17.866 0.0000000000
121984  38.943  49.811  18.278 0.0000000000
121985  38.199  49.348  18.624 0.0000000000
121988  39.396  50.420  17.316 0.0000000000
121989  38.963  49.985  17.212 0.0000000000
121990  38.217  49.493  17.628 0.0000000000
121993  38.604  50.042  16.773 0.0000000000
121994  38.047  49.601  16.761 0.0000000000
121995  37.327  49.333  16.502 0.0000000000
121996  36.041  49.760  15.964 0.0000000000
121997  35.696  49.794  15.993 0.0000000000
122000  36.771  49.264  16.175 0.0000000000
122001  36.055  49.354  15.820 0.0000000000
122002  35.059  49.487  15.692 0.0000000000
122003  34.455  49.785  15.355 0.0000000000
122006  34.573  49.199  15.180 0.0000000000
122007  34.152  49.522  14.784 0.0000000000
122494  43.163  50.290  21.237 0.0000000000
122508  42.600  50.593  20.614 0.0000000000
122509  41.861  50.642  20.120 0.0000000000
122528  41.355  50.857  19.382 0.0000000000
122529  40.669  50.726  18.877 0.0000000000
122534  40.973  51.265  18.516 0.0000000000
122535  40.284  50.717  18.168 0.0000000000
122537  40.441  51.198  17.803 0.0000000000
122538  39.829  50.778  17.315 0.0000000000
122539  39.311  50.468  17.067 0.0000000000
122541  39.353  50.734  16.926 0.0000000000
122542  38.938  50.445  16.836 0.0000000000
122543  38.286  50.269  16.652 0.0000000000
122544  37.271  49.992  16.385 0.0000000000
122545  36.178  50.143  16.242 0.0000000000
122546  35.182  50.316  16.243 0.0000000000
122548  36.501  49.677  16.130 0.0000000000
122549  36.264  49.711  16.030 0.0000000000
122550  34.530  50.369  15.789 0.0000000000
122551  34.160  50.384  15.248 0.0000000000
123057  40.143  51.498  17.424 0.0000000000
123058  39.414  51.217  16.996 0.0000000000
123059  38.570  51.368  17.107 0.0000000000
123060  37.544  51.519  17.284 0.0000000000
123061  36.278  51.896  17.394 0.0000000000
123062  35.102  51.998  17.052 0.0000000000
123063  34.584  52.215  16.742 0.0000000000
123065  39.144  50.801  16.794 0.0000000000
123066  38.747  50.818  16.766 0.0000000000
123067  37.902  50.804  16.756 0.0000000000
123068  36.807  50.853  16.828 0.0000000000
123069  35.619  51.052  16.766 0.0000000000
123070  34.433  51.467  16.267 0.0000000000
123071  34.030  51.877  15.745 0.0000000000
123074  34.217  50.883  15.670 0.0000000000
123075  33.999  51.351  15.239 0.0000000000
123596  35.403  52.794  17.613 0.0000000000
123597  34.623  52.761  17.125 0.0000000000
123600  34.235  52.584  16.556 0.0000000000
123601  33.936  52.400  16.014 0.0000000000
123604  34.010  52.301  15.386 0.0000000000
124106  34.779  53.652  17.489 0.0000000000
124109  34.190  53.440  16.856 0.0000000000
124110  33.913  53.193  16.248 0.0000000000
124114  33.929  53.058  15.622 0.0000000000
124623  34.287  54.531  17.043 0.0000000000
124624  34.024  53.907  16.390 0.0000000000
124627  34.175  54.601  15.909 0.0000000000
124628  33.930  53.721  15.883 0.0000000000
