#!ascii label  , from subject FREESURFER vox2ras=TkReg 
314
103659  39.031  19.529  36.286 0.0000000000
103660  38.196  19.768  35.940 0.0000000000
103666  40.770  19.233  36.071 0.0000000000
103667  39.791  19.543  35.780 0.0000000000
103668  38.860  19.696  35.504 0.0000000000
103669  38.229  19.867  35.388 0.0000000000
103678  39.392  19.753  35.226 0.0000000000
103679  38.944  19.837  34.992 0.0000000000
104247  41.386  20.609  39.397 0.0000000000
104257  41.957  20.336  38.473 0.0000000000
104258  41.547  20.446  39.064 0.0000000000
104269  42.227  20.216  37.380 0.0000000000
104281  42.125  19.833  36.540 0.0000000000
104282  37.617  20.088  35.531 0.0000000000
104293  41.292  19.899  35.763 0.0000000000
104294  40.475  19.681  35.555 0.0000000000
104295  39.940  19.763  35.210 0.0000000000
104296  38.506  19.895  35.087 0.0000000000
104297  37.949  20.068  34.955 0.0000000000
104298  37.161  20.449  34.904 0.0000000000
104299  36.160  20.958  34.862 0.0000000000
104309  41.269  20.598  35.325 0.0000000000
104310  40.578  20.240  35.034 0.0000000000
104311  39.486  20.092  34.666 0.0000000000
104312  38.542  20.145  34.585 0.0000000000
104313  37.676  20.379  34.311 0.0000000000
104314  36.715  20.773  34.012 0.0000000000
104315  36.122  21.094  34.186 0.0000000000
104328  38.983  20.392  34.135 0.0000000000
104329  38.297  20.511  33.839 0.0000000000
104330  37.430  20.691  33.595 0.0000000000
104331  36.884  20.895  33.445 0.0000000000
104878  40.098  21.334  39.930 0.0000000000
104881  41.543  20.729  38.285 0.0000000000
104882  40.956  20.890  38.744 0.0000000000
104883  39.768  21.523  38.916 0.0000000000
104886  41.525  20.931  37.713 0.0000000000
104887  40.713  21.484  37.701 0.0000000000
104888  40.223  21.561  38.201 0.0000000000
104893  41.962  21.923  35.879 0.0000000000
104894  41.731  21.306  36.573 0.0000000000
104895  41.120  21.677  37.066 0.0000000000
104903  42.072  21.870  35.376 0.0000000000
104904  41.835  20.928  35.720 0.0000000000
104917  42.076  21.894  34.961 0.0000000000
104918  41.378  21.345  34.650 0.0000000000
104919  40.143  20.637  34.143 0.0000000000
104920  39.442  20.475  34.102 0.0000000000
104921  36.034  21.195  33.742 0.0000000000
104922  35.442  21.365  34.110 0.0000000000
104937  41.217  21.746  33.848 0.0000000000
104938  40.535  21.506  33.411 0.0000000000
104939  39.209  20.940  33.445 0.0000000000
104940  37.998  20.963  33.021 0.0000000000
104941  37.069  21.070  32.966 0.0000000000
104942  36.308  21.196  33.163 0.0000000000
105490  39.157  22.892  40.370 0.0000000000
105498  39.338  22.059  39.823 0.0000000000
105499  38.760  22.795  39.595 0.0000000000
105504  39.096  22.128  38.985 0.0000000000
105505  38.531  22.661  38.622 0.0000000000
105507  40.165  21.846  37.712 0.0000000000
105508  39.442  22.106  38.000 0.0000000000
105509  38.606  22.742  37.703 0.0000000000
105511  41.836  22.698  35.984 0.0000000000
105512  41.194  22.459  36.417 0.0000000000
105513  40.259  22.307  37.073 0.0000000000
105514  39.190  22.709  37.162 0.0000000000
105515  38.634  22.944  37.194 0.0000000000
105518  42.224  22.782  35.653 0.0000000000
105528  42.406  22.556  35.146 0.0000000000
105529  42.047  22.080  34.634 0.0000000000
105538  42.439  22.633  34.424 0.0000000000
105539  41.753  22.175  33.959 0.0000000000
106094  38.741  23.686  40.316 0.0000000000
106105  38.077  23.690  39.320 0.0000000000
106106  37.615  24.230  39.102 0.0000000000
106115  37.946  23.245  38.172 0.0000000000
106116  37.468  23.910  38.559 0.0000000000
106121  38.126  23.221  37.302 0.0000000000
106122  37.377  23.775  37.552 0.0000000000
106123  37.080  24.089  37.132 0.0000000000
106126  42.537  23.874  35.928 0.0000000000
106127  41.713  23.738  35.972 0.0000000000
106128  40.610  23.178  36.208 0.0000000000
106129  39.616  23.150  36.543 0.0000000000
106130  38.638  23.211  36.688 0.0000000000
106131  37.738  23.668  36.637 0.0000000000
106132  37.276  23.917  36.948 0.0000000000
106135  42.844  23.530  35.620 0.0000000000
106136  41.598  24.261  35.882 0.0000000000
106137  40.964  23.933  35.830 0.0000000000
106138  39.980  23.746  35.983 0.0000000000
106139  38.976  23.601  36.094 0.0000000000
106140  38.323  23.609  36.286 0.0000000000
106153  43.013  23.232  34.999 0.0000000000
106792  39.077  24.587  40.976 0.0000000000
106799  38.436  24.675  40.279 0.0000000000
106800  37.824  24.753  39.550 0.0000000000
106809  37.260  24.699  38.887 0.0000000000
106810  36.891  24.849  38.278 0.0000000000
106818  37.082  24.274  38.177 0.0000000000
106819  36.845  24.503  37.527 0.0000000000
106827  42.565  24.516  36.106 0.0000000000
106828  37.534  23.961  36.274 0.0000000000
106829  36.971  24.244  36.488 0.0000000000
106835  42.129  24.773  36.042 0.0000000000
106836  41.320  24.516  35.640 0.0000000000
106837  40.397  24.280  35.469 0.0000000000
106838  39.329  24.047  35.427 0.0000000000
106839  37.970  23.992  35.711 0.0000000000
106840  36.801  24.487  35.251 0.0000000000
106853  41.670  25.112  35.488 0.0000000000
106854  40.855  24.866  35.082 0.0000000000
106855  39.883  24.625  34.765 0.0000000000
106856  38.745  24.386  34.574 0.0000000000
106857  37.577  24.434  34.415 0.0000000000
106858  36.687  24.778  34.253 0.0000000000
106873  41.367  25.301  34.763 0.0000000000
106874  40.595  25.089  34.096 0.0000000000
106875  39.488  24.793  33.760 0.0000000000
106876  38.315  24.686  33.388 0.0000000000
106877  37.184  24.844  33.420 0.0000000000
106878  36.565  25.108  33.658 0.0000000000
106883  40.131  25.088  33.175 0.0000000000
106884  39.312  25.009  32.567 0.0000000000
106885  38.328  24.996  32.373 0.0000000000
106886  37.700  24.931  32.749 0.0000000000
106891  39.273  25.184  31.898 0.0000000000
106892  38.856  25.110  31.905 0.0000000000
107431  39.059  25.702  41.025 0.0000000000
107438  38.272  25.666  40.084 0.0000000000
107439  37.631  25.611  39.336 0.0000000000
107447  37.059  25.529  38.689 0.0000000000
107448  36.665  25.412  37.962 0.0000000000
107457  36.371  25.252  37.061 0.0000000000
107467  36.150  25.295  35.868 0.0000000000
107468  35.843  25.809  35.558 0.0000000000
107477  42.177  25.331  35.830 0.0000000000
107478  36.197  25.148  34.806 0.0000000000
107479  35.780  25.668  35.085 0.0000000000
107489  36.246  25.225  34.074 0.0000000000
107490  35.884  25.606  34.304 0.0000000000
107504  41.632  25.604  33.841 0.0000000000
107505  40.847  25.329  33.188 0.0000000000
107506  36.732  25.223  33.229 0.0000000000
107507  36.247  25.680  33.407 0.0000000000
107508  35.738  25.944  33.956 0.0000000000
107522  41.470  25.579  32.560 0.0000000000
107523  40.416  25.315  32.294 0.0000000000
107524  39.698  25.256  31.860 0.0000000000
107525  37.780  25.135  32.256 0.0000000000
107526  37.078  25.327  32.476 0.0000000000
107527  36.447  26.026  32.328 0.0000000000
107533  42.275  25.750  31.714 0.0000000000
107534  41.230  25.498  31.479 0.0000000000
107535  40.254  25.355  31.291 0.0000000000
107536  39.287  25.251  31.300 0.0000000000
107537  38.131  25.362  31.524 0.0000000000
107538  37.059  26.010  31.366 0.0000000000
107539  36.619  26.379  31.867 0.0000000000
107545  41.981  25.625  30.630 0.0000000000
107546  40.951  25.526  30.511 0.0000000000
107547  39.950  25.514  30.468 0.0000000000
107548  38.949  25.578  30.473 0.0000000000
107549  38.064  26.075  30.491 0.0000000000
107550  37.513  26.381  30.831 0.0000000000
107555  42.671  25.825  29.797 0.0000000000
107556  41.634  25.757  29.714 0.0000000000
107557  40.628  25.783  29.717 0.0000000000
107558  39.688  25.869  29.755 0.0000000000
107559  38.875  26.090  29.857 0.0000000000
107560  38.501  26.350  29.999 0.0000000000
108033  39.459  26.818  41.161 0.0000000000
108040  38.799  26.653  40.415 0.0000000000
108041  38.191  26.513  39.608 0.0000000000
108047  37.564  26.412  38.874 0.0000000000
108048  36.899  26.125  38.353 0.0000000000
108055  37.270  26.752  38.176 0.0000000000
108056  36.654  26.332  37.565 0.0000000000
108064  36.193  26.175  36.586 0.0000000000
108065  35.844  25.992  35.917 0.0000000000
108074  36.068  26.504  35.922 0.0000000000
108075  35.747  26.277  35.356 0.0000000000
108082  35.695  26.196  34.560 0.0000000000
108091  36.258  26.400  33.045 0.0000000000
108092  35.903  26.455  33.799 0.0000000000
108106  36.497  26.760  32.379 0.0000000000
108118  37.300  26.766  31.078 0.0000000000
108119  36.852  26.770  31.652 0.0000000000
108124  38.301  26.712  30.088 0.0000000000
108125  37.821  26.742  30.585 0.0000000000
108133  42.258  26.228  29.021 0.0000000000
108134  41.241  26.211  29.063 0.0000000000
108135  40.346  26.281  29.201 0.0000000000
108136  39.577  26.544  29.403 0.0000000000
108137  38.847  26.655  29.724 0.0000000000
108145  41.752  26.846  28.531 0.0000000000
108146  40.853  26.811  28.773 0.0000000000
108147  40.194  26.800  28.988 0.0000000000
108610  39.956  27.852  40.777 0.0000000000
108611  39.279  27.287  40.546 0.0000000000
108620  39.664  28.218  40.021 0.0000000000
108621  38.915  27.620  39.613 0.0000000000
108622  38.179  26.939  39.158 0.0000000000
108629  38.508  27.980  38.301 0.0000000000
108630  37.954  27.235  38.603 0.0000000000
108637  38.327  28.164  37.664 0.0000000000
108638  37.453  27.535  37.378 0.0000000000
108639  36.686  26.762  36.990 0.0000000000
108647  37.126  27.706  36.003 0.0000000000
108648  36.556  26.990  36.389 0.0000000000
108656  37.022  27.766  34.951 0.0000000000
108657  36.176  27.094  35.336 0.0000000000
108658  35.761  26.621  34.945 0.0000000000
108660  37.069  27.742  34.029 0.0000000000
108661  36.366  27.288  34.363 0.0000000000
108662  35.884  26.805  34.495 0.0000000000
108665  38.008  28.101  33.144 0.0000000000
108666  37.268  27.670  33.250 0.0000000000
108667  36.431  27.117  33.408 0.0000000000
108668  36.033  26.965  33.995 0.0000000000
108675  38.243  27.951  32.343 0.0000000000
108676  37.497  27.549  32.545 0.0000000000
108677  36.880  27.272  32.708 0.0000000000
108687  39.079  28.057  31.029 0.0000000000
108688  38.372  27.710  31.455 0.0000000000
108689  37.524  27.338  31.698 0.0000000000
108690  36.953  27.191  32.131 0.0000000000
108697  39.148  27.669  30.154 0.0000000000
108698  38.420  27.347  30.542 0.0000000000
108699  37.828  27.206  31.014 0.0000000000
108705  40.003  27.525  29.368 0.0000000000
108706  39.349  27.229  29.517 0.0000000000
108707  38.723  27.162  29.885 0.0000000000
108715  41.251  27.530  28.648 0.0000000000
108716  40.472  27.431  28.936 0.0000000000
108717  39.867  27.098  29.122 0.0000000000
109150  40.112  28.762  40.021 0.0000000000
109151  39.603  28.459  39.526 0.0000000000
109159  39.904  28.990  39.103 0.0000000000
109160  39.301  28.512  38.789 0.0000000000
109168  39.677  29.115  38.400 0.0000000000
109169  39.005  28.768  37.768 0.0000000000
109170  38.303  28.349  37.215 0.0000000000
109178  38.719  28.919  36.813 0.0000000000
109179  37.987  28.310  36.459 0.0000000000
109189  38.534  28.924  35.912 0.0000000000
109190  37.805  28.319  35.462 0.0000000000
109193  38.280  28.926  34.996 0.0000000000
109194  37.754  28.250  34.518 0.0000000000
109197  38.289  28.737  33.934 0.0000000000
109198  37.750  28.077  33.776 0.0000000000
109203  38.494  28.716  32.951 0.0000000000
109673  40.289  29.353  39.327 0.0000000000
109680  40.561  29.861  39.061 0.0000000000
109681  40.225  29.603  38.539 0.0000000000
109689  39.777  29.596  37.772 0.0000000000
109690  39.288  29.391  37.156 0.0000000000
109698  39.669  29.956  37.034 0.0000000000
109699  39.173  29.685  36.380 0.0000000000
109709  38.716  29.691  35.549 0.0000000000
109711  38.292  29.718  34.647 0.0000000000
109713  38.031  29.661  33.479 0.0000000000
110208  40.518  30.470  39.354 0.0000000000
110216  40.538  30.537  38.259 0.0000000000
110217  40.224  29.999  38.005 0.0000000000
110224  40.426  31.101  37.260 0.0000000000
110225  40.112  30.331  37.460 0.0000000000
110236  40.227  31.434  36.817 0.0000000000
110237  39.710  30.841  36.452 0.0000000000
110238  39.150  30.220  35.924 0.0000000000
110250  39.292  31.284  35.853 0.0000000000
110251  38.776  30.696  35.429 0.0000000000
110254  37.917  30.670  34.272 0.0000000000
110255  37.484  31.180  34.022 0.0000000000
110257  37.687  30.364  33.572 0.0000000000
110258  37.099  30.892  33.420 0.0000000000
110820  40.453  31.401  38.759 0.0000000000
110830  40.606  31.706  37.818 0.0000000000
110843  40.475  31.871  37.042 0.0000000000
110844  40.053  31.850  36.583 0.0000000000
110852  39.562  31.792  36.093 0.0000000000
110853  38.954  31.699  35.557 0.0000000000
110854  38.280  31.974  35.151 0.0000000000
110855  37.582  32.098  34.985 0.0000000000
110856  35.655  32.088  35.228 0.0000000000
110857  35.276  32.013  35.227 0.0000000000
110860  38.318  31.340  34.981 0.0000000000
110861  37.685  31.553  34.530 0.0000000000
110862  36.893  31.866  34.625 0.0000000000
110863  35.894  31.850  34.838 0.0000000000
110870  37.136  31.460  34.039 0.0000000000
110871  36.395  31.466  33.950 0.0000000000
111435  40.333  32.677  37.363 0.0000000000
111436  40.015  33.173  37.083 0.0000000000
111447  40.240  32.315  36.810 0.0000000000
111448  39.667  32.673  36.500 0.0000000000
111449  38.569  32.864  36.307 0.0000000000
111450  37.553  32.925  36.249 0.0000000000
111451  36.547  33.007  36.182 0.0000000000
111452  35.955  33.078  36.162 0.0000000000
111457  39.307  32.170  35.938 0.0000000000
111458  38.858  32.364  35.758 0.0000000000
111459  37.990  32.432  35.610 0.0000000000
111460  36.903  32.360  35.410 0.0000000000
111461  35.730  32.510  35.598 0.0000000000
111467  36.512  32.047  34.992 0.0000000000
111468  36.274  32.164  35.199 0.0000000000
112124  39.583  33.274  37.177 0.0000000000
112125  38.961  33.302  37.015 0.0000000000
112126  38.108  33.480  36.901 0.0000000000
112134  35.540  33.254  36.177 0.0000000000
112135  34.844  33.240  36.007 0.0000000000
