#!ascii label  , from subject FREESURFER vox2ras=TkReg 
186
93421  50.378  5.512  -4.384 0.0000000000
93422  49.709  5.506  -4.882 0.0000000000
94234  51.288  6.464  -3.575 0.0000000000
94252  50.780  6.446  -4.185 0.0000000000
94253  50.119  6.470  -4.687 0.0000000000
94275  49.418  6.477  -5.204 0.0000000000
95073  51.784  7.456  -2.499 0.0000000000
95074  51.607  7.357  -3.326 0.0000000000
95096  51.146  7.340  -3.932 0.0000000000
95097  50.548  7.430  -4.456 0.0000000000
95114  49.853  7.502  -4.992 0.0000000000
95115  49.058  7.492  -5.527 0.0000000000
95117  45.403  7.794  -5.628 0.0000000000
95135  44.913  7.663  -6.348 0.0000000000
95136  44.492  7.624  -7.011 0.0000000000
95921  51.621  8.397  -1.958 0.0000000000
95942  51.741  8.402  -3.057 0.0000000000
95943  51.442  8.015  -3.684 0.0000000000
95969  51.399  8.617  -3.711 0.0000000000
95970  51.003  8.372  -4.146 0.0000000000
95971  50.337  8.485  -4.712 0.0000000000
95972  45.648  8.655  -4.554 0.0000000000
95973  45.246  8.687  -5.054 0.0000000000
95996  49.607  8.690  -5.300 0.0000000000
95997  48.667  8.543  -5.912 0.0000000000
95998  45.097  8.685  -5.526 0.0000000000
96017  44.981  8.565  -5.999 0.0000000000
96018  44.612  8.585  -6.633 0.0000000000
96033  44.246  8.572  -7.375 0.0000000000
96034  43.834  8.543  -8.092 0.0000000000
96044  43.460  8.526  -8.803 0.0000000000
96753  51.391  9.507  -2.361 0.0000000000
96754  51.008  10.499  -2.259 0.0000000000
96765  51.364  9.277  -3.489 0.0000000000
96766  51.135  10.271  -3.210 0.0000000000
96768  45.913  9.640  -3.810 0.0000000000
96769  45.283  10.154  -4.036 0.0000000000
96777  51.186  9.005  -3.967 0.0000000000
96778  50.750  9.723  -4.344 0.0000000000
96779  50.208  9.206  -4.938 0.0000000000
96780  45.609  9.144  -4.178 0.0000000000
96781  44.990  9.717  -4.550 0.0000000000
96782  44.554  10.359  -5.028 0.0000000000
96797  50.318  10.443  -4.816 0.0000000000
96798  49.977  9.940  -5.185 0.0000000000
96799  49.054  9.693  -5.645 0.0000000000
96800  44.846  9.267  -5.345 0.0000000000
96801  44.568  10.072  -5.416 0.0000000000
96814  48.239  9.601  -6.288 0.0000000000
96817  44.884  9.013  -5.713 0.0000000000
96818  44.646  9.515  -6.116 0.0000000000
96826  44.227  9.494  -6.932 0.0000000000
96827  43.902  9.537  -7.729 0.0000000000
96837  43.558  9.497  -8.512 0.0000000000
96845  43.193  9.492  -9.248 0.0000000000
97504  50.631  11.190  -2.770 0.0000000000
97506  46.416  10.461  -3.548 0.0000000000
97507  45.629  10.594  -3.902 0.0000000000
97517  50.793  11.067  -3.833 0.0000000000
97518  44.945  10.748  -4.239 0.0000000000
97519  44.574  10.837  -4.890 0.0000000000
97534  50.454  11.040  -4.565 0.0000000000
97535  50.041  11.044  -5.129 0.0000000000
97536  49.320  10.775  -5.413 0.0000000000
97537  44.323  10.843  -5.443 0.0000000000
97548  48.573  10.664  -5.845 0.0000000000
97549  47.753  10.704  -6.454 0.0000000000
97551  44.105  10.688  -6.176 0.0000000000
97552  43.694  11.207  -6.690 0.0000000000
97562  44.176  10.082  -6.588 0.0000000000
97563  43.765  10.593  -7.198 0.0000000000
97573  43.584  10.443  -8.226 0.0000000000
97580  43.260  10.414  -8.933 0.0000000000
97581  42.739  10.468  -9.621 0.0000000000
98236  49.988  11.846  -2.905 0.0000000000
98237  49.360  11.847  -2.834 0.0000000000
98238  48.780  11.797  -2.869 0.0000000000
98239  47.935  11.563  -3.188 0.0000000000
98240  46.915  11.226  -3.646 0.0000000000
98241  46.152  11.103  -3.918 0.0000000000
98248  50.406  11.889  -3.601 0.0000000000
98249  47.290  12.025  -3.885 0.0000000000
98250  46.457  11.885  -4.150 0.0000000000
98251  45.511  11.555  -4.321 0.0000000000
98252  44.754  11.630  -4.819 0.0000000000
98270  50.448  11.895  -4.259 0.0000000000
98271  50.145  11.940  -4.847 0.0000000000
98272  49.400  12.019  -5.315 0.0000000000
98273  48.938  12.896  -5.521 0.0000000000
98274  44.100  11.767  -5.442 0.0000000000
98275  43.718  12.284  -5.857 0.0000000000
98297  48.888  11.347  -5.561 0.0000000000
98298  48.324  11.976  -5.894 0.0000000000
98299  47.226  11.820  -6.635 0.0000000000
98300  44.016  11.277  -5.806 0.0000000000
98301  43.664  11.800  -6.266 0.0000000000
98317  43.513  11.763  -7.238 0.0000000000
98327  43.433  11.554  -8.253 0.0000000000
98328  43.199  12.027  -8.755 0.0000000000
98335  43.323  10.997  -8.659 0.0000000000
98336  42.979  11.545  -9.185 0.0000000000
99005  50.092  12.518  -3.701 0.0000000000
99006  49.687  12.595  -3.488 0.0000000000
99007  49.163  12.744  -3.369 0.0000000000
99008  48.596  12.398  -3.416 0.0000000000
99013  50.308  12.530  -4.049 0.0000000000
99014  48.767  13.150  -3.620 0.0000000000
99015  48.094  12.773  -3.935 0.0000000000
99016  47.074  12.840  -4.351 0.0000000000
99017  45.940  12.794  -4.585 0.0000000000
99018  45.115  12.329  -4.794 0.0000000000
99026  50.155  12.598  -4.503 0.0000000000
99027  49.895  12.829  -4.997 0.0000000000
99028  49.436  13.263  -5.250 0.0000000000
99029  49.082  13.784  -5.567 0.0000000000
99030  45.165  13.111  -4.965 0.0000000000
99031  44.441  12.711  -5.135 0.0000000000
99032  43.782  12.801  -5.600 0.0000000000
99053  48.412  13.394  -5.797 0.0000000000
99054  47.571  13.061  -6.317 0.0000000000
99055  43.532  12.805  -6.237 0.0000000000
99067  43.423  12.724  -7.039 0.0000000000
99075  43.358  12.725  -8.096 0.0000000000
99076  43.289  12.267  -8.539 0.0000000000
99082  43.204  13.282  -8.627 0.0000000000
99083  43.146  12.754  -9.026 0.0000000000
99085  42.637  12.637  -9.941 0.0000000000
99763  50.134  12.848  -3.964 0.0000000000
99764  49.912  13.136  -3.942 0.0000000000
99765  49.554  13.369  -3.781 0.0000000000
99769  50.066  13.000  -4.226 0.0000000000
99770  49.793  13.510  -4.320 0.0000000000
99771  49.185  13.688  -3.712 0.0000000000
99772  48.658  13.853  -3.950 0.0000000000
99773  47.846  13.849  -4.391 0.0000000000
99774  46.764  13.921  -4.475 0.0000000000
99782  49.924  13.159  -4.572 0.0000000000
99783  49.662  13.716  -4.797 0.0000000000
99784  49.411  14.191  -5.225 0.0000000000
99785  49.186  14.492  -5.536 0.0000000000
99786  45.696  14.078  -4.737 0.0000000000
99787  44.784  13.763  -5.210 0.0000000000
99788  43.960  13.660  -5.333 0.0000000000
99807  48.777  14.352  -5.824 0.0000000000
99808  48.050  14.212  -6.209 0.0000000000
99809  43.657  13.650  -6.046 0.0000000000
99820  43.471  13.661  -6.837 0.0000000000
99830  43.276  13.663  -7.634 0.0000000000
99839  43.131  13.793  -8.339 0.0000000000
99840  43.038  13.873  -9.007 0.0000000000
99843  42.778  13.726  -9.753 0.0000000000
100505  49.711  13.706  -4.055 0.0000000000
100506  49.473  13.959  -3.971 0.0000000000
100510  49.518  14.176  -4.345 0.0000000000
100511  49.212  14.536  -3.994 0.0000000000
100512  48.506  14.791  -4.215 0.0000000000
100513  47.594  14.889  -4.426 0.0000000000
100514  46.631  14.970  -4.553 0.0000000000
100521  49.487  14.606  -4.811 0.0000000000
100522  49.359  15.028  -5.266 0.0000000000
100523  49.089  14.935  -5.695 0.0000000000
100524  45.913  15.116  -4.741 0.0000000000
100525  45.159  14.820  -5.170 0.0000000000
100526  44.431  14.343  -5.421 0.0000000000
100545  49.128  15.459  -5.602 0.0000000000
100546  48.698  15.164  -6.108 0.0000000000
100548  44.583  15.000  -5.564 0.0000000000
100549  43.941  14.586  -5.813 0.0000000000
100562  43.651  14.499  -6.607 0.0000000000
101228  49.341  14.865  -4.469 0.0000000000
101229  49.093  15.447  -4.379 0.0000000000
101230  48.300  15.679  -4.399 0.0000000000
101231  47.405  15.800  -4.466 0.0000000000
101232  46.516  15.826  -4.577 0.0000000000
101238  49.351  15.225  -4.782 0.0000000000
101239  49.235  15.861  -5.069 0.0000000000
101240  45.728  15.803  -4.868 0.0000000000
101241  45.062  15.729  -5.375 0.0000000000
101260  48.911  16.051  -5.828 0.0000000000
101945  48.758  16.129  -4.661 0.0000000000
101946  48.089  16.459  -4.605 0.0000000000
101947  47.186  16.563  -4.621 0.0000000000
101948  46.375  16.458  -4.768 0.0000000000
101955  48.582  16.643  -5.274 0.0000000000
101956  47.809  17.204  -4.982 0.0000000000
101958  45.751  16.699  -5.252 0.0000000000
