#!ascii label  , from subject FREESURFER vox2ras=TkReg 
215
88359  5.273  1.174  55.369 0.0000000000
88372  5.447  1.050  54.628 0.0000000000
89321  5.443  1.901  55.751 0.0000000000
89343  6.033  1.947  54.424 0.0000000000
89344  5.703  1.740  54.928 0.0000000000
89365  6.246  1.908  53.763 0.0000000000
89366  5.765  1.433  54.161 0.0000000000
89381  6.437  1.788  52.823 0.0000000000
89382  5.851  1.254  53.319 0.0000000000
89396  6.418  1.801  51.826 0.0000000000
89408  6.464  1.985  51.196 0.0000000000
90268  6.304  3.033  54.931 0.0000000000
90269  5.900  2.604  55.319 0.0000000000
90280  6.342  2.604  54.405 0.0000000000
90281  6.017  2.197  54.788 0.0000000000
90292  7.065  3.297  53.058 0.0000000000
90293  6.795  2.705  53.330 0.0000000000
90301  7.025  3.154  52.563 0.0000000000
90302  6.783  2.446  52.332 0.0000000000
90313  6.912  3.037  51.889 0.0000000000
90314  6.704  2.455  51.542 0.0000000000
90328  6.869  3.028  51.345 0.0000000000
90329  6.572  2.590  50.699 0.0000000000
90330  6.045  2.143  50.067 0.0000000000
90338  6.228  2.842  49.867 0.0000000000
91177  6.249  3.608  55.318 0.0000000000
91178  5.729  3.274  55.941 0.0000000000
91188  6.846  3.792  54.092 0.0000000000
91189  6.549  3.423  54.568 0.0000000000
91200  7.000  3.635  53.470 0.0000000000
91201  6.725  3.216  53.987 0.0000000000
91209  7.131  3.784  52.786 0.0000000000
91218  7.049  3.809  51.965 0.0000000000
91219  6.909  4.228  51.547 0.0000000000
91232  6.917  3.405  51.577 0.0000000000
91233  6.839  3.756  51.103 0.0000000000
91243  6.414  3.614  50.208 0.0000000000
91244  5.872  3.545  49.552 0.0000000000
91245  5.227  3.437  48.988 0.0000000000
92007  5.966  4.854  56.235 0.0000000000
92011  6.373  4.635  55.554 0.0000000000
92012  5.821  4.072  56.078 0.0000000000
92019  7.020  4.383  53.754 0.0000000000
92020  6.753  4.369  54.595 0.0000000000
92029  7.155  4.352  53.148 0.0000000000
92039  7.135  4.478  52.477 0.0000000000
92052  6.991  4.625  51.839 0.0000000000
92053  6.689  4.682  51.301 0.0000000000
92065  6.315  4.615  50.576 0.0000000000
92066  5.860  4.904  50.066 0.0000000000
92076  6.036  4.278  49.902 0.0000000000
92077  5.529  4.541  49.408 0.0000000000
92078  5.072  4.044  48.728 0.0000000000
92084  5.293  4.728  48.824 0.0000000000
92085  4.734  4.116  48.246 0.0000000000
92093  5.439  4.453  47.627 0.0000000000
92893  6.376  5.541  55.946 0.0000000000
92894  5.861  5.493  56.732 0.0000000000
92898  6.712  5.465  54.945 0.0000000000
92903  7.104  4.790  53.395 0.0000000000
92904  6.937  5.372  53.720 0.0000000000
92914  7.166  5.032  52.936 0.0000000000
92915  6.818  5.808  52.655 0.0000000000
92929  6.981  5.197  52.217 0.0000000000
92930  6.568  5.806  51.871 0.0000000000
92941  6.716  5.199  51.662 0.0000000000
92942  6.215  5.551  51.166 0.0000000000
92943  5.741  5.906  50.677 0.0000000000
92951  5.928  5.337  50.497 0.0000000000
92952  5.586  5.609  50.053 0.0000000000
92961  5.515  5.557  49.362 0.0000000000
92968  5.880  5.978  48.531 0.0000000000
92969  5.501  5.352  48.608 0.0000000000
92970  4.957  4.609  48.031 0.0000000000
92976  6.044  5.518  48.052 0.0000000000
92977  5.187  4.794  47.960 0.0000000000
92978  4.946  4.454  47.787 0.0000000000
93752  6.097  6.466  56.474 0.0000000000
93753  5.684  6.160  57.243 0.0000000000
93757  6.531  6.417  55.433 0.0000000000
93766  6.674  6.461  54.300 0.0000000000
93780  6.631  6.547  53.174 0.0000000000
93792  6.176  6.658  52.157 0.0000000000
93793  5.592  7.136  51.805 0.0000000000
93802  6.159  6.166  51.584 0.0000000000
93803  5.622  6.549  51.245 0.0000000000
93813  5.451  6.383  50.486 0.0000000000
93822  5.302  6.484  49.956 0.0000000000
93830  6.445  6.983  48.686 0.0000000000
93831  5.910  6.614  48.902 0.0000000000
93832  5.562  6.518  49.404 0.0000000000
93837  7.001  6.614  48.325 0.0000000000
93838  6.231  6.342  48.520 0.0000000000
94580  5.927  7.320  56.539 0.0000000000
94591  6.306  7.207  55.911 0.0000000000
94603  6.454  7.319  54.946 0.0000000000
94614  6.278  7.555  53.659 0.0000000000
94615  5.724  8.119  53.356 0.0000000000
94623  6.214  7.186  52.806 0.0000000000
94624  5.448  7.811  52.495 0.0000000000
94625  4.712  8.380  52.242 0.0000000000
94634  5.118  7.509  51.456 0.0000000000
94635  4.591  8.219  51.777 0.0000000000
94644  5.047  7.246  50.611 0.0000000000
94645  4.469  8.080  51.026 0.0000000000
94654  4.961  7.540  49.848 0.0000000000
94655  4.529  8.064  50.423 0.0000000000
94664  6.863  7.727  48.472 0.0000000000
94665  6.152  7.659  48.846 0.0000000000
94666  5.564  7.549  49.296 0.0000000000
94673  7.808  7.809  48.073 0.0000000000
95441  5.997  7.650  56.212 0.0000000000
95452  6.110  7.903  55.703 0.0000000000
95453  5.721  8.736  55.685 0.0000000000
95461  6.173  8.210  54.729 0.0000000000
95462  5.659  8.975  54.602 0.0000000000
95470  5.906  8.376  53.911 0.0000000000
95471  5.213  8.779  53.481 0.0000000000
95472  4.446  9.112  53.030 0.0000000000
95482  4.767  8.586  52.657 0.0000000000
95483  4.013  8.868  52.301 0.0000000000
95484  3.412  9.245  51.746 0.0000000000
95494  3.862  8.687  51.410 0.0000000000
95495  3.357  9.332  51.106 0.0000000000
95503  3.898  8.807  50.661 0.0000000000
95504  3.564  9.256  50.735 0.0000000000
95514  5.068  8.450  49.479 0.0000000000
95515  4.403  8.592  49.997 0.0000000000
95524  7.285  8.671  48.237 0.0000000000
95525  6.488  8.591  48.591 0.0000000000
95526  5.734  8.456  49.003 0.0000000000
95532  7.930  8.830  47.943 0.0000000000
96316  5.256  9.655  55.585 0.0000000000
96317  4.612  10.381  55.409 0.0000000000
96323  5.070  9.726  54.434 0.0000000000
96324  4.328  10.282  54.303 0.0000000000
96331  4.605  9.597  53.629 0.0000000000
96332  3.793  9.897  53.233 0.0000000000
96333  3.018  10.282  52.689 0.0000000000
96334  2.768  10.569  52.226 0.0000000000
96342  3.364  9.620  52.308 0.0000000000
96343  2.945  10.045  51.744 0.0000000000
96344  2.753  10.523  51.867 0.0000000000
96351  3.043  10.005  51.047 0.0000000000
96358  3.691  9.282  50.557 0.0000000000
96359  3.492  9.664  50.652 0.0000000000
96369  4.670  9.454  49.595 0.0000000000
96370  3.911  9.439  50.275 0.0000000000
96371  3.667  9.683  50.453 0.0000000000
96377  6.975  9.657  48.377 0.0000000000
96378  6.043  9.375  48.820 0.0000000000
96379  5.357  9.139  49.178 0.0000000000
96384  7.667  9.408  48.040 0.0000000000
97089  3.909  10.887  55.246 0.0000000000
97090  3.398  11.509  55.009 0.0000000000
97091  3.034  11.567  54.102 0.0000000000
97097  3.710  10.712  54.253 0.0000000000
97098  3.204  10.823  53.697 0.0000000000
97099  2.780  11.143  53.034 0.0000000000
97104  2.808  10.576  51.632 0.0000000000
97105  2.642  11.024  52.036 0.0000000000
97112  2.945  10.748  51.421 0.0000000000
97113  2.766  11.223  51.713 0.0000000000
97120  3.870  10.556  50.333 0.0000000000
97121  3.407  10.491  50.758 0.0000000000
97129  4.871  10.511  49.554 0.0000000000
97130  4.156  10.159  49.968 0.0000000000
97131  3.677  9.982  50.376 0.0000000000
97134  7.167  10.852  48.262 0.0000000000
97135  6.314  10.415  48.720 0.0000000000
97136  5.465  9.998  49.147 0.0000000000
97813  3.230  12.080  55.565 0.0000000000
97814  3.224  12.300  55.010 0.0000000000
97819  2.947  12.127  53.856 0.0000000000
97825  2.738  11.899  52.810 0.0000000000
97832  2.936  11.430  51.544 0.0000000000
97833  2.649  11.840  51.957 0.0000000000
97839  3.892  11.186  50.528 0.0000000000
97840  3.396  11.453  51.100 0.0000000000
97847  5.084  11.303  49.636 0.0000000000
97848  4.412  11.064  50.009 0.0000000000
97851  7.283  11.759  48.146 0.0000000000
97852  6.567  11.489  48.604 0.0000000000
97853  5.688  11.105  49.185 0.0000000000
98553  3.094  13.043  55.826 0.0000000000
98560  3.297  13.372  54.550 0.0000000000
98561  3.248  13.133  54.741 0.0000000000
98566  3.047  12.814  53.580 0.0000000000
98572  2.797  12.628  52.614 0.0000000000
98578  3.122  12.099  51.566 0.0000000000
98579  2.844  12.750  51.943 0.0000000000
98586  4.644  12.301  50.441 0.0000000000
98587  4.198  12.070  50.685 0.0000000000
98588  3.613  12.367  51.230 0.0000000000
98594  5.643  12.458  49.613 0.0000000000
98595  5.070  12.143  50.003 0.0000000000
98596  4.374  11.592  50.328 0.0000000000
98601  7.023  12.437  48.435 0.0000000000
98602  6.081  12.310  49.220 0.0000000000
98603  5.468  11.717  49.490 0.0000000000
99321  3.002  13.211  53.111 0.0000000000
99334  3.748  13.056  51.264 0.0000000000
99335  3.436  13.016  51.508 0.0000000000
99347  4.706  12.721  50.577 0.0000000000
99348  4.017  13.010  51.094 0.0000000000
99349  3.653  12.768  51.282 0.0000000000
99357  5.777  12.906  49.666 0.0000000000
99358  5.343  13.255  50.193 0.0000000000
99366  6.901  13.107  48.782 0.0000000000
99367  6.476  13.418  49.276 0.0000000000
100095  3.747  13.500  51.350 0.0000000000
100109  4.779  13.690  50.632 0.0000000000
100118  5.945  13.836  49.687 0.0000000000
100119  5.436  14.270  50.139 0.0000000000
100129  6.562  14.401  49.221 0.0000000000
