#!ascii label  , from subject FREESURFER vox2ras=TkReg 
185
58209  55.180  -29.802  13.694 0.0000000000
58210  54.464  -30.101  13.422 0.0000000000
58211  53.305  -30.803  13.588 0.0000000000
58228  54.065  -29.768  12.749 0.0000000000
58229  53.406  -30.057  12.736 0.0000000000
58230  52.244  -30.217  12.754 0.0000000000
58246  58.523  -30.649  11.263 0.0000000000
59254  55.750  -29.375  13.755 0.0000000000
59255  55.110  -29.602  13.348 0.0000000000
59270  58.215  -29.158  12.350 0.0000000000
59271  55.367  -29.267  13.129 0.0000000000
59272  54.641  -29.427  12.772 0.0000000000
59273  53.617  -29.370  12.202 0.0000000000
59274  52.539  -29.608  12.146 0.0000000000
59275  51.229  -29.434  12.217 0.0000000000
59290  58.549  -29.475  11.256 0.0000000000
59291  53.383  -28.993  11.773 0.0000000000
59292  52.829  -29.085  11.685 0.0000000000
59293  51.892  -29.090  11.690 0.0000000000
59305  58.363  -29.672  10.357 0.0000000000
59306  58.041  -30.390  10.439 0.0000000000
59321  58.309  -29.190  9.626 0.0000000000
59322  57.711  -29.691  9.881 0.0000000000
60223  57.690  -28.708  13.008 0.0000000000
60224  57.021  -28.468  13.426 0.0000000000
60225  56.227  -28.820  13.313 0.0000000000
60226  55.732  -29.048  13.210 0.0000000000
60238  57.801  -28.482  12.191 0.0000000000
60239  57.239  -28.225  12.575 0.0000000000
60240  56.410  -28.411  12.657 0.0000000000
60241  55.398  -28.821  12.614 0.0000000000
60242  54.231  -28.922  12.107 0.0000000000
60243  53.668  -28.958  11.858 0.0000000000
60244  50.381  -28.656  12.310 0.0000000000
60245  49.700  -28.176  12.620 0.0000000000
60257  58.304  -28.333  11.254 0.0000000000
60258  57.483  -27.936  11.801 0.0000000000
60259  56.594  -27.964  11.989 0.0000000000
60260  55.639  -28.253  11.935 0.0000000000
60261  54.606  -28.467  11.764 0.0000000000
60262  53.358  -28.527  11.406 0.0000000000
60263  52.094  -28.624  11.305 0.0000000000
60264  50.900  -28.341  11.577 0.0000000000
60265  50.187  -28.113  12.108 0.0000000000
60277  58.935  -28.056  9.578 0.0000000000
60278  58.710  -28.673  10.286 0.0000000000
60279  52.824  -28.003  10.867 0.0000000000
60280  52.161  -28.131  10.920 0.0000000000
60281  51.516  -28.196  11.110 0.0000000000
60292  59.222  -27.934  8.939 0.0000000000
60293  58.714  -28.556  9.262 0.0000000000
60294  58.084  -28.855  9.063 0.0000000000
60295  57.118  -29.026  9.166 0.0000000000
60307  59.401  -27.760  8.558 0.0000000000
60308  59.136  -28.018  8.234 0.0000000000
60309  58.658  -28.310  8.211 0.0000000000
60310  57.604  -28.446  8.268 0.0000000000
60311  56.197  -28.719  8.654 0.0000000000
60325  59.346  -27.885  7.970 0.0000000000
60326  59.162  -27.991  7.940 0.0000000000
60327  57.451  -28.202  7.904 0.0000000000
60328  56.910  -28.169  7.954 0.0000000000
60329  55.801  -28.189  7.897 0.0000000000
60330  54.706  -28.160  7.835 0.0000000000
61202  49.503  -27.616  12.303 0.0000000000
61211  58.216  -27.749  10.692 0.0000000000
61212  57.691  -27.569  11.070 0.0000000000
61213  56.760  -27.497  11.345 0.0000000000
61214  55.760  -27.710  11.365 0.0000000000
61215  54.755  -27.959  11.320 0.0000000000
61216  54.081  -28.166  11.319 0.0000000000
61217  50.523  -27.617  11.389 0.0000000000
61218  49.969  -27.387  11.823 0.0000000000
61231  58.948  -27.816  9.644 0.0000000000
61232  58.670  -27.844  10.099 0.0000000000
61233  57.908  -27.237  10.240 0.0000000000
61234  56.902  -27.101  10.637 0.0000000000
61235  55.861  -27.263  10.705 0.0000000000
61236  54.767  -27.422  10.742 0.0000000000
61237  53.551  -27.721  10.775 0.0000000000
61238  52.231  -27.536  10.520 0.0000000000
61239  51.058  -27.542  10.892 0.0000000000
61240  50.368  -27.226  11.293 0.0000000000
61254  59.021  -27.559  9.310 0.0000000000
61255  58.525  -27.215  9.648 0.0000000000
61256  58.064  -26.953  9.754 0.0000000000
61269  59.368  -27.504  8.767 0.0000000000
61270  59.451  -27.517  8.368 0.0000000000
61271  58.689  -28.196  7.859 0.0000000000
61272  58.381  -28.225  7.859 0.0000000000
61281  59.317  -27.597  7.836 0.0000000000
61282  58.784  -27.960  7.625 0.0000000000
61283  57.759  -27.977  7.550 0.0000000000
61284  56.628  -27.753  7.328 0.0000000000
61285  55.461  -27.747  7.212 0.0000000000
61286  54.344  -27.716  7.188 0.0000000000
61287  53.262  -27.587  7.234 0.0000000000
61298  59.040  -27.365  7.250 0.0000000000
61299  58.468  -27.482  6.926 0.0000000000
61300  57.513  -27.401  6.737 0.0000000000
61301  56.340  -27.319  6.501 0.0000000000
61302  55.124  -27.393  6.519 0.0000000000
61303  54.065  -27.364  6.462 0.0000000000
61304  53.001  -27.244  6.412 0.0000000000
61318  55.775  -27.089  5.993 0.0000000000
61319  54.931  -27.071  5.841 0.0000000000
61320  53.893  -27.070  5.698 0.0000000000
62110  49.786  -26.671  11.456 0.0000000000
62121  57.710  -26.763  9.741 0.0000000000
62122  56.980  -26.701  9.947 0.0000000000
62123  55.949  -26.744  10.083 0.0000000000
62124  54.846  -26.792  10.186 0.0000000000
62125  53.718  -26.909  10.236 0.0000000000
62126  52.603  -26.962  10.181 0.0000000000
62127  51.431  -26.415  10.422 0.0000000000
62128  50.282  -26.440  11.177 0.0000000000
62143  59.240  -27.097  8.897 0.0000000000
62144  58.908  -26.910  9.093 0.0000000000
62145  58.192  -26.620  9.384 0.0000000000
62146  57.180  -26.279  9.226 0.0000000000
62147  56.059  -26.222  9.481 0.0000000000
62148  54.941  -26.192  9.582 0.0000000000
62149  53.812  -26.229  9.714 0.0000000000
62150  52.788  -26.371  9.822 0.0000000000
62151  52.141  -26.428  10.011 0.0000000000
62167  59.410  -27.240  8.595 0.0000000000
62168  59.238  -26.828  8.280 0.0000000000
62169  58.457  -26.359  8.752 0.0000000000
62170  57.904  -26.205  9.036 0.0000000000
62182  59.217  -26.872  7.384 0.0000000000
62191  58.790  -26.753  6.692 0.0000000000
62192  58.219  -26.957  6.226 0.0000000000
62193  57.359  -26.969  5.977 0.0000000000
62194  56.543  -26.947  5.812 0.0000000000
62204  58.449  -26.336  6.002 0.0000000000
62205  58.034  -26.443  5.490 0.0000000000
62206  57.155  -26.620  5.346 0.0000000000
62207  56.009  -26.681  5.373 0.0000000000
62208  54.854  -26.702  5.169 0.0000000000
62209  53.800  -26.837  4.950 0.0000000000
62217  57.695  -26.202  4.981 0.0000000000
62218  56.940  -26.274  4.753 0.0000000000
62219  55.843  -26.238  4.718 0.0000000000
62220  54.743  -26.329  4.573 0.0000000000
63049  51.383  -25.226  10.517 0.0000000000
63050  50.659  -25.079  11.056 0.0000000000
63051  49.811  -25.340  10.906 0.0000000000
63062  56.816  -25.881  8.737 0.0000000000
63063  56.141  -25.758  8.893 0.0000000000
63064  55.133  -25.645  9.043 0.0000000000
63065  53.887  -25.376  9.085 0.0000000000
63066  52.816  -25.629  9.578 0.0000000000
63067  51.960  -25.882  9.874 0.0000000000
63082  59.006  -26.334  7.523 0.0000000000
63083  58.435  -26.004  7.956 0.0000000000
63084  57.514  -25.938  8.499 0.0000000000
63085  56.426  -25.530  8.272 0.0000000000
63086  55.242  -25.239  8.331 0.0000000000
63087  54.589  -25.253  8.674 0.0000000000
63103  58.891  -26.325  6.981 0.0000000000
63104  58.428  -25.795  7.103 0.0000000000
63105  57.136  -25.315  7.405 0.0000000000
63106  55.787  -25.015  7.765 0.0000000000
63107  55.173  -24.904  7.926 0.0000000000
63119  58.516  -25.751  6.242 0.0000000000
63120  57.788  -25.147  6.593 0.0000000000
63121  57.213  -24.868  6.807 0.0000000000
63132  58.336  -25.674  5.460 0.0000000000
63133  58.122  -25.890  5.021 0.0000000000
63985  52.130  -24.209  10.258 0.0000000000
63986  51.663  -24.447  10.833 0.0000000000
63997  53.290  -24.288  8.882 0.0000000000
63998  52.698  -24.741  9.456 0.0000000000
63999  52.041  -25.053  10.009 0.0000000000
64010  54.800  -24.786  8.006 0.0000000000
64011  54.246  -24.666  8.327 0.0000000000
64023  56.744  -24.621  6.865 0.0000000000
64024  55.935  -24.380  7.166 0.0000000000
64025  55.054  -24.463  7.721 0.0000000000
64026  54.575  -24.493  7.950 0.0000000000
64901  52.447  -23.484  10.632 0.0000000000
64910  53.316  -23.388  9.194 0.0000000000
64911  52.683  -23.824  9.665 0.0000000000
64922  53.758  -23.705  8.326 0.0000000000
64936  54.380  -24.036  7.831 0.0000000000
