#!ascii label  , from subject FREESURFER vox2ras=TkReg 
236
86414  20.227  -1.820  60.622 0.0000000000
86425  17.215  -0.910  59.339 0.0000000000
86434  16.977  -1.208  58.648 0.0000000000
86439  16.584  -1.191  57.832 0.0000000000
86453  16.229  -1.208  57.066 0.0000000000
87352  19.791  -1.040  61.061 0.0000000000
87353  19.076  -0.894  61.539 0.0000000000
87354  18.445  -0.779  61.161 0.0000000000
87355  18.014  -0.345  60.926 0.0000000000
87360  20.973  0.287  60.188 0.0000000000
87361  20.530  -0.449  60.240 0.0000000000
87362  18.060  -0.903  60.837 0.0000000000
87363  17.704  -0.518  60.466 0.0000000000
87368  21.293  0.249  59.739 0.0000000000
87369  21.004  -0.401  59.418 0.0000000000
87370  17.348  -0.328  59.831 0.0000000000
87371  16.946  -0.165  59.195 0.0000000000
87381  16.569  -0.238  58.465 0.0000000000
87395  16.255  -0.192  57.712 0.0000000000
87396  15.899  0.268  57.247 0.0000000000
87410  15.990  -0.460  56.982 0.0000000000
87411  15.647  -0.049  56.446 0.0000000000
88292  20.046  -0.066  60.819 0.0000000000
88293  19.396  -0.097  61.182 0.0000000000
88294  18.649  -0.089  61.215 0.0000000000
88295  18.228  -0.150  61.069 0.0000000000
88301  21.234  0.756  60.047 0.0000000000
88302  20.608  0.509  60.459 0.0000000000
88303  19.875  0.643  60.920 0.0000000000
88304  18.972  0.735  61.245 0.0000000000
88305  17.895  0.485  60.811 0.0000000000
88306  17.470  1.032  60.367 0.0000000000
88313  22.081  0.818  59.637 0.0000000000
88314  17.490  0.108  60.275 0.0000000000
88315  17.176  0.660  59.907 0.0000000000
88325  16.527  0.846  58.869 0.0000000000
88326  16.208  1.428  58.495 0.0000000000
88337  16.329  0.374  58.289 0.0000000000
88338  16.026  0.973  57.960 0.0000000000
88347  15.552  0.994  57.020 0.0000000000
88356  15.193  0.853  56.174 0.0000000000
89241  20.952  1.022  60.261 0.0000000000
89242  20.428  1.141  60.415 0.0000000000
89243  19.551  1.321  60.695 0.0000000000
89244  18.562  1.458  60.802 0.0000000000
89245  17.768  1.441  60.465 0.0000000000
89246  17.322  1.369  60.066 0.0000000000
89251  22.432  1.316  59.296 0.0000000000
89252  21.212  1.426  59.713 0.0000000000
89253  20.141  1.597  60.073 0.0000000000
89254  19.205  1.802  60.151 0.0000000000
89255  18.287  1.932  60.199 0.0000000000
89256  17.564  1.868  59.914 0.0000000000
89257  16.909  1.635  59.497 0.0000000000
89263  21.896  1.802  58.971 0.0000000000
89264  21.040  1.794  59.063 0.0000000000
89265  19.831  1.844  59.725 0.0000000000
89266  19.339  2.011  59.611 0.0000000000
89267  16.379  1.793  58.807 0.0000000000
89268  15.912  1.867  58.281 0.0000000000
89277  20.849  1.811  58.203 0.0000000000
89278  19.482  1.918  57.791 0.0000000000
89279  18.426  2.243  57.613 0.0000000000
89280  17.858  2.511  57.558 0.0000000000
89281  15.499  1.817  57.570 0.0000000000
89293  20.139  1.618  56.978 0.0000000000
89294  18.922  1.843  56.867 0.0000000000
89295  17.811  2.387  56.900 0.0000000000
89296  17.226  2.619  56.544 0.0000000000
89297  14.880  1.840  56.653 0.0000000000
89298  14.750  2.316  56.140 0.0000000000
89313  19.430  1.532  55.856 0.0000000000
89314  18.299  1.843  55.938 0.0000000000
89315  17.433  2.323  56.003 0.0000000000
89316  14.849  1.384  55.962 0.0000000000
89317  14.490  1.874  55.593 0.0000000000
89337  18.647  1.449  54.851 0.0000000000
89338  17.642  1.887  55.090 0.0000000000
89359  17.840  1.606  53.997 0.0000000000
89380  17.933  1.436  52.844 0.0000000000
89395  18.094  1.552  51.734 0.0000000000
89407  18.462  1.717  50.997 0.0000000000
90225  20.874  1.711  59.372 0.0000000000
90226  20.462  1.711  59.541 0.0000000000
90227  18.763  2.080  59.763 0.0000000000
90228  18.115  2.180  59.582 0.0000000000
90229  17.349  2.236  59.332 0.0000000000
90230  16.748  2.223  59.012 0.0000000000
90234  20.601  1.754  59.188 0.0000000000
90235  19.927  1.860  59.223 0.0000000000
90236  18.949  2.181  59.163 0.0000000000
90237  17.977  2.343  58.897 0.0000000000
90238  17.142  2.565  58.677 0.0000000000
90239  16.379  2.416  58.356 0.0000000000
90240  15.801  2.356  57.849 0.0000000000
90244  20.474  1.838  58.845 0.0000000000
90245  19.750  1.943  58.599 0.0000000000
90246  18.719  2.195  58.376 0.0000000000
90247  17.770  2.555  58.116 0.0000000000
90248  16.919  2.848  57.955 0.0000000000
90249  16.154  2.775  57.543 0.0000000000
90250  15.421  2.542  57.181 0.0000000000
90254  17.430  2.672  57.540 0.0000000000
90255  16.870  2.810  57.052 0.0000000000
90256  15.882  3.056  56.495 0.0000000000
90257  14.983  2.765  56.412 0.0000000000
90258  14.666  2.635  55.836 0.0000000000
90262  16.773  2.790  56.174 0.0000000000
90263  16.289  3.095  55.550 0.0000000000
90264  14.321  2.553  55.338 0.0000000000
90273  16.939  2.552  55.306 0.0000000000
90274  16.477  2.938  54.636 0.0000000000
90286  17.069  2.251  54.326 0.0000000000
90287  16.558  2.717  53.647 0.0000000000
90299  17.176  2.050  53.244 0.0000000000
90300  16.612  2.564  52.595 0.0000000000
90311  17.216  1.917  52.073 0.0000000000
90312  16.657  2.532  51.542 0.0000000000
90325  18.701  2.193  50.413 0.0000000000
90326  17.511  2.347  50.710 0.0000000000
90327  16.682  2.694  50.883 0.0000000000
90336  18.272  2.827  49.952 0.0000000000
90337  17.704  2.908  50.010 0.0000000000
91166  15.673  3.238  55.611 0.0000000000
91167  15.193  3.141  55.859 0.0000000000
91168  14.912  3.014  55.962 0.0000000000
91171  15.867  3.388  54.913 0.0000000000
91172  15.233  3.417  55.118 0.0000000000
91173  14.635  3.125  55.315 0.0000000000
91174  14.244  2.881  55.027 0.0000000000
91179  15.985  3.302  54.016 0.0000000000
91180  15.382  3.629  54.335 0.0000000000
91181  14.679  3.672  54.440 0.0000000000
91182  13.942  3.289  54.552 0.0000000000
91194  16.087  3.207  53.043 0.0000000000
91195  15.439  3.682  53.440 0.0000000000
91196  15.016  3.959  53.896 0.0000000000
91207  16.101  3.071  52.052 0.0000000000
91208  15.562  3.591  52.506 0.0000000000
91216  16.164  3.037  51.119 0.0000000000
91217  15.605  3.588  51.555 0.0000000000
91229  17.288  3.090  50.004 0.0000000000
91230  16.610  3.162  50.358 0.0000000000
91231  15.763  3.671  50.584 0.0000000000
91240  17.827  3.561  49.648 0.0000000000
91241  16.916  3.723  49.614 0.0000000000
91242  16.147  3.863  49.861 0.0000000000
92013  14.061  3.991  54.108 0.0000000000
92025  14.915  4.046  53.342 0.0000000000
92026  14.466  4.246  53.672 0.0000000000
92027  13.810  4.622  53.764 0.0000000000
92037  15.110  3.961  52.841 0.0000000000
92038  14.656  4.496  52.794 0.0000000000
92050  15.090  4.100  52.088 0.0000000000
92051  14.639  4.844  51.766 0.0000000000
92063  15.102  4.240  51.065 0.0000000000
92064  14.641  5.055  50.699 0.0000000000
92071  18.400  4.425  49.515 0.0000000000
92072  17.456  4.598  49.247 0.0000000000
92073  16.377  4.545  49.252 0.0000000000
92074  15.324  4.566  49.845 0.0000000000
92075  14.665  5.320  49.882 0.0000000000
92082  16.890  5.134  48.916 0.0000000000
92083  16.331  5.269  48.892 0.0000000000
92911  14.143  4.868  53.245 0.0000000000
92912  13.531  5.560  53.364 0.0000000000
92927  14.154  5.304  52.510 0.0000000000
92928  13.635  6.077  52.359 0.0000000000
92939  14.077  5.811  51.411 0.0000000000
92940  13.670  6.369  51.766 0.0000000000
92950  14.317  5.792  50.364 0.0000000000
92956  18.239  5.397  49.393 0.0000000000
92957  17.474  5.634  48.992 0.0000000000
92958  15.763  5.126  49.100 0.0000000000
92959  15.069  5.669  49.169 0.0000000000
92960  14.484  5.924  49.677 0.0000000000
92965  16.744  5.826  48.711 0.0000000000
92966  15.880  5.847  48.702 0.0000000000
92967  15.388  6.107  48.786 0.0000000000
93778  13.335  6.769  53.085 0.0000000000
93791  13.478  6.874  52.124 0.0000000000
93800  14.002  6.353  50.654 0.0000000000
93801  13.667  6.809  51.233 0.0000000000
93811  14.112  6.408  49.957 0.0000000000
93812  13.808  6.982  50.354 0.0000000000
93818  18.015  6.352  49.328 0.0000000000
93819  15.086  6.369  48.849 0.0000000000
93820  14.576  6.656  49.281 0.0000000000
93821  14.063  7.045  49.758 0.0000000000
93826  17.307  6.597  48.851 0.0000000000
93827  16.438  6.636  48.598 0.0000000000
93828  15.605  6.667  48.639 0.0000000000
93829  15.029  6.912  48.766 0.0000000000
94612  13.190  7.567  53.333 0.0000000000
94622  13.296  7.622  52.652 0.0000000000
94633  13.364  7.702  51.707 0.0000000000
94643  13.525  7.711  50.752 0.0000000000
94651  17.827  7.567  49.540 0.0000000000
94652  14.228  7.574  49.407 0.0000000000
94653  13.695  7.664  49.925 0.0000000000
94660  16.888  7.508  48.766 0.0000000000
94661  16.079  7.416  48.571 0.0000000000
94662  15.374  7.466  48.671 0.0000000000
94663  14.758  7.502  48.934 0.0000000000
95501  17.625  8.801  49.857 0.0000000000
95502  13.236  8.636  51.216 0.0000000000
95509  16.873  8.586  49.142 0.0000000000
95510  15.969  8.732  48.868 0.0000000000
95511  15.435  8.610  48.846 0.0000000000
95512  13.899  8.368  49.564 0.0000000000
95513  13.461  8.506  50.244 0.0000000000
95520  16.343  8.093  48.712 0.0000000000
95521  15.723  8.102  48.664 0.0000000000
95522  15.092  8.204  48.801 0.0000000000
95523  14.500  8.251  49.137 0.0000000000
96357  13.347  9.614  50.605 0.0000000000
96364  16.939  9.617  49.664 0.0000000000
96365  16.121  9.547  49.283 0.0000000000
96366  15.213  9.278  49.080 0.0000000000
96367  14.322  9.129  49.362 0.0000000000
96368  13.656  9.115  49.808 0.0000000000
96375  15.145  8.713  48.900 0.0000000000
96376  14.841  8.724  49.007 0.0000000000
97118  16.797  11.009  50.157 0.0000000000
97119  13.512  10.708  50.374 0.0000000000
97124  17.013  10.354  50.060 0.0000000000
97125  16.310  10.585  49.730 0.0000000000
97126  15.393  10.439  49.452 0.0000000000
97127  14.543  10.188  49.493 0.0000000000
97128  13.794  9.949  49.772 0.0000000000
97837  14.214  12.099  49.987 0.0000000000
97838  13.788  11.683  50.217 0.0000000000
97843  16.347  11.606  49.968 0.0000000000
97844  15.605  11.517  49.690 0.0000000000
97845  14.621  11.479  49.666 0.0000000000
97846  13.990  10.828  49.783 0.0000000000
