#!ascii label  , from subject FREESURFER vox2ras=TkReg 
282
120791  7.117  47.989  35.792 0.0000000000
121290  5.942  47.943  36.204 0.0000000000
121291  5.257  48.366  36.295 0.0000000000
121292  4.331  48.632  36.904 0.0000000000
121300  7.596  48.332  35.352 0.0000000000
121301  6.439  48.605  35.619 0.0000000000
121302  5.567  49.148  35.772 0.0000000000
121311  8.396  48.712  34.554 0.0000000000
121312  7.274  48.984  34.729 0.0000000000
121313  6.640  49.380  34.860 0.0000000000
121324  9.400  48.841  33.703 0.0000000000
121325  8.477  49.220  33.708 0.0000000000
121332  9.442  49.173  32.767 0.0000000000
121336  10.397  49.037  31.853 0.0000000000
121777  4.587  49.257  37.752 0.0000000000
121782  5.083  49.413  36.396 0.0000000000
121783  4.695  49.532  37.033 0.0000000000
121789  6.012  49.653  35.231 0.0000000000
121790  5.532  49.779  35.824 0.0000000000
121796  7.755  49.366  33.998 0.0000000000
121797  7.048  49.613  34.253 0.0000000000
121798  6.502  49.950  34.521 0.0000000000
121806  8.773  49.391  33.009 0.0000000000
121807  8.066  49.648  33.253 0.0000000000
121808  7.406  49.935  33.558 0.0000000000
121809  6.904  50.071  34.002 0.0000000000
121813  9.719  49.279  32.094 0.0000000000
121814  9.002  49.521  32.248 0.0000000000
121815  8.318  49.873  32.425 0.0000000000
121816  7.852  50.118  32.922 0.0000000000
121819  10.710  49.226  31.176 0.0000000000
121820  9.927  49.471  31.359 0.0000000000
121821  9.249  49.666  31.581 0.0000000000
121822  8.677  49.918  31.732 0.0000000000
121827  11.009  49.535  30.439 0.0000000000
121828  10.147  49.770  30.565 0.0000000000
121829  9.370  49.862  30.902 0.0000000000
121830  8.871  49.979  31.193 0.0000000000
121838  11.287  49.871  29.620 0.0000000000
121839  10.593  49.960  29.984 0.0000000000
122304  4.864  50.152  38.501 0.0000000000
122309  5.203  50.571  37.057 0.0000000000
122310  4.885  50.229  37.531 0.0000000000
122315  6.082  50.777  35.906 0.0000000000
122316  5.500  50.405  36.367 0.0000000000
122317  5.029  50.037  36.845 0.0000000000
122322  6.423  50.549  35.191 0.0000000000
122323  5.814  50.258  35.631 0.0000000000
122330  7.385  50.868  33.883 0.0000000000
122331  6.927  50.552  34.350 0.0000000000
122340  7.695  50.619  33.227 0.0000000000
122341  7.242  50.385  33.800 0.0000000000
122347  8.354  50.320  31.816 0.0000000000
122348  8.077  50.641  32.297 0.0000000000
122352  8.491  50.349  31.228 0.0000000000
122353  8.145  50.840  31.387 0.0000000000
122361  10.046  50.218  29.920 0.0000000000
122362  9.447  50.264  30.239 0.0000000000
122363  8.774  50.359  30.625 0.0000000000
122364  8.205  50.806  30.654 0.0000000000
122372  11.146  50.402  28.966 0.0000000000
122373  10.481  50.451  29.389 0.0000000000
122374  9.606  50.757  29.477 0.0000000000
122375  8.808  50.705  29.926 0.0000000000
122376  8.400  50.764  30.251 0.0000000000
122383  10.510  50.906  28.566 0.0000000000
122384  10.084  50.898  29.073 0.0000000000
122397  10.804  51.015  27.597 0.0000000000
122435  9.305  50.666  24.705 0.0000000000
122436  8.667  50.695  24.203 0.0000000000
122844  4.904  51.264  39.068 0.0000000000
122846  5.359  51.628  37.872 0.0000000000
122847  4.905  51.055  38.136 0.0000000000
122853  6.307  51.734  36.927 0.0000000000
122854  5.619  51.193  37.107 0.0000000000
122855  5.161  50.943  37.528 0.0000000000
122860  7.462  52.007  35.984 0.0000000000
122861  6.806  51.533  36.000 0.0000000000
122862  6.037  51.130  36.449 0.0000000000
122868  8.302  52.232  35.121 0.0000000000
122869  7.749  51.844  35.339 0.0000000000
122870  7.122  51.125  34.912 0.0000000000
122877  8.312  51.993  34.577 0.0000000000
122878  7.727  51.379  34.327 0.0000000000
122879  7.222  51.000  34.332 0.0000000000
122886  8.302  51.861  33.752 0.0000000000
122887  7.884  51.289  33.454 0.0000000000
122894  8.232  51.890  32.942 0.0000000000
122895  8.027  51.289  32.633 0.0000000000
122902  8.205  51.917  32.260 0.0000000000
122903  8.068  51.544  31.687 0.0000000000
122911  7.660  51.452  30.733 0.0000000000
122912  6.981  51.541  30.114 0.0000000000
122915  9.401  51.074  29.174 0.0000000000
122916  8.941  51.152  29.274 0.0000000000
122917  7.856  51.230  29.745 0.0000000000
122918  6.519  51.624  29.432 0.0000000000
122919  5.795  51.637  28.979 0.0000000000
122930  10.114  51.187  28.452 0.0000000000
122931  9.634  51.237  28.709 0.0000000000
122932  8.328  51.715  28.419 0.0000000000
122933  7.170  51.707  28.819 0.0000000000
122934  6.279  51.719  28.711 0.0000000000
122935  5.813  51.830  28.625 0.0000000000
122947  10.140  51.309  28.034 0.0000000000
122948  9.404  51.647  27.681 0.0000000000
122949  8.563  52.020  27.127 0.0000000000
122964  10.192  51.499  27.102 0.0000000000
122965  9.397  51.653  26.611 0.0000000000
122966  8.546  51.608  26.078 0.0000000000
122967  7.660  51.621  25.680 0.0000000000
122968  6.827  51.695  25.476 0.0000000000
122982  10.080  51.291  26.203 0.0000000000
122983  9.363  51.183  25.626 0.0000000000
122984  8.381  51.094  25.006 0.0000000000
122985  7.349  51.375  24.792 0.0000000000
122986  6.312  51.633  24.766 0.0000000000
122987  5.643  51.865  24.577 0.0000000000
122995  8.006  51.064  24.102 0.0000000000
122996  7.100  51.447  24.010 0.0000000000
122997  6.141  51.780  23.950 0.0000000000
122998  5.445  52.070  24.341 0.0000000000
123003  8.135  51.450  23.487 0.0000000000
123004  6.982  51.840  23.560 0.0000000000
123005  6.391  52.096  23.577 0.0000000000
123376  5.482  53.079  39.066 0.0000000000
123377  5.043  52.640  39.430 0.0000000000
123380  6.326  53.071  38.223 0.0000000000
123381  5.737  52.662  38.433 0.0000000000
123382  5.138  51.860  38.567 0.0000000000
123388  7.263  52.972  37.331 0.0000000000
123389  6.643  52.644  37.553 0.0000000000
123390  5.902  51.973  37.572 0.0000000000
123394  8.105  53.019  36.362 0.0000000000
123395  7.480  52.548  36.603 0.0000000000
123396  6.811  52.092  36.783 0.0000000000
123401  8.249  52.640  35.694 0.0000000000
123402  7.762  52.226  35.927 0.0000000000
123409  8.589  52.676  34.727 0.0000000000
123419  8.580  52.470  34.014 0.0000000000
123430  8.494  52.586  33.212 0.0000000000
123437  8.302  52.538  32.418 0.0000000000
123438  8.075  52.435  31.758 0.0000000000
123442  7.609  52.270  31.126 0.0000000000
123443  6.921  52.154  30.488 0.0000000000
123444  6.032  52.465  30.160 0.0000000000
123445  5.299  52.645  29.859 0.0000000000
123453  6.308  51.792  30.020 0.0000000000
123454  5.597  51.943  29.528 0.0000000000
123455  4.857  52.478  29.233 0.0000000000
123468  7.446  51.958  28.248 0.0000000000
123469  6.783  52.043  28.158 0.0000000000
123470  5.996  52.042  28.141 0.0000000000
123471  5.348  52.126  28.493 0.0000000000
123472  4.740  52.698  28.371 0.0000000000
123486  7.508  52.141  27.459 0.0000000000
123487  6.449  52.198  27.230 0.0000000000
123488  5.574  52.343  27.287 0.0000000000
123489  4.936  52.580  27.501 0.0000000000
123490  4.613  52.922  27.628 0.0000000000
123504  7.870  51.933  26.530 0.0000000000
123505  7.032  51.989  26.364 0.0000000000
123506  5.939  52.106  25.903 0.0000000000
123507  4.956  52.402  26.377 0.0000000000
123508  4.524  52.850  26.795 0.0000000000
123517  5.633  51.825  25.041 0.0000000000
123518  4.979  52.087  25.120 0.0000000000
123519  4.373  52.693  25.774 0.0000000000
123522  8.052  52.490  23.711 0.0000000000
123523  7.279  52.534  23.707 0.0000000000
123524  6.536  52.546  23.738 0.0000000000
123525  5.864  52.394  23.937 0.0000000000
123526  5.030  52.544  24.552 0.0000000000
123527  4.372  52.632  24.954 0.0000000000
123533  7.619  52.095  23.413 0.0000000000
123534  6.802  52.218  23.502 0.0000000000
123535  6.377  52.325  23.618 0.0000000000
123879  5.889  54.018  39.278 0.0000000000
123880  5.490  53.764  39.438 0.0000000000
123884  6.948  53.971  38.444 0.0000000000
123885  6.338  53.762  38.767 0.0000000000
123886  5.746  53.294  38.944 0.0000000000
123893  7.823  53.812  37.418 0.0000000000
123894  7.353  53.644  37.873 0.0000000000
123895  6.665  53.257  38.123 0.0000000000
123903  7.976  53.508  36.955 0.0000000000
123904  7.532  53.149  37.209 0.0000000000
123912  8.423  53.557  36.004 0.0000000000
123922  8.641  53.518  34.998 0.0000000000
123935  8.636  53.392  33.793 0.0000000000
123944  8.290  53.459  32.478 0.0000000000
123945  7.901  53.934  32.010 0.0000000000
123951  8.166  52.971  31.968 0.0000000000
123952  7.540  53.361  31.481 0.0000000000
123953  6.498  53.767  31.078 0.0000000000
123954  5.982  54.076  30.923 0.0000000000
123962  7.204  52.700  30.904 0.0000000000
123963  6.645  52.992  30.715 0.0000000000
123964  5.631  53.443  30.458 0.0000000000
123965  4.875  53.216  29.662 0.0000000000
123981  4.541  53.106  28.983 0.0000000000
123996  4.610  53.264  28.155 0.0000000000
124009  4.521  53.359  27.244 0.0000000000
124016  4.312  53.351  26.300 0.0000000000
124020  7.594  53.519  24.798 0.0000000000
124021  6.601  53.527  24.748 0.0000000000
124022  5.658  53.524  24.750 0.0000000000
124023  4.837  53.506  24.859 0.0000000000
124024  4.304  53.310  25.327 0.0000000000
124029  7.885  52.962  24.185 0.0000000000
124030  6.976  53.045  24.121 0.0000000000
124031  6.091  53.044  24.148 0.0000000000
124032  5.232  53.015  24.362 0.0000000000
124033  4.553  53.004  24.649 0.0000000000
124391  5.902  54.593  39.574 0.0000000000
124399  7.089  54.581  38.570 0.0000000000
124400  6.549  54.812  39.196 0.0000000000
124408  8.022  54.365  37.304 0.0000000000
124409  7.738  54.733  38.002 0.0000000000
124417  8.317  54.366  36.381 0.0000000000
124425  8.460  54.426  35.364 0.0000000000
124435  8.412  54.416  34.238 0.0000000000
124449  8.151  54.465  32.996 0.0000000000
124450  7.581  54.841  32.746 0.0000000000
124461  8.023  54.164  32.341 0.0000000000
124462  7.340  54.558  32.089 0.0000000000
124463  6.546  54.963  31.930 0.0000000000
124471  6.945  54.098  31.479 0.0000000000
124472  6.291  54.564  31.444 0.0000000000
124473  5.585  54.435  30.810 0.0000000000
124482  5.063  54.333  29.647 0.0000000000
124483  4.766  53.564  29.287 0.0000000000
124498  4.897  54.588  28.331 0.0000000000
124499  4.715  53.761  28.740 0.0000000000
124512  4.898  54.699  27.315 0.0000000000
124513  4.677  53.927  27.780 0.0000000000
124523  4.922  54.599  26.487 0.0000000000
124524  4.559  53.995  26.831 0.0000000000
124529  6.755  54.641  26.015 0.0000000000
124530  5.771  54.563  25.847 0.0000000000
124531  4.993  54.425  25.807 0.0000000000
124532  4.482  53.980  25.975 0.0000000000
124537  7.222  54.066  25.456 0.0000000000
124538  6.193  54.067  25.342 0.0000000000
124539  5.294  54.028  25.293 0.0000000000
124540  4.686  53.889  25.392 0.0000000000
124897  6.269  55.613  39.649 0.0000000000
124903  7.418  55.636  38.226 0.0000000000
124904  6.875  55.694  38.995 0.0000000000
124912  8.117  55.107  36.638 0.0000000000
124913  7.800  55.549  37.309 0.0000000000
124920  8.153  55.252  35.766 0.0000000000
124921  7.769  55.906  36.264 0.0000000000
124931  8.055  55.323  34.679 0.0000000000
124932  7.522  56.113  35.178 0.0000000000
124942  7.795  55.129  33.629 0.0000000000
124943  7.037  55.993  34.027 0.0000000000
124957  7.663  54.946  33.063 0.0000000000
124958  7.049  55.310  32.852 0.0000000000
124959  6.241  56.077  33.130 0.0000000000
124972  6.694  55.100  32.229 0.0000000000
124973  5.887  55.506  32.026 0.0000000000
124974  5.315  55.951  31.500 0.0000000000
124986  5.713  54.952  31.292 0.0000000000
124987  5.377  55.371  30.768 0.0000000000
124995  5.297  55.445  29.601 0.0000000000
125001  5.208  55.325  28.686 0.0000000000
125003  5.170  55.432  27.736 0.0000000000
125008  6.620  55.886  26.938 0.0000000000
125009  5.440  55.508  26.869 0.0000000000
125016  6.187  55.143  26.450 0.0000000000
125017  5.425  54.851  26.298 0.0000000000
125483  5.497  56.163  29.888 0.0000000000
125486  5.441  56.080  28.827 0.0000000000
125488  5.298  56.100  27.989 0.0000000000
125494  6.007  56.486  27.195 0.0000000000
125495  5.363  56.256  27.442 0.0000000000
125968  5.519  56.830  28.926 0.0000000000
125970  5.170  57.545  28.020 0.0000000000
125971  5.228  56.729  28.033 0.0000000000
125977  5.420  57.204  27.353 0.0000000000
125978  5.182  56.602  27.625 0.0000000000
