#!ascii label  , from subject FREESURFER vox2ras=TkReg 
190
20328  25.817  -66.902  53.303 0.0000000000
20329  25.122  -67.039  53.471 0.0000000000
20339  26.897  -67.139  52.687 0.0000000000
20340  26.108  -67.349  52.877 0.0000000000
20341  25.386  -67.597  53.076 0.0000000000
20349  27.117  -67.337  52.058 0.0000000000
20350  26.282  -67.521  52.232 0.0000000000
20351  25.479  -67.763  52.473 0.0000000000
20361  27.211  -67.171  51.669 0.0000000000
20362  26.464  -67.192  51.574 0.0000000000
20363  25.335  -67.605  51.780 0.0000000000
20379  27.441  -66.986  51.524 0.0000000000
20380  27.098  -66.983  51.402 0.0000000000
21191  26.011  -66.470  53.415 0.0000000000
21192  25.609  -66.253  53.495 0.0000000000
21193  24.734  -66.209  53.556 0.0000000000
21204  28.691  -66.125  52.305 0.0000000000
21205  28.023  -66.242  52.545 0.0000000000
21206  27.283  -66.359  52.916 0.0000000000
21207  26.425  -66.511  53.258 0.0000000000
21208  26.058  -66.231  53.468 0.0000000000
21215  29.009  -66.309  51.861 0.0000000000
21216  28.342  -66.629  52.124 0.0000000000
21217  27.636  -66.878  52.381 0.0000000000
21227  29.100  -66.282  51.300 0.0000000000
21228  28.436  -66.589  51.574 0.0000000000
21229  27.757  -67.014  51.795 0.0000000000
21230  26.214  -66.862  51.251 0.0000000000
21231  25.623  -66.751  51.294 0.0000000000
21232  24.633  -66.946  51.488 0.0000000000
21246  29.065  -66.247  50.945 0.0000000000
21247  28.536  -66.395  51.037 0.0000000000
21248  27.638  -66.659  51.170 0.0000000000
21249  26.647  -66.688  51.078 0.0000000000
21250  26.109  -66.639  51.094 0.0000000000
22072  25.271  -65.248  53.684 0.0000000000
22073  24.245  -65.287  53.779 0.0000000000
22084  28.754  -65.786  52.357 0.0000000000
22085  28.318  -65.758  52.523 0.0000000000
22086  27.572  -65.463  52.874 0.0000000000
22087  26.736  -65.611  53.318 0.0000000000
22088  26.056  -65.771  53.525 0.0000000000
22099  29.268  -65.691  52.057 0.0000000000
22101  28.078  -65.363  52.603 0.0000000000
22113  30.461  -65.670  51.130 0.0000000000
22114  29.634  -65.914  51.449 0.0000000000
22115  25.381  -66.201  51.063 0.0000000000
22116  24.814  -66.228  51.217 0.0000000000
22132  32.196  -65.056  50.202 0.0000000000
22133  31.524  -65.268  50.405 0.0000000000
22134  30.700  -65.536  50.597 0.0000000000
22135  29.683  -65.996  50.785 0.0000000000
22136  28.772  -66.033  50.632 0.0000000000
22137  27.958  -66.106  50.616 0.0000000000
22138  27.017  -65.947  50.498 0.0000000000
22139  25.973  -66.084  50.820 0.0000000000
22140  25.085  -65.682  50.868 0.0000000000
22141  24.198  -65.574  50.917 0.0000000000
22156  32.235  -64.974  49.916 0.0000000000
22157  31.689  -65.069  49.860 0.0000000000
22158  30.937  -65.269  50.042 0.0000000000
22159  30.047  -65.465  50.124 0.0000000000
22160  29.081  -65.544  50.180 0.0000000000
22161  28.149  -65.595  50.205 0.0000000000
22162  27.560  -65.687  50.306 0.0000000000
22174  32.375  -64.795  49.813 0.0000000000
22175  32.103  -64.828  49.727 0.0000000000
23055  25.401  -64.273  53.880 0.0000000000
23068  26.037  -64.897  53.595 0.0000000000
23106  26.856  -65.464  50.233 0.0000000000
23107  26.416  -65.395  50.306 0.0000000000
23108  25.523  -65.172  50.432 0.0000000000
23109  24.580  -64.946  50.497 0.0000000000
23122  32.683  -64.763  49.915 0.0000000000
23123  31.481  -64.873  49.684 0.0000000000
23124  31.124  -64.890  49.670 0.0000000000
23125  30.306  -64.942  49.644 0.0000000000
23126  29.361  -64.965  49.655 0.0000000000
23127  28.346  -65.000  49.671 0.0000000000
23128  27.115  -65.069  49.865 0.0000000000
23129  26.000  -64.655  49.955 0.0000000000
23130  25.039  -64.394  49.986 0.0000000000
23131  24.052  -64.246  49.995 0.0000000000
23144  33.159  -64.292  49.556 0.0000000000
23145  32.492  -64.427  49.460 0.0000000000
23146  31.596  -64.542  49.444 0.0000000000
23147  30.623  -64.384  49.293 0.0000000000
23148  29.654  -64.343  49.221 0.0000000000
23149  28.669  -64.327  49.178 0.0000000000
23150  27.680  -64.300  49.200 0.0000000000
23151  26.862  -64.148  49.214 0.0000000000
24119  26.319  -64.263  49.459 0.0000000000
24120  25.504  -63.973  49.401 0.0000000000
24121  24.539  -63.767  49.388 0.0000000000
24122  23.554  -63.634  49.438 0.0000000000
24137  33.254  -63.613  48.808 0.0000000000
24138  32.109  -63.800  48.788 0.0000000000
24139  31.050  -63.733  48.897 0.0000000000
24140  30.001  -63.715  48.798 0.0000000000
24141  28.991  -63.706  48.703 0.0000000000
24142  28.018  -63.683  48.666 0.0000000000
24143  27.078  -63.617  48.719 0.0000000000
24144  26.107  -63.571  48.887 0.0000000000
24145  25.051  -63.331  48.806 0.0000000000
24146  24.089  -63.124  48.873 0.0000000000
24147  23.108  -63.001  48.979 0.0000000000
25154  33.340  -62.849  48.111 0.0000000000
25155  32.588  -62.948  48.266 0.0000000000
25156  31.541  -62.946  48.426 0.0000000000
25157  30.426  -62.972  48.433 0.0000000000
25158  29.358  -63.015  48.333 0.0000000000
25159  28.361  -63.006  48.300 0.0000000000
25160  27.401  -62.968  48.325 0.0000000000
25161  26.448  -62.919  48.390 0.0000000000
25162  25.542  -62.822  48.421 0.0000000000
25163  24.662  -62.511  48.357 0.0000000000
25164  23.684  -62.493  48.517 0.0000000000
25165  22.718  -62.416  48.534 0.0000000000
25180  33.778  -62.486  47.616 0.0000000000
25181  33.035  -62.340  47.547 0.0000000000
25182  32.071  -62.182  47.810 0.0000000000
25183  30.927  -62.190  48.001 0.0000000000
25184  29.803  -62.322  47.908 0.0000000000
25185  28.753  -62.399  47.833 0.0000000000
25186  27.760  -62.358  47.902 0.0000000000
25187  26.779  -62.306  48.006 0.0000000000
25188  25.834  -62.315  48.073 0.0000000000
25189  25.234  -62.354  48.172 0.0000000000
26219  24.614  -62.116  48.149 0.0000000000
26220  24.207  -62.020  48.227 0.0000000000
26221  23.342  -61.919  48.243 0.0000000000
26222  22.518  -61.847  48.235 0.0000000000
26234  33.554  -62.064  46.783 0.0000000000
26235  32.594  -61.690  46.695 0.0000000000
26236  31.454  -61.546  47.345 0.0000000000
26237  30.322  -61.576  47.519 0.0000000000
26238  29.222  -61.677  47.507 0.0000000000
26239  28.185  -61.714  47.523 0.0000000000
26240  27.167  -61.692  47.612 0.0000000000
26241  26.122  -61.774  47.598 0.0000000000
26242  24.950  -61.883  47.849 0.0000000000
26243  23.922  -61.513  47.869 0.0000000000
26244  22.990  -61.442  47.860 0.0000000000
26259  34.063  -61.976  46.186 0.0000000000
26260  33.344  -61.900  45.833 0.0000000000
26261  32.711  -61.690  45.553 0.0000000000
26274  33.721  -61.482  45.464 0.0000000000
26275  32.970  -61.719  44.892 0.0000000000
26276  32.658  -61.737  45.059 0.0000000000
26284  33.182  -61.202  44.461 0.0000000000
26285  32.603  -61.515  43.872 0.0000000000
26286  32.159  -61.740  43.309 0.0000000000
27398  31.722  -61.262  46.614 0.0000000000
27399  30.903  -60.910  47.003 0.0000000000
27400  29.778  -60.921  47.156 0.0000000000
27401  28.694  -60.970  47.225 0.0000000000
27402  27.645  -61.004  47.253 0.0000000000
27403  26.597  -61.053  47.246 0.0000000000
27404  25.555  -61.133  47.256 0.0000000000
27405  24.513  -61.043  47.397 0.0000000000
27406  23.505  -60.952  47.472 0.0000000000
27421  32.148  -61.413  45.991 0.0000000000
27422  31.468  -60.808  46.024 0.0000000000
27423  30.396  -60.390  46.511 0.0000000000
27424  29.307  -60.310  46.700 0.0000000000
27425  28.224  -60.313  46.791 0.0000000000
27426  27.148  -60.349  46.825 0.0000000000
27427  26.117  -60.471  46.752 0.0000000000
27428  25.086  -60.455  46.857 0.0000000000
27446  32.608  -61.767  44.818 0.0000000000
27447  32.243  -61.434  45.117 0.0000000000
27448  31.510  -60.678  44.974 0.0000000000
27463  32.517  -61.686  44.539 0.0000000000
27464  31.982  -61.474  44.131 0.0000000000
27465  31.286  -60.642  43.987 0.0000000000
27481  31.694  -61.397  43.225 0.0000000000
27482  31.044  -60.678  42.986 0.0000000000
28499  30.867  -60.226  45.714 0.0000000000
28500  30.011  -59.846  45.959 0.0000000000
28501  28.933  -59.641  46.231 0.0000000000
28502  27.795  -59.651  46.329 0.0000000000
28503  26.724  -59.737  46.317 0.0000000000
28504  25.686  -59.793  46.360 0.0000000000
28524  30.703  -59.956  44.946 0.0000000000
28525  29.714  -59.243  45.188 0.0000000000
28526  28.525  -59.008  45.705 0.0000000000
28527  27.392  -59.025  45.769 0.0000000000
28552  30.390  -59.772  43.850 0.0000000000
28553  29.604  -58.993  44.229 0.0000000000
29593  29.053  -58.689  44.912 0.0000000000
