#!ascii label  , from subject FREESURFER vox2ras=TkReg 
217
104696  16.639  20.529  59.106 0.0000000000
104704  17.958  21.315  58.973 0.0000000000
104705  16.919  21.189  58.940 0.0000000000
104706  15.969  20.999  58.657 0.0000000000
104716  15.281  21.346  58.094 0.0000000000
105325  18.462  22.471  58.394 0.0000000000
105326  17.277  21.892  58.445 0.0000000000
105327  16.586  21.542  58.478 0.0000000000
105335  18.173  22.943  57.953 0.0000000000
105336  17.563  22.575  57.900 0.0000000000
105337  16.246  22.064  57.726 0.0000000000
105338  14.897  21.719  57.582 0.0000000000
105346  15.944  22.521  56.923 0.0000000000
105347  15.265  22.315  56.969 0.0000000000
105934  19.287  23.083  58.187 0.0000000000
105942  18.711  23.327  57.839 0.0000000000
105943  17.952  23.138  57.498 0.0000000000
105944  17.196  22.805  57.309 0.0000000000
105955  19.121  23.669  57.354 0.0000000000
105956  18.457  23.541  57.072 0.0000000000
105957  17.550  23.335  56.742 0.0000000000
105958  16.575  22.907  56.706 0.0000000000
105959  15.676  22.883  56.371 0.0000000000
105968  17.029  23.423  56.166 0.0000000000
105969  16.296  23.431  55.895 0.0000000000
105970  15.296  23.600  55.769 0.0000000000
106586  19.535  23.783  57.275 0.0000000000
106599  20.374  24.297  56.383 0.0000000000
106600  19.206  23.883  56.600 0.0000000000
106601  18.039  23.777  56.283 0.0000000000
106602  17.472  23.605  56.151 0.0000000000
106615  20.505  24.557  55.397 0.0000000000
106616  19.431  24.249  55.532 0.0000000000
106617  18.302  24.142  55.506 0.0000000000
106618  17.136  23.950  55.521 0.0000000000
106619  15.989  24.163  55.304 0.0000000000
106620  15.037  24.707  55.313 0.0000000000
106635  19.571  24.387  54.537 0.0000000000
106636  18.537  24.389  54.565 0.0000000000
106637  17.378  24.676  54.465 0.0000000000
106638  16.421  24.724  54.779 0.0000000000
106639  15.790  24.802  55.014 0.0000000000
106651  19.708  24.371  53.541 0.0000000000
106652  18.766  24.431  53.611 0.0000000000
106653  17.875  24.803  53.658 0.0000000000
106663  19.001  24.241  52.627 0.0000000000
106664  18.097  24.702  52.654 0.0000000000
106672  19.426  24.176  51.686 0.0000000000
106673  18.405  24.407  51.597 0.0000000000
106684  19.017  24.229  50.616 0.0000000000
106685  17.952  24.518  50.459 0.0000000000
106702  18.689  24.406  49.492 0.0000000000
106703  17.824  24.783  49.380 0.0000000000
106716  19.493  24.402  48.594 0.0000000000
106717  18.441  24.827  48.332 0.0000000000
106718  17.773  25.067  48.766 0.0000000000
106726  19.436  24.615  47.544 0.0000000000
106727  18.755  24.990  47.179 0.0000000000
106734  19.498  24.886  46.592 0.0000000000
106735  18.832  25.144  46.303 0.0000000000
106743  19.482  25.132  45.682 0.0000000000
106744  18.807  25.290  45.653 0.0000000000
106755  19.656  25.232  44.950 0.0000000000
107258  15.036  25.603  55.171 0.0000000000
107273  17.081  25.179  54.140 0.0000000000
107274  16.667  25.466  54.209 0.0000000000
107275  15.689  25.618  54.740 0.0000000000
107285  17.190  25.363  53.735 0.0000000000
107286  16.752  26.062  53.586 0.0000000000
107295  17.453  25.426  52.867 0.0000000000
107296  17.120  25.873  53.194 0.0000000000
107305  17.364  25.274  51.547 0.0000000000
107306  17.033  25.996  51.174 0.0000000000
107319  17.391  25.343  50.196 0.0000000000
107320  17.136  25.792  50.764 0.0000000000
107334  17.447  25.432  49.187 0.0000000000
107342  18.169  25.294  47.570 0.0000000000
107343  17.674  25.513  48.253 0.0000000000
107352  18.235  25.379  46.783 0.0000000000
107353  17.700  25.743  47.292 0.0000000000
107362  18.309  25.472  45.980 0.0000000000
107363  17.749  25.805  46.387 0.0000000000
107373  19.029  25.338  45.055 0.0000000000
107374  18.437  25.557  45.261 0.0000000000
107375  17.896  25.837  45.495 0.0000000000
107387  19.342  25.460  44.427 0.0000000000
107388  18.555  25.770  44.455 0.0000000000
107389  18.123  25.844  44.938 0.0000000000
107402  19.653  25.695  43.811 0.0000000000
107403  19.033  25.703  43.979 0.0000000000
107888  16.189  26.595  54.102 0.0000000000
107889  15.603  26.579  54.640 0.0000000000
107898  16.577  26.628  53.503 0.0000000000
107906  17.164  25.929  52.840 0.0000000000
107907  16.902  26.479  52.907 0.0000000000
107917  17.135  25.899  52.391 0.0000000000
107918  16.910  26.457  51.791 0.0000000000
107930  17.169  25.929  50.332 0.0000000000
107931  16.998  26.581  50.632 0.0000000000
107942  17.186  26.046  49.773 0.0000000000
107943  16.899  26.865  49.512 0.0000000000
107951  17.170  26.151  48.833 0.0000000000
107952  16.857  26.901  48.477 0.0000000000
107961  17.254  26.273  47.873 0.0000000000
107962  16.824  26.943  47.490 0.0000000000
107971  17.274  26.335  46.903 0.0000000000
107972  16.755  26.898  46.472 0.0000000000
107981  17.339  26.331  45.877 0.0000000000
107982  16.850  26.926  45.420 0.0000000000
107991  18.291  26.092  44.136 0.0000000000
107992  17.713  26.377  44.567 0.0000000000
107993  16.951  27.171  44.625 0.0000000000
108005  18.722  26.323  43.505 0.0000000000
108006  17.825  26.951  43.608 0.0000000000
108021  18.846  27.203  42.713 0.0000000000
108477  16.454  27.349  53.448 0.0000000000
108483  16.795  27.479  52.499 0.0000000000
108492  16.868  27.645  51.484 0.0000000000
108503  16.751  27.876  50.317 0.0000000000
108513  16.492  27.606  49.094 0.0000000000
108522  16.414  27.490  48.094 0.0000000000
108532  16.134  27.578  47.107 0.0000000000
108533  15.671  28.039  46.928 0.0000000000
108541  16.250  27.433  45.984 0.0000000000
108542  15.796  27.974  46.303 0.0000000000
108550  16.385  27.641  45.027 0.0000000000
108551  15.987  27.954  45.591 0.0000000000
108561  17.237  27.272  43.959 0.0000000000
108562  16.658  27.731  44.173 0.0000000000
108574  18.190  27.322  43.001 0.0000000000
108575  17.451  27.714  43.261 0.0000000000
108576  16.946  27.841  43.627 0.0000000000
108594  17.840  27.991  42.688 0.0000000000
109020  16.998  28.508  52.310 0.0000000000
109028  16.904  28.907  51.456 0.0000000000
109039  16.471  28.791  50.576 0.0000000000
109050  16.087  28.540  49.619 0.0000000000
109051  15.582  28.880  49.377 0.0000000000
109060  15.983  28.016  48.535 0.0000000000
109061  15.530  28.606  48.773 0.0000000000
109069  16.012  27.822  47.858 0.0000000000
109070  15.566  28.303  47.654 0.0000000000
109076  15.382  28.486  46.617 0.0000000000
109086  15.962  28.207  45.035 0.0000000000
109087  15.523  28.531  45.579 0.0000000000
109098  16.193  28.227  44.392 0.0000000000
109099  15.725  28.718  44.579 0.0000000000
109107  17.013  28.147  43.305 0.0000000000
109108  16.511  28.496  43.568 0.0000000000
109109  16.022  28.688  44.026 0.0000000000
109125  17.175  28.601  42.853 0.0000000000
109126  16.617  28.913  43.059 0.0000000000
109551  16.463  29.469  51.059 0.0000000000
109552  15.858  29.839  50.797 0.0000000000
109553  15.263  29.910  50.387 0.0000000000
109561  16.103  29.175  50.405 0.0000000000
109562  15.565  29.308  49.928 0.0000000000
109563  14.878  29.789  49.707 0.0000000000
109570  15.149  29.163  49.145 0.0000000000
109571  14.576  29.709  48.744 0.0000000000
109579  15.001  29.036  48.199 0.0000000000
109580  14.462  29.683  47.689 0.0000000000
109592  14.928  29.033  47.146 0.0000000000
109593  14.519  29.813  46.645 0.0000000000
109606  14.964  29.183  46.080 0.0000000000
109607  14.673  30.041  45.656 0.0000000000
109617  15.137  29.442  44.906 0.0000000000
109618  14.774  30.278  44.860 0.0000000000
109627  16.364  29.096  43.250 0.0000000000
109628  15.785  29.425  43.669 0.0000000000
109644  16.564  29.592  42.793 0.0000000000
109645  15.941  30.220  42.995 0.0000000000
110108  14.259  30.477  49.386 0.0000000000
110109  13.767  30.886  48.962 0.0000000000
110116  13.968  30.412  48.265 0.0000000000
110117  13.546  31.195  48.386 0.0000000000
110130  14.060  30.390  47.159 0.0000000000
110131  13.659  31.033  47.501 0.0000000000
110145  14.220  30.704  46.208 0.0000000000
110146  13.850  30.990  46.761 0.0000000000
110156  14.445  30.852  45.250 0.0000000000
110166  15.113  30.261  44.161 0.0000000000
110167  14.774  30.915  44.436 0.0000000000
110175  15.451  30.765  43.384 0.0000000000
110176  15.062  30.887  43.929 0.0000000000
110184  16.344  30.690  42.680 0.0000000000
110185  15.865  30.789  42.899 0.0000000000
110709  13.877  31.007  49.434 0.0000000000
110724  13.348  31.716  48.496 0.0000000000
110739  13.378  31.751  47.816 0.0000000000
110752  13.896  31.244  46.328 0.0000000000
110753  13.598  31.728  46.713 0.0000000000
110764  14.003  31.634  45.702 0.0000000000
110765  13.698  32.153  46.047 0.0000000000
110775  14.409  31.634  44.723 0.0000000000
110783  15.310  31.487  43.197 0.0000000000
110784  14.851  31.600  43.751 0.0000000000
110792  15.797  31.520  42.734 0.0000000000
111350  13.242  32.540  47.347 0.0000000000
111361  13.481  32.680  46.361 0.0000000000
111371  14.162  32.257  45.011 0.0000000000
111372  13.830  32.640  45.473 0.0000000000
111379  14.353  32.612  44.285 0.0000000000
111380  14.095  32.754  44.851 0.0000000000
111386  15.157  32.060  43.030 0.0000000000
111387  14.759  32.618  43.397 0.0000000000
111396  15.532  32.570  42.680 0.0000000000
111397  15.071  32.663  42.927 0.0000000000
112016  13.465  33.562  45.769 0.0000000000
112024  14.250  33.170  44.235 0.0000000000
112025  13.947  33.495  44.623 0.0000000000
112035  14.413  33.395  43.807 0.0000000000
112036  14.143  34.071  43.948 0.0000000000
112050  15.051  33.425  42.927 0.0000000000
112688  14.621  34.403  43.486 0.0000000000
112689  14.192  34.513  43.866 0.0000000000
112706  15.148  34.215  43.017 0.0000000000
