#!ascii label  , from subject FREESURFER vox2ras=TkReg 
243
3574  21.360  -88.874  32.262 0.0000000000
3581  23.152  -88.926  31.489 0.0000000000
3582  22.706  -89.073  31.558 0.0000000000
3583  21.767  -89.235  31.827 0.0000000000
3594  23.138  -89.072  31.080 0.0000000000
3595  22.463  -89.313  30.991 0.0000000000
3607  23.036  -89.167  30.494 0.0000000000
4072  24.178  -88.276  31.776 0.0000000000
4073  23.623  -88.284  32.121 0.0000000000
4074  22.823  -88.398  32.320 0.0000000000
4075  21.885  -88.527  32.271 0.0000000000
4076  20.980  -88.507  32.384 0.0000000000
4083  24.834  -88.145  30.839 0.0000000000
4084  24.256  -88.509  31.072 0.0000000000
4085  23.609  -88.725  31.449 0.0000000000
4086  23.093  -88.766  31.874 0.0000000000
4087  22.477  -88.850  32.015 0.0000000000
4093  24.773  -88.097  30.390 0.0000000000
4094  24.323  -88.472  30.222 0.0000000000
4095  23.655  -88.872  30.640 0.0000000000
4103  24.022  -88.447  29.759 0.0000000000
4104  23.341  -88.885  29.836 0.0000000000
4620  26.585  -86.588  33.173 0.0000000000
4621  26.285  -86.674  33.161 0.0000000000
4622  25.663  -86.827  33.054 0.0000000000
4623  26.575  -86.663  32.840 0.0000000000
4624  25.911  -87.160  32.561 0.0000000000
4625  24.649  -87.503  32.487 0.0000000000
4626  23.357  -87.828  32.567 0.0000000000
4627  22.386  -87.840  32.543 0.0000000000
4628  21.370  -87.983  32.446 0.0000000000
4629  20.418  -87.970  32.377 0.0000000000
4636  26.547  -87.002  31.954 0.0000000000
4637  25.506  -87.672  31.569 0.0000000000
4638  24.722  -88.107  31.576 0.0000000000
4639  21.715  -87.525  32.195 0.0000000000
4640  20.849  -87.538  32.019 0.0000000000
4641  19.865  -87.415  31.849 0.0000000000
4648  26.101  -87.277  31.040 0.0000000000
4649  25.242  -87.632  30.374 0.0000000000
4650  24.700  -88.048  30.141 0.0000000000
4657  24.996  -87.393  29.821 0.0000000000
4658  24.525  -87.926  29.736 0.0000000000
4659  23.719  -88.162  29.496 0.0000000000
5252  27.359  -86.088  34.035 0.0000000000
5253  26.833  -86.149  34.298 0.0000000000
5254  26.419  -85.998  34.393 0.0000000000
5255  27.576  -86.106  33.470 0.0000000000
5256  26.887  -86.430  33.471 0.0000000000
5257  26.123  -86.355  33.833 0.0000000000
5258  25.276  -86.520  33.328 0.0000000000
5259  27.706  -86.046  33.191 0.0000000000
5260  27.278  -86.301  32.753 0.0000000000
5261  24.479  -86.334  32.840 0.0000000000
5262  23.614  -87.112  32.609 0.0000000000
5263  22.984  -87.490  32.589 0.0000000000
5264  27.008  -86.300  31.837 0.0000000000
5265  24.239  -85.877  32.337 0.0000000000
5266  23.708  -86.192  31.883 0.0000000000
5267  22.568  -86.993  32.053 0.0000000000
5268  21.337  -86.994  31.646 0.0000000000
5269  20.327  -86.902  31.466 0.0000000000
5270  19.312  -86.375  31.408 0.0000000000
5278  26.500  -86.543  31.139 0.0000000000
5279  26.018  -86.788  30.384 0.0000000000
5280  23.333  -85.680  31.323 0.0000000000
5281  22.821  -86.019  31.217 0.0000000000
5282  21.777  -86.181  31.188 0.0000000000
5283  20.672  -86.209  31.141 0.0000000000
5284  19.966  -86.265  31.186 0.0000000000
5290  25.385  -86.831  29.824 0.0000000000
5291  24.667  -86.954  29.495 0.0000000000
5292  23.961  -87.452  29.286 0.0000000000
5300  24.533  -86.314  29.287 0.0000000000
5301  24.031  -86.551  29.141 0.0000000000
5870  26.654  -84.950  35.713 0.0000000000
5871  26.409  -84.976  35.727 0.0000000000
5872  27.157  -85.249  35.129 0.0000000000
5873  26.840  -85.159  35.408 0.0000000000
5874  26.217  -85.218  35.319 0.0000000000
5875  27.227  -85.513  34.699 0.0000000000
5876  26.625  -85.637  34.791 0.0000000000
5877  26.004  -85.681  34.582 0.0000000000
5878  27.665  -85.698  33.969 0.0000000000
5879  25.535  -85.945  33.998 0.0000000000
5880  25.055  -85.907  33.632 0.0000000000
5881  27.801  -85.817  33.409 0.0000000000
5882  27.747  -85.847  33.022 0.0000000000
5883  24.778  -85.569  33.272 0.0000000000
5884  27.383  -85.715  32.295 0.0000000000
5885  24.470  -85.465  32.656 0.0000000000
5886  24.148  -85.344  31.982 0.0000000000
5887  19.159  -85.732  31.235 0.0000000000
5888  18.577  -85.417  31.251 0.0000000000
5895  26.641  -85.485  31.256 0.0000000000
5896  26.294  -86.041  30.559 0.0000000000
5897  23.645  -85.235  31.405 0.0000000000
5898  23.018  -85.168  30.965 0.0000000000
5899  22.131  -85.192  30.819 0.0000000000
5900  20.996  -85.244  30.736 0.0000000000
5901  19.625  -85.388  30.968 0.0000000000
5902  18.826  -84.779  31.013 0.0000000000
5908  26.227  -85.302  30.341 0.0000000000
5909  25.874  -85.846  29.885 0.0000000000
5910  25.049  -85.948  29.448 0.0000000000
5916  24.296  -85.693  29.111 0.0000000000
6500  25.246  -84.417  37.019 0.0000000000
6501  24.355  -84.389  37.312 0.0000000000
6502  23.440  -84.363  37.503 0.0000000000
6509  26.536  -84.680  35.896 0.0000000000
6510  25.715  -84.759  36.085 0.0000000000
6511  24.686  -84.522  36.584 0.0000000000
6512  23.761  -84.493  36.819 0.0000000000
6515  27.250  -85.003  35.189 0.0000000000
6516  26.983  -84.763  35.535 0.0000000000
6517  25.591  -85.006  35.169 0.0000000000
6518  24.836  -84.576  35.736 0.0000000000
6519  24.192  -84.423  36.258 0.0000000000
6520  27.498  -84.951  34.525 0.0000000000
6521  27.297  -84.537  34.436 0.0000000000
6522  25.411  -85.383  34.474 0.0000000000
6523  25.047  -84.767  34.907 0.0000000000
6524  27.762  -85.398  33.665 0.0000000000
6525  27.468  -84.736  33.864 0.0000000000
6526  25.252  -85.625  34.053 0.0000000000
6527  24.948  -85.088  34.009 0.0000000000
6528  27.828  -85.641  33.310 0.0000000000
6529  27.615  -85.227  33.036 0.0000000000
6530  24.643  -84.833  33.142 0.0000000000
6531  27.043  -84.818  32.095 0.0000000000
6532  24.311  -84.682  32.385 0.0000000000
6533  23.858  -84.500  31.742 0.0000000000
6541  26.538  -84.417  31.260 0.0000000000
6542  23.259  -84.376  31.195 0.0000000000
6543  22.509  -84.266  30.794 0.0000000000
6544  21.499  -84.126  30.499 0.0000000000
6545  20.241  -84.128  30.516 0.0000000000
6546  19.102  -84.099  30.787 0.0000000000
6556  26.323  -84.428  30.424 0.0000000000
6557  25.930  -84.582  29.777 0.0000000000
6558  25.463  -85.079  29.557 0.0000000000
6564  25.529  -84.323  29.376 0.0000000000
6565  24.853  -84.721  29.137 0.0000000000
7236  24.390  -83.542  38.134 0.0000000000
7245  25.483  -84.074  37.224 0.0000000000
7246  24.907  -83.934  37.632 0.0000000000
7247  24.020  -84.111  37.957 0.0000000000
7254  26.535  -84.294  36.137 0.0000000000
7255  26.050  -84.201  36.675 0.0000000000
7256  23.765  -84.296  36.324 0.0000000000
7257  23.189  -84.114  36.448 0.0000000000
7261  27.132  -84.665  35.398 0.0000000000
7262  26.864  -84.349  35.634 0.0000000000
7263  24.619  -84.415  35.273 0.0000000000
7264  23.930  -84.082  35.620 0.0000000000
7265  22.865  -83.593  35.862 0.0000000000
7267  27.224  -84.635  35.175 0.0000000000
7268  27.140  -84.196  34.996 0.0000000000
7269  24.555  -84.315  34.708 0.0000000000
7270  23.924  -83.718  34.528 0.0000000000
7271  26.892  -84.098  34.245 0.0000000000
7272  24.406  -84.232  33.809 0.0000000000
7273  23.840  -83.496  33.578 0.0000000000
7274  26.791  -84.183  33.110 0.0000000000
7275  24.204  -84.071  32.938 0.0000000000
7276  23.655  -83.394  32.691 0.0000000000
7277  26.498  -83.759  31.863 0.0000000000
7278  23.921  -84.006  32.254 0.0000000000
7279  23.307  -83.480  31.767 0.0000000000
7280  22.718  -82.940  31.246 0.0000000000
7283  26.389  -83.429  30.736 0.0000000000
7284  22.819  -83.623  31.074 0.0000000000
7285  22.136  -83.067  30.639 0.0000000000
7286  20.797  -82.813  30.521 0.0000000000
7287  19.543  -83.014  30.597 0.0000000000
7288  18.495  -83.099  30.849 0.0000000000
7302  26.147  -83.233  29.502 0.0000000000
7303  25.776  -83.876  29.428 0.0000000000
8017  25.499  -83.592  37.221 0.0000000000
8018  24.906  -82.987  37.858 0.0000000000
8023  26.522  -83.959  36.216 0.0000000000
8024  25.984  -83.375  36.480 0.0000000000
8028  26.589  -83.675  35.688 0.0000000000
8029  26.045  -82.885  35.678 0.0000000000
8030  23.320  -83.438  35.103 0.0000000000
8031  22.696  -82.739  35.196 0.0000000000
8033  26.560  -83.374  34.908 0.0000000000
8035  23.297  -82.942  34.279 0.0000000000
8036  22.847  -82.193  34.419 0.0000000000
8037  26.390  -83.014  33.864 0.0000000000
8039  23.392  -82.745  33.306 0.0000000000
8041  23.225  -82.581  32.457 0.0000000000
8046  22.875  -82.405  31.721 0.0000000000
8047  22.455  -82.121  31.077 0.0000000000
8053  21.593  -81.784  30.645 0.0000000000
8054  20.681  -81.723  30.597 0.0000000000
8055  19.888  -81.959  30.573 0.0000000000
8790  25.369  -82.882  37.102 0.0000000000
8795  25.402  -82.475  36.434 0.0000000000
8802  22.359  -81.578  34.891 0.0000000000
8806  23.144  -82.215  33.802 0.0000000000
8807  22.807  -81.420  33.891 0.0000000000
8810  23.262  -81.769  33.101 0.0000000000
8811  22.908  -81.165  33.259 0.0000000000
8817  22.938  -81.636  32.217 0.0000000000
8818  22.616  -81.113  31.837 0.0000000000
8823  22.655  -81.657  31.586 0.0000000000
8824  22.260  -81.075  31.136 0.0000000000
8829  21.539  -80.918  30.779 0.0000000000
8830  20.980  -81.080  30.638 0.0000000000
8831  20.221  -81.100  30.681 0.0000000000
9563  21.954  -80.519  35.081 0.0000000000
9567  22.342  -80.571  34.304 0.0000000000
9573  22.864  -81.028  32.692 0.0000000000
9574  22.620  -80.463  33.312 0.0000000000
9581  22.728  -81.001  32.205 0.0000000000
9582  22.418  -80.261  32.040 0.0000000000
9588  21.550  -80.202  30.959 0.0000000000
9589  20.713  -79.929  30.653 0.0000000000
9595  21.209  -80.628  30.671 0.0000000000
9596  20.744  -80.516  30.621 0.0000000000
10320  21.973  -79.848  34.592 0.0000000000
10321  21.323  -79.408  35.040 0.0000000000
10322  20.661  -79.175  35.545 0.0000000000
10330  22.152  -79.614  33.900 0.0000000000
10331  21.715  -79.276  34.378 0.0000000000
10341  22.274  -79.428  32.951 0.0000000000
10346  21.889  -79.145  32.162 0.0000000000
10347  21.401  -78.922  31.594 0.0000000000
10353  21.744  -79.516  31.522 0.0000000000
10354  21.155  -79.309  30.969 0.0000000000
11095  21.096  -78.760  34.761 0.0000000000
11096  20.677  -78.386  34.996 0.0000000000
11110  21.785  -79.041  34.035 0.0000000000
11111  21.262  -78.503  34.230 0.0000000000
11112  20.806  -78.059  34.449 0.0000000000
11124  21.822  -78.881  33.520 0.0000000000
11125  21.341  -78.206  33.137 0.0000000000
11135  21.778  -78.751  32.782 0.0000000000
11136  21.332  -78.302  32.118 0.0000000000
11872  20.223  -77.529  35.112 0.0000000000
11887  20.857  -77.857  34.178 0.0000000000
11900  20.856  -77.430  33.589 0.0000000000
