#!ascii label  , from subject FREESURFER vox2ras=TkReg 
206
112602  3.763  34.526  51.557 0.0000000000
112612  4.710  34.538  50.600 0.0000000000
113232  6.280  36.269  55.461 0.0000000000
113233  5.796  36.115  55.510 0.0000000000
113234  4.834  35.860  55.665 0.0000000000
113235  4.064  35.715  55.591 0.0000000000
113244  6.696  36.030  55.019 0.0000000000
113245  5.338  35.376  54.947 0.0000000000
113246  4.255  35.061  55.295 0.0000000000
113247  3.415  35.100  54.978 0.0000000000
113256  2.909  35.153  54.218 0.0000000000
113260  3.819  35.831  52.561 0.0000000000
113261  3.375  35.438  53.035 0.0000000000
113264  4.786  35.927  51.533 0.0000000000
113265  4.206  35.631  51.955 0.0000000000
113266  3.449  34.788  52.222 0.0000000000
113273  5.616  35.931  50.535 0.0000000000
113274  5.153  35.664  50.977 0.0000000000
113275  4.395  34.857  51.196 0.0000000000
113283  5.804  35.617  50.094 0.0000000000
113284  5.285  34.871  50.236 0.0000000000
113902  10.270  36.788  56.548 0.0000000000
113903  9.219  36.983  56.324 0.0000000000
113904  8.166  37.121  56.217 0.0000000000
113905  7.112  37.122  56.217 0.0000000000
113906  6.058  37.138  56.203 0.0000000000
113907  5.129  37.075  56.461 0.0000000000
113908  4.604  37.201  56.374 0.0000000000
113916  8.515  36.759  55.786 0.0000000000
113917  7.508  36.765  55.848 0.0000000000
113918  6.474  36.565  55.755 0.0000000000
113919  5.409  36.539  55.997 0.0000000000
113920  4.400  36.577  56.068 0.0000000000
113921  3.708  36.149  55.460 0.0000000000
113927  7.752  36.433  55.358 0.0000000000
113928  7.090  36.480  55.530 0.0000000000
113929  3.305  36.004  54.788 0.0000000000
113933  3.828  36.783  53.680 0.0000000000
113934  3.297  36.105  53.945 0.0000000000
113937  4.031  36.365  52.793 0.0000000000
113938  3.565  36.200  53.350 0.0000000000
113941  4.970  36.538  51.683 0.0000000000
113942  4.475  36.392  52.206 0.0000000000
113945  5.833  36.571  50.504 0.0000000000
113946  5.436  36.560  51.096 0.0000000000
113949  6.348  36.449  49.571 0.0000000000
114586  10.812  37.338  56.673 0.0000000000
114587  9.794  37.409  56.612 0.0000000000
114588  8.827  37.529  56.349 0.0000000000
114589  7.772  37.613  56.430 0.0000000000
114590  6.698  37.668  56.503 0.0000000000
114591  5.688  37.697  56.530 0.0000000000
114592  4.870  37.678  56.503 0.0000000000
114596  4.244  37.539  56.077 0.0000000000
114597  3.870  36.901  55.686 0.0000000000
114600  11.507  38.009  55.050 0.0000000000
114601  3.881  37.557  55.182 0.0000000000
114602  3.615  36.685  55.181 0.0000000000
114606  4.019  37.683  54.178 0.0000000000
114607  3.603  36.811  54.526 0.0000000000
114610  4.711  37.910  52.459 0.0000000000
114611  4.334  37.619  53.143 0.0000000000
114614  5.058  37.694  51.953 0.0000000000
114615  4.629  37.080  52.391 0.0000000000
114617  5.946  37.427  50.478 0.0000000000
114618  5.602  37.557  51.108 0.0000000000
114620  6.239  37.521  49.856 0.0000000000
114621  5.924  38.043  50.330 0.0000000000
114623  6.592  37.321  49.025 0.0000000000
115224  11.126  37.872  56.284 0.0000000000
115225  10.191  37.986  56.449 0.0000000000
115226  9.344  37.945  56.467 0.0000000000
115227  8.456  38.149  56.408 0.0000000000
115228  7.341  38.266  56.487 0.0000000000
115229  6.252  38.346  56.564 0.0000000000
115230  5.289  38.352  56.522 0.0000000000
115231  4.617  38.247  56.290 0.0000000000
115232  11.221  38.136  55.679 0.0000000000
115233  10.496  38.302  55.710 0.0000000000
115234  9.332  38.649  55.695 0.0000000000
115235  7.999  38.866  55.976 0.0000000000
115236  6.835  38.990  56.182 0.0000000000
115237  5.754  39.052  56.241 0.0000000000
115238  4.820  39.001  56.179 0.0000000000
115239  4.253  38.584  55.623 0.0000000000
115240  10.840  38.274  55.085 0.0000000000
115241  10.073  38.801  54.642 0.0000000000
115242  9.488  39.099  54.903 0.0000000000
115243  4.052  38.636  54.670 0.0000000000
115244  10.922  38.323  54.286 0.0000000000
115245  10.392  38.901  53.604 0.0000000000
115246  4.093  38.720  53.660 0.0000000000
115247  11.012  38.246  53.365 0.0000000000
115248  10.533  38.992  52.759 0.0000000000
115249  4.876  38.305  52.166 0.0000000000
115250  4.523  38.798  52.545 0.0000000000
115253  5.111  38.746  51.641 0.0000000000
115254  4.721  39.271  51.971 0.0000000000
115257  5.540  38.819  50.573 0.0000000000
115260  6.361  37.965  49.264 0.0000000000
115261  5.893  38.714  49.438 0.0000000000
115264  6.396  38.150  48.617 0.0000000000
115265  5.835  38.958  48.209 0.0000000000
115852  9.205  39.269  55.027 0.0000000000
115853  8.558  39.528  55.126 0.0000000000
115854  7.385  39.565  55.427 0.0000000000
115855  6.290  39.626  55.608 0.0000000000
115856  5.217  39.788  55.667 0.0000000000
115857  4.445  39.519  55.584 0.0000000000
115858  9.954  39.500  53.791 0.0000000000
115859  9.331  39.789  54.299 0.0000000000
115860  8.615  40.238  54.518 0.0000000000
115861  7.843  40.261  54.749 0.0000000000
115862  6.815  40.293  54.966 0.0000000000
115863  5.914  40.327  55.278 0.0000000000
115864  4.078  39.513  55.057 0.0000000000
115865  10.181  39.882  53.136 0.0000000000
115866  9.820  40.214  53.580 0.0000000000
115867  3.785  39.689  54.174 0.0000000000
115868  10.344  39.900  52.352 0.0000000000
115869  3.926  39.771  53.080 0.0000000000
115871  4.743  39.546  51.533 0.0000000000
115872  4.315  39.857  52.035 0.0000000000
115874  4.996  39.615  50.861 0.0000000000
115875  4.441  40.099  51.105 0.0000000000
115877  5.051  39.819  49.799 0.0000000000
115878  4.577  40.194  50.359 0.0000000000
115883  5.147  39.919  48.655 0.0000000000
116428  4.526  40.165  55.367 0.0000000000
116429  4.189  39.966  55.264 0.0000000000
116430  8.908  40.708  54.147 0.0000000000
116431  8.270  40.893  54.333 0.0000000000
116432  7.404  41.246  54.488 0.0000000000
116433  6.284  41.124  54.948 0.0000000000
116434  5.128  40.806  55.100 0.0000000000
116435  4.064  40.599  54.794 0.0000000000
116436  9.974  40.675  53.260 0.0000000000
116437  9.451  41.110  53.620 0.0000000000
116438  8.602  41.420  54.012 0.0000000000
116439  8.047  41.437  54.216 0.0000000000
116440  3.523  40.879  53.519 0.0000000000
116441  3.305  41.489  53.117 0.0000000000
116442  10.117  40.856  52.791 0.0000000000
116443  9.885  41.117  53.166 0.0000000000
116444  3.681  40.612  52.406 0.0000000000
116445  3.313  41.328  52.617 0.0000000000
116446  10.207  40.684  51.996 0.0000000000
116447  3.904  40.609  51.402 0.0000000000
116448  3.440  41.234  51.704 0.0000000000
116453  4.095  40.658  50.491 0.0000000000
116454  3.643  41.204  50.754 0.0000000000
116459  4.686  40.402  49.079 0.0000000000
116460  4.347  40.645  49.625 0.0000000000
116461  3.852  41.169  49.883 0.0000000000
117067  7.349  41.816  54.372 0.0000000000
117068  6.825  42.028  54.569 0.0000000000
117069  5.663  41.961  54.981 0.0000000000
117070  4.559  41.816  54.920 0.0000000000
117071  9.322  41.963  53.421 0.0000000000
117072  8.834  42.110  53.747 0.0000000000
117073  7.790  42.140  54.164 0.0000000000
117074  7.087  42.772  54.506 0.0000000000
117075  3.785  41.786  54.186 0.0000000000
117076  3.359  41.849  53.418 0.0000000000
117077  9.929  41.285  52.757 0.0000000000
117078  9.693  41.716  52.960 0.0000000000
117079  3.173  41.909  52.821 0.0000000000
117080  9.936  41.319  52.430 0.0000000000
117081  9.671  42.058  52.187 0.0000000000
117082  3.136  41.893  52.022 0.0000000000
117088  3.316  41.825  51.077 0.0000000000
117096  3.544  41.752  50.162 0.0000000000
117654  6.239  43.056  54.709 0.0000000000
117655  5.126  42.800  54.856 0.0000000000
117656  4.303  42.747  54.453 0.0000000000
117657  9.101  42.838  53.377 0.0000000000
117658  8.400  43.038  53.971 0.0000000000
117659  7.552  43.223  54.426 0.0000000000
117660  6.945  43.287  54.608 0.0000000000
117661  3.646  42.765  53.492 0.0000000000
117662  3.288  42.292  53.086 0.0000000000
117663  9.337  42.841  52.658 0.0000000000
117664  3.533  43.138  52.851 0.0000000000
117665  3.220  42.655  52.501 0.0000000000
117667  3.168  42.502  51.441 0.0000000000
117673  3.366  42.383  50.550 0.0000000000
118263  6.101  43.758  54.825 0.0000000000
118264  5.478  43.657  54.782 0.0000000000
118265  4.810  43.413  54.638 0.0000000000
118266  9.040  43.456  53.404 0.0000000000
118267  8.789  43.789  53.662 0.0000000000
118268  8.024  43.990  54.327 0.0000000000
118269  6.856  43.952  54.765 0.0000000000
118270  5.038  43.956  54.556 0.0000000000
118271  4.409  43.768  54.070 0.0000000000
118272  9.143  43.754  53.120 0.0000000000
118274  3.910  43.783  52.962 0.0000000000
118275  3.461  43.362  52.414 0.0000000000
118277  3.620  43.950  52.016 0.0000000000
118278  3.295  43.219  51.699 0.0000000000
118281  3.345  42.963  50.932 0.0000000000
118892  5.870  44.234  54.808 0.0000000000
118893  5.371  44.164  54.699 0.0000000000
118896  6.353  44.957  54.659 0.0000000000
118897  5.213  44.723  54.382 0.0000000000
118898  4.472  44.796  53.450 0.0000000000
