#!ascii label  , from subject FREESURFER vox2ras=TkReg 
166
82865  10.847  -5.385  42.419 0.0000000000
82874  10.866  -5.539  41.400 0.0000000000
82883  10.732  -5.520  40.439 0.0000000000
82894  10.427  -5.625  39.528 0.0000000000
83862  9.984  -4.776  43.534 0.0000000000
83863  9.176  -4.052  43.714 0.0000000000
83870  10.243  -4.746  42.702 0.0000000000
83871  9.652  -4.201  42.811 0.0000000000
83879  10.254  -4.604  41.767 0.0000000000
83880  9.924  -4.347  42.285 0.0000000000
83889  10.390  -4.674  40.829 0.0000000000
83890  10.159  -4.252  40.148 0.0000000000
83901  10.414  -4.893  40.045 0.0000000000
83902  10.002  -4.505  39.381 0.0000000000
84784  8.848  -3.423  43.352 0.0000000000
84796  9.129  -3.331  42.791 0.0000000000
84797  8.686  -2.967  43.157 0.0000000000
84806  10.046  -4.058  41.416 0.0000000000
84807  9.692  -3.678  41.866 0.0000000000
84814  10.193  -4.252  41.208 0.0000000000
84815  9.963  -3.694  40.800 0.0000000000
84822  9.891  -3.510  39.730 0.0000000000
84835  9.787  -3.510  38.831 0.0000000000
85690  8.391  -2.314  43.305 0.0000000000
85705  9.275  -2.429  42.033 0.0000000000
85706  8.830  -2.321  42.736 0.0000000000
85717  9.623  -2.515  41.119 0.0000000000
85724  9.711  -2.547  40.120 0.0000000000
85731  9.754  -2.528  39.182 0.0000000000
85742  9.421  -2.562  38.377 0.0000000000
86587  9.029  -1.399  42.293 0.0000000000
86588  8.478  -1.414  42.881 0.0000000000
86599  9.436  -1.264  41.462 0.0000000000
86608  9.639  -1.451  40.462 0.0000000000
86616  9.647  -1.536  39.538 0.0000000000
86633  9.525  -1.566  38.742 0.0000000000
86634  9.112  -1.548  38.133 0.0000000000
87512  8.050  -0.540  43.097 0.0000000000
87521  9.149  -0.613  41.985 0.0000000000
87522  8.617  -0.405  42.468 0.0000000000
87540  9.220  -0.143  41.458 0.0000000000
87541  8.960  0.049  41.995 0.0000000000
87559  9.456  -0.374  40.709 0.0000000000
87578  9.555  -0.525  39.837 0.0000000000
87597  9.602  -0.621  39.031 0.0000000000
87598  9.267  -0.646  38.413 0.0000000000
87608  8.754  -0.604  37.910 0.0000000000
88469  8.152  0.455  42.878 0.0000000000
88470  7.724  0.258  43.459 0.0000000000
88483  8.623  0.624  42.271 0.0000000000
88500  9.203  0.601  40.926 0.0000000000
88501  8.954  0.688  41.643 0.0000000000
88514  9.373  0.475  40.109 0.0000000000
88528  9.445  0.331  39.290 0.0000000000
88539  9.329  0.110  38.692 0.0000000000
88540  9.073  0.307  38.144 0.0000000000
88545  8.443  0.410  37.715 0.0000000000
89452  7.876  1.667  44.138 0.0000000000
89453  7.370  1.198  44.322 0.0000000000
89462  7.960  1.283  43.584 0.0000000000
89463  7.610  0.735  43.839 0.0000000000
89472  8.469  1.452  42.730 0.0000000000
89481  9.041  1.492  41.263 0.0000000000
89482  8.776  1.446  41.992 0.0000000000
89491  9.234  1.449  40.439 0.0000000000
89498  9.363  1.355  39.577 0.0000000000
89511  9.277  1.161  38.683 0.0000000000
89512  8.846  1.333  37.946 0.0000000000
89524  8.119  1.407  37.578 0.0000000000
90355  7.186  2.543  45.754 0.0000000000
90367  8.228  2.568  44.909 0.0000000000
90368  7.426  2.127  45.045 0.0000000000
90378  9.115  2.729  43.892 0.0000000000
90379  8.356  2.174  44.147 0.0000000000
90380  7.832  1.976  44.495 0.0000000000
90388  9.095  2.637  43.066 0.0000000000
90389  8.565  2.108  43.354 0.0000000000
90397  9.055  2.426  42.490 0.0000000000
90398  8.736  2.149  42.780 0.0000000000
90403  9.099  2.327  41.818 0.0000000000
90404  8.751  1.994  42.336 0.0000000000
90411  9.247  2.384  40.882 0.0000000000
90418  9.308  2.354  39.994 0.0000000000
90432  9.350  2.302  39.128 0.0000000000
90433  9.072  2.302  38.367 0.0000000000
90449  8.464  2.299  37.879 0.0000000000
91255  6.689  3.813  47.077 0.0000000000
91263  8.236  3.540  46.115 0.0000000000
91264  7.317  3.319  46.413 0.0000000000
91276  9.453  3.886  45.273 0.0000000000
91277  8.860  3.439  45.421 0.0000000000
91278  7.885  2.913  45.625 0.0000000000
91286  10.043  4.072  44.261 0.0000000000
91287  9.650  3.734  44.544 0.0000000000
91288  8.879  2.892  44.606 0.0000000000
91296  10.097  3.993  43.812 0.0000000000
91297  9.577  3.357  43.438 0.0000000000
91306  10.025  3.922  42.875 0.0000000000
91307  9.460  3.134  42.442 0.0000000000
91313  9.924  3.855  42.052 0.0000000000
91314  9.538  3.334  41.398 0.0000000000
91322  9.440  3.268  40.453 0.0000000000
91332  9.340  3.281  39.604 0.0000000000
91347  9.175  3.267  38.845 0.0000000000
91348  8.639  3.305  38.256 0.0000000000
92090  8.504  4.846  46.966 0.0000000000
92091  7.735  4.428  47.109 0.0000000000
92092  6.464  4.587  47.533 0.0000000000
92098  9.559  4.863  46.062 0.0000000000
92099  8.919  4.339  46.354 0.0000000000
92100  8.076  3.870  46.553 0.0000000000
92108  10.336  5.043  44.952 0.0000000000
92109  9.811  4.529  45.356 0.0000000000
92110  9.310  4.004  45.646 0.0000000000
92117  10.290  4.547  44.396 0.0000000000
92118  9.937  4.256  44.776 0.0000000000
92125  10.502  4.670  43.287 0.0000000000
92135  10.364  4.628  42.237 0.0000000000
92144  9.904  4.398  41.373 0.0000000000
92145  9.642  3.965  40.802 0.0000000000
92156  9.708  4.579  40.739 0.0000000000
92157  9.496  4.237  40.089 0.0000000000
92169  9.324  4.123  39.245 0.0000000000
92183  9.001  4.157  38.720 0.0000000000
92973  9.111  5.814  47.034 0.0000000000
92974  8.374  5.546  47.320 0.0000000000
92975  7.280  5.530  47.766 0.0000000000
92982  9.435  5.427  46.450 0.0000000000
92983  8.913  5.161  46.895 0.0000000000
92991  10.288  5.670  45.327 0.0000000000
92992  9.813  5.308  45.853 0.0000000000
93001  10.971  6.268  44.119 0.0000000000
93002  10.649  5.566  44.583 0.0000000000
93010  10.936  6.303  43.391 0.0000000000
93011  10.814  5.475  43.752 0.0000000000
93021  10.878  6.454  42.921 0.0000000000
93022  10.720  5.773  42.651 0.0000000000
93033  10.146  5.502  41.418 0.0000000000
93034  9.782  5.937  40.841 0.0000000000
93045  9.844  4.953  40.999 0.0000000000
93046  9.636  5.302  40.448 0.0000000000
93054  9.432  4.994  39.437 0.0000000000
93055  9.187  5.538  39.247 0.0000000000
93067  9.271  4.637  38.980 0.0000000000
93068  8.933  5.138  38.793 0.0000000000
93835  8.901  6.554  47.313 0.0000000000
93836  8.049  6.588  47.810 0.0000000000
93842  10.144  6.885  46.188 0.0000000000
93843  9.570  6.539  46.683 0.0000000000
93848  10.438  6.715  45.563 0.0000000000
93849  9.926  6.094  46.002 0.0000000000
93857  10.973  6.918  44.300 0.0000000000
93858  10.742  6.561  44.794 0.0000000000
93867  11.078  6.958  43.754 0.0000000000
93877  11.007  6.973  43.087 0.0000000000
93878  10.799  6.811  42.511 0.0000000000
93889  10.451  6.565  41.835 0.0000000000
93890  9.890  6.518  41.163 0.0000000000
93898  9.293  6.383  40.395 0.0000000000
93910  9.320  5.703  39.720 0.0000000000
94671  9.336  7.357  47.066 0.0000000000
94672  8.690  7.568  47.526 0.0000000000
94678  10.469  7.481  45.877 0.0000000000
94679  9.960  7.705  46.492 0.0000000000
94684  10.849  7.673  45.024 0.0000000000
94692  10.913  7.197  44.587 0.0000000000
