#!ascii label  , from subject FREESURFER vox2ras=TkReg 
254
107844  12.092  26.615  59.730 0.0000000000
107853  13.062  27.014  58.524 0.0000000000
107854  12.598  26.441  58.966 0.0000000000
107862  13.107  26.378  57.692 0.0000000000
107863  12.777  26.345  58.391 0.0000000000
107878  14.964  26.560  55.186 0.0000000000
107879  14.116  26.359  55.832 0.0000000000
108432  11.119  27.786  60.394 0.0000000000
108433  10.763  27.793  60.306 0.0000000000
108441  12.202  27.447  59.854 0.0000000000
108442  11.478  27.531  60.266 0.0000000000
108450  13.264  27.695  58.615 0.0000000000
108451  12.776  27.528  59.234 0.0000000000
108454  14.040  28.208  57.607 0.0000000000
108455  13.637  27.817  57.898 0.0000000000
108459  14.114  28.035  57.166 0.0000000000
108460  13.712  27.156  56.950 0.0000000000
108464  15.078  27.580  55.338 0.0000000000
108465  14.422  27.610  56.062 0.0000000000
108466  13.855  26.718  56.316 0.0000000000
108470  16.107  27.472  54.068 0.0000000000
108471  15.653  27.525  54.698 0.0000000000
108978  11.044  28.109  60.404 0.0000000000
108979  10.316  28.415  60.165 0.0000000000
108986  12.217  28.230  59.769 0.0000000000
108987  11.519  28.460  60.143 0.0000000000
108988  10.936  28.706  60.217 0.0000000000
108991  14.094  28.842  58.261 0.0000000000
108992  13.497  28.423  58.622 0.0000000000
108993  12.882  28.526  59.220 0.0000000000
108997  15.127  29.055  57.123 0.0000000000
108998  14.408  28.654  57.687 0.0000000000
108999  13.913  28.462  58.137 0.0000000000
109003  15.291  28.922  56.468 0.0000000000
109004  14.678  28.509  56.785 0.0000000000
109008  16.160  28.921  55.018 0.0000000000
109009  15.435  28.524  55.586 0.0000000000
109010  14.918  28.436  56.203 0.0000000000
109013  16.281  28.377  54.170 0.0000000000
109014  15.882  28.350  54.852 0.0000000000
109016  17.043  29.230  53.059 0.0000000000
109017  16.725  28.366  53.182 0.0000000000
109019  17.133  29.340  52.320 0.0000000000
109027  17.076  29.523  51.945 0.0000000000
109502  11.869  28.923  59.760 0.0000000000
109503  11.316  29.234  59.917 0.0000000000
109504  10.394  29.253  59.968 0.0000000000
109511  13.953  29.246  58.493 0.0000000000
109512  13.289  29.218  58.870 0.0000000000
109513  12.435  29.232  59.356 0.0000000000
109514  11.804  29.466  59.582 0.0000000000
109518  15.175  29.561  57.612 0.0000000000
109519  14.485  29.388  58.131 0.0000000000
109522  16.422  30.063  56.622 0.0000000000
109523  15.889  29.603  56.846 0.0000000000
109527  16.321  29.665  55.877 0.0000000000
109528  15.706  29.227  56.188 0.0000000000
109531  17.354  30.089  54.569 0.0000000000
109532  16.874  29.596  54.697 0.0000000000
109535  17.293  29.911  53.931 0.0000000000
109536  16.809  29.142  53.774 0.0000000000
109538  17.204  29.979  52.973 0.0000000000
109539  16.999  30.209  52.527 0.0000000000
109542  17.091  29.811  52.308 0.0000000000
109543  16.830  29.943  51.839 0.0000000000
109544  16.300  30.079  51.408 0.0000000000
110044  11.492  29.699  59.586 0.0000000000
110045  10.985  29.854  59.592 0.0000000000
110046  10.077  30.004  59.519 0.0000000000
110049  14.280  29.698  58.326 0.0000000000
110050  13.828  29.847  58.499 0.0000000000
110051  12.913  29.966  58.744 0.0000000000
110052  11.816  30.136  59.177 0.0000000000
110053  10.744  30.424  59.007 0.0000000000
110054  9.791  30.452  58.881 0.0000000000
110057  16.481  30.818  57.125 0.0000000000
110058  15.997  30.452  57.345 0.0000000000
110059  14.738  30.292  58.103 0.0000000000
110060  13.578  30.605  58.216 0.0000000000
110061  12.465  30.740  58.337 0.0000000000
110062  11.387  30.817  58.367 0.0000000000
110063  10.410  30.724  58.182 0.0000000000
110064  9.543  30.554  58.146 0.0000000000
110067  17.504  31.232  56.333 0.0000000000
110068  16.909  30.790  56.633 0.0000000000
110069  16.396  30.195  56.945 0.0000000000
110070  10.050  30.650  57.619 0.0000000000
110074  17.600  31.077  55.870 0.0000000000
110075  17.188  30.324  55.473 0.0000000000
110078  17.622  30.677  54.786 0.0000000000
110079  17.355  30.158  54.887 0.0000000000
110083  17.332  30.762  53.731 0.0000000000
110084  16.931  31.047  53.244 0.0000000000
110087  17.012  30.529  53.022 0.0000000000
110088  16.609  30.721  52.563 0.0000000000
110089  16.105  30.904  52.188 0.0000000000
110096  16.373  30.473  51.884 0.0000000000
110097  15.740  30.614  51.561 0.0000000000
110098  15.093  30.786  51.220 0.0000000000
110104  15.333  30.297  50.911 0.0000000000
110105  14.731  30.519  50.470 0.0000000000
110659  16.352  31.221  57.203 0.0000000000
110660  15.421  31.245  57.535 0.0000000000
110661  14.260  31.293  57.631 0.0000000000
110662  13.072  31.299  57.570 0.0000000000
110663  11.938  31.247  57.589 0.0000000000
110664  10.961  31.041  57.577 0.0000000000
110665  10.439  30.829  57.577 0.0000000000
110666  17.786  31.800  56.391 0.0000000000
110667  16.984  31.966  57.027 0.0000000000
110668  15.942  32.055  57.089 0.0000000000
110669  14.883  32.038  57.092 0.0000000000
110670  13.669  32.043  56.679 0.0000000000
110671  12.429  31.683  56.681 0.0000000000
110672  11.350  31.331  56.679 0.0000000000
110673  10.332  30.877  56.903 0.0000000000
110675  17.985  31.685  55.387 0.0000000000
110676  13.366  32.479  56.007 0.0000000000
110677  12.787  32.216  55.950 0.0000000000
110678  11.752  31.901  55.569 0.0000000000
110681  17.679  31.572  54.439 0.0000000000
110686  17.195  31.632  53.732 0.0000000000
110687  16.422  31.645  53.110 0.0000000000
110688  15.910  32.060  52.997 0.0000000000
110692  16.183  31.201  52.559 0.0000000000
110693  15.550  31.596  52.338 0.0000000000
110694  14.917  32.015  52.079 0.0000000000
110701  15.220  31.117  51.644 0.0000000000
110702  14.554  31.610  51.328 0.0000000000
110703  13.879  32.194  51.099 0.0000000000
110705  14.081  31.166  50.070 0.0000000000
110706  13.687  31.937  50.435 0.0000000000
110710  13.503  31.591  49.271 0.0000000000
111268  17.845  32.409  56.298 0.0000000000
111269  17.390  32.726  56.387 0.0000000000
111270  16.413  32.926  56.687 0.0000000000
111271  15.341  32.923  56.656 0.0000000000
111272  14.512  32.582  56.514 0.0000000000
111273  18.033  32.620  55.882 0.0000000000
111274  17.492  33.366  55.923 0.0000000000
111275  14.621  33.205  56.327 0.0000000000
111276  13.947  32.887  55.942 0.0000000000
111277  13.048  32.937  55.572 0.0000000000
111278  12.407  32.528  55.356 0.0000000000
111279  17.816  32.481  54.860 0.0000000000
111280  17.353  32.797  54.369 0.0000000000
111281  12.479  33.112  55.113 0.0000000000
111285  17.493  32.216  54.201 0.0000000000
111286  16.884  32.524  53.812 0.0000000000
111287  16.139  32.547  53.396 0.0000000000
111296  15.553  32.516  53.040 0.0000000000
111297  14.986  32.539  52.581 0.0000000000
111298  14.407  32.881  52.355 0.0000000000
111305  14.607  32.369  51.979 0.0000000000
111306  14.005  32.671  51.637 0.0000000000
111309  13.468  32.697  50.835 0.0000000000
111322  13.166  32.716  49.735 0.0000000000
111323  12.802  33.353  49.378 0.0000000000
111339  13.109  32.427  48.500 0.0000000000
111340  12.839  33.027  48.954 0.0000000000
111904  16.740  33.939  56.244 0.0000000000
111905  15.804  33.910  56.500 0.0000000000
111906  14.976  33.855  56.443 0.0000000000
111907  17.559  33.238  55.220 0.0000000000
111908  17.111  34.019  55.504 0.0000000000
111909  14.373  33.815  55.981 0.0000000000
111910  13.539  33.826  55.650 0.0000000000
111911  12.745  33.770  55.311 0.0000000000
111912  17.459  33.061  54.693 0.0000000000
111913  16.776  33.617  54.399 0.0000000000
111914  16.024  34.040  54.025 0.0000000000
111921  16.403  33.072  53.756 0.0000000000
111922  15.650  33.504  53.570 0.0000000000
111923  14.972  33.887  53.459 0.0000000000
111933  15.186  32.972  53.116 0.0000000000
111934  14.683  33.435  53.046 0.0000000000
111935  13.898  33.497  52.339 0.0000000000
111940  13.360  33.525  51.361 0.0000000000
111941  13.014  33.790  50.845 0.0000000000
111950  13.110  33.341  50.518 0.0000000000
111951  12.820  33.914  50.358 0.0000000000
111964  12.910  33.450  49.919 0.0000000000
111965  12.635  33.933  49.605 0.0000000000
111978  12.880  33.093  48.497 0.0000000000
112563  16.476  34.681  56.170 0.0000000000
112564  16.070  34.833  56.376 0.0000000000
112565  15.076  34.823  56.374 0.0000000000
112566  14.512  35.340  56.332 0.0000000000
112567  16.650  34.731  55.875 0.0000000000
112568  16.393  35.043  56.129 0.0000000000
112569  14.657  34.350  56.218 0.0000000000
112570  14.069  34.809  56.080 0.0000000000
112571  12.866  34.774  55.599 0.0000000000
112573  16.537  34.665  55.164 0.0000000000
112574  15.859  34.665  54.395 0.0000000000
112575  15.271  35.030  54.274 0.0000000000
112584  15.642  34.220  53.916 0.0000000000
112585  14.955  34.556  53.774 0.0000000000
112586  14.311  34.959  53.452 0.0000000000
112596  14.657  34.064  53.359 0.0000000000
112597  14.094  34.391  53.050 0.0000000000
112600  13.425  34.373  52.081 0.0000000000
112601  12.870  34.414  51.091 0.0000000000
112611  12.513  34.616  50.123 0.0000000000
113220  15.446  35.399  56.275 0.0000000000
113221  14.789  35.664  56.399 0.0000000000
113222  13.965  35.787  56.446 0.0000000000
113223  13.069  36.109  56.406 0.0000000000
113224  12.324  36.245  56.299 0.0000000000
113225  16.403  35.182  55.915 0.0000000000
113226  15.995  35.474  55.976 0.0000000000
113227  13.347  35.488  56.122 0.0000000000
113228  12.636  35.678  56.008 0.0000000000
113236  16.354  35.140  55.660 0.0000000000
113237  15.923  35.377  55.193 0.0000000000
113238  15.388  35.429  54.647 0.0000000000
113249  14.881  35.414  54.236 0.0000000000
113250  14.378  35.442  53.766 0.0000000000
113258  13.805  35.385  53.243 0.0000000000
113259  13.240  35.562  52.784 0.0000000000
113262  13.463  35.011  52.649 0.0000000000
113263  12.910  35.356  51.947 0.0000000000
113272  12.425  35.419  50.763 0.0000000000
113897  15.193  35.999  56.148 0.0000000000
113898  14.326  36.272  56.258 0.0000000000
113899  13.472  36.497  56.347 0.0000000000
113900  12.595  36.802  56.450 0.0000000000
113901  11.463  36.620  56.426 0.0000000000
113909  15.384  35.920  55.490 0.0000000000
113910  14.627  36.413  55.653 0.0000000000
113911  13.666  36.910  55.938 0.0000000000
113912  13.177  36.956  56.367 0.0000000000
113922  15.438  35.780  55.014 0.0000000000
113923  14.824  36.100  54.739 0.0000000000
113924  14.062  36.853  54.998 0.0000000000
113930  14.451  35.831  54.166 0.0000000000
113931  13.698  36.283  53.888 0.0000000000
113932  12.868  36.645  53.425 0.0000000000
113935  13.389  35.878  53.172 0.0000000000
113936  12.814  36.210  52.763 0.0000000000
113939  12.168  36.421  51.472 0.0000000000
114584  12.436  37.156  56.406 0.0000000000
114585  11.887  37.281  56.409 0.0000000000
114593  13.274  37.190  55.835 0.0000000000
114594  12.778  37.303  56.085 0.0000000000
114595  11.872  37.800  55.878 0.0000000000
114598  13.264  37.262  55.259 0.0000000000
114599  12.354  37.627  55.111 0.0000000000
114603  13.469  36.934  54.556 0.0000000000
114604  12.735  37.221  54.036 0.0000000000
114605  11.709  37.820  54.154 0.0000000000
114608  12.287  36.908  52.964 0.0000000000
114609  11.707  37.573  53.155 0.0000000000
114612  12.222  36.714  52.300 0.0000000000
